0,0
1,3
2,6
3,8
4,10
5,12
6,15
7,18
8,20
9,21
10,23
11,26
12,29
13,29
14,30
15,30
16,31
17,34
18,36
19,36
20,37
21,38
22,40
23,42
24,43
25,45
26,47
27,49
28,51
29,52
30,54
31,55
32,57
33,58
34,59
35,60
36,62
37,64
38,65
39,66
40,68
41,69
42,70
43,71
44,73
45,74
46,75
47,75
48,76
49,77
50,79
51,79
52,79
53,80
54,81
55,81
56,82
57,83
58,84
59,85
60,86
61,87
62,88
63,89
64,91
65,92
66,92
67,93
68,93
69,94
70,94
71,94
72,94
73,94
74,94
75,95
76,95
77,96
78,97
79,98
80,99
81,100
82,101
83,101
84,102
85,102
86,102
87,102
88,102
89,103
90,103
91,105
92,105
93,105
94,105
95,106
96,106
97,106
98,106
99,106
100,106
101,106
102,106
103,106
104,106
105,106
106,107
107,108
108,108
109,108
110,108
111,108
112,108
113,108
114,108
115,108
116,108
117,109
118,109
119,110
120,111
121,112
122,112
123,113
124,113
125,113
126,113
127,113
128,113
129,113
130,113
131,113
132,113
133,113
134,113
135,113
136,113
137,113
138,114
139,114
140,114
141,114
142,114
143,115
144,115
145,115
146,115
147,115
148,115
149,115
150,115
151,115
152,115
153,115
154,115
155,115
156,115
157,115
158,115
159,115
160,115
161,115
162,115
163,115
164,116
165,116
166,116
167,116
168,116
169,116
170,116
171,116
172,116
173,116
174,116
175,116
176,116
177,116
178,116
179,116
180,116
181,116
182,116
183,116
184,116
185,116
186,116
187,116
188,116
189,116
190,116
191,116
192,116
193,116
194,116
195,116
196,116
197,116
198,116
199,116
200,116
201,116
202,116
203,116
204,116
205,116
206,116
207,117
208,118
209,118
210,118
211,118
212,118
213,118
214,118
215,118
216,118
217,118
218,118
219,118
220,118
221,118
222,118
223,118
224,118
225,118
226,118
227,118
228,118
229,118
230,118
231,118
232,119
233,119
234,119
235,119
236,119
237,119
238,119
239,119
240,119
241,119
242,119
243,119
244,119
245,119
246,119
247,119
248,119
249,119
250,119
251,119
252,119
253,119
254,119
255,119
256,119
257,119
258,119
259,119
260,119
261,119
262,119
263,119
264,119
265,119
266,119
267,119
268,119
269,119
270,119
271,119
272,119
273,119
274,119
275,119
276,119
277,119
278,119
279,119
280,119
281,120
282,121
283,122
284,123
285,123
286,123
287,123
288,123
289,123
290,124
291,125
292,126
293,126
294,126
295,126
296,126
297,126
298,126
299,126
300,126
301,126
302,126
303,126
304,126
305,126
306,126
307,126
308,126
309,126
310,126
311,126
312,126
313,126
314,126
315,126
316,126
317,126
318,126
319,126
320,126
321,126
322,126
323,126
324,126
325,126
326,126
327,126
328,127
329,127
330,127
331,127
332,127
333,127
334,127
335,127
336,127
337,127
338,127
339,127
340,127
341,127
342,127
343,127
344,127
345,127
346,128
347,129
348,129
349,129
350,129
351,129
352,129
353,130
354,130
355,130
356,131
357,131
358,131
359,131
360,131
361,131
362,131
363,131
364,131
365,131
366,131
367,131
368,131
369,131
370,131
371,131
372,131
373,131
374,131
375,131
376,131
377,131
378,131
379,131
380,131
381,132
382,132
383,133
384,133
385,133
386,133
387,133
388,133
389,134
390,134
391,134
392,134
393,134
394,134
395,134
396,134
397,135
398,136
399,136
400,136
401,136
402,136
403,136
404,136
405,136
406,136
407,136
408,136
409,136
410,136
411,136
412,136
413,137
414,137
415,137
416,138
417,138
418,138
419,139
420,139
421,139
422,139
423,139
424,139
425,139
426,139
427,139
428,139
429,139
430,139
431,139
432,139
433,139
434,139
435,139
436,139
437,139
438,139
439,139
440,139
441,139
442,139
443,139
444,139
445,139
446,139
447,139
448,139
449,139
450,139
451,139
452,139
453,139
454,139
455,139
456,139
457,139
458,139
459,139
460,139
461,139
462,139
463,139
464,139
465,139
466,139
467,139
468,139
469,139
470,139
471,139
472,139
473,139
474,139
475,139
476,139
477,139
478,139
479,139
480,139
481,139
482,139
483,139
484,139
485,139
486,139
487,139
488,139
489,139
490,139
491,139
492,139
493,139
494,139
495,139
496,139
497,139
498,139
499,139
500,139
501,139
502,139
503,139
504,139
505,139
506,139
507,139
508,139
509,139
510,139
511,139
512,139
513,139
514,139
515,139
516,139
517,139
518,139
519,139
520,139
521,139
522,139
523,139
524,139
525,139
526,139
527,139
528,139
529,139
530,139
531,139
532,139
533,139
534,139
535,139
536,139
537,139
538,139
539,140
540,140
541,140
542,140
543,140
544,140
545,140
546,140
547,140
548,140
549,140
550,140
551,140
552,140
553,140
554,140
555,140
556,140
557,140
558,140
559,140
560,140
561,140
562,140
563,140
564,140
565,140
566,140
567,140
568,140
569,140
570,140
571,140
572,140
573,140
574,140
575,140
576,140
577,140
578,140
579,140
580,140
581,140
582,140
583,140
584,140
585,140
586,140
587,140
588,140
589,140
590,140
591,140
592,140
593,140
594,140
595,140
596,140
597,140
598,140
599,140
600,140
601,140
602,140
603,140
604,140
605,140
606,140
607,140
608,140
609,140
610,140
611,140
612,140
613,140
614,140
615,140
616,140
617,140
618,140
619,140
620,140
621,140
622,140
623,140
624,140
625,140
626,140
627,140
628,140
629,140
630,140
631,140
632,140
633,140
634,140
635,140
636,140
637,140
638,140
639,140
640,140
641,140
642,140
643,140
644,140
645,140
646,140
647,140
648,140
649,140
650,140
651,140
652,140
653,140
654,140
655,140
656,140
657,140
658,140
659,140
660,140
661,140
662,140
663,140
664,140
665,140
666,140
667,140
668,140
669,140
670,140
671,140
672,140
673,140
674,140
675,140
676,140
677,140
678,140
679,140
680,140
681,140
682,140
683,140
684,140
685,140
686,140
687,140
688,140
689,140
690,140
691,140
692,140
693,140
694,140
695,140
696,140
697,140
698,140
699,140
700,140
701,140
702,140
703,140
704,140
705,140
706,140
707,140
708,140
709,140
710,140
711,140
712,140
713,140
714,140
715,140
716,140
717,141
718,141
719,141
720,141
721,141
722,141
723,141
724,141
725,141
726,141
727,141
728,141
729,141
730,141
731,141
732,141
733,141
734,141
735,141
736,141
737,141
738,141
739,141
740,141
741,141
742,141
743,141
744,141
745,141
746,141
747,141
748,141
749,141
750,141
751,141
752,141
753,141
754,141
755,141
756,141
757,141
758,141
759,141
760,141
761,141
762,141
763,141
764,141
765,141
766,141
767,141
768,141
769,141
770,141
771,141
772,141
773,141
774,141
775,141
776,141
777,141
778,141
779,141
780,141
781,141
782,141
783,141
784,141
785,141
786,141
787,141
788,141
789,141
790,141
791,141
792,141
793,141
794,141
795,141
796,141
797,141
798,141
799,141
800,141
801,141
802,141
803,141
804,141
805,141
806,141
807,141
808,141
809,141
810,141
811,141
812,141
813,141
814,141
815,141
816,141
817,141
818,141
819,141
820,141
821,141
822,141
823,141
824,141
825,141
826,141
827,141
828,141
829,141
830,141
831,141
832,141
833,141
834,141
835,141
836,141
837,141
838,141
839,141
840,141
841,141
842,141
843,141
844,141
845,141
846,141
847,141
848,141
849,141
850,141
851,141
852,141
853,141
854,141
855,141
856,141
857,141
858,141
859,141
860,141
861,141
862,141
863,141
864,141
865,141
866,141
867,141
868,141
869,141
870,141
871,141
872,141
873,141
874,141
875,141
876,141
877,141
878,141
879,141
880,141
881,141
882,141
883,141
884,141
885,141
886,141
887,141
888,141
889,141
890,141
891,141
892,141
893,141
894,141
895,141
896,141
897,141
898,141
899,141
900,141
901,141
902,141
903,141
904,141
905,141
906,141
907,141
908,141
909,141
910,141
911,141
912,141
913,141
914,141
915,141
916,141
917,141
918,141
919,141
920,141
921,141
922,141
923,141
924,141
925,141
926,141
927,141
928,141
929,141
930,141
931,141
932,141
933,141
934,141
935,141
936,141
937,141
938,141
939,141
940,141
941,141
942,141
943,141
944,141
945,141
946,141
947,141
948,141
949,141
950,141
951,141
952,141
953,141
954,141
955,141
956,141
957,141
958,141
959,141
960,141
961,141
962,141
963,141
964,141
965,141
966,141
967,141
968,141
969,141
970,141
971,141
972,141
973,141
974,141
975,141
976,141
977,141
978,141
979,141
980,141
981,141
982,141
983,141
984,141
985,141
986,141
987,141
988,141
989,141
990,141
991,141
992,141
993,141
994,141
995,141
996,141
997,141
998,141
999,141
1000,141
1001,141
1002,141
1003,141
1004,141
1005,141
1006,141
1007,141
1008,141
1009,141
1010,141
1011,141
1012,141
1013,141
1014,141
1015,141
1016,141
1017,141
1018,141
1019,141
1020,141
1021,141
1022,141
1023,141
1024,141
1025,141
1026,141
1027,141
1028,141
1029,141
1030,141
1031,141
1032,141
1033,141
1034,141
1035,141
1036,141
1037,141
1038,141
1039,141
1040,141
1041,141
1042,141
1043,141
1044,141
1045,141
1046,141
1047,141
1048,141
1049,141
1050,141
1051,141
1052,141
1053,141
1054,141
1055,141
1056,141
1057,141
1058,141
1059,141
1060,141
1061,141
1062,141
1063,141
1064,141
1065,141
1066,141
1067,141
1068,141
1069,141
1070,141
1071,141
1072,141
1073,141
1074,141
1075,141
1076,141
1077,141
1078,141
1079,141
1080,141
1081,141
1082,141
1083,141
1084,141
1085,141
1086,141
1087,141
1088,141
1089,141
1090,141
1091,141
1092,141
1093,141
1094,141
1095,141
1096,141
1097,141
1098,141
1099,141
1100,141
1101,141
1102,141
1103,141
1104,141
1105,141
1106,141
1107,141
1108,141
1109,141
1110,141
1111,141
1112,141
1113,141
1114,141
1115,141
1116,141
1117,141
1118,141
1119,141
1120,141
1121,141
1122,141
1123,141
1124,141
1125,141
1126,141
1127,141
1128,141
1129,141
1130,141
1131,141
1132,141
1133,141
1134,141
1135,141
1136,141
1137,141
1138,141
1139,141
1140,141
1141,141
1142,141
1143,141
1144,141
1145,141
1146,141
1147,141
1148,141
1149,141
1150,141
1151,141
1152,141
1153,141
1154,141
1155,141
1156,141
1157,141
1158,141
1159,141
1160,141
1161,141
1162,141
1163,141
1164,141
1165,141
1166,141
1167,141
1168,141
1169,141
1170,141
1171,141
1172,141
1173,141
1174,141
1175,141
1176,141
1177,141
1178,141
1179,141
1180,141
1181,141
1182,141
1183,141
1184,141
1185,141
1186,141
1187,141
1188,141
1189,141
1190,141
1191,141
1192,141
1193,141
1194,141
1195,141
1196,141
1197,141
1198,141
1199,141
1200,141
1201,141
1202,141
1203,141
1204,141
1205,141
1206,141
1207,141
1208,141
1209,141
1210,141
1211,141
1212,141
1213,141
1214,141
1215,141
1216,141
1217,141
1218,141
1219,141
1220,141
1221,141
1222,141
1223,141
1224,141
1225,141
1226,141
1227,141
1228,141
1229,141
1230,141
1231,141
1232,141
1233,141
1234,141
1235,141
1236,141
1237,141
1238,141
1239,141
1240,141
1241,141
1242,141
1243,141
1244,141
1245,141
1246,141
1247,141
1248,141
1249,141
1250,141
1251,141
1252,141
1253,141
1254,141
1255,141
1256,141
1257,141
1258,141
1259,141
1260,141
1261,141
1262,141
1263,141
1264,141
1265,141
1266,141
1267,141
1268,141
1269,141
1270,141
1271,141
1272,141
1273,141
1274,141
1275,141
1276,141
1277,141
1278,141
1279,141
1280,141
1281,141
1282,141
1283,141
1284,141
1285,141
1286,141
1287,141
1288,141
1289,141
1290,141
1291,141
1292,141
1293,141
1294,141
1295,141
1296,141
1297,141
1298,141
1299,141
1300,141
1301,141
1302,141
1303,141
1304,141
1305,141
1306,141
1307,141
1308,141
1309,141
1310,141
1311,141
1312,141
1313,141
1314,141
1315,141
1316,141
1317,141
1318,141
1319,141
1320,141
1321,141
1322,141
1323,141
1324,141
1325,141
1326,141
1327,141
1328,141
1329,141
1330,141
1331,141
1332,141
1333,141
1334,141
1335,141
1336,141
1337,141
1338,141
1339,141
1340,141
1341,141
1342,141
1343,141
1344,141
1345,141
1346,141
1347,141
1348,141
1349,141
1350,141
1351,141
1352,141
1353,141
1354,141
1355,141
1356,141
1357,141
1358,141
1359,141
1360,141
1361,141
1362,141
1363,141
1364,141
1365,141
1366,141
1367,141
1368,141
1369,141
1370,141
1371,141
1372,141
1373,141
1374,141
1375,141
1376,141
1377,141
1378,141
1379,141
1380,141
1381,141
1382,141
1383,141
1384,141
1385,141
1386,141
1387,141
1388,141
1389,141
1390,141
1391,141
1392,141
1393,141
1394,141
1395,141
1396,141
1397,141
1398,141
1399,141
1400,141
1401,141
1402,141
1403,141
1404,141
1405,141
1406,141
1407,141
1408,141
1409,141
1410,141
1411,141
1412,141
1413,141
1414,141
1415,141
1416,141
1417,141
1418,141
1419,141
1420,141
1421,141
1422,141
1423,141
1424,141
1425,141
1426,141
1427,141
1428,141
1429,141
1430,141
1431,141
1432,141
1433,141
1434,141
1435,141
1436,141
1437,141
1438,141
1439,141
1440,141
1441,141
1442,141
1443,141
1444,141
1445,141
1446,141
1447,141
1448,141
1449,141
1450,141
1451,141
1452,141
1453,141
1454,141
1455,141
1456,141
1457,141
1458,141
1459,141
1460,141
1461,141
1462,141
1463,141
1464,141
1465,141
1466,141
1467,141
1468,141
1469,141
1470,141
1471,141
1472,141
1473,141
1474,141
1475,141
1476,141
1477,141
1478,141
1479,141
1480,141
1481,141
1482,141
1483,141
1484,141
1485,141
1486,141
1487,141
1488,141
1489,141
1490,141
1491,141
1492,141
1493,141
1494,141
1495,141
1496,141
1497,141
1498,141
1499,141
1500,141
1501,141
1502,141
1503,141
1504,141
1505,141
1506,141
1507,141
1508,141
1509,141
1510,141
1511,141
1512,141
1513,141
1514,141
1515,141
1516,141
1517,141
1518,141
1519,141
1520,141
1521,141
1522,141
1523,141
1524,141
1525,141
1526,141
1527,141
1528,141
1529,141
1530,141
1531,141
1532,141
1533,141
1534,141
1535,141
1536,141
1537,141
1538,141
1539,141
1540,141
1541,141
1542,141
1543,141
1544,141
1545,141
1546,141
1547,141
1548,141
1549,141
1550,141
1551,141
1552,141
1553,141
1554,141
1555,141
1556,141
1557,141
1558,141
1559,141
1560,141
1561,141
1562,141
1563,141
1564,141
1565,141
1566,141
1567,141
1568,141
1569,141
1570,141
1571,141
1572,141
1573,141
1574,141
1575,141
1576,141
1577,141
1578,141
1579,141
1580,141
1581,141
1582,141
1583,141
1584,141
1585,141
1586,141
1587,141
1588,141
1589,141
1590,141
1591,141
1592,141
1593,141
1594,141
1595,141
1596,141
1597,141
1598,141
1599,141
1600,141
1601,141
1602,141
1603,141
1604,141
1605,141
1606,141
1607,141
1608,141
1609,141
1610,141
1611,141
1612,141
1613,141
1614,141
1615,141
1616,141
1617,141
1618,141
1619,141
1620,141
1621,141
1622,141
1623,141
1624,141
1625,141
1626,141
1627,141
1628,141
1629,141
1630,141
1631,141
1632,141
1633,141
1634,141
1635,141
1636,141
1637,141
1638,141
1639,141
1640,141
1641,141
1642,141
1643,141
1644,141
1645,141
1646,141
1647,141
1648,141
1649,141
1650,141
1651,141
1652,141
1653,141
1654,141
1655,141
1656,141
1657,141
1658,141
1659,141
1660,141
1661,141
1662,141
1663,141
1664,141
1665,141
1666,141
1667,141
1668,141
1669,141
1670,141
1671,141
1672,141
1673,141
1674,141
1675,141
1676,141
1677,141
1678,141
1679,141
1680,141
1681,141
1682,141
1683,141
1684,141
1685,141
1686,141
1687,141
1688,141
1689,141
1690,141
1691,141
1692,141
1693,141
1694,141
1695,141
1696,141
1697,141
1698,141
1699,141
1700,141
1701,141
1702,141
1703,141
1704,141
1705,141
1706,141
1707,141
1708,141
1709,141
1710,141
1711,141
1712,141
1713,141
1714,141
1715,141
1716,141
1717,141
1718,141
1719,141
1720,141
1721,141
1722,141
1723,141
1724,141
1725,141
1726,141
1727,141
1728,141
1729,141
1730,141
1731,141
1732,141
1733,141
1734,141
1735,141
1736,141
1737,141
1738,141
1739,141
1740,141
1741,141
1742,141
1743,141
1744,141
1745,141
1746,141
1747,141
1748,141
1749,141
1750,141
1751,141
1752,141
1753,141
1754,141
1755,141
1756,141
1757,141
1758,141
1759,141
1760,141
1761,141
1762,141
1763,141
1764,141
1765,141
1766,141
1767,141
1768,141
1769,141
1770,141
1771,141
1772,141
1773,141
1774,141
1775,141
1776,141
1777,141
1778,141
1779,141
1780,141
1781,141
1782,141
1783,141
1784,141
1785,141
1786,141
1787,141
1788,141
1789,141
1790,141
1791,141
1792,141
1793,141
1794,141
1795,141
1796,141
1797,141
1798,141
1799,141
1800,141
1801,141
1802,141
1803,141
1804,141
1805,141
1806,141
1807,141
1808,141
1809,141
1810,141
1811,141
1812,141
1813,141
1814,141
1815,141
1816,141
1817,141
1818,141
1819,141
1820,141
1821,141
1822,141
1823,141
1824,141
1825,141
1826,141
1827,141
1828,141
1829,141
1830,141
1831,141
1832,141
1833,141
1834,141
1835,141
1836,141
1837,141
1838,141
1839,141
1840,141
1841,141
1842,141
1843,141
1844,141
1845,141
1846,141
1847,141
1848,141
1849,141
1850,141
1851,141
1852,141
1853,141
1854,141
1855,141
1856,141
1857,141
1858,141
1859,141
1860,141
1861,141
1862,141
1863,141
1864,141
1865,141
1866,141
1867,141
1868,141
1869,141
1870,141
1871,141
1872,141
1873,141
1874,141
1875,141
1876,141
1877,141
1878,141
1879,141
1880,141
1881,141
1882,141
1883,141
1884,141
1885,141
1886,141
1887,141
1888,141
1889,141
1890,141
1891,141
1892,141
1893,141
1894,141
1895,141
1896,141
1897,141
1898,141
1899,141
1900,141
1901,141
1902,141
1903,141
1904,141
1905,141
1906,141
1907,141
1908,141
1909,141
1910,141
1911,141
1912,141
1913,141
1914,141
1915,141
1916,141
1917,141
1918,141
1919,141
1920,141
1921,141
1922,141
1923,141
1924,141
1925,141
1926,141
1927,141
1928,141
1929,141
1930,141
1931,141
1932,141
1933,141
1934,141
1935,141
1936,141
1937,141
1938,141
1939,141
1940,141
1941,141
1942,141
1943,141
1944,141
1945,141
1946,141
1947,141
1948,141
1949,141
1950,141
1951,141
1952,141
1953,141
1954,141
1955,141
1956,141
1957,141
1958,141
1959,141
1960,141
1961,141
1962,141
1963,141
1964,141
1965,141
1966,141
1967,141
1968,141
1969,141
1970,141
1971,141
1972,141
1973,141
1974,141
1975,141
1976,141
1977,141
1978,141
1979,141
1980,141
1981,141
1982,141
1983,141
1984,141
1985,141
1986,141
1987,141
1988,141
1989,141
1990,141
1991,141
1992,141
1993,141
1994,141
1995,141
1996,141
1997,141
1998,141
1999,141
2000,141
2001,141
2002,141
2003,141
2004,141
2005,141
2006,141
2007,141
2008,141
2009,141
2010,141
2011,141
2012,141
2013,141
2014,141
2015,141
2016,141
2017,141
2018,141
2019,141
2020,141
2021,141
2022,141
2023,141
2024,141
2025,141
2026,141
2027,141
2028,141
2029,141
2030,141
2031,141
2032,141
2033,141
2034,141
2035,141
2036,141
2037,141
2038,141
2039,141
2040,141
2041,141
2042,141
2043,141
2044,141
2045,141
2046,141
2047,141
2048,141
2049,141
2050,141
2051,141
2052,141
2053,141
2054,141
2055,141
2056,141
2057,141
2058,141
2059,141
2060,141
2061,141
2062,141
2063,141
2064,141
2065,141
2066,141
2067,141
2068,141
2069,141
2070,141
2071,141
2072,141
2073,141
2074,141
2075,141
2076,141
2077,141
2078,141
2079,141
2080,141
2081,141
2082,141
2083,141
2084,141
2085,141
2086,141
2087,141
2088,141
2089,141
2090,141
2091,141
2092,141
2093,141
2094,141
2095,141
2096,141
2097,141
2098,141
2099,141
2100,141
2101,141
2102,141
2103,141
2104,141
2105,141
2106,141
2107,141
2108,141
2109,141
2110,141
2111,141
2112,141
2113,141
2114,141
2115,141
2116,141
2117,141
2118,141
2119,141
2120,141
2121,141
2122,141
2123,141
2124,141
2125,141
2126,141
2127,141
2128,141
2129,141
2130,141
2131,141
2132,141
2133,141
2134,141
2135,141
2136,141
2137,141
2138,141
2139,141
2140,141
2141,141
2142,141
2143,141
2144,141
2145,141
2146,141
2147,141
2148,141
2149,141
2150,141
2151,141
2152,141
2153,141
2154,141
2155,141
2156,141
2157,141
2158,141
2159,141
2160,141
2161,141
2162,141
2163,141
2164,141
2165,141
2166,141
2167,141
2168,141
2169,141
2170,141
2171,141
2172,141
2173,141
2174,141
2175,141
2176,141
2177,141
2178,141
2179,141
2180,141
2181,141
2182,141
2183,141
2184,141
2185,141
2186,141
2187,141
2188,141
2189,141
2190,141
2191,141
2192,141
2193,141
2194,141
2195,141
2196,141
2197,141
2198,141
2199,141
2200,141
2201,141
2202,141
2203,141
2204,141
2205,141
2206,141
2207,141
2208,141
2209,141
2210,141
2211,141
2212,141
2213,141
2214,141
2215,141
2216,141
2217,141
2218,141
2219,141
2220,141
2221,141
2222,141
2223,141
2224,141
2225,141
2226,141
2227,141
2228,141
2229,141
2230,141
2231,141
2232,141
2233,141
2234,141
2235,141
2236,141
2237,141
2238,141
2239,141
2240,141
2241,141
2242,141
2243,141
2244,141
2245,141
2246,141
2247,141
2248,141
2249,141
2250,141
2251,141
2252,141
2253,141
2254,141
2255,141
2256,141
2257,141
2258,141
2259,141
2260,141
2261,141
2262,141
2263,141
2264,141
2265,141
2266,141
2267,141
2268,141
2269,141
2270,141
2271,141
2272,141
2273,141
2274,141
2275,141
2276,141
2277,141
2278,141
2279,141
2280,141
2281,141
2282,141
2283,141
2284,141
2285,141
2286,141
2287,141
2288,141
2289,141
2290,141
2291,141
2292,141
2293,141
2294,141
2295,141
2296,141
2297,141
2298,141
2299,141
2300,141
2301,141
2302,141
2303,141
2304,141
2305,141
2306,141
2307,141
2308,141
2309,141
2310,141
2311,141
2312,141
2313,141
2314,141
2315,141
2316,141
2317,141
2318,141
2319,141
2320,141
2321,141
2322,141
2323,141
2324,141
2325,141
2326,141
2327,141
2328,141
2329,141
2330,141
2331,141
2332,141
2333,141
2334,141
2335,141
2336,141
2337,141
2338,141
2339,141
2340,141
2341,141
2342,141
2343,141
2344,141
2345,141
2346,141
2347,141
2348,141
2349,141
2350,141
2351,141
2352,141
2353,141
2354,141
2355,141
2356,141
2357,141
2358,141
2359,141
2360,141
2361,141
2362,141
2363,141
2364,141
2365,141
2366,141
2367,141
2368,141
2369,141
2370,141
2371,141
2372,141
2373,141
2374,141
2375,141
2376,141
2377,141
2378,141
2379,141
2380,141
2381,141
2382,141
2383,141
2384,141
2385,141
2386,141
2387,141
2388,141
2389,141
2390,141
2391,141
2392,141
2393,141
2394,141
2395,141
2396,141
2397,141
2398,141
2399,141
2400,141
2401,141
2402,141
2403,141
2404,141
2405,141
2406,141
2407,141
2408,141
2409,141
2410,141
2411,141
2412,141
2413,141
2414,141
2415,141
2416,141
2417,141
2418,141
2419,141
2420,141
2421,141
2422,141
2423,141
2424,141
2425,141
2426,141
2427,141
2428,141
2429,141
2430,141
2431,141
2432,141
2433,141
2434,141
2435,141
2436,141
2437,141
2438,141
2439,141
2440,141
2441,141
2442,141
2443,141
2444,141
2445,141
2446,141
2447,141
2448,141
2449,141
2450,141
2451,141
2452,141
2453,141
2454,141
2455,141
2456,141
2457,141
2458,141
2459,141
2460,141
2461,141
2462,141
2463,141
2464,141
2465,141
2466,141
2467,141
2468,141
2469,141
2470,141
2471,141
2472,141
2473,141
2474,141
2475,141
2476,141
2477,141
2478,141
2479,141
2480,141
2481,141
2482,141
2483,141
2484,141
2485,141
2486,141
2487,141
2488,141
2489,141
2490,141
2491,141
2492,141
2493,141
2494,141
2495,141
2496,141
2497,141
2498,141
2499,141
2500,141
2501,141
2502,141
2503,141
2504,141
2505,141
2506,141
2507,141
2508,141
2509,141
2510,141
2511,141
2512,141
2513,141
2514,141
2515,141
2516,141
2517,141
2518,141
2519,141
2520,141
2521,141
2522,141
2523,141
2524,141
2525,141
2526,141
2527,141
2528,141
2529,141
2530,141
2531,141
2532,141
2533,141
2534,141
2535,141
2536,141
2537,141
2538,141
2539,141
2540,141
2541,141
2542,141
2543,141
2544,141
2545,141
2546,141
2547,141
2548,141
2549,141
2550,141
2551,141
2552,141
2553,141
2554,141
2555,141
2556,141
2557,141
2558,141
2559,141
2560,141
2561,141
2562,141
2563,141
2564,141
2565,141
2566,141
2567,141
2568,141
2569,141
2570,141
2571,141
2572,141
2573,141
2574,141
2575,141
2576,141
2577,141
2578,141
2579,141
2580,141
2581,141
2582,141
2583,141
2584,141
2585,141
2586,141
2587,141
2588,141
2589,141
2590,141
2591,141
2592,141
2593,141
2594,141
2595,141
2596,141
2597,141
2598,141
2599,141
2600,141
2601,141
2602,141
2603,141
2604,141
2605,141
2606,141
2607,141
2608,141
2609,141
2610,141
2611,141
2612,141
2613,141
2614,141
2615,141
2616,141
2617,141
2618,141
2619,141
2620,141
2621,141
2622,141
2623,141
2624,141
2625,141
2626,141
2627,141
2628,141
2629,141
2630,141
2631,141
2632,141
2633,141
2634,141
2635,141
2636,141
2637,141
2638,141
2639,141
2640,141
2641,141
2642,141
2643,141
2644,141
2645,141
2646,141
2647,141
2648,141
2649,141
2650,141
2651,141
2652,141
2653,141
2654,141
2655,141
2656,141
2657,141
2658,141
2659,141
2660,141
2661,141
2662,141
2663,141
2664,141
2665,141
2666,141
2667,141
2668,141
2669,141
2670,141
2671,141
2672,141
2673,141
2674,141
2675,141
2676,141
2677,141
2678,141
2679,141
2680,141
2681,141
2682,141
2683,141
2684,141
2685,141
2686,141
2687,141
2688,141
2689,141
2690,141
2691,141
2692,141
2693,141
2694,141
2695,141
2696,141
2697,141
2698,141
2699,141
2700,141
2701,141
2702,141
2703,141
2704,141
2705,141
2706,141
2707,141
2708,141
2709,141
2710,141
2711,141
2712,141
2713,141
2714,141
2715,141
2716,141
2717,141
2718,141
2719,141
2720,141
2721,141
2722,141
2723,141
2724,141
2725,141
2726,141
2727,141
2728,141
2729,141
2730,141
2731,141
2732,141
2733,141
2734,141
2735,141
2736,141
2737,141
2738,141
2739,141
2740,141
2741,141
2742,141
2743,141
2744,141
2745,141
2746,141
2747,141
2748,141
2749,141
2750,141
2751,141
2752,141
2753,141
2754,141
2755,141
2756,141
2757,141
2758,141
2759,141
2760,141
2761,141
2762,141
2763,141
2764,141
2765,141
2766,141
2767,141
2768,141
2769,141
2770,141
2771,141
2772,141
2773,141
2774,141
2775,141
2776,141
2777,141
2778,141
2779,141
2780,141
2781,141
2782,141
2783,141
2784,141
2785,141
2786,141
2787,141
2788,141
2789,141
2790,141
2791,141
2792,141
2793,141
2794,141
2795,141
2796,141
2797,141
2798,141
2799,141
2800,141
2801,141
2802,141
2803,141
2804,141
2805,141
2806,141
2807,141
2808,141
2809,141
2810,141
2811,141
2812,141
2813,141
2814,141
2815,141
2816,141
2817,141
2818,141
2819,141
2820,141
2821,141
2822,141
2823,141
2824,141
2825,141
2826,141
2827,141
2828,141
2829,141
2830,141
2831,141
2832,141
2833,141
2834,141
2835,141
2836,141
2837,141
2838,141
2839,141
2840,141
2841,141
2842,141
2843,141
2844,141
2845,141
2846,141
2847,141
2848,141
2849,141
2850,141
2851,141
2852,141
2853,142
2854,142
2855,142
2856,142
2857,142
2858,142
2859,142
2860,142
2861,142
2862,142
2863,142
2864,142
2865,142
2866,142
2867,142
2868,142
2869,142
2870,142
2871,142
2872,142
2873,142
2874,142
2875,142
2876,142
2877,142
2878,142
2879,142
2880,142
2881,142
2882,142
2883,142
2884,142
2885,142
2886,142
2887,142
2888,142
2889,142
2890,142
2891,142
2892,142
2893,142
2894,142
2895,142
2896,142
2897,142
2898,142
2899,142
2900,142
2901,142
2902,142
2903,142
2904,142
2905,142
2906,142
2907,142
2908,142
2909,142
2910,142
2911,142
2912,142
2913,142
2914,142
2915,142
2916,142
2917,142
2918,142
2919,142
2920,142
2921,142
2922,142
2923,142
2924,142
2925,142
2926,142
2927,142
2928,142
2929,142
2930,142
2931,142
2932,142
2933,143
2934,143
2935,143
2936,143
2937,143
2938,143
2939,143
2940,143
2941,143
2942,143
2943,143
2944,143
2945,143
2946,143
2947,143
2948,143
2949,143
2950,143
2951,143
2952,143
2953,143
2954,143
2955,143
2956,143
2957,143
2958,143
2959,143
2960,143
2961,143
2962,143
2963,143
2964,143
2965,143
2966,143
2967,143
2968,143
2969,143
2970,143
2971,143
2972,143
2973,143
2974,143
2975,143
2976,143
2977,143
2978,143
2979,143
2980,143
2981,143
2982,143
2983,143
2984,143
2985,143
2986,143
2987,143
2988,143
2989,143
2990,143
2991,143
2992,143
2993,143
2994,143
2995,143
2996,143
2997,143
2998,143
2999,143
3000,143
3001,143
3002,143
3003,143
3004,143
3005,143
3006,143
3007,143
3008,143
3009,143
3010,143
3011,143
3012,143
3013,143
3014,143
3015,143
3016,143
3017,143
3018,143
3019,143
3020,143
3021,143
3022,143
3023,143
3024,143
3025,143
3026,143
3027,143
3028,143
3029,143
3030,143
3031,143
3032,143
3033,143
3034,143
3035,143
3036,143
3037,143
3038,143
3039,143
3040,143
3041,143
3042,143
3043,143
3044,143
3045,143
3046,143
3047,143
3048,143
3049,143
3050,143
3051,143
3052,143
3053,143
3054,143
3055,143
3056,143
3057,143
3058,143
3059,143
3060,143
3061,143
3062,143
3063,143
3064,143
3065,143
3066,143
3067,143
3068,144
3069,145
