0,0
1,3
2,6
3,8
4,11
5,14
6,16
7,18
8,20
9,23
10,25
11,26
12,27
13,27
14,30
15,30
16,32
17,32
18,34
19,36
20,38
21,39
22,40
23,42
24,43
25,45
26,47
27,49
28,50
29,51
30,52
31,54
32,55
33,56
34,56
35,57
36,58
37,59
38,60
39,62
40,62
41,62
42,62
43,64
44,67
45,67
46,67
47,67
48,67
49,69
50,69
51,69
52,69
53,69
54,69
55,70
56,70
57,70
58,71
59,73
60,73
61,73
62,74
63,74
64,74
65,75
66,75
67,75
68,75
69,75
70,76
71,76
72,76
73,76
74,76
75,76
76,76
77,76
78,76
79,77
80,78
81,78
82,79
83,79
84,80
85,80
86,81
87,81
88,82
89,82
90,82
91,82
92,82
93,82
94,82
95,82
96,83
97,83
98,83
99,83
100,83
101,83
102,83
103,83
104,84
105,85
106,86
107,86
108,87
109,88
110,89
111,89
112,89
113,89
114,89
115,89
116,89
117,89
118,89
119,90
120,90
121,90
122,90
123,90
124,90
125,91
126,91
127,91
128,91
129,91
130,92
131,92
132,92
133,92
134,92
135,92
136,93
137,93
138,93
139,93
140,93
141,93
142,93
143,93
144,93
145,93
146,93
147,93
148,93
149,93
150,93
151,93
152,93
153,93
154,93
155,93
156,93
157,93
158,94
159,94
160,95
161,95
162,95
163,95
164,95
165,95
166,95
167,95
168,95
169,95
170,95
171,95
172,95
173,95
174,95
175,95
176,95
177,95
178,95
179,95
180,95
181,95
182,95
183,95
184,95
185,95
186,95
187,95
188,95
189,96
190,97
191,98
192,99
193,100
194,101
195,102
196,103
197,103
198,103
199,103
200,104
201,105
202,106
203,106
204,106
205,106
206,106
207,106
208,106
209,106
210,106
211,106
212,106
213,106
214,106
215,106
216,106
217,106
218,106
219,107
220,107
221,108
222,108
223,108
224,108
225,108
226,108
227,108
228,108
229,108
230,108
231,108
232,108
233,108
234,108
235,109
236,109
237,109
238,109
239,110
240,111
241,111
242,111
243,111
244,112
245,112
246,113
247,114
248,115
249,115
250,116
251,117
252,117
253,117
254,118
255,118
256,118
257,119
258,119
259,120
260,120
261,120
262,120
263,120
264,120
265,120
266,120
267,120
268,121
269,121
270,121
271,121
272,121
273,122
274,122
275,122
276,122
277,122
278,122
279,122
280,122
281,123
282,123
283,124
284,124
285,124
286,124
287,124
288,124
289,124
290,124
291,124
292,124
293,124
294,124
295,124
296,124
297,124
298,124
299,124
300,124
301,124
302,124
303,124
304,124
305,124
306,124
307,124
308,124
309,124
310,124
311,124
312,124
313,124
314,124
315,124
316,124
317,124
318,124
319,125
320,126
321,126
322,126
323,126
324,126
325,126
326,126
327,126
328,126
329,126
330,126
331,126
332,126
333,126
334,126
335,126
336,126
337,126
338,126
339,126
340,126
341,126
342,126
343,126
344,126
345,126
346,126
347,126
348,126
349,126
350,126
351,126
352,126
353,126
354,126
355,126
356,126
357,126
358,126
359,126
360,126
361,126
362,126
363,126
364,126
365,126
366,126
367,126
368,126
369,126
370,126
371,126
372,126
373,126
374,126
375,126
376,126
377,126
378,126
379,126
380,126
381,126
382,126
383,126
384,126
385,126
386,126
387,126
388,126
389,126
390,126
391,126
392,126
393,127
394,127
395,127
396,127
397,127
398,127
399,127
400,127
401,127
402,127
403,127
404,127
405,127
406,127
407,127
408,127
409,127
410,127
411,127
412,127
413,127
414,127
415,127
416,127
417,127
418,127
419,127
420,127
421,127
422,127
423,127
424,127
425,127
426,127
427,127
428,127
429,127
430,127
431,127
432,127
433,127
434,127
435,127
436,127
437,127
438,127
439,127
440,127
441,127
442,127
443,127
444,127
445,127
446,127
447,127
448,127
449,127
450,127
451,127
452,127
453,127
454,127
455,127
456,127
457,127
458,127
459,127
460,127
461,127
462,127
463,127
464,127
465,127
466,127
467,127
468,127
469,127
470,127
471,127
472,127
473,127
474,127
475,127
476,127
477,127
478,127
479,127
480,127
481,127
482,127
483,127
484,127
485,127
486,127
487,127
488,127
489,127
490,127
491,127
492,127
493,127
494,127
495,127
496,127
497,127
498,127
499,127
500,127
501,127
502,127
503,127
504,127
505,127
506,127
507,127
508,127
509,127
510,127
511,127
512,127
513,127
514,127
515,127
516,127
517,127
518,127
519,127
520,127
521,127
522,127
523,127
524,127
525,127
526,127
527,127
528,127
529,127
530,127
531,127
532,127
533,127
534,127
535,127
536,127
537,127
538,127
539,127
540,128
541,128
542,128
543,128
544,128
545,128
546,128
547,128
548,129
549,129
550,129
551,129
552,129
553,129
554,129
555,129
556,129
557,129
558,129
559,129
560,129
561,129
562,129
563,129
564,129
565,129
566,129
567,129
568,129
569,129
570,129
571,129
572,129
573,129
574,129
575,129
576,129
577,129
578,129
579,129
580,129
581,129
582,129
583,129
584,129
585,129
586,129
587,129
588,129
589,129
590,129
591,129
592,129
593,129
594,129
595,129
596,129
597,129
598,129
599,129
600,129
601,129
602,129
603,129
604,129
605,130
606,130
607,130
608,130
609,130
610,130
611,130
612,131
613,131
614,131
615,131
616,131
617,131
618,131
619,131
620,131
621,131
622,131
623,131
624,131
625,131
626,131
627,131
628,131
629,132
630,132
631,132
632,132
633,132
634,132
635,132
636,132
637,132
638,132
639,132
640,132
641,132
642,132
643,132
644,132
645,132
646,132
647,132
648,132
649,132
650,132
651,132
652,132
653,133
654,133
655,133
656,133
657,133
658,133
659,133
660,133
661,133
662,133
663,133
664,133
665,133
666,133
667,133
668,133
669,133
670,133
671,133
672,133
673,133
674,133
675,133
676,133
677,133
678,133
679,133
680,133
681,133
682,133
683,133
684,133
685,133
686,133
687,133
688,133
689,133
690,133
691,133
692,133
693,133
694,133
695,133
696,133
697,133
698,133
699,133
700,133
701,133
702,133
703,133
704,133
705,133
706,133
707,133
708,133
709,133
710,133
711,133
712,133
713,133
714,133
715,133
716,133
717,133
718,133
719,133
720,133
721,133
722,133
723,133
724,133
725,133
726,133
727,133
728,133
729,133
730,133
731,133
732,133
733,133
734,133
735,133
736,133
737,133
738,133
739,133
740,133
741,133
742,133
743,133
744,133
745,133
746,133
747,133
748,133
749,133
750,133
751,133
752,133
753,133
754,133
755,133
756,133
757,133
758,133
759,133
760,133
761,133
762,133
763,133
764,133
765,133
766,133
767,133
768,133
769,133
770,133
771,133
772,133
773,133
774,133
775,133
776,133
777,133
778,133
779,133
780,133
781,133
782,133
783,134
784,134
785,134
786,134
787,134
788,134
789,134
790,134
791,134
792,134
793,134
794,134
795,134
796,134
797,134
798,134
799,134
800,134
801,134
802,134
803,134
804,134
805,134
806,134
807,134
808,134
809,134
810,134
811,134
812,134
813,134
814,134
815,134
816,134
817,134
818,134
819,134
820,134
821,134
822,134
823,134
824,134
825,134
826,134
827,134
828,134
829,134
830,134
831,134
832,134
833,134
834,134
835,134
836,134
837,134
838,134
839,134
840,134
841,134
842,134
843,134
844,134
845,134
846,134
847,134
848,134
849,134
850,134
851,134
852,134
853,134
854,134
855,134
856,134
857,134
858,134
859,134
860,134
861,134
862,134
863,134
864,134
865,134
866,134
867,134
868,134
869,134
870,134
871,134
872,134
873,134
874,134
875,134
876,134
877,134
878,134
879,134
880,134
881,134
882,134
883,135
884,136
885,137
886,138
887,139
888,140
889,141
890,141
891,141
892,141
893,141
894,141
895,141
896,141
897,141
898,141
899,141
900,141
901,141
902,141
903,141
904,141
905,141
906,141
907,141
908,141
909,141
910,141
911,141
912,141
913,141
914,141
915,141
916,141
917,141
918,141
919,141
920,141
921,141
922,141
923,141
924,141
925,141
926,141
927,141
928,141
929,141
930,141
931,141
932,141
933,141
934,141
935,141
936,141
937,141
938,141
939,141
940,141
941,141
942,141
943,141
944,141
945,141
946,141
947,141
948,141
949,141
950,141
951,141
952,141
953,141
954,141
955,141
956,141
957,141
958,141
959,141
960,141
961,141
962,141
963,141
964,141
965,141
966,141
967,141
968,141
969,141
970,141
971,141
972,141
973,141
974,141
975,141
976,141
977,141
978,141
979,141
980,141
981,141
982,141
983,141
984,141
985,141
986,141
987,141
988,141
989,141
990,141
991,141
992,141
993,141
994,141
995,141
996,141
997,141
998,141
999,141
1000,141
1001,141
1002,141
1003,141
1004,141
1005,141
1006,141
1007,141
1008,141
1009,141
1010,141
1011,141
1012,141
1013,141
1014,141
1015,141
1016,141
1017,141
1018,141
1019,141
1020,141
1021,141
1022,141
1023,141
1024,141
1025,141
1026,141
1027,141
1028,141
1029,141
1030,141
1031,141
1032,141
1033,141
1034,141
1035,141
1036,141
1037,141
1038,141
1039,141
1040,141
1041,141
1042,141
1043,141
1044,141
1045,141
1046,141
1047,141
1048,141
1049,141
1050,141
1051,141
1052,141
1053,141
1054,141
1055,141
1056,141
1057,141
1058,141
1059,141
1060,141
1061,141
1062,141
1063,141
1064,141
1065,141
1066,141
1067,141
1068,141
1069,141
1070,141
1071,141
1072,141
1073,141
1074,141
1075,141
1076,141
1077,141
1078,141
1079,141
1080,141
1081,141
1082,141
1083,141
1084,141
1085,141
1086,141
1087,141
1088,141
1089,141
1090,141
1091,141
1092,141
1093,141
1094,141
1095,141
1096,141
1097,141
1098,141
1099,141
1100,141
1101,141
1102,141
1103,141
1104,141
1105,141
1106,141
1107,141
1108,141
1109,141
1110,141
1111,141
1112,141
1113,141
1114,141
1115,141
1116,141
1117,141
1118,141
1119,141
1120,141
1121,141
1122,141
1123,141
1124,141
1125,141
1126,141
1127,141
1128,141
1129,141
1130,141
1131,141
1132,141
1133,141
1134,141
1135,141
1136,141
1137,141
1138,141
1139,141
1140,141
1141,141
1142,141
1143,141
1144,141
1145,141
1146,141
1147,141
1148,141
1149,141
1150,141
1151,141
1152,141
1153,141
1154,141
1155,141
1156,141
1157,141
1158,141
1159,141
1160,141
1161,141
1162,141
1163,141
1164,141
1165,141
1166,141
1167,141
1168,141
1169,141
1170,141
1171,141
1172,141
1173,141
1174,141
1175,141
1176,141
1177,141
1178,141
1179,141
1180,141
1181,141
1182,141
1183,141
1184,141
1185,141
1186,141
1187,141
1188,141
1189,141
1190,141
1191,141
1192,141
1193,141
1194,141
1195,141
1196,141
1197,141
1198,141
1199,141
1200,141
1201,141
1202,141
1203,141
1204,141
1205,141
1206,141
1207,141
1208,141
1209,141
1210,141
1211,141
1212,141
1213,141
1214,141
1215,141
1216,141
1217,141
1218,141
1219,141
1220,141
1221,141
1222,141
1223,141
1224,141
1225,141
1226,141
1227,141
1228,141
1229,141
1230,141
1231,141
1232,141
1233,141
1234,141
1235,141
1236,141
1237,141
1238,141
1239,141
1240,141
1241,141
1242,141
1243,141
1244,141
1245,141
1246,141
1247,141
1248,141
1249,141
1250,141
1251,141
1252,141
1253,141
1254,141
1255,141
1256,141
1257,141
1258,141
1259,141
1260,141
1261,141
1262,141
1263,141
1264,141
1265,141
1266,141
1267,141
1268,141
1269,141
1270,141
1271,141
1272,141
1273,141
1274,141
1275,141
1276,141
1277,141
1278,141
1279,141
1280,141
1281,141
1282,141
1283,141
1284,141
1285,141
1286,141
1287,141
1288,141
1289,141
1290,141
1291,141
1292,141
1293,141
1294,141
1295,141
1296,141
1297,141
1298,141
1299,141
1300,141
1301,141
1302,141
1303,141
1304,141
1305,141
1306,141
1307,141
1308,141
1309,141
1310,141
1311,141
1312,141
1313,141
1314,141
1315,141
1316,141
1317,141
1318,141
1319,141
1320,141
1321,141
1322,141
1323,141
1324,141
1325,141
1326,141
1327,141
1328,141
1329,141
1330,141
1331,141
1332,141
1333,141
1334,141
1335,141
1336,141
1337,141
1338,141
1339,141
1340,141
1341,141
1342,141
1343,141
1344,141
1345,141
1346,141
1347,141
1348,141
1349,141
1350,141
1351,141
1352,141
1353,141
1354,141
1355,141
1356,141
1357,141
1358,141
1359,141
1360,141
1361,141
1362,141
1363,141
1364,141
1365,141
1366,141
1367,141
1368,141
1369,141
1370,141
1371,141
1372,141
1373,141
1374,141
1375,141
1376,141
1377,141
1378,141
1379,141
1380,141
1381,141
1382,141
1383,141
1384,141
1385,141
1386,141
1387,141
1388,141
1389,141
1390,141
1391,141
1392,141
1393,141
1394,141
1395,141
1396,141
1397,141
1398,141
1399,141
1400,141
1401,141
1402,141
1403,141
1404,141
1405,141
1406,141
1407,141
1408,141
1409,141
1410,141
1411,141
1412,141
1413,141
1414,141
1415,141
1416,141
1417,141
1418,141
1419,141
1420,141
1421,141
1422,141
1423,141
1424,141
1425,141
1426,141
1427,141
1428,141
1429,141
1430,141
1431,141
1432,141
1433,141
1434,141
1435,141
1436,141
1437,141
1438,141
1439,141
1440,141
1441,141
1442,141
1443,141
1444,141
1445,141
1446,141
1447,141
1448,141
1449,141
1450,141
1451,141
1452,141
1453,141
1454,141
1455,141
1456,141
1457,141
1458,141
1459,141
1460,141
1461,141
1462,141
1463,141
1464,141
1465,141
1466,141
1467,141
1468,141
1469,141
1470,141
1471,141
1472,141
1473,141
1474,141
1475,141
1476,141
1477,141
1478,141
1479,141
1480,141
1481,141
1482,141
1483,141
1484,141
1485,141
1486,141
1487,141
1488,141
1489,141
1490,141
1491,141
1492,141
1493,141
1494,141
1495,141
1496,141
1497,141
1498,141
1499,141
1500,141
1501,141
1502,141
1503,141
1504,141
1505,141
1506,141
1507,141
1508,141
1509,141
1510,141
1511,141
1512,141
1513,141
1514,141
1515,141
1516,141
1517,141
1518,141
1519,141
1520,141
1521,141
1522,141
1523,141
1524,141
1525,141
1526,141
1527,141
1528,141
1529,141
1530,141
1531,141
1532,141
1533,141
1534,141
1535,141
1536,141
1537,141
1538,141
1539,141
1540,141
1541,141
1542,141
1543,141
1544,141
1545,141
1546,141
1547,141
1548,141
1549,141
1550,141
1551,141
1552,141
1553,141
1554,141
1555,141
1556,141
1557,141
1558,141
1559,141
1560,141
1561,141
1562,141
1563,141
1564,141
1565,141
1566,141
1567,141
1568,141
1569,141
1570,141
1571,141
1572,141
1573,141
1574,141
1575,141
1576,141
1577,141
1578,141
1579,141
1580,141
1581,141
1582,141
1583,141
1584,141
1585,141
1586,141
1587,141
1588,141
1589,141
1590,141
1591,141
1592,141
1593,141
1594,141
1595,141
1596,141
1597,141
1598,141
1599,141
1600,141
1601,141
1602,141
1603,141
1604,141
1605,141
1606,141
1607,141
1608,141
1609,141
1610,141
1611,141
1612,141
1613,141
1614,141
1615,141
1616,141
1617,141
1618,141
1619,141
1620,141
1621,141
1622,141
1623,141
1624,141
1625,141
1626,141
1627,141
1628,141
1629,141
1630,141
1631,141
1632,141
1633,141
1634,141
1635,141
1636,141
1637,141
1638,141
1639,141
1640,141
1641,141
1642,141
1643,141
1644,141
1645,141
1646,141
1647,141
1648,141
1649,141
1650,141
1651,141
1652,141
1653,141
1654,141
1655,141
1656,141
1657,141
1658,141
1659,141
1660,141
1661,141
1662,141
1663,141
1664,141
1665,141
1666,141
1667,141
1668,141
1669,141
1670,141
1671,141
1672,141
1673,141
1674,141
1675,141
1676,141
1677,141
1678,141
1679,141
1680,141
1681,141
1682,141
1683,141
1684,141
1685,141
1686,141
1687,141
1688,141
1689,141
1690,141
1691,141
1692,141
1693,141
1694,141
1695,141
1696,141
1697,141
1698,141
1699,141
1700,141
1701,141
1702,141
1703,141
1704,141
1705,141
1706,141
1707,141
1708,141
1709,141
1710,141
1711,141
1712,141
1713,141
1714,141
1715,141
1716,141
1717,141
1718,141
1719,141
1720,141
1721,141
1722,141
1723,141
1724,141
1725,141
1726,141
1727,141
1728,141
1729,141
1730,141
1731,141
1732,141
1733,141
1734,141
1735,141
1736,141
1737,141
1738,141
1739,141
1740,141
1741,141
1742,141
1743,141
1744,141
1745,141
1746,141
1747,141
1748,141
1749,141
1750,141
1751,141
1752,141
1753,141
1754,141
1755,141
1756,141
1757,141
1758,141
1759,141
1760,141
1761,141
1762,141
1763,141
1764,141
1765,141
1766,141
1767,141
1768,141
1769,141
1770,141
1771,141
1772,141
1773,141
1774,141
1775,141
1776,141
1777,141
1778,141
1779,141
1780,141
1781,141
1782,141
1783,141
1784,141
1785,141
1786,141
1787,141
1788,141
1789,141
1790,141
1791,141
1792,141
1793,141
1794,141
1795,141
1796,141
1797,141
1798,141
1799,141
1800,141
1801,141
1802,141
1803,141
1804,141
1805,141
1806,141
1807,141
1808,141
1809,141
1810,141
1811,141
1812,141
1813,141
1814,141
1815,141
1816,141
1817,141
1818,141
1819,141
1820,141
1821,141
1822,141
1823,141
1824,141
1825,141
1826,141
1827,141
1828,141
1829,141
1830,141
1831,141
1832,141
1833,141
1834,141
1835,141
1836,141
1837,141
1838,141
1839,141
1840,141
1841,141
1842,141
1843,141
1844,141
1845,141
1846,141
1847,141
1848,141
1849,141
1850,141
1851,141
1852,141
1853,141
1854,141
1855,141
1856,141
1857,141
1858,141
1859,141
1860,141
1861,141
1862,141
1863,141
1864,141
1865,141
1866,141
1867,141
1868,141
1869,141
1870,141
1871,141
1872,141
1873,141
1874,142
1875,143
1876,143
1877,143
1878,143
1879,143
1880,143
1881,144
1882,144
1883,144
1884,144
1885,144
1886,144
1887,144
1888,144
1889,144
1890,144
1891,144
1892,144
1893,144
1894,144
1895,144
1896,144
1897,144
1898,144
1899,144
1900,144
1901,144
1902,144
1903,144
1904,144
1905,144
1906,144
1907,144
1908,144
1909,144
1910,144
1911,144
1912,144
1913,144
1914,144
1915,144
1916,144
1917,144
1918,144
1919,144
1920,144
1921,144
1922,144
1923,144
1924,144
1925,144
1926,144
1927,144
1928,144
1929,144
1930,144
1931,144
1932,144
1933,144
1934,144
1935,144
1936,144
1937,144
1938,144
1939,144
1940,144
1941,144
1942,144
1943,144
1944,144
1945,144
1946,144
1947,144
1948,144
1949,144
1950,144
1951,144
1952,144
1953,144
1954,144
1955,144
1956,144
1957,144
1958,144
1959,144
1960,144
1961,144
1962,144
1963,144
1964,144
1965,144
1966,144
1967,144
1968,144
1969,144
1970,144
1971,144
1972,144
1973,144
1974,144
1975,144
1976,144
1977,144
1978,144
1979,144
1980,144
1981,144
1982,144
1983,144
1984,144
1985,144
1986,144
1987,144
1988,144
1989,144
1990,144
1991,144
1992,144
1993,144
1994,144
1995,144
1996,144
1997,144
1998,144
1999,144
2000,144
2001,144
2002,144
2003,144
2004,144
2005,144
2006,144
2007,144
2008,144
2009,144
2010,144
2011,144
2012,144
2013,144
2014,144
2015,144
2016,144
2017,144
2018,144
2019,144
2020,144
2021,144
2022,144
2023,144
2024,144
2025,144
2026,144
2027,144
2028,144
2029,144
2030,144
2031,144
2032,144
2033,144
2034,144
2035,144
2036,144
2037,144
2038,144
2039,144
2040,144
2041,144
2042,144
2043,144
2044,144
2045,144
2046,144
2047,144
2048,144
2049,144
2050,144
2051,144
2052,144
2053,144
2054,144
2055,144
2056,144
2057,144
2058,144
2059,144
2060,144
2061,144
2062,144
2063,144
2064,144
2065,144
2066,144
2067,144
2068,144
2069,144
2070,144
2071,144
2072,144
2073,144
2074,144
2075,144
2076,144
2077,144
2078,144
2079,144
2080,144
2081,144
2082,144
2083,144
2084,144
2085,144
2086,144
2087,144
2088,144
2089,144
2090,144
2091,144
2092,144
2093,144
2094,144
2095,144
2096,144
2097,144
2098,144
2099,144
2100,144
2101,144
2102,144
2103,144
2104,144
2105,144
2106,144
2107,144
2108,144
2109,144
2110,144
2111,144
2112,144
2113,144
2114,144
2115,144
2116,144
2117,144
2118,144
2119,144
2120,144
2121,144
2122,144
2123,144
2124,144
2125,144
2126,144
2127,144
2128,144
2129,144
2130,144
2131,144
2132,144
2133,144
2134,144
2135,144
2136,144
2137,144
2138,144
2139,144
2140,144
2141,144
2142,144
2143,144
2144,144
2145,144
2146,144
2147,145
