0,0
1,3
2,6
3,9
4,12
5,14
6,15
7,17
8,19
9,21
10,22
11,24
12,26
13,29
14,31
15,33
16,34
17,35
18,36
19,38
20,38
21,40
22,42
23,43
24,45
25,46
26,47
27,49
28,51
29,53
30,54
31,56
32,56
33,57
34,57
35,59
36,60
37,62
38,64
39,66
40,67
41,69
42,71
43,71
44,72
45,73
46,74
47,74
48,75
49,75
50,76
51,77
52,78
53,79
54,80
55,81
56,82
57,84
58,84
59,85
60,85
61,86
62,87
63,87
64,88
65,89
66,91
67,93
68,94
69,94
70,94
71,94
72,94
73,94
74,94
75,94
76,94
77,94
78,95
79,96
80,96
81,97
82,97
83,97
84,98
85,99
86,99
87,100
88,100
89,100
90,100
91,100
92,100
93,100
94,100
95,101
96,101
97,101
98,101
99,101
100,101
101,102
102,103
103,103
104,103
105,103
106,103
107,104
108,104
109,104
110,105
111,105
112,105
113,105
114,106
115,106
116,106
117,106
118,107
119,108
120,109
121,109
122,109
123,109
124,109
125,110
126,110
127,110
128,110
129,110
130,110
131,110
132,110
133,110
134,110
135,110
136,110
137,110
138,111
139,111
140,112
141,112
142,112
143,112
144,112
145,112
146,112
147,112
148,112
149,113
150,113
151,114
152,115
153,115
154,115
155,115
156,116
157,116
158,116
159,116
160,116
161,116
162,116
163,116
164,116
165,116
166,116
167,116
168,116
169,116
170,116
171,117
172,117
173,117
174,117
175,117
176,117
177,117
178,117
179,117
180,118
181,118
182,119
183,119
184,119
185,119
186,119
187,119
188,119
189,119
190,119
191,119
192,119
193,119
194,119
195,119
196,119
197,119
198,119
199,120
200,120
201,120
202,120
203,120
204,120
205,120
206,120
207,120
208,120
209,121
210,121
211,121
212,121
213,121
214,121
215,121
216,121
217,121
218,121
219,121
220,121
221,121
222,121
223,121
224,121
225,122
226,122
227,122
228,122
229,122
230,122
231,122
232,122
233,122
234,122
235,122
236,122
237,122
238,122
239,122
240,122
241,122
242,122
243,122
244,122
245,122
246,122
247,122
248,122
249,122
250,122
251,122
252,122
253,122
254,122
255,122
256,122
257,122
258,122
259,122
260,122
261,122
262,122
263,122
264,122
265,122
266,123
267,123
268,123
269,123
270,123
271,123
272,123
273,123
274,123
275,123
276,123
277,123
278,123
279,123
280,123
281,123
282,123
283,123
284,123
285,124
286,124
287,124
288,124
289,124
290,124
291,124
292,124
293,124
294,124
295,124
296,124
297,124
298,124
299,124
300,124
301,124
302,124
303,124
304,124
305,124
306,124
307,124
308,124
309,124
310,124
311,124
312,124
313,124
314,124
315,124
316,124
317,124
318,124
319,124
320,124
321,124
322,124
323,124
324,124
325,125
326,125
327,125
328,125
329,125
330,125
331,125
332,125
333,125
334,125
335,125
336,125
337,125
338,125
339,125
340,125
341,125
342,125
343,125
344,125
345,125
346,125
347,125
348,125
349,125
350,125
351,125
352,125
353,125
354,125
355,125
356,125
357,125
358,125
359,125
360,125
361,125
362,125
363,125
364,125
365,125
366,125
367,125
368,125
369,125
370,125
371,125
372,125
373,125
374,125
375,125
376,125
377,125
378,125
379,125
380,125
381,125
382,125
383,125
384,125
385,125
386,125
387,125
388,125
389,125
390,125
391,125
392,125
393,125
394,125
395,125
396,125
397,125
398,125
399,125
400,125
401,125
402,125
403,125
404,125
405,125
406,125
407,125
408,125
409,125
410,125
411,125
412,126
413,127
414,128
415,128
416,129
417,130
418,131
419,131
420,131
421,131
422,132
423,132
424,132
425,132
426,132
427,132
428,132
429,132
430,132
431,132
432,132
433,132
434,132
435,132
436,132
437,132
438,132
439,132
440,132
441,132
442,132
443,132
444,132
445,132
446,132
447,132
448,132
449,132
450,132
451,132
452,132
453,132
454,132
455,132
456,132
457,132
458,132
459,132
460,132
461,132
462,132
463,132
464,132
465,132
466,132
467,132
468,132
469,132
470,132
471,132
472,132
473,132
474,132
475,132
476,132
477,132
478,132
479,132
480,132
481,132
482,132
483,132
484,132
485,132
486,132
487,132
488,132
489,132
490,132
491,132
492,132
493,132
494,132
495,132
496,132
497,132
498,132
499,132
500,132
501,132
502,132
503,132
504,132
505,132
506,132
507,132
508,132
509,132
510,132
511,132
512,132
513,132
514,132
515,132
516,132
517,132
518,132
519,132
520,132
521,132
522,132
523,132
524,132
525,132
526,132
527,132
528,132
529,132
530,132
531,132
532,132
533,132
534,132
535,132
536,132
537,132
538,132
539,132
540,132
541,132
542,132
543,132
544,132
545,132
546,132
547,132
548,132
549,132
550,132
551,132
552,132
553,132
554,132
555,132
556,132
557,132
558,132
559,132
560,132
561,132
562,132
563,132
564,132
565,132
566,132
567,132
568,132
569,132
570,132
571,132
572,132
573,132
574,132
575,132
576,132
577,132
578,132
579,132
580,132
581,132
582,132
583,132
584,132
585,132
586,132
587,132
588,132
589,132
590,132
591,132
592,132
593,132
594,132
595,132
596,132
597,132
598,132
599,132
600,132
601,132
602,132
603,132
604,132
605,132
606,132
607,132
608,132
609,132
610,132
611,132
612,132
613,132
614,132
615,132
616,132
617,132
618,132
619,132
620,132
621,132
622,132
623,132
624,132
625,132
626,132
627,132
628,132
629,132
630,132
631,132
632,132
633,132
634,132
635,132
636,132
637,132
638,132
639,132
640,132
641,132
642,132
643,132
644,132
645,132
646,132
647,132
648,132
649,132
650,132
651,132
652,132
653,132
654,132
655,132
656,132
657,132
658,132
659,132
660,132
661,132
662,132
663,132
664,132
665,132
666,132
667,132
668,132
669,132
670,132
671,132
672,132
673,132
674,132
675,132
676,132
677,132
678,132
679,132
680,132
681,132
682,132
683,132
684,132
685,132
686,132
687,132
688,132
689,132
690,132
691,132
692,132
693,132
694,132
695,132
696,132
697,132
698,132
699,132
700,132
701,132
702,132
703,132
704,132
705,132
706,132
707,132
708,132
709,132
710,132
711,132
712,132
713,132
714,132
715,132
716,132
717,132
718,132
719,132
720,132
721,132
722,132
723,132
724,132
725,132
726,132
727,132
728,132
729,132
730,132
731,132
732,132
733,132
734,132
735,132
736,132
737,132
738,132
739,132
740,132
741,132
742,132
743,132
744,132
745,132
746,132
747,132
748,132
749,132
750,132
751,132
752,132
753,132
754,132
755,132
756,132
757,132
758,132
759,132
760,132
761,132
762,132
763,132
764,132
765,132
766,132
767,132
768,132
769,132
770,132
771,132
772,132
773,132
774,132
775,132
776,132
777,132
778,132
779,132
780,132
781,132
782,132
783,132
784,132
785,132
786,132
787,132
788,132
789,132
790,132
791,132
792,132
793,132
794,132
795,132
796,132
797,132
798,132
799,132
800,132
801,132
802,132
803,132
804,132
805,132
806,132
807,132
808,132
809,132
810,132
811,132
812,132
813,132
814,132
815,132
816,132
817,132
818,132
819,132
820,132
821,132
822,132
823,132
824,132
825,132
826,132
827,132
828,132
829,132
830,132
831,132
832,133
833,133
834,133
835,133
836,133
837,133
838,133
839,133
840,133
841,133
842,133
843,133
844,133
845,133
846,133
847,133
848,133
849,133
850,133
851,133
852,133
853,133
854,133
855,133
856,134
857,134
858,134
859,134
860,134
861,134
862,134
863,134
864,134
865,134
866,134
867,134
868,134
869,134
870,134
871,134
872,134
873,134
874,134
875,134
876,134
877,134
878,134
879,134
880,134
881,134
882,134
883,134
884,134
885,134
886,134
887,134
888,134
889,134
890,134
891,134
892,134
893,134
894,134
895,134
896,134
897,134
898,134
899,134
900,134
901,134
902,134
903,134
904,134
905,134
906,134
907,134
908,134
909,134
910,134
911,134
912,134
913,134
914,134
915,134
916,134
917,134
918,134
919,134
920,134
921,134
922,134
923,134
924,134
925,134
926,134
927,134
928,134
929,134
930,134
931,134
932,134
933,134
934,134
935,134
936,134
937,134
938,134
939,134
940,134
941,134
942,134
943,134
944,134
945,134
946,134
947,135
948,135
949,135
950,136
951,136
952,136
953,136
954,136
955,136
956,136
957,136
958,136
959,136
960,136
961,136
962,136
963,136
964,136
965,136
966,136
967,136
968,136
969,136
970,136
971,136
972,136
973,136
974,136
975,136
976,136
977,136
978,136
979,136
980,136
981,136
982,136
983,136
984,136
985,136
986,136
987,136
988,136
989,136
990,136
991,136
992,136
993,136
994,136
995,136
996,136
997,136
998,136
999,136
1000,136
1001,136
1002,136
1003,136
1004,136
1005,136
1006,136
1007,136
1008,136
1009,136
1010,136
1011,136
1012,136
1013,136
1014,136
1015,136
1016,136
1017,136
1018,136
1019,136
1020,136
1021,136
1022,136
1023,136
1024,136
1025,136
1026,136
1027,136
1028,136
1029,136
1030,136
1031,136
1032,136
1033,136
1034,136
1035,136
1036,136
1037,136
1038,136
1039,136
1040,136
1041,136
1042,136
1043,136
1044,136
1045,136
1046,136
1047,136
1048,136
1049,136
1050,136
1051,136
1052,136
1053,136
1054,136
1055,136
1056,136
1057,136
1058,136
1059,136
1060,136
1061,136
1062,136
1063,136
1064,136
1065,136
1066,136
1067,136
1068,136
1069,136
1070,136
1071,136
1072,136
1073,136
1074,136
1075,136
1076,136
1077,136
1078,136
1079,136
1080,136
1081,136
1082,136
1083,136
1084,136
1085,136
1086,136
1087,136
1088,136
1089,136
1090,136
1091,136
1092,136
1093,136
1094,136
1095,136
1096,136
1097,136
1098,136
1099,136
1100,136
1101,136
1102,136
1103,136
1104,136
1105,136
1106,136
1107,136
1108,136
1109,136
1110,136
1111,136
1112,136
1113,136
1114,136
1115,136
1116,136
1117,136
1118,136
1119,136
1120,136
1121,136
1122,136
1123,136
1124,136
1125,136
1126,136
1127,136
1128,136
1129,136
1130,136
1131,136
1132,136
1133,136
1134,136
1135,136
1136,136
1137,136
1138,136
1139,136
1140,136
1141,136
1142,136
1143,136
1144,136
1145,136
1146,136
1147,136
1148,136
1149,136
1150,136
1151,136
1152,136
1153,136
1154,136
1155,136
1156,136
1157,136
1158,136
1159,136
1160,136
1161,136
1162,136
1163,136
1164,136
1165,136
1166,136
1167,136
1168,136
1169,136
1170,136
1171,136
1172,136
1173,136
1174,136
1175,136
1176,136
1177,136
1178,136
1179,136
1180,136
1181,136
1182,136
1183,136
1184,136
1185,136
1186,136
1187,136
1188,136
1189,136
1190,136
1191,136
1192,136
1193,136
1194,136
1195,136
1196,136
1197,136
1198,136
1199,136
1200,136
1201,136
1202,136
1203,136
1204,136
1205,136
1206,136
1207,136
1208,136
1209,136
1210,136
1211,136
1212,136
1213,136
1214,136
1215,136
1216,136
1217,136
1218,136
1219,136
1220,136
1221,136
1222,136
1223,136
1224,136
1225,136
1226,136
1227,136
1228,136
1229,136
1230,136
1231,136
1232,136
1233,136
1234,136
1235,136
1236,136
1237,136
1238,136
1239,136
1240,136
1241,136
1242,136
1243,136
1244,136
1245,136
1246,136
1247,136
1248,136
1249,136
1250,136
1251,136
1252,136
1253,136
1254,136
1255,136
1256,136
1257,136
1258,136
1259,136
1260,136
1261,136
1262,136
1263,136
1264,136
1265,136
1266,136
1267,136
1268,136
1269,136
1270,136
1271,136
1272,136
1273,136
1274,136
1275,136
1276,136
1277,136
1278,136
1279,136
1280,136
1281,136
1282,136
1283,136
1284,136
1285,136
1286,136
1287,136
1288,136
1289,136
1290,136
1291,136
1292,136
1293,136
1294,136
1295,136
1296,136
1297,136
1298,136
1299,136
1300,136
1301,136
1302,136
1303,136
1304,136
1305,136
1306,136
1307,136
1308,136
1309,136
1310,136
1311,136
1312,136
1313,136
1314,136
1315,136
1316,136
1317,136
1318,136
1319,137
1320,138
1321,139
1322,139
1323,140
1324,141
1325,142
1326,142
1327,142
1328,142
1329,142
1330,142
1331,142
1332,142
1333,142
1334,142
1335,142
1336,142
1337,142
1338,142
1339,142
1340,142
1341,142
1342,142
1343,142
1344,142
1345,142
1346,142
1347,142
1348,142
1349,142
1350,142
1351,142
1352,142
1353,142
1354,142
1355,142
1356,142
1357,142
1358,142
1359,142
1360,142
1361,142
1362,142
1363,142
1364,142
1365,142
1366,142
1367,142
1368,142
1369,142
1370,142
1371,142
1372,142
1373,142
1374,142
1375,142
1376,142
1377,142
1378,142
1379,142
1380,142
1381,142
1382,142
1383,142
1384,142
1385,142
1386,142
1387,142
1388,142
1389,142
1390,142
1391,142
1392,142
1393,142
1394,142
1395,142
1396,142
1397,142
1398,142
1399,142
1400,142
1401,142
1402,142
1403,142
1404,142
1405,142
1406,142
1407,142
1408,142
1409,142
1410,142
1411,142
1412,142
1413,142
1414,142
1415,142
1416,142
1417,142
1418,142
1419,142
1420,142
1421,142
1422,142
1423,142
1424,142
1425,142
1426,142
1427,142
1428,142
1429,142
1430,142
1431,142
1432,142
1433,142
1434,142
1435,142
1436,142
1437,142
1438,142
1439,142
1440,142
1441,142
1442,142
1443,142
1444,142
1445,142
1446,142
1447,142
1448,142
1449,142
1450,142
1451,142
1452,142
1453,142
1454,142
1455,142
1456,142
1457,142
1458,142
1459,142
1460,142
1461,142
1462,142
1463,142
1464,142
1465,142
1466,142
1467,142
1468,142
1469,142
1470,142
1471,142
1472,142
1473,142
1474,142
1475,142
1476,142
1477,142
1478,142
1479,142
1480,142
1481,142
1482,142
1483,142
1484,142
1485,142
1486,142
1487,142
1488,142
1489,142
1490,142
1491,142
1492,142
1493,142
1494,142
1495,142
1496,142
1497,142
1498,142
1499,142
1500,142
1501,142
1502,142
1503,142
1504,142
1505,142
1506,142
1507,142
1508,142
1509,142
1510,142
1511,142
1512,142
1513,142
1514,142
1515,142
1516,142
1517,142
1518,142
1519,142
1520,142
1521,142
1522,142
1523,142
1524,142
1525,142
1526,142
1527,142
1528,142
1529,142
1530,142
1531,142
1532,142
1533,142
1534,142
1535,142
1536,142
1537,142
1538,142
1539,142
1540,142
1541,142
1542,142
1543,142
1544,142
1545,142
1546,142
1547,142
1548,142
1549,142
1550,142
1551,142
1552,142
1553,142
1554,142
1555,142
1556,142
1557,142
1558,142
1559,142
1560,142
1561,142
1562,142
1563,142
1564,142
1565,142
1566,142
1567,142
1568,142
1569,142
1570,142
1571,142
1572,142
1573,142
1574,142
1575,142
1576,142
1577,142
1578,142
1579,142
1580,142
1581,142
1582,142
1583,142
1584,142
1585,142
1586,142
1587,142
1588,142
1589,142
1590,142
1591,142
1592,142
1593,142
1594,142
1595,142
1596,142
1597,142
1598,142
1599,142
1600,142
1601,142
1602,142
1603,142
1604,142
1605,142
1606,142
1607,142
1608,142
1609,142
1610,142
1611,142
1612,142
1613,142
1614,142
1615,142
1616,142
1617,142
1618,142
1619,142
1620,142
1621,142
1622,142
1623,142
1624,142
1625,142
1626,142
1627,142
1628,142
1629,142
1630,142
1631,142
1632,142
1633,142
1634,142
1635,142
1636,142
1637,142
1638,142
1639,142
1640,142
1641,142
1642,142
1643,142
1644,142
1645,142
1646,142
1647,142
1648,142
1649,142
1650,142
1651,142
1652,142
1653,142
1654,142
1655,142
1656,142
1657,142
1658,142
1659,142
1660,142
1661,142
1662,142
1663,142
1664,142
1665,142
1666,142
1667,142
1668,142
1669,142
1670,142
1671,142
1672,142
1673,142
1674,142
1675,142
1676,142
1677,142
1678,142
1679,142
1680,142
1681,142
1682,142
1683,142
1684,142
1685,142
1686,142
1687,142
1688,142
1689,142
1690,142
1691,142
1692,142
1693,142
1694,142
1695,142
1696,142
1697,142
1698,142
1699,142
1700,142
1701,142
1702,142
1703,142
1704,142
1705,142
1706,142
1707,142
1708,142
1709,142
1710,142
1711,142
1712,142
1713,142
1714,142
1715,142
1716,142
1717,142
1718,142
1719,142
1720,142
1721,142
1722,142
1723,142
1724,142
1725,142
1726,142
1727,142
1728,142
1729,142
1730,142
1731,142
1732,142
1733,142
1734,142
1735,142
1736,142
1737,142
1738,142
1739,142
1740,142
1741,142
1742,142
1743,142
1744,142
1745,142
1746,142
1747,142
1748,142
1749,142
1750,142
1751,142
1752,142
1753,142
1754,142
1755,142
1756,142
1757,142
1758,142
1759,142
1760,142
1761,142
1762,142
1763,142
1764,142
1765,142
1766,142
1767,142
1768,142
1769,142
1770,142
1771,142
1772,142
1773,142
1774,142
1775,142
1776,142
1777,142
1778,142
1779,142
1780,142
1781,142
1782,142
1783,142
1784,142
1785,142
1786,142
1787,142
1788,142
1789,142
1790,142
1791,142
1792,142
1793,142
1794,142
1795,142
1796,142
1797,142
1798,142
1799,142
1800,142
1801,142
1802,142
1803,142
1804,142
1805,142
1806,142
1807,142
1808,142
1809,142
1810,142
1811,142
1812,142
1813,142
1814,142
1815,142
1816,142
1817,142
1818,142
1819,142
1820,142
1821,142
1822,142
1823,142
1824,142
1825,142
1826,142
1827,142
1828,142
1829,142
1830,142
1831,142
1832,142
1833,142
1834,142
1835,142
1836,142
1837,142
1838,142
1839,142
1840,142
1841,142
1842,142
1843,142
1844,142
1845,142
1846,142
1847,142
1848,142
1849,142
1850,142
1851,142
1852,142
1853,142
1854,142
1855,142
1856,142
1857,142
1858,142
1859,142
1860,142
1861,142
1862,142
1863,142
1864,142
1865,142
1866,142
1867,142
1868,142
1869,142
1870,142
1871,142
1872,142
1873,142
1874,142
1875,142
1876,142
1877,142
1878,142
1879,142
1880,142
1881,142
1882,142
1883,142
1884,142
1885,142
1886,142
1887,142
1888,142
1889,142
1890,142
1891,142
1892,142
1893,142
1894,142
1895,142
1896,142
1897,142
1898,142
1899,142
1900,142
1901,142
1902,142
1903,142
1904,142
1905,142
1906,142
1907,142
1908,142
1909,142
1910,142
1911,142
1912,142
1913,142
1914,142
1915,142
1916,142
1917,142
1918,142
1919,142
1920,142
1921,142
1922,142
1923,142
1924,142
1925,142
1926,142
1927,142
1928,142
1929,142
1930,142
1931,142
1932,142
1933,142
1934,142
1935,142
1936,142
1937,142
1938,142
1939,142
1940,142
1941,142
1942,142
1943,142
1944,142
1945,142
1946,142
1947,142
1948,142
1949,142
1950,142
1951,142
1952,142
1953,142
1954,142
1955,142
1956,142
1957,142
1958,142
1959,142
1960,142
1961,142
1962,142
1963,142
1964,142
1965,142
1966,142
1967,142
1968,142
1969,142
1970,142
1971,142
1972,142
1973,142
1974,142
1975,142
1976,142
1977,142
1978,142
1979,142
1980,142
1981,142
1982,142
1983,142
1984,142
1985,142
1986,142
1987,142
1988,142
1989,142
1990,142
1991,142
1992,142
1993,142
1994,142
1995,142
1996,142
1997,142
1998,142
1999,142
2000,142
2001,142
2002,142
2003,142
2004,142
2005,142
2006,142
2007,142
2008,142
2009,142
2010,142
2011,142
2012,142
2013,142
2014,142
2015,142
2016,142
2017,142
2018,142
2019,142
2020,142
2021,142
2022,142
2023,142
2024,142
2025,142
2026,142
2027,142
2028,142
2029,142
2030,142
2031,142
2032,142
2033,142
2034,142
2035,142
2036,142
2037,142
2038,142
2039,142
2040,142
2041,142
2042,142
2043,142
2044,142
2045,142
2046,142
2047,142
2048,142
2049,142
2050,142
2051,142
2052,142
2053,142
2054,142
2055,142
2056,142
2057,142
2058,142
2059,142
2060,142
2061,142
2062,142
2063,142
2064,142
2065,142
2066,142
2067,142
2068,142
2069,142
2070,142
2071,142
2072,142
2073,142
2074,142
2075,142
2076,142
2077,142
2078,142
2079,142
2080,142
2081,142
2082,142
2083,142
2084,142
2085,142
2086,142
2087,142
2088,142
2089,142
2090,142
2091,142
2092,142
2093,142
2094,142
2095,142
2096,142
2097,142
2098,142
2099,142
2100,142
2101,142
2102,142
2103,142
2104,142
2105,142
2106,142
2107,142
2108,142
2109,142
2110,142
2111,142
2112,142
2113,142
2114,142
2115,142
2116,142
2117,142
2118,142
2119,142
2120,142
2121,142
2122,142
2123,142
2124,142
2125,142
2126,142
2127,142
2128,142
2129,142
2130,142
2131,142
2132,142
2133,142
2134,142
2135,142
2136,142
2137,142
2138,142
2139,142
2140,142
2141,142
2142,142
2143,142
2144,142
2145,142
2146,142
2147,142
2148,142
2149,142
2150,142
2151,142
2152,142
2153,142
2154,142
2155,142
2156,142
2157,142
2158,142
2159,142
2160,142
2161,142
2162,142
2163,142
2164,142
2165,142
2166,142
2167,142
2168,142
2169,142
2170,142
2171,142
2172,142
2173,142
2174,142
2175,142
2176,142
2177,142
2178,142
2179,142
2180,142
2181,142
2182,142
2183,142
2184,142
2185,142
2186,142
2187,142
2188,142
2189,142
2190,142
2191,142
2192,142
2193,142
2194,142
2195,142
2196,142
2197,142
2198,142
2199,142
2200,142
2201,142
2202,142
2203,142
2204,142
2205,142
2206,142
2207,142
2208,142
2209,142
2210,142
2211,142
2212,142
2213,142
2214,142
2215,142
2216,142
2217,142
2218,142
2219,142
2220,142
2221,142
2222,142
2223,142
2224,142
2225,142
2226,142
2227,142
2228,142
2229,142
2230,142
2231,142
2232,142
2233,142
2234,142
2235,142
2236,142
2237,142
2238,142
2239,142
2240,142
2241,142
2242,142
2243,142
2244,142
2245,142
2246,142
2247,142
2248,142
2249,142
2250,142
2251,142
2252,142
2253,142
2254,142
2255,142
2256,142
2257,142
2258,142
2259,142
2260,142
2261,142
2262,142
2263,142
2264,142
2265,142
2266,142
2267,142
2268,142
2269,142
2270,142
2271,142
2272,142
2273,142
2274,142
2275,142
2276,142
2277,142
2278,142
2279,142
2280,142
2281,142
2282,142
2283,142
2284,142
2285,142
2286,142
2287,142
2288,142
2289,142
2290,142
2291,142
2292,142
2293,142
2294,142
2295,142
2296,142
2297,142
2298,142
2299,142
2300,142
2301,142
2302,142
2303,142
2304,142
2305,142
2306,142
2307,142
2308,142
2309,142
2310,142
2311,142
2312,142
2313,142
2314,142
2315,142
2316,142
2317,142
2318,142
2319,142
2320,142
2321,142
2322,142
2323,142
2324,142
2325,142
2326,142
2327,142
2328,142
2329,142
2330,142
2331,142
2332,142
2333,142
2334,142
2335,142
2336,142
2337,142
2338,142
2339,142
2340,142
2341,142
2342,142
2343,142
2344,142
2345,142
2346,142
2347,142
2348,142
2349,142
2350,142
2351,142
2352,142
2353,142
2354,142
2355,142
2356,142
2357,142
2358,142
2359,142
2360,142
2361,142
2362,142
2363,142
2364,142
2365,142
2366,142
2367,142
2368,142
2369,142
2370,142
2371,142
2372,142
2373,142
2374,142
2375,142
2376,142
2377,142
2378,142
2379,142
2380,142
2381,142
2382,142
2383,142
2384,142
2385,142
2386,142
2387,142
2388,142
2389,142
2390,142
2391,142
2392,142
2393,142
2394,142
2395,142
2396,142
2397,142
2398,142
2399,142
2400,142
2401,142
2402,142
2403,142
2404,142
2405,142
2406,142
2407,142
2408,142
2409,142
2410,142
2411,142
2412,142
2413,142
2414,142
2415,142
2416,142
2417,142
2418,142
2419,142
2420,142
2421,142
2422,142
2423,142
2424,142
2425,142
2426,142
2427,142
2428,142
2429,142
2430,142
2431,142
2432,142
2433,142
2434,142
2435,142
2436,142
2437,142
2438,142
2439,142
2440,142
2441,142
2442,142
2443,142
2444,142
2445,142
2446,142
2447,142
2448,142
2449,142
2450,142
2451,142
2452,142
2453,142
2454,142
2455,142
2456,142
2457,142
2458,142
2459,142
2460,142
2461,142
2462,142
2463,142
2464,142
2465,142
2466,142
2467,142
2468,142
2469,142
2470,142
2471,142
2472,142
2473,142
2474,142
2475,142
2476,142
2477,142
2478,142
2479,142
2480,142
2481,142
2482,142
2483,142
2484,142
2485,142
2486,142
2487,142
2488,142
2489,142
2490,142
2491,142
2492,142
2493,142
2494,142
2495,142
2496,142
2497,142
2498,142
2499,142
2500,142
2501,142
2502,142
2503,142
2504,142
2505,142
2506,142
2507,142
2508,142
2509,142
2510,142
2511,142
2512,142
2513,142
2514,142
2515,142
2516,142
2517,142
2518,142
2519,142
2520,142
2521,142
2522,142
2523,142
2524,142
2525,142
2526,142
2527,142
2528,142
2529,142
2530,142
2531,142
2532,142
2533,142
2534,142
2535,142
2536,142
2537,142
2538,142
2539,142
2540,142
2541,142
2542,142
2543,142
2544,142
2545,142
2546,142
2547,142
2548,142
2549,142
2550,142
2551,142
2552,142
2553,142
2554,142
2555,142
2556,142
2557,142
2558,142
2559,142
2560,142
2561,142
2562,142
2563,142
2564,142
2565,142
2566,142
2567,142
2568,142
2569,142
2570,142
2571,142
2572,142
2573,142
2574,142
2575,142
2576,142
2577,142
2578,142
2579,142
2580,142
2581,142
2582,142
2583,142
2584,142
2585,142
2586,142
2587,142
2588,142
2589,142
2590,142
2591,142
2592,142
2593,142
2594,142
2595,142
2596,142
2597,142
2598,142
2599,142
2600,142
2601,142
2602,142
2603,142
2604,142
2605,142
2606,142
2607,142
2608,142
2609,142
2610,142
2611,142
2612,142
2613,142
2614,142
2615,142
2616,142
2617,142
2618,142
2619,142
2620,142
2621,142
2622,142
2623,142
2624,142
2625,142
2626,142
2627,142
2628,142
2629,142
2630,142
2631,142
2632,142
2633,142
2634,142
2635,142
2636,142
2637,142
2638,142
2639,142
2640,142
2641,142
2642,142
2643,142
2644,142
2645,142
2646,142
2647,142
2648,142
2649,142
2650,142
2651,142
2652,142
2653,142
2654,142
2655,142
2656,142
2657,142
2658,142
2659,142
2660,142
2661,142
2662,142
2663,142
2664,142
2665,142
2666,142
2667,142
2668,142
2669,142
2670,142
2671,142
2672,142
2673,142
2674,142
2675,142
2676,142
2677,142
2678,142
2679,142
2680,142
2681,142
2682,142
2683,142
2684,142
2685,142
2686,142
2687,142
2688,142
2689,142
2690,142
2691,142
2692,142
2693,142
2694,142
2695,142
2696,142
2697,142
2698,142
2699,142
2700,142
2701,142
2702,142
2703,142
2704,142
2705,142
2706,142
2707,142
2708,142
2709,142
2710,142
2711,142
2712,142
2713,142
2714,142
2715,142
2716,142
2717,142
2718,142
2719,142
2720,142
2721,142
2722,142
2723,142
2724,142
2725,142
2726,142
2727,142
2728,142
2729,142
2730,142
2731,142
2732,142
2733,142
2734,142
2735,142
2736,142
2737,142
2738,142
2739,142
2740,142
2741,142
2742,142
2743,142
2744,142
2745,142
2746,142
2747,142
2748,142
2749,142
2750,142
2751,142
2752,142
2753,142
2754,142
2755,142
2756,142
2757,142
2758,142
2759,142
2760,142
2761,142
2762,142
2763,142
2764,142
2765,142
2766,142
2767,142
2768,142
2769,142
2770,142
2771,142
2772,142
2773,142
2774,142
2775,142
2776,142
2777,142
2778,142
2779,142
2780,142
2781,142
2782,142
2783,142
2784,142
2785,142
2786,142
2787,142
2788,142
2789,142
2790,142
2791,142
2792,142
2793,142
2794,142
2795,142
2796,142
2797,142
2798,142
2799,142
2800,142
2801,142
2802,142
2803,142
2804,142
2805,142
2806,142
2807,142
2808,142
2809,142
2810,142
2811,142
2812,142
2813,142
2814,142
2815,142
2816,142
2817,142
2818,142
2819,142
2820,142
2821,142
2822,142
2823,142
2824,142
2825,142
2826,142
2827,142
2828,142
2829,142
2830,142
2831,142
2832,142
2833,142
2834,142
2835,142
2836,142
2837,142
2838,142
2839,142
2840,142
2841,142
2842,142
2843,142
2844,142
2845,142
2846,142
2847,142
2848,142
2849,142
2850,142
2851,142
2852,142
2853,143
2854,143
2855,143
2856,144
2857,144
2858,144
2859,144
2860,144
2861,144
2862,144
2863,144
2864,144
2865,144
2866,144
2867,144
2868,144
2869,144
2870,144
2871,144
2872,144
2873,144
2874,144
2875,144
2876,144
2877,144
2878,144
2879,144
2880,144
2881,144
2882,144
2883,144
2884,144
2885,144
2886,144
2887,144
2888,144
2889,144
2890,144
2891,144
2892,144
2893,144
2894,144
2895,144
2896,144
2897,144
2898,144
2899,144
2900,144
2901,144
2902,144
2903,144
2904,144
2905,144
2906,144
2907,144
2908,144
2909,144
2910,144
2911,144
2912,144
2913,144
2914,144
2915,144
2916,144
2917,144
2918,144
2919,144
2920,144
2921,144
2922,144
2923,144
2924,144
2925,144
2926,144
2927,144
2928,144
2929,144
2930,144
2931,144
2932,144
2933,144
2934,144
2935,144
2936,144
2937,144
2938,144
2939,144
2940,144
2941,144
2942,144
2943,144
2944,144
2945,144
2946,144
2947,144
2948,144
2949,144
2950,144
2951,144
2952,144
2953,144
2954,144
2955,144
2956,144
2957,144
2958,144
2959,144
2960,144
2961,144
2962,144
2963,144
2964,144
2965,144
2966,144
2967,144
2968,144
2969,144
2970,144
2971,144
2972,144
2973,144
2974,144
2975,144
2976,144
2977,144
2978,144
2979,144
2980,144
2981,144
2982,144
2983,144
2984,144
2985,144
2986,144
2987,144
2988,144
2989,144
2990,144
2991,144
2992,144
2993,144
2994,144
2995,144
2996,144
2997,144
2998,144
2999,144
3000,144
3001,144
3002,144
3003,144
3004,144
3005,144
3006,144
3007,144
3008,144
3009,144
3010,144
3011,144
3012,144
3013,144
3014,144
3015,144
3016,144
3017,144
3018,144
3019,144
3020,144
3021,144
3022,144
3023,144
3024,144
3025,144
3026,144
3027,144
3028,144
3029,144
3030,144
3031,144
3032,144
3033,144
3034,144
3035,144
3036,144
3037,144
3038,144
3039,144
3040,144
3041,144
3042,144
3043,144
3044,144
3045,144
3046,144
3047,144
3048,144
3049,144
3050,144
3051,144
3052,144
3053,144
3054,144
3055,144
3056,144
3057,144
3058,144
3059,144
3060,144
3061,144
3062,144
3063,144
3064,144
3065,144
3066,144
3067,144
3068,144
3069,144
3070,144
3071,144
3072,144
3073,144
3074,144
3075,144
3076,144
3077,144
3078,144
3079,144
3080,144
3081,144
3082,144
3083,144
3084,144
3085,144
3086,144
3087,144
3088,144
3089,144
3090,144
3091,144
3092,144
3093,144
3094,144
3095,144
3096,144
3097,144
3098,144
3099,144
3100,144
3101,144
3102,144
3103,144
3104,144
3105,144
3106,144
3107,144
3108,144
3109,144
3110,144
3111,144
3112,144
3113,144
3114,144
3115,144
3116,144
3117,144
3118,144
3119,144
3120,144
3121,144
3122,144
3123,144
3124,144
3125,144
3126,144
3127,144
3128,144
3129,144
3130,144
3131,144
3132,144
3133,144
3134,144
3135,144
3136,144
3137,144
3138,144
3139,144
3140,144
3141,144
3142,144
3143,144
3144,144
3145,144
3146,144
3147,144
3148,144
3149,144
3150,144
3151,144
3152,144
3153,144
3154,144
3155,144
3156,144
3157,144
3158,144
3159,144
3160,144
3161,144
3162,144
3163,144
3164,144
3165,144
3166,144
3167,144
3168,144
3169,144
3170,144
3171,144
3172,144
3173,144
3174,144
3175,144
3176,144
3177,144
3178,144
3179,144
3180,144
3181,144
3182,144
3183,144
3184,144
3185,144
3186,144
3187,144
3188,144
3189,144
3190,144
3191,144
3192,144
3193,144
3194,144
3195,144
3196,144
3197,144
3198,144
3199,144
3200,144
3201,144
3202,144
3203,144
3204,144
3205,144
3206,144
3207,144
3208,144
3209,144
3210,144
3211,144
3212,144
3213,144
3214,144
3215,144
3216,144
3217,144
3218,144
3219,144
3220,144
3221,144
3222,144
3223,144
3224,144
3225,144
3226,144
3227,144
3228,144
3229,144
3230,144
3231,144
3232,144
3233,144
3234,144
3235,144
3236,144
3237,144
3238,144
3239,144
3240,144
3241,144
3242,144
3243,144
3244,144
3245,144
3246,144
3247,144
3248,144
3249,144
3250,144
3251,144
3252,144
3253,144
3254,144
3255,144
3256,144
3257,144
3258,144
3259,144
3260,144
3261,144
3262,144
3263,144
3264,144
3265,144
3266,144
3267,144
3268,144
3269,144
3270,144
3271,144
3272,144
3273,144
3274,144
3275,144
3276,144
3277,144
3278,144
3279,144
3280,144
3281,144
3282,144
3283,144
3284,144
3285,144
3286,144
3287,144
3288,144
3289,144
3290,144
3291,144
3292,144
3293,144
3294,144
3295,144
3296,144
3297,144
3298,144
3299,144
3300,144
3301,144
3302,144
3303,144
3304,144
3305,144
3306,144
3307,144
3308,144
3309,144
3310,144
3311,144
3312,144
3313,144
3314,144
3315,144
3316,144
3317,144
3318,144
3319,144
3320,144
3321,144
3322,144
3323,144
3324,144
3325,144
3326,144
3327,144
3328,144
3329,144
3330,144
3331,144
3332,144
3333,144
3334,144
3335,144
3336,144
3337,144
3338,144
3339,144
3340,144
3341,144
3342,144
3343,144
3344,144
3345,144
3346,144
3347,144
3348,144
3349,144
3350,144
3351,144
3352,144
3353,144
3354,144
3355,144
3356,144
3357,144
3358,144
3359,144
3360,144
3361,144
3362,144
3363,144
3364,144
3365,144
3366,144
3367,144
3368,144
3369,144
3370,144
3371,144
3372,144
3373,144
3374,144
3375,144
3376,144
3377,144
3378,144
3379,144
3380,144
3381,144
3382,144
3383,144
3384,144
3385,144
3386,144
3387,144
3388,144
3389,144
3390,144
3391,144
3392,144
3393,144
3394,144
3395,144
3396,144
3397,144
3398,144
3399,144
3400,144
3401,144
3402,144
3403,144
3404,144
3405,144
3406,144
3407,144
3408,144
3409,144
3410,144
3411,144
3412,144
3413,144
3414,144
3415,144
3416,144
3417,144
3418,144
3419,144
3420,144
3421,144
3422,144
3423,144
3424,144
3425,144
3426,144
3427,144
3428,144
3429,144
3430,144
3431,144
3432,144
3433,144
3434,144
3435,144
3436,144
3437,144
3438,144
3439,144
3440,144
3441,144
3442,144
3443,144
3444,144
3445,144
3446,144
3447,144
3448,144
3449,144
3450,144
3451,144
3452,144
3453,144
3454,144
3455,144
3456,144
3457,144
3458,144
3459,144
3460,144
3461,144
3462,144
3463,144
3464,144
3465,144
3466,144
3467,144
3468,144
3469,144
3470,144
3471,144
3472,144
3473,144
3474,144
3475,144
3476,144
3477,144
3478,144
3479,144
3480,144
3481,144
3482,144
3483,144
3484,144
3485,144
3486,144
3487,144
3488,144
3489,144
3490,144
3491,144
3492,144
3493,144
3494,144
3495,144
3496,144
3497,144
3498,144
3499,144
3500,144
3501,144
3502,144
3503,144
3504,144
3505,144
3506,144
3507,144
3508,144
3509,144
3510,144
3511,144
3512,144
3513,144
3514,144
3515,144
3516,144
3517,144
3518,144
3519,144
3520,144
3521,144
3522,144
3523,144
3524,144
3525,144
3526,144
3527,144
3528,144
3529,144
3530,144
3531,144
3532,144
3533,144
3534,144
3535,144
3536,144
3537,144
3538,144
3539,144
3540,144
3541,144
3542,144
3543,144
3544,144
3545,144
3546,144
3547,144
3548,144
3549,144
3550,144
3551,144
3552,144
3553,144
3554,144
3555,144
3556,144
3557,144
3558,144
3559,144
3560,144
3561,144
3562,144
3563,144
3564,144
3565,144
3566,144
3567,144
3568,144
3569,144
3570,144
3571,144
3572,144
3573,144
3574,144
3575,144
3576,144
3577,144
3578,144
3579,144
3580,144
3581,144
3582,144
3583,144
3584,144
3585,144
3586,144
3587,144
3588,144
3589,144
3590,144
3591,144
3592,144
3593,144
3594,144
3595,144
3596,144
3597,144
3598,144
3599,144
3600,144
3601,144
3602,144
3603,144
3604,144
3605,144
3606,144
3607,144
3608,144
3609,144
3610,144
3611,144
3612,144
3613,144
3614,144
3615,144
3616,144
3617,144
3618,144
3619,144
3620,144
3621,144
3622,144
3623,144
3624,144
3625,144
3626,144
3627,144
3628,144
3629,144
3630,144
3631,144
3632,144
3633,144
3634,144
3635,144
3636,144
3637,144
3638,144
3639,144
3640,144
3641,144
3642,144
3643,144
3644,144
3645,144
3646,144
3647,144
3648,144
3649,144
3650,144
3651,144
3652,144
3653,144
3654,144
3655,144
3656,144
3657,144
3658,144
3659,144
3660,144
3661,144
3662,144
3663,144
3664,144
3665,144
3666,144
3667,144
3668,144
3669,144
3670,144
3671,144
3672,144
3673,144
3674,144
3675,144
3676,144
3677,144
3678,144
3679,144
3680,144
3681,144
3682,144
3683,144
3684,144
3685,144
3686,144
3687,144
3688,144
3689,144
3690,144
3691,144
3692,144
3693,144
3694,144
3695,144
3696,144
3697,144
3698,144
3699,144
3700,144
3701,144
3702,144
3703,144
3704,144
3705,144
3706,144
3707,144
3708,144
3709,144
3710,144
3711,144
3712,144
3713,144
3714,144
3715,144
3716,144
3717,144
3718,144
3719,144
3720,144
3721,144
3722,144
3723,144
3724,144
3725,144
3726,144
3727,144
3728,144
3729,144
3730,144
3731,144
3732,144
3733,144
3734,144
3735,144
3736,144
3737,144
3738,144
3739,144
3740,144
3741,144
3742,144
3743,144
3744,144
3745,144
3746,144
3747,144
3748,144
3749,144
3750,144
3751,144
3752,144
3753,144
3754,144
3755,144
3756,144
3757,144
3758,144
3759,144
3760,144
3761,144
3762,144
3763,144
3764,144
3765,144
3766,144
3767,144
3768,144
3769,144
3770,144
3771,144
3772,144
3773,144
3774,144
3775,144
3776,144
3777,144
3778,144
3779,144
3780,144
3781,144
3782,144
3783,144
3784,144
3785,144
3786,144
3787,144
3788,144
3789,144
3790,144
3791,144
3792,144
3793,144
3794,144
3795,144
3796,144
3797,144
3798,144
3799,144
3800,144
3801,144
3802,144
3803,144
3804,144
3805,144
3806,144
3807,144
3808,144
3809,144
3810,144
3811,144
3812,144
3813,144
3814,144
3815,144
3816,144
3817,144
3818,144
3819,144
3820,144
3821,144
3822,144
3823,144
3824,144
3825,144
3826,144
3827,144
3828,144
3829,144
3830,144
3831,144
3832,144
3833,144
3834,144
3835,144
3836,144
3837,144
3838,144
3839,144
3840,144
3841,144
3842,144
3843,144
3844,144
3845,144
3846,144
3847,144
3848,144
3849,144
3850,144
3851,144
3852,144
3853,144
3854,144
3855,144
3856,144
3857,144
3858,144
3859,144
3860,144
3861,144
3862,144
3863,144
3864,144
3865,144
3866,144
3867,144
3868,144
3869,144
3870,144
3871,144
3872,144
3873,144
3874,144
3875,144
3876,144
3877,144
3878,144
3879,144
3880,144
3881,144
3882,144
3883,144
3884,144
3885,144
3886,144
3887,144
3888,144
3889,144
3890,144
3891,144
3892,144
3893,144
3894,144
3895,144
3896,144
3897,144
3898,144
3899,144
3900,144
3901,144
3902,144
3903,144
3904,144
3905,144
3906,144
3907,144
3908,144
3909,144
3910,144
3911,144
3912,144
3913,144
3914,144
3915,144
3916,144
3917,144
3918,144
3919,144
3920,144
3921,144
3922,144
3923,144
3924,144
3925,144
3926,144
3927,144
3928,144
3929,144
3930,144
3931,144
3932,144
3933,144
3934,144
3935,144
3936,144
3937,144
3938,144
3939,144
3940,144
3941,144
3942,144
3943,144
3944,144
3945,144
3946,144
3947,144
3948,144
3949,144
3950,144
3951,144
3952,144
3953,144
3954,144
3955,144
3956,144
3957,144
3958,144
3959,144
3960,144
3961,144
3962,144
3963,144
3964,144
3965,144
3966,144
3967,144
3968,144
3969,144
3970,144
3971,144
3972,144
3973,144
3974,144
3975,144
3976,144
3977,144
3978,144
3979,144
3980,144
3981,144
3982,144
3983,144
3984,144
3985,144
3986,144
3987,144
3988,144
3989,144
3990,144
3991,144
3992,144
3993,144
3994,144
3995,144
3996,144
3997,144
3998,144
3999,144
4000,144
4001,144
4002,144
4003,144
4004,144
4005,144
4006,144
4007,144
4008,144
4009,144
4010,144
4011,144
4012,144
4013,144
4014,144
4015,144
4016,144
4017,144
4018,144
4019,144
4020,144
4021,144
4022,144
4023,144
4024,144
4025,144
4026,144
4027,144
4028,144
4029,144
4030,144
4031,144
4032,144
4033,144
4034,144
4035,144
4036,144
4037,144
4038,144
4039,144
4040,144
4041,144
4042,144
4043,144
4044,144
4045,144
4046,144
4047,144
4048,144
4049,144
4050,144
4051,144
4052,144
4053,144
4054,144
4055,144
4056,144
4057,144
4058,144
4059,144
4060,144
4061,144
4062,144
4063,144
4064,144
4065,144
4066,144
4067,144
4068,144
4069,144
4070,144
4071,144
4072,144
4073,144
4074,144
4075,144
4076,144
4077,144
4078,144
4079,144
4080,144
4081,144
4082,144
4083,144
4084,144
4085,144
4086,144
4087,144
4088,144
4089,144
4090,144
4091,144
4092,144
4093,144
4094,144
4095,144
4096,144
4097,144
4098,144
4099,144
4100,144
4101,144
4102,144
4103,144
4104,144
4105,144
4106,144
4107,144
4108,144
4109,144
4110,144
4111,144
4112,144
4113,144
4114,144
4115,144
4116,144
4117,144
4118,144
4119,144
4120,144
4121,144
4122,144
4123,144
4124,144
4125,144
4126,144
4127,144
4128,144
4129,144
4130,144
4131,144
4132,144
4133,144
4134,144
4135,144
4136,144
4137,144
4138,144
4139,144
4140,144
4141,144
4142,144
4143,144
4144,144
4145,144
4146,144
4147,144
4148,144
4149,144
4150,144
4151,144
4152,144
4153,144
4154,144
4155,144
4156,144
4157,144
4158,144
4159,144
4160,144
4161,144
4162,144
4163,144
4164,144
4165,144
4166,144
4167,144
4168,144
4169,144
4170,144
4171,144
4172,144
4173,144
4174,144
4175,144
4176,144
4177,144
4178,144
4179,144
4180,144
4181,144
4182,144
4183,144
4184,144
4185,144
4186,144
4187,144
4188,144
4189,144
4190,144
4191,144
4192,144
4193,144
4194,144
4195,144
4196,144
4197,144
4198,144
4199,144
4200,144
4201,144
4202,144
4203,144
4204,144
4205,144
4206,144
4207,144
4208,144
4209,144
4210,144
4211,144
4212,144
4213,144
4214,144
4215,144
4216,144
4217,144
4218,144
4219,144
4220,144
4221,144
4222,144
4223,144
4224,144
4225,144
4226,144
4227,144
4228,144
4229,144
4230,144
4231,144
4232,144
4233,144
4234,144
4235,144
4236,144
4237,144
4238,144
4239,144
4240,144
4241,144
4242,144
4243,144
4244,144
4245,144
4246,144
4247,144
4248,144
4249,144
4250,144
4251,144
4252,144
4253,144
4254,144
4255,144
4256,144
4257,144
4258,144
4259,144
4260,144
4261,144
4262,144
4263,144
4264,144
4265,144
4266,144
4267,144
4268,144
4269,144
4270,144
4271,144
4272,144
4273,144
4274,144
4275,144
4276,144
4277,144
4278,144
4279,144
4280,144
4281,144
4282,144
4283,144
4284,144
4285,144
4286,144
4287,144
4288,144
4289,144
4290,144
4291,144
4292,144
4293,144
4294,144
4295,144
4296,144
4297,144
4298,144
4299,144
4300,144
4301,144
4302,144
4303,144
4304,144
4305,144
4306,144
4307,144
4308,144
4309,144
4310,144
4311,144
4312,144
4313,144
4314,144
4315,144
4316,144
4317,144
4318,144
4319,144
4320,144
4321,144
4322,144
4323,144
4324,144
4325,144
4326,144
4327,144
4328,144
4329,144
4330,144
4331,144
4332,144
4333,144
4334,144
4335,144
4336,144
4337,144
4338,144
4339,144
4340,144
4341,144
4342,144
4343,144
4344,144
4345,144
4346,144
4347,144
4348,144
4349,144
4350,144
4351,144
4352,144
4353,144
4354,144
4355,144
4356,144
4357,144
4358,144
4359,144
4360,144
4361,144
4362,144
4363,144
4364,144
4365,144
4366,144
4367,144
4368,144
4369,144
4370,144
4371,144
4372,144
4373,144
4374,144
4375,144
4376,144
4377,144
4378,144
4379,144
4380,144
4381,144
4382,144
4383,144
4384,144
4385,144
4386,144
4387,144
4388,144
4389,144
4390,144
4391,144
4392,144
4393,144
4394,144
4395,144
4396,144
4397,144
4398,144
4399,144
4400,144
4401,144
4402,144
4403,144
4404,144
4405,144
4406,144
4407,144
4408,144
4409,144
4410,144
4411,144
4412,144
4413,144
4414,144
4415,144
4416,144
4417,144
4418,144
4419,144
4420,144
4421,144
4422,144
4423,144
4424,144
4425,144
4426,144
4427,144
4428,144
4429,144
4430,144
4431,144
4432,144
4433,144
4434,144
4435,144
4436,144
4437,144
4438,144
4439,144
4440,144
4441,144
4442,144
4443,144
4444,144
4445,144
4446,144
4447,144
4448,144
4449,144
4450,144
4451,144
4452,144
4453,144
4454,144
4455,144
4456,144
4457,144
4458,144
4459,144
4460,144
4461,144
4462,144
4463,144
4464,144
4465,144
4466,144
4467,144
4468,144
4469,144
4470,144
4471,144
4472,144
4473,144
4474,144
4475,144
4476,144
4477,144
4478,144
4479,144
4480,144
4481,144
4482,144
4483,144
4484,144
4485,144
4486,144
4487,144
4488,144
4489,144
4490,144
4491,144
4492,144
4493,144
4494,144
4495,144
4496,144
4497,144
4498,144
4499,144
4500,144
4501,144
4502,144
4503,144
4504,144
4505,144
4506,144
4507,144
4508,144
4509,144
4510,144
4511,144
4512,144
4513,144
4514,144
4515,144
4516,144
4517,144
4518,144
4519,144
4520,144
4521,144
4522,144
4523,144
4524,144
4525,144
4526,144
4527,144
4528,144
4529,144
4530,144
4531,144
4532,144
4533,144
4534,144
4535,144
4536,144
4537,144
4538,144
4539,144
4540,144
4541,144
4542,144
4543,144
4544,144
4545,144
4546,144
4547,144
4548,144
4549,144
4550,144
4551,144
4552,144
4553,144
4554,144
4555,144
4556,144
4557,144
4558,144
4559,144
4560,144
4561,144
4562,144
4563,144
4564,144
4565,144
4566,144
4567,144
4568,144
4569,144
4570,144
4571,144
4572,144
4573,144
4574,144
4575,144
4576,144
4577,144
4578,144
4579,144
4580,144
4581,144
4582,144
4583,144
4584,144
4585,144
4586,144
4587,144
4588,144
4589,144
4590,144
4591,144
4592,144
4593,144
4594,144
4595,144
4596,144
4597,144
4598,144
4599,144
4600,144
4601,144
4602,144
4603,144
4604,144
4605,144
4606,144
4607,144
4608,144
4609,144
4610,144
4611,144
4612,144
4613,144
4614,144
4615,144
4616,144
4617,144
4618,144
4619,144
4620,144
4621,144
4622,144
4623,144
4624,144
4625,144
4626,144
4627,144
4628,144
4629,144
4630,144
4631,144
4632,144
4633,144
4634,144
4635,144
4636,144
4637,144
4638,144
4639,144
4640,144
4641,144
4642,144
4643,144
4644,144
4645,144
4646,144
4647,144
4648,144
4649,144
4650,144
4651,144
4652,144
4653,144
4654,144
4655,144
4656,144
4657,144
4658,144
4659,144
4660,144
4661,144
4662,144
4663,144
4664,144
4665,144
4666,144
4667,144
4668,144
4669,144
4670,144
4671,144
4672,144
4673,144
4674,144
4675,144
4676,144
4677,144
4678,144
4679,144
4680,144
4681,144
4682,144
4683,144
4684,144
4685,144
4686,144
4687,144
4688,144
4689,144
4690,144
4691,144
4692,144
4693,144
4694,144
4695,144
4696,144
4697,144
4698,144
4699,144
4700,144
4701,144
4702,144
4703,144
4704,144
4705,144
4706,144
4707,144
4708,144
4709,144
4710,144
4711,144
4712,144
4713,144
4714,144
4715,144
4716,144
4717,144
4718,144
4719,144
4720,144
4721,144
4722,144
4723,144
4724,144
4725,144
4726,144
4727,144
4728,144
4729,144
4730,144
4731,144
4732,144
4733,144
4734,144
4735,144
4736,144
4737,144
4738,144
4739,144
4740,144
4741,144
4742,144
4743,144
4744,144
4745,144
4746,144
4747,144
4748,144
4749,144
4750,144
4751,144
4752,144
4753,144
4754,144
4755,144
4756,144
4757,144
4758,144
4759,144
4760,144
4761,144
4762,144
4763,144
4764,144
4765,144
4766,144
4767,144
4768,144
4769,144
4770,144
4771,144
4772,144
4773,144
4774,144
4775,144
4776,144
4777,144
4778,144
4779,144
4780,144
4781,144
4782,144
4783,144
4784,144
4785,144
4786,144
4787,144
4788,144
4789,144
4790,144
4791,144
4792,144
4793,144
4794,144
4795,144
4796,144
4797,144
4798,144
4799,144
4800,144
4801,144
4802,144
4803,144
4804,144
4805,144
4806,144
4807,144
4808,144
4809,144
4810,144
4811,144
4812,144
4813,144
4814,144
4815,144
4816,144
4817,144
4818,144
4819,144
4820,144
4821,144
4822,144
4823,144
4824,144
4825,144
4826,144
4827,144
4828,144
4829,144
4830,144
4831,144
4832,144
4833,144
4834,144
4835,144
4836,144
4837,144
4838,144
4839,144
4840,144
4841,144
4842,144
4843,144
4844,144
4845,144
4846,144
4847,144
4848,144
4849,144
4850,144
4851,144
4852,144
4853,144
4854,144
4855,144
4856,144
4857,144
4858,144
4859,144
4860,144
4861,144
4862,144
4863,144
4864,144
4865,144
4866,144
4867,144
4868,144
4869,144
4870,144
4871,144
4872,144
4873,144
4874,144
4875,144
4876,144
4877,144
4878,144
4879,144
4880,144
4881,144
4882,144
4883,144
4884,144
4885,144
4886,144
4887,144
4888,144
4889,144
4890,144
4891,144
4892,144
4893,144
4894,144
4895,144
4896,144
4897,144
4898,144
4899,144
4900,144
4901,144
4902,144
4903,144
4904,144
4905,144
4906,144
4907,144
4908,144
4909,144
4910,144
4911,144
4912,144
4913,144
4914,144
4915,144
4916,144
4917,144
4918,144
4919,144
4920,144
4921,144
4922,144
4923,144
4924,144
4925,144
4926,144
4927,144
4928,144
4929,144
4930,144
4931,144
4932,144
4933,144
4934,144
4935,144
4936,144
4937,144
4938,144
4939,144
4940,144
4941,144
4942,144
4943,144
4944,144
4945,144
4946,144
4947,144
4948,144
4949,144
4950,144
4951,144
4952,144
4953,144
4954,144
4955,144
4956,144
4957,144
4958,144
4959,144
4960,144
4961,144
4962,144
4963,144
4964,144
4965,144
4966,144
4967,144
4968,144
4969,144
4970,144
4971,144
4972,144
4973,144
4974,144
4975,144
4976,144
4977,144
4978,144
4979,144
4980,144
4981,144
4982,144
4983,144
4984,144
4985,144
4986,144
4987,144
4988,144
4989,144
4990,144
4991,144
4992,144
4993,144
4994,144
4995,144
4996,144
4997,144
4998,144
4999,144
5000,144
5001,144
5002,144
5003,144
5004,144
5005,144
5006,144
5007,144
5008,144
5009,144
5010,144
5011,144
5012,144
5013,144
5014,144
5015,144
5016,144
5017,144
5018,144
5019,144
5020,144
5021,144
5022,144
5023,144
5024,144
5025,144
5026,144
5027,144
5028,144
5029,144
5030,144
5031,144
5032,144
5033,144
5034,144
5035,144
5036,144
5037,144
5038,144
5039,144
5040,144
5041,144
5042,144
5043,144
5044,144
5045,144
5046,144
5047,144
5048,144
5049,144
5050,144
5051,144
5052,144
5053,144
5054,144
5055,144
5056,144
5057,144
5058,144
5059,144
5060,144
5061,144
5062,144
5063,144
5064,144
5065,144
5066,144
5067,144
5068,144
5069,144
5070,144
5071,144
5072,144
5073,144
5074,144
5075,144
5076,144
5077,144
5078,144
5079,144
5080,144
5081,144
5082,144
5083,144
5084,144
5085,144
5086,144
5087,144
5088,144
5089,144
5090,144
5091,144
5092,144
5093,144
5094,144
5095,144
5096,144
5097,144
5098,144
5099,144
5100,144
5101,144
5102,144
5103,144
5104,144
5105,144
5106,144
5107,144
5108,144
5109,144
5110,144
5111,144
5112,144
5113,144
5114,144
5115,144
5116,144
5117,144
5118,144
5119,144
5120,144
5121,144
5122,144
5123,144
5124,144
5125,144
5126,144
5127,144
5128,144
5129,144
5130,144
5131,144
5132,144
5133,144
5134,144
5135,144
5136,144
5137,144
5138,144
5139,144
5140,144
5141,144
5142,144
5143,144
5144,144
5145,144
5146,144
5147,144
5148,144
5149,144
5150,144
5151,144
5152,144
5153,144
5154,144
5155,144
5156,144
5157,144
5158,144
5159,144
5160,144
5161,144
5162,144
5163,144
5164,144
5165,144
5166,144
5167,144
5168,144
5169,144
5170,144
5171,144
5172,144
5173,144
5174,144
5175,144
5176,144
5177,144
5178,144
5179,144
5180,144
5181,144
5182,144
5183,144
5184,144
5185,144
5186,144
5187,144
5188,144
5189,144
5190,144
5191,144
5192,144
5193,144
5194,144
5195,144
5196,144
5197,144
5198,144
5199,144
5200,144
5201,144
5202,144
5203,144
5204,144
5205,144
5206,144
5207,144
5208,144
5209,144
5210,144
5211,144
5212,144
5213,144
5214,144
5215,144
5216,144
5217,144
5218,144
5219,144
5220,144
5221,144
5222,144
5223,144
5224,144
5225,144
5226,144
5227,144
5228,144
5229,144
5230,144
5231,144
5232,144
5233,144
5234,144
5235,144
5236,144
5237,144
5238,144
5239,144
5240,144
5241,144
5242,144
5243,144
5244,144
5245,144
5246,144
5247,144
5248,144
5249,144
5250,144
5251,144
5252,144
5253,144
5254,144
5255,144
5256,144
5257,144
5258,144
5259,144
5260,144
5261,144
5262,144
5263,144
5264,144
5265,144
5266,144
5267,144
5268,144
5269,144
5270,144
5271,144
5272,144
5273,144
5274,144
5275,144
5276,144
5277,144
5278,144
5279,144
5280,144
5281,144
5282,144
5283,144
5284,144
5285,144
5286,144
5287,144
5288,144
5289,144
5290,144
5291,144
5292,144
5293,144
5294,144
5295,144
5296,144
5297,144
5298,144
5299,144
5300,144
5301,144
5302,144
5303,144
5304,144
5305,144
5306,144
5307,144
5308,144
5309,144
5310,144
5311,144
5312,144
5313,144
5314,144
5315,144
5316,144
5317,144
5318,144
5319,144
5320,144
5321,144
5322,144
5323,144
5324,144
5325,144
5326,144
5327,144
5328,144
5329,144
5330,144
5331,144
5332,144
5333,144
5334,144
5335,144
5336,144
5337,144
5338,144
5339,144
5340,144
5341,144
5342,144
5343,144
5344,144
5345,144
5346,144
5347,144
5348,144
5349,144
5350,144
5351,144
5352,144
5353,144
5354,144
5355,144
5356,144
5357,144
5358,144
5359,144
5360,144
5361,144
5362,144
5363,144
5364,144
5365,144
5366,144
5367,144
5368,144
5369,144
5370,144
5371,144
5372,144
5373,144
5374,144
5375,144
5376,144
5377,144
5378,144
5379,144
5380,144
5381,144
5382,144
5383,144
5384,144
5385,144
5386,144
5387,144
5388,144
5389,144
5390,144
5391,144
5392,144
5393,144
5394,144
5395,144
5396,144
5397,144
5398,144
5399,144
5400,144
5401,144
5402,144
5403,144
5404,144
5405,144
5406,144
5407,144
5408,144
5409,144
5410,144
5411,144
5412,144
5413,144
5414,144
5415,144
5416,144
5417,144
5418,144
5419,144
5420,144
5421,144
5422,144
5423,144
5424,144
5425,144
5426,144
5427,144
5428,144
5429,144
5430,144
5431,144
5432,144
5433,144
5434,144
5435,144
5436,144
5437,144
5438,144
5439,144
5440,144
5441,144
5442,144
5443,144
5444,144
5445,144
5446,144
5447,144
5448,144
5449,144
5450,144
5451,144
5452,144
5453,144
5454,144
5455,144
5456,144
5457,144
5458,144
5459,144
5460,144
5461,144
5462,144
5463,144
5464,144
5465,144
5466,144
5467,144
5468,144
5469,144
5470,144
5471,144
5472,144
5473,144
5474,144
5475,144
5476,144
5477,144
5478,144
5479,144
5480,144
5481,144
5482,144
5483,144
5484,144
5485,144
5486,144
5487,144
5488,144
5489,144
5490,144
5491,144
5492,144
5493,144
5494,144
5495,144
5496,144
5497,144
5498,144
5499,144
5500,144
5501,144
5502,144
5503,144
5504,144
5505,144
5506,144
5507,144
5508,144
5509,144
5510,144
5511,144
5512,144
5513,144
5514,144
5515,144
5516,144
5517,144
5518,144
5519,144
5520,144
5521,144
5522,144
5523,144
5524,144
5525,144
5526,144
5527,144
5528,144
5529,144
5530,144
5531,144
5532,144
5533,144
5534,144
5535,144
5536,144
5537,144
5538,144
5539,144
5540,144
5541,144
5542,144
5543,144
5544,144
5545,144
5546,144
5547,144
5548,144
5549,144
5550,144
5551,144
5552,144
5553,144
5554,144
5555,144
5556,144
5557,144
5558,144
5559,144
5560,144
5561,144
5562,144
5563,144
5564,144
5565,144
5566,144
5567,144
5568,144
5569,144
5570,144
5571,144
5572,144
5573,144
5574,144
5575,144
5576,144
5577,144
5578,144
5579,144
5580,144
5581,144
5582,144
5583,144
5584,144
5585,144
5586,144
5587,144
5588,144
5589,144
5590,144
5591,144
5592,144
5593,144
5594,144
5595,144
5596,144
5597,144
5598,144
5599,144
5600,144
5601,144
5602,144
5603,144
5604,144
5605,144
5606,144
5607,144
5608,144
5609,144
5610,144
5611,144
5612,144
5613,144
5614,144
5615,144
5616,144
5617,144
5618,144
5619,144
5620,144
5621,144
5622,144
5623,144
5624,144
5625,144
5626,144
5627,144
5628,144
5629,144
5630,144
5631,144
5632,144
5633,144
5634,144
5635,144
5636,144
5637,144
5638,144
5639,144
5640,144
5641,144
5642,144
5643,144
5644,144
5645,144
5646,144
5647,144
5648,144
5649,144
5650,144
5651,144
5652,144
5653,144
5654,144
5655,144
5656,144
5657,144
5658,144
5659,144
5660,144
5661,144
5662,144
5663,144
5664,144
5665,144
5666,144
5667,144
5668,144
5669,144
5670,144
5671,144
5672,144
5673,144
5674,144
5675,144
5676,144
5677,144
5678,144
5679,144
5680,144
5681,144
5682,144
5683,144
5684,144
5685,144
5686,144
5687,144
5688,144
5689,144
5690,144
5691,144
5692,144
5693,144
5694,144
5695,144
5696,144
5697,144
5698,144
5699,144
5700,144
5701,144
5702,144
5703,144
5704,144
5705,144
5706,144
5707,144
5708,144
5709,144
5710,144
5711,144
5712,144
5713,144
5714,144
5715,144
5716,144
5717,144
5718,144
5719,144
5720,144
5721,144
5722,144
5723,144
5724,144
5725,144
5726,144
5727,144
5728,144
5729,144
5730,144
5731,144
5732,144
5733,144
5734,144
5735,144
5736,144
5737,144
5738,144
5739,144
5740,144
5741,144
5742,144
5743,144
5744,144
5745,144
5746,144
5747,144
5748,144
5749,144
5750,144
5751,144
5752,144
5753,144
5754,144
5755,144
5756,144
5757,144
5758,144
5759,144
5760,144
5761,144
5762,144
5763,144
5764,144
5765,144
5766,144
5767,144
5768,144
5769,144
5770,144
5771,144
5772,144
5773,144
5774,144
5775,144
5776,144
5777,144
5778,144
5779,144
5780,144
5781,144
5782,144
5783,144
5784,144
5785,144
5786,144
5787,144
5788,144
5789,144
5790,144
5791,144
5792,144
5793,144
5794,144
5795,144
5796,144
5797,144
5798,144
5799,144
5800,144
5801,144
5802,144
5803,144
5804,144
5805,144
5806,144
5807,144
5808,144
5809,144
5810,144
5811,144
5812,144
5813,144
5814,144
5815,144
5816,144
5817,144
5818,144
5819,144
5820,144
5821,144
5822,144
5823,144
5824,144
5825,144
5826,144
5827,144
5828,144
5829,144
5830,144
5831,144
5832,144
5833,144
5834,144
5835,144
5836,144
5837,144
5838,144
5839,144
5840,144
5841,144
5842,144
5843,144
5844,144
5845,144
5846,144
5847,144
5848,144
5849,144
5850,144
5851,144
5852,144
5853,144
5854,144
5855,144
5856,144
5857,144
5858,144
5859,144
5860,144
5861,144
5862,144
5863,144
5864,144
5865,144
5866,144
5867,144
5868,144
5869,144
5870,144
5871,144
5872,144
5873,144
5874,144
5875,144
5876,144
5877,144
5878,144
5879,144
5880,144
5881,144
5882,144
5883,144
5884,144
5885,144
5886,144
5887,144
5888,144
5889,144
5890,144
5891,144
5892,144
5893,144
5894,144
5895,144
5896,144
5897,144
5898,144
5899,144
5900,144
5901,144
5902,144
5903,144
5904,144
5905,144
5906,144
5907,144
5908,144
5909,144
5910,144
5911,144
5912,144
5913,144
5914,144
5915,144
5916,144
5917,144
5918,144
5919,144
5920,144
5921,144
5922,144
5923,144
5924,144
5925,144
5926,144
5927,144
5928,144
5929,144
5930,144
5931,144
5932,144
5933,144
5934,144
5935,144
5936,144
5937,144
5938,144
5939,144
5940,144
5941,144
5942,144
5943,144
5944,144
5945,144
5946,144
5947,144
5948,144
5949,144
5950,144
5951,144
5952,144
5953,144
5954,144
5955,144
5956,144
5957,144
5958,144
5959,144
5960,144
5961,144
5962,144
5963,144
5964,144
5965,144
5966,144
5967,144
5968,144
5969,144
5970,144
5971,144
5972,144
5973,144
5974,144
5975,144
5976,144
5977,144
5978,144
5979,144
5980,144
5981,144
5982,144
5983,144
5984,144
5985,144
5986,144
5987,144
5988,144
5989,144
5990,144
5991,144
5992,144
5993,144
5994,144
5995,144
5996,144
5997,144
5998,144
5999,144
6000,144
6001,144
6002,144
6003,144
6004,144
6005,144
6006,144
6007,144
6008,144
6009,144
6010,144
6011,144
6012,144
6013,144
6014,144
6015,144
6016,144
6017,144
6018,144
6019,144
6020,144
6021,144
6022,144
6023,144
6024,144
6025,144
6026,144
6027,144
6028,144
6029,144
6030,144
6031,144
6032,144
6033,144
6034,144
6035,144
6036,144
6037,144
6038,144
6039,144
6040,144
6041,144
6042,144
6043,144
6044,145
