0,0
1,3
2,6
3,9
4,11
5,14
6,17
7,18
8,21
9,21
10,24
11,25
12,27
13,29
14,32
15,34
16,36
17,38
18,39
19,39
20,40
21,42
22,43
23,43
24,43
25,45
26,45
27,47
28,48
29,49
30,50
31,52
32,54
33,55
34,55
35,57
36,58
37,59
38,60
39,61
40,62
41,64
42,64
43,66
44,68
45,68
46,69
47,69
48,69
49,70
50,71
51,72
52,75
53,76
54,77
55,78
56,78
57,79
58,81
59,82
60,83
61,84
62,85
63,86
64,87
65,87
66,88
67,90
68,92
69,92
70,93
71,94
72,94
73,94
74,94
75,94
76,94
77,95
78,95
79,95
80,95
81,95
82,95
83,96
84,96
85,96
86,96
87,97
88,97
89,97
90,97
91,98
92,98
93,98
94,98
95,99
96,99
97,99
98,99
99,100
100,100
101,101
102,101
103,101
104,102
105,103
106,103
107,103
108,103
109,103
110,103
111,103
112,103
113,103
114,104
115,104
116,104
117,104
118,104
119,104
120,104
121,105
122,105
123,105
124,105
125,105
126,105
127,105
128,105
129,105
130,105
131,105
132,105
133,106
134,106
135,107
136,107
137,107
138,107
139,107
140,107
141,107
142,107
143,107
144,107
145,107
146,108
147,108
148,108
149,108
150,109
151,109
152,110
153,110
154,110
155,111
156,111
157,111
158,111
159,111
160,111
161,111
162,111
163,111
164,112
165,113
166,114
167,115
168,115
169,116
170,116
171,116
172,116
173,117
174,119
175,119
176,119
177,119
178,119
179,119
180,119
181,120
182,120
183,120
184,120
185,120
186,120
187,121
188,122
189,122
190,122
191,122
192,122
193,122
194,122
195,122
196,122
197,122
198,122
199,122
200,122
201,122
202,122
203,122
204,122
205,122
206,123
207,124
208,124
209,124
210,124
211,124
212,124
213,124
214,124
215,124
216,124
217,124
218,124
219,124
220,124
221,124
222,124
223,124
224,124
225,124
226,124
227,124
228,124
229,124
230,124
231,124
232,124
233,124
234,124
235,124
236,124
237,124
238,124
239,124
240,124
241,124
242,124
243,124
244,124
245,124
246,124
247,124
248,124
249,124
250,124
251,124
252,124
253,124
254,124
255,124
256,124
257,124
258,124
259,124
260,124
261,124
262,124
263,124
264,124
265,124
266,124
267,124
268,124
269,124
270,124
271,124
272,124
273,124
274,124
275,124
276,124
277,124
278,124
279,124
280,124
281,124
282,124
283,124
284,124
285,124
286,124
287,124
288,125
289,125
290,125
291,125
292,125
293,125
294,125
295,125
296,125
297,125
298,126
299,126
300,126
301,126
302,126
303,127
304,127
305,127
306,127
307,127
308,127
309,127
310,127
311,127
312,127
313,127
314,127
315,127
316,127
317,127
318,127
319,127
320,127
321,127
322,127
323,127
324,127
325,127
326,127
327,127
328,127
329,127
330,127
331,127
332,127
333,128
334,128
335,128
336,128
337,128
338,128
339,128
340,128
341,128
342,128
343,128
344,128
345,128
346,128
347,128
348,128
349,128
350,128
351,128
352,128
353,128
354,128
355,128
356,128
357,128
358,128
359,128
360,128
361,128
362,128
363,128
364,128
365,128
366,128
367,128
368,128
369,128
370,128
371,128
372,128
373,128
374,128
375,128
376,128
377,128
378,128
379,128
380,128
381,128
382,128
383,128
384,128
385,128
386,128
387,128
388,128
389,128
390,128
391,128
392,128
393,128
394,128
395,128
396,128
397,128
398,128
399,128
400,128
401,128
402,128
403,128
404,128
405,129
406,130
407,131
408,131
409,131
410,132
411,132
412,132
413,132
414,132
415,132
416,132
417,132
418,133
419,133
420,133
421,133
422,133
423,133
424,133
425,133
426,133
427,133
428,133
429,133
430,133
431,133
432,133
433,133
434,133
435,133
436,133
437,133
438,133
439,133
440,133
441,133
442,133
443,133
444,133
445,133
446,133
447,133
448,133
449,133
450,133
451,133
452,133
453,133
454,133
455,133
456,133
457,133
458,133
459,133
460,133
461,133
462,133
463,133
464,133
465,133
466,133
467,133
468,133
469,133
470,133
471,133
472,133
473,133
474,133
475,133
476,133
477,133
478,133
479,133
480,133
481,133
482,133
483,133
484,133
485,133
486,133
487,133
488,133
489,133
490,133
491,133
492,133
493,133
494,133
495,133
496,133
497,133
498,133
499,133
500,133
501,133
502,133
503,133
504,133
505,133
506,133
507,133
508,133
509,133
510,133
511,133
512,133
513,133
514,133
515,133
516,133
517,133
518,133
519,133
520,133
521,133
522,133
523,133
524,133
525,133
526,133
527,133
528,133
529,133
530,133
531,133
532,133
533,133
534,133
535,133
536,133
537,133
538,133
539,133
540,133
541,133
542,133
543,133
544,133
545,133
546,133
547,133
548,133
549,133
550,133
551,133
552,133
553,133
554,133
555,133
556,133
557,133
558,133
559,133
560,133
561,133
562,133
563,133
564,133
565,133
566,133
567,133
568,133
569,133
570,133
571,133
572,133
573,133
574,133
575,133
576,133
577,133
578,133
579,133
580,133
581,133
582,133
583,133
584,133
585,133
586,133
587,133
588,133
589,133
590,133
591,133
592,133
593,133
594,133
595,133
596,133
597,133
598,133
599,133
600,133
601,134
602,135
603,136
604,136
605,137
606,137
607,137
608,137
609,137
610,137
611,137
612,137
613,137
614,137
615,137
616,137
617,137
618,137
619,137
620,137
621,137
622,137
623,137
624,137
625,137
626,137
627,137
628,137
629,137
630,137
631,137
632,137
633,137
634,137
635,137
636,137
637,137
638,137
639,137
640,137
641,137
642,137
643,137
644,137
645,137
646,137
647,137
648,137
649,137
650,137
651,137
652,137
653,137
654,137
655,137
656,137
657,137
658,137
659,137
660,137
661,137
662,137
663,137
664,137
665,137
666,137
667,137
668,138
669,138
670,139
671,140
672,141
673,142
674,142
675,142
676,142
677,142
678,142
679,143
680,143
681,143
682,143
683,143
684,143
685,143
686,143
687,143
688,143
689,143
690,143
691,143
692,143
693,143
694,143
695,143
696,143
697,143
698,143
699,143
700,143
701,143
702,143
703,143
704,143
705,143
706,143
707,143
708,143
709,143
710,143
711,143
712,143
713,143
714,143
715,143
716,143
717,143
718,143
719,143
720,143
721,143
722,143
723,143
724,143
725,143
726,143
727,143
728,143
729,143
730,143
731,143
732,143
733,143
734,143
735,143
736,143
737,143
738,143
739,143
740,143
741,143
742,143
743,143
744,143
745,143
746,143
747,143
748,143
749,143
750,143
751,143
752,143
753,143
754,143
755,143
756,143
757,143
758,143
759,143
760,143
761,143
762,143
763,143
764,143
765,143
766,143
767,143
768,143
769,143
770,143
771,143
772,143
773,143
774,143
775,143
776,143
777,143
778,143
779,143
780,143
781,143
782,143
783,143
784,143
785,143
786,143
787,143
788,143
789,143
790,143
791,143
792,143
793,143
794,143
795,143
796,143
797,143
798,143
799,143
800,143
801,143
802,143
803,143
804,143
805,143
806,143
807,143
808,143
809,143
810,143
811,143
812,143
813,143
814,143
815,143
816,143
817,143
818,143
819,143
820,143
821,143
822,143
823,143
824,143
825,143
826,143
827,143
828,143
829,143
830,143
831,143
832,143
833,143
834,143
835,143
836,143
837,143
838,143
839,143
840,143
841,143
842,143
843,143
844,143
845,143
846,143
847,143
848,143
849,143
850,143
851,143
852,143
853,143
854,143
855,143
856,143
857,143
858,143
859,143
860,143
861,143
862,143
863,143
864,143
865,143
866,143
867,143
868,143
869,143
870,143
871,143
872,143
873,143
874,143
875,143
876,143
877,143
878,143
879,143
880,143
881,143
882,143
883,143
884,143
885,143
886,143
887,143
888,143
889,143
890,143
891,143
892,143
893,143
894,143
895,143
896,143
897,143
898,143
899,143
900,143
901,143
902,143
903,143
904,143
905,143
906,143
907,143
908,143
909,143
910,143
911,143
912,143
913,143
914,143
915,143
916,143
917,143
918,143
919,143
920,143
921,143
922,143
923,143
924,143
925,143
926,143
927,143
928,143
929,143
930,143
931,143
932,143
933,143
934,143
935,143
936,143
937,143
938,143
939,143
940,143
941,143
942,143
943,143
944,143
945,143
946,143
947,143
948,143
949,143
950,143
951,143
952,143
953,143
954,143
955,143
956,143
957,143
958,143
959,143
960,143
961,143
962,143
963,143
964,143
965,143
966,143
967,143
968,143
969,143
970,143
971,143
972,143
973,143
974,143
975,143
976,143
977,143
978,143
979,143
980,143
981,143
982,143
983,143
984,143
985,143
986,143
987,143
988,143
989,143
990,143
991,143
992,143
993,143
994,143
995,143
996,143
997,143
998,143
999,143
1000,143
1001,143
1002,143
1003,143
1004,143
1005,143
1006,143
1007,143
1008,143
1009,143
1010,143
1011,143
1012,143
1013,143
1014,143
1015,143
1016,143
1017,143
1018,143
1019,143
1020,143
1021,143
1022,143
1023,143
1024,143
1025,143
1026,143
1027,143
1028,143
1029,143
1030,143
1031,143
1032,143
1033,143
1034,143
1035,143
1036,143
1037,143
1038,143
1039,143
1040,143
1041,143
1042,143
1043,143
1044,143
1045,143
1046,143
1047,143
1048,143
1049,143
1050,143
1051,143
1052,143
1053,143
1054,143
1055,143
1056,143
1057,143
1058,143
1059,143
1060,143
1061,143
1062,143
1063,143
1064,143
1065,143
1066,143
1067,143
1068,143
1069,143
1070,143
1071,143
1072,143
1073,143
1074,143
1075,143
1076,143
1077,143
1078,143
1079,143
1080,143
1081,143
1082,143
1083,143
1084,143
1085,143
1086,143
1087,143
1088,143
1089,143
1090,143
1091,143
1092,143
1093,143
1094,143
1095,143
1096,143
1097,143
1098,143
1099,143
1100,143
1101,143
1102,143
1103,143
1104,143
1105,143
1106,143
1107,143
1108,143
1109,143
1110,143
1111,143
1112,143
1113,143
1114,143
1115,143
1116,143
1117,143
1118,143
1119,143
1120,143
1121,143
1122,143
1123,143
1124,143
1125,143
1126,143
1127,143
1128,143
1129,143
1130,143
1131,143
1132,143
1133,143
1134,143
1135,143
1136,143
1137,143
1138,143
1139,143
1140,143
1141,143
1142,143
1143,143
1144,143
1145,143
1146,143
1147,143
1148,143
1149,143
1150,143
1151,143
1152,143
1153,143
1154,143
1155,143
1156,143
1157,143
1158,143
1159,143
1160,143
1161,143
1162,143
1163,143
1164,143
1165,143
1166,143
1167,143
1168,143
1169,143
1170,143
1171,143
1172,143
1173,143
1174,143
1175,143
1176,143
1177,143
1178,143
1179,143
1180,143
1181,143
1182,143
1183,143
1184,143
1185,143
1186,143
1187,143
1188,143
1189,143
1190,143
1191,143
1192,143
1193,143
1194,143
1195,143
1196,143
1197,143
1198,143
1199,143
1200,143
1201,143
1202,143
1203,143
1204,143
1205,143
1206,143
1207,143
1208,143
1209,143
1210,143
1211,143
1212,143
1213,143
1214,143
1215,143
1216,143
1217,143
1218,143
1219,143
1220,143
1221,143
1222,143
1223,143
1224,143
1225,143
1226,143
1227,143
1228,143
1229,143
1230,143
1231,143
1232,143
1233,143
1234,143
1235,143
1236,143
1237,143
1238,143
1239,143
1240,143
1241,143
1242,143
1243,143
1244,143
1245,143
1246,143
1247,143
1248,143
1249,143
1250,143
1251,143
1252,143
1253,143
1254,143
1255,143
1256,143
1257,143
1258,143
1259,143
1260,143
1261,143
1262,143
1263,143
1264,143
1265,143
1266,143
1267,143
1268,143
1269,143
1270,143
1271,143
1272,143
1273,143
1274,143
1275,143
1276,143
1277,143
1278,143
1279,143
1280,143
1281,143
1282,143
1283,143
1284,143
1285,143
1286,143
1287,143
1288,143
1289,143
1290,143
1291,143
1292,143
1293,143
1294,143
1295,143
1296,143
1297,143
1298,143
1299,143
1300,143
1301,143
1302,143
1303,143
1304,143
1305,143
1306,143
1307,143
1308,143
1309,143
1310,143
1311,143
1312,143
1313,143
1314,143
1315,143
1316,143
1317,143
1318,143
1319,143
1320,143
1321,143
1322,143
1323,143
1324,143
1325,143
1326,143
1327,143
1328,143
1329,143
1330,143
1331,143
1332,143
1333,143
1334,143
1335,143
1336,143
1337,143
1338,143
1339,143
1340,143
1341,143
1342,143
1343,143
1344,143
1345,143
1346,143
1347,143
1348,143
1349,143
1350,143
1351,143
1352,143
1353,143
1354,143
1355,143
1356,143
1357,143
1358,143
1359,143
1360,143
1361,143
1362,143
1363,143
1364,143
1365,143
1366,143
1367,143
1368,143
1369,143
1370,143
1371,143
1372,143
1373,143
1374,143
1375,143
1376,143
1377,143
1378,143
1379,143
1380,143
1381,143
1382,143
1383,143
1384,143
1385,143
1386,143
1387,143
1388,143
1389,143
1390,143
1391,143
1392,143
1393,143
1394,143
1395,143
1396,143
1397,143
1398,143
1399,143
1400,143
1401,143
1402,143
1403,143
1404,143
1405,143
1406,143
1407,143
1408,143
1409,143
1410,143
1411,143
1412,143
1413,143
1414,143
1415,143
1416,143
1417,143
1418,143
1419,143
1420,143
1421,143
1422,143
1423,143
1424,143
1425,143
1426,143
1427,143
1428,143
1429,143
1430,143
1431,143
1432,143
1433,143
1434,143
1435,143
1436,143
1437,143
1438,143
1439,143
1440,143
1441,143
1442,143
1443,143
1444,143
1445,143
1446,143
1447,143
1448,143
1449,143
1450,143
1451,143
1452,143
1453,143
1454,143
1455,143
1456,143
1457,143
1458,143
1459,143
1460,143
1461,143
1462,143
1463,143
1464,143
1465,143
1466,143
1467,143
1468,143
1469,143
1470,143
1471,143
1472,143
1473,143
1474,143
1475,143
1476,143
1477,143
1478,143
1479,143
1480,143
1481,143
1482,143
1483,143
1484,143
1485,143
1486,143
1487,143
1488,143
1489,143
1490,143
1491,143
1492,143
1493,143
1494,143
1495,143
1496,143
1497,143
1498,143
1499,143
1500,143
1501,143
1502,143
1503,143
1504,143
1505,143
1506,143
1507,143
1508,143
1509,143
1510,143
1511,143
1512,143
1513,143
1514,143
1515,143
1516,143
1517,143
1518,143
1519,143
1520,143
1521,143
1522,143
1523,143
1524,143
1525,143
1526,143
1527,143
1528,143
1529,143
1530,143
1531,143
1532,143
1533,143
1534,143
1535,143
1536,143
1537,143
1538,143
1539,143
1540,143
1541,143
1542,143
1543,143
1544,143
1545,143
1546,143
1547,143
1548,143
1549,143
1550,143
1551,143
1552,143
1553,143
1554,143
1555,143
1556,143
1557,143
1558,143
1559,143
1560,143
1561,143
1562,143
1563,143
1564,143
1565,143
1566,143
1567,143
1568,143
1569,143
1570,143
1571,143
1572,143
1573,143
1574,143
1575,143
1576,143
1577,143
1578,143
1579,143
1580,143
1581,143
1582,143
1583,143
1584,143
1585,143
1586,143
1587,143
1588,143
1589,143
1590,143
1591,143
1592,143
1593,143
1594,143
1595,143
1596,143
1597,143
1598,143
1599,143
1600,143
1601,143
1602,143
1603,143
1604,143
1605,143
1606,143
1607,143
1608,143
1609,143
1610,143
1611,143
1612,143
1613,143
1614,143
1615,143
1616,143
1617,143
1618,143
1619,143
1620,143
1621,143
1622,143
1623,143
1624,143
1625,143
1626,143
1627,143
1628,143
1629,143
1630,143
1631,143
1632,143
1633,143
1634,143
1635,143
1636,143
1637,143
1638,143
1639,143
1640,143
1641,143
1642,143
1643,143
1644,143
1645,143
1646,143
1647,143
1648,143
1649,143
1650,143
1651,143
1652,143
1653,143
1654,143
1655,143
1656,143
1657,143
1658,143
1659,143
1660,143
1661,143
1662,143
1663,143
1664,143
1665,143
1666,143
1667,143
1668,143
1669,143
1670,143
1671,143
1672,143
1673,143
1674,143
1675,143
1676,143
1677,143
1678,143
1679,143
1680,143
1681,143
1682,143
1683,143
1684,143
1685,143
1686,143
1687,143
1688,143
1689,143
1690,143
1691,143
1692,143
1693,143
1694,143
1695,143
1696,143
1697,143
1698,143
1699,143
1700,143
1701,143
1702,143
1703,143
1704,143
1705,143
1706,143
1707,143
1708,143
1709,143
1710,143
1711,143
1712,143
1713,143
1714,143
1715,143
1716,143
1717,143
1718,143
1719,143
1720,143
1721,143
1722,143
1723,143
1724,143
1725,143
1726,143
1727,143
1728,143
1729,143
1730,143
1731,143
1732,143
1733,143
1734,143
1735,143
1736,143
1737,143
1738,143
1739,143
1740,143
1741,143
1742,143
1743,143
1744,143
1745,143
1746,143
1747,143
1748,143
1749,143
1750,143
1751,143
1752,143
1753,143
1754,143
1755,143
1756,143
1757,143
1758,143
1759,143
1760,143
1761,143
1762,143
1763,143
1764,143
1765,143
1766,143
1767,143
1768,143
1769,143
1770,143
1771,143
1772,143
1773,143
1774,143
1775,143
1776,143
1777,143
1778,143
1779,143
1780,143
1781,143
1782,143
1783,143
1784,143
1785,143
1786,143
1787,143
1788,143
1789,143
1790,143
1791,143
1792,143
1793,143
1794,143
1795,143
1796,143
1797,143
1798,143
1799,143
1800,143
1801,143
1802,143
1803,143
1804,143
1805,143
1806,143
1807,143
1808,143
1809,143
1810,143
1811,143
1812,143
1813,143
1814,143
1815,143
1816,143
1817,143
1818,143
1819,143
1820,143
1821,143
1822,143
1823,143
1824,143
1825,143
1826,143
1827,143
1828,143
1829,143
1830,143
1831,143
1832,143
1833,143
1834,143
1835,143
1836,143
1837,143
1838,143
1839,143
1840,143
1841,143
1842,143
1843,143
1844,143
1845,143
1846,143
1847,143
1848,143
1849,143
1850,143
1851,143
1852,143
1853,143
1854,143
1855,143
1856,143
1857,143
1858,143
1859,143
1860,143
1861,143
1862,143
1863,143
1864,143
1865,143
1866,143
1867,143
1868,143
1869,143
1870,143
1871,143
1872,143
1873,143
1874,143
1875,143
1876,143
1877,143
1878,143
1879,143
1880,143
1881,143
1882,143
1883,143
1884,143
1885,143
1886,143
1887,143
1888,143
1889,143
1890,143
1891,143
1892,143
1893,143
1894,143
1895,143
1896,143
1897,143
1898,143
1899,143
1900,143
1901,143
1902,143
1903,143
1904,143
1905,143
1906,143
1907,143
1908,143
1909,143
1910,143
1911,143
1912,143
1913,143
1914,143
1915,143
1916,143
1917,143
1918,143
1919,143
1920,143
1921,143
1922,143
1923,143
1924,143
1925,143
1926,143
1927,143
1928,143
1929,143
1930,143
1931,143
1932,143
1933,143
1934,143
1935,143
1936,143
1937,143
1938,143
1939,143
1940,143
1941,143
1942,143
1943,143
1944,143
1945,143
1946,143
1947,143
1948,143
1949,143
1950,143
1951,143
1952,143
1953,143
1954,143
1955,143
1956,143
1957,143
1958,143
1959,143
1960,143
1961,143
1962,143
1963,143
1964,143
1965,143
1966,143
1967,143
1968,143
1969,143
1970,143
1971,143
1972,143
1973,143
1974,143
1975,143
1976,143
1977,143
1978,143
1979,143
1980,143
1981,143
1982,143
1983,143
1984,143
1985,143
1986,143
1987,143
1988,143
1989,143
1990,143
1991,143
1992,143
1993,143
1994,143
1995,143
1996,143
1997,143
1998,143
1999,143
2000,143
2001,143
2002,143
2003,143
2004,143
2005,143
2006,143
2007,143
2008,143
2009,143
2010,143
2011,143
2012,143
2013,143
2014,143
2015,143
2016,143
2017,143
2018,143
2019,143
2020,143
2021,143
2022,143
2023,143
2024,143
2025,143
2026,143
2027,143
2028,143
2029,143
2030,143
2031,143
2032,143
2033,143
2034,143
2035,143
2036,143
2037,143
2038,143
2039,143
2040,143
2041,143
2042,143
2043,143
2044,143
2045,143
2046,143
2047,143
2048,143
2049,143
2050,143
2051,143
2052,143
2053,143
2054,143
2055,143
2056,143
2057,143
2058,143
2059,143
2060,143
2061,143
2062,143
2063,143
2064,143
2065,143
2066,143
2067,143
2068,143
2069,143
2070,143
2071,143
2072,143
2073,143
2074,143
2075,143
2076,143
2077,143
2078,143
2079,143
2080,143
2081,143
2082,143
2083,143
2084,143
2085,143
2086,143
2087,143
2088,143
2089,143
2090,143
2091,143
2092,143
2093,143
2094,143
2095,143
2096,143
2097,143
2098,143
2099,143
2100,143
2101,143
2102,143
2103,143
2104,143
2105,143
2106,143
2107,143
2108,143
2109,143
2110,143
2111,143
2112,143
2113,143
2114,143
2115,143
2116,143
2117,143
2118,143
2119,143
2120,143
2121,143
2122,143
2123,143
2124,143
2125,143
2126,143
2127,143
2128,143
2129,143
2130,143
2131,143
2132,143
2133,143
2134,143
2135,143
2136,143
2137,143
2138,143
2139,143
2140,143
2141,143
2142,143
2143,143
2144,143
2145,143
2146,143
2147,143
2148,143
2149,143
2150,143
2151,143
2152,143
2153,143
2154,143
2155,143
2156,143
2157,143
2158,143
2159,143
2160,143
2161,143
2162,143
2163,143
2164,143
2165,143
2166,143
2167,143
2168,143
2169,143
2170,143
2171,143
2172,143
2173,143
2174,143
2175,143
2176,143
2177,143
2178,143
2179,143
2180,143
2181,143
2182,143
2183,143
2184,143
2185,143
2186,143
2187,143
2188,143
2189,143
2190,143
2191,143
2192,143
2193,143
2194,143
2195,143
2196,143
2197,143
2198,143
2199,143
2200,143
2201,143
2202,143
2203,143
2204,143
2205,143
2206,143
2207,143
2208,143
2209,143
2210,143
2211,143
2212,143
2213,143
2214,143
2215,143
2216,143
2217,143
2218,143
2219,143
2220,143
2221,143
2222,143
2223,143
2224,143
2225,143
2226,143
2227,144
2228,144
2229,144
2230,144
2231,144
2232,144
2233,144
2234,144
2235,144
2236,144
2237,144
2238,144
2239,144
2240,144
2241,144
2242,144
2243,144
2244,144
2245,144
2246,144
2247,144
2248,144
2249,144
2250,144
2251,144
2252,144
2253,144
2254,144
2255,144
2256,144
2257,144
2258,144
2259,144
2260,144
2261,144
2262,144
2263,144
2264,144
2265,144
2266,144
2267,144
2268,144
2269,144
2270,144
2271,144
2272,144
2273,144
2274,144
2275,144
2276,144
2277,144
2278,144
2279,144
2280,144
2281,144
2282,144
2283,144
2284,144
2285,144
2286,144
2287,144
2288,144
2289,144
2290,144
2291,144
2292,144
2293,144
2294,144
2295,144
2296,144
2297,144
2298,144
2299,144
2300,144
2301,144
2302,144
2303,144
2304,144
2305,144
2306,144
2307,144
2308,144
2309,144
2310,144
2311,144
2312,144
2313,144
2314,144
2315,144
2316,144
2317,144
2318,144
2319,144
2320,144
2321,144
2322,144
2323,144
2324,144
2325,144
2326,144
2327,144
2328,144
2329,144
2330,144
2331,144
2332,144
2333,144
2334,144
2335,144
2336,144
2337,144
2338,144
2339,144
2340,144
2341,144
2342,144
2343,144
2344,144
2345,144
2346,144
2347,144
2348,144
2349,144
2350,144
2351,144
2352,144
2353,144
2354,144
2355,144
2356,144
2357,144
2358,144
2359,144
2360,144
2361,144
2362,144
2363,144
2364,144
2365,144
2366,144
2367,144
2368,144
2369,144
2370,144
2371,144
2372,144
2373,144
2374,144
2375,144
2376,144
2377,144
2378,144
2379,145
