0,0
1,1
2,2
3,2
4,2
5,3
6,4
7,5
8,5
9,6
10,7
11,8
12,9
13,9
14,10
15,11
16,12
17,13
18,14
19,15
20,16
21,17
22,17
23,17
24,17
25,18
26,18
27,19
28,20
29,20
30,21
31,22
32,23
33,24
34,25
35,26
36,27
37,27
38,28
39,29
40,30
41,30
42,31
43,32
44,33
45,34
46,35
47,35
48,36
49,37
50,37
51,38
52,39
53,40
54,40
55,41
56,41
57,41
58,42
59,43
60,43
61,44
62,44
63,45
64,46
65,47
66,47
67,48
68,49
69,50
70,51
71,52
72,52
73,53
74,53
75,54
76,54
77,55
78,56
79,56
80,56
81,57
82,58
83,58
84,58
85,59
86,59
87,59
88,59
89,59
90,59
91,60
92,60
93,60
94,60
95,60
96,60
97,60
98,60
99,61
100,62
101,62
102,62
103,63
104,63
105,63
106,63
107,63
108,63
109,64
110,64
111,64
112,64
113,64
114,64
115,64
116,64
117,64
118,64
119,65
120,65
121,65
122,65
123,65
124,65
125,65
126,65
127,65
128,66
129,67
130,67
131,67
132,67
133,67
134,68
135,69
136,69
137,69
138,69
139,70
140,70
141,70
142,70
143,71
144,71
145,71
146,71
147,71
148,71
149,71
150,71
151,71
152,71
153,71
154,71
155,71
156,71
157,71
158,71
159,71
160,71
161,71
162,71
163,71
164,71
165,71
166,71
167,71
168,72
169,72
170,72
171,72
172,72
173,72
174,72
175,72
176,72
177,73
178,73
179,74
180,74
181,75
182,75
183,75
184,76
185,76
186,76
187,77
188,77
189,77
190,78
191,78
192,78
193,78
194,78
195,79
196,79
197,79
198,79
199,79
200,79
201,79
202,79
203,79
204,79
205,79
206,79
207,79
208,79
209,79
210,79
211,79
212,79
213,80
214,80
215,80
216,80
217,80
218,80
219,80
220,80
221,80
222,80
223,80
224,80
225,80
226,80
227,81
228,81
229,81
230,81
231,81
232,81
233,81
234,81
235,81
236,81
237,81
238,81
239,81
240,81
241,82
242,82
243,82
244,82
245,82
246,82
247,82
248,82
249,82
250,82
251,82
252,82
253,82
254,82
255,82
256,82
257,82
258,82
259,82
260,82
261,82
262,82
263,82
264,82
265,82
266,82
267,82
268,82
269,82
270,82
271,82
272,82
273,82
274,82
275,82
276,82
277,82
278,82
279,82
280,82
281,82
282,82
283,82
284,82
285,82
286,82
287,82
288,82
289,82
290,82
291,82
292,82
293,82
294,82
295,82
296,82
297,82
298,83
299,83
300,83
301,83
302,83
303,83
304,83
305,83
306,83
307,83
308,83
309,83
310,83
311,83
312,83
313,83
314,83
315,83
316,83
317,83
318,83
319,83
320,83
321,83
322,83
323,83
324,84
325,85
326,86
327,86
328,86
329,86
330,86
331,86
332,86
333,86
334,86
335,86
336,86
337,86
338,86
339,86
340,86
341,87
342,88
343,88
344,88
345,88
346,88
347,88
348,88
349,88
350,88
351,88
352,88
353,88
354,88
355,88
356,88
357,88
358,88
359,88
360,88
361,88
362,88
363,89
364,89
365,89
366,89
367,89
368,89
369,89
370,89
371,89
372,89
373,89
374,89
375,89
376,89
377,89
378,89
379,89
380,89
381,89
382,89
383,89
384,89
385,89
386,89
387,89
388,89
389,89
390,89
391,89
392,89
393,89
394,89
395,89
396,89
397,89
398,89
399,89
400,89
401,89
402,89
403,89
404,89
405,89
406,89
407,89
408,90
409,90
410,90
411,90
412,90
413,90
414,90
415,90
416,90
417,90
418,90
419,90
420,90
421,90
422,90
423,90
424,90
425,90
426,90
427,90
428,90
429,90
430,90
431,90
432,90
433,90
434,90
435,90
436,90
437,90
438,90
439,90
440,90
441,90
442,90
443,90
444,90
445,90
446,90
447,90
448,90
449,90
450,90
451,90
452,90
453,90
454,90
455,90
456,90
457,90
458,90
459,90
460,90
461,90
462,90
463,90
464,90
465,90
466,90
467,90
468,90
469,90
470,90
471,90
472,90
473,90
474,90
475,90
476,90
477,90
478,90
479,90
480,90
481,90
482,90
483,90
484,90
485,90
486,90
487,90
488,90
489,90
490,90
491,90
492,90
493,90
494,90
495,90
496,90
497,90
498,90
499,91
500,91
501,91
502,91
503,91
504,91
505,92
506,93
507,93
508,94
509,94
510,94
511,94
512,94
513,95
514,95
515,95
516,95
517,95
518,95
519,95
520,95
521,95
522,95
523,95
524,96
525,96
526,96
527,96
528,96
529,96
530,96
531,96
532,96
533,96
534,96
535,96
536,96
537,96
538,96
539,96
540,96
541,96
542,96
543,96
544,96
545,96
546,96
547,96
548,96
549,96
550,96
551,96
552,96
553,96
554,96
555,96
556,96
557,96
558,96
559,96
560,96
561,96
562,96
563,96
564,96
565,96
566,96
567,96
568,96
569,96
570,96
571,96
572,96
573,96
574,96
575,96
576,96
577,96
578,96
579,96
580,96
581,96
582,96
583,96
584,96
585,96
586,96
587,96
588,96
589,96
590,96
591,96
592,96
593,96
594,96
595,96
596,96
597,96
598,96
599,96
600,96
601,96
602,96
603,96
604,96
605,96
606,96
607,96
608,96
609,96
610,96
611,96
612,96
613,96
614,96
615,96
616,96
617,96
618,96
619,96
620,96
621,96
622,96
623,96
624,96
625,96
626,96
627,96
628,96
629,96
630,96
631,96
632,96
633,96
634,96
635,96
636,96
637,96
638,96
639,96
640,96
641,96
642,96
643,96
644,96
645,96
646,96
647,96
648,96
649,96
650,96
651,96
652,96
653,96
654,96
655,96
656,96
657,96
658,96
659,96
660,96
661,96
662,96
663,96
664,96
665,96
666,96
667,96
668,96
669,96
670,96
671,96
672,96
673,96
674,96
675,96
676,96
677,96
678,96
679,96
680,96
681,96
682,96
683,96
684,96
685,96
686,96
687,96
688,96
689,96
690,96
691,96
692,96
693,96
694,96
695,96
696,96
697,96
698,96
699,96
700,96
701,96
702,96
703,96
704,96
705,96
706,96
707,96
708,96
709,96
710,96
711,96
712,96
713,96
714,96
715,96
716,96
717,96
718,96
719,96
720,96
721,96
722,96
723,96
724,96
725,96
726,96
727,96
728,96
729,96
730,96
731,96
732,96
733,96
734,96
735,96
736,96
737,96
738,96
739,96
740,96
741,96
742,96
743,96
744,96
745,96
746,96
747,96
748,96
749,96
750,96
751,96
752,96
753,96
754,96
755,96
756,96
757,96
758,96
759,96
760,96
761,96
762,96
763,96
764,96
765,96
766,96
767,96
768,96
769,96
770,96
771,96
772,96
773,97
774,97
775,97
776,97
777,97
778,97
779,97
780,97
781,97
782,97
783,97
784,97
785,97
786,97
787,97
788,97
789,97
790,97
791,97
792,97
793,97
794,97
795,97
796,97
797,97
798,97
799,97
800,97
801,97
802,97
803,97
804,97
805,97
806,97
807,97
808,97
809,97
810,97
811,97
812,97
813,97
814,97
815,97
816,97
817,97
818,97
819,97
820,97
821,97
822,97
823,97
824,97
825,97
826,97
827,97
828,97
829,97
830,97
831,97
832,97
833,97
834,97
835,97
836,97
837,97
838,97
839,97
840,97
841,97
842,97
843,97
844,97
845,97
846,97
847,97
848,97
849,97
850,97
851,97
852,97
853,97
854,97
855,97
856,97
857,97
858,97
859,97
860,97
861,97
862,97
863,97
864,97
865,97
866,97
867,97
868,97
869,97
870,97
871,97
872,97
873,97
874,97
875,97
876,97
877,97
878,97
879,97
880,97
881,97
882,97
883,97
884,97
885,97
886,97
887,97
888,97
889,97
890,97
891,97
892,97
893,97
894,97
895,97
896,97
897,97
898,97
899,97
900,97
901,97
902,97
903,97
904,97
905,97
906,97
907,97
908,97
909,97
910,97
911,97
912,97
913,97
914,97
915,97
916,97
917,97
918,97
919,97
920,97
921,97
922,97
923,97
924,97
925,97
926,97
927,97
928,97
929,97
930,97
931,97
932,97
933,97
934,97
935,97
936,97
937,97
938,97
939,97
940,97
941,97
942,97
943,97
944,97
945,97
946,97
947,97
948,97
949,97
950,97
951,97
952,97
953,97
954,97
955,97
956,97
957,97
958,97
959,97
960,97
961,97
962,97
963,97
964,97
965,97
966,97
967,97
968,97
969,97
970,97
971,97
972,97
973,97
974,97
975,97
976,97
977,97
978,97
979,97
980,97
981,97
982,97
983,97
984,97
985,97
986,97
987,97
988,97
989,97
990,97
991,97
992,97
993,97
994,97
995,97
996,97
997,97
998,97
999,97
1000,97
1001,97
1002,97
1003,97
1004,97
1005,97
1006,97
1007,97
1008,97
1009,97
1010,97
1011,97
1012,97
1013,97
1014,97
1015,97
1016,97
1017,97
1018,97
1019,97
1020,97
1021,97
1022,97
1023,97
1024,97
1025,97
1026,97
1027,97
1028,97
1029,97
1030,97
1031,97
1032,97
1033,97
1034,97
1035,97
1036,97
1037,97
1038,97
1039,97
1040,97
1041,97
1042,97
1043,97
1044,97
1045,97
1046,97
1047,97
1048,97
1049,97
1050,97
1051,97
1052,97
1053,97
1054,97
1055,97
1056,97
1057,97
1058,97
1059,97
1060,97
1061,97
1062,97
1063,98
1064,98
1065,98
1066,98
1067,98
1068,98
1069,98
1070,98
1071,98
1072,98
1073,98
1074,98
1075,98
1076,98
1077,98
1078,98
1079,98
1080,98
1081,98
1082,98
1083,98
1084,98
1085,98
1086,98
1087,98
1088,98
1089,98
1090,98
1091,98
1092,98
1093,98
1094,98
1095,98
1096,98
1097,98
1098,98
1099,98
1100,98
1101,98
1102,98
1103,98
1104,98
1105,98
1106,98
1107,98
1108,98
1109,98
1110,98
1111,98
1112,98
1113,98
1114,98
1115,98
1116,98
1117,98
1118,98
1119,98
1120,98
1121,98
1122,98
1123,98
1124,98
1125,98
1126,98
1127,98
1128,98
1129,98
1130,98
1131,98
1132,98
1133,98
1134,98
1135,99
1136,99
1137,99
1138,99
1139,99
1140,99
1141,99
1142,99
1143,99
1144,99
1145,99
1146,99
1147,99
1148,99
1149,99
1150,99
1151,99
1152,99
1153,99
1154,99
1155,99
1156,99
1157,99
1158,100
