0,0
1,1
2,2
3,3
4,3
5,4
6,5
7,6
8,7
9,7
10,7
11,8
12,9
13,9
14,10
15,11
16,12
17,13
18,14
19,15
20,16
21,17
22,17
23,18
24,18
25,19
26,20
27,21
28,22
29,23
30,23
31,24
32,25
33,25
34,26
35,27
36,27
37,28
38,28
39,29
40,29
41,30
42,30
43,31
44,31
45,31
46,31
47,31
48,31
49,31
50,31
51,31
52,31
53,31
54,31
55,31
56,31
57,31
58,31
59,31
60,31
61,31
62,31
63,31
64,31
65,31
66,31
67,32
68,33
69,34
70,35
71,36
72,37
73,37
74,37
75,37
76,37
77,37
78,37
79,37
80,38
81,38
82,38
83,38
84,38
85,39
86,40
87,40
88,40
89,40
90,40
91,40
92,40
93,41
94,41
95,41
96,41
97,41
98,41
99,41
100,41
101,41
102,41
103,41
104,41
105,41
106,41
107,41
108,41
109,41
110,42
111,42
112,42
113,42
114,42
115,42
116,42
117,42
118,42
119,42
120,42
121,42
122,42
123,42
124,42
125,42
126,42
127,42
128,42
129,42
130,43
131,43
132,43
133,44
134,44
135,44
136,44
137,45
138,45
139,46
140,47
141,47
142,47
143,47
144,47
145,47
146,47
147,47
148,47
149,47
150,47
151,47
152,48
153,48
154,49
155,49
156,49
157,49
158,49
159,49
160,49
161,49
162,49
163,49
164,49
165,49
166,49
167,49
168,49
169,49
170,49
171,49
172,49
173,49
174,49
175,49
176,49
177,49
178,49
179,49
180,49
181,49
182,49
183,49
184,49
185,49
186,49
187,49
188,49
189,49
190,49
191,49
192,50
193,51
194,51
195,51
196,52
197,52
198,53
199,53
200,53
201,53
202,53
203,53
204,53
205,54
206,54
207,54
208,54
209,54
210,54
211,54
212,54
213,54
214,54
215,54
216,54
217,54
218,54
219,54
220,54
221,54
222,54
223,54
224,54
225,54
226,54
227,55
228,55
229,55
230,55
231,55
232,55
233,55
234,55
235,55
236,55
237,55
238,55
239,55
240,55
241,55
242,55
243,55
244,55
245,55
246,55
247,55
248,55
249,55
250,55
251,55
252,55
253,56
254,56
255,56
256,56
257,56
258,57
259,57
260,57
261,57
262,58
263,59
264,60
265,60
266,61
267,62
268,63
269,63
270,64
271,64
272,64
273,64
274,64
275,64
276,64
277,64
278,64
279,65
280,65
281,66
282,66
283,66
284,66
285,66
286,66
287,66
288,66
289,66
290,66
291,66
292,66
293,66
294,66
295,66
296,66
297,66
298,66
299,66
300,66
301,66
302,66
303,66
304,66
305,66
306,66
307,66
308,66
309,66
310,66
311,66
312,66
313,66
314,66
315,66
316,66
317,66
318,66
319,66
320,66
321,66
322,66
323,66
324,66
325,66
326,66
327,66
328,66
329,66
330,66
331,66
332,66
333,66
334,66
335,66
336,66
337,66
338,66
339,66
340,66
341,66
342,66
343,66
344,66
345,66
346,66
347,66
348,66
349,66
350,66
351,67
352,68
353,68
354,68
355,68
356,68
357,68
358,68
359,68
360,68
361,68
362,68
363,68
364,68
365,68
366,68
367,68
368,68
369,68
370,68
371,69
372,70
373,70
374,70
375,71
376,72
377,73
378,74
379,74
380,74
381,74
382,74
383,74
384,74
385,74
386,75
387,75
388,76
389,77
390,78
391,78
392,78
393,78
394,78
395,78
396,79
397,79
398,79
399,79
400,79
401,79
402,79
403,79
404,79
405,79
406,79
407,79
408,79
409,79
410,79
411,79
412,80
413,80
414,80
415,80
416,80
417,80
418,80
419,80
420,80
421,80
422,80
423,80
424,80
425,80
426,80
427,80
428,81
429,81
430,81
431,81
432,81
433,81
434,81
435,81
436,81
437,81
438,81
439,81
440,81
441,81
442,81
443,82
444,82
445,83
446,83
447,83
448,83
449,83
450,83
451,83
452,83
453,83
454,83
455,83
456,83
457,83
458,83
459,83
460,84
461,84
462,84
463,84
464,84
465,84
466,84
467,84
468,84
469,84
470,84
471,84
472,84
473,84
474,84
475,84
476,84
477,84
478,84
479,84
480,84
481,84
482,84
483,84
484,84
485,84
486,84
487,84
488,84
489,84
490,84
491,85
492,85
493,85
494,85
495,85
496,85
497,85
498,85
499,85
500,85
501,85
502,85
503,85
504,85
505,85
506,85
507,85
508,85
509,85
510,85
511,85
512,85
513,85
514,85
515,85
516,85
517,85
518,85
519,85
520,85
521,85
522,85
523,85
524,85
525,86
526,87
527,87
528,88
529,89
530,89
531,89
532,89
533,90
534,90
535,90
536,90
537,90
538,90
539,90
540,90
541,90
542,90
543,90
544,90
545,90
546,90
547,91
548,91
549,91
550,91
551,91
552,91
553,91
554,91
555,91
556,91
557,91
558,91
559,91
560,91
561,91
562,91
563,91
564,91
565,92
566,92
567,93
568,93
569,94
570,94
571,94
572,94
573,94
574,94
575,94
576,94
577,94
578,94
579,94
580,94
581,94
582,94
583,94
584,94
585,94
586,94
587,94
588,94
589,94
590,94
591,94
592,94
593,94
594,94
595,94
596,94
597,94
598,94
599,94
600,95
601,95
602,95
603,95
604,95
605,95
606,95
607,95
608,95
609,95
610,95
611,95
612,95
613,95
614,95
615,95
616,95
617,95
618,95
619,95
620,95
621,95
622,95
623,95
624,95
625,95
626,95
627,95
628,95
629,95
630,95
631,95
632,95
633,95
634,95
635,95
636,95
637,95
638,95
639,95
640,95
641,95
642,95
643,95
644,95
645,95
646,95
647,95
648,95
649,95
650,95
651,95
652,95
653,95
654,95
655,95
656,95
657,95
658,95
659,95
660,95
661,95
662,95
663,95
664,95
665,95
666,95
667,95
668,95
669,95
670,95
671,95
672,95
673,95
674,95
675,95
676,95
677,95
678,95
679,95
680,95
681,95
682,95
683,95
684,95
685,95
686,95
687,95
688,95
689,95
690,95
691,95
692,95
693,95
694,95
695,95
696,95
697,95
698,95
699,95
700,95
701,95
702,95
703,95
704,95
705,95
706,95
707,95
708,95
709,95
710,95
711,95
712,95
713,95
714,95
715,95
716,95
717,95
718,95
719,95
720,95
721,95
722,95
723,95
724,95
725,95
726,95
727,95
728,95
729,95
730,95
731,95
732,95
733,95
734,95
735,95
736,95
737,95
738,95
739,95
740,95
741,95
742,95
743,95
744,95
745,95
746,95
747,95
748,95
749,95
750,95
751,95
752,95
753,95
754,95
755,95
756,95
757,95
758,95
759,95
760,95
761,95
762,95
763,95
764,95
765,95
766,95
767,96
768,96
769,96
770,96
771,96
772,96
773,96
774,96
775,96
776,96
777,96
778,96
779,96
780,96
781,96
782,96
783,96
784,96
785,96
786,96
787,96
788,96
789,96
790,96
791,96
792,96
793,96
794,96
795,96
796,96
797,96
798,96
799,96
800,96
801,96
802,96
803,96
804,96
805,96
806,96
807,96
808,96
809,96
810,96
811,96
812,96
813,96
814,96
815,96
816,96
817,96
818,96
819,96
820,96
821,96
822,96
823,96
824,96
825,96
826,96
827,96
828,96
829,96
830,96
831,96
832,96
833,96
834,96
835,96
836,96
837,96
838,96
839,96
840,96
841,96
842,96
843,96
844,96
845,96
846,96
847,96
848,96
849,96
850,96
851,96
852,96
853,96
854,96
855,96
856,96
857,96
858,96
859,96
860,96
861,96
862,96
863,96
864,96
865,96
866,96
867,96
868,96
869,96
870,96
871,96
872,96
873,96
874,96
875,96
876,96
877,96
878,96
879,96
880,96
881,96
882,96
883,96
884,96
885,96
886,97
887,97
888,97
889,97
890,97
891,97
892,98
893,98
894,98
895,98
896,98
897,98
898,98
899,98
900,98
901,98
902,98
903,98
904,98
905,98
906,98
907,98
908,98
909,98
910,98
911,98
912,98
913,98
914,98
915,98
916,98
917,98
918,98
919,98
920,98
921,98
922,98
923,98
924,98
925,98
926,98
927,98
928,98
929,98
930,98
931,98
932,98
933,98
934,98
935,98
936,98
937,98
938,98
939,98
940,98
941,98
942,98
943,98
944,98
945,98
946,98
947,98
948,98
949,98
950,98
951,98
952,98
953,98
954,98
955,98
956,98
957,98
958,98
959,98
960,98
961,98
962,98
963,98
964,98
965,98
966,98
967,98
968,98
969,98
970,98
971,98
972,98
973,98
974,98
975,98
976,98
977,98
978,98
979,98
980,98
981,98
982,98
983,98
984,98
985,98
986,98
987,98
988,98
989,98
990,98
991,98
992,98
993,98
994,98
995,98
996,98
997,98
998,98
999,98
1000,98
1001,98
1002,98
1003,98
1004,98
1005,98
1006,98
1007,98
1008,98
1009,98
1010,98
1011,98
1012,98
1013,98
1014,98
1015,98
1016,98
1017,98
1018,98
1019,98
1020,98
1021,98
1022,98
1023,98
1024,98
1025,98
1026,98
1027,98
1028,98
1029,98
1030,98
1031,98
1032,99
1033,99
1034,99
1035,99
1036,99
1037,99
1038,99
1039,99
1040,99
1041,99
1042,99
1043,99
1044,99
1045,99
1046,99
1047,99
1048,99
1049,99
1050,99
1051,99
1052,99
1053,99
1054,99
1055,99
1056,99
1057,99
1058,99
1059,99
1060,99
1061,99
1062,99
1063,99
1064,99
1065,99
1066,99
1067,99
1068,99
1069,99
1070,99
1071,99
1072,99
1073,99
1074,99
1075,99
1076,99
1077,99
1078,99
1079,99
1080,99
1081,99
1082,99
1083,99
1084,99
1085,99
1086,99
1087,99
1088,99
1089,99
1090,99
1091,99
1092,99
1093,99
1094,99
1095,99
1096,99
1097,99
1098,99
1099,99
1100,99
1101,99
1102,99
1103,99
1104,99
1105,99
1106,99
1107,99
1108,99
1109,99
1110,99
1111,99
1112,99
1113,99
1114,99
1115,99
1116,99
1117,99
1118,99
1119,99
1120,99
1121,99
1122,99
1123,99
1124,99
1125,99
1126,99
1127,99
1128,99
1129,99
1130,99
1131,99
1132,99
1133,99
1134,99
1135,99
1136,99
1137,99
1138,99
1139,99
1140,99
1141,99
1142,99
1143,99
1144,99
1145,99
1146,99
1147,99
1148,99
1149,99
1150,99
1151,99
1152,99
1153,99
1154,99
1155,99
1156,99
1157,99
1158,99
1159,99
1160,99
1161,99
1162,99
1163,99
1164,99
1165,99
1166,99
1167,99
1168,99
1169,99
1170,99
1171,99
1172,99
1173,99
1174,99
1175,99
1176,99
1177,99
1178,100
