0,0
1,1
2,2
3,2
4,3
5,4
6,5
7,6
8,6
9,7
10,8
11,9
12,10
13,11
14,12
15,13
16,13
17,14
18,15
19,15
20,16
21,17
22,18
23,19
24,20
25,21
26,22
27,23
28,23
29,23
30,24
31,24
32,24
33,25
34,26
35,27
36,28
37,29
38,30
39,31
40,32
41,32
42,32
43,32
44,32
45,32
46,32
47,32
48,32
49,33
50,33
51,33
52,34
53,35
54,35
55,35
56,35
57,35
58,35
59,35
60,35
61,35
62,35
63,35
64,35
65,36
66,36
67,36
68,37
69,37
70,37
71,37
72,37
73,37
74,37
75,37
76,38
77,38
78,38
79,38
80,38
81,38
82,38
83,38
84,38
85,38
86,38
87,38
88,38
89,38
90,38
91,38
92,39
93,40
94,40
95,40
96,40
97,40
98,40
99,40
100,40
101,40
102,40
103,40
104,40
105,40
106,41
107,41
108,41
109,41
110,41
111,41
112,41
113,41
114,41
115,41
116,41
117,41
118,41
119,41
120,41
121,42
122,42
123,42
124,42
125,42
126,42
127,42
128,42
129,42
130,42
131,42
132,42
133,42
134,42
135,42
136,42
137,42
138,43
139,44
140,44
141,45
142,45
143,45
144,45
145,45
146,45
147,45
148,45
149,45
150,45
151,45
152,45
153,45
154,45
155,45
156,45
157,46
158,46
159,46
160,46
161,46
162,46
163,46
164,46
165,46
166,47
167,47
168,47
169,47
170,47
171,47
172,47
173,47
174,47
175,47
176,47
177,47
178,47
179,47
180,47
181,47
182,47
183,47
184,47
185,47
186,47
187,47
188,47
189,47
190,47
191,47
192,47
193,47
194,47
195,47
196,47
197,47
198,47
199,47
200,47
201,47
202,47
203,47
204,47
205,47
206,47
207,47
208,47
209,47
210,47
211,47
212,47
213,47
214,48
215,49
216,49
217,49
218,49
219,49
220,49
221,49
222,49
223,49
224,49
225,49
226,49
227,49
228,49
229,49
230,49
231,49
232,49
233,49
234,49
235,49
236,49
237,49
238,49
239,49
240,49
241,49
242,49
243,49
244,49
245,49
246,49
247,49
248,49
249,49
250,49
251,49
252,49
253,49
254,49
255,49
256,49
257,49
258,49
259,49
260,49
261,49
262,49
263,49
264,49
265,49
266,49
267,49
268,49
269,49
270,49
271,49
272,49
273,49
274,49
275,49
276,49
277,49
278,49
279,49
280,49
281,49
282,49
283,49
284,49
285,49
286,49
287,49
288,49
289,49
290,49
291,49
292,49
293,49
294,49
295,49
296,49
297,49
298,49
299,49
300,50
