0,0
1,1
2,2
3,3
4,4
5,5
6,6
7,7
8,7
9,8
10,9
11,9
12,9
13,9
14,10
15,11
16,11
17,12
18,13
19,13
20,14
21,14
22,15
23,16
24,17
25,18
26,19
27,20
28,21
29,22
30,23
31,23
32,24
33,25
34,26
35,27
36,28
37,29
38,30
39,31
40,32
41,33
42,34
43,35
44,35
45,35
46,35
47,36
48,36
49,36
50,36
51,36
52,37
53,37
54,38
55,39
56,40
57,41
58,42
59,42
60,42
61,42
62,42
63,43
64,43
65,44
66,45
67,46
68,46
69,46
70,46
71,47
72,47
73,47
74,47
75,47
76,47
77,47
78,47
79,47
80,47
81,48
82,49
83,49
84,50
85,50
86,51
87,51
88,51
89,52
90,52
91,53
92,54
93,55
94,56
95,57
96,57
97,57
98,57
99,57
100,57
101,57
102,57
103,57
104,57
105,58
106,59
107,59
108,59
109,59
110,59
111,59
112,59
113,59
114,59
115,59
116,59
117,59
118,59
119,59
120,59
121,60
122,60
123,60
124,60
125,60
126,60
127,61
128,61
129,61
130,61
131,61
132,61
133,62
134,62
135,62
136,63
137,64
138,65
139,65
140,66
141,66
142,66
143,66
144,66
145,66
146,67
147,67
148,67
149,68
150,69
151,69
152,69
153,69
154,69
155,69
156,69
157,69
158,69
159,69
160,69
161,69
162,69
163,70
164,71
165,72
166,73
167,73
168,74
169,75
170,75
171,76
172,76
173,77
174,77
175,77
176,78
177,78
178,78
179,78
180,78
181,78
182,78
183,78
184,78
185,78
186,78
187,78
188,78
189,78
190,78
191,79
192,80
193,80
194,80
195,80
196,80
197,80
198,80
199,80
200,80
201,80
202,80
203,80
204,80
205,80
206,80
207,80
208,80
209,80
210,80
211,80
212,80
213,80
214,80
215,80
216,80
217,80
218,80
219,80
220,80
221,80
222,80
223,80
224,80
225,80
226,80
227,80
228,80
229,80
230,80
231,80
232,81
233,82
234,82
235,82
236,82
237,82
238,82
239,82
240,82
241,82
242,82
243,82
244,82
245,82
246,82
247,82
248,82
249,82
250,82
251,82
252,82
253,82
254,82
255,82
256,82
257,82
258,82
259,82
260,82
261,82
262,82
263,82
264,82
265,82
266,82
267,82
268,82
269,82
270,82
271,82
272,82
273,82
274,82
275,82
276,82
277,82
278,82
279,83
280,83
281,83
282,83
283,83
284,83
285,83
286,83
287,83
288,83
289,83
290,83
291,83
292,83
293,83
294,83
295,83
296,83
297,83
298,83
299,83
300,83
301,83
302,83
303,83
304,83
305,83
306,83
307,83
308,83
309,83
310,83
311,83
312,83
313,83
314,83
315,83
316,83
317,83
318,83
319,83
320,83
321,83
322,83
323,83
324,83
325,83
326,83
327,83
328,83
329,83
330,83
331,83
332,83
333,83
334,83
335,83
336,83
337,83
338,83
339,83
340,84
341,84
342,84
343,84
344,84
345,84
346,84
347,84
348,84
349,84
350,84
351,84
352,84
353,84
354,84
355,84
356,84
357,84
358,84
359,84
360,84
361,84
362,84
363,84
364,84
365,84
366,84
367,84
368,84
369,84
370,84
371,84
372,84
373,84
374,84
375,84
376,84
377,84
378,84
379,84
380,84
381,84
382,84
383,84
384,84
385,84
386,84
387,84
388,84
389,84
390,84
391,84
392,84
393,84
394,84
395,84
396,84
397,84
398,84
399,84
400,84
401,84
402,84
403,84
404,84
405,84
406,84
407,85
408,85
409,85
410,85
411,86
412,86
413,87
414,87
415,87
416,87
417,87
418,87
419,88
420,88
421,88
422,89
423,89
424,89
425,89
426,89
427,89
428,89
429,89
430,89
431,89
432,89
433,89
434,89
435,89
436,89
437,89
438,89
439,89
440,89
441,89
442,89
443,89
444,89
445,89
446,89
447,89
448,89
449,89
450,89
451,89
452,89
453,89
454,89
455,89
456,89
457,89
458,89
459,89
460,89
461,89
462,89
463,89
464,89
465,89
466,89
467,89
468,89
469,89
470,89
471,89
472,89
473,89
474,89
475,89
476,89
477,89
478,90
479,90
480,90
481,90
482,90
483,90
484,90
485,90
486,90
487,90
488,90
489,90
490,90
491,90
492,90
493,90
494,90
495,90
496,90
497,90
498,90
499,90
500,90
501,90
502,90
503,90
504,90
505,90
506,90
507,90
508,90
509,90
510,90
511,90
512,90
513,90
514,90
515,90
516,90
517,90
518,90
519,90
520,90
521,90
522,90
523,90
524,90
525,90
526,90
527,90
528,90
529,90
530,90
531,90
532,90
533,90
534,90
535,90
536,90
537,90
538,91
539,91
540,91
541,91
542,91
543,91
544,91
545,91
546,91
547,91
548,91
549,91
550,91
551,91
552,91
553,91
554,91
555,91
556,91
557,91
558,91
559,91
560,91
561,91
562,91
563,91
564,91
565,91
566,91
567,91
568,91
569,91
570,91
571,91
572,91
573,91
574,91
575,91
576,91
577,91
578,92
579,93
580,94
581,95
582,96
583,96
584,97
585,97
586,97
587,97
588,97
589,97
590,97
591,97
592,97
593,97
594,97
595,97
596,97
597,97
598,97
599,97
600,97
601,97
602,97
603,97
604,97
605,97
606,97
607,97
608,97
609,97
610,97
611,97
612,97
613,97
614,97
615,97
616,97
617,97
618,97
619,97
620,97
621,97
622,97
623,97
624,97
625,97
626,97
627,97
628,97
629,97
630,97
631,97
632,97
633,97
634,97
635,97
636,97
637,97
638,97
639,97
640,97
641,97
642,97
643,97
644,97
645,97
646,97
647,97
648,97
649,97
650,97
651,97
652,97
653,97
654,97
655,97
656,97
657,97
658,97
659,97
660,97
661,97
662,97
663,97
664,97
665,97
666,97
667,97
668,97
669,97
670,97
671,97
672,97
673,97
674,97
675,97
676,97
677,97
678,97
679,97
680,97
681,97
682,97
683,97
684,97
685,97
686,97
687,97
688,97
689,97
690,97
691,97
692,97
693,97
694,97
695,97
696,97
697,97
698,97
699,97
700,97
701,97
702,97
703,97
704,97
705,97
706,98
707,98
708,98
709,98
710,98
711,98
712,98
713,98
714,98
715,98
716,98
717,98
718,98
719,98
720,98
721,98
722,98
723,98
724,98
725,98
726,98
727,98
728,98
729,98
730,98
731,98
732,98
733,98
734,98
735,98
736,98
737,98
738,98
739,98
740,98
741,98
742,98
743,98
744,98
745,98
746,98
747,98
748,98
749,98
750,98
751,98
752,98
753,98
754,98
755,98
756,98
757,98
758,98
759,98
760,98
761,98
762,98
763,98
764,98
765,98
766,98
767,98
768,98
769,98
770,98
771,98
772,98
773,98
774,98
775,98
776,98
777,98
778,98
779,98
780,98
781,98
782,98
783,98
784,98
785,98
786,98
787,98
788,98
789,98
790,98
791,98
792,98
793,98
794,98
795,98
796,98
797,98
798,98
799,98
800,98
801,98
802,98
803,98
804,98
805,98
806,98
807,98
808,98
809,98
810,98
811,98
812,98
813,98
814,98
815,98
816,98
817,98
818,98
819,98
820,98
821,98
822,98
823,98
824,98
825,98
826,98
827,98
828,98
829,98
830,98
831,98
832,98
833,98
834,98
835,98
836,98
837,98
838,99
839,99
840,99
841,99
842,99
843,99
844,99
845,99
846,99
847,99
848,99
849,99
850,99
851,99
852,99
853,99
854,99
855,99
856,99
857,99
858,99
859,99
860,99
861,99
862,99
863,99
864,99
865,99
866,99
867,99
868,99
869,99
870,99
871,99
872,99
873,99
874,99
875,99
876,99
877,99
878,99
879,99
880,99
881,99
882,99
883,99
884,99
885,99
886,99
887,99
888,99
889,99
890,99
891,99
892,99
893,99
894,99
895,99
896,99
897,99
898,99
899,99
900,99
901,99
902,99
903,99
904,99
905,99
906,99
907,99
908,99
909,99
910,99
911,99
912,99
913,99
914,99
915,99
916,99
917,99
918,99
919,99
920,99
921,99
922,99
923,99
924,99
925,99
926,99
927,99
928,99
929,99
930,99
931,99
932,99
933,99
934,99
935,99
936,99
937,99
938,99
939,99
940,99
941,99
942,99
943,99
944,99
945,99
946,99
947,99
948,99
949,99
950,99
951,99
952,99
953,99
954,99
955,99
956,99
957,99
958,99
959,99
960,99
961,99
962,99
963,99
964,99
965,99
966,99
967,99
968,99
969,99
970,99
971,99
972,99
973,99
974,99
975,99
976,99
977,99
978,99
979,99
980,99
981,99
982,99
983,99
984,99
985,99
986,99
987,99
988,99
989,99
990,99
991,99
992,99
993,99
994,99
995,99
996,99
997,99
998,99
999,99
1000,99
1001,99
1002,99
1003,99
1004,99
1005,99
1006,99
1007,99
1008,99
1009,99
1010,99
1011,99
1012,99
1013,99
1014,99
1015,99
1016,99
1017,99
1018,99
1019,99
1020,99
1021,99
1022,99
1023,99
1024,99
1025,99
1026,99
1027,99
1028,99
1029,99
1030,99
1031,99
1032,99
1033,99
1034,99
1035,99
1036,99
1037,99
1038,99
1039,99
1040,99
1041,99
1042,99
1043,99
1044,99
1045,99
1046,99
1047,99
1048,99
1049,99
1050,99
1051,99
1052,99
1053,99
1054,99
1055,99
1056,99
1057,99
1058,99
1059,99
1060,99
1061,99
1062,99
1063,99
1064,99
1065,99
1066,99
1067,99
1068,99
1069,99
1070,99
1071,99
1072,99
1073,99
1074,99
1075,99
1076,99
1077,99
1078,99
1079,99
1080,99
1081,99
1082,99
1083,99
1084,99
1085,99
1086,99
1087,99
1088,99
1089,99
1090,99
1091,99
1092,99
1093,99
1094,99
1095,99
1096,99
1097,99
1098,99
1099,99
1100,99
1101,99
1102,99
1103,99
1104,99
1105,99
1106,99
1107,99
1108,99
1109,99
1110,99
1111,99
1112,99
1113,99
1114,99
1115,99
1116,99
1117,99
1118,99
1119,99
1120,99
1121,99
1122,99
1123,99
1124,99
1125,99
1126,99
1127,99
1128,99
1129,99
1130,99
1131,99
1132,99
1133,99
1134,99
1135,99
1136,99
1137,99
1138,99
1139,99
1140,99
1141,99
1142,99
1143,99
1144,99
1145,99
1146,99
1147,99
1148,99
1149,99
1150,99
1151,99
1152,99
1153,99
1154,99
1155,99
1156,99
1157,99
1158,99
1159,99
1160,99
1161,99
1162,99
1163,99
1164,99
1165,99
1166,99
1167,99
1168,99
1169,99
1170,99
1171,99
1172,99
1173,99
1174,99
1175,99
1176,99
1177,99
1178,99
1179,99
1180,99
1181,99
1182,99
1183,99
1184,99
1185,99
1186,99
1187,99
1188,99
1189,99
1190,99
1191,99
1192,99
1193,99
1194,99
1195,99
1196,99
1197,99
1198,99
1199,99
1200,99
1201,99
1202,99
1203,99
1204,99
1205,99
1206,99
1207,99
1208,99
1209,99
1210,99
1211,99
1212,99
1213,99
1214,99
1215,99
1216,99
1217,99
1218,99
1219,99
1220,99
1221,99
1222,99
1223,99
1224,99
1225,99
1226,99
1227,99
1228,99
1229,99
1230,99
1231,99
1232,99
1233,99
1234,99
1235,99
1236,99
1237,99
1238,99
1239,99
1240,99
1241,99
1242,99
1243,99
1244,99
1245,99
1246,99
1247,99
1248,99
1249,99
1250,99
1251,99
1252,99
1253,99
1254,99
1255,99
1256,99
1257,99
1258,99
1259,99
1260,99
1261,99
1262,99
1263,99
1264,99
1265,99
1266,99
1267,99
1268,99
1269,99
1270,99
1271,99
1272,99
1273,99
1274,99
1275,99
1276,99
1277,99
1278,99
1279,99
1280,99
1281,99
1282,99
1283,99
1284,99
1285,99
1286,99
1287,99
1288,99
1289,99
1290,99
1291,99
1292,99
1293,99
1294,99
1295,99
1296,99
1297,99
1298,99
1299,99
1300,99
1301,99
1302,99
1303,99
1304,99
1305,99
1306,99
1307,99
1308,99
1309,99
1310,99
1311,99
1312,99
1313,99
1314,99
1315,99
1316,99
1317,99
1318,99
1319,99
1320,99
1321,99
1322,99
1323,99
1324,99
1325,99
1326,99
1327,99
1328,99
1329,99
1330,99
1331,99
1332,99
1333,99
1334,99
1335,99
1336,99
1337,99
1338,99
1339,99
1340,99
1341,99
1342,99
1343,99
1344,99
1345,99
1346,99
1347,99
1348,99
1349,99
1350,99
1351,99
1352,99
1353,99
1354,99
1355,99
1356,99
1357,99
1358,99
1359,99
1360,99
1361,99
1362,99
1363,99
1364,99
1365,99
1366,99
1367,99
1368,99
1369,99
1370,99
1371,99
1372,99
1373,99
1374,99
1375,99
1376,99
1377,99
1378,99
1379,99
1380,99
1381,99
1382,99
1383,99
1384,99
1385,99
1386,99
1387,99
1388,99
1389,99
1390,99
1391,99
1392,99
1393,99
1394,99
1395,99
1396,99
1397,99
1398,99
1399,99
1400,99
1401,99
1402,99
1403,99
1404,99
1405,99
1406,99
1407,99
1408,99
1409,99
1410,99
1411,99
1412,99
1413,99
1414,99
1415,99
1416,99
1417,99
1418,99
1419,99
1420,99
1421,99
1422,100
