0,0
1,1
2,2
3,3
4,3
5,4
6,5
7,6
8,7
9,8
10,9
11,10
12,10
13,11
14,11
15,12
16,12
17,12
18,13
19,14
20,15
21,15
22,15
23,15
24,16
25,16
26,16
27,17
28,18
29,18
30,18
31,19
32,19
33,19
34,20
35,20
36,21
37,21
38,22
39,23
40,24
41,25
42,26
43,27
44,28
45,29
46,30
47,31
48,32
49,33
50,34
51,35
52,36
53,36
54,37
55,38
56,38
57,38
58,39
59,40
60,40
61,40
62,41
63,42
64,42
65,43
66,44
67,45
68,45
69,46
70,46
71,47
72,48
73,48
74,48
75,49
76,49
77,50
78,50
79,51
80,51
81,51
82,51
83,51
84,52
85,53
86,54
87,55
88,56
89,56
90,56
91,57
92,57
93,57
94,57
95,57
96,57
97,58
98,58
99,58
100,58
101,58
102,58
103,58
104,58
105,58
106,58
107,58
108,59
109,59
110,59
111,59
112,59
113,59
114,60
115,60
116,61
117,62
118,62
119,62
120,63
121,64
122,65
123,65
124,65
125,65
126,65
127,65
128,65
129,65
130,65
131,65
132,65
133,65
134,65
135,65
136,65
137,66
138,66
139,66
140,66
141,66
142,66
143,67
144,68
145,69
146,69
147,69
148,69
149,69
150,70
151,70
152,70
153,70
154,70
155,70
156,70
157,70
158,71
159,71
160,71
161,71
162,71
163,71
164,71
165,72
166,73
167,74
168,74
169,74
170,74
171,74
172,74
173,74
174,74
175,74
176,75
177,75
178,75
179,76
180,76
181,76
182,77
183,77
184,77
185,77
186,77
187,77
188,77
189,77
190,77
191,77
192,77
193,77
194,78
195,78
196,78
197,78
198,78
199,78
200,78
201,78
202,78
203,78
204,78
205,78
206,78
207,79
208,79
209,79
210,80
211,80
212,80
213,80
214,80
215,80
216,80
217,80
218,80
219,80
220,80
221,80
222,80
223,80
224,80
225,80
226,80
227,80
228,80
229,80
230,80
231,80
232,80
233,80
234,80
235,80
236,80
237,80
238,80
239,80
240,80
241,80
242,80
243,80
244,80
245,80
246,80
247,80
248,80
249,80
250,81
251,82
252,82
253,82
254,82
255,82
256,82
257,83
258,83
259,83
260,83
261,83
262,83
263,83
264,83
265,83
266,83
267,83
268,83
269,83
270,83
271,83
272,83
273,83
274,83
275,83
276,83
277,83
278,83
279,83
280,83
281,83
282,83
283,83
284,83
285,83
286,83
287,83
288,84
289,84
290,85
291,86
292,87
293,87
294,87
295,88
296,88
297,88
298,88
299,88
300,88
301,88
302,88
303,88
304,88
305,88
306,88
307,88
308,88
309,88
310,88
311,88
312,88
313,88
314,88
315,88
316,88
317,88
318,88
319,88
320,88
321,88
322,88
323,88
324,88
325,88
326,88
327,88
328,88
329,88
330,88
331,88
332,88
333,88
334,88
335,88
336,88
337,88
338,88
339,88
340,88
341,88
342,88
343,88
344,88
345,88
346,88
347,88
348,88
349,88
350,88
351,88
352,88
353,88
354,88
355,88
356,88
357,88
358,88
359,88
360,89
361,89
362,89
363,89
364,89
365,89
366,89
367,89
368,89
369,89
370,89
371,89
372,89
373,89
374,89
375,89
376,89
377,89
378,89
379,89
380,89
381,89
382,89
383,89
384,89
385,89
386,89
387,89
388,89
389,89
390,89
391,89
392,89
393,89
394,89
395,89
396,89
397,89
398,89
399,89
400,89
401,89
402,89
403,89
404,89
405,89
406,89
407,89
408,89
409,90
410,90
411,90
412,90
413,90
414,90
415,90
416,91
417,91
418,91
419,91
420,91
421,91
422,91
423,91
424,91
425,91
426,91
427,91
428,91
429,91
430,91
431,91
432,91
433,91
434,91
435,91
436,91
437,91
438,91
439,91
440,91
441,91
442,91
443,91
444,91
445,91
446,91
447,91
448,92
449,92
450,92
451,92
452,92
453,92
454,92
455,93
456,93
457,93
458,94
459,94
460,94
461,94
462,94
463,94
464,94
465,94
466,94
467,94
468,94
469,94
470,94
471,94
472,94
473,94
474,94
475,94
476,94
477,94
478,94
479,94
480,94
481,94
482,94
483,94
484,94
485,94
486,94
487,94
488,94
489,94
490,94
491,94
492,94
493,94
494,94
495,94
496,94
497,94
498,94
499,94
500,94
501,94
502,94
503,94
504,94
505,94
506,94
507,94
508,94
509,94
510,94
511,94
512,94
513,94
514,94
515,94
516,94
517,94
518,94
519,94
520,94
521,94
522,94
523,94
524,95
525,96
526,96
527,96
528,96
529,96
530,96
531,96
532,96
533,96
534,96
535,96
536,96
537,96
538,96
539,96
540,96
541,96
542,96
543,96
544,96
545,96
546,96
547,96
548,96
549,96
550,96
551,96
552,96
553,96
554,96
555,96
556,96
557,96
558,96
559,97
560,97
561,97
562,97
563,97
564,97
565,97
566,97
567,97
568,97
569,97
570,97
571,97
572,97
573,97
574,97
575,97
576,97
577,97
578,97
579,97
580,97
581,97
582,97
583,97
584,97
585,97
586,97
587,97
588,97
589,97
590,97
591,97
592,97
593,97
594,97
595,97
596,97
597,97
598,97
599,97
600,97
601,97
602,97
603,97
604,97
605,97
606,97
607,97
608,97
609,97
610,97
611,97
612,97
613,97
614,97
615,97
616,97
617,97
618,97
619,97
620,97
621,97
622,97
623,97
624,97
625,97
626,97
627,97
628,97
629,97
630,97
631,97
632,97
633,97
634,97
635,97
636,97
637,97
638,97
639,97
640,97
641,97
642,97
643,97
644,97
645,97
646,97
647,97
648,97
649,97
650,97
651,97
652,97
653,97
654,97
655,97
656,97
657,97
658,97
659,97
660,97
661,97
662,97
663,97
664,97
665,97
666,97
667,97
668,97
669,97
670,97
671,97
672,98
673,98
674,98
675,98
676,98
677,98
678,98
679,98
680,98
681,98
682,98
683,98
684,98
685,98
686,98
687,98
688,98
689,98
690,98
691,98
692,98
693,98
694,98
695,98
696,98
697,98
698,98
699,98
700,98
701,98
702,98
703,98
704,98
705,98
706,98
707,98
708,98
709,98
710,98
711,98
712,98
713,98
714,98
715,98
716,98
717,98
718,98
719,98
720,98
721,98
722,98
723,98
724,98
725,98
726,98
727,98
728,98
729,98
730,98
731,98
732,98
733,98
734,98
735,98
736,98
737,98
738,98
739,98
740,98
741,98
742,98
743,98
744,98
745,98
746,98
747,98
748,98
749,98
750,98
751,98
752,98
753,98
754,98
755,98
756,98
757,98
758,98
759,98
760,98
761,98
762,98
763,98
764,98
765,98
766,98
767,98
768,98
769,98
770,98
771,98
772,98
773,98
774,98
775,98
776,98
777,98
778,98
779,98
780,98
781,98
782,98
783,98
784,98
785,98
786,98
787,98
788,98
789,98
790,98
791,98
792,98
793,98
794,98
795,98
796,98
797,98
798,98
799,98
800,98
801,98
802,98
803,98
804,98
805,98
806,98
807,98
808,98
809,98
810,98
811,98
812,98
813,98
814,98
815,98
816,98
817,98
818,98
819,98
820,98
821,98
822,98
823,98
824,98
825,98
826,98
827,98
828,98
829,98
830,98
831,98
832,98
833,98
834,98
835,98
836,98
837,98
838,98
839,98
840,98
841,98
842,98
843,98
844,98
845,98
846,98
847,98
848,98
849,98
850,98
851,98
852,98
853,98
854,98
855,98
856,98
857,98
858,98
859,98
860,98
861,98
862,98
863,98
864,98
865,98
866,98
867,98
868,98
869,98
870,98
871,98
872,98
873,98
874,98
875,98
876,98
877,98
878,98
879,98
880,98
881,98
882,98
883,98
884,98
885,98
886,98
887,98
888,98
889,98
890,98
891,99
892,99
893,99
894,99
895,99
896,99
897,99
898,99
899,99
900,99
901,99
902,99
903,99
904,99
905,99
906,99
907,99
908,99
909,99
910,99
911,99
912,99
913,99
914,99
915,99
916,99
917,99
918,99
919,99
920,99
921,99
922,99
923,99
924,99
925,99
926,99
927,99
928,99
929,99
930,99
931,99
932,99
933,99
934,99
935,99
936,99
937,99
938,99
939,100
