0,0
1,1
2,2
3,3
4,4
5,5
6,6
7,7
8,7
9,8
10,9
11,10
12,11
13,11
14,12
15,13
16,14
17,14
18,14
19,14
20,14
21,15
22,15
23,15
24,16
25,17
26,18
27,19
28,19
29,20
30,21
31,21
32,21
33,22
34,22
35,22
36,23
37,23
38,24
39,24
40,25
41,25
42,25
43,25
44,25
45,25
46,25
47,25
48,26
49,26
50,27
51,27
52,28
53,29
54,30
55,31
56,31
57,32
58,32
59,33
60,34
61,35
62,35
63,36
64,37
65,37
66,38
67,39
68,40
69,41
70,42
71,43
72,44
73,45
74,46
75,47
76,48
77,48
78,49
79,49
80,50
81,51
82,51
83,51
84,51
85,52
86,53
87,54
88,55
89,56
90,56
91,56
92,57
93,58
94,58
95,59
96,60
97,60
98,60
99,60
100,60
101,60
102,60
103,60
104,60
105,60
106,60
107,61
108,62
109,62
110,62
111,62
112,62
113,63
114,63
115,63
116,64
117,64
118,65
119,65
120,65
121,65
122,65
123,65
124,65
125,65
126,65
127,65
128,65
129,65
130,65
131,65
132,66
133,66
134,66
135,67
136,67
137,67
138,67
139,67
140,67
141,68
142,69
143,69
144,69
145,69
146,69
147,69
148,69
149,70
150,71
151,71
152,72
153,73
154,74
155,74
156,75
157,75
158,75
159,75
160,75
161,75
162,75
163,75
164,75
165,75
166,75
167,75
168,75
169,75
170,75
171,75
172,75
173,75
174,75
175,75
176,75
177,75
178,75
179,75
180,75
181,75
182,76
183,76
184,76
185,76
186,76
187,76
188,76
189,76
190,76
191,76
192,76
193,76
194,76
195,77
196,77
197,77
198,77
199,77
200,77
201,77
202,77
203,77
204,77
205,77
206,77
207,77
208,77
209,77
210,77
211,77
212,77
213,77
214,77
215,77
216,77
217,77
218,78
219,78
220,78
221,78
222,78
223,78
224,78
225,78
226,78
227,78
228,78
229,78
230,78
231,78
232,78
233,78
234,78
235,78
236,78
237,78
238,78
239,78
240,78
241,78
242,78
243,79
244,79
245,79
246,79
247,79
248,79
249,79
250,79
251,79
252,79
253,79
254,79
255,79
256,80
257,80
258,80
259,81
260,81
261,81
262,81
263,81
264,81
265,81
266,81
267,81
268,81
269,82
270,83
271,83
272,83
273,83
274,83
275,83
276,83
277,83
278,83
279,83
280,83
281,84
282,84
283,85
284,85
285,85
286,86
287,87
288,88
289,88
290,88
291,88
292,89
293,89
294,89
295,89
296,90
297,90
298,90
299,90
300,91
301,91
302,92
303,92
304,92
305,92
306,92
307,92
308,92
309,92
310,92
311,92
312,92
313,92
314,92
315,92
316,92
317,92
318,92
319,92
320,92
321,92
322,92
323,92
324,92
325,92
326,92
327,92
328,92
329,92
330,92
331,92
332,92
333,92
334,92
335,92
336,92
337,92
338,92
339,92
340,92
341,92
342,92
343,92
344,92
345,92
346,93
347,94
348,94
349,95
350,95
351,95
352,96
353,96
354,96
355,96
356,96
357,96
358,96
359,96
360,96
361,97
362,97
363,98
364,98
365,98
366,98
367,98
368,98
369,98
370,98
371,98
372,98
373,98
374,98
375,98
376,98
377,98
378,98
379,98
380,98
381,98
382,98
383,98
384,98
385,98
386,98
387,98
388,98
389,98
390,98
391,98
392,98
393,98
394,98
395,98
396,98
397,98
398,98
399,98
400,98
401,98
402,98
403,98
404,98
405,98
406,98
407,98
408,98
409,98
410,98
411,98
412,98
413,98
414,98
415,98
416,98
417,98
418,98
419,98
420,98
421,98
422,98
423,98
424,98
425,98
426,98
427,98
428,98
429,98
430,98
431,98
432,98
433,98
434,98
435,98
436,98
437,98
438,98
439,98
440,98
441,98
442,98
443,98
444,98
445,98
446,98
447,98
448,98
449,98
450,98
451,98
452,98
453,98
454,98
455,98
456,98
457,98
458,98
459,98
460,98
461,98
462,98
463,98
464,98
465,98
466,98
467,98
468,98
469,98
470,98
471,98
472,98
473,98
474,98
475,98
476,98
477,98
478,98
479,98
480,98
481,98
482,98
483,98
484,98
485,98
486,98
487,98
488,98
489,98
490,98
491,98
492,98
493,98
494,98
495,98
496,98
497,98
498,98
499,98
500,98
501,98
502,98
503,98
504,98
505,98
506,98
507,98
508,98
509,98
510,98
511,98
512,98
513,98
514,98
515,98
516,98
517,98
518,98
519,98
520,98
521,98
522,98
523,99
524,99
525,99
526,99
527,99
528,99
529,99
530,99
531,99
532,99
533,99
534,99
535,99
536,99
537,99
538,99
539,99
540,99
541,99
542,99
543,99
544,99
545,99
546,99
547,99
548,99
549,99
550,99
551,99
552,99
553,99
554,99
555,99
556,99
557,99
558,99
559,99
560,99
561,99
562,99
563,99
564,99
565,99
566,99
567,99
568,99
569,99
570,99
571,99
572,99
573,99
574,99
575,99
576,99
577,99
578,99
579,99
580,99
581,99
582,99
583,99
584,99
585,99
586,99
587,99
588,99
589,99
590,99
591,99
592,99
593,99
594,99
595,99
596,99
597,99
598,99
599,99
600,99
601,99
602,99
603,99
604,99
605,99
606,99
607,99
608,99
609,99
610,99
611,99
612,99
613,99
614,99
615,99
616,99
617,99
618,99
619,99
620,99
621,99
622,99
623,99
624,99
625,99
626,99
627,99
628,99
629,99
630,99
631,99
632,99
633,99
634,99
635,99
636,99
637,99
638,99
639,99
640,99
641,99
642,99
643,99
644,99
645,99
646,99
647,99
648,99
649,99
650,99
651,99
652,99
653,99
654,99
655,99
656,99
657,99
658,99
659,99
660,99
661,99
662,99
663,99
664,99
665,99
666,99
667,99
668,99
669,99
670,99
671,99
672,99
673,99
674,99
675,99
676,99
677,99
678,99
679,99
680,99
681,99
682,99
683,99
684,99
685,99
686,99
687,99
688,99
689,99
690,99
691,99
692,99
693,99
694,99
695,99
696,99
697,99
698,99
699,99
700,99
701,99
702,99
703,99
704,99
705,99
706,99
707,99
708,99
709,99
710,99
711,99
712,99
713,99
714,99
715,99
716,99
717,99
718,99
719,99
720,99
721,99
722,99
723,99
724,99
725,99
726,99
727,99
728,99
729,99
730,99
731,99
732,99
733,99
734,99
735,99
736,99
737,99
738,99
739,99
740,99
741,99
742,99
743,99
744,99
745,99
746,99
747,99
748,99
749,99
750,99
751,99
752,99
753,99
754,99
755,99
756,99
757,99
758,99
759,99
760,99
761,99
762,99
763,99
764,99
765,99
766,99
767,99
768,99
769,99
770,99
771,99
772,99
773,99
774,99
775,99
776,99
777,99
778,99
779,99
780,99
781,99
782,99
783,99
784,99
785,99
786,99
787,99
788,99
789,99
790,99
791,99
792,99
793,99
794,99
795,99
796,99
797,99
798,99
799,99
800,99
801,99
802,99
803,99
804,99
805,99
806,99
807,99
808,99
809,99
810,99
811,99
812,99
813,99
814,99
815,99
816,99
817,99
818,99
819,99
820,99
821,99
822,99
823,99
824,99
825,99
826,99
827,99
828,99
829,99
830,99
831,99
832,99
833,99
834,99
835,99
836,99
837,99
838,99
839,99
840,99
841,99
842,99
843,99
844,99
845,99
846,99
847,99
848,99
849,99
850,99
851,99
852,99
853,99
854,99
855,99
856,99
857,99
858,99
859,99
860,99
861,99
862,99
863,99
864,99
865,99
866,99
867,99
868,99
869,99
870,99
871,99
872,99
873,99
874,99
875,99
876,99
877,99
878,99
879,99
880,99
881,99
882,99
883,99
884,99
885,99
886,99
887,99
888,99
889,99
890,99
891,99
892,99
893,99
894,99
895,99
896,99
897,99
898,99
899,99
900,99
901,99
902,99
903,99
904,99
905,99
906,99
907,99
908,99
909,99
910,99
911,99
912,99
913,99
914,99
915,99
916,99
917,99
918,99
919,99
920,99
921,99
922,99
923,99
924,99
925,99
926,99
927,99
928,99
929,99
930,99
931,99
932,99
933,99
934,99
935,99
936,99
937,99
938,99
939,99
940,99
941,99
942,99
943,99
944,100
