0,0
1,1
2,2
3,3
4,4
5,5
6,6
7,7
8,8
9,9
10,10
11,11
12,12
13,13
14,14
15,15
16,16
17,17
18,18
19,18
20,18
21,18
22,19
23,20
24,20
25,21
26,22
27,23
28,24
29,25
30,26
31,26
32,27
33,28
34,29
35,29
36,30
37,30
38,31
39,32
40,32
41,32
42,33
43,34
44,35
45,35
46,35
47,35
48,35
49,35
50,35
51,35
52,35
53,35
54,36
55,36
56,36
57,36
58,36
59,36
60,36
61,36
62,37
63,37
64,37
65,37
66,37
67,37
68,37
69,37
70,37
71,37
72,37
73,37
74,38
75,39
76,40
77,40
78,40
79,40
80,40
81,41
82,41
83,41
84,41
85,42
86,42
87,42
88,42
89,42
90,42
91,42
92,42
93,42
94,42
95,43
96,43
97,43
98,43
99,43
100,44
101,45
102,45
103,45
104,45
105,45
106,45
107,45
108,45
109,45
110,45
111,45
112,45
113,45
114,45
115,46
116,46
117,46
118,46
119,46
120,46
121,46
122,46
123,46
124,46
125,46
126,46
127,46
128,46
129,46
130,46
131,46
132,46
133,46
134,46
135,46
136,47
137,47
138,47
139,47
140,47
141,47
142,47
143,47
144,47
145,47
146,47
147,47
148,47
149,47
150,47
151,47
152,47
153,47
154,47
155,47
156,47
157,47
158,47
159,47
160,47
161,47
162,47
163,47
164,47
165,47
166,47
167,47
168,47
169,47
170,47
171,47
172,47
173,47
174,47
175,47
176,47
177,47
178,47
179,47
180,47
181,47
182,47
183,47
184,47
185,47
186,47
187,47
188,47
189,47
190,47
191,47
192,47
193,47
194,47
195,47
196,47
197,47
198,47
199,47
200,47
201,47
202,47
203,47
204,47
205,47
206,47
207,47
208,47
209,47
210,47
211,47
212,48
213,49
214,49
215,49
216,49
217,49
218,49
219,49
220,49
221,49
222,49
223,49
224,49
225,49
226,49
227,49
228,49
229,49
230,49
231,49
232,49
233,49
234,49
235,49
236,49
237,49
238,49
239,49
240,49
241,49
242,49
243,49
244,49
245,49
246,49
247,49
248,49
249,49
250,49
251,49
252,49
253,49
254,49
255,49
256,49
257,49
258,49
259,49
260,49
261,49
262,49
263,49
264,49
265,49
266,49
267,49
268,49
269,49
270,49
271,49
272,49
273,49
274,49
275,49
276,49
277,49
278,49
279,49
280,49
281,49
282,49
283,49
284,49
285,49
286,49
287,49
288,49
289,49
290,49
291,49
292,49
293,49
294,49
295,49
296,49
297,49
298,49
299,49
300,49
301,49
302,49
303,49
304,49
305,49
306,49
307,49
308,49
309,49
310,49
311,49
312,49
313,49
314,49
315,49
316,49
317,49
318,49
319,49
320,49
321,49
322,49
323,49
324,49
325,49
326,49
327,49
328,49
329,49
330,49
331,49
332,49
333,49
334,49
335,49
336,49
337,49
338,49
339,49
340,49
341,49
342,49
343,49
344,49
345,49
346,49
347,49
348,49
349,49
350,49
351,49
352,49
353,49
354,49
355,49
356,49
357,49
358,49
359,49
360,49
361,49
362,49
363,49
364,49
365,49
366,49
367,49
368,49
369,49
370,49
371,49
372,49
373,49
374,49
375,49
376,49
377,49
378,49
379,49
380,49
381,49
382,49
383,49
384,49
385,49
386,49
387,49
388,49
389,49
390,49
391,49
392,49
393,49
394,49
395,49
396,49
397,49
398,49
399,49
400,49
401,50
