0,0
1,1
2,2
3,3
4,4
5,5
6,6
7,7
8,8
9,9
10,10
11,11
12,12
13,13
14,14
15,15
16,16
17,17
18,18
19,19
20,19
21,20
22,21
23,22
24,23
25,24
26,24
27,24
28,25
29,25
30,25
31,26
32,27
33,28
34,29
35,30
36,30
37,31
38,31
39,31
40,31
41,31
42,31
43,31
44,31
45,31
46,32
47,33
48,33
49,33
50,33
51,34
52,34
53,35
54,35
55,35
56,35
57,35
58,35
59,35
60,35
61,35
62,35
63,35
64,35
65,35
66,35
67,35
68,35
69,35
70,35
71,35
72,36
73,36
74,37
75,38
76,38
77,39
78,40
79,40
80,41
81,42
82,42
83,42
84,42
85,42
86,43
87,44
88,44
89,44
90,44
91,44
92,44
93,45
94,45
95,45
96,45
97,45
98,46
99,46
100,47
101,48
102,48
103,49
104,50
105,51
106,51
107,52
108,53
109,54
110,54
111,55
112,55
113,55
114,55
115,55
116,56
117,56
118,57
119,57
120,58
121,58
122,58
123,58
124,59
125,59
126,59
127,59
128,59
129,60
130,60
131,60
132,60
133,60
134,60
135,61
136,62
137,63
138,64
139,65
140,66
141,67
142,67
143,67
144,67
145,68
146,68
147,68
148,68
149,69
150,69
151,70
152,71
153,71
154,71
155,71
156,72
157,72
158,73
159,73
160,74
161,75
162,75
163,75
164,76
165,76
166,77
167,78
168,79
169,79
170,79
171,79
172,79
173,79
174,79
175,80
176,81
177,81
178,81
179,81
180,82
181,82
182,82
183,82
184,83
185,84
186,85
187,86
188,86
189,86
190,86
191,86
192,86
193,86
194,86
195,86
196,86
197,86
198,86
199,86
200,86
201,86
202,86
203,86
204,86
205,86
206,86
207,86
208,86
209,86
210,86
211,86
212,86
213,86
214,86
215,86
216,87
217,87
218,87
219,87
220,87
221,87
222,88
223,88
224,88
225,88
226,88
227,88
228,88
229,88
230,88
231,89
232,89
233,89
234,89
235,89
236,89
237,89
238,89
239,89
240,89
241,90
242,90
243,90
244,90
245,90
246,90
247,90
248,90
249,90
250,90
251,90
252,90
253,91
254,91
255,91
256,91
257,91
258,91
259,91
260,91
261,92
262,92
263,92
264,92
265,92
266,92
267,92
268,92
269,92
270,92
271,92
272,92
273,92
274,92
275,92
276,92
277,92
278,92
279,92
280,92
281,93
282,93
283,93
284,94
285,94
286,95
287,95
288,95
289,95
290,95
291,96
292,96
293,96
294,96
295,96
296,96
297,96
298,96
299,96
300,96
301,96
302,96
303,96
304,96
305,96
306,96
307,96
308,96
309,96
310,96
311,96
312,96
313,96
314,96
315,96
316,96
317,96
318,96
319,96
320,96
321,96
322,96
323,96
324,96
325,96
326,96
327,96
328,96
329,96
330,96
331,96
332,96
333,96
334,96
335,96
336,96
337,96
338,96
339,96
340,96
341,96
342,96
343,96
344,96
345,96
346,96
347,96
348,96
349,96
350,96
351,96
352,96
353,96
354,96
355,96
356,96
357,96
358,96
359,96
360,96
361,96
362,96
363,96
364,96
365,96
366,96
367,96
368,96
369,97
370,97
371,97
372,97
373,97
374,97
375,97
376,97
377,97
378,97
379,97
380,97
381,97
382,97
383,97
384,97
385,97
386,97
387,97
388,97
389,97
390,97
391,97
392,97
393,97
394,97
395,97
396,97
397,97
398,97
399,97
400,97
401,97
402,97
403,97
404,97
405,97
406,97
407,97
408,97
409,97
410,97
411,97
412,97
413,97
414,97
415,97
416,97
417,97
418,97
419,97
420,97
421,97
422,97
423,97
424,97
425,97
426,97
427,97
428,98
429,98
430,98
431,98
432,98
433,98
434,98
435,98
436,98
437,98
438,98
439,98
440,98
441,98
442,98
443,98
444,98
445,98
446,98
447,98
448,98
449,98
450,98
451,98
452,98
453,98
454,98
455,98
456,98
457,98
458,98
459,98
460,98
461,98
462,98
463,98
464,98
465,98
466,98
467,98
468,98
469,98
470,98
471,98
472,98
473,98
474,98
475,98
476,98
477,98
478,98
479,98
480,98
481,98
482,98
483,98
484,98
485,98
486,98
487,98
488,98
489,98
490,98
491,98
492,98
493,98
494,98
495,98
496,98
497,98
498,98
499,98
500,98
501,98
502,98
503,98
504,98
505,98
506,98
507,98
508,98
509,98
510,98
511,98
512,98
513,98
514,98
515,98
516,98
517,98
518,98
519,98
520,98
521,98
522,98
523,98
524,98
525,98
526,98
527,98
528,98
529,98
530,98
531,98
532,98
533,98
534,98
535,98
536,98
537,98
538,98
539,98
540,98
541,98
542,98
543,98
544,98
545,98
546,98
547,98
548,98
549,98
550,98
551,98
552,98
553,98
554,98
555,98
556,98
557,98
558,98
559,98
560,98
561,98
562,98
563,98
564,98
565,98
566,98
567,98
568,98
569,98
570,98
571,99
572,99
573,99
574,99
575,99
576,99
577,99
578,99
579,99
580,99
581,99
582,99
583,99
584,99
585,99
586,99
587,99
588,99
589,99
590,99
591,100
