0,0
1,1
2,2
3,3
4,4
5,5
6,5
7,6
8,7
9,8
10,9
11,10
12,11
13,12
14,13
15,14
16,15
17,15
18,16
19,16
20,17
21,17
22,17
23,18
24,18
25,18
26,19
27,20
28,21
29,21
30,21
31,21
32,22
33,23
34,24
35,25
36,25
37,25
38,26
39,27
40,28
41,29
42,30
43,31
44,32
45,32
46,33
47,34
48,35
49,36
50,37
51,38
52,39
53,40
54,41
55,41
56,41
57,41
58,42
59,43
60,44
61,45
62,45
63,45
64,46
65,47
66,47
67,47
68,47
69,48
70,49
71,50
72,50
73,51
74,51
75,51
76,52
77,52
78,53
79,53
80,54
81,54
82,55
83,56
84,56
85,56
86,57
87,57
88,57
89,57
90,57
91,58
92,58
93,58
94,59
95,59
96,59
97,59
98,59
99,60
100,60
101,61
102,61
103,62
104,63
105,64
106,65
107,65
108,66
109,66
110,66
111,66
112,66
113,67
114,68
115,69
116,70
117,71
118,71
119,71
120,72
121,72
122,73
123,73
124,74
125,74
126,74
127,74
128,75
129,75
130,75
131,75
132,75
133,75
134,76
135,76
136,76
137,76
138,76
139,77
140,77
141,78
142,79
143,79
144,79
145,79
146,79
147,79
148,79
149,80
150,80
151,80
152,80
153,80
154,80
155,80
156,80
157,80
158,80
159,80
160,81
161,81
162,81
163,82
164,82
165,82
166,82
167,82
168,82
169,82
170,82
171,82
172,82
173,83
174,83
175,83
176,83
177,83
178,83
179,84
180,84
181,84
182,84
183,84
184,84
185,84
186,84
187,84
188,84
189,84
190,84
191,84
192,84
193,84
194,84
195,84
196,84
197,84
198,84
199,84
200,84
201,84
202,84
203,84
204,84
205,84
206,84
207,84
208,84
209,84
210,84
211,84
212,84
213,84
214,84
215,84
216,84
217,84
218,84
219,84
220,84
221,84
222,84
223,84
224,85
225,85
226,85
227,85
228,85
229,85
230,85
231,85
232,85
233,85
234,85
235,85
236,85
237,85
238,85
239,85
240,85
241,85
242,85
243,85
244,85
245,85
246,85
247,85
248,85
249,85
250,85
251,85
252,85
253,86
254,86
255,86
256,86
257,86
258,86
259,86
260,87
261,87
262,87
263,87
264,87
265,87
266,87
267,88
268,88
269,88
270,88
271,88
272,88
273,88
274,88
275,88
276,88
277,89
278,89
279,89
280,89
281,89
282,89
283,89
284,89
285,89
286,89
287,89
288,89
289,89
290,89
291,89
292,89
293,89
294,89
295,90
296,91
297,91
298,91
299,91
300,91
301,91
302,91
303,91
304,91
305,91
306,91
307,91
308,91
309,91
310,91
311,91
312,91
313,91
314,91
315,91
316,91
317,91
318,91
319,91
320,91
321,91
322,91
323,91
324,91
325,92
326,92
327,92
328,92
329,92
330,92
331,92
332,92
333,92
334,92
335,92
336,92
337,92
338,92
339,92
340,92
341,92
342,92
343,92
344,92
345,92
346,92
347,92
348,92
349,92
350,92
351,92
352,92
353,92
354,92
355,92
356,92
357,92
358,92
359,92
360,92
361,92
362,92
363,92
364,92
365,92
366,92
367,92
368,92
369,92
370,92
371,93
372,93
373,93
374,93
375,93
376,93
377,93
378,93
379,93
380,93
381,93
382,93
383,93
384,93
385,93
386,93
387,93
388,93
389,93
390,93
391,93
392,93
393,93
394,93
395,93
396,93
397,93
398,93
399,93
400,93
401,93
402,93
403,93
404,93
405,93
406,93
407,93
408,93
409,93
410,93
411,93
412,93
413,94
414,95
415,95
416,95
417,95
418,95
419,95
420,95
421,95
422,95
423,95
424,95
425,95
426,95
427,95
428,95
429,95
430,95
431,95
432,95
433,95
434,95
435,95
436,95
437,95
438,95
439,95
440,95
441,95
442,95
443,95
444,95
445,95
446,95
447,95
448,95
449,95
450,95
451,95
452,95
453,95
454,95
455,95
456,95
457,95
458,95
459,95
460,95
461,95
462,95
463,95
464,95
465,95
466,95
467,95
468,95
469,95
470,95
471,95
472,95
473,95
474,95
475,95
476,95
477,95
478,95
479,95
480,95
481,95
482,95
483,95
484,95
485,95
486,95
487,95
488,95
489,95
490,95
491,95
492,95
493,95
494,95
495,95
496,95
497,95
498,95
499,95
500,95
501,95
502,95
503,95
504,95
505,95
506,95
507,95
508,95
509,95
510,95
511,95
512,95
513,95
514,95
515,95
516,95
517,95
518,95
519,95
520,95
521,95
522,95
523,95
524,95
525,95
526,95
527,95
528,95
529,95
530,95
531,95
532,95
533,95
534,96
535,96
536,96
537,96
538,96
539,96
540,96
541,96
542,96
543,97
544,97
545,97
546,97
547,97
548,97
549,97
550,97
551,97
552,97
553,97
554,97
555,97
556,98
557,99
558,99
559,99
560,99
561,99
562,99
563,99
564,99
565,99
566,99
567,99
568,99
569,99
570,99
571,99
572,99
573,99
574,99
575,99
576,99
577,99
578,99
579,99
580,99
581,99
582,99
583,99
584,99
585,99
586,99
587,99
588,99
589,99
590,99
591,99
592,99
593,99
594,99
595,99
596,99
597,99
598,99
599,99
600,99
601,99
602,99
603,99
604,99
605,99
606,99
607,99
608,99
609,99
610,99
611,99
612,99
613,99
614,99
615,99
616,99
617,99
618,99
619,99
620,99
621,99
622,99
623,99
624,99
625,99
626,99
627,99
628,99
629,99
630,99
631,99
632,99
633,99
634,99
635,99
636,99
637,99
638,99
639,99
640,99
641,99
642,99
643,99
644,99
645,99
646,99
647,99
648,99
649,99
650,99
651,99
652,99
653,99
654,99
655,99
656,99
657,99
658,99
659,99
660,99
661,99
662,99
663,99
664,99
665,99
666,99
667,99
668,99
669,99
670,99
671,99
672,99
673,99
674,99
675,99
676,99
677,99
678,99
679,99
680,99
681,99
682,99
683,99
684,99
685,99
686,99
687,99
688,99
689,99
690,99
691,99
692,99
693,99
694,99
695,99
696,99
697,99
698,99
699,99
700,99
701,99
702,99
703,99
704,99
705,99
706,99
707,99
708,99
709,99
710,99
711,99
712,99
713,99
714,99
715,99
716,99
717,99
718,99
719,99
720,99
721,99
722,99
723,99
724,99
725,99
726,99
727,99
728,99
729,99
730,99
731,99
732,99
733,99
734,99
735,99
736,99
737,99
738,99
739,99
740,99
741,99
742,99
743,99
744,99
745,99
746,99
747,99
748,99
749,99
750,99
751,99
752,99
753,99
754,99
755,99
756,99
757,99
758,99
759,99
760,99
761,99
762,99
763,99
764,99
765,99
766,99
767,99
768,99
769,99
770,99
771,99
772,99
773,99
774,99
775,99
776,99
777,99
778,99
779,99
780,99
781,99
782,99
783,99
784,99
785,99
786,99
787,99
788,99
789,99
790,99
791,99
792,99
793,99
794,99
795,99
796,99
797,99
798,99
799,99
800,99
801,99
802,99
803,99
804,99
805,99
806,99
807,99
808,99
809,99
810,99
811,99
812,99
813,99
814,99
815,99
816,99
817,99
818,99
819,99
820,99
821,99
822,99
823,99
824,99
825,99
826,99
827,99
828,99
829,99
830,99
831,99
832,99
833,99
834,99
835,99
836,99
837,99
838,99
839,99
840,99
841,99
842,99
843,99
844,99
845,99
846,99
847,99
848,99
849,99
850,99
851,99
852,99
853,99
854,99
855,99
856,99
857,99
858,99
859,99
860,99
861,99
862,99
863,99
864,99
865,99
866,99
867,99
868,99
869,99
870,99
871,99
872,99
873,99
874,99
875,99
876,99
877,99
878,99
879,99
880,99
881,99
882,99
883,99
884,99
885,99
886,99
887,99
888,99
889,99
890,99
891,99
892,99
893,99
894,99
895,99
896,99
897,99
898,99
899,99
900,99
901,99
902,99
903,99
904,99
905,99
906,99
907,99
908,99
909,99
910,99
911,99
912,100
