0,0
1,1
2,2
3,3
4,4
5,5
6,6
7,7
8,8
9,9
10,9
11,9
12,9
13,10
14,11
15,12
16,13
17,13
18,14
19,15
20,16
21,17
22,18
23,19
24,20
25,21
26,22
27,23
28,23
29,23
30,24
31,24
32,25
33,26
34,27
35,28
36,29
37,29
38,30
39,31
40,31
41,32
42,33
43,34
44,35
45,35
46,35
47,35
48,35
49,36
50,36
51,36
52,36
53,36
54,36
55,36
56,36
57,36
58,37
59,37
60,37
61,37
62,37
63,38
64,39
65,40
66,41
67,42
68,43
69,44
70,45
71,45
72,45
73,45
74,45
75,45
76,46
77,46
78,46
79,46
80,47
81,47
82,47
83,48
84,49
85,49
86,49
87,50
88,51
89,52
90,53
91,54
92,55
93,56
94,56
95,56
96,57
97,57
98,57
99,57
100,57
101,57
102,57
103,57
104,57
105,57
106,57
107,57
108,57
109,57
110,57
111,57
112,58
113,58
114,58
115,59
116,59
117,59
118,60
119,60
120,61
121,61
122,61
123,61
124,61
125,61
126,62
127,62
128,62
129,62
130,63
131,63
132,63
133,63
134,63
135,63
136,63
137,63
138,63
139,63
140,63
141,63
142,63
143,63
144,63
145,63
146,63
147,63
148,63
149,63
150,64
151,65
152,66
153,66
154,66
155,67
156,67
157,67
158,67
159,67
160,67
161,67
162,67
163,67
164,67
165,67
166,67
167,67
168,67
169,67
170,67
171,67
172,67
173,67
174,68
175,69
176,70
177,70
178,71
179,71
180,71
181,71
182,71
183,71
184,71
185,71
186,71
187,71
188,71
189,71
190,72
191,72
192,73
193,73
194,73
195,74
196,74
197,74
198,74
199,74
200,74
201,74
202,74
203,74
204,74
205,74
206,74
207,74
208,74
209,74
210,74
211,74
212,75
213,75
214,76
215,76
216,76
217,77
218,77
219,77
220,78
221,78
222,78
223,78
224,78
225,78
226,78
227,78
228,79
229,80
230,80
231,80
232,80
233,80
234,80
235,81
236,81
237,82
238,83
239,83
240,83
241,83
242,83
243,83
244,83
245,83
246,83
247,83
248,83
249,83
250,84
251,84
252,84
253,84
254,84
255,84
256,84
257,84
258,84
259,84
260,84
261,84
262,84
263,84
264,84
265,84
266,84
267,85
268,86
269,87
270,88
271,89
272,89
273,89
274,89
275,89
276,89
277,89
278,90
279,91
280,91
281,91
282,91
283,91
284,91
285,91
286,91
287,91
288,91
289,91
290,91
291,91
292,91
293,91
294,91
295,91
296,91
297,91
298,91
299,91
300,91
301,91
302,91
303,91
304,91
305,91
306,91
307,91
308,91
309,91
310,91
311,91
312,91
313,91
314,91
315,91
316,91
317,91
318,91
319,91
320,91
321,91
322,91
323,91
324,91
325,91
326,91
327,91
328,91
329,91
330,91
331,91
332,91
333,91
334,91
335,91
336,91
337,91
338,91
339,91
340,91
341,91
342,91
343,91
344,91
345,91
346,91
347,91
348,91
349,91
350,91
351,91
352,91
353,91
354,91
355,91
356,91
357,91
358,92
359,93
360,93
361,93
362,93
363,93
364,93
365,93
366,93
367,93
368,93
369,93
370,93
371,93
372,93
373,93
374,93
375,93
376,93
377,93
378,93
379,93
380,93
381,93
382,93
383,93
384,93
385,93
386,93
387,93
388,93
389,93
390,93
391,93
392,93
393,93
394,93
395,93
396,93
397,94
398,94
399,94
400,94
401,94
402,94
403,94
404,94
405,94
406,94
407,94
408,94
409,94
410,94
411,94
412,94
413,94
414,94
415,94
416,94
417,94
418,94
419,94
420,94
421,94
422,94
423,94
424,94
425,94
426,94
427,94
428,94
429,94
430,94
431,94
432,94
433,94
434,94
435,94
436,94
437,94
438,94
439,94
440,94
441,94
442,94
443,94
444,94
445,94
446,94
447,94
448,94
449,94
450,94
451,94
452,94
453,94
454,94
455,94
456,94
457,94
458,94
459,94
460,94
461,94
462,94
463,94
464,94
465,94
466,94
467,94
468,94
469,94
470,94
471,94
472,94
473,94
474,94
475,94
476,94
477,94
478,94
479,94
480,94
481,95
482,95
483,95
484,95
485,95
486,95
487,95
488,95
489,95
490,95
491,95
492,95
493,95
494,95
495,95
496,95
497,95
498,95
499,95
500,95
501,95
502,95
503,96
504,96
505,96
506,96
507,96
508,96
509,96
510,96
511,96
512,96
513,96
514,96
515,96
516,96
517,96
518,96
519,96
520,96
521,96
522,96
523,96
524,96
525,96
526,96
527,96
528,96
529,96
530,96
531,96
532,96
533,96
534,96
535,96
536,96
537,96
538,96
539,96
540,96
541,96
542,96
543,96
544,96
545,96
546,96
547,96
548,96
549,96
550,96
551,97
552,97
553,97
554,97
555,97
556,97
557,97
558,97
559,97
560,97
561,97
562,97
563,97
564,97
565,97
566,97
567,97
568,97
569,97
570,97
571,97
572,97
573,97
574,97
575,97
576,97
577,97
578,97
579,97
580,97
581,97
582,97
583,97
584,97
585,98
586,98
587,98
588,98
589,98
590,98
591,98
592,98
593,98
594,98
595,98
596,98
597,98
598,98
599,98
600,98
601,98
602,98
603,98
604,98
605,98
606,98
607,98
608,98
609,98
610,98
611,98
612,98
613,98
614,98
615,98
616,98
617,99
618,99
619,99
620,99
621,99
622,99
623,99
624,99
625,99
626,99
627,100
