0,0
1,1
2,2
3,3
4,4
5,5
6,6
7,7
8,8
9,9
10,9
11,10
12,11
13,12
14,13
15,14
16,15
17,16
18,17
19,18
20,19
21,20
22,21
23,22
24,23
25,24
26,25
27,26
28,27
29,28
30,28
31,28
32,29
33,30
34,31
35,32
36,32
37,33
38,34
39,34
40,34
41,35
42,36
43,37
44,38
45,38
46,38
47,38
48,39
49,40
50,40
51,40
52,40
53,41
54,42
55,42
56,43
57,43
58,44
59,44
60,44
61,45
62,45
63,46
64,46
65,46
66,47
67,48
68,48
69,48
70,49
71,50
72,50
73,50
74,50
75,50
76,50
77,50
78,51
79,51
80,51
81,51
82,51
83,51
84,52
85,53
86,53
87,53
88,54
89,55
90,56
91,57
92,58
93,59
94,60
95,61
96,61
97,62
98,62
99,63
100,63
101,64
102,64
103,64
104,64
105,64
106,65
107,65
108,65
109,66
110,66
111,67
112,67
113,67
114,67
115,67
116,67
117,68
118,68
119,68
120,68
121,68
122,68
123,68
124,68
125,69
126,70
127,70
128,70
129,70
130,70
131,70
132,70
133,70
134,70
135,70
136,70
137,70
138,70
139,70
140,70
141,71
142,71
143,71
144,71
145,71
146,71
147,71
148,71
149,71
150,71
151,71
152,71
153,71
154,71
155,72
156,72
157,72
158,73
159,74
160,74
161,74
162,74
163,74
164,75
165,76
166,76
167,76
168,77
169,77
170,77
171,77
172,77
173,77
174,77
175,77
176,78
177,78
178,79
179,79
180,80
181,81
182,81
183,82
184,82
185,83
186,83
187,83
188,83
189,83
190,83
191,83
192,83
193,83
194,83
195,83
196,83
197,83
198,83
199,83
200,83
201,83
202,83
203,83
204,83
205,83
206,83
207,84
208,84
209,84
210,84
211,85
212,86
213,87
214,87
215,87
216,87
217,87
218,87
219,87
220,87
221,87
222,87
223,87
224,87
225,87
226,87
227,87
228,87
229,87
230,87
231,87
232,87
233,87
234,88
235,88
236,89
237,89
238,89
239,89
240,89
241,89
242,89
243,89
244,89
245,89
246,89
247,89
248,89
249,89
250,90
251,90
252,90
253,90
254,90
255,90
256,90
257,90
258,90
259,90
260,90
261,90
262,90
263,90
264,90
265,90
266,90
267,90
268,90
269,90
270,90
271,90
272,90
273,90
274,90
275,90
276,90
277,90
278,90
279,90
280,90
281,90
282,90
283,90
284,90
285,90
286,90
287,90
288,90
289,90
290,90
291,90
292,90
293,90
294,90
295,90
296,90
297,90
298,90
299,90
300,90
301,90
302,90
303,90
304,90
305,90
306,90
307,90
308,90
309,90
310,90
311,90
312,90
313,90
314,90
315,90
316,90
317,90
318,90
319,90
320,90
321,90
322,90
323,90
324,90
325,90
326,90
327,90
328,90
329,90
330,90
331,90
332,90
333,90
334,90
335,90
336,90
337,90
338,90
339,90
340,90
341,90
342,91
343,91
344,91
345,91
346,91
347,92
348,92
349,92
350,92
351,92
352,92
353,92
354,93
355,93
356,93
357,93
358,93
359,93
360,93
361,93
362,93
363,93
364,93
365,93
366,93
367,94
368,94
369,94
370,94
371,94
372,94
373,94
374,94
375,94
376,94
377,94
378,94
379,94
380,94
381,94
382,94
383,94
384,94
385,94
386,94
387,94
388,94
389,94
390,94
391,94
392,94
393,94
394,94
395,94
396,94
397,94
398,94
399,94
400,94
401,94
402,94
403,94
404,94
405,94
406,94
407,94
408,94
409,94
410,94
411,94
412,94
413,94
414,94
415,94
416,94
417,94
418,94
419,94
420,94
421,94
422,94
423,94
424,94
425,94
426,94
427,94
428,94
429,94
430,95
431,95
432,95
433,95
434,95
435,95
436,95
437,95
438,95
439,95
440,95
441,95
442,95
443,95
444,95
445,95
446,95
447,95
448,95
449,95
450,95
451,95
452,95
453,95
454,95
455,95
456,95
457,95
458,95
459,95
460,95
461,95
462,95
463,95
464,95
465,95
466,95
467,95
468,95
469,95
470,95
471,95
472,95
473,95
474,95
475,95
476,95
477,95
478,95
479,96
480,96
481,96
482,96
483,96
484,96
485,96
486,96
487,96
488,96
489,96
490,96
491,96
492,96
493,96
494,96
495,96
496,96
497,96
498,96
499,96
500,96
501,96
502,96
503,96
504,96
505,96
506,96
507,96
508,96
509,96
510,96
511,96
512,96
513,96
514,96
515,96
516,96
517,96
518,96
519,96
520,96
521,97
522,97
523,97
524,97
525,97
526,97
527,98
528,98
529,98
530,98
531,98
532,98
533,98
534,98
535,98
536,98
537,98
538,98
539,98
540,98
541,98
542,98
543,98
544,98
545,98
546,98
547,98
548,98
549,98
550,98
551,98
552,98
553,98
554,98
555,98
556,98
557,99
558,99
559,99
560,99
561,99
562,99
563,99
564,99
565,99
566,99
567,99
568,99
569,99
570,99
571,99
572,99
573,99
574,99
575,99
576,99
577,99
578,99
579,99
580,99
581,99
582,99
583,99
584,99
585,99
586,99
587,99
588,99
589,99
590,99
591,99
592,99
593,99
594,99
595,99
596,99
597,99
598,100
