0,0
1,1
2,2
3,3
4,4
5,5
6,6
7,7
8,8
9,8
10,9
11,10
12,11
13,12
14,13
15,13
16,13
17,14
18,15
19,16
20,17
21,18
22,18
23,19
24,19
25,20
26,21
27,21
28,22
29,22
30,22
31,23
32,24
33,25
34,26
35,27
36,27
37,28
38,29
39,29
40,29
41,29
42,29
43,30
44,30
45,30
46,31
47,31
48,32
49,32
50,32
51,33
52,34
53,35
54,36
55,37
56,37
57,37
58,37
59,37
60,38
61,39
62,40
63,40
64,40
65,40
66,40
67,40
68,40
69,40
70,41
71,41
72,42
73,42
74,42
75,43
76,43
77,44
78,44
79,45
80,45
81,46
82,47
83,47
84,47
85,47
86,47
87,47
88,48
89,48
90,48
91,48
92,48
93,48
94,48
95,48
96,48
97,48
98,48
99,49
100,50
101,50
102,50
103,51
104,52
105,53
106,54
107,55
108,56
109,56
110,57
111,57
112,58
113,58
114,58
115,58
116,58
117,58
118,58
119,58
120,58
121,58
122,58
123,58
124,58
125,59
126,59
127,60
128,60
129,60
130,60
131,60
132,60
133,60
134,60
135,60
136,60
137,60
138,60
139,60
140,60
141,61
142,61
143,61
144,61
145,61
146,61
147,61
148,61
149,61
150,61
151,62
152,63
153,63
154,63
155,63
156,64
157,65
158,65
159,65
160,65
161,65
162,65
163,65
164,65
165,65
166,65
167,65
168,65
169,66
170,66
171,66
172,66
173,66
174,66
175,66
176,66
177,66
178,66
179,66
180,66
181,67
182,67
183,67
184,67
185,67
186,67
187,67
188,67
189,67
190,67
191,67
192,67
193,67
194,67
195,67
196,67
197,67
198,67
199,67
200,67
201,67
202,67
203,67
204,67
205,67
206,67
207,67
208,67
209,67
210,67
211,67
212,67
213,67
214,67
215,67
216,67
217,67
218,67
219,67
220,67
221,67
222,67
223,67
224,67
225,67
226,67
227,67
228,67
229,67
230,68
231,69
232,70
233,70
234,70
235,70
236,70
237,70
238,70
239,70
240,70
241,70
242,70
243,70
244,70
245,70
246,70
247,70
248,70
249,70
250,70
251,70
252,70
253,70
254,71
255,71
256,71
257,71
258,72
259,72
260,72
261,72
262,72
263,72
264,73
265,73
266,73
267,73
268,73
269,74
270,75
271,75
272,75
273,75
274,75
275,75
276,76
277,76
278,76
279,76
280,76
281,76
282,76
283,76
284,76
285,77
286,77
287,77
288,77
289,77
290,77
291,77
292,77
293,77
294,77
295,77
296,77
297,77
298,77
299,77
300,77
301,77
302,77
303,77
304,77
305,77
306,77
307,77
308,77
309,77
310,77
311,77
312,77
313,77
314,78
315,78
316,79
317,79
318,79
319,79
320,79
321,79
322,79
323,79
324,79
325,80
326,81
327,82
328,82
329,82
330,82
331,82
332,82
333,82
334,82
335,82
336,82
337,82
338,82
339,82
340,82
341,82
342,82
343,82
344,82
345,82
346,82
347,82
348,82
349,82
350,82
351,82
352,82
353,82
354,82
355,82
356,82
357,82
358,82
359,82
360,82
361,82
362,82
363,82
364,83
365,83
366,83
367,83
368,83
369,83
370,83
371,83
372,83
373,83
374,83
375,83
376,83
377,83
378,83
379,83
380,83
381,83
382,83
383,83
384,83
385,83
386,83
387,83
388,83
389,83
390,83
391,83
392,83
393,83
394,83
395,83
396,83
397,83
398,83
399,83
400,83
401,83
402,83
403,83
404,83
405,83
406,83
407,83
408,83
409,83
410,83
411,83
412,83
413,83
414,83
415,83
416,83
417,83
418,83
419,83
420,83
421,83
422,83
423,83
424,83
425,83
426,83
427,83
428,83
429,83
430,84
431,84
432,85
433,85
434,85
435,85
436,85
437,85
438,85
439,85
440,85
441,85
442,85
443,85
444,85
445,86
446,86
447,86
448,87
449,87
450,87
451,87
452,87
453,87
454,87
455,87
456,87
457,87
458,87
459,87
460,87
461,87
462,87
463,87
464,87
465,87
466,87
467,87
468,87
469,87
470,87
471,87
472,87
473,87
474,87
475,87
476,87
477,87
478,87
479,87
480,87
481,87
482,87
483,87
484,87
485,87
486,87
487,87
488,87
489,87
490,87
491,87
492,87
493,87
494,87
495,87
496,87
497,88
498,88
499,88
500,88
501,88
502,88
503,88
504,88
505,88
506,88
507,88
508,88
509,88
510,88
511,88
512,88
513,88
514,88
515,88
516,88
517,89
518,90
519,91
520,91
521,91
522,91
523,91
524,91
525,91
526,91
527,91
528,91
529,91
530,91
531,91
532,91
533,91
534,91
535,91
536,91
537,91
538,91
539,91
540,91
541,91
542,91
543,91
544,91
545,92
546,93
547,93
548,93
549,93
550,93
551,93
552,93
553,93
554,93
555,93
556,93
557,93
558,93
559,93
560,93
561,93
562,93
563,93
564,93
565,93
566,93
567,93
568,93
569,93
570,93
571,93
572,93
573,93
574,93
575,93
576,93
577,93
578,93
579,93
580,93
581,93
582,93
583,93
584,93
585,93
586,94
587,94
588,94
589,94
590,94
591,94
592,94
593,94
594,94
595,94
596,94
597,94
598,94
599,94
600,94
601,94
602,94
603,94
604,94
605,94
606,94
607,94
608,94
609,95
610,96
611,96
612,96
613,97
614,98
615,99
616,99
617,99
618,99
619,99
620,99
621,99
622,99
623,99
624,99
625,99
626,99
627,99
628,99
629,99
630,99
631,99
632,99
633,99
634,99
635,99
636,99
637,99
638,99
639,99
640,99
641,99
642,99
643,99
644,99
645,99
646,99
647,99
648,99
649,99
650,99
651,99
652,99
653,99
654,99
655,99
656,99
657,99
658,99
659,99
660,99
661,99
662,99
663,99
664,99
665,99
666,99
667,99
668,99
669,99
670,99
671,99
672,99
673,99
674,99
675,99
676,99
677,99
678,99
679,99
680,99
681,99
682,99
683,99
684,99
685,99
686,99
687,99
688,99
689,99
690,99
691,99
692,99
693,99
694,99
695,99
696,99
697,99
698,99
699,99
700,99
701,99
702,99
703,99
704,99
705,99
706,99
707,99
708,99
709,99
710,99
711,99
712,99
713,99
714,99
715,99
716,99
717,99
718,99
719,99
720,99
721,99
722,99
723,99
724,99
725,99
726,99
727,99
728,99
729,99
730,99
731,99
732,99
733,99
734,99
735,99
736,99
737,99
738,99
739,99
740,99
741,99
742,99
743,99
744,99
745,99
746,99
747,99
748,99
749,99
750,99
751,99
752,99
753,99
754,99
755,99
756,99
757,99
758,99
759,99
760,99
761,99
762,99
763,99
764,99
765,99
766,99
767,99
768,99
769,99
770,99
771,99
772,99
773,99
774,99
775,99
776,99
777,99
778,99
779,99
780,99
781,99
782,99
783,99
784,99
785,99
786,99
787,99
788,99
789,99
790,99
791,99
792,99
793,99
794,99
795,99
796,99
797,99
798,99
799,99
800,99
801,99
802,99
803,99
804,99
805,99
806,99
807,99
808,99
809,99
810,99
811,99
812,99
813,99
814,99
815,99
816,99
817,99
818,99
819,99
820,99
821,99
822,99
823,99
824,99
825,99
826,99
827,99
828,99
829,99
830,99
831,99
832,99
833,99
834,99
835,99
836,99
837,99
838,99
839,99
840,99
841,99
842,99
843,99
844,99
845,99
846,99
847,99
848,99
849,99
850,99
851,99
852,99
853,99
854,99
855,99
856,99
857,99
858,99
859,99
860,99
861,99
862,99
863,99
864,99
865,99
866,99
867,99
868,99
869,99
870,99
871,99
872,99
873,99
874,99
875,99
876,99
877,99
878,99
879,99
880,99
881,99
882,99
883,99
884,99
885,99
886,99
887,99
888,99
889,99
890,99
891,99
892,99
893,99
894,99
895,99
896,99
897,99
898,99
899,99
900,99
901,99
902,99
903,99
904,99
905,99
906,99
907,99
908,99
909,99
910,99
911,99
912,99
913,99
914,99
915,99
916,99
917,99
918,99
919,99
920,99
921,99
922,99
923,99
924,99
925,99
926,99
927,99
928,99
929,99
930,99
931,99
932,99
933,99
934,99
935,99
936,99
937,99
938,99
939,99
940,99
941,99
942,99
943,99
944,99
945,99
946,99
947,99
948,99
949,99
950,99
951,99
952,99
953,99
954,99
955,99
956,99
957,99
958,99
959,99
960,99
961,99
962,99
963,99
964,99
965,99
966,99
967,99
968,99
969,99
970,99
971,99
972,99
973,99
974,99
975,99
976,99
977,99
978,99
979,99
980,99
981,99
982,99
983,99
984,99
985,99
986,99
987,99
988,99
989,99
990,99
991,99
992,99
993,99
994,99
995,99
996,99
997,99
998,99
999,99
1000,99
1001,99
1002,99
1003,99
1004,99
1005,99
1006,99
1007,99
1008,99
1009,99
1010,99
1011,99
1012,99
1013,99
1014,99
1015,99
1016,99
1017,99
1018,99
1019,99
1020,99
1021,99
1022,99
1023,99
1024,99
1025,99
1026,99
1027,99
1028,99
1029,99
1030,99
1031,99
1032,99
1033,99
1034,99
1035,99
1036,99
1037,99
1038,99
1039,99
1040,99
1041,99
1042,99
1043,99
1044,100
