0,0
1,1
2,2
3,3
4,4
5,5
6,6
7,7
8,8
9,9
10,10
11,11
12,12
13,13
14,14
15,15
16,16
17,17
18,17
19,18
20,18
21,18
22,19
23,19
24,20
25,20
26,21
27,21
28,22
29,22
30,23
31,24
32,25
33,26
34,27
35,28
36,29
37,30
38,31
39,32
40,33
41,33
42,33
43,34
44,35
45,36
46,37
47,37
48,37
49,38
50,38
51,38
52,39
53,40
54,41
55,41
56,41
57,42
58,42
59,42
60,43
61,43
62,43
63,44
64,44
65,45
66,46
67,47
68,47
69,47
70,47
71,48
72,48
73,49
74,50
75,51
76,51
77,51
78,51
79,51
80,51
81,52
82,53
83,53
84,53
85,53
86,54
87,54
88,54
89,54
90,55
91,55
92,55
93,55
94,55
95,55
96,55
97,55
98,55
99,55
100,55
101,56
102,56
103,56
104,56
105,56
106,56
107,57
108,58
109,59
110,59
111,59
112,59
113,59
114,59
115,59
116,60
117,61
118,61
119,61
120,61
121,61
122,61
123,62
124,62
125,62
126,63
127,63
128,63
129,63
130,63
131,63
132,63
133,63
134,64
135,64
136,64
137,64
138,64
139,65
140,65
141,65
142,65
143,66
144,66
145,66
146,66
147,67
148,67
149,67
150,67
151,67
152,68
153,68
154,68
155,68
156,68
157,68
158,69
159,69
160,70
161,71
162,71
163,71
164,71
165,71
166,71
167,72
168,72
169,73
170,73
171,73
172,73
173,73
174,74
175,74
176,74
177,74
178,75
179,75
180,75
181,75
182,75
183,75
184,75
185,75
186,76
187,76
188,76
189,76
190,76
191,77
192,77
193,77
194,77
195,78
196,78
197,78
198,78
199,78
200,78
201,78
202,78
203,78
204,78
205,78
206,78
207,78
208,78
209,78
210,78
211,78
212,78
213,78
214,78
215,78
216,78
217,78
218,78
219,78
220,78
221,78
222,78
223,78
224,78
225,78
226,78
227,78
228,78
229,78
230,78
231,78
232,78
233,78
234,78
235,78
236,78
237,78
238,78
239,79
240,80
241,81
242,81
243,82
244,82
245,83
246,83
247,83
248,83
249,83
250,83
251,83
252,83
253,83
254,83
255,83
256,83
257,83
258,83
259,83
260,83
261,83
262,83
263,83
264,83
265,83
266,83
267,83
268,83
269,83
270,83
271,84
272,85
273,85
274,85
275,85
276,85
277,85
278,86
279,86
280,86
281,86
282,86
283,86
284,87
285,87
286,87
287,87
288,87
289,87
290,87
291,87
292,87
293,87
294,87
295,87
296,87
297,87
298,87
299,87
300,87
301,87
302,87
303,87
304,87
305,87
306,87
307,87
308,87
309,87
310,87
311,87
312,87
313,87
314,87
315,87
316,87
317,87
318,87
319,87
320,87
321,87
322,87
323,87
324,87
325,87
326,87
327,87
328,87
329,87
330,87
331,87
332,88
333,89
334,89
335,89
336,89
337,89
338,89
339,89
340,89
341,89
342,89
343,89
344,89
345,89
346,89
347,89
348,89
349,89
350,89
351,89
352,89
353,90
354,90
355,91
356,92
357,93
358,94
359,95
360,95
361,96
362,96
363,96
364,96
365,97
366,97
367,97
368,97
369,97
370,97
371,98
372,99
373,99
374,99
375,99
376,100
377,100
378,100
379,100
380,100
381,100
382,100
383,100
384,100
385,100
386,100
387,100
388,100
389,101
390,101
391,101
392,101
393,101
394,101
395,101
396,101
397,101
398,101
399,101
400,101
401,101
402,101
403,101
404,101
405,101
406,101
407,101
408,101
409,101
410,101
411,101
412,101
413,101
414,101
415,101
416,101
417,101
418,101
419,101
420,101
421,101
422,101
423,101
424,101
425,101
426,101
427,101
428,102
429,103
430,103
431,104
432,104
433,104
434,104
435,104
436,104
437,104
438,104
439,104
440,104
441,104
442,104
443,104
444,104
445,104
446,104
447,104
448,104
449,104
450,104
451,104
452,104
453,104
454,104
455,104
456,104
457,104
458,104
459,104
460,104
461,104
462,104
463,104
464,104
465,104
466,104
467,104
468,104
469,104
470,104
471,104
472,104
473,104
474,104
475,104
476,104
477,104
478,104
479,104
480,104
481,104
482,104
483,104
484,104
485,104
486,105
487,105
488,105
489,105
490,105
491,105
492,105
493,105
494,105
495,105
496,106
497,106
498,107
499,108
500,109
501,109
502,109
503,109
504,109
505,109
506,109
507,109
508,109
509,109
510,109
511,109
512,109
513,109
514,109
515,109
516,109
517,109
518,109
519,109
520,109
521,109
522,109
523,109
524,109
525,109
526,109
527,109
528,109
529,109
530,109
531,109
532,109
533,110
534,111
535,111
536,111
537,112
538,112
539,112
540,112
541,112
542,112
543,112
544,112
545,112
546,112
547,112
548,112
549,112
550,113
551,113
552,113
553,113
554,113
555,113
556,113
557,113
558,113
559,113
560,113
561,113
562,113
563,113
564,113
565,113
566,113
567,113
568,113
569,113
570,113
571,113
572,113
573,113
574,113
575,113
576,113
577,113
578,113
579,113
580,113
581,113
582,113
583,113
584,113
585,113
586,113
587,113
588,113
589,113
590,113
591,113
592,113
593,113
594,113
595,113
596,113
597,113
598,113
599,113
600,113
601,113
602,113
603,113
604,113
605,113
606,113
607,113
608,113
609,113
610,113
611,113
612,113
613,113
614,113
615,113
616,113
617,113
618,113
619,113
620,113
621,113
622,113
623,113
624,114
625,114
626,114
627,114
628,114
629,114
630,114
631,114
632,114
633,114
634,114
635,114
636,114
637,114
638,114
639,114
640,114
641,114
642,114
643,114
644,114
645,114
646,114
647,114
648,114
649,114
650,114
651,114
652,115
653,115
654,115
655,115
656,115
657,115
658,115
659,115
660,115
661,115
662,115
663,115
664,115
665,115
666,115
667,115
668,115
669,115
670,115
671,115
672,115
673,115
674,115
675,115
676,115
677,115
678,115
679,115
680,115
681,115
682,115
683,115
684,115
685,115
686,115
687,115
688,115
689,115
690,115
691,115
692,115
693,115
694,115
695,115
696,115
697,115
698,115
699,115
700,115
701,115
702,115
703,115
704,115
705,115
706,115
707,115
708,115
709,115
710,115
711,115
712,115
713,115
714,115
715,115
716,115
717,115
718,115
719,115
720,115
721,116
722,116
723,116
724,116
725,116
726,116
727,116
728,117
729,117
730,118
731,118
732,118
733,118
734,118
735,118
736,118
737,118
738,118
739,118
740,118
741,118
742,118
743,118
744,118
745,118
746,119
747,120
748,120
749,120
750,121
751,121
752,122
753,122
754,122
755,122
756,122
757,122
758,122
759,122
760,122
761,122
762,122
763,122
764,122
765,122
766,122
767,123
768,123
769,123
770,123
771,123
772,123
773,123
774,123
775,123
776,123
777,123
778,123
779,123
780,123
781,123
782,123
783,123
784,123
785,123
786,123
787,123
788,123
789,123
790,123
791,123
792,123
793,123
794,123
795,123
796,123
797,123
798,123
799,123
800,123
801,123
802,123
803,123
804,123
805,123
806,123
807,123
808,123
809,123
810,123
811,123
812,123
813,123
814,123
815,123
816,123
817,123
818,123
819,123
820,123
821,123
822,123
823,123
824,123
825,123
826,123
827,123
828,123
829,123
830,123
831,123
832,123
833,123
834,123
835,123
836,123
837,123
838,123
839,123
840,123
841,123
842,123
843,123
844,123
845,123
846,123
847,123
848,123
849,123
850,123
851,123
852,123
853,123
854,123
855,123
856,123
857,123
858,123
859,123
860,123
861,123
862,123
863,123
864,123
865,123
866,123
867,123
868,123
869,123
870,123
871,123
872,123
873,123
874,123
875,123
876,123
877,123
878,123
879,123
880,123
881,123
882,124
883,124
884,124
885,124
886,124
887,124
888,124
889,124
890,124
891,124
892,124
893,124
894,124
895,124
896,124
897,124
898,124
899,124
900,124
901,124
902,124
903,124
904,124
905,124
906,124
907,124
908,124
909,124
910,124
911,124
912,124
913,124
914,124
915,124
916,124
917,124
918,124
919,124
920,124
921,124
922,124
923,124
924,124
925,124
926,124
927,124
928,124
929,124
930,124
931,124
932,124
933,124
934,124
935,124
936,124
937,124
938,124
939,124
940,124
941,124
942,124
943,124
944,124
945,124
946,124
947,124
948,124
949,124
950,124
951,124
952,124
953,124
954,124
955,124
956,124
957,124
958,124
959,124
960,124
961,124
962,124
963,124
964,124
965,124
966,124
967,124
968,124
969,124
970,124
971,124
972,124
973,124
974,124
975,124
976,124
977,124
978,124
979,124
980,124
981,124
982,124
983,124
984,124
985,124
986,124
987,124
988,124
989,124
990,124
991,124
992,124
993,124
994,124
995,124
996,124
997,124
998,124
999,124
1000,124
1001,124
1002,124
1003,124
1004,124
1005,124
1006,124
1007,124
1008,124
1009,124
1010,124
1011,124
1012,124
1013,124
1014,124
1015,124
1016,124
1017,124
1018,124
1019,124
1020,124
1021,124
1022,124
1023,124
1024,124
1025,124
1026,124
1027,124
1028,124
1029,124
1030,124
1031,124
1032,124
1033,124
1034,124
1035,124
1036,124
1037,124
1038,124
1039,124
1040,124
1041,124
1042,124
1043,124
1044,124
1045,124
1046,124
1047,124
1048,124
1049,124
1050,124
1051,124
1052,124
1053,124
1054,124
1055,124
1056,124
1057,124
1058,124
1059,124
1060,124
1061,124
1062,124
1063,124
1064,124
1065,124
1066,124
1067,124
1068,124
1069,124
1070,124
1071,124
1072,124
1073,124
1074,124
1075,124
1076,124
1077,124
1078,124
1079,124
1080,124
1081,124
1082,124
1083,124
1084,124
1085,124
1086,124
1087,124
1088,124
1089,124
1090,124
1091,124
1092,124
1093,124
1094,124
1095,124
1096,124
1097,124
1098,124
1099,124
1100,124
1101,124
1102,124
1103,124
1104,124
1105,124
1106,124
1107,124
1108,124
1109,124
1110,124
1111,124
1112,124
1113,124
1114,124
1115,124
1116,124
1117,124
1118,124
1119,124
1120,124
1121,124
1122,124
1123,124
1124,124
1125,124
1126,124
1127,124
1128,124
1129,124
1130,124
1131,124
1132,124
1133,125
1134,126
1135,126
1136,126
1137,126
1138,126
1139,126
1140,127
1141,127
1142,127
1143,127
1144,127
1145,127
1146,127
1147,127
1148,127
1149,127
1150,127
1151,127
1152,127
1153,127
1154,127
1155,127
1156,127
1157,127
1158,127
1159,127
1160,127
1161,127
1162,127
1163,127
1164,127
1165,127
1166,127
1167,127
1168,127
1169,127
1170,127
1171,127
1172,127
1173,127
1174,127
1175,127
1176,127
1177,127
1178,127
1179,127
1180,127
1181,127
1182,127
1183,127
1184,127
1185,127
1186,127
1187,127
1188,127
1189,127
1190,127
1191,127
1192,127
1193,127
1194,127
1195,127
1196,127
1197,127
1198,127
1199,127
1200,128
1201,128
1202,128
1203,128
1204,128
1205,128
1206,129
1207,129
1208,129
1209,129
1210,129
1211,129
1212,129
1213,129
1214,129
1215,129
1216,129
1217,129
1218,129
1219,129
1220,129
1221,129
1222,129
1223,129
1224,129
1225,129
1226,129
1227,129
1228,129
1229,129
1230,129
1231,129
1232,129
1233,129
1234,129
1235,129
1236,129
1237,129
1238,129
1239,129
1240,129
1241,129
1242,129
1243,129
1244,129
1245,130
1246,130
1247,130
1248,130
1249,130
1250,130
1251,130
1252,130
1253,130
1254,130
1255,130
1256,130
1257,130
1258,130
1259,130
1260,130
1261,130
1262,130
1263,130
1264,130
1265,130
1266,130
1267,130
1268,130
1269,130
1270,130
1271,130
1272,130
1273,130
1274,130
1275,130
1276,130
1277,130
1278,130
1279,130
1280,130
1281,130
1282,130
1283,130
1284,130
1285,130
1286,130
1287,130
1288,130
1289,130
1290,130
1291,130
1292,130
1293,130
1294,130
1295,130
1296,130
1297,130
1298,130
1299,130
1300,130
1301,130
1302,130
1303,130
1304,130
1305,130
1306,130
1307,130
1308,130
1309,130
1310,130
1311,130
1312,130
1313,130
1314,130
1315,130
1316,130
1317,130
1318,130
1319,130
1320,130
1321,130
1322,130
1323,130
1324,130
1325,130
1326,130
1327,130
1328,130
1329,130
1330,130
1331,130
1332,130
1333,130
1334,130
1335,130
1336,130
1337,130
1338,130
1339,130
1340,130
1341,130
1342,130
1343,130
1344,130
1345,130
1346,130
1347,130
1348,130
1349,130
1350,130
1351,130
1352,130
1353,130
1354,130
1355,130
1356,130
1357,130
1358,130
1359,130
1360,130
1361,130
1362,130
1363,130
1364,130
1365,130
1366,130
1367,130
1368,130
1369,130
1370,130
1371,130
1372,130
1373,130
1374,130
1375,130
1376,130
1377,130
1378,130
1379,130
1380,130
1381,130
1382,130
1383,130
1384,130
1385,130
1386,130
1387,130
1388,130
1389,130
1390,130
1391,130
1392,130
1393,130
1394,130
1395,130
1396,130
1397,130
1398,130
1399,130
1400,130
1401,130
1402,130
1403,130
1404,130
1405,130
1406,130
1407,130
1408,130
1409,130
1410,130
1411,130
1412,130
1413,130
1414,130
1415,130
1416,130
1417,130
1418,130
1419,130
1420,130
1421,130
1422,130
1423,130
1424,130
1425,130
1426,130
1427,130
1428,130
1429,130
1430,130
1431,130
1432,130
1433,130
1434,130
1435,130
1436,130
1437,130
1438,130
1439,130
1440,130
1441,130
1442,130
1443,130
1444,130
1445,130
1446,130
1447,130
1448,130
1449,130
1450,130
1451,130
1452,130
1453,130
1454,130
1455,130
1456,130
1457,130
1458,130
1459,130
1460,130
1461,130
1462,130
1463,130
1464,130
1465,130
1466,130
1467,130
1468,130
1469,130
1470,130
1471,130
1472,130
1473,130
1474,130
1475,130
1476,130
1477,130
1478,130
1479,130
1480,130
1481,130
1482,130
1483,130
1484,130
1485,130
1486,130
1487,130
1488,130
1489,130
1490,130
1491,130
1492,130
1493,130
1494,130
1495,130
1496,130
1497,130
1498,130
1499,130
1500,130
1501,130
1502,130
1503,130
1504,130
1505,130
1506,130
1507,130
1508,130
1509,130
1510,130
1511,130
1512,130
1513,130
1514,130
1515,130
1516,130
1517,130
1518,130
1519,130
1520,130
1521,130
1522,130
1523,130
1524,130
1525,130
1526,130
1527,130
1528,130
1529,130
1530,130
1531,130
1532,130
1533,130
1534,130
1535,130
1536,130
1537,130
1538,130
1539,130
1540,130
1541,130
1542,130
1543,130
1544,130
1545,130
1546,130
1547,130
1548,130
1549,130
1550,130
1551,130
1552,130
1553,130
1554,130
1555,130
1556,130
1557,130
1558,130
1559,130
1560,130
1561,130
1562,130
1563,130
1564,130
1565,130
1566,130
1567,130
1568,130
1569,130
1570,130
1571,130
1572,130
1573,130
1574,130
1575,130
1576,130
1577,130
1578,130
1579,130
1580,130
1581,130
1582,130
1583,130
1584,130
1585,130
1586,130
1587,130
1588,130
1589,130
1590,130
1591,130
1592,130
1593,130
1594,130
1595,130
1596,130
1597,130
1598,130
1599,130
1600,130
1601,130
1602,130
1603,130
1604,130
1605,130
1606,130
1607,130
1608,130
1609,130
1610,130
1611,130
1612,130
1613,130
1614,130
1615,130
1616,130
1617,130
1618,130
1619,130
1620,130
1621,130
1622,130
1623,130
1624,130
1625,130
1626,130
1627,130
1628,130
1629,130
1630,130
1631,130
1632,130
1633,130
1634,130
1635,130
1636,130
1637,130
1638,130
1639,130
1640,130
1641,130
1642,130
1643,130
1644,130
1645,130
1646,130
1647,130
1648,130
1649,130
1650,130
1651,130
1652,130
1653,130
1654,130
1655,130
1656,130
1657,130
1658,130
1659,130
1660,130
1661,130
1662,130
1663,130
1664,130
1665,130
1666,130
1667,130
1668,130
1669,130
1670,130
1671,130
1672,130
1673,130
1674,130
1675,130
1676,130
1677,130
1678,130
1679,130
1680,130
1681,130
1682,130
1683,130
1684,130
1685,130
1686,130
1687,130
1688,130
1689,130
1690,130
1691,130
1692,130
1693,130
1694,130
1695,130
1696,130
1697,130
1698,130
1699,130
1700,130
1701,130
1702,130
1703,130
1704,130
1705,130
1706,130
1707,130
1708,130
1709,130
1710,130
1711,130
1712,130
1713,130
1714,130
1715,130
1716,130
1717,130
1718,130
1719,130
1720,130
1721,130
1722,130
1723,130
1724,130
1725,130
1726,130
1727,130
1728,130
1729,130
1730,130
1731,130
1732,130
1733,130
1734,130
1735,130
1736,130
1737,130
1738,130
1739,130
1740,130
1741,130
1742,130
1743,130
1744,130
1745,130
1746,130
1747,130
1748,130
1749,130
1750,131
1751,132
1752,132
1753,132
1754,133
1755,134
1756,134
1757,134
1758,134
1759,134
1760,134
1761,134
1762,134
1763,134
1764,134
1765,134
1766,134
1767,134
1768,134
1769,134
1770,134
1771,134
1772,134
1773,134
1774,134
1775,134
1776,134
1777,134
1778,134
1779,134
1780,134
1781,134
1782,134
1783,134
1784,134
1785,134
1786,134
1787,134
1788,134
1789,134
1790,134
1791,134
1792,134
1793,134
1794,134
1795,134
1796,134
1797,134
1798,134
1799,134
1800,134
1801,134
1802,134
1803,134
1804,134
1805,134
1806,134
1807,134
1808,134
1809,134
1810,134
1811,134
1812,134
1813,134
1814,134
1815,134
1816,134
1817,134
1818,134
1819,134
1820,134
1821,134
1822,134
1823,134
1824,134
1825,134
1826,134
1827,134
1828,134
1829,134
1830,134
1831,134
1832,134
1833,134
1834,134
1835,134
1836,134
1837,134
1838,134
1839,134
1840,134
1841,134
1842,134
1843,134
1844,134
1845,134
1846,134
1847,134
1848,134
1849,134
1850,134
1851,134
1852,134
1853,134
1854,134
1855,134
1856,134
1857,134
1858,134
1859,134
1860,134
1861,134
1862,134
1863,134
1864,134
1865,134
1866,134
1867,134
1868,134
1869,134
1870,134
1871,134
1872,134
1873,134
1874,134
1875,134
1876,134
1877,134
1878,134
1879,134
1880,134
1881,134
1882,134
1883,134
1884,134
1885,134
1886,134
1887,134
1888,134
1889,134
1890,134
1891,134
1892,134
1893,134
1894,134
1895,134
1896,134
1897,134
1898,134
1899,134
1900,134
1901,134
1902,134
1903,134
1904,134
1905,134
1906,134
1907,134
1908,134
1909,134
1910,134
1911,134
1912,134
1913,134
1914,134
1915,134
1916,134
1917,134
1918,134
1919,134
1920,134
1921,134
1922,134
1923,134
1924,134
1925,134
1926,134
1927,134
1928,134
1929,134
1930,134
1931,134
1932,134
1933,134
1934,134
1935,134
1936,134
1937,134
1938,134
1939,134
1940,134
1941,134
1942,134
1943,134
1944,134
1945,134
1946,134
1947,134
1948,134
1949,134
1950,134
1951,134
1952,134
1953,134
1954,134
1955,134
1956,134
1957,134
1958,134
1959,134
1960,134
1961,134
1962,134
1963,134
1964,134
1965,134
1966,134
1967,134
1968,134
1969,134
1970,134
1971,134
1972,134
1973,134
1974,134
1975,134
1976,134
1977,134
1978,134
1979,134
1980,134
1981,134
1982,134
1983,134
1984,134
1985,134
1986,134
1987,134
1988,134
1989,134
1990,134
1991,134
1992,134
1993,134
1994,134
1995,134
1996,134
1997,134
1998,134
1999,134
2000,134
2001,134
2002,134
2003,134
2004,134
2005,134
2006,134
2007,134
2008,134
2009,134
2010,134
2011,134
2012,134
2013,134
2014,134
2015,134
2016,134
2017,134
2018,134
2019,134
2020,134
2021,134
2022,134
2023,134
2024,134
2025,134
2026,134
2027,134
2028,134
2029,134
2030,134
2031,134
2032,134
2033,134
2034,134
2035,134
2036,134
2037,134
2038,134
2039,134
2040,134
2041,134
2042,134
2043,134
2044,134
2045,134
2046,134
2047,134
2048,134
2049,134
2050,134
2051,134
2052,134
2053,134
2054,135
2055,135
2056,135
2057,135
2058,135
2059,135
2060,135
2061,135
2062,135
2063,135
2064,135
2065,135
2066,135
2067,135
2068,135
2069,135
2070,135
2071,135
2072,135
2073,135
2074,135
2075,135
2076,135
2077,135
2078,135
2079,135
2080,135
2081,135
2082,135
2083,135
2084,135
2085,135
2086,135
2087,135
2088,135
2089,135
2090,135
2091,135
2092,135
2093,135
2094,135
2095,135
2096,135
2097,135
2098,135
2099,135
2100,135
2101,135
2102,135
2103,135
2104,135
2105,135
2106,135
2107,135
2108,135
2109,135
2110,135
2111,135
2112,135
2113,135
2114,135
2115,135
2116,135
2117,135
2118,135
2119,135
2120,135
2121,135
2122,135
2123,135
2124,135
2125,135
2126,135
2127,135
2128,135
2129,135
2130,135
2131,135
2132,135
2133,135
2134,135
2135,135
2136,135
2137,135
2138,135
2139,135
2140,135
2141,135
2142,135
2143,135
2144,135
2145,135
2146,135
2147,135
2148,135
2149,135
2150,135
2151,135
2152,135
2153,135
2154,135
2155,135
2156,135
2157,135
2158,135
2159,135
2160,135
2161,135
2162,135
2163,135
2164,135
2165,135
2166,135
2167,135
2168,135
2169,135
2170,135
2171,135
2172,135
2173,135
2174,135
2175,135
2176,135
2177,135
2178,135
2179,135
2180,135
2181,135
2182,135
2183,135
2184,135
2185,135
2186,135
2187,135
2188,135
2189,135
2190,135
2191,135
2192,135
2193,135
2194,135
2195,135
2196,135
2197,135
2198,135
2199,135
2200,135
2201,135
2202,135
2203,135
2204,135
2205,135
2206,135
2207,135
2208,135
2209,135
2210,135
2211,135
2212,135
2213,135
2214,135
2215,135
2216,135
2217,135
2218,135
2219,135
2220,135
2221,135
2222,135
2223,135
2224,135
2225,135
2226,135
2227,135
2228,135
2229,135
2230,135
2231,135
2232,135
2233,135
2234,135
2235,135
2236,135
2237,135
2238,135
2239,135
2240,135
2241,135
2242,135
2243,135
2244,135
2245,135
2246,135
2247,135
2248,135
2249,135
2250,135
2251,135
2252,135
2253,135
2254,135
2255,135
2256,135
2257,135
2258,135
2259,135
2260,135
2261,135
2262,135
2263,135
2264,135
2265,135
2266,135
2267,135
2268,135
2269,135
2270,135
2271,135
2272,135
2273,135
2274,135
2275,135
2276,135
2277,135
2278,135
2279,135
2280,135
2281,135
2282,135
2283,135
2284,135
2285,135
2286,135
2287,135
2288,135
2289,135
2290,135
2291,135
2292,135
2293,135
2294,135
2295,135
2296,135
2297,135
2298,135
2299,135
2300,135
2301,135
2302,135
2303,135
2304,135
2305,135
2306,135
2307,135
2308,135
2309,135
2310,135
2311,135
2312,135
2313,135
2314,135
2315,135
2316,135
2317,135
2318,135
2319,135
2320,135
2321,135
2322,135
2323,135
2324,135
2325,135
2326,135
2327,135
2328,135
2329,135
2330,135
2331,135
2332,135
2333,135
2334,135
2335,135
2336,135
2337,135
2338,135
2339,135
2340,135
2341,135
2342,135
2343,135
2344,135
2345,135
2346,136
2347,136
2348,136
2349,136
2350,136
2351,136
2352,136
2353,136
2354,136
2355,136
2356,136
2357,136
2358,136
2359,136
2360,136
2361,136
2362,136
2363,136
2364,136
2365,136
2366,136
2367,136
2368,136
2369,136
2370,136
2371,136
2372,136
2373,136
2374,136
2375,136
2376,137
2377,137
2378,137
2379,137
2380,137
2381,137
2382,137
2383,137
2384,137
2385,137
2386,137
2387,137
2388,137
2389,137
2390,137
2391,137
2392,137
2393,137
2394,137
2395,137
2396,137
2397,137
2398,137
2399,137
2400,137
2401,137
2402,137
2403,137
2404,137
2405,137
2406,137
2407,137
2408,137
2409,137
2410,137
2411,137
2412,137
2413,137
2414,137
2415,137
2416,137
2417,137
2418,137
2419,137
2420,137
2421,137
2422,137
2423,137
2424,137
2425,137
2426,137
2427,137
2428,137
2429,137
2430,137
2431,137
2432,137
2433,137
2434,137
2435,137
2436,137
2437,137
2438,137
2439,137
2440,137
2441,137
2442,137
2443,137
2444,137
2445,137
2446,137
2447,137
2448,137
2449,137
2450,137
2451,137
2452,137
2453,137
2454,137
2455,137
2456,137
2457,137
2458,137
2459,137
2460,137
2461,137
2462,137
2463,137
2464,137
2465,137
2466,137
2467,137
2468,137
2469,137
2470,137
2471,137
2472,137
2473,137
2474,137
2475,137
2476,137
2477,137
2478,137
2479,137
2480,137
2481,137
2482,137
2483,138
2484,139
2485,140
2486,141
2487,141
2488,141
2489,142
2490,142
2491,142
2492,142
2493,142
2494,142
2495,142
2496,142
2497,142
2498,142
2499,142
2500,142
2501,142
2502,142
2503,142
2504,142
2505,142
2506,142
2507,142
2508,142
2509,142
2510,142
2511,142
2512,142
2513,142
2514,142
2515,142
2516,142
2517,142
2518,142
2519,142
2520,142
2521,142
2522,142
2523,142
2524,142
2525,142
2526,142
2527,142
2528,142
2529,142
2530,142
2531,142
2532,142
2533,142
2534,142
2535,142
2536,142
2537,142
2538,142
2539,142
2540,142
2541,142
2542,142
2543,142
2544,142
2545,142
2546,142
2547,142
2548,142
2549,142
2550,142
2551,142
2552,142
2553,142
2554,142
2555,142
2556,142
2557,142
2558,142
2559,142
2560,142
2561,142
2562,142
2563,142
2564,142
2565,142
2566,142
2567,142
2568,142
2569,142
2570,142
2571,142
2572,142
2573,142
2574,142
2575,142
2576,143
2577,143
2578,143
2579,143
2580,143
2581,143
2582,143
2583,143
2584,143
2585,143
2586,143
2587,143
2588,143
2589,143
2590,143
2591,143
2592,143
2593,143
2594,143
2595,143
2596,143
2597,143
2598,143
2599,143
2600,143
2601,143
2602,143
2603,143
2604,143
2605,143
2606,143
2607,143
2608,143
2609,143
2610,143
2611,143
2612,143
2613,143
2614,143
2615,143
2616,143
2617,143
2618,143
2619,143
2620,143
2621,143
2622,143
2623,143
2624,143
2625,143
2626,143
2627,143
2628,143
2629,143
2630,143
2631,143
2632,143
2633,143
2634,143
2635,143
2636,143
2637,143
2638,143
2639,143
2640,143
2641,143
2642,143
2643,143
2644,143
2645,143
2646,143
2647,143
2648,143
2649,143
2650,143
2651,143
2652,143
2653,143
2654,143
2655,143
2656,143
2657,143
2658,143
2659,143
2660,143
2661,143
2662,143
2663,143
2664,143
2665,143
2666,143
2667,143
2668,143
2669,143
2670,143
2671,143
2672,143
2673,143
2674,143
2675,143
2676,143
2677,143
2678,143
2679,143
2680,143
2681,143
2682,143
2683,143
2684,143
2685,143
2686,143
2687,143
2688,143
2689,143
2690,143
2691,143
2692,143
2693,143
2694,143
2695,143
2696,143
2697,143
2698,143
2699,143
2700,143
2701,143
2702,143
2703,143
2704,143
2705,143
2706,143
2707,143
2708,143
2709,143
2710,143
2711,143
2712,143
2713,143
2714,143
2715,143
2716,143
2717,143
2718,143
2719,143
2720,143
2721,143
2722,143
2723,143
2724,143
2725,143
2726,143
2727,143
2728,143
2729,143
2730,143
2731,143
2732,143
2733,143
2734,143
2735,143
2736,143
2737,143
2738,143
2739,143
2740,143
2741,143
2742,143
2743,143
2744,143
2745,143
2746,143
2747,143
2748,143
2749,143
2750,143
2751,143
2752,143
2753,143
2754,143
2755,143
2756,143
2757,143
2758,143
2759,143
2760,143
2761,143
2762,143
2763,143
2764,143
2765,143
2766,143
2767,143
2768,143
2769,143
2770,143
2771,143
2772,143
2773,143
2774,143
2775,143
2776,143
2777,143
2778,143
2779,143
2780,143
2781,143
2782,143
2783,143
2784,143
2785,143
2786,143
2787,143
2788,143
2789,143
2790,143
2791,143
2792,143
2793,143
2794,143
2795,143
2796,143
2797,143
2798,143
2799,143
2800,143
2801,143
2802,143
2803,143
2804,143
2805,143
2806,143
2807,143
2808,143
2809,143
2810,143
2811,143
2812,143
2813,143
2814,143
2815,143
2816,143
2817,143
2818,143
2819,143
2820,143
2821,143
2822,143
2823,143
2824,143
2825,143
2826,143
2827,143
2828,143
2829,143
2830,143
2831,143
2832,143
2833,143
2834,143
2835,143
2836,143
2837,143
2838,143
2839,143
2840,143
2841,143
2842,143
2843,143
2844,143
2845,143
2846,143
2847,143
2848,143
2849,143
2850,143
2851,143
2852,143
2853,143
2854,143
2855,143
2856,143
2857,143
2858,143
2859,143
2860,143
2861,143
2862,143
2863,143
2864,143
2865,143
2866,143
2867,143
2868,143
2869,143
2870,143
2871,143
2872,143
2873,143
2874,143
2875,143
2876,143
2877,143
2878,143
2879,143
2880,143
2881,143
2882,143
2883,143
2884,143
2885,143
2886,143
2887,143
2888,143
2889,143
2890,143
2891,143
2892,143
2893,143
2894,143
2895,143
2896,143
2897,143
2898,143
2899,143
2900,143
2901,143
2902,143
2903,143
2904,143
2905,143
2906,143
2907,143
2908,143
2909,143
2910,143
2911,143
2912,143
2913,143
2914,143
2915,143
2916,143
2917,143
2918,143
2919,143
2920,143
2921,143
2922,143
2923,143
2924,143
2925,143
2926,143
2927,143
2928,143
2929,143
2930,143
2931,143
2932,143
2933,143
2934,143
2935,143
2936,143
2937,143
2938,143
2939,143
2940,143
2941,143
2942,143
2943,143
2944,143
2945,143
2946,143
2947,143
2948,143
2949,143
2950,143
2951,143
2952,143
2953,143
2954,143
2955,143
2956,143
2957,143
2958,143
2959,143
2960,143
2961,143
2962,143
2963,143
2964,143
2965,143
2966,143
2967,143
2968,143
2969,143
2970,143
2971,143
2972,143
2973,143
2974,143
2975,143
2976,143
2977,143
2978,143
2979,143
2980,143
2981,143
2982,143
2983,143
2984,143
2985,143
2986,143
2987,143
2988,143
2989,143
2990,143
2991,143
2992,143
2993,143
2994,143
2995,143
2996,143
2997,143
2998,143
2999,143
3000,143
3001,143
3002,143
3003,143
3004,143
3005,143
3006,143
3007,143
3008,143
3009,143
3010,143
3011,143
3012,143
3013,143
3014,143
3015,143
3016,143
3017,143
3018,143
3019,143
3020,143
3021,143
3022,143
3023,143
3024,143
3025,143
3026,143
3027,143
3028,143
3029,143
3030,143
3031,143
3032,143
3033,143
3034,143
3035,143
3036,143
3037,143
3038,143
3039,143
3040,143
3041,143
3042,143
3043,143
3044,143
3045,143
3046,143
3047,143
3048,143
3049,143
3050,143
3051,143
3052,143
3053,143
3054,143
3055,143
3056,143
3057,143
3058,143
3059,143
3060,143
3061,143
3062,143
3063,143
3064,143
3065,143
3066,143
3067,143
3068,143
3069,143
3070,143
3071,143
3072,143
3073,143
3074,143
3075,143
3076,143
3077,143
3078,143
3079,143
3080,143
3081,143
3082,143
3083,143
3084,144
3085,144
3086,145
