0,0
1,1
2,2
3,3
4,4
5,5
6,6
7,7
8,8
9,8
10,9
11,10
12,11
13,12
14,13
15,14
16,15
17,16
18,17
19,18
20,19
21,19
22,20
23,20
24,20
25,20
26,21
27,22
28,22
29,23
30,24
31,24
32,25
33,26
34,26
35,26
36,26
37,27
38,28
39,28
40,29
41,30
42,31
43,32
44,33
45,34
46,35
47,36
48,37
49,38
50,39
51,39
52,40
53,40
54,41
55,42
56,43
57,43
58,43
59,43
60,44
61,44
62,45
63,46
64,47
65,48
66,48
67,49
68,49
69,50
70,51
71,51
72,51
73,51
74,52
75,52
76,52
77,53
78,53
79,54
80,54
81,54
82,54
83,54
84,54
85,54
86,55
87,56
88,56
89,56
90,57
91,58
92,58
93,58
94,59
95,59
96,59
97,59
98,59
99,60
100,60
101,61
102,62
103,62
104,63
105,63
106,63
107,64
108,64
109,65
110,65
111,65
112,65
113,65
114,65
115,65
116,65
117,65
118,65
119,65
120,65
121,66
122,66
123,66
124,66
125,67
126,68
127,69
128,70
129,71
130,72
131,72
132,72
133,73
134,73
135,73
136,73
137,74
138,74
139,74
140,74
141,74
142,75
143,75
144,76
145,77
146,78
147,78
148,78
149,78
150,78
151,78
152,78
153,78
154,78
155,78
156,79
157,79
158,79
159,79
160,79
161,80
162,81
163,82
164,83
165,83
166,84
167,84
168,84
169,85
170,85
171,85
172,85
173,85
174,85
175,85
176,85
177,85
178,85
179,85
180,85
181,85
182,85
183,85
184,85
185,85
186,85
187,85
188,85
189,85
190,85
191,85
192,85
193,85
194,85
195,85
196,85
197,85
198,85
199,85
200,85
201,85
202,85
203,86
204,86
205,86
206,86
207,86
208,86
209,86
210,86
211,87
212,88
213,88
214,88
215,89
216,90
217,91
218,92
219,92
220,92
221,92
222,93
223,93
224,93
225,94
226,94
227,94
228,94
229,94
230,95
231,96
232,96
233,96
234,96
235,97
236,97
237,97
238,98
239,98
240,98
241,99
242,99
243,100
244,100
245,100
246,100
247,100
248,100
249,101
250,101
251,101
252,102
253,103
254,103
255,103
256,103
257,103
258,104
259,104
260,104
261,104
262,105
263,105
264,105
265,105
266,105
267,105
268,106
269,106
270,106
271,106
272,106
273,106
274,106
275,106
276,106
277,106
278,106
279,106
280,106
281,106
282,106
283,106
284,106
285,106
286,106
287,106
288,106
289,106
290,106
291,106
292,106
293,106
294,106
295,106
296,106
297,106
298,106
299,106
300,106
301,106
302,107
303,107
304,107
305,107
306,107
307,107
308,107
309,107
310,108
311,108
312,108
313,108
314,108
315,108
316,108
317,108
318,108
319,108
320,108
321,108
322,108
323,108
324,108
325,108
326,108
327,108
328,108
329,109
330,109
331,110
332,110
333,110
334,110
335,110
336,110
337,110
338,110
339,110
340,110
341,110
342,110
343,110
344,111
345,111
346,111
347,111
348,111
349,111
350,111
351,111
352,111
353,111
354,111
355,111
356,111
357,111
358,111
359,111
360,111
361,111
362,111
363,111
364,111
365,111
366,111
367,111
368,111
369,111
370,111
371,112
372,112
373,112
374,112
375,113
376,113
377,113
378,113
379,113
380,113
381,113
382,113
383,113
384,113
385,113
386,113
387,113
388,113
389,113
390,113
391,113
392,113
393,113
394,113
395,113
396,113
397,113
398,113
399,113
400,113
401,113
402,113
403,113
404,113
405,113
406,113
407,113
408,113
409,113
410,113
411,113
412,113
413,113
414,113
415,113
416,113
417,113
418,113
419,113
420,113
421,113
422,113
423,113
424,113
425,113
426,113
427,113
428,113
429,113
430,113
431,113
432,113
433,113
434,113
435,113
436,113
437,113
438,113
439,113
440,113
441,113
442,113
443,113
444,113
445,113
446,113
447,113
448,113
449,113
450,113
451,113
452,113
453,113
454,113
455,113
456,113
457,113
458,113
459,113
460,113
461,113
462,113
463,113
464,113
465,113
466,113
467,113
468,113
469,113
470,113
471,113
472,113
473,113
474,113
475,113
476,113
477,113
478,113
479,113
480,113
481,114
482,114
483,114
484,114
485,114
486,114
487,114
488,114
489,115
490,115
491,115
492,115
493,115
494,115
495,115
496,115
497,115
498,115
499,115
500,115
501,115
502,115
503,115
504,115
505,115
506,115
507,115
508,115
509,115
510,115
511,115
512,115
513,115
514,115
515,115
516,115
517,115
518,115
519,116
520,116
521,116
522,116
523,116
524,116
525,116
526,116
527,117
528,117
529,117
530,117
531,117
532,117
533,117
534,117
535,117
536,117
537,117
538,117
539,117
540,117
541,117
542,117
543,117
544,117
545,117
546,117
547,117
548,117
549,117
550,117
551,117
552,117
553,117
554,117
555,117
556,117
557,117
558,117
559,117
560,117
561,117
562,117
563,117
564,117
565,117
566,117
567,117
568,117
569,117
570,117
571,117
572,117
573,117
574,117
575,117
576,117
577,117
578,117
579,117
580,117
581,118
582,118
583,118
584,118
585,118
586,118
587,118
588,118
589,118
590,118
591,118
592,118
593,118
594,118
595,118
596,118
597,118
598,118
599,118
600,118
601,118
602,118
603,118
604,118
605,118
606,118
607,118
608,118
609,118
610,118
611,118
612,118
613,118
614,118
615,118
616,118
617,118
618,118
619,119
620,119
621,119
622,119
623,119
624,119
625,119
626,119
627,119
628,119
629,119
630,119
631,119
632,119
633,119
634,119
635,119
636,119
637,119
638,119
639,119
640,119
641,119
642,119
643,119
644,119
645,119
646,119
647,119
648,119
649,120
650,120
651,120
652,120
653,120
654,120
655,121
656,121
657,121
658,121
659,121
660,121
661,121
662,121
663,121
664,121
665,121
666,121
667,122
668,123
669,123
670,123
671,123
672,123
673,123
674,123
675,123
676,123
677,123
678,123
679,123
680,123
681,123
682,123
683,123
684,123
685,123
686,123
687,123
688,123
689,123
690,123
691,123
692,123
693,123
694,123
695,123
696,123
697,123
698,123
699,123
700,123
701,123
702,123
703,123
704,123
705,123
706,123
707,123
708,123
709,123
710,123
711,123
712,123
713,123
714,123
715,123
716,123
717,123
718,123
719,123
720,123
721,123
722,123
723,123
724,123
725,123
726,123
727,123
728,123
729,123
730,123
731,123
732,123
733,123
734,123
735,123
736,123
737,123
738,123
739,123
740,123
741,123
742,123
743,123
744,123
745,123
746,123
747,123
748,123
749,123
750,123
751,123
752,123
753,123
754,123
755,123
756,123
757,123
758,123
759,123
760,123
761,123
762,123
763,123
764,123
765,123
766,123
767,123
768,123
769,123
770,123
771,123
772,123
773,123
774,123
775,123
776,123
777,123
778,123
779,123
780,123
781,123
782,123
783,123
784,123
785,123
786,123
787,123
788,123
789,123
790,123
791,123
792,123
793,123
794,123
795,123
796,123
797,123
798,123
799,123
800,123
801,123
802,123
803,123
804,123
805,123
806,123
807,123
808,123
809,123
810,123
811,123
812,123
813,123
814,123
815,123
816,123
817,123
818,123
819,123
820,123
821,123
822,123
823,123
824,123
825,123
826,123
827,123
828,123
829,123
830,123
831,123
832,123
833,123
834,123
835,123
836,123
837,123
838,123
839,123
840,123
841,123
842,123
843,123
844,123
845,123
846,123
847,123
848,123
849,123
850,123
851,123
852,123
853,123
854,123
855,123
856,123
857,123
858,123
859,123
860,123
861,123
862,123
863,123
864,123
865,123
866,123
867,123
868,123
869,123
870,123
871,123
872,123
873,123
874,123
875,123
876,123
877,123
878,123
879,123
880,123
881,123
882,123
883,123
884,123
885,123
886,123
887,123
888,123
889,123
890,123
891,123
892,123
893,123
894,123
895,123
896,123
897,123
898,123
899,123
900,123
901,123
902,123
903,123
904,123
905,123
906,123
907,123
908,123
909,123
910,123
911,123
912,123
913,123
914,123
915,123
916,123
917,123
918,123
919,123
920,123
921,123
922,123
923,123
924,123
925,123
926,123
927,123
928,123
929,123
930,123
931,123
932,123
933,123
934,123
935,123
936,123
937,123
938,123
939,123
940,123
941,123
942,123
943,123
944,123
945,123
946,123
947,123
948,123
949,124
950,125
951,126
952,127
953,128
954,129
955,130
956,131
957,132
958,132
959,132
960,132
961,132
962,132
963,132
964,132
965,132
966,132
967,132
968,132
969,132
970,132
971,132
972,132
973,132
974,132
975,132
976,132
977,132
978,132
979,132
980,132
981,132
982,132
983,132
984,132
985,132
986,132
987,132
988,132
989,132
990,132
991,132
992,132
993,132
994,132
995,132
996,132
997,132
998,132
999,132
1000,132
1001,132
1002,132
1003,132
1004,132
1005,132
1006,132
1007,132
1008,132
1009,132
1010,132
1011,132
1012,132
1013,132
1014,132
1015,132
1016,132
1017,132
1018,132
1019,132
1020,132
1021,132
1022,132
1023,132
1024,132
1025,132
1026,132
1027,132
1028,132
1029,132
1030,132
1031,132
1032,132
1033,132
1034,132
1035,132
1036,132
1037,132
1038,132
1039,132
1040,132
1041,132
1042,132
1043,132
1044,132
1045,132
1046,132
1047,132
1048,132
1049,132
1050,132
1051,132
1052,132
1053,132
1054,132
1055,132
1056,132
1057,132
1058,132
1059,132
1060,132
1061,132
1062,132
1063,132
1064,132
1065,132
1066,132
1067,132
1068,132
1069,132
1070,132
1071,132
1072,132
1073,132
1074,132
1075,132
1076,132
1077,132
1078,132
1079,132
1080,132
1081,133
1082,133
1083,133
1084,133
1085,133
1086,133
1087,133
1088,133
1089,133
1090,133
1091,133
1092,133
1093,133
1094,133
1095,133
1096,133
1097,133
1098,133
1099,133
1100,133
1101,133
1102,133
1103,133
1104,133
1105,133
1106,133
1107,133
1108,133
1109,133
1110,133
1111,133
1112,133
1113,133
1114,133
1115,133
1116,133
1117,133
1118,133
1119,133
1120,133
1121,133
1122,133
1123,133
1124,133
1125,133
1126,133
1127,133
1128,133
1129,133
1130,133
1131,133
1132,133
1133,133
1134,133
1135,133
1136,133
1137,133
1138,133
1139,133
1140,133
1141,133
1142,133
1143,133
1144,133
1145,133
1146,133
1147,133
1148,133
1149,133
1150,133
1151,133
1152,133
1153,133
1154,133
1155,133
1156,133
1157,133
1158,134
1159,135
1160,135
1161,135
1162,135
1163,135
1164,135
1165,135
1166,135
1167,135
1168,135
1169,135
1170,135
1171,135
1172,135
1173,135
1174,135
1175,135
1176,135
1177,135
1178,135
1179,135
1180,135
1181,135
1182,135
1183,135
1184,135
1185,135
1186,135
1187,135
1188,135
1189,135
1190,135
1191,135
1192,135
1193,135
1194,135
1195,135
1196,135
1197,135
1198,135
1199,135
1200,135
1201,135
1202,135
1203,135
1204,135
1205,135
1206,135
1207,135
1208,136
1209,136
1210,136
1211,136
1212,136
1213,136
1214,136
1215,136
1216,136
1217,136
1218,136
1219,136
1220,136
1221,136
1222,136
1223,136
1224,136
1225,136
1226,136
1227,136
1228,136
1229,136
1230,136
1231,136
1232,136
1233,136
1234,136
1235,136
1236,136
1237,136
1238,136
1239,136
1240,136
1241,136
1242,136
1243,136
1244,136
1245,136
1246,136
1247,136
1248,136
1249,136
1250,136
1251,136
1252,136
1253,136
1254,136
1255,136
1256,136
1257,136
1258,136
1259,136
1260,136
1261,136
1262,136
1263,136
1264,136
1265,136
1266,136
1267,136
1268,136
1269,136
1270,136
1271,136
1272,136
1273,136
1274,136
1275,136
1276,136
1277,136
1278,136
1279,136
1280,136
1281,136
1282,136
1283,136
1284,136
1285,136
1286,136
1287,136
1288,136
1289,136
1290,136
1291,136
1292,136
1293,136
1294,136
1295,136
1296,136
1297,136
1298,136
1299,136
1300,136
1301,136
1302,136
1303,136
1304,136
1305,136
1306,136
1307,136
1308,136
1309,136
1310,136
1311,136
1312,136
1313,136
1314,136
1315,136
1316,136
1317,136
1318,136
1319,136
1320,136
1321,136
1322,136
1323,136
1324,136
1325,136
1326,136
1327,136
1328,136
1329,136
1330,136
1331,136
1332,136
1333,136
1334,136
1335,137
1336,138
1337,139
1338,140
1339,140
1340,141
1341,141
1342,141
1343,141
1344,142
1345,142
1346,143
1347,143
1348,143
1349,143
1350,143
1351,143
1352,143
1353,143
1354,143
1355,143
1356,143
1357,143
1358,143
1359,143
1360,143
1361,143
1362,143
1363,143
1364,143
1365,143
1366,143
1367,143
1368,143
1369,143
1370,143
1371,143
1372,143
1373,143
1374,143
1375,143
1376,143
1377,143
1378,143
1379,143
1380,143
1381,143
1382,143
1383,143
1384,143
1385,143
1386,143
1387,143
1388,143
1389,143
1390,143
1391,143
1392,143
1393,143
1394,143
1395,143
1396,143
1397,143
1398,143
1399,143
1400,143
1401,143
1402,143
1403,143
1404,143
1405,143
1406,143
1407,143
1408,143
1409,143
1410,143
1411,143
1412,143
1413,143
1414,143
1415,143
1416,143
1417,143
1418,143
1419,143
1420,143
1421,143
1422,143
1423,143
1424,143
1425,143
1426,143
1427,143
1428,143
1429,143
1430,143
1431,143
1432,143
1433,143
1434,143
1435,143
1436,143
1437,143
1438,143
1439,143
1440,143
1441,143
1442,143
1443,143
1444,143
1445,143
1446,143
1447,143
1448,143
1449,143
1450,143
1451,143
1452,143
1453,143
1454,143
1455,143
1456,143
1457,143
1458,143
1459,143
1460,143
1461,143
1462,143
1463,143
1464,143
1465,143
1466,143
1467,143
1468,143
1469,143
1470,143
1471,143
1472,143
1473,143
1474,143
1475,143
1476,143
1477,143
1478,143
1479,143
1480,143
1481,143
1482,143
1483,143
1484,143
1485,143
1486,143
1487,143
1488,143
1489,143
1490,143
1491,143
1492,143
1493,143
1494,143
1495,143
1496,143
1497,143
1498,143
1499,143
1500,143
1501,143
1502,143
1503,143
1504,143
1505,143
1506,143
1507,143
1508,143
1509,143
1510,143
1511,143
1512,143
1513,143
1514,143
1515,143
1516,143
1517,143
1518,143
1519,143
1520,143
1521,143
1522,143
1523,143
1524,143
1525,143
1526,143
1527,143
1528,143
1529,143
1530,143
1531,143
1532,143
1533,143
1534,143
1535,143
1536,143
1537,143
1538,143
1539,143
1540,143
1541,143
1542,143
1543,143
1544,143
1545,143
1546,143
1547,143
1548,143
1549,143
1550,143
1551,143
1552,143
1553,143
1554,143
1555,143
1556,143
1557,143
1558,143
1559,143
1560,143
1561,143
1562,143
1563,143
1564,143
1565,143
1566,143
1567,143
1568,143
1569,143
1570,143
1571,143
1572,143
1573,143
1574,143
1575,143
1576,143
1577,143
1578,143
1579,143
1580,143
1581,143
1582,143
1583,143
1584,143
1585,143
1586,143
1587,143
1588,143
1589,143
1590,143
1591,143
1592,143
1593,143
1594,143
1595,143
1596,143
1597,143
1598,143
1599,143
1600,143
1601,143
1602,143
1603,143
1604,143
1605,143
1606,143
1607,143
1608,143
1609,143
1610,143
1611,143
1612,143
1613,143
1614,143
1615,143
1616,143
1617,143
1618,143
1619,143
1620,143
1621,143
1622,143
1623,143
1624,143
1625,143
1626,143
1627,143
1628,143
1629,143
1630,143
1631,143
1632,143
1633,143
1634,143
1635,143
1636,143
1637,143
1638,143
1639,143
1640,143
1641,143
1642,143
1643,143
1644,143
1645,143
1646,143
1647,143
1648,143
1649,143
1650,143
1651,143
1652,143
1653,143
1654,143
1655,143
1656,143
1657,143
1658,143
1659,143
1660,143
1661,143
1662,143
1663,143
1664,143
1665,143
1666,143
1667,143
1668,143
1669,143
1670,143
1671,143
1672,143
1673,143
1674,143
1675,143
1676,143
1677,143
1678,143
1679,143
1680,143
1681,143
1682,143
1683,143
1684,143
1685,143
1686,143
1687,143
1688,143
1689,143
1690,143
1691,143
1692,143
1693,143
1694,143
1695,143
1696,143
1697,143
1698,143
1699,143
1700,143
1701,143
1702,143
1703,143
1704,143
1705,143
1706,143
1707,143
1708,143
1709,143
1710,143
1711,143
1712,143
1713,143
1714,143
1715,143
1716,143
1717,143
1718,143
1719,143
1720,143
1721,143
1722,143
1723,143
1724,143
1725,143
1726,143
1727,143
1728,143
1729,143
1730,143
1731,143
1732,143
1733,143
1734,143
1735,143
1736,143
1737,143
1738,143
1739,143
1740,143
1741,143
1742,143
1743,143
1744,143
1745,143
1746,143
1747,143
1748,143
1749,143
1750,143
1751,143
1752,143
1753,143
1754,143
1755,143
1756,143
1757,143
1758,143
1759,143
1760,143
1761,143
1762,143
1763,143
1764,143
1765,143
1766,143
1767,143
1768,143
1769,143
1770,143
1771,143
1772,143
1773,143
1774,143
1775,143
1776,143
1777,143
1778,143
1779,143
1780,143
1781,143
1782,143
1783,143
1784,143
1785,143
1786,143
1787,143
1788,143
1789,143
1790,143
1791,143
1792,143
1793,143
1794,143
1795,143
1796,143
1797,143
1798,143
1799,143
1800,143
1801,143
1802,143
1803,143
1804,143
1805,143
1806,143
1807,143
1808,143
1809,143
1810,143
1811,143
1812,143
1813,143
1814,143
1815,143
1816,143
1817,143
1818,143
1819,143
1820,143
1821,143
1822,143
1823,143
1824,143
1825,143
1826,143
1827,143
1828,143
1829,143
1830,143
1831,143
1832,143
1833,143
1834,143
1835,143
1836,143
1837,143
1838,143
1839,143
1840,143
1841,143
1842,143
1843,143
1844,143
1845,143
1846,143
1847,143
1848,143
1849,143
1850,143
1851,143
1852,143
1853,143
1854,143
1855,143
1856,143
1857,143
1858,143
1859,143
1860,143
1861,143
1862,143
1863,143
1864,143
1865,143
1866,143
1867,143
1868,143
1869,143
1870,143
1871,143
1872,143
1873,143
1874,143
1875,143
1876,143
1877,143
1878,143
1879,143
1880,143
1881,143
1882,143
1883,143
1884,143
1885,143
1886,143
1887,143
1888,143
1889,143
1890,143
1891,143
1892,143
1893,143
1894,143
1895,143
1896,143
1897,143
1898,143
1899,143
1900,143
1901,143
1902,143
1903,143
1904,143
1905,143
1906,143
1907,143
1908,143
1909,143
1910,143
1911,143
1912,143
1913,143
1914,143
1915,143
1916,143
1917,143
1918,143
1919,143
1920,143
1921,143
1922,143
1923,143
1924,143
1925,143
1926,143
1927,143
1928,143
1929,143
1930,143
1931,143
1932,143
1933,143
1934,143
1935,143
1936,143
1937,143
1938,143
1939,143
1940,143
1941,143
1942,143
1943,143
1944,143
1945,143
1946,143
1947,143
1948,143
1949,143
1950,143
1951,143
1952,143
1953,143
1954,143
1955,143
1956,143
1957,143
1958,143
1959,143
1960,143
1961,143
1962,143
1963,143
1964,143
1965,143
1966,143
1967,143
1968,143
1969,143
1970,143
1971,143
1972,143
1973,143
1974,143
1975,143
1976,143
1977,143
1978,143
1979,143
1980,143
1981,143
1982,143
1983,143
1984,143
1985,143
1986,143
1987,143
1988,143
1989,143
1990,143
1991,143
1992,143
1993,143
1994,143
1995,143
1996,143
1997,143
1998,143
1999,143
2000,143
2001,143
2002,143
2003,143
2004,143
2005,143
2006,143
2007,143
2008,143
2009,143
2010,143
2011,143
2012,143
2013,143
2014,143
2015,143
2016,143
2017,143
2018,143
2019,143
2020,143
2021,143
2022,143
2023,143
2024,143
2025,143
2026,143
2027,143
2028,143
2029,143
2030,143
2031,143
2032,143
2033,143
2034,143
2035,143
2036,143
2037,143
2038,143
2039,143
2040,143
2041,143
2042,143
2043,143
2044,143
2045,143
2046,143
2047,143
2048,143
2049,143
2050,143
2051,143
2052,143
2053,143
2054,143
2055,143
2056,143
2057,143
2058,143
2059,143
2060,143
2061,143
2062,143
2063,143
2064,143
2065,143
2066,143
2067,143
2068,143
2069,143
2070,143
2071,143
2072,143
2073,143
2074,143
2075,143
2076,143
2077,143
2078,143
2079,143
2080,143
2081,143
2082,143
2083,143
2084,143
2085,143
2086,143
2087,143
2088,143
2089,143
2090,143
2091,143
2092,143
2093,143
2094,143
2095,143
2096,143
2097,143
2098,143
2099,143
2100,143
2101,143
2102,143
2103,143
2104,143
2105,143
2106,143
2107,143
2108,143
2109,143
2110,143
2111,143
2112,143
2113,143
2114,143
2115,143
2116,143
2117,143
2118,143
2119,143
2120,143
2121,143
2122,143
2123,143
2124,143
2125,143
2126,143
2127,143
2128,143
2129,143
2130,143
2131,143
2132,143
2133,143
2134,143
2135,143
2136,143
2137,143
2138,143
2139,143
2140,143
2141,143
2142,143
2143,143
2144,143
2145,143
2146,143
2147,143
2148,143
2149,143
2150,143
2151,143
2152,143
2153,143
2154,143
2155,143
2156,143
2157,143
2158,143
2159,143
2160,143
2161,143
2162,143
2163,143
2164,143
2165,143
2166,143
2167,143
2168,143
2169,143
2170,143
2171,143
2172,143
2173,143
2174,143
2175,143
2176,143
2177,143
2178,143
2179,143
2180,143
2181,143
2182,143
2183,143
2184,143
2185,143
2186,143
2187,143
2188,143
2189,143
2190,143
2191,143
2192,143
2193,143
2194,143
2195,143
2196,143
2197,143
2198,143
2199,143
2200,143
2201,143
2202,143
2203,143
2204,143
2205,143
2206,143
2207,143
2208,143
2209,143
2210,143
2211,143
2212,143
2213,143
2214,143
2215,143
2216,143
2217,143
2218,143
2219,143
2220,143
2221,143
2222,143
2223,143
2224,143
2225,143
2226,143
2227,143
2228,143
2229,143
2230,143
2231,143
2232,143
2233,143
2234,143
2235,143
2236,143
2237,143
2238,143
2239,143
2240,143
2241,143
2242,143
2243,143
2244,143
2245,143
2246,143
2247,143
2248,143
2249,143
2250,143
2251,143
2252,143
2253,143
2254,143
2255,143
2256,143
2257,143
2258,143
2259,143
2260,143
2261,143
2262,143
2263,143
2264,143
2265,143
2266,143
2267,143
2268,143
2269,143
2270,143
2271,143
2272,143
2273,143
2274,143
2275,143
2276,143
2277,143
2278,143
2279,143
2280,143
2281,143
2282,143
2283,143
2284,143
2285,143
2286,143
2287,143
2288,143
2289,143
2290,143
2291,143
2292,143
2293,143
2294,143
2295,143
2296,143
2297,143
2298,143
2299,143
2300,143
2301,143
2302,143
2303,143
2304,143
2305,143
2306,143
2307,143
2308,143
2309,143
2310,143
2311,143
2312,143
2313,143
2314,143
2315,143
2316,143
2317,143
2318,143
2319,143
2320,143
2321,143
2322,143
2323,143
2324,143
2325,143
2326,143
2327,143
2328,143
2329,143
2330,143
2331,143
2332,143
2333,143
2334,143
2335,143
2336,143
2337,143
2338,143
2339,143
2340,143
2341,143
2342,143
2343,143
2344,143
2345,143
2346,143
2347,143
2348,143
2349,143
2350,143
2351,143
2352,143
2353,143
2354,143
2355,143
2356,143
2357,143
2358,143
2359,143
2360,143
2361,143
2362,143
2363,143
2364,143
2365,143
2366,143
2367,143
2368,143
2369,143
2370,143
2371,143
2372,143
2373,143
2374,143
2375,143
2376,143
2377,143
2378,143
2379,143
2380,143
2381,143
2382,143
2383,143
2384,143
2385,143
2386,143
2387,143
2388,143
2389,143
2390,143
2391,143
2392,143
2393,143
2394,143
2395,143
2396,143
2397,143
2398,143
2399,143
2400,143
2401,143
2402,143
2403,143
2404,143
2405,143
2406,143
2407,143
2408,143
2409,143
2410,143
2411,143
2412,143
2413,143
2414,143
2415,143
2416,143
2417,143
2418,143
2419,143
2420,143
2421,143
2422,143
2423,143
2424,143
2425,143
2426,143
2427,143
2428,143
2429,144
2430,144
2431,144
2432,144
2433,144
2434,144
2435,144
2436,144
2437,144
2438,144
2439,144
2440,144
2441,144
2442,144
2443,144
2444,144
2445,144
2446,144
2447,144
2448,144
2449,144
2450,144
2451,144
2452,144
2453,144
2454,144
2455,144
2456,144
2457,144
2458,144
2459,144
2460,144
2461,144
2462,144
2463,144
2464,144
2465,144
2466,144
2467,144
2468,144
2469,144
2470,144
2471,144
2472,144
2473,144
2474,144
2475,144
2476,144
2477,144
2478,144
2479,144
2480,144
2481,144
2482,144
2483,144
2484,144
2485,144
2486,144
2487,144
2488,144
2489,144
2490,144
2491,144
2492,144
2493,144
2494,144
2495,144
2496,144
2497,144
2498,144
2499,144
2500,144
2501,144
2502,144
2503,144
2504,144
2505,144
2506,144
2507,144
2508,144
2509,144
2510,144
2511,144
2512,144
2513,144
2514,144
2515,144
2516,144
2517,144
2518,144
2519,144
2520,144
2521,144
2522,144
2523,144
2524,144
2525,144
2526,144
2527,144
2528,144
2529,144
2530,144
2531,144
2532,144
2533,144
2534,144
2535,144
2536,144
2537,144
2538,144
2539,144
2540,144
2541,144
2542,144
2543,144
2544,144
2545,144
2546,144
2547,144
2548,144
2549,144
2550,144
2551,144
2552,144
2553,144
2554,144
2555,144
2556,144
2557,144
2558,144
2559,144
2560,144
2561,144
2562,144
2563,144
2564,144
2565,144
2566,144
2567,144
2568,144
2569,144
2570,144
2571,144
2572,144
2573,144
2574,144
2575,144
2576,144
2577,144
2578,144
2579,144
2580,144
2581,144
2582,144
2583,144
2584,144
2585,144
2586,144
2587,144
2588,144
2589,144
2590,144
2591,144
2592,144
2593,144
2594,144
2595,144
2596,144
2597,144
2598,144
2599,144
2600,144
2601,144
2602,144
2603,144
2604,144
2605,144
2606,144
2607,144
2608,144
2609,144
2610,144
2611,144
2612,144
2613,144
2614,144
2615,144
2616,144
2617,144
2618,144
2619,144
2620,144
2621,144
2622,144
2623,145
