0,0
1,1
2,2
3,3
4,4
5,5
6,6
7,7
8,8
9,9
10,10
11,11
12,12
13,13
14,14
15,15
16,16
17,17
18,17
19,18
20,19
21,19
22,20
23,21
24,21
25,21
26,22
27,23
28,24
29,25
30,25
31,25
32,25
33,26
34,26
35,26
36,26
37,27
38,28
39,28
40,28
41,28
42,29
43,30
44,30
45,30
46,31
47,32
48,32
49,32
50,33
51,34
52,35
53,36
54,37
55,38
56,39
57,40
58,41
59,42
60,43
61,44
62,44
63,45
64,46
65,46
66,46
67,47
68,48
69,48
70,49
71,49
72,49
73,49
74,50
75,50
76,50
77,50
78,51
79,52
80,52
81,53
82,54
83,55
84,55
85,56
86,57
87,57
88,57
89,57
90,57
91,57
92,58
93,59
94,60
95,60
96,61
97,62
98,63
99,64
100,65
101,65
102,65
103,65
104,65
105,65
106,66
107,67
108,68
109,68
110,68
111,68
112,69
113,69
114,69
115,70
116,70
117,70
118,70
119,70
120,71
121,71
122,72
123,72
124,72
125,72
126,72
127,72
128,72
129,73
130,74
131,74
132,75
133,76
134,76
135,76
136,77
137,77
138,78
139,78
140,78
141,78
142,78
143,79
144,79
145,79
146,79
147,79
148,79
149,79
150,79
151,80
152,81
153,82
154,82
155,82
156,83
157,83
158,84
159,84
160,84
161,85
162,85
163,85
164,85
165,86
166,86
167,86
168,86
169,86
170,86
171,86
172,86
173,86
174,86
175,86
176,86
177,87
178,87
179,87
180,88
181,88
182,88
183,89
184,90
185,91
186,92
187,93
188,93
189,94
190,94
191,94
192,94
193,95
194,95
195,95
196,95
197,95
198,96
199,96
200,96
201,96
202,96
203,96
204,96
205,97
206,97
207,97
208,97
209,97
210,97
211,97
212,97
213,97
214,97
215,97
216,97
217,97
218,98
219,98
220,98
221,98
222,98
223,98
224,98
225,98
226,98
227,98
228,98
229,98
230,98
231,98
232,98
233,99
234,99
235,99
236,99
237,99
238,99
239,99
240,99
241,99
242,99
243,99
244,100
245,100
246,100
247,100
248,100
249,100
250,100
251,100
252,100
253,100
254,100
255,100
256,101
257,101
258,101
259,101
260,101
261,101
262,101
263,101
264,101
265,101
266,101
267,101
268,101
269,102
270,102
271,102
272,102
273,102
274,102
275,102
276,102
277,102
278,102
279,102
280,102
281,102
282,102
283,102
284,102
285,102
286,103
287,103
288,103
289,103
290,103
291,103
292,104
293,104
294,104
295,104
296,104
297,104
298,104
299,104
300,105
301,105
302,105
303,105
304,105
305,105
306,105
307,105
308,105
309,105
310,105
311,105
312,105
313,105
314,105
315,105
316,105
317,105
318,105
319,105
320,105
321,105
322,105
323,105
324,105
325,105
326,105
327,105
328,105
329,105
330,105
331,105
332,106
333,106
334,106
335,106
336,106
337,106
338,106
339,106
340,106
341,106
342,106
343,106
344,106
345,106
346,106
347,106
348,106
349,106
350,106
351,106
352,106
353,106
354,106
355,106
356,106
357,106
358,106
359,106
360,106
361,106
362,106
363,106
364,106
365,106
366,106
367,106
368,106
369,106
370,106
371,106
372,106
373,106
374,106
375,106
376,106
377,107
378,108
379,108
380,108
381,108
382,108
383,108
384,108
385,108
386,108
387,108
388,108
389,108
390,109
391,109
392,109
393,109
394,109
395,109
396,110
397,110
398,110
399,110
400,110
401,110
402,110
403,110
404,110
405,110
406,110
407,110
408,110
409,110
410,110
411,110
412,110
413,110
414,110
415,110
416,110
417,110
418,110
419,110
420,110
421,110
422,110
423,110
424,111
425,111
426,111
427,111
428,111
429,112
430,112
431,112
432,112
433,112
434,112
435,112
436,112
437,112
438,112
439,112
440,112
441,112
442,112
443,112
444,112
445,112
446,112
447,112
448,112
449,112
450,112
451,112
452,112
453,112
454,112
455,112
456,112
457,112
458,112
459,112
460,112
461,112
462,112
463,112
464,112
465,112
466,112
467,113
468,114
469,114
470,114
471,114
472,115
473,116
474,117
475,118
476,118
477,118
478,118
479,119
480,120
481,120
482,120
483,121
484,121
485,121
486,121
487,121
488,121
489,121
490,122
491,122
492,122
493,122
494,122
495,122
496,122
497,122
498,122
499,122
500,122
501,122
502,122
503,122
504,122
505,122
506,122
507,122
508,122
509,122
510,123
511,123
512,123
513,123
514,123
515,123
516,123
517,123
518,124
519,124
520,124
521,124
522,124
523,124
524,124
525,124
526,124
527,124
528,124
529,124
530,124
531,125
532,125
533,125
534,125
535,125
536,125
537,125
538,125
539,125
540,125
541,125
542,125
543,125
544,125
545,125
546,125
547,125
548,125
549,125
550,125
551,125
552,125
553,125
554,125
555,125
556,125
557,125
558,125
559,125
560,125
561,125
562,125
563,125
564,125
565,125
566,125
567,125
568,125
569,125
570,125
571,125
572,125
573,125
574,125
575,125
576,125
577,125
578,125
579,125
580,125
581,125
582,125
583,125
584,125
585,125
586,125
587,125
588,125
589,125
590,125
591,125
592,125
593,125
594,125
595,125
596,125
597,125
598,125
599,125
600,125
601,125
602,125
603,125
604,125
605,125
606,125
607,125
608,125
609,125
610,125
611,125
612,125
613,125
614,125
615,125
616,125
617,125
618,125
619,125
620,125
621,125
622,125
623,125
624,125
625,125
626,125
627,125
628,125
629,125
630,125
631,125
632,125
633,125
634,125
635,125
636,125
637,125
638,125
639,125
640,125
641,125
642,125
643,125
644,125
645,125
646,125
647,125
648,125
649,125
650,125
651,125
652,125
653,125
654,125
655,125
656,125
657,125
658,125
659,125
660,125
661,125
662,125
663,125
664,125
665,125
666,125
667,125
668,125
669,125
670,125
671,125
672,125
673,125
674,125
675,125
676,125
677,125
678,125
679,125
680,125
681,125
682,125
683,125
684,125
685,125
686,125
687,125
688,125
689,125
690,125
691,125
692,125
693,125
694,125
695,125
696,125
697,125
698,125
699,125
700,125
701,125
702,125
703,125
704,125
705,125
706,125
707,125
708,125
709,125
710,125
711,125
712,125
713,125
714,125
715,125
716,125
717,125
718,125
719,125
720,125
721,125
722,125
723,125
724,125
725,125
726,125
727,125
728,125
729,125
730,125
731,125
732,125
733,125
734,125
735,125
736,125
737,125
738,125
739,125
740,125
741,125
742,125
743,125
744,126
745,126
746,126
747,126
748,126
749,126
750,126
751,126
752,126
753,126
754,126
755,126
756,126
757,126
758,126
759,126
760,126
761,126
762,126
763,126
764,126
765,126
766,126
767,126
768,126
769,126
770,126
771,126
772,126
773,126
774,126
775,126
776,126
777,126
778,126
779,126
780,126
781,126
782,126
783,126
784,126
785,126
786,126
787,126
788,126
789,126
790,126
791,126
792,126
793,127
794,127
795,127
796,127
797,127
798,127
799,127
800,127
801,127
802,127
803,127
804,127
805,127
806,127
807,127
808,127
809,127
810,127
811,127
812,127
813,127
814,127
815,127
816,127
817,127
818,128
819,128
820,128
821,128
822,128
823,129
824,129
825,129
826,129
827,129
828,129
829,129
830,129
831,129
832,129
833,129
834,129
835,129
836,129
837,129
838,129
839,129
840,129
841,129
842,129
843,129
844,129
845,129
846,129
847,129
848,129
849,129
850,129
851,129
852,129
853,129
854,129
855,129
856,129
857,129
858,129
859,129
860,129
861,129
862,129
863,129
864,129
865,129
866,129
867,129
868,129
869,129
870,129
871,129
872,129
873,129
874,129
875,129
876,129
877,129
878,129
879,129
880,129
881,129
882,129
883,129
884,129
885,129
886,129
887,129
888,129
889,129
890,129
891,129
892,129
893,129
894,129
895,129
896,129
897,129
898,129
899,129
900,129
901,129
902,129
903,129
904,129
905,129
906,129
907,129
908,129
909,129
910,130
911,130
912,130
913,130
914,130
915,130
916,130
917,130
918,130
919,130
920,130
921,130
922,130
923,130
924,130
925,130
926,130
927,130
928,130
929,130
930,130
931,130
932,130
933,130
934,130
935,130
936,130
937,130
938,130
939,130
940,130
941,130
942,130
943,130
944,130
945,130
946,130
947,130
948,130
949,130
950,130
951,130
952,130
953,130
954,130
955,130
956,130
957,130
958,130
959,130
960,130
961,130
962,130
963,130
964,130
965,130
966,130
967,130
968,130
969,130
970,130
971,130
972,130
973,130
974,130
975,130
976,130
977,130
978,130
979,130
980,130
981,130
982,130
983,130
984,130
985,130
986,130
987,130
988,130
989,130
990,130
991,130
992,130
993,130
994,130
995,130
996,130
997,130
998,130
999,130
1000,130
1001,130
1002,130
1003,130
1004,130
1005,130
1006,130
1007,130
1008,130
1009,130
1010,130
1011,130
1012,130
1013,130
1014,130
1015,130
1016,130
1017,130
1018,130
1019,130
1020,130
1021,130
1022,130
1023,130
1024,130
1025,130
1026,130
1027,130
1028,130
1029,130
1030,130
1031,130
1032,130
1033,130
1034,130
1035,130
1036,130
1037,130
1038,130
1039,130
1040,130
1041,130
1042,130
1043,130
1044,130
1045,130
1046,130
1047,131
1048,131
1049,131
1050,131
1051,131
1052,131
1053,131
1054,131
1055,131
1056,131
1057,131
1058,131
1059,131
1060,131
1061,131
1062,131
1063,131
1064,131
1065,131
1066,131
1067,131
1068,131
1069,131
1070,131
1071,131
1072,131
1073,131
1074,131
1075,131
1076,131
1077,131
1078,131
1079,131
1080,131
1081,131
1082,131
1083,131
1084,131
1085,131
1086,131
1087,131
1088,131
1089,131
1090,131
1091,131
1092,131
1093,131
1094,131
1095,131
1096,131
1097,131
1098,131
1099,132
1100,132
1101,132
1102,132
1103,132
1104,132
1105,132
1106,132
1107,132
1108,132
1109,132
1110,132
1111,132
1112,132
1113,132
1114,132
1115,132
1116,132
1117,132
1118,132
1119,132
1120,132
1121,132
1122,132
1123,132
1124,132
1125,132
1126,132
1127,132
1128,132
1129,132
1130,132
1131,132
1132,132
1133,132
1134,132
1135,132
1136,132
1137,132
1138,132
1139,132
1140,133
1141,133
1142,133
1143,133
1144,133
1145,133
1146,133
1147,133
1148,133
1149,133
1150,133
1151,133
1152,133
1153,133
1154,133
1155,133
1156,133
1157,133
1158,133
1159,133
1160,133
1161,133
1162,133
1163,133
1164,133
1165,133
1166,133
1167,133
1168,133
1169,133
1170,133
1171,133
1172,133
1173,133
1174,133
1175,133
1176,133
1177,133
1178,133
1179,133
1180,133
1181,133
1182,133
1183,133
1184,133
1185,133
1186,133
1187,133
1188,133
1189,133
1190,133
1191,133
1192,133
1193,133
1194,133
1195,133
1196,133
1197,133
1198,133
1199,133
1200,133
1201,133
1202,134
1203,134
1204,134
1205,134
1206,134
1207,134
1208,134
1209,134
1210,134
1211,134
1212,134
1213,134
1214,134
1215,134
1216,134
1217,134
1218,134
1219,134
1220,134
1221,134
1222,134
1223,134
1224,134
1225,134
1226,134
1227,134
1228,134
1229,134
1230,134
1231,134
1232,134
1233,134
1234,134
1235,134
1236,134
1237,134
1238,134
1239,134
1240,134
1241,134
1242,134
1243,134
1244,134
1245,134
1246,134
1247,134
1248,134
1249,134
1250,134
1251,134
1252,134
1253,134
1254,134
1255,134
1256,134
1257,134
1258,134
1259,134
1260,134
1261,134
1262,134
1263,134
1264,134
1265,134
1266,134
1267,135
1268,136
1269,137
1270,138
1271,138
1272,138
1273,138
1274,138
1275,138
1276,138
1277,138
1278,138
1279,138
1280,138
1281,138
1282,138
1283,138
1284,138
1285,138
1286,138
1287,138
1288,138
1289,138
1290,138
1291,138
1292,138
1293,138
1294,138
1295,138
1296,138
1297,138
1298,138
1299,138
1300,138
1301,138
1302,138
1303,138
1304,138
1305,138
1306,138
1307,138
1308,138
1309,138
1310,138
1311,138
1312,138
1313,138
1314,138
1315,138
1316,138
1317,138
1318,138
1319,138
1320,138
1321,138
1322,138
1323,138
1324,138
1325,138
1326,138
1327,138
1328,138
1329,138
1330,138
1331,138
1332,139
1333,140
1334,140
1335,140
1336,140
1337,140
1338,140
1339,140
1340,140
1341,140
1342,140
1343,140
1344,140
1345,140
1346,140
1347,140
1348,140
1349,140
1350,140
1351,140
1352,140
1353,140
1354,141
1355,141
1356,141
1357,141
1358,141
1359,141
1360,141
1361,141
1362,141
1363,141
1364,141
1365,141
1366,141
1367,141
1368,141
1369,141
1370,141
1371,141
1372,141
1373,141
1374,141
1375,141
1376,141
1377,141
1378,141
1379,141
1380,141
1381,141
1382,141
1383,141
1384,141
1385,141
1386,141
1387,141
1388,141
1389,141
1390,141
1391,141
1392,141
1393,141
1394,141
1395,141
1396,141
1397,141
1398,141
1399,141
1400,141
1401,141
1402,141
1403,141
1404,141
1405,141
1406,141
1407,141
1408,141
1409,141
1410,141
1411,141
1412,141
1413,141
1414,141
1415,141
1416,141
1417,141
1418,141
1419,141
1420,141
1421,141
1422,141
1423,141
1424,141
1425,141
1426,141
1427,141
1428,141
1429,141
1430,141
1431,141
1432,141
1433,141
1434,141
1435,141
1436,141
1437,141
1438,141
1439,141
1440,141
1441,141
1442,141
1443,141
1444,141
1445,141
1446,141
1447,141
1448,141
1449,141
1450,141
1451,141
1452,141
1453,141
1454,141
1455,141
1456,141
1457,141
1458,141
1459,141
1460,141
1461,141
1462,141
1463,141
1464,141
1465,141
1466,141
1467,141
1468,141
1469,141
1470,141
1471,141
1472,141
1473,141
1474,141
1475,141
1476,141
1477,141
1478,141
1479,141
1480,141
1481,141
1482,142
1483,142
1484,142
1485,142
1486,142
1487,142
1488,142
1489,142
1490,142
1491,142
1492,142
1493,142
1494,142
1495,142
1496,142
1497,142
1498,142
1499,142
1500,142
1501,142
1502,142
1503,142
1504,142
1505,142
1506,142
1507,142
1508,142
1509,142
1510,142
1511,142
1512,142
1513,142
1514,142
1515,142
1516,142
1517,142
1518,142
1519,142
1520,142
1521,142
1522,142
1523,142
1524,142
1525,142
1526,142
1527,142
1528,142
1529,142
1530,142
1531,142
1532,142
1533,142
1534,142
1535,142
1536,142
1537,142
1538,142
1539,142
1540,142
1541,142
1542,142
1543,142
1544,142
1545,142
1546,142
1547,142
1548,142
1549,142
1550,142
1551,142
1552,142
1553,142
1554,142
1555,142
1556,142
1557,142
1558,142
1559,142
1560,142
1561,142
1562,142
1563,142
1564,142
1565,142
1566,142
1567,142
1568,142
1569,142
1570,142
1571,142
1572,142
1573,142
1574,142
1575,142
1576,142
1577,142
1578,142
1579,142
1580,142
1581,142
1582,142
1583,142
1584,142
1585,142
1586,142
1587,142
1588,142
1589,142
1590,142
1591,142
1592,142
1593,142
1594,142
1595,142
1596,142
1597,142
1598,142
1599,142
1600,142
1601,142
1602,142
1603,142
1604,142
1605,142
1606,142
1607,142
1608,142
1609,142
1610,142
1611,142
1612,142
1613,142
1614,142
1615,142
1616,142
1617,142
1618,142
1619,142
1620,142
1621,142
1622,142
1623,142
1624,142
1625,142
1626,142
1627,142
1628,142
1629,142
1630,142
1631,142
1632,142
1633,142
1634,142
1635,142
1636,142
1637,142
1638,142
1639,142
1640,142
1641,142
1642,142
1643,142
1644,142
1645,142
1646,142
1647,142
1648,142
1649,142
1650,142
1651,142
1652,142
1653,142
1654,142
1655,142
1656,142
1657,142
1658,142
1659,142
1660,142
1661,142
1662,142
1663,142
1664,142
1665,142
1666,142
1667,142
1668,142
1669,142
1670,142
1671,142
1672,142
1673,142
1674,142
1675,142
1676,142
1677,142
1678,142
1679,142
1680,142
1681,142
1682,142
1683,142
1684,142
1685,142
1686,142
1687,142
1688,142
1689,142
1690,142
1691,142
1692,142
1693,142
1694,142
1695,142
1696,142
1697,142
1698,142
1699,142
1700,142
1701,142
1702,142
1703,142
1704,142
1705,142
1706,142
1707,142
1708,142
1709,142
1710,142
1711,142
1712,142
1713,142
1714,142
1715,142
1716,142
1717,142
1718,142
1719,142
1720,142
1721,142
1722,142
1723,142
1724,142
1725,142
1726,142
1727,142
1728,142
1729,142
1730,142
1731,142
1732,142
1733,142
1734,142
1735,142
1736,142
1737,142
1738,142
1739,142
1740,142
1741,142
1742,142
1743,142
1744,142
1745,142
1746,142
1747,142
1748,142
1749,142
1750,142
1751,142
1752,142
1753,142
1754,142
1755,142
1756,142
1757,142
1758,142
1759,142
1760,142
1761,142
1762,142
1763,142
1764,142
1765,142
1766,142
1767,142
1768,142
1769,142
1770,142
1771,142
1772,142
1773,142
1774,142
1775,142
1776,142
1777,142
1778,142
1779,142
1780,142
1781,142
1782,142
1783,142
1784,142
1785,142
1786,142
1787,142
1788,142
1789,142
1790,142
1791,142
1792,142
1793,142
1794,142
1795,142
1796,142
1797,142
1798,142
1799,142
1800,142
1801,142
1802,142
1803,142
1804,142
1805,142
1806,142
1807,142
1808,142
1809,142
1810,142
1811,142
1812,142
1813,142
1814,142
1815,142
1816,142
1817,142
1818,142
1819,142
1820,142
1821,142
1822,142
1823,142
1824,143
1825,143
1826,143
1827,143
1828,143
1829,143
1830,143
1831,143
1832,143
1833,143
1834,143
1835,143
1836,143
1837,143
1838,143
1839,143
1840,143
1841,143
1842,143
1843,143
1844,143
1845,143
1846,143
1847,143
1848,143
1849,143
1850,143
1851,143
1852,143
1853,143
1854,143
1855,143
1856,143
1857,143
1858,143
1859,143
1860,143
1861,143
1862,143
1863,143
1864,143
1865,143
1866,143
1867,143
1868,143
1869,143
1870,143
1871,143
1872,143
1873,143
1874,143
1875,143
1876,143
1877,143
1878,143
1879,143
1880,143
1881,143
1882,143
1883,143
1884,143
1885,143
1886,143
1887,143
1888,143
1889,143
1890,143
1891,143
1892,143
1893,143
1894,143
1895,143
1896,143
1897,143
1898,143
1899,143
1900,143
1901,143
1902,143
1903,143
1904,143
1905,143
1906,143
1907,143
1908,143
1909,143
1910,143
1911,143
1912,143
1913,143
1914,143
1915,143
1916,143
1917,143
1918,143
1919,143
1920,143
1921,143
1922,143
1923,143
1924,143
1925,143
1926,143
1927,143
1928,143
1929,143
1930,143
1931,143
1932,143
1933,143
1934,143
1935,143
1936,143
1937,143
1938,143
1939,143
1940,143
1941,143
1942,143
1943,143
1944,143
1945,143
1946,143
1947,143
1948,143
1949,143
1950,143
1951,143
1952,143
1953,143
1954,143
1955,143
1956,143
1957,143
1958,143
1959,143
1960,143
1961,143
1962,143
1963,143
1964,143
1965,143
1966,143
1967,143
1968,143
1969,143
1970,143
1971,143
1972,143
1973,143
1974,143
1975,143
1976,143
1977,143
1978,143
1979,143
1980,143
1981,143
1982,143
1983,143
1984,143
1985,143
1986,143
1987,143
1988,143
1989,143
1990,143
1991,143
1992,143
1993,143
1994,143
1995,143
1996,143
1997,143
1998,143
1999,143
2000,143
2001,143
2002,143
2003,143
2004,143
2005,143
2006,143
2007,143
2008,143
2009,143
2010,143
2011,143
2012,143
2013,143
2014,143
2015,143
2016,143
2017,143
2018,143
2019,143
2020,143
2021,143
2022,143
2023,143
2024,143
2025,143
2026,143
2027,143
2028,143
2029,143
2030,143
2031,143
2032,143
2033,143
2034,143
2035,143
2036,143
2037,143
2038,143
2039,143
2040,143
2041,143
2042,143
2043,143
2044,143
2045,143
2046,143
2047,143
2048,143
2049,143
2050,143
2051,143
2052,143
2053,143
2054,143
2055,143
2056,143
2057,143
2058,143
2059,143
2060,143
2061,143
2062,143
2063,143
2064,143
2065,143
2066,143
2067,143
2068,143
2069,143
2070,143
2071,143
2072,143
2073,143
2074,143
2075,143
2076,143
2077,143
2078,143
2079,143
2080,143
2081,143
2082,143
2083,143
2084,143
2085,143
2086,143
2087,143
2088,143
2089,143
2090,143
2091,143
2092,143
2093,143
2094,143
2095,143
2096,143
2097,143
2098,143
2099,143
2100,143
2101,143
2102,143
2103,143
2104,143
2105,143
2106,143
2107,143
2108,143
2109,143
2110,143
2111,143
2112,143
2113,143
2114,143
2115,143
2116,143
2117,143
2118,143
2119,143
2120,143
2121,143
2122,143
2123,143
2124,143
2125,143
2126,143
2127,143
2128,143
2129,143
2130,143
2131,143
2132,143
2133,143
2134,143
2135,143
2136,143
2137,143
2138,143
2139,143
2140,143
2141,143
2142,143
2143,143
2144,143
2145,143
2146,143
2147,143
2148,143
2149,143
2150,143
2151,143
2152,143
2153,143
2154,143
2155,143
2156,143
2157,143
2158,143
2159,143
2160,143
2161,143
2162,143
2163,143
2164,143
2165,143
2166,143
2167,143
2168,143
2169,143
2170,143
2171,143
2172,143
2173,143
2174,143
2175,143
2176,143
2177,143
2178,143
2179,143
2180,143
2181,143
2182,143
2183,143
2184,143
2185,143
2186,143
2187,143
2188,143
2189,143
2190,143
2191,143
2192,143
2193,143
2194,143
2195,143
2196,143
2197,143
2198,143
2199,143
2200,143
2201,143
2202,143
2203,143
2204,143
2205,143
2206,143
2207,143
2208,143
2209,143
2210,143
2211,143
2212,143
2213,143
2214,143
2215,143
2216,143
2217,143
2218,143
2219,143
2220,143
2221,143
2222,143
2223,143
2224,143
2225,143
2226,143
2227,143
2228,143
2229,143
2230,143
2231,143
2232,143
2233,143
2234,143
2235,143
2236,143
2237,143
2238,143
2239,143
2240,143
2241,143
2242,143
2243,143
2244,143
2245,143
2246,143
2247,143
2248,143
2249,143
2250,143
2251,143
2252,143
2253,143
2254,143
2255,143
2256,143
2257,143
2258,143
2259,143
2260,143
2261,143
2262,143
2263,143
2264,143
2265,143
2266,143
2267,143
2268,143
2269,144
2270,144
2271,144
2272,144
2273,144
2274,144
2275,144
2276,144
2277,144
2278,144
2279,144
2280,144
2281,144
2282,144
2283,144
2284,144
2285,144
2286,144
2287,145
