0,0
1,1
2,2
3,3
4,3
5,4
6,5
7,6
8,7
9,8
10,9
11,10
12,11
13,12
14,13
15,14
16,15
17,16
18,17
19,18
20,19
21,20
22,21
23,22
24,22
25,22
26,22
27,23
28,24
29,24
30,25
31,26
32,26
33,27
34,28
35,29
36,30
37,30
38,31
39,32
40,33
41,34
42,35
43,36
44,37
45,38
46,39
47,40
48,41
49,41
50,42
51,43
52,43
53,43
54,44
55,44
56,45
57,45
58,45
59,45
60,45
61,45
62,45
63,45
64,45
65,45
66,46
67,46
68,47
69,48
70,49
71,50
72,50
73,50
74,50
75,51
76,51
77,52
78,52
79,53
80,53
81,54
82,54
83,54
84,55
85,55
86,55
87,56
88,56
89,57
90,58
91,58
92,58
93,58
94,58
95,58
96,58
97,58
98,58
99,59
100,59
101,60
102,61
103,62
104,62
105,63
106,63
107,63
108,63
109,63
110,63
111,64
112,64
113,64
114,64
115,64
116,64
117,64
118,64
119,64
120,64
121,64
122,64
123,64
124,64
125,64
126,64
127,65
128,66
129,66
130,67
131,67
132,67
133,67
134,67
135,67
136,67
137,67
138,67
139,67
140,67
141,67
142,68
143,68
144,68
145,69
146,69
147,69
148,69
149,69
150,69
151,69
152,69
153,69
154,70
155,70
156,71
157,71
158,71
159,71
160,72
161,73
162,73
163,73
164,73
165,74
166,75
167,76
168,77
169,77
170,77
171,77
172,77
173,78
174,79
175,79
176,79
177,79
178,79
179,80
180,80
181,80
182,80
183,81
184,81
185,82
186,82
187,82
188,82
189,83
190,83
191,83
192,83
193,83
194,83
195,83
196,83
197,83
198,83
199,83
200,83
201,83
202,83
203,83
204,84
205,84
206,84
207,84
208,84
209,84
210,84
211,84
212,84
213,84
214,84
215,84
216,84
217,84
218,84
219,84
220,84
221,84
222,84
223,84
224,84
225,84
226,84
227,84
228,84
229,84
230,84
231,84
232,84
233,84
234,84
235,84
236,84
237,84
238,85
239,85
240,86
241,86
242,86
243,86
244,86
245,86
246,86
247,86
248,86
249,87
250,87
251,87
252,87
253,87
254,87
255,88
256,88
257,88
258,88
259,88
260,88
261,88
262,88
263,88
264,88
265,88
266,88
267,88
268,88
269,88
270,88
271,88
272,88
273,88
274,89
275,89
276,90
277,90
278,90
279,90
280,90
281,90
282,90
283,90
284,90
285,90
286,90
287,90
288,90
289,90
290,90
291,90
292,90
293,90
294,90
295,90
296,90
297,90
298,90
299,90
300,90
301,90
302,90
303,90
304,90
305,90
306,90
307,90
308,90
309,90
310,90
311,90
312,90
313,90
314,90
315,90
316,90
317,90
318,90
319,90
320,90
321,90
322,90
323,90
324,90
325,91
326,91
327,91
328,91
329,91
330,91
331,91
332,91
333,91
334,91
335,91
336,91
337,91
338,91
339,91
340,91
341,91
342,91
343,92
344,92
345,92
346,92
347,93
348,93
349,93
350,93
351,93
352,93
353,93
354,93
355,93
356,94
357,94
358,94
359,94
360,94
361,94
362,95
363,95
364,95
365,95
366,95
367,95
368,95
369,95
370,95
371,95
372,95
373,95
374,95
375,95
376,95
377,95
378,95
379,95
380,95
381,95
382,95
383,95
384,95
385,95
386,95
387,95
388,96
389,96
390,96
391,97
392,97
393,97
394,97
395,97
396,97
397,97
398,97
399,97
400,97
401,97
402,97
403,97
404,97
405,97
406,97
407,97
408,97
409,97
410,97
411,97
412,97
413,97
414,97
415,97
416,97
417,97
418,97
419,97
420,97
421,97
422,97
423,97
424,98
425,99
426,99
427,99
428,99
429,99
430,99
431,99
432,99
433,99
434,99
435,99
436,99
437,99
438,99
439,99
440,99
441,99
442,99
443,99
444,99
445,99
446,99
447,99
448,99
449,99
450,99
451,99
452,99
453,99
454,99
455,99
456,99
457,99
458,99
459,99
460,99
461,99
462,99
463,99
464,99
465,99
466,99
467,99
468,99
469,99
470,99
471,99
472,99
473,99
474,99
475,99
476,99
477,99
478,99
479,99
480,99
481,99
482,99
483,99
484,99
485,99
486,99
487,99
488,99
489,99
490,99
491,100
492,101
493,102
494,103
495,103
496,103
497,103
498,103
499,103
500,103
501,103
502,103
503,103
504,103
505,103
506,103
507,103
508,103
509,103
510,103
511,103
512,103
513,103
514,104
515,105
516,105
517,105
518,105
519,105
520,105
521,105
522,105
523,105
524,105
525,105
526,105
527,105
528,105
529,105
530,105
531,105
532,105
533,105
534,105
535,105
536,105
537,105
538,105
539,105
540,105
541,105
542,105
543,105
544,105
545,105
546,105
547,105
548,105
549,105
550,105
551,105
552,105
553,105
554,105
555,105
556,105
557,106
558,106
559,106
560,106
561,106
562,106
563,106
564,106
565,106
566,106
567,106
568,106
569,106
570,106
571,106
572,106
573,106
574,106
575,107
576,108
577,108
578,108
579,108
580,108
581,108
582,108
583,108
584,108
585,108
586,108
587,108
588,108
589,108
590,108
591,108
592,108
593,108
594,108
595,108
596,109
597,110
598,111
599,111
600,112
601,113
602,114
603,115
604,115
605,115
606,115
607,115
608,116
609,116
610,116
611,116
612,116
613,116
614,116
615,116
616,116
617,117
618,117
619,117
620,117
621,117
622,117
623,117
624,117
625,117
626,117
627,117
628,117
629,118
630,118
631,118
632,118
633,118
634,118
635,118
636,118
637,118
638,118
639,118
640,118
641,118
642,118
643,118
644,118
645,118
646,118
647,118
648,118
649,118
650,118
651,118
652,118
653,118
654,118
655,118
656,118
657,118
658,118
659,118
660,118
661,118
662,118
663,118
664,118
665,118
666,118
667,118
668,118
669,118
670,118
671,118
672,118
673,118
674,118
675,118
676,118
677,119
678,119
679,119
680,119
681,119
682,119
683,119
684,119
685,119
686,119
687,119
688,119
689,119
690,119
691,119
692,119
693,119
694,119
695,119
696,119
697,119
698,119
699,119
700,119
701,119
702,119
703,119
704,119
705,119
706,119
707,119
708,119
709,119
710,120
711,120
712,120
713,120
714,120
715,120
716,120
717,120
718,120
719,120
720,120
721,120
722,120
723,120
724,120
725,120
726,120
727,120
728,120
729,120
730,120
731,120
732,120
733,120
734,120
735,120
736,120
737,120
738,120
739,120
740,120
741,120
742,120
743,120
744,120
745,120
746,120
747,120
748,120
749,120
750,120
751,120
752,120
753,120
754,120
755,120
756,120
757,120
758,120
759,120
760,120
761,120
762,120
763,120
764,120
765,120
766,120
767,120
768,121
769,122
770,122
771,122
772,122
773,122
774,122
775,122
776,122
777,122
778,122
779,122
780,122
781,122
782,122
783,122
784,122
785,122
786,122
787,122
788,122
789,122
790,122
791,122
792,122
793,122
794,122
795,122
796,122
797,122
798,122
799,122
800,122
801,122
802,122
803,122
804,122
805,122
806,122
807,122
808,122
809,122
810,122
811,122
812,122
813,122
814,122
815,122
816,122
817,122
818,122
819,122
820,122
821,122
822,122
823,122
824,122
825,122
826,122
827,122
828,122
829,122
830,122
831,122
832,122
833,122
834,122
835,122
836,122
837,123
838,123
839,123
840,123
841,123
842,123
843,123
844,123
845,123
846,123
847,123
848,123
849,123
850,123
851,123
852,123
853,123
854,123
855,123
856,123
857,123
858,123
859,123
860,123
861,123
862,123
863,123
864,123
865,123
866,123
867,123
868,123
869,123
870,123
871,123
872,123
873,123
874,123
875,123
876,123
877,123
878,123
879,123
880,123
881,123
882,123
883,123
884,123
885,123
886,123
887,123
888,123
889,123
890,123
891,123
892,123
893,123
894,123
895,124
896,124
897,124
898,124
899,124
900,124
901,124
902,124
903,124
904,124
905,124
906,124
907,124
908,124
909,124
910,124
911,124
912,124
913,124
914,124
915,124
916,124
917,124
918,124
919,124
920,124
921,124
922,124
923,124
924,124
925,124
926,124
927,124
928,124
929,124
930,124
931,125
932,125
933,125
934,125
935,125
936,125
937,125
938,125
939,125
940,125
941,125
942,125
943,125
944,125
945,125
946,125
947,125
948,125
949,125
950,125
951,125
952,125
953,125
954,125
955,126
956,126
957,126
958,126
959,126
960,126
961,126
962,126
963,126
964,126
965,126
966,126
967,126
968,126
969,126
970,126
971,126
972,126
973,126
974,126
975,126
976,126
977,126
978,126
979,126
980,126
981,126
982,126
983,126
984,126
985,126
986,126
987,126
988,126
989,126
990,126
991,126
992,126
993,126
994,126
995,126
996,126
997,126
998,126
999,126
1000,126
1001,126
1002,126
1003,126
1004,126
1005,126
1006,127
1007,127
1008,127
1009,127
1010,127
1011,127
1012,127
1013,127
1014,127
1015,127
1016,127
1017,127
1018,127
1019,127
1020,127
1021,127
1022,127
1023,127
1024,127
1025,127
1026,127
1027,127
1028,127
1029,127
1030,127
1031,127
1032,127
1033,127
1034,128
1035,128
1036,128
1037,128
1038,128
1039,128
1040,128
1041,128
1042,128
1043,128
1044,128
1045,128
1046,128
1047,128
1048,128
1049,128
1050,128
1051,128
1052,128
1053,129
1054,129
1055,129
1056,129
1057,129
1058,129
1059,129
1060,129
1061,129
1062,129
1063,129
1064,129
1065,129
1066,129
1067,129
1068,129
1069,129
1070,129
1071,129
1072,129
1073,129
1074,129
1075,129
1076,129
1077,129
1078,129
1079,129
1080,129
1081,129
1082,129
1083,129
1084,129
1085,129
1086,129
1087,129
1088,129
1089,129
1090,129
1091,129
1092,129
1093,129
1094,129
1095,129
1096,129
1097,129
1098,129
1099,129
1100,129
1101,129
1102,129
1103,129
1104,129
1105,129
1106,129
1107,129
1108,129
1109,129
1110,129
1111,129
1112,129
1113,129
1114,129
1115,129
1116,129
1117,129
1118,129
1119,129
1120,129
1121,129
1122,129
1123,129
1124,129
1125,129
1126,129
1127,129
1128,129
1129,129
1130,129
1131,129
1132,129
1133,129
1134,129
1135,129
1136,129
1137,129
1138,129
1139,129
1140,129
1141,129
1142,129
1143,129
1144,129
1145,129
1146,129
1147,129
1148,129
1149,129
1150,129
1151,129
1152,129
1153,129
1154,129
1155,129
1156,129
1157,129
1158,129
1159,129
1160,129
1161,129
1162,129
1163,129
1164,129
1165,129
1166,129
1167,129
1168,129
1169,129
1170,129
1171,129
1172,129
1173,129
1174,129
1175,129
1176,129
1177,129
1178,129
1179,129
1180,129
1181,129
1182,129
1183,129
1184,129
1185,129
1186,129
1187,129
1188,129
1189,129
1190,129
1191,129
1192,129
1193,129
1194,129
1195,129
1196,129
1197,129
1198,129
1199,129
1200,129
1201,129
1202,129
1203,129
1204,129
1205,129
1206,129
1207,129
1208,129
1209,129
1210,129
1211,129
1212,129
1213,129
1214,129
1215,129
1216,129
1217,129
1218,129
1219,129
1220,129
1221,129
1222,129
1223,129
1224,129
1225,129
1226,129
1227,129
1228,129
1229,129
1230,129
1231,129
1232,129
1233,129
1234,129
1235,129
1236,129
1237,129
1238,129
1239,129
1240,129
1241,129
1242,129
1243,129
1244,129
1245,129
1246,129
1247,129
1248,129
1249,129
1250,129
1251,129
1252,129
1253,129
1254,129
1255,129
1256,129
1257,129
1258,129
1259,129
1260,129
1261,129
1262,129
1263,129
1264,129
1265,129
1266,129
1267,129
1268,129
1269,129
1270,129
1271,129
1272,129
1273,129
1274,129
1275,129
1276,129
1277,129
1278,129
1279,129
1280,129
1281,129
1282,129
1283,129
1284,129
1285,129
1286,129
1287,129
1288,129
1289,129
1290,129
1291,129
1292,129
1293,129
1294,129
1295,129
1296,129
1297,129
1298,129
1299,129
1300,129
1301,129
1302,129
1303,129
1304,129
1305,129
1306,129
1307,129
1308,129
1309,129
1310,129
1311,129
1312,129
1313,129
1314,129
1315,129
1316,129
1317,129
1318,129
1319,129
1320,129
1321,129
1322,129
1323,129
1324,129
1325,129
1326,129
1327,129
1328,129
1329,129
1330,129
1331,129
1332,129
1333,129
1334,129
1335,129
1336,129
1337,129
1338,129
1339,129
1340,129
1341,129
1342,129
1343,129
1344,129
1345,129
1346,129
1347,129
1348,129
1349,129
1350,129
1351,129
1352,129
1353,129
1354,129
1355,129
1356,129
1357,129
1358,129
1359,129
1360,129
1361,129
1362,129
1363,129
1364,129
1365,129
1366,129
1367,129
1368,129
1369,129
1370,129
1371,129
1372,129
1373,129
1374,129
1375,130
1376,130
1377,130
1378,130
1379,130
1380,130
1381,130
1382,130
1383,130
1384,130
1385,130
1386,130
1387,130
1388,130
1389,130
1390,130
1391,130
1392,130
1393,130
1394,130
1395,130
1396,130
1397,130
1398,130
1399,130
1400,130
1401,130
1402,130
1403,130
1404,130
1405,130
1406,130
1407,130
1408,130
1409,130
1410,130
1411,130
1412,130
1413,130
1414,130
1415,130
1416,130
1417,130
1418,130
1419,130
1420,130
1421,130
1422,130
1423,130
1424,130
1425,130
1426,130
1427,130
1428,130
1429,130
1430,130
1431,130
1432,130
1433,130
1434,130
1435,130
1436,130
1437,130
1438,130
1439,130
1440,130
1441,130
1442,130
1443,130
1444,130
1445,130
1446,130
1447,130
1448,130
1449,130
1450,130
1451,130
1452,130
1453,130
1454,130
1455,130
1456,130
1457,130
1458,130
1459,130
1460,130
1461,130
1462,130
1463,130
1464,130
1465,130
1466,130
1467,130
1468,130
1469,130
1470,130
1471,130
1472,130
1473,130
1474,130
1475,130
1476,130
1477,130
1478,130
1479,130
1480,130
1481,130
1482,130
1483,130
1484,130
1485,130
1486,130
1487,130
1488,130
1489,130
1490,130
1491,130
1492,130
1493,130
1494,130
1495,130
1496,130
1497,130
1498,130
1499,130
1500,130
1501,130
1502,130
1503,130
1504,130
1505,130
1506,130
1507,130
1508,130
1509,130
1510,130
1511,130
1512,130
1513,130
1514,130
1515,130
1516,130
1517,130
1518,130
1519,130
1520,130
1521,130
1522,130
1523,130
1524,130
1525,130
1526,130
1527,130
1528,130
1529,130
1530,130
1531,130
1532,130
1533,130
1534,130
1535,130
1536,130
1537,130
1538,130
1539,130
1540,130
1541,130
1542,130
1543,130
1544,130
1545,130
1546,130
1547,130
1548,130
1549,130
1550,130
1551,130
1552,130
1553,130
1554,130
1555,130
1556,130
1557,130
1558,130
1559,130
1560,130
1561,130
1562,130
1563,130
1564,130
1565,130
1566,130
1567,130
1568,130
1569,130
1570,130
1571,130
1572,130
1573,130
1574,130
1575,130
1576,130
1577,130
1578,130
1579,130
1580,130
1581,130
1582,130
1583,130
1584,130
1585,130
1586,130
1587,130
1588,130
1589,130
1590,130
1591,130
1592,130
1593,130
1594,130
1595,130
1596,130
1597,130
1598,130
1599,130
1600,130
1601,130
1602,130
1603,130
1604,130
1605,130
1606,130
1607,130
1608,130
1609,130
1610,130
1611,130
1612,130
1613,130
1614,130
1615,130
1616,130
1617,130
1618,130
1619,130
1620,130
1621,130
1622,130
1623,130
1624,130
1625,130
1626,130
1627,130
1628,130
1629,130
1630,130
1631,130
1632,130
1633,130
1634,130
1635,130
1636,130
1637,130
1638,130
1639,130
1640,130
1641,130
1642,130
1643,130
1644,130
1645,130
1646,130
1647,130
1648,130
1649,130
1650,130
1651,130
1652,130
1653,130
1654,130
1655,130
1656,130
1657,130
1658,130
1659,130
1660,130
1661,130
1662,130
1663,130
1664,130
1665,130
1666,130
1667,130
1668,130
1669,130
1670,130
1671,130
1672,130
1673,130
1674,130
1675,130
1676,130
1677,130
1678,130
1679,130
1680,130
1681,130
1682,130
1683,130
1684,130
1685,130
1686,130
1687,130
1688,130
1689,130
1690,130
1691,130
1692,130
1693,130
1694,130
1695,130
1696,130
1697,130
1698,130
1699,130
1700,130
1701,130
1702,130
1703,130
1704,130
1705,130
1706,130
1707,130
1708,130
1709,130
1710,130
1711,130
1712,130
1713,130
1714,130
1715,130
1716,130
1717,130
1718,130
1719,130
1720,130
1721,130
1722,130
1723,130
1724,130
1725,130
1726,130
1727,130
1728,130
1729,130
1730,130
1731,130
1732,130
1733,130
1734,130
1735,130
1736,130
1737,130
1738,130
1739,130
1740,130
1741,130
1742,130
1743,130
1744,130
1745,130
1746,130
1747,130
1748,130
1749,130
1750,130
1751,130
1752,130
1753,130
1754,130
1755,130
1756,130
1757,130
1758,130
1759,130
1760,130
1761,130
1762,130
1763,130
1764,130
1765,130
1766,130
1767,130
1768,130
1769,130
1770,130
1771,130
1772,130
1773,130
1774,130
1775,130
1776,130
1777,130
1778,130
1779,130
1780,130
1781,130
1782,130
1783,130
1784,130
1785,130
1786,130
1787,130
1788,130
1789,130
1790,130
1791,130
1792,130
1793,130
1794,130
1795,130
1796,130
1797,130
1798,130
1799,130
1800,130
1801,130
1802,130
1803,130
1804,130
1805,130
1806,130
1807,130
1808,130
1809,130
1810,130
1811,130
1812,130
1813,131
1814,132
1815,133
1816,134
1817,135
1818,136
1819,136
1820,137
1821,137
1822,137
1823,138
1824,138
1825,138
1826,138
1827,138
1828,138
1829,138
1830,138
1831,138
1832,138
1833,138
1834,138
1835,138
1836,138
1837,138
1838,138
1839,138
1840,138
1841,138
1842,138
1843,138
1844,138
1845,138
1846,138
1847,138
1848,138
1849,138
1850,138
1851,138
1852,138
1853,138
1854,138
1855,138
1856,138
1857,138
1858,138
1859,138
1860,138
1861,138
1862,138
1863,138
1864,138
1865,138
1866,138
1867,138
1868,138
1869,138
1870,138
1871,138
1872,138
1873,138
1874,138
1875,138
1876,138
1877,138
1878,138
1879,138
1880,138
1881,138
1882,138
1883,138
1884,138
1885,138
1886,138
1887,138
1888,138
1889,139
1890,139
1891,139
1892,139
1893,139
1894,139
1895,139
1896,139
1897,139
1898,139
1899,139
1900,139
1901,139
1902,139
1903,139
1904,139
1905,139
1906,139
1907,139
1908,139
1909,139
1910,139
1911,139
1912,139
1913,139
1914,139
1915,139
1916,139
1917,139
1918,139
1919,139
1920,139
1921,139
1922,139
1923,139
1924,139
1925,139
1926,139
1927,139
1928,139
1929,139
1930,139
1931,139
1932,139
1933,139
1934,139
1935,139
1936,139
1937,139
1938,139
1939,139
1940,139
1941,139
1942,139
1943,139
1944,139
1945,139
1946,139
1947,139
1948,139
1949,139
1950,139
1951,139
1952,139
1953,139
1954,139
1955,139
1956,139
1957,139
1958,139
1959,139
1960,139
1961,139
1962,139
1963,139
1964,139
1965,139
1966,139
1967,139
1968,139
1969,139
1970,139
1971,139
1972,139
1973,139
1974,139
1975,139
1976,139
1977,139
1978,139
1979,139
1980,140
1981,140
1982,140
1983,140
1984,140
1985,140
1986,140
1987,140
1988,140
1989,140
1990,140
1991,140
1992,140
1993,140
1994,140
1995,140
1996,140
1997,140
1998,140
1999,140
2000,140
2001,140
2002,140
2003,140
2004,140
2005,140
2006,140
2007,140
2008,140
2009,140
2010,140
2011,140
2012,140
2013,140
2014,140
2015,140
2016,140
2017,140
2018,140
2019,140
2020,140
2021,140
2022,140
2023,140
2024,140
2025,140
2026,140
2027,140
2028,140
2029,140
2030,140
2031,140
2032,140
2033,140
2034,140
2035,140
2036,140
2037,140
2038,140
2039,140
2040,140
2041,140
2042,140
2043,140
2044,140
2045,140
2046,140
2047,140
2048,140
2049,140
2050,140
2051,140
2052,140
2053,140
2054,140
2055,140
2056,140
2057,140
2058,140
2059,140
2060,140
2061,140
2062,140
2063,140
2064,140
2065,140
2066,140
2067,140
2068,140
2069,140
2070,140
2071,140
2072,140
2073,140
2074,140
2075,140
2076,140
2077,140
2078,140
2079,140
2080,140
2081,140
2082,140
2083,140
2084,140
2085,140
2086,140
2087,140
2088,140
2089,140
2090,140
2091,140
2092,140
2093,140
2094,140
2095,140
2096,140
2097,140
2098,140
2099,140
2100,140
2101,140
2102,140
2103,140
2104,140
2105,140
2106,140
2107,140
2108,140
2109,140
2110,140
2111,140
2112,140
2113,140
2114,140
2115,140
2116,140
2117,140
2118,140
2119,140
2120,140
2121,140
2122,140
2123,140
2124,140
2125,140
2126,140
2127,140
2128,140
2129,141
2130,142
2131,142
2132,142
2133,142
2134,142
2135,142
2136,142
2137,142
2138,142
2139,142
2140,142
2141,142
2142,142
2143,142
2144,142
2145,142
2146,142
2147,142
2148,142
2149,142
2150,142
2151,142
2152,142
2153,142
2154,142
2155,142
2156,142
2157,142
2158,142
2159,142
2160,142
2161,142
2162,142
2163,142
2164,142
2165,142
2166,142
2167,142
2168,142
2169,142
2170,142
2171,142
2172,143
2173,143
2174,144
2175,144
2176,144
2177,144
2178,144
2179,144
2180,144
2181,144
2182,144
2183,144
2184,144
2185,144
2186,144
2187,144
2188,144
2189,144
2190,144
2191,144
2192,144
2193,144
2194,144
2195,144
2196,144
2197,144
2198,144
2199,144
2200,144
2201,144
2202,144
2203,144
2204,144
2205,144
2206,144
2207,144
2208,144
2209,144
2210,144
2211,144
2212,144
2213,144
2214,144
2215,144
2216,144
2217,144
2218,144
2219,144
2220,144
2221,144
2222,144
2223,144
2224,144
2225,144
2226,144
2227,144
2228,144
2229,144
2230,144
2231,144
2232,144
2233,144
2234,144
2235,144
2236,144
2237,144
2238,144
2239,144
2240,144
2241,144
2242,144
2243,144
2244,144
2245,144
2246,144
2247,144
2248,144
2249,144
2250,144
2251,144
2252,144
2253,144
2254,144
2255,144
2256,144
2257,144
2258,144
2259,144
2260,144
2261,144
2262,144
2263,144
2264,144
2265,144
2266,144
2267,144
2268,144
2269,144
2270,144
2271,144
2272,144
2273,144
2274,144
2275,144
2276,144
2277,144
2278,144
2279,144
2280,144
2281,144
2282,144
2283,144
2284,144
2285,144
2286,144
2287,144
2288,144
2289,144
2290,144
2291,144
2292,144
2293,144
2294,144
2295,144
2296,144
2297,144
2298,144
2299,144
2300,144
2301,144
2302,144
2303,144
2304,144
2305,144
2306,144
2307,144
2308,144
2309,144
2310,144
2311,144
2312,144
2313,144
2314,144
2315,144
2316,144
2317,144
2318,144
2319,144
2320,144
2321,144
2322,144
2323,144
2324,144
2325,144
2326,144
2327,144
2328,144
2329,144
2330,144
2331,144
2332,144
2333,144
2334,144
2335,144
2336,144
2337,144
2338,144
2339,144
2340,144
2341,144
2342,144
2343,144
2344,144
2345,144
2346,144
2347,144
2348,144
2349,144
2350,144
2351,144
2352,144
2353,144
2354,144
2355,144
2356,144
2357,144
2358,144
2359,144
2360,144
2361,144
2362,144
2363,144
2364,144
2365,144
2366,144
2367,144
2368,144
2369,144
2370,144
2371,144
2372,144
2373,144
2374,144
2375,144
2376,144
2377,144
2378,144
2379,144
2380,144
2381,144
2382,144
2383,144
2384,144
2385,144
2386,144
2387,144
2388,144
2389,144
2390,144
2391,144
2392,144
2393,144
2394,144
2395,144
2396,144
2397,144
2398,144
2399,144
2400,144
2401,144
2402,144
2403,144
2404,144
2405,144
2406,144
2407,144
2408,144
2409,144
2410,144
2411,144
2412,144
2413,144
2414,144
2415,144
2416,144
2417,144
2418,144
2419,144
2420,144
2421,144
2422,144
2423,144
2424,144
2425,144
2426,144
2427,144
2428,144
2429,144
2430,144
2431,144
2432,144
2433,144
2434,144
2435,144
2436,144
2437,144
2438,144
2439,144
2440,144
2441,144
2442,144
2443,144
2444,144
2445,144
2446,144
2447,144
2448,144
2449,144
2450,144
2451,144
2452,144
2453,144
2454,144
2455,144
2456,144
2457,144
2458,144
2459,144
2460,144
2461,144
2462,144
2463,144
2464,144
2465,144
2466,144
2467,144
2468,144
2469,144
2470,144
2471,144
2472,144
2473,144
2474,144
2475,144
2476,144
2477,144
2478,144
2479,144
2480,144
2481,144
2482,144
2483,144
2484,144
2485,144
2486,144
2487,144
2488,144
2489,144
2490,144
2491,144
2492,144
2493,144
2494,144
2495,144
2496,144
2497,144
2498,144
2499,144
2500,144
2501,144
2502,144
2503,144
2504,144
2505,144
2506,144
2507,144
2508,144
2509,144
2510,144
2511,144
2512,144
2513,144
2514,144
2515,144
2516,144
2517,144
2518,144
2519,144
2520,144
2521,144
2522,144
2523,144
2524,144
2525,144
2526,144
2527,144
2528,144
2529,144
2530,144
2531,144
2532,144
2533,144
2534,144
2535,144
2536,144
2537,144
2538,144
2539,144
2540,144
2541,144
2542,144
2543,144
2544,144
2545,144
2546,144
2547,144
2548,144
2549,144
2550,144
2551,144
2552,144
2553,144
2554,144
2555,144
2556,144
2557,144
2558,144
2559,144
2560,144
2561,144
2562,144
2563,144
2564,144
2565,144
2566,144
2567,144
2568,144
2569,144
2570,144
2571,144
2572,144
2573,144
2574,144
2575,144
2576,144
2577,144
2578,144
2579,144
2580,144
2581,144
2582,144
2583,144
2584,144
2585,144
2586,144
2587,144
2588,144
2589,144
2590,144
2591,144
2592,144
2593,144
2594,144
2595,144
2596,144
2597,144
2598,144
2599,144
2600,144
2601,144
2602,144
2603,144
2604,144
2605,144
2606,144
2607,144
2608,144
2609,144
2610,144
2611,144
2612,144
2613,144
2614,144
2615,144
2616,144
2617,144
2618,144
2619,144
2620,144
2621,144
2622,144
2623,144
2624,144
2625,144
2626,144
2627,144
2628,144
2629,144
2630,144
2631,144
2632,144
2633,144
2634,144
2635,144
2636,144
2637,144
2638,144
2639,144
2640,144
2641,144
2642,144
2643,144
2644,144
2645,144
2646,144
2647,144
2648,144
2649,144
2650,144
2651,144
2652,144
2653,144
2654,144
2655,144
2656,144
2657,144
2658,144
2659,144
2660,144
2661,144
2662,144
2663,144
2664,144
2665,144
2666,144
2667,144
2668,144
2669,144
2670,144
2671,144
2672,144
2673,144
2674,144
2675,144
2676,144
2677,144
2678,144
2679,144
2680,144
2681,144
2682,144
2683,144
2684,144
2685,144
2686,144
2687,144
2688,144
2689,144
2690,144
2691,144
2692,144
2693,144
2694,144
2695,144
2696,144
2697,144
2698,144
2699,144
2700,144
2701,144
2702,144
2703,144
2704,144
2705,144
2706,144
2707,144
2708,144
2709,144
2710,144
2711,144
2712,144
2713,144
2714,144
2715,144
2716,144
2717,144
2718,144
2719,144
2720,144
2721,144
2722,144
2723,144
2724,144
2725,144
2726,144
2727,144
2728,144
2729,144
2730,144
2731,144
2732,144
2733,144
2734,144
2735,144
2736,144
2737,144
2738,144
2739,144
2740,144
2741,144
2742,144
2743,144
2744,144
2745,144
2746,144
2747,144
2748,144
2749,144
2750,144
2751,144
2752,144
2753,144
2754,144
2755,144
2756,144
2757,144
2758,144
2759,144
2760,144
2761,144
2762,144
2763,144
2764,144
2765,144
2766,144
2767,144
2768,144
2769,144
2770,144
2771,144
2772,144
2773,144
2774,144
2775,144
2776,144
2777,144
2778,144
2779,144
2780,144
2781,144
2782,144
2783,144
2784,144
2785,144
2786,144
2787,144
2788,144
2789,144
2790,144
2791,144
2792,144
2793,144
2794,144
2795,144
2796,144
2797,144
2798,144
2799,144
2800,144
2801,144
2802,144
2803,144
2804,144
2805,144
2806,144
2807,144
2808,144
2809,144
2810,144
2811,144
2812,144
2813,144
2814,144
2815,144
2816,144
2817,144
2818,144
2819,144
2820,144
2821,144
2822,144
2823,144
2824,144
2825,144
2826,144
2827,144
2828,144
2829,144
2830,144
2831,144
2832,144
2833,144
2834,144
2835,144
2836,144
2837,144
2838,144
2839,144
2840,144
2841,144
2842,144
2843,144
2844,144
2845,144
2846,144
2847,144
2848,144
2849,144
2850,144
2851,144
2852,144
2853,144
2854,144
2855,144
2856,144
2857,144
2858,144
2859,144
2860,144
2861,144
2862,144
2863,144
2864,144
2865,144
2866,144
2867,144
2868,144
2869,144
2870,144
2871,144
2872,144
2873,144
2874,144
2875,144
2876,144
2877,144
2878,144
2879,144
2880,144
2881,144
2882,144
2883,144
2884,144
2885,144
2886,144
2887,144
2888,144
2889,144
2890,144
2891,144
2892,144
2893,144
2894,144
2895,144
2896,144
2897,144
2898,144
2899,144
2900,144
2901,144
2902,144
2903,144
2904,144
2905,144
2906,144
2907,144
2908,144
2909,144
2910,144
2911,144
2912,144
2913,144
2914,144
2915,144
2916,144
2917,144
2918,144
2919,144
2920,144
2921,144
2922,144
2923,144
2924,144
2925,144
2926,144
2927,144
2928,144
2929,144
2930,144
2931,144
2932,144
2933,144
2934,144
2935,144
2936,144
2937,144
2938,144
2939,144
2940,144
2941,144
2942,144
2943,144
2944,144
2945,144
2946,144
2947,144
2948,144
2949,144
2950,144
2951,144
2952,144
2953,144
2954,144
2955,144
2956,144
2957,144
2958,144
2959,144
2960,144
2961,144
2962,144
2963,144
2964,144
2965,144
2966,144
2967,144
2968,144
2969,144
2970,144
2971,144
2972,144
2973,144
2974,144
2975,144
2976,144
2977,144
2978,144
2979,144
2980,144
2981,144
2982,144
2983,144
2984,144
2985,144
2986,144
2987,144
2988,144
2989,144
2990,144
2991,144
2992,144
2993,144
2994,144
2995,144
2996,144
2997,144
2998,144
2999,144
3000,144
3001,144
3002,144
3003,144
3004,144
3005,144
3006,144
3007,144
3008,144
3009,144
3010,144
3011,144
3012,144
3013,144
3014,144
3015,144
3016,144
3017,144
3018,144
3019,144
3020,144
3021,144
3022,144
3023,144
3024,144
3025,144
3026,144
3027,144
3028,144
3029,144
3030,144
3031,144
3032,144
3033,144
3034,144
3035,144
3036,144
3037,144
3038,144
3039,144
3040,144
3041,144
3042,144
3043,144
3044,144
3045,144
3046,144
3047,144
3048,144
3049,144
3050,144
3051,144
3052,144
3053,144
3054,144
3055,144
3056,144
3057,144
3058,144
3059,144
3060,144
3061,144
3062,144
3063,144
3064,144
3065,144
3066,144
3067,144
3068,144
3069,144
3070,144
3071,144
3072,144
3073,144
3074,144
3075,144
3076,144
3077,144
3078,144
3079,144
3080,144
3081,144
3082,144
3083,144
3084,144
3085,144
3086,144
3087,144
3088,144
3089,144
3090,144
3091,144
3092,144
3093,144
3094,144
3095,144
3096,144
3097,144
3098,144
3099,144
3100,144
3101,144
3102,144
3103,144
3104,144
3105,144
3106,144
3107,144
3108,144
3109,144
3110,144
3111,144
3112,144
3113,144
3114,144
3115,144
3116,144
3117,144
3118,144
3119,144
3120,144
3121,144
3122,144
3123,144
3124,144
3125,144
3126,144
3127,144
3128,144
3129,144
3130,144
3131,144
3132,144
3133,144
3134,144
3135,144
3136,144
3137,144
3138,144
3139,144
3140,144
3141,144
3142,144
3143,144
3144,144
3145,144
3146,144
3147,144
3148,144
3149,144
3150,144
3151,144
3152,144
3153,144
3154,144
3155,144
3156,144
3157,144
3158,144
3159,144
3160,144
3161,144
3162,144
3163,144
3164,144
3165,144
3166,144
3167,144
3168,144
3169,144
3170,144
3171,144
3172,144
3173,144
3174,144
3175,144
3176,144
3177,144
3178,144
3179,144
3180,144
3181,144
3182,144
3183,144
3184,144
3185,144
3186,144
3187,144
3188,144
3189,144
3190,144
3191,144
3192,144
3193,144
3194,144
3195,144
3196,144
3197,144
3198,144
3199,144
3200,144
3201,144
3202,144
3203,144
3204,145
