0,0
1,1
2,2
3,3
4,4
5,5
6,6
7,7
8,8
9,8
10,9
11,10
12,10
13,11
14,12
15,12
16,13
17,14
18,15
19,15
20,16
21,17
22,17
23,17
24,18
25,19
26,20
27,21
28,21
29,21
30,22
31,23
32,24
33,25
34,25
35,26
36,27
37,28
38,28
39,29
40,29
41,30
42,30
43,31
44,31
45,31
46,31
47,31
48,32
49,33
50,33
51,34
52,35
53,35
54,35
55,36
56,37
57,38
58,39
59,40
60,40
61,40
62,41
63,42
64,42
65,42
66,42
67,42
68,43
69,43
70,43
71,43
72,43
73,43
74,43
75,43
76,44
77,45
78,46
79,47
80,47
81,48
82,49
83,50
84,50
85,51
86,51
87,52
88,53
89,54
90,55
91,56
92,56
93,57
94,57
95,57
96,57
97,57
98,58
99,58
100,58
101,59
102,59
103,60
104,61
105,61
106,61
107,61
108,61
109,61
110,62
111,63
112,63
113,64
114,64
115,64
116,65
117,65
118,65
119,65
120,65
121,65
122,65
123,65
124,65
125,66
126,67
127,67
128,67
129,68
130,68
131,68
132,68
133,68
134,68
135,69
136,70
137,71
138,72
139,72
140,72
141,73
142,73
143,73
144,74
145,74
146,74
147,75
148,75
149,75
150,75
151,76
152,76
153,76
154,77
155,77
156,77
157,77
158,77
159,78
160,79
161,79
162,79
163,79
164,79
165,79
166,79
167,80
168,80
169,80
170,80
171,80
172,80
173,80
174,80
175,80
176,80
177,81
178,81
179,81
180,81
181,81
182,81
183,81
184,81
185,82
186,82
187,82
188,82
189,82
190,82
191,82
192,82
193,82
194,82
195,82
196,82
197,82
198,82
199,82
200,82
201,82
202,82
203,83
204,83
205,83
206,83
207,83
208,83
209,83
210,83
211,83
212,83
213,83
214,83
215,83
216,83
217,83
218,83
219,83
220,83
221,83
222,83
223,83
224,83
225,83
226,83
227,83
228,83
229,83
230,83
231,83
232,83
233,83
234,84
235,84
236,84
237,84
238,84
239,85
240,85
241,85
242,85
243,86
244,86
245,86
246,86
247,86
248,87
249,87
250,87
251,87
252,87
253,87
254,87
255,87
256,87
257,88
258,88
259,88
260,88
261,88
262,89
263,89
264,89
265,89
266,90
267,90
268,90
269,90
270,90
271,90
272,90
273,90
274,90
275,90
276,90
277,90
278,90
279,91
280,92
281,92
282,92
283,92
284,92
285,92
286,92
287,92
288,92
289,92
290,93
291,93
292,94
293,94
294,95
295,95
296,95
297,95
298,95
299,95
300,95
301,95
302,95
303,95
304,96
305,96
306,96
307,96
308,96
309,96
310,96
311,96
312,96
313,96
314,96
315,96
316,96
317,96
318,96
319,96
320,96
321,96
322,96
323,96
324,96
325,96
326,96
327,96
328,96
329,96
330,96
331,96
332,96
333,96
334,96
335,96
336,96
337,96
338,96
339,96
340,97
341,98
342,99
343,100
344,100
345,101
346,102
347,102
348,102
349,102
350,102
351,102
352,102
353,102
354,102
355,102
356,102
357,102
358,102
359,102
360,102
361,102
362,102
363,102
364,102
365,102
366,102
367,102
368,102
369,102
370,102
371,102
372,102
373,102
374,102
375,102
376,102
377,102
378,102
379,102
380,102
381,102
382,102
383,102
384,102
385,103
386,103
387,103
388,103
389,103
390,103
391,103
392,103
393,103
394,103
395,103
396,103
397,103
398,103
399,103
400,103
401,103
402,103
403,103
404,103
405,103
406,103
407,103
408,103
409,103
410,103
411,104
412,104
413,104
414,104
415,104
416,104
417,104
418,104
419,104
420,104
421,104
422,104
423,104
424,104
425,104
426,104
427,104
428,104
429,104
430,104
431,104
432,105
433,105
434,105
435,105
436,105
437,105
438,105
439,105
440,105
441,105
442,105
443,105
444,105
445,105
446,105
447,105
448,105
449,105
450,105
451,105
452,105
453,105
454,106
455,106
456,106
457,106
458,106
459,106
460,106
461,106
462,106
463,106
464,106
465,106
466,106
467,106
468,106
469,106
470,106
471,106
472,106
473,106
474,106
475,106
476,106
477,106
478,106
479,106
480,106
481,106
482,106
483,106
484,106
485,106
486,106
487,106
488,106
489,106
490,106
491,106
492,106
493,106
494,106
495,106
496,106
497,106
498,106
499,106
500,106
501,106
502,106
503,106
504,106
505,106
506,106
507,106
508,106
509,106
510,106
511,106
512,106
513,106
514,106
515,106
516,106
517,106
518,106
519,106
520,106
521,106
522,106
523,106
524,106
525,106
526,106
527,106
528,106
529,106
530,106
531,106
532,106
533,106
534,106
535,106
536,106
537,106
538,106
539,106
540,107
541,108
542,109
543,109
544,110
545,110
546,110
547,110
548,110
549,110
550,110
551,110
552,110
553,110
554,110
555,110
556,110
557,110
558,110
559,110
560,110
561,110
562,110
563,110
564,110
565,110
566,110
567,110
568,110
569,110
570,110
571,110
572,110
573,110
574,110
575,110
576,110
577,110
578,110
579,110
580,110
581,110
582,110
583,110
584,110
585,110
586,110
587,110
588,110
589,110
590,110
591,110
592,110
593,110
594,110
595,110
596,110
597,110
598,110
599,110
600,110
601,110
602,110
603,110
604,110
605,110
606,110
607,110
608,110
609,110
610,110
611,110
612,110
613,110
614,110
615,110
616,110
617,110
618,111
619,111
620,111
621,111
622,111
623,111
624,111
625,111
626,111
627,111
628,111
629,111
630,111
631,111
632,111
633,111
634,111
635,111
636,111
637,111
638,111
639,111
640,111
641,112
642,112
643,113
644,113
645,113
646,113
647,114
648,114
649,114
650,114
651,114
652,114
653,114
654,114
655,114
656,114
657,114
658,114
659,114
660,114
661,114
662,114
663,114
664,114
665,114
666,114
667,114
668,114
669,114
670,114
671,114
672,114
673,114
674,114
675,114
676,114
677,114
678,114
679,114
680,114
681,114
682,114
683,114
684,114
685,114
686,114
687,114
688,114
689,114
690,114
691,114
692,114
693,114
694,114
695,114
696,114
697,114
698,114
699,114
700,115
701,116
702,116
703,116
704,116
705,116
706,116
707,116
708,116
709,116
710,116
711,116
712,116
713,116
714,116
715,116
716,116
717,116
718,116
719,117
720,117
721,117
722,117
723,117
724,117
725,117
726,117
727,117
728,117
729,117
730,117
731,117
732,117
733,117
734,117
735,117
736,117
737,117
738,118
739,118
740,118
741,118
742,119
743,119
744,119
745,119
746,119
747,119
748,119
749,119
750,119
751,119
752,119
753,119
754,119
755,119
756,119
757,119
758,119
759,119
760,119
761,119
762,119
763,119
764,119
765,119
766,119
767,119
768,119
769,119
770,119
771,119
772,119
773,119
774,119
775,119
776,119
777,119
778,119
779,119
780,119
781,119
782,119
783,119
784,119
785,119
786,119
787,119
788,119
789,119
790,119
791,119
792,119
793,119
794,119
795,119
796,119
797,119
798,119
799,119
800,119
801,119
802,120
803,120
804,120
805,120
806,120
807,120
808,120
809,120
810,120
811,120
812,120
813,120
814,120
815,120
816,120
817,120
818,121
819,121
820,121
821,121
822,121
823,121
824,121
825,121
826,121
827,121
828,121
829,121
830,121
831,121
832,121
833,121
834,121
835,121
836,121
837,121
838,121
839,121
840,121
841,121
842,121
843,121
844,121
845,121
846,121
847,121
848,121
849,121
850,121
851,121
852,121
853,121
854,121
855,121
856,121
857,121
858,121
859,121
860,121
861,121
862,121
863,121
864,121
865,121
866,121
867,121
868,121
869,121
870,121
871,121
872,121
873,121
874,121
875,121
876,121
877,121
878,121
879,121
880,121
881,121
882,121
883,121
884,121
885,121
886,121
887,121
888,121
889,121
890,121
891,121
892,121
893,121
894,121
895,121
896,121
897,122
898,122
899,122
900,122
901,122
902,122
903,122
904,122
905,122
906,122
907,122
908,122
909,122
910,122
911,122
912,122
913,122
914,122
915,122
916,122
917,122
918,123
919,123
920,123
921,123
922,123
923,123
924,123
925,123
926,123
927,123
928,123
929,123
930,123
931,123
932,123
933,123
934,123
935,123
936,123
937,123
938,123
939,123
940,123
941,123
942,123
943,123
944,123
945,123
946,123
947,123
948,123
949,123
950,123
951,123
952,123
953,123
954,123
955,123
956,123
957,123
958,123
959,123
960,123
961,123
962,123
963,123
964,123
965,123
966,123
967,123
968,123
969,123
970,123
971,123
972,123
973,123
974,123
975,123
976,123
977,123
978,123
979,123
980,123
981,123
982,123
983,123
984,123
985,123
986,123
987,123
988,123
989,123
990,123
991,123
992,123
993,123
994,123
995,123
996,123
997,123
998,123
999,123
1000,123
1001,123
1002,123
1003,123
1004,123
1005,123
1006,123
1007,123
1008,123
1009,123
1010,123
1011,123
1012,123
1013,123
1014,123
1015,123
1016,123
1017,123
1018,123
1019,123
1020,123
1021,123
1022,123
1023,123
1024,123
1025,123
1026,123
1027,123
1028,123
1029,123
1030,123
1031,123
1032,123
1033,123
1034,123
1035,123
1036,123
1037,123
1038,123
1039,123
1040,123
1041,123
1042,123
1043,123
1044,123
1045,123
1046,123
1047,123
1048,123
1049,123
1050,123
1051,123
1052,123
1053,123
1054,124
1055,125
1056,125
1057,126
1058,126
1059,127
1060,127
1061,127
1062,127
1063,127
1064,127
1065,127
1066,127
1067,127
1068,127
1069,128
1070,129
1071,129
1072,129
1073,129
1074,129
1075,129
1076,129
1077,129
1078,129
1079,129
1080,129
1081,129
1082,129
1083,129
1084,129
1085,129
1086,129
1087,129
1088,129
1089,129
1090,129
1091,129
1092,129
1093,129
1094,129
1095,129
1096,129
1097,129
1098,129
1099,129
1100,129
1101,129
1102,129
1103,129
1104,129
1105,129
1106,129
1107,129
1108,129
1109,129
1110,129
1111,129
1112,129
1113,129
1114,129
1115,129
1116,129
1117,129
1118,129
1119,129
1120,129
1121,129
1122,129
1123,129
1124,129
1125,129
1126,129
1127,129
1128,129
1129,129
1130,129
1131,129
1132,129
1133,129
1134,129
1135,129
1136,129
1137,129
1138,129
1139,129
1140,129
1141,129
1142,129
1143,129
1144,129
1145,129
1146,129
1147,129
1148,129
1149,129
1150,129
1151,129
1152,129
1153,129
1154,129
1155,129
1156,129
1157,129
1158,129
1159,129
1160,129
1161,129
1162,129
1163,129
1164,129
1165,129
1166,129
1167,129
1168,129
1169,129
1170,129
1171,130
1172,130
1173,130
1174,130
1175,130
1176,130
1177,130
1178,130
1179,130
1180,130
1181,130
1182,130
1183,130
1184,130
1185,130
1186,130
1187,130
1188,130
1189,130
1190,130
1191,130
1192,130
1193,130
1194,130
1195,131
1196,132
1197,132
1198,132
1199,132
1200,132
1201,132
1202,132
1203,132
1204,132
1205,132
1206,132
1207,132
1208,132
1209,132
1210,132
1211,132
1212,132
1213,132
1214,132
1215,132
1216,132
1217,132
1218,132
1219,132
1220,132
1221,132
1222,132
1223,132
1224,132
1225,132
1226,132
1227,132
1228,132
1229,132
1230,132
1231,132
1232,132
1233,132
1234,132
1235,132
1236,132
1237,132
1238,132
1239,132
1240,132
1241,132
1242,132
1243,132
1244,132
1245,132
1246,132
1247,132
1248,132
1249,132
1250,132
1251,132
1252,132
1253,132
1254,132
1255,133
1256,133
1257,133
1258,133
1259,133
1260,133
1261,133
1262,133
1263,133
1264,133
1265,133
1266,133
1267,133
1268,133
1269,133
1270,133
1271,133
1272,133
1273,133
1274,133
1275,133
1276,133
1277,133
1278,133
1279,133
1280,133
1281,133
1282,133
1283,133
1284,133
1285,133
1286,133
1287,133
1288,133
1289,133
1290,133
1291,133
1292,133
1293,133
1294,133
1295,133
1296,133
1297,133
1298,133
1299,133
1300,133
1301,133
1302,133
1303,133
1304,133
1305,133
1306,133
1307,133
1308,133
1309,133
1310,133
1311,133
1312,133
1313,133
1314,133
1315,133
1316,133
1317,133
1318,133
1319,133
1320,133
1321,133
1322,133
1323,133
1324,133
1325,133
1326,133
1327,133
1328,133
1329,133
1330,133
1331,133
1332,133
1333,133
1334,133
1335,133
1336,133
1337,133
1338,133
1339,133
1340,133
1341,133
1342,133
1343,133
1344,133
1345,133
1346,133
1347,133
1348,133
1349,133
1350,133
1351,133
1352,133
1353,133
1354,133
1355,133
1356,133
1357,133
1358,133
1359,133
1360,133
1361,133
1362,133
1363,133
1364,133
1365,133
1366,133
1367,133
1368,133
1369,133
1370,133
1371,133
1372,133
1373,133
1374,133
1375,133
1376,133
1377,133
1378,133
1379,133
1380,133
1381,133
1382,133
1383,133
1384,133
1385,133
1386,133
1387,133
1388,133
1389,133
1390,133
1391,133
1392,133
1393,133
1394,133
1395,133
1396,133
1397,133
1398,133
1399,133
1400,133
1401,133
1402,133
1403,133
1404,133
1405,133
1406,133
1407,133
1408,133
1409,133
1410,133
1411,133
1412,133
1413,133
1414,133
1415,133
1416,133
1417,133
1418,133
1419,133
1420,133
1421,133
1422,133
1423,133
1424,133
1425,133
1426,133
1427,133
1428,133
1429,133
1430,133
1431,133
1432,133
1433,133
1434,133
1435,133
1436,133
1437,133
1438,133
1439,133
1440,133
1441,133
1442,133
1443,133
1444,133
1445,133
1446,133
1447,133
1448,133
1449,133
1450,133
1451,133
1452,133
1453,133
1454,133
1455,133
1456,133
1457,133
1458,133
1459,133
1460,133
1461,133
1462,133
1463,133
1464,133
1465,133
1466,133
1467,133
1468,134
1469,134
1470,134
1471,134
1472,134
1473,134
1474,134
1475,134
1476,134
1477,134
1478,134
1479,134
1480,134
1481,134
1482,134
1483,134
1484,134
1485,134
1486,134
1487,134
1488,134
1489,134
1490,134
1491,134
1492,134
1493,134
1494,134
1495,134
1496,134
1497,134
1498,134
1499,134
1500,134
1501,134
1502,134
1503,134
1504,134
1505,134
1506,134
1507,134
1508,134
1509,134
1510,134
1511,134
1512,134
1513,134
1514,134
1515,134
1516,134
1517,134
1518,134
1519,134
1520,134
1521,134
1522,134
1523,134
1524,134
1525,134
1526,134
1527,134
1528,134
1529,134
1530,134
1531,134
1532,134
1533,134
1534,134
1535,134
1536,134
1537,134
1538,134
1539,134
1540,134
1541,134
1542,134
1543,134
1544,134
1545,134
1546,134
1547,134
1548,134
1549,134
1550,134
1551,134
1552,134
1553,134
1554,134
1555,134
1556,134
1557,134
1558,134
1559,134
1560,134
1561,134
1562,134
1563,134
1564,134
1565,134
1566,134
1567,134
1568,134
1569,134
1570,134
1571,134
1572,134
1573,134
1574,134
1575,134
1576,134
1577,134
1578,134
1579,134
1580,134
1581,134
1582,134
1583,134
1584,134
1585,134
1586,134
1587,134
1588,134
1589,134
1590,134
1591,134
1592,134
1593,134
1594,134
1595,134
1596,134
1597,134
1598,134
1599,134
1600,134
1601,134
1602,134
1603,134
1604,134
1605,134
1606,134
1607,134
1608,134
1609,134
1610,134
1611,134
1612,134
1613,134
1614,134
1615,134
1616,134
1617,134
1618,134
1619,134
1620,134
1621,134
1622,134
1623,134
1624,134
1625,134
1626,134
1627,134
1628,134
1629,134
1630,134
1631,134
1632,134
1633,134
1634,134
1635,134
1636,134
1637,134
1638,134
1639,134
1640,134
1641,134
1642,134
1643,134
1644,134
1645,134
1646,134
1647,134
1648,134
1649,134
1650,134
1651,134
1652,134
1653,134
1654,134
1655,134
1656,134
1657,134
1658,134
1659,134
1660,134
1661,134
1662,134
1663,134
1664,134
1665,134
1666,134
1667,134
1668,134
1669,134
1670,134
1671,134
1672,134
1673,134
1674,134
1675,134
1676,134
1677,134
1678,134
1679,134
1680,134
1681,134
1682,134
1683,134
1684,134
1685,134
1686,134
1687,134
1688,134
1689,134
1690,134
1691,134
1692,134
1693,134
1694,134
1695,134
1696,134
1697,134
1698,134
1699,134
1700,134
1701,134
1702,134
1703,134
1704,134
1705,134
1706,134
1707,134
1708,134
1709,134
1710,134
1711,134
1712,134
1713,134
1714,134
1715,134
1716,134
1717,134
1718,134
1719,134
1720,134
1721,134
1722,134
1723,134
1724,134
1725,134
1726,134
1727,134
1728,134
1729,134
1730,134
1731,134
1732,134
1733,134
1734,134
1735,134
1736,134
1737,134
1738,134
1739,134
1740,134
1741,134
1742,134
1743,134
1744,134
1745,134
1746,134
1747,134
1748,134
1749,134
1750,134
1751,134
1752,134
1753,134
1754,134
1755,134
1756,134
1757,134
1758,134
1759,134
1760,134
1761,134
1762,134
1763,134
1764,134
1765,134
1766,134
1767,134
1768,134
1769,134
1770,134
1771,134
1772,134
1773,134
1774,134
1775,134
1776,134
1777,134
1778,134
1779,134
1780,134
1781,134
1782,134
1783,134
1784,134
1785,134
1786,134
1787,134
1788,134
1789,134
1790,134
1791,134
1792,134
1793,134
1794,134
1795,134
1796,134
1797,134
1798,134
1799,134
1800,134
1801,134
1802,134
1803,134
1804,134
1805,134
1806,134
1807,134
1808,134
1809,134
1810,134
1811,134
1812,134
1813,134
1814,134
1815,134
1816,134
1817,134
1818,134
1819,134
1820,134
1821,134
1822,134
1823,134
1824,134
1825,134
1826,134
1827,134
1828,134
1829,134
1830,134
1831,134
1832,134
1833,134
1834,134
1835,134
1836,134
1837,134
1838,134
1839,134
1840,134
1841,134
1842,134
1843,134
1844,134
1845,134
1846,134
1847,134
1848,134
1849,134
1850,134
1851,134
1852,134
1853,134
1854,134
1855,134
1856,134
1857,134
1858,134
1859,134
1860,134
1861,134
1862,134
1863,134
1864,134
1865,134
1866,134
1867,134
1868,134
1869,134
1870,134
1871,134
1872,134
1873,134
1874,134
1875,134
1876,134
1877,134
1878,134
1879,134
1880,134
1881,134
1882,134
1883,134
1884,134
1885,134
1886,134
1887,134
1888,134
1889,134
1890,134
1891,134
1892,134
1893,134
1894,134
1895,134
1896,134
1897,134
1898,134
1899,134
1900,134
1901,134
1902,134
1903,134
1904,134
1905,134
1906,134
1907,134
1908,134
1909,134
1910,134
1911,134
1912,134
1913,134
1914,134
1915,134
1916,134
1917,134
1918,134
1919,134
1920,134
1921,134
1922,134
1923,134
1924,134
1925,134
1926,134
1927,134
1928,134
1929,134
1930,134
1931,134
1932,134
1933,134
1934,134
1935,134
1936,134
1937,134
1938,134
1939,134
1940,134
1941,134
1942,134
1943,134
1944,134
1945,135
1946,135
1947,135
1948,135
1949,135
1950,135
1951,135
1952,135
1953,135
1954,135
1955,135
1956,135
1957,135
1958,135
1959,135
1960,135
1961,135
1962,135
1963,135
1964,135
1965,135
1966,135
1967,135
1968,135
1969,135
1970,135
1971,135
1972,135
1973,135
1974,135
1975,135
1976,135
1977,135
1978,135
1979,135
1980,135
1981,135
1982,135
1983,135
1984,135
1985,135
1986,135
1987,135
1988,135
1989,135
1990,135
1991,135
1992,135
1993,135
1994,135
1995,135
1996,135
1997,135
1998,135
1999,135
2000,135
2001,135
2002,135
2003,135
2004,135
2005,135
2006,135
2007,135
2008,135
2009,135
2010,135
2011,135
2012,135
2013,135
2014,135
2015,135
2016,135
2017,135
2018,135
2019,135
2020,135
2021,135
2022,135
2023,135
2024,135
2025,135
2026,135
2027,135
2028,135
2029,135
2030,135
2031,135
2032,135
2033,135
2034,135
2035,135
2036,135
2037,135
2038,135
2039,135
2040,135
2041,135
2042,135
2043,135
2044,135
2045,135
2046,135
2047,135
2048,135
2049,135
2050,135
2051,135
2052,135
2053,135
2054,135
2055,135
2056,135
2057,135
2058,135
2059,135
2060,135
2061,135
2062,135
2063,135
2064,135
2065,135
2066,135
2067,135
2068,135
2069,135
2070,135
2071,135
2072,135
2073,135
2074,135
2075,135
2076,135
2077,135
2078,135
2079,135
2080,135
2081,135
2082,135
2083,135
2084,135
2085,135
2086,135
2087,135
2088,135
2089,135
2090,135
2091,135
2092,135
2093,135
2094,135
2095,135
2096,135
2097,135
2098,135
2099,135
2100,135
2101,135
2102,135
2103,135
2104,135
2105,135
2106,135
2107,135
2108,135
2109,135
2110,135
2111,135
2112,135
2113,135
2114,135
2115,135
2116,135
2117,135
2118,135
2119,135
2120,135
2121,135
2122,135
2123,135
2124,135
2125,135
2126,135
2127,135
2128,135
2129,135
2130,135
2131,135
2132,135
2133,135
2134,135
2135,135
2136,135
2137,135
2138,135
2139,135
2140,135
2141,135
2142,135
2143,135
2144,135
2145,135
2146,135
2147,135
2148,135
2149,135
2150,135
2151,135
2152,135
2153,135
2154,135
2155,135
2156,135
2157,135
2158,135
2159,135
2160,135
2161,135
2162,135
2163,135
2164,135
2165,135
2166,135
2167,135
2168,135
2169,135
2170,135
2171,135
2172,135
2173,135
2174,135
2175,135
2176,135
2177,135
2178,135
2179,135
2180,135
2181,135
2182,135
2183,135
2184,135
2185,135
2186,135
2187,135
2188,135
2189,135
2190,135
2191,135
2192,135
2193,135
2194,135
2195,135
2196,135
2197,135
2198,135
2199,135
2200,135
2201,135
2202,135
2203,135
2204,135
2205,135
2206,135
2207,135
2208,135
2209,135
2210,135
2211,135
2212,135
2213,135
2214,135
2215,135
2216,135
2217,135
2218,135
2219,135
2220,135
2221,135
2222,135
2223,135
2224,135
2225,135
2226,135
2227,135
2228,135
2229,135
2230,135
2231,135
2232,135
2233,135
2234,135
2235,135
2236,135
2237,135
2238,135
2239,135
2240,135
2241,135
2242,135
2243,135
2244,135
2245,135
2246,135
2247,135
2248,135
2249,135
2250,135
2251,135
2252,135
2253,135
2254,135
2255,135
2256,135
2257,135
2258,135
2259,135
2260,135
2261,135
2262,135
2263,135
2264,135
2265,135
2266,135
2267,135
2268,135
2269,135
2270,135
2271,135
2272,135
2273,135
2274,135
2275,135
2276,135
2277,135
2278,135
2279,135
2280,135
2281,135
2282,135
2283,135
2284,136
2285,137
2286,138
2287,139
2288,140
2289,140
2290,140
2291,141
2292,141
2293,141
2294,142
2295,142
2296,142
2297,142
2298,142
2299,142
2300,142
2301,142
2302,142
2303,142
2304,142
2305,142
2306,142
2307,142
2308,142
2309,142
2310,142
2311,142
2312,142
2313,142
2314,142
2315,142
2316,142
2317,142
2318,142
2319,142
2320,142
2321,142
2322,142
2323,142
2324,142
2325,142
2326,142
2327,142
2328,142
2329,142
2330,142
2331,142
2332,142
2333,142
2334,142
2335,142
2336,142
2337,142
2338,142
2339,142
2340,142
2341,142
2342,142
2343,142
2344,142
2345,142
2346,142
2347,142
2348,142
2349,142
2350,142
2351,142
2352,142
2353,142
2354,142
2355,142
2356,142
2357,142
2358,142
2359,142
2360,142
2361,142
2362,142
2363,142
2364,142
2365,142
2366,142
2367,142
2368,142
2369,142
2370,142
2371,142
2372,142
2373,142
2374,142
2375,142
2376,142
2377,142
2378,142
2379,142
2380,142
2381,142
2382,142
2383,142
2384,142
2385,142
2386,142
2387,142
2388,142
2389,142
2390,142
2391,142
2392,142
2393,142
2394,142
2395,142
2396,142
2397,142
2398,142
2399,142
2400,142
2401,142
2402,142
2403,142
2404,142
2405,142
2406,142
2407,142
2408,142
2409,142
2410,142
2411,142
2412,142
2413,142
2414,142
2415,142
2416,142
2417,142
2418,142
2419,142
2420,142
2421,142
2422,142
2423,142
2424,142
2425,142
2426,142
2427,142
2428,142
2429,142
2430,142
2431,142
2432,142
2433,142
2434,142
2435,142
2436,142
2437,142
2438,142
2439,142
2440,142
2441,142
2442,142
2443,142
2444,142
2445,142
2446,142
2447,143
2448,143
2449,144
2450,144
2451,144
2452,144
2453,144
2454,144
2455,144
2456,144
2457,144
2458,144
2459,144
2460,144
2461,144
2462,144
2463,144
2464,144
2465,144
2466,144
2467,144
2468,144
2469,144
2470,144
2471,144
2472,144
2473,144
2474,144
2475,144
2476,144
2477,144
2478,144
2479,144
2480,144
2481,144
2482,144
2483,144
2484,144
2485,144
2486,144
2487,144
2488,144
2489,144
2490,144
2491,144
2492,144
2493,144
2494,144
2495,144
2496,144
2497,144
2498,144
2499,144
2500,144
2501,144
2502,144
2503,144
2504,144
2505,144
2506,144
2507,144
2508,144
2509,144
2510,144
2511,144
2512,144
2513,144
2514,144
2515,144
2516,144
2517,144
2518,144
2519,144
2520,144
2521,144
2522,144
2523,144
2524,144
2525,144
2526,144
2527,144
2528,144
2529,144
2530,144
2531,144
2532,144
2533,144
2534,144
2535,144
2536,144
2537,144
2538,144
2539,144
2540,144
2541,144
2542,144
2543,144
2544,144
2545,144
2546,144
2547,144
2548,144
2549,144
2550,144
2551,144
2552,144
2553,144
2554,144
2555,144
2556,144
2557,144
2558,144
2559,144
2560,144
2561,144
2562,144
2563,144
2564,144
2565,144
2566,144
2567,144
2568,144
2569,144
2570,144
2571,144
2572,144
2573,144
2574,144
2575,144
2576,144
2577,144
2578,144
2579,144
2580,144
2581,144
2582,144
2583,144
2584,144
2585,144
2586,144
2587,144
2588,144
2589,144
2590,144
2591,144
2592,144
2593,144
2594,144
2595,144
2596,144
2597,144
2598,144
2599,144
2600,144
2601,144
2602,144
2603,144
2604,144
2605,144
2606,144
2607,144
2608,144
2609,144
2610,144
2611,144
2612,144
2613,144
2614,144
2615,144
2616,144
2617,144
2618,144
2619,144
2620,144
2621,144
2622,144
2623,144
2624,144
2625,144
2626,144
2627,144
2628,144
2629,144
2630,144
2631,144
2632,144
2633,144
2634,144
2635,144
2636,144
2637,144
2638,144
2639,144
2640,144
2641,144
2642,144
2643,144
2644,144
2645,144
2646,144
2647,144
2648,144
2649,144
2650,144
2651,144
2652,144
2653,144
2654,144
2655,144
2656,144
2657,144
2658,144
2659,144
2660,144
2661,144
2662,144
2663,144
2664,144
2665,144
2666,144
2667,144
2668,144
2669,144
2670,144
2671,144
2672,144
2673,144
2674,144
2675,144
2676,144
2677,144
2678,144
2679,144
2680,144
2681,144
2682,144
2683,144
2684,144
2685,144
2686,144
2687,144
2688,144
2689,144
2690,144
2691,144
2692,144
2693,144
2694,144
2695,144
2696,144
2697,144
2698,144
2699,144
2700,144
2701,144
2702,144
2703,144
2704,144
2705,144
2706,144
2707,144
2708,144
2709,144
2710,144
2711,144
2712,144
2713,144
2714,144
2715,144
2716,144
2717,144
2718,144
2719,144
2720,144
2721,144
2722,144
2723,144
2724,144
2725,144
2726,144
2727,144
2728,144
2729,144
2730,144
2731,144
2732,144
2733,144
2734,144
2735,144
2736,144
2737,144
2738,144
2739,144
2740,144
2741,144
2742,144
2743,144
2744,144
2745,144
2746,144
2747,144
2748,144
2749,144
2750,144
2751,144
2752,144
2753,144
2754,144
2755,144
2756,144
2757,144
2758,144
2759,144
2760,144
2761,144
2762,144
2763,144
2764,144
2765,144
2766,144
2767,144
2768,144
2769,144
2770,144
2771,144
2772,144
2773,144
2774,144
2775,144
2776,144
2777,144
2778,144
2779,144
2780,144
2781,144
2782,144
2783,144
2784,144
2785,144
2786,144
2787,144
2788,144
2789,144
2790,144
2791,144
2792,144
2793,144
2794,144
2795,144
2796,144
2797,144
2798,144
2799,144
2800,144
2801,144
2802,144
2803,144
2804,144
2805,144
2806,144
2807,144
2808,144
2809,144
2810,144
2811,144
2812,144
2813,144
2814,144
2815,144
2816,144
2817,144
2818,144
2819,144
2820,144
2821,144
2822,144
2823,144
2824,144
2825,144
2826,144
2827,144
2828,144
2829,144
2830,144
2831,144
2832,144
2833,144
2834,144
2835,144
2836,144
2837,144
2838,144
2839,144
2840,144
2841,144
2842,144
2843,144
2844,144
2845,144
2846,144
2847,144
2848,144
2849,144
2850,144
2851,144
2852,144
2853,144
2854,144
2855,144
2856,144
2857,144
2858,144
2859,144
2860,144
2861,144
2862,144
2863,144
2864,144
2865,144
2866,144
2867,144
2868,144
2869,144
2870,144
2871,144
2872,144
2873,144
2874,144
2875,144
2876,144
2877,144
2878,144
2879,144
2880,144
2881,144
2882,144
2883,144
2884,144
2885,144
2886,144
2887,144
2888,144
2889,144
2890,144
2891,144
2892,144
2893,144
2894,144
2895,144
2896,144
2897,144
2898,144
2899,144
2900,144
2901,144
2902,144
2903,144
2904,144
2905,144
2906,144
2907,144
2908,144
2909,144
2910,144
2911,144
2912,144
2913,144
2914,144
2915,144
2916,144
2917,144
2918,144
2919,144
2920,144
2921,144
2922,144
2923,144
2924,144
2925,144
2926,144
2927,144
2928,144
2929,144
2930,144
2931,144
2932,144
2933,144
2934,144
2935,144
2936,144
2937,144
2938,144
2939,144
2940,144
2941,144
2942,144
2943,144
2944,144
2945,144
2946,144
2947,144
2948,144
2949,144
2950,144
2951,144
2952,144
2953,144
2954,144
2955,144
2956,144
2957,144
2958,144
2959,144
2960,144
2961,144
2962,144
2963,144
2964,144
2965,144
2966,144
2967,144
2968,144
2969,144
2970,144
2971,144
2972,144
2973,144
2974,144
2975,144
2976,144
2977,144
2978,144
2979,144
2980,144
2981,144
2982,144
2983,144
2984,144
2985,144
2986,144
2987,144
2988,144
2989,144
2990,144
2991,144
2992,144
2993,144
2994,144
2995,144
2996,144
2997,144
2998,144
2999,144
3000,144
3001,144
3002,144
3003,144
3004,144
3005,144
3006,144
3007,144
3008,144
3009,144
3010,144
3011,144
3012,144
3013,144
3014,144
3015,144
3016,144
3017,144
3018,144
3019,144
3020,144
3021,144
3022,144
3023,144
3024,144
3025,144
3026,144
3027,144
3028,144
3029,144
3030,144
3031,144
3032,144
3033,144
3034,144
3035,144
3036,144
3037,144
3038,144
3039,144
3040,144
3041,144
3042,144
3043,144
3044,144
3045,144
3046,144
3047,144
3048,144
3049,144
3050,144
3051,144
3052,144
3053,145
