0,0
1,1
2,2
3,3
4,4
5,5
6,6
7,7
8,8
9,9
10,10
11,11
12,12
13,13
14,14
15,15
16,16
17,17
18,18
19,19
20,20
21,21
22,22
23,22
24,23
25,24
26,25
27,26
28,26
29,27
30,27
31,28
32,29
33,30
34,31
35,32
36,33
37,34
38,35
39,36
40,37
41,38
42,39
43,40
44,41
45,41
46,41
47,42
48,43
49,43
50,44
51,45
52,46
53,46
54,47
55,48
56,48
57,48
58,49
59,49
60,50
61,50
62,50
63,51
64,51
65,52
66,53
67,54
68,55
69,56
70,56
71,57
72,57
73,58
74,59
75,60
76,61
77,62
78,62
79,63
80,64
81,65
82,66
83,67
84,67
85,68
86,69
87,69
88,69
89,69
90,70
91,71
92,71
93,71
94,71
95,71
96,72
97,72
98,72
99,73
100,73
101,74
102,74
103,75
104,75
105,75
106,76
107,77
108,78
109,79
110,79
111,80
112,80
113,80
114,80
115,80
116,80
117,80
118,81
119,81
120,81
121,81
122,82
123,82
124,82
125,82
126,83
127,83
128,83
129,83
130,83
131,84
132,84
133,84
134,84
135,84
136,84
137,85
138,85
139,85
140,85
141,85
142,86
143,86
144,87
145,87
146,88
147,88
148,88
149,88
150,88
151,89
152,90
153,90
154,90
155,90
156,90
157,90
158,90
159,90
160,90
161,90
162,90
163,90
164,90
165,90
166,90
167,90
168,90
169,90
170,91
171,91
172,91
173,91
174,91
175,91
176,91
177,91
178,92
179,92
180,92
181,92
182,92
183,92
184,92
185,92
186,92
187,92
188,92
189,92
190,92
191,92
192,92
193,92
194,92
195,93
196,93
197,93
198,93
199,93
200,93
201,93
202,93
203,93
204,93
205,94
206,94
207,94
208,94
209,94
210,94
211,94
212,94
213,94
214,94
215,94
216,95
217,95
218,95
219,95
220,95
221,95
222,95
223,95
224,95
225,95
226,95
227,95
228,95
229,95
230,95
231,95
232,95
233,95
234,95
235,95
236,95
237,95
238,95
239,95
240,95
241,95
242,95
243,95
244,95
245,95
246,95
247,95
248,95
249,96
250,96
251,96
252,96
253,96
254,96
255,96
256,96
257,96
258,96
259,96
260,96
261,96
262,96
263,96
264,96
265,96
266,96
267,96
268,96
269,96
270,96
271,96
272,96
273,96
274,96
275,96
276,96
277,96
278,97
279,97
280,98
281,98
282,99
283,99
284,100
285,100
286,100
287,100
288,100
289,100
290,100
291,100
292,100
293,100
294,100
295,100
296,100
297,101
298,101
299,101
300,101
301,101
302,101
303,101
304,101
305,102
306,102
307,102
308,102
309,102
310,102
311,102
312,102
313,102
314,102
315,102
316,102
317,102
318,102
319,102
320,103
321,103
322,103
323,103
324,103
325,103
326,103
327,103
328,103
329,103
330,103
331,103
332,103
333,103
334,104
335,104
336,104
337,105
338,105
339,105
340,105
341,105
342,105
343,105
344,105
345,105
346,105
347,105
348,105
349,105
350,105
351,105
352,105
353,105
354,105
355,105
356,105
357,105
358,105
359,106
360,106
361,106
362,106
363,106
364,106
365,106
366,106
367,106
368,106
369,106
370,106
371,106
372,106
373,106
374,106
375,107
376,107
377,107
378,107
379,107
380,107
381,107
382,107
383,107
384,107
385,107
386,108
387,108
388,108
389,108
390,108
391,108
392,108
393,108
394,108
395,108
396,108
397,108
398,108
399,108
400,108
401,108
402,108
403,108
404,108
405,108
406,108
407,108
408,108
409,108
410,108
411,108
412,108
413,108
414,108
415,108
416,108
417,108
418,108
419,108
420,108
421,108
422,108
423,108
424,108
425,108
426,108
427,109
428,109
429,109
430,109
431,109
432,109
433,109
434,109
435,109
436,109
437,109
438,109
439,109
440,109
441,109
442,109
443,109
444,109
445,109
446,109
447,109
448,109
449,109
450,109
451,109
452,109
453,109
454,109
455,109
456,109
457,109
458,110
459,110
460,110
461,110
462,110
463,110
464,110
465,110
466,110
467,110
468,110
469,110
470,110
471,110
472,110
473,110
474,110
475,110
476,110
477,110
478,110
479,110
480,110
481,110
482,110
483,110
484,110
485,110
486,110
487,110
488,110
489,110
490,110
491,110
492,110
493,110
494,110
495,110
496,110
497,110
498,110
499,110
500,110
501,110
502,110
503,110
504,110
505,110
506,110
507,110
508,110
509,110
510,110
511,110
512,110
513,110
514,110
515,110
516,110
517,110
518,110
519,110
520,111
521,111
522,111
523,111
524,111
525,111
526,111
527,111
528,111
529,111
530,111
531,111
532,111
533,111
534,111
535,111
536,111
537,111
538,111
539,111
540,111
541,111
542,111
543,111
544,111
545,111
546,111
547,111
548,111
549,111
550,111
551,111
552,111
553,111
554,111
555,111
556,111
557,111
558,111
559,111
560,111
561,111
562,111
563,111
564,111
565,111
566,111
567,111
568,112
569,113
570,114
571,115
572,115
573,116
574,117
575,118
576,118
577,118
578,118
579,118
580,118
581,118
582,118
583,118
584,118
585,118
586,118
587,118
588,118
589,118
590,118
591,118
592,118
593,118
594,118
595,118
596,118
597,118
598,118
599,118
600,118
601,118
602,118
603,118
604,118
605,118
606,118
607,118
608,118
609,118
610,118
611,118
612,118
613,118
614,118
615,118
616,118
617,118
618,118
619,118
620,118
621,119
622,119
623,119
624,119
625,119
626,119
627,119
628,119
629,120
630,120
631,120
632,120
633,120
634,121
635,121
636,121
637,121
638,121
639,121
640,121
641,121
642,121
643,121
644,121
645,121
646,121
647,121
648,121
649,121
650,121
651,121
652,121
653,121
654,121
655,121
656,121
657,121
658,121
659,121
660,121
661,121
662,121
663,121
664,121
665,121
666,121
667,121
668,121
669,122
670,122
671,123
672,123
673,123
674,123
675,123
676,123
677,123
678,123
679,123
680,124
681,124
682,124
683,124
684,125
685,125
686,125
687,125
688,125
689,125
690,125
691,125
692,125
693,125
694,125
695,125
696,125
697,125
698,125
699,125
700,125
701,125
702,125
703,125
704,125
705,125
706,125
707,125
708,125
709,125
710,125
711,125
712,125
713,125
714,125
715,125
716,125
717,125
718,125
719,125
720,125
721,125
722,125
723,125
724,125
725,125
726,125
727,125
728,125
729,125
730,125
731,125
732,125
733,125
734,125
735,125
736,125
737,125
738,125
739,125
740,125
741,125
742,126
743,126
744,126
745,126
746,126
747,126
748,126
749,126
750,126
751,126
752,126
753,126
754,126
755,126
756,126
757,126
758,126
759,126
760,126
761,126
762,126
763,126
764,126
765,126
766,126
767,126
768,126
769,126
770,126
771,126
772,126
773,126
774,126
775,126
776,126
777,126
778,126
779,126
780,126
781,126
782,126
783,126
784,126
785,126
786,126
787,126
788,126
789,126
790,126
791,126
792,126
793,126
794,126
795,126
796,126
797,126
798,126
799,126
800,126
801,126
802,126
803,126
804,126
805,126
806,126
807,126
808,126
809,126
810,126
811,126
812,126
813,126
814,126
815,126
816,126
817,126
818,126
819,126
820,126
821,126
822,126
823,126
824,126
825,126
826,126
827,126
828,126
829,126
830,126
831,126
832,126
833,126
834,126
835,126
836,126
837,126
838,126
839,126
840,126
841,126
842,126
843,126
844,126
845,126
846,126
847,126
848,126
849,126
850,126
851,126
852,126
853,126
854,126
855,126
856,126
857,126
858,126
859,126
860,126
861,126
862,126
863,126
864,126
865,126
866,126
867,126
868,126
869,126
870,126
871,126
872,126
873,127
874,127
875,127
876,127
877,128
878,128
879,128
880,128
881,128
882,128
883,128
884,128
885,128
886,128
887,128
888,128
889,128
890,128
891,128
892,128
893,128
894,128
895,128
896,128
897,128
898,128
899,129
900,129
901,129
902,129
903,129
904,130
905,130
906,130
907,130
908,130
909,130
910,130
911,130
912,130
913,130
914,130
915,130
916,130
917,130
918,131
919,131
920,131
921,131
922,131
923,131
924,131
925,131
926,131
927,131
928,131
929,131
930,131
931,131
932,131
933,131
934,131
935,131
936,131
937,131
938,131
939,131
940,131
941,131
942,131
943,131
944,131
945,131
946,131
947,131
948,131
949,131
950,131
951,131
952,131
953,131
954,131
955,131
956,131
957,131
958,131
959,131
960,131
961,131
962,131
963,131
964,131
965,131
966,131
967,131
968,131
969,131
970,131
971,131
972,131
973,131
974,131
975,131
976,131
977,131
978,131
979,131
980,131
981,131
982,131
983,131
984,131
985,131
986,131
987,131
988,131
989,131
990,131
991,131
992,131
993,131
994,131
995,131
996,131
997,131
998,131
999,131
1000,131
1001,131
1002,131
1003,131
1004,131
1005,131
1006,131
1007,131
1008,131
1009,131
1010,131
1011,131
1012,131
1013,131
1014,131
1015,131
1016,131
1017,131
1018,131
1019,131
1020,131
1021,131
1022,131
1023,131
1024,131
1025,131
1026,131
1027,131
1028,131
1029,131
1030,131
1031,131
1032,131
1033,131
1034,131
1035,131
1036,131
1037,131
1038,131
1039,131
1040,131
1041,131
1042,131
1043,131
1044,131
1045,131
1046,131
1047,131
1048,131
1049,131
1050,131
1051,131
1052,131
1053,131
1054,131
1055,131
1056,131
1057,131
1058,131
1059,131
1060,131
1061,131
1062,131
1063,131
1064,131
1065,131
1066,131
1067,131
1068,131
1069,131
1070,131
1071,131
1072,131
1073,131
1074,131
1075,131
1076,131
1077,131
1078,131
1079,131
1080,131
1081,131
1082,131
1083,131
1084,131
1085,131
1086,131
1087,131
1088,131
1089,131
1090,131
1091,131
1092,131
1093,131
1094,131
1095,131
1096,131
1097,131
1098,131
1099,131
1100,131
1101,131
1102,131
1103,131
1104,131
1105,131
1106,131
1107,131
1108,131
1109,131
1110,131
1111,131
1112,131
1113,131
1114,131
1115,131
1116,131
1117,131
1118,131
1119,131
1120,131
1121,131
1122,131
1123,131
1124,131
1125,131
1126,131
1127,131
1128,131
1129,131
1130,131
1131,131
1132,131
1133,131
1134,131
1135,131
1136,131
1137,131
1138,131
1139,131
1140,131
1141,131
1142,131
1143,131
1144,131
1145,131
1146,131
1147,131
1148,131
1149,131
1150,131
1151,131
1152,131
1153,131
1154,131
1155,131
1156,131
1157,131
1158,131
1159,131
1160,131
1161,131
1162,131
1163,131
1164,132
1165,133
1166,134
1167,134
1168,135
1169,136
1170,136
1171,136
1172,137
1173,137
1174,137
1175,137
1176,137
1177,137
1178,137
1179,137
1180,137
1181,137
1182,137
1183,137
1184,137
1185,137
1186,137
1187,137
1188,137
1189,137
1190,137
1191,137
1192,137
1193,137
1194,137
1195,137
1196,137
1197,137
1198,137
1199,137
1200,137
1201,137
1202,137
1203,137
1204,137
1205,137
1206,137
1207,137
1208,137
1209,137
1210,137
1211,137
1212,137
1213,137
1214,137
1215,137
1216,137
1217,137
1218,137
1219,137
1220,137
1221,137
1222,137
1223,137
1224,137
1225,137
1226,137
1227,137
1228,137
1229,137
1230,137
1231,137
1232,137
1233,137
1234,137
1235,137
1236,137
1237,137
1238,137
1239,137
1240,137
1241,137
1242,137
1243,137
1244,137
1245,137
1246,137
1247,137
1248,137
1249,137
1250,137
1251,137
1252,137
1253,137
1254,137
1255,137
1256,137
1257,137
1258,137
1259,137
1260,137
1261,137
1262,137
1263,137
1264,137
1265,137
1266,137
1267,137
1268,137
1269,137
1270,137
1271,137
1272,137
1273,137
1274,137
1275,137
1276,137
1277,137
1278,137
1279,137
1280,137
1281,137
1282,137
1283,137
1284,137
1285,137
1286,137
1287,137
1288,137
1289,137
1290,137
1291,137
1292,137
1293,137
1294,137
1295,137
1296,137
1297,137
1298,137
1299,137
1300,137
1301,137
1302,137
1303,137
1304,137
1305,137
1306,137
1307,137
1308,137
1309,137
1310,137
1311,137
1312,137
1313,137
1314,137
1315,137
1316,137
1317,137
1318,137
1319,137
1320,137
1321,137
1322,137
1323,137
1324,137
1325,137
1326,137
1327,137
1328,137
1329,137
1330,137
1331,137
1332,137
1333,137
1334,137
1335,137
1336,137
1337,137
1338,137
1339,137
1340,137
1341,137
1342,137
1343,137
1344,137
1345,137
1346,137
1347,137
1348,137
1349,137
1350,137
1351,137
1352,137
1353,137
1354,137
1355,137
1356,137
1357,137
1358,137
1359,137
1360,137
1361,137
1362,137
1363,137
1364,137
1365,137
1366,137
1367,137
1368,137
1369,137
1370,137
1371,137
1372,137
1373,137
1374,137
1375,137
1376,137
1377,137
1378,137
1379,137
1380,137
1381,137
1382,137
1383,137
1384,137
1385,137
1386,137
1387,137
1388,137
1389,137
1390,137
1391,137
1392,137
1393,137
1394,137
1395,137
1396,137
1397,137
1398,137
1399,137
1400,137
1401,137
1402,137
1403,137
1404,137
1405,137
1406,137
1407,137
1408,137
1409,137
1410,137
1411,137
1412,137
1413,137
1414,137
1415,137
1416,137
1417,137
1418,137
1419,137
1420,137
1421,137
1422,137
1423,137
1424,137
1425,137
1426,137
1427,137
1428,137
1429,137
1430,137
1431,137
1432,137
1433,137
1434,137
1435,137
1436,137
1437,137
1438,137
1439,137
1440,137
1441,137
1442,137
1443,137
1444,137
1445,137
1446,137
1447,137
1448,137
1449,137
1450,137
1451,137
1452,137
1453,137
1454,137
1455,137
1456,137
1457,137
1458,137
1459,137
1460,137
1461,137
1462,137
1463,137
1464,137
1465,137
1466,137
1467,137
1468,137
1469,137
1470,137
1471,137
1472,137
1473,137
1474,137
1475,137
1476,137
1477,137
1478,137
1479,137
1480,137
1481,137
1482,137
1483,137
1484,138
1485,138
1486,138
1487,138
1488,138
1489,138
1490,138
1491,138
1492,138
1493,138
1494,138
1495,138
1496,138
1497,138
1498,138
1499,138
1500,138
1501,138
1502,138
1503,138
1504,138
1505,138
1506,138
1507,138
1508,138
1509,138
1510,138
1511,138
1512,138
1513,138
1514,138
1515,138
1516,138
1517,138
1518,138
1519,138
1520,138
1521,138
1522,138
1523,138
1524,138
1525,138
1526,138
1527,138
1528,138
1529,138
1530,138
1531,138
1532,138
1533,138
1534,138
1535,138
1536,138
1537,138
1538,138
1539,138
1540,138
1541,138
1542,138
1543,138
1544,138
1545,138
1546,138
1547,138
1548,138
1549,138
1550,138
1551,138
1552,138
1553,138
1554,138
1555,138
1556,138
1557,138
1558,138
1559,138
1560,138
1561,138
1562,138
1563,138
1564,138
1565,138
1566,138
1567,138
1568,138
1569,138
1570,138
1571,138
1572,138
1573,138
1574,138
1575,138
1576,138
1577,138
1578,138
1579,138
1580,138
1581,138
1582,138
1583,138
1584,138
1585,138
1586,138
1587,138
1588,138
1589,138
1590,138
1591,138
1592,138
1593,138
1594,138
1595,138
1596,138
1597,138
1598,138
1599,138
1600,138
1601,138
1602,138
1603,138
1604,138
1605,138
1606,138
1607,138
1608,138
1609,138
1610,138
1611,138
1612,138
1613,138
1614,138
1615,138
1616,138
1617,138
1618,138
1619,138
1620,138
1621,138
1622,138
1623,138
1624,138
1625,138
1626,138
1627,138
1628,138
1629,138
1630,138
1631,138
1632,138
1633,138
1634,138
1635,138
1636,138
1637,138
1638,138
1639,138
1640,138
1641,138
1642,138
1643,138
1644,138
1645,138
1646,138
1647,138
1648,138
1649,138
1650,138
1651,138
1652,138
1653,138
1654,138
1655,138
1656,138
1657,138
1658,138
1659,138
1660,138
1661,138
1662,138
1663,138
1664,138
1665,138
1666,138
1667,138
1668,138
1669,138
1670,138
1671,138
1672,138
1673,138
1674,138
1675,138
1676,138
1677,138
1678,138
1679,138
1680,138
1681,138
1682,138
1683,138
1684,138
1685,138
1686,138
1687,138
1688,138
1689,138
1690,138
1691,138
1692,138
1693,138
1694,138
1695,138
1696,138
1697,138
1698,138
1699,138
1700,138
1701,138
1702,138
1703,138
1704,138
1705,138
1706,138
1707,138
1708,138
1709,138
1710,138
1711,138
1712,138
1713,138
1714,138
1715,138
1716,138
1717,138
1718,138
1719,138
1720,138
1721,138
1722,138
1723,138
1724,138
1725,138
1726,138
1727,138
1728,138
1729,138
1730,138
1731,138
1732,138
1733,138
1734,138
1735,138
1736,138
1737,138
1738,138
1739,138
1740,138
1741,138
1742,138
1743,138
1744,138
1745,138
1746,138
1747,138
1748,138
1749,138
1750,138
1751,138
1752,138
1753,138
1754,138
1755,138
1756,138
1757,138
1758,138
1759,138
1760,138
1761,138
1762,138
1763,138
1764,138
1765,138
1766,138
1767,138
1768,138
1769,138
1770,138
1771,138
1772,138
1773,138
1774,138
1775,138
1776,138
1777,138
1778,138
1779,138
1780,138
1781,138
1782,138
1783,138
1784,138
1785,138
1786,138
1787,138
1788,138
1789,138
1790,138
1791,138
1792,138
1793,138
1794,138
1795,138
1796,138
1797,138
1798,138
1799,138
1800,138
1801,138
1802,138
1803,138
1804,138
1805,138
1806,138
1807,138
1808,138
1809,138
1810,138
1811,138
1812,138
1813,138
1814,138
1815,138
1816,138
1817,138
1818,138
1819,138
1820,138
1821,138
1822,138
1823,138
1824,138
1825,138
1826,138
1827,138
1828,138
1829,138
1830,138
1831,138
1832,138
1833,138
1834,138
1835,138
1836,138
1837,138
1838,138
1839,138
1840,138
1841,138
1842,138
1843,138
1844,138
1845,138
1846,138
1847,138
1848,138
1849,138
1850,138
1851,138
1852,138
1853,138
1854,138
1855,138
1856,138
1857,138
1858,138
1859,138
1860,138
1861,138
1862,138
1863,138
1864,138
1865,138
1866,138
1867,138
1868,138
1869,138
1870,138
1871,138
1872,138
1873,138
1874,138
1875,138
1876,138
1877,138
1878,138
1879,138
1880,138
1881,138
1882,138
1883,138
1884,138
1885,138
1886,138
1887,138
1888,138
1889,138
1890,138
1891,138
1892,138
1893,138
1894,138
1895,138
1896,138
1897,138
1898,138
1899,138
1900,138
1901,138
1902,138
1903,138
1904,138
1905,138
1906,138
1907,138
1908,138
1909,138
1910,138
1911,138
1912,138
1913,138
1914,138
1915,138
1916,138
1917,138
1918,138
1919,138
1920,138
1921,138
1922,138
1923,138
1924,138
1925,138
1926,138
1927,138
1928,138
1929,138
1930,138
1931,138
1932,138
1933,138
1934,138
1935,138
1936,138
1937,138
1938,138
1939,138
1940,138
1941,138
1942,138
1943,138
1944,138
1945,138
1946,138
1947,138
1948,138
1949,138
1950,138
1951,138
1952,138
1953,138
1954,138
1955,138
1956,138
1957,138
1958,138
1959,139
1960,139
1961,139
1962,139
1963,139
1964,139
1965,139
1966,139
1967,139
1968,139
1969,139
1970,139
1971,139
1972,139
1973,139
1974,139
1975,139
1976,139
1977,139
1978,139
1979,139
1980,139
1981,139
1982,139
1983,139
1984,139
1985,139
1986,139
1987,139
1988,139
1989,139
1990,139
1991,139
1992,139
1993,139
1994,139
1995,139
1996,139
1997,139
1998,139
1999,139
2000,139
2001,139
2002,139
2003,139
2004,139
2005,139
2006,139
2007,139
2008,139
2009,139
2010,139
2011,139
2012,139
2013,139
2014,139
2015,139
2016,139
2017,139
2018,139
2019,139
2020,139
2021,139
2022,139
2023,139
2024,139
2025,139
2026,139
2027,139
2028,139
2029,139
2030,139
2031,139
2032,139
2033,139
2034,139
2035,139
2036,139
2037,139
2038,139
2039,139
2040,139
2041,139
2042,139
2043,139
2044,139
2045,139
2046,139
2047,139
2048,139
2049,139
2050,139
2051,139
2052,139
2053,139
2054,139
2055,139
2056,139
2057,139
2058,139
2059,139
2060,139
2061,139
2062,139
2063,139
2064,139
2065,139
2066,139
2067,139
2068,139
2069,139
2070,139
2071,139
2072,139
2073,139
2074,139
2075,139
2076,139
2077,139
2078,139
2079,139
2080,139
2081,139
2082,139
2083,139
2084,139
2085,139
2086,139
2087,139
2088,139
2089,139
2090,139
2091,139
2092,139
2093,139
2094,139
2095,139
2096,139
2097,139
2098,139
2099,139
2100,139
2101,139
2102,139
2103,139
2104,139
2105,139
2106,139
2107,139
2108,139
2109,139
2110,139
2111,139
2112,139
2113,139
2114,139
2115,139
2116,139
2117,139
2118,139
2119,139
2120,139
2121,139
2122,139
2123,139
2124,139
2125,139
2126,139
2127,139
2128,139
2129,139
2130,139
2131,139
2132,139
2133,139
2134,139
2135,139
2136,139
2137,139
2138,139
2139,139
2140,139
2141,139
2142,139
2143,139
2144,139
2145,139
2146,139
2147,139
2148,139
2149,139
2150,139
2151,139
2152,139
2153,139
2154,139
2155,139
2156,139
2157,139
2158,139
2159,139
2160,139
2161,139
2162,139
2163,139
2164,139
2165,139
2166,139
2167,139
2168,139
2169,139
2170,139
2171,139
2172,139
2173,139
2174,139
2175,139
2176,139
2177,139
2178,139
2179,139
2180,139
2181,139
2182,139
2183,139
2184,139
2185,139
2186,139
2187,139
2188,139
2189,139
2190,139
2191,139
2192,139
2193,139
2194,139
2195,139
2196,139
2197,139
2198,139
2199,139
2200,139
2201,139
2202,139
2203,139
2204,139
2205,139
2206,139
2207,139
2208,139
2209,139
2210,139
2211,139
2212,139
2213,139
2214,139
2215,139
2216,139
2217,139
2218,139
2219,139
2220,139
2221,139
2222,139
2223,139
2224,139
2225,139
2226,139
2227,139
2228,139
2229,139
2230,139
2231,139
2232,139
2233,139
2234,139
2235,139
2236,139
2237,139
2238,139
2239,139
2240,139
2241,139
2242,139
2243,139
2244,139
2245,139
2246,139
2247,139
2248,139
2249,139
2250,139
2251,139
2252,139
2253,139
2254,139
2255,139
2256,139
2257,139
2258,139
2259,139
2260,139
2261,139
2262,139
2263,139
2264,139
2265,139
2266,139
2267,139
2268,139
2269,139
2270,139
2271,139
2272,139
2273,139
2274,140
2275,140
2276,140
2277,140
2278,140
2279,140
2280,140
2281,140
2282,140
2283,140
2284,140
2285,140
2286,140
2287,140
2288,140
2289,140
2290,140
2291,140
2292,140
2293,140
2294,140
2295,140
2296,140
2297,140
2298,140
2299,140
2300,140
2301,140
2302,140
2303,140
2304,140
2305,140
2306,140
2307,140
2308,140
2309,140
2310,140
2311,140
2312,140
2313,140
2314,140
2315,140
2316,140
2317,140
2318,140
2319,140
2320,140
2321,140
2322,140
2323,140
2324,140
2325,140
2326,140
2327,140
2328,140
2329,140
2330,140
2331,140
2332,140
2333,140
2334,140
2335,140
2336,140
2337,140
2338,140
2339,140
2340,140
2341,140
2342,140
2343,140
2344,140
2345,140
2346,140
2347,140
2348,140
2349,140
2350,140
2351,140
2352,140
2353,140
2354,140
2355,140
2356,140
2357,140
2358,140
2359,140
2360,140
2361,140
2362,140
2363,140
2364,140
2365,140
2366,140
2367,140
2368,140
2369,140
2370,140
2371,140
2372,140
2373,140
2374,140
2375,140
2376,140
2377,140
2378,140
2379,140
2380,140
2381,140
2382,140
2383,140
2384,140
2385,140
2386,140
2387,140
2388,140
2389,140
2390,141
2391,142
2392,142
2393,142
2394,142
2395,143
2396,143
2397,144
2398,144
2399,144
2400,144
2401,144
2402,144
2403,144
2404,144
2405,144
2406,144
2407,144
2408,144
2409,144
2410,144
2411,144
2412,144
2413,144
2414,144
2415,144
2416,144
2417,144
2418,144
2419,144
2420,144
2421,144
2422,144
2423,144
2424,144
2425,144
2426,144
2427,144
2428,144
2429,144
2430,144
2431,144
2432,144
2433,144
2434,144
2435,144
2436,144
2437,144
2438,144
2439,144
2440,144
2441,144
2442,144
2443,144
2444,144
2445,144
2446,144
2447,144
2448,144
2449,144
2450,144
2451,144
2452,144
2453,144
2454,144
2455,144
2456,144
2457,144
2458,144
2459,144
2460,144
2461,144
2462,144
2463,144
2464,144
2465,144
2466,144
2467,144
2468,144
2469,144
2470,144
2471,144
2472,144
2473,144
2474,144
2475,144
2476,144
2477,144
2478,144
2479,144
2480,144
2481,144
2482,144
2483,144
2484,144
2485,144
2486,144
2487,144
2488,144
2489,144
2490,144
2491,144
2492,144
2493,144
2494,144
2495,144
2496,144
2497,144
2498,144
2499,144
2500,144
2501,144
2502,144
2503,144
2504,144
2505,144
2506,144
2507,144
2508,144
2509,144
2510,144
2511,144
2512,144
2513,144
2514,144
2515,144
2516,144
2517,144
2518,144
2519,144
2520,144
2521,144
2522,144
2523,144
2524,144
2525,144
2526,144
2527,144
2528,144
2529,144
2530,144
2531,144
2532,144
2533,144
2534,144
2535,144
2536,144
2537,144
2538,144
2539,144
2540,144
2541,144
2542,144
2543,144
2544,144
2545,144
2546,144
2547,144
2548,144
2549,144
2550,144
2551,144
2552,144
2553,144
2554,144
2555,144
2556,144
2557,144
2558,144
2559,144
2560,144
2561,144
2562,144
2563,144
2564,144
2565,144
2566,144
2567,144
2568,144
2569,144
2570,144
2571,144
2572,144
2573,144
2574,144
2575,144
2576,144
2577,144
2578,144
2579,144
2580,144
2581,144
2582,144
2583,144
2584,144
2585,144
2586,144
2587,144
2588,144
2589,144
2590,144
2591,144
2592,144
2593,144
2594,144
2595,144
2596,144
2597,144
2598,144
2599,144
2600,144
2601,144
2602,144
2603,144
2604,144
2605,144
2606,144
2607,144
2608,144
2609,144
2610,144
2611,144
2612,144
2613,144
2614,144
2615,144
2616,144
2617,144
2618,144
2619,144
2620,144
2621,144
2622,144
2623,144
2624,144
2625,144
2626,144
2627,144
2628,144
2629,144
2630,144
2631,144
2632,144
2633,144
2634,144
2635,144
2636,144
2637,144
2638,144
2639,144
2640,144
2641,144
2642,144
2643,144
2644,144
2645,144
2646,144
2647,144
2648,144
2649,144
2650,144
2651,144
2652,144
2653,144
2654,144
2655,144
2656,144
2657,144
2658,144
2659,144
2660,144
2661,144
2662,144
2663,144
2664,144
2665,144
2666,144
2667,144
2668,144
2669,144
2670,144
2671,144
2672,144
2673,144
2674,144
2675,144
2676,144
2677,144
2678,144
2679,144
2680,144
2681,144
2682,144
2683,144
2684,144
2685,144
2686,144
2687,144
2688,144
2689,144
2690,144
2691,144
2692,144
2693,144
2694,144
2695,144
2696,144
2697,144
2698,144
2699,144
2700,144
2701,144
2702,144
2703,144
2704,144
2705,144
2706,144
2707,144
2708,144
2709,144
2710,144
2711,144
2712,144
2713,144
2714,144
2715,144
2716,144
2717,144
2718,144
2719,144
2720,144
2721,144
2722,144
2723,144
2724,144
2725,144
2726,144
2727,144
2728,144
2729,144
2730,144
2731,144
2732,144
2733,144
2734,144
2735,144
2736,144
2737,144
2738,144
2739,144
2740,144
2741,144
2742,144
2743,144
2744,144
2745,144
2746,144
2747,144
2748,144
2749,144
2750,144
2751,144
2752,144
2753,144
2754,144
2755,144
2756,144
2757,144
2758,144
2759,144
2760,144
2761,144
2762,144
2763,144
2764,144
2765,144
2766,144
2767,144
2768,144
2769,144
2770,144
2771,144
2772,144
2773,144
2774,144
2775,144
2776,144
2777,144
2778,144
2779,144
2780,144
2781,144
2782,144
2783,144
2784,144
2785,144
2786,144
2787,144
2788,144
2789,144
2790,144
2791,144
2792,144
2793,144
2794,144
2795,144
2796,144
2797,144
2798,144
2799,144
2800,144
2801,144
2802,144
2803,144
2804,144
2805,144
2806,144
2807,144
2808,144
2809,144
2810,144
2811,144
2812,144
2813,144
2814,144
2815,144
2816,144
2817,144
2818,144
2819,144
2820,144
2821,144
2822,144
2823,144
2824,144
2825,144
2826,144
2827,144
2828,144
2829,144
2830,144
2831,144
2832,144
2833,144
2834,144
2835,144
2836,144
2837,144
2838,144
2839,144
2840,144
2841,144
2842,144
2843,144
2844,144
2845,144
2846,144
2847,144
2848,144
2849,144
2850,144
2851,144
2852,144
2853,144
2854,144
2855,144
2856,144
2857,144
2858,144
2859,144
2860,144
2861,144
2862,144
2863,144
2864,144
2865,144
2866,144
2867,144
2868,144
2869,144
2870,144
2871,144
2872,144
2873,144
2874,144
2875,144
2876,144
2877,144
2878,144
2879,144
2880,144
2881,144
2882,144
2883,144
2884,144
2885,144
2886,144
2887,144
2888,144
2889,144
2890,144
2891,144
2892,144
2893,144
2894,144
2895,145
