0,0
1,1
2,2
3,3
4,4
5,5
6,6
7,7
8,8
9,9
10,10
11,11
12,12
13,13
14,14
15,14
16,15
17,16
18,17
19,18
20,18
21,19
22,20
23,20
24,20
25,20
26,21
27,21
28,21
29,21
30,22
31,23
32,24
33,24
34,24
35,25
36,25
37,26
38,27
39,27
40,27
41,27
42,28
43,29
44,30
45,31
46,32
47,33
48,34
49,35
50,36
51,37
52,38
53,39
54,40
55,40
56,41
57,42
58,43
59,44
60,44
61,45
62,46
63,46
64,47
65,48
66,49
67,49
68,50
69,51
70,52
71,52
72,53
73,53
74,53
75,54
76,55
77,56
78,56
79,56
80,56
81,56
82,56
83,57
84,57
85,58
86,59
87,60
88,61
89,62
90,62
91,62
92,63
93,63
94,63
95,63
96,63
97,63
98,63
99,63
100,63
101,64
102,64
103,64
104,64
105,65
106,65
107,65
108,66
109,66
110,67
111,68
112,68
113,68
114,69
115,69
116,69
117,69
118,70
119,70
120,70
121,70
122,70
123,70
124,70
125,71
126,71
127,72
128,72
129,73
130,73
131,74
132,75
133,75
134,75
135,75
136,76
137,76
138,77
139,77
140,77
141,77
142,77
143,77
144,77
145,78
146,78
147,79
148,79
149,80
150,80
151,80
152,81
153,81
154,81
155,81
156,81
157,81
158,81
159,81
160,82
161,83
162,83
163,83
164,83
165,83
166,83
167,83
168,84
169,84
170,85
171,85
172,85
173,85
174,85
175,85
176,85
177,86
178,86
179,86
180,87
181,87
182,87
183,88
184,88
185,88
186,88
187,88
188,88
189,88
190,89
191,89
192,89
193,89
194,89
195,90
196,91
197,91
198,91
199,91
200,91
201,91
202,91
203,91
204,91
205,92
206,92
207,92
208,92
209,92
210,92
211,93
212,93
213,93
214,93
215,93
216,93
217,93
218,93
219,93
220,93
221,94
222,95
223,95
224,95
225,95
226,95
227,95
228,95
229,95
230,95
231,95
232,95
233,95
234,95
235,95
236,95
237,95
238,96
239,96
240,96
241,96
242,96
243,96
244,96
245,97
246,97
247,97
248,97
249,97
250,97
251,98
252,98
253,99
254,100
255,101
256,101
257,101
258,101
259,101
260,101
261,101
262,102
263,102
264,102
265,102
266,102
267,103
268,103
269,103
270,103
271,104
272,104
273,104
274,104
275,104
276,104
277,104
278,104
279,105
280,105
281,105
282,105
283,105
284,105
285,105
286,105
287,105
288,105
289,105
290,105
291,105
292,105
293,105
294,105
295,105
296,105
297,105
298,105
299,105
300,105
301,105
302,105
303,105
304,105
305,105
306,105
307,105
308,105
309,105
310,105
311,105
312,105
313,105
314,105
315,105
316,106
317,106
318,106
319,106
320,106
321,106
322,106
323,106
324,106
325,106
326,106
327,106
328,106
329,106
330,106
331,106
332,106
333,106
334,106
335,106
336,106
337,107
338,107
339,107
340,107
341,107
342,107
343,107
344,107
345,107
346,107
347,107
348,107
349,107
350,107
351,107
352,107
353,107
354,107
355,107
356,108
357,108
358,108
359,108
360,108
361,108
362,108
363,108
364,108
365,108
366,108
367,109
368,109
369,109
370,109
371,109
372,109
373,109
374,109
375,109
376,109
377,109
378,109
379,109
380,109
381,109
382,109
383,109
384,109
385,109
386,109
387,109
388,109
389,109
390,109
391,109
392,109
393,109
394,109
395,109
396,109
397,109
398,109
399,109
400,109
401,109
402,109
403,109
404,109
405,110
406,111
407,112
408,113
409,113
410,113
411,113
412,113
413,113
414,113
415,113
416,113
417,113
418,113
419,113
420,113
421,113
422,113
423,113
424,113
425,114
426,115
427,116
428,116
429,116
430,116
431,116
432,116
433,116
434,116
435,116
436,116
437,116
438,116
439,116
440,116
441,116
442,116
443,116
444,116
445,116
446,116
447,116
448,116
449,117
450,117
451,118
452,119
453,119
454,119
455,119
456,119
457,119
458,119
459,119
460,119
461,119
462,119
463,119
464,119
465,119
466,119
467,119
468,119
469,119
470,119
471,119
472,119
473,119
474,119
475,119
476,119
477,119
478,119
479,119
480,119
481,119
482,119
483,119
484,119
485,119
486,119
487,119
488,119
489,119
490,119
491,119
492,119
493,119
494,119
495,120
496,120
497,121
498,121
499,121
500,121
501,121
502,121
503,121
504,121
505,121
506,121
507,121
508,121
509,121
510,121
511,121
512,121
513,121
514,121
515,121
516,121
517,121
518,121
519,121
520,121
521,121
522,121
523,121
524,121
525,121
526,121
527,121
528,121
529,121
530,121
531,121
532,121
533,121
534,121
535,121
536,121
537,121
538,121
539,121
540,121
541,121
542,121
543,121
544,121
545,121
546,121
547,121
548,121
549,121
550,121
551,121
552,122
553,122
554,123
555,123
556,124
557,125
558,125
559,125
560,125
561,125
562,125
563,125
564,125
565,125
566,125
567,125
568,125
569,125
570,125
571,125
572,125
573,125
574,125
575,125
576,125
577,125
578,125
579,125
580,125
581,125
582,125
583,125
584,125
585,125
586,125
587,125
588,125
589,125
590,125
591,125
592,125
593,125
594,125
595,125
596,125
597,125
598,125
599,125
600,125
601,125
602,125
603,125
604,125
605,125
606,125
607,125
608,125
609,125
610,125
611,125
612,125
613,125
614,125
615,125
616,125
617,125
618,125
619,125
620,125
621,125
622,125
623,125
624,125
625,125
626,125
627,125
628,125
629,125
630,125
631,125
632,125
633,125
634,125
635,125
636,125
637,125
638,125
639,125
640,125
641,125
642,125
643,125
644,125
645,125
646,125
647,125
648,125
649,125
650,125
651,125
652,125
653,125
654,125
655,125
656,125
657,125
658,125
659,125
660,125
661,125
662,125
663,125
664,125
665,125
666,125
667,125
668,125
669,125
670,125
671,125
672,125
673,125
674,125
675,125
676,125
677,125
678,125
679,125
680,125
681,125
682,125
683,125
684,125
685,125
686,125
687,125
688,125
689,125
690,125
691,125
692,125
693,125
694,125
695,125
696,125
697,125
698,125
699,125
700,125
701,125
702,125
703,125
704,125
705,125
706,125
707,125
708,125
709,125
710,125
711,125
712,125
713,125
714,125
715,125
716,125
717,125
718,125
719,125
720,125
721,125
722,125
723,125
724,125
725,125
726,125
727,125
728,125
729,125
730,125
731,125
732,125
733,125
734,125
735,125
736,125
737,125
738,125
739,125
740,125
741,125
742,125
743,125
744,125
745,125
746,125
747,125
748,125
749,125
750,125
751,125
752,125
753,125
754,125
755,125
756,125
757,125
758,125
759,125
760,125
761,125
762,125
763,125
764,125
765,125
766,125
767,125
768,125
769,125
770,125
771,125
772,125
773,125
774,125
775,125
776,125
777,125
778,125
779,125
780,125
781,125
782,125
783,125
784,125
785,125
786,125
787,125
788,125
789,125
790,125
791,125
792,125
793,125
794,125
795,125
796,125
797,125
798,125
799,125
800,125
801,125
802,125
803,125
804,125
805,125
806,125
807,125
808,125
809,125
810,125
811,125
812,125
813,125
814,125
815,125
816,125
817,125
818,125
819,125
820,125
821,125
822,125
823,125
824,125
825,125
826,125
827,125
828,125
829,125
830,125
831,125
832,125
833,125
834,125
835,125
836,125
837,125
838,125
839,125
840,125
841,125
842,125
843,125
844,125
845,125
846,125
847,125
848,125
849,125
850,125
851,125
852,125
853,125
854,125
855,125
856,125
857,125
858,125
859,125
860,125
861,125
862,125
863,125
864,125
865,125
866,125
867,125
868,125
869,125
870,125
871,125
872,125
873,125
874,125
875,125
876,125
877,125
878,125
879,125
880,125
881,125
882,125
883,125
884,125
885,125
886,125
887,125
888,125
889,125
890,125
891,125
892,125
893,125
894,125
895,125
896,125
897,125
898,125
899,125
900,125
901,125
902,125
903,125
904,125
905,125
906,125
907,125
908,125
909,125
910,125
911,125
912,125
913,125
914,125
915,125
916,125
917,125
918,125
919,125
920,125
921,125
922,125
923,125
924,125
925,125
926,125
927,125
928,125
929,125
930,125
931,125
932,125
933,125
934,125
935,125
936,125
937,125
938,125
939,125
940,125
941,125
942,125
943,125
944,125
945,125
946,125
947,125
948,125
949,125
950,125
951,125
952,125
953,125
954,125
955,125
956,125
957,125
958,125
959,125
960,125
961,125
962,125
963,125
964,125
965,125
966,125
967,125
968,125
969,125
970,125
971,125
972,125
973,125
974,125
975,125
976,125
977,125
978,125
979,125
980,125
981,125
982,125
983,125
984,125
985,125
986,125
987,125
988,126
989,126
990,126
991,126
992,126
993,126
994,126
995,126
996,126
997,126
998,126
999,126
1000,126
1001,126
1002,126
1003,126
1004,126
1005,126
1006,126
1007,126
1008,126
1009,126
1010,126
1011,126
1012,126
1013,126
1014,126
1015,126
1016,126
1017,126
1018,126
1019,126
1020,126
1021,126
1022,126
1023,126
1024,126
1025,126
1026,126
1027,126
1028,126
1029,126
1030,126
1031,126
1032,126
1033,126
1034,126
1035,126
1036,126
1037,126
1038,126
1039,126
1040,126
1041,126
1042,126
1043,126
1044,126
1045,126
1046,126
1047,126
1048,126
1049,126
1050,126
1051,127
1052,127
1053,127
1054,127
1055,127
1056,127
1057,127
1058,127
1059,127
1060,127
1061,127
1062,127
1063,127
1064,127
1065,127
1066,127
1067,127
1068,127
1069,127
1070,127
1071,127
1072,127
1073,127
1074,127
1075,127
1076,127
1077,127
1078,127
1079,127
1080,127
1081,127
1082,127
1083,127
1084,127
1085,127
1086,127
1087,127
1088,127
1089,127
1090,127
1091,127
1092,127
1093,127
1094,127
1095,127
1096,127
1097,127
1098,127
1099,127
1100,127
1101,127
1102,127
1103,127
1104,127
1105,127
1106,127
1107,127
1108,127
1109,127
1110,127
1111,127
1112,127
1113,127
1114,127
1115,127
1116,127
1117,127
1118,127
1119,127
1120,127
1121,127
1122,127
1123,127
1124,127
1125,127
1126,127
1127,127
1128,127
1129,127
1130,127
1131,127
1132,127
1133,127
1134,127
1135,127
1136,127
1137,127
1138,127
1139,127
1140,127
1141,127
1142,127
1143,127
1144,127
1145,127
1146,127
1147,127
1148,127
1149,127
1150,127
1151,127
1152,127
1153,127
1154,127
1155,127
1156,127
1157,127
1158,127
1159,127
1160,127
1161,127
1162,127
1163,127
1164,127
1165,127
1166,127
1167,127
1168,127
1169,127
1170,127
1171,127
1172,127
1173,127
1174,127
1175,127
1176,127
1177,127
1178,127
1179,127
1180,127
1181,127
1182,127
1183,127
1184,127
1185,127
1186,127
1187,127
1188,127
1189,127
1190,127
1191,127
1192,127
1193,127
1194,127
1195,127
1196,127
1197,127
1198,127
1199,127
1200,127
1201,127
1202,127
1203,127
1204,127
1205,127
1206,127
1207,127
1208,127
1209,127
1210,127
1211,127
1212,127
1213,127
1214,127
1215,127
1216,127
1217,127
1218,127
1219,127
1220,127
1221,127
1222,127
1223,127
1224,127
1225,127
1226,127
1227,127
1228,127
1229,127
1230,127
1231,127
1232,127
1233,127
1234,127
1235,128
1236,128
1237,128
1238,128
1239,128
1240,128
1241,128
1242,128
1243,128
1244,128
1245,128
1246,128
1247,128
1248,128
1249,128
1250,128
1251,128
1252,128
1253,128
1254,128
1255,128
1256,128
1257,128
1258,128
1259,128
1260,128
1261,128
1262,128
1263,128
1264,128
1265,128
1266,128
1267,128
1268,128
1269,128
1270,128
1271,128
1272,128
1273,128
1274,128
1275,128
1276,128
1277,128
1278,128
1279,128
1280,128
1281,128
1282,128
1283,128
1284,128
1285,128
1286,128
1287,128
1288,128
1289,128
1290,128
1291,128
1292,128
1293,128
1294,128
1295,128
1296,128
1297,128
1298,128
1299,128
1300,128
1301,128
1302,128
1303,128
1304,128
1305,128
1306,128
1307,128
1308,128
1309,128
1310,128
1311,128
1312,128
1313,128
1314,128
1315,128
1316,128
1317,128
1318,128
1319,128
1320,128
1321,128
1322,128
1323,128
1324,128
1325,128
1326,128
1327,128
1328,128
1329,128
1330,128
1331,128
1332,128
1333,128
1334,128
1335,128
1336,128
1337,128
1338,128
1339,128
1340,128
1341,128
1342,128
1343,128
1344,128
1345,128
1346,128
1347,128
1348,128
1349,128
1350,128
1351,128
1352,128
1353,128
1354,128
1355,128
1356,128
1357,128
1358,128
1359,128
1360,128
1361,128
1362,128
1363,128
1364,128
1365,128
1366,128
1367,128
1368,128
1369,128
1370,128
1371,128
1372,128
1373,128
1374,128
1375,129
1376,129
1377,129
1378,129
1379,129
1380,129
1381,129
1382,129
1383,129
1384,129
1385,129
1386,129
1387,129
1388,129
1389,129
1390,129
1391,129
1392,129
1393,130
1394,130
1395,130
1396,130
1397,130
1398,130
1399,131
1400,131
1401,131
1402,131
1403,131
1404,131
1405,131
1406,131
1407,131
1408,131
1409,131
1410,131
1411,131
1412,131
1413,131
1414,131
1415,131
1416,131
1417,131
1418,131
1419,131
1420,131
1421,131
1422,131
1423,131
1424,131
1425,131
1426,131
1427,131
1428,131
1429,131
1430,131
1431,131
1432,131
1433,131
1434,131
1435,131
1436,131
1437,131
1438,131
1439,131
1440,131
1441,131
1442,131
1443,131
1444,132
1445,132
1446,132
1447,132
1448,132
1449,132
1450,132
1451,132
1452,132
1453,132
1454,132
1455,132
1456,132
1457,132
1458,132
1459,132
1460,132
1461,132
1462,132
1463,132
1464,132
1465,132
1466,132
1467,132
1468,132
1469,132
1470,132
1471,132
1472,132
1473,132
1474,132
1475,132
1476,132
1477,132
1478,132
1479,132
1480,132
1481,132
1482,132
1483,132
1484,132
1485,132
1486,132
1487,132
1488,132
1489,132
1490,132
1491,132
1492,132
1493,132
1494,132
1495,132
1496,132
1497,132
1498,132
1499,132
1500,132
1501,132
1502,132
1503,132
1504,132
1505,132
1506,132
1507,132
1508,132
1509,132
1510,132
1511,132
1512,132
1513,132
1514,132
1515,132
1516,132
1517,132
1518,132
1519,132
1520,132
1521,132
1522,132
1523,132
1524,132
1525,132
1526,132
1527,132
1528,132
1529,132
1530,132
1531,132
1532,132
1533,132
1534,132
1535,132
1536,132
1537,132
1538,132
1539,132
1540,132
1541,132
1542,132
1543,132
1544,132
1545,132
1546,132
1547,132
1548,132
1549,132
1550,132
1551,132
1552,132
1553,132
1554,132
1555,132
1556,132
1557,132
1558,132
1559,132
1560,132
1561,132
1562,132
1563,132
1564,132
1565,132
1566,132
1567,132
1568,132
1569,132
1570,132
1571,132
1572,132
1573,132
1574,132
1575,132
1576,132
1577,132
1578,132
1579,132
1580,132
1581,132
1582,132
1583,132
1584,132
1585,132
1586,132
1587,132
1588,132
1589,132
1590,132
1591,132
1592,132
1593,132
1594,132
1595,132
1596,132
1597,132
1598,132
1599,132
1600,132
1601,132
1602,132
1603,132
1604,132
1605,132
1606,132
1607,132
1608,132
1609,132
1610,132
1611,132
1612,132
1613,132
1614,132
1615,132
1616,132
1617,132
1618,132
1619,132
1620,132
1621,132
1622,133
1623,133
1624,133
1625,133
1626,133
1627,133
1628,133
1629,133
1630,133
1631,133
1632,133
1633,133
1634,133
1635,133
1636,133
1637,133
1638,133
1639,133
1640,133
1641,133
1642,133
1643,133
1644,133
1645,133
1646,133
1647,133
1648,133
1649,133
1650,133
1651,133
1652,133
1653,133
1654,133
1655,133
1656,133
1657,133
1658,133
1659,133
1660,133
1661,133
1662,133
1663,133
1664,133
1665,133
1666,133
1667,133
1668,133
1669,133
1670,133
1671,133
1672,133
1673,133
1674,133
1675,133
1676,133
1677,133
1678,133
1679,133
1680,133
1681,133
1682,133
1683,133
1684,133
1685,133
1686,133
1687,133
1688,133
1689,133
1690,133
1691,133
1692,133
1693,133
1694,133
1695,133
1696,133
1697,133
1698,133
1699,133
1700,133
1701,133
1702,133
1703,133
1704,133
1705,133
1706,133
1707,133
1708,133
1709,133
1710,133
1711,133
1712,133
1713,133
1714,133
1715,133
1716,133
1717,133
1718,133
1719,133
1720,133
1721,133
1722,133
1723,133
1724,133
1725,133
1726,133
1727,133
1728,133
1729,133
1730,133
1731,133
1732,133
1733,133
1734,133
1735,133
1736,133
1737,133
1738,133
1739,133
1740,133
1741,133
1742,133
1743,133
1744,133
1745,133
1746,133
1747,133
1748,133
1749,133
1750,133
1751,133
1752,133
1753,133
1754,133
1755,133
1756,133
1757,133
1758,133
1759,133
1760,133
1761,133
1762,133
1763,133
1764,133
1765,133
1766,133
1767,133
1768,133
1769,133
1770,133
1771,133
1772,133
1773,133
1774,133
1775,133
1776,133
1777,133
1778,133
1779,133
1780,133
1781,133
1782,133
1783,133
1784,133
1785,133
1786,133
1787,133
1788,133
1789,133
1790,133
1791,133
1792,133
1793,133
1794,133
1795,133
1796,133
1797,133
1798,133
1799,133
1800,133
1801,133
1802,133
1803,133
1804,133
1805,133
1806,133
1807,133
1808,133
1809,133
1810,133
1811,133
1812,133
1813,133
1814,133
1815,133
1816,133
1817,133
1818,133
1819,133
1820,133
1821,133
1822,133
1823,133
1824,133
1825,133
1826,133
1827,133
1828,133
1829,133
1830,133
1831,133
1832,133
1833,133
1834,133
1835,133
1836,133
1837,133
1838,133
1839,133
1840,133
1841,133
1842,133
1843,133
1844,133
1845,133
1846,133
1847,133
1848,133
1849,133
1850,133
1851,133
1852,133
1853,133
1854,133
1855,133
1856,133
1857,133
1858,133
1859,133
1860,133
1861,133
1862,133
1863,133
1864,133
1865,133
1866,133
1867,133
1868,133
1869,133
1870,133
1871,133
1872,133
1873,133
1874,133
1875,133
1876,133
1877,133
1878,133
1879,133
1880,133
1881,133
1882,133
1883,133
1884,133
1885,133
1886,133
1887,133
1888,133
1889,133
1890,133
1891,133
1892,133
1893,133
1894,133
1895,133
1896,133
1897,133
1898,133
1899,133
1900,133
1901,133
1902,133
1903,133
1904,133
1905,133
1906,133
1907,133
1908,133
1909,133
1910,133
1911,133
1912,133
1913,133
1914,133
1915,133
1916,133
1917,133
1918,133
1919,133
1920,133
1921,133
1922,133
1923,133
1924,133
1925,133
1926,133
1927,133
1928,133
1929,133
1930,133
1931,133
1932,133
1933,133
1934,133
1935,133
1936,134
1937,135
1938,135
1939,135
1940,136
1941,136
1942,136
1943,136
1944,136
1945,136
1946,136
1947,136
1948,136
1949,137
1950,137
1951,137
1952,137
1953,137
1954,137
1955,137
1956,137
1957,137
1958,137
1959,137
1960,137
1961,137
1962,137
1963,137
1964,137
1965,137
1966,137
1967,137
1968,137
1969,137
1970,137
1971,137
1972,137
1973,137
1974,137
1975,137
1976,137
1977,137
1978,137
1979,137
1980,137
1981,137
1982,137
1983,137
1984,137
1985,137
1986,137
1987,137
1988,137
1989,137
1990,137
1991,137
1992,137
1993,137
1994,137
1995,137
1996,137
1997,137
1998,137
1999,137
2000,137
2001,137
2002,137
2003,137
2004,137
2005,137
2006,137
2007,137
2008,137
2009,137
2010,137
2011,137
2012,137
2013,137
2014,137
2015,137
2016,137
2017,137
2018,137
2019,137
2020,137
2021,137
2022,137
2023,137
2024,137
2025,137
2026,137
2027,137
2028,137
2029,137
2030,137
2031,137
2032,137
2033,137
2034,137
2035,137
2036,137
2037,137
2038,137
2039,137
2040,137
2041,137
2042,137
2043,137
2044,137
2045,137
2046,137
2047,137
2048,137
2049,137
2050,137
2051,137
2052,137
2053,137
2054,137
2055,137
2056,137
2057,137
2058,137
2059,137
2060,137
2061,137
2062,137
2063,137
2064,137
2065,137
2066,137
2067,137
2068,137
2069,137
2070,137
2071,137
2072,137
2073,137
2074,137
2075,137
2076,137
2077,137
2078,137
2079,137
2080,137
2081,137
2082,137
2083,137
2084,137
2085,137
2086,137
2087,137
2088,137
2089,137
2090,137
2091,137
2092,137
2093,137
2094,137
2095,137
2096,137
2097,137
2098,137
2099,137
2100,137
2101,137
2102,137
2103,137
2104,137
2105,137
2106,137
2107,137
2108,137
2109,137
2110,137
2111,137
2112,137
2113,137
2114,137
2115,137
2116,137
2117,137
2118,137
2119,137
2120,137
2121,137
2122,137
2123,137
2124,137
2125,137
2126,137
2127,137
2128,137
2129,137
2130,137
2131,137
2132,137
2133,137
2134,137
2135,137
2136,137
2137,137
2138,137
2139,137
2140,137
2141,137
2142,137
2143,137
2144,137
2145,137
2146,137
2147,137
2148,137
2149,137
2150,137
2151,137
2152,137
2153,137
2154,137
2155,137
2156,137
2157,137
2158,137
2159,137
2160,137
2161,137
2162,137
2163,137
2164,137
2165,137
2166,137
2167,137
2168,137
2169,137
2170,137
2171,137
2172,137
2173,137
2174,137
2175,137
2176,137
2177,137
2178,137
2179,137
2180,137
2181,137
2182,137
2183,137
2184,137
2185,137
2186,137
2187,137
2188,137
2189,137
2190,137
2191,137
2192,137
2193,137
2194,137
2195,137
2196,137
2197,137
2198,137
2199,137
2200,137
2201,137
2202,137
2203,137
2204,137
2205,137
2206,137
2207,137
2208,137
2209,137
2210,137
2211,137
2212,137
2213,137
2214,137
2215,137
2216,137
2217,137
2218,137
2219,137
2220,137
2221,137
2222,137
2223,137
2224,137
2225,137
2226,137
2227,137
2228,137
2229,137
2230,137
2231,137
2232,137
2233,137
2234,137
2235,137
2236,137
2237,137
2238,137
2239,137
2240,137
2241,137
2242,137
2243,137
2244,137
2245,137
2246,137
2247,137
2248,137
2249,137
2250,137
2251,137
2252,137
2253,137
2254,137
2255,137
2256,137
2257,137
2258,137
2259,137
2260,137
2261,137
2262,137
2263,137
2264,137
2265,137
2266,137
2267,137
2268,137
2269,137
2270,137
2271,137
2272,137
2273,137
2274,137
2275,137
2276,137
2277,137
2278,137
2279,137
2280,137
2281,137
2282,137
2283,137
2284,137
2285,137
2286,137
2287,137
2288,137
2289,137
2290,137
2291,137
2292,137
2293,137
2294,137
2295,137
2296,138
2297,138
2298,138
2299,138
2300,138
2301,138
2302,138
2303,138
2304,138
2305,138
2306,138
2307,138
2308,138
2309,138
2310,138
2311,138
2312,138
2313,138
2314,138
2315,138
2316,138
2317,138
2318,138
2319,138
2320,138
2321,138
2322,138
2323,138
2324,138
2325,138
2326,138
2327,138
2328,138
2329,138
2330,138
2331,138
2332,138
2333,138
2334,138
2335,138
2336,138
2337,138
2338,138
2339,138
2340,138
2341,138
2342,138
2343,138
2344,138
2345,138
2346,138
2347,138
2348,138
2349,138
2350,138
2351,138
2352,138
2353,138
2354,138
2355,138
2356,138
2357,138
2358,138
2359,138
2360,138
2361,138
2362,138
2363,138
2364,138
2365,138
2366,138
2367,138
2368,138
2369,138
2370,138
2371,138
2372,138
2373,138
2374,138
2375,138
2376,138
2377,138
2378,138
2379,138
2380,138
2381,138
2382,138
2383,138
2384,138
2385,139
2386,139
2387,139
2388,139
2389,139
2390,139
2391,139
2392,139
2393,139
2394,139
2395,139
2396,139
2397,139
2398,139
2399,139
2400,139
2401,139
2402,139
2403,139
2404,139
2405,139
2406,139
2407,139
2408,139
2409,139
2410,139
2411,139
2412,139
2413,139
2414,139
2415,139
2416,139
2417,139
2418,139
2419,139
2420,139
2421,139
2422,139
2423,139
2424,139
2425,139
2426,139
2427,139
2428,139
2429,139
2430,139
2431,140
2432,140
2433,140
2434,140
2435,140
2436,140
2437,140
2438,140
2439,140
2440,140
2441,140
2442,140
2443,140
2444,140
2445,140
2446,140
2447,140
2448,140
2449,140
2450,140
2451,140
2452,140
2453,140
2454,140
2455,140
2456,140
2457,140
2458,140
2459,140
2460,140
2461,140
2462,140
2463,140
2464,140
2465,140
2466,140
2467,140
2468,140
2469,140
2470,140
2471,140
2472,140
2473,140
2474,140
2475,140
2476,140
2477,140
2478,140
2479,140
2480,140
2481,140
2482,140
2483,140
2484,140
2485,140
2486,140
2487,140
2488,140
2489,140
2490,140
2491,140
2492,140
2493,140
2494,140
2495,140
2496,140
2497,140
2498,140
2499,140
2500,140
2501,140
2502,140
2503,140
2504,140
2505,140
2506,140
2507,140
2508,140
2509,140
2510,140
2511,140
2512,140
2513,140
2514,140
2515,140
2516,140
2517,140
2518,140
2519,140
2520,140
2521,140
2522,140
2523,140
2524,140
2525,140
2526,140
2527,140
2528,140
2529,140
2530,140
2531,140
2532,140
2533,140
2534,140
2535,140
2536,140
2537,140
2538,140
2539,140
2540,140
2541,140
2542,140
2543,140
2544,140
2545,140
2546,140
2547,140
2548,140
2549,140
2550,140
2551,140
2552,140
2553,140
2554,140
2555,140
2556,140
2557,140
2558,140
2559,140
2560,140
2561,140
2562,140
2563,140
2564,140
2565,140
2566,140
2567,140
2568,140
2569,140
2570,140
2571,140
2572,140
2573,140
2574,140
2575,140
2576,140
2577,140
2578,140
2579,140
2580,140
2581,140
2582,140
2583,140
2584,140
2585,140
2586,140
2587,140
2588,140
2589,140
2590,140
2591,140
2592,140
2593,140
2594,140
2595,140
2596,140
2597,140
2598,140
2599,140
2600,140
2601,140
2602,140
2603,140
2604,140
2605,140
2606,140
2607,140
2608,140
2609,140
2610,140
2611,140
2612,140
2613,140
2614,140
2615,140
2616,140
2617,140
2618,140
2619,140
2620,140
2621,140
2622,140
2623,140
2624,140
2625,140
2626,140
2627,140
2628,140
2629,140
2630,140
2631,140
2632,140
2633,140
2634,140
2635,140
2636,140
2637,140
2638,140
2639,140
2640,140
2641,140
2642,140
2643,140
2644,140
2645,140
2646,140
2647,140
2648,140
2649,140
2650,140
2651,140
2652,140
2653,140
2654,140
2655,140
2656,140
2657,140
2658,140
2659,140
2660,140
2661,140
2662,140
2663,140
2664,140
2665,140
2666,140
2667,140
2668,140
2669,140
2670,140
2671,140
2672,140
2673,140
2674,140
2675,140
2676,140
2677,140
2678,140
2679,140
2680,140
2681,140
2682,140
2683,140
2684,140
2685,140
2686,140
2687,140
2688,140
2689,140
2690,140
2691,140
2692,140
2693,140
2694,140
2695,140
2696,140
2697,140
2698,140
2699,140
2700,140
2701,140
2702,140
2703,140
2704,140
2705,140
2706,140
2707,140
2708,140
2709,140
2710,140
2711,140
2712,140
2713,140
2714,140
2715,140
2716,140
2717,140
2718,140
2719,140
2720,140
2721,140
2722,140
2723,140
2724,140
2725,140
2726,140
2727,140
2728,140
2729,140
2730,140
2731,140
2732,140
2733,140
2734,140
2735,140
2736,140
2737,140
2738,140
2739,140
2740,140
2741,140
2742,140
2743,140
2744,140
2745,140
2746,140
2747,140
2748,140
2749,140
2750,140
2751,140
2752,140
2753,140
2754,140
2755,140
2756,140
2757,140
2758,140
2759,140
2760,140
2761,140
2762,140
2763,140
2764,140
2765,140
2766,140
2767,140
2768,140
2769,140
2770,140
2771,140
2772,140
2773,140
2774,140
2775,140
2776,140
2777,140
2778,140
2779,140
2780,140
2781,140
2782,140
2783,140
2784,140
2785,140
2786,140
2787,140
2788,140
2789,140
2790,140
2791,140
2792,140
2793,140
2794,140
2795,140
2796,140
2797,140
2798,140
2799,140
2800,140
2801,140
2802,140
2803,140
2804,140
2805,140
2806,140
2807,140
2808,140
2809,140
2810,140
2811,140
2812,140
2813,140
2814,140
2815,140
2816,140
2817,141
2818,141
2819,141
2820,141
2821,141
2822,141
2823,141
2824,141
2825,141
2826,141
2827,141
2828,141
2829,141
2830,141
2831,141
2832,141
2833,141
2834,141
2835,141
2836,141
2837,141
2838,141
2839,141
2840,141
2841,141
2842,141
2843,141
2844,141
2845,141
2846,141
2847,141
2848,141
2849,141
2850,141
2851,141
2852,141
2853,141
2854,141
2855,141
2856,141
2857,141
2858,141
2859,141
2860,141
2861,141
2862,141
2863,141
2864,141
2865,141
2866,141
2867,141
2868,141
2869,141
2870,141
2871,141
2872,141
2873,141
2874,141
2875,141
2876,141
2877,141
2878,141
2879,141
2880,141
2881,141
2882,141
2883,141
2884,141
2885,141
2886,141
2887,141
2888,141
2889,141
2890,141
2891,141
2892,141
2893,141
2894,141
2895,141
2896,141
2897,141
2898,141
2899,141
2900,141
2901,141
2902,141
2903,141
2904,141
2905,141
2906,141
2907,141
2908,141
2909,141
2910,141
2911,141
2912,141
2913,141
2914,141
2915,141
2916,141
2917,141
2918,141
2919,141
2920,141
2921,141
2922,141
2923,141
2924,141
2925,141
2926,141
2927,141
2928,141
2929,141
2930,141
2931,141
2932,141
2933,141
2934,141
2935,141
2936,141
2937,141
2938,141
2939,141
2940,141
2941,141
2942,141
2943,141
2944,141
2945,141
2946,141
2947,141
2948,141
2949,141
2950,141
2951,141
2952,141
2953,141
2954,141
2955,141
2956,141
2957,141
2958,141
2959,141
2960,141
2961,141
2962,141
2963,141
2964,141
2965,141
2966,141
2967,141
2968,141
2969,141
2970,141
2971,141
2972,141
2973,141
2974,141
2975,141
2976,141
2977,141
2978,141
2979,141
2980,141
2981,141
2982,141
2983,141
2984,141
2985,141
2986,141
2987,141
2988,141
2989,141
2990,141
2991,141
2992,141
2993,141
2994,141
2995,141
2996,141
2997,141
2998,141
2999,141
3000,141
3001,141
3002,141
3003,141
3004,141
3005,141
3006,141
3007,141
3008,141
3009,141
3010,141
3011,141
3012,141
3013,141
3014,141
3015,141
3016,141
3017,141
3018,141
3019,141
3020,141
3021,141
3022,141
3023,141
3024,141
3025,141
3026,141
3027,141
3028,141
3029,141
3030,141
3031,141
3032,141
3033,141
3034,141
3035,141
3036,141
3037,141
3038,141
3039,141
3040,141
3041,141
3042,141
3043,141
3044,141
3045,141
3046,141
3047,141
3048,141
3049,141
3050,141
3051,141
3052,141
3053,141
3054,141
3055,141
3056,141
3057,141
3058,141
3059,141
3060,141
3061,141
3062,141
3063,141
3064,141
3065,141
3066,141
3067,141
3068,141
3069,141
3070,141
3071,141
3072,141
3073,141
3074,141
3075,141
3076,141
3077,141
3078,141
3079,141
3080,141
3081,141
3082,141
3083,141
3084,141
3085,141
3086,141
3087,141
3088,141
3089,141
3090,141
3091,141
3092,141
3093,141
3094,141
3095,141
3096,141
3097,141
3098,141
3099,141
3100,141
3101,141
3102,141
3103,141
3104,141
3105,141
3106,141
3107,141
3108,141
3109,141
3110,141
3111,141
3112,141
3113,141
3114,141
3115,141
3116,141
3117,141
3118,141
3119,141
3120,141
3121,141
3122,141
3123,141
3124,141
3125,141
3126,141
3127,141
3128,141
3129,141
3130,141
3131,141
3132,141
3133,141
3134,141
3135,141
3136,141
3137,141
3138,141
3139,141
3140,141
3141,141
3142,141
3143,141
3144,141
3145,141
3146,141
3147,141
3148,141
3149,141
3150,141
3151,141
3152,141
3153,141
3154,141
3155,141
3156,141
3157,141
3158,141
3159,141
3160,141
3161,141
3162,141
3163,141
3164,141
3165,141
3166,141
3167,141
3168,141
3169,141
3170,141
3171,141
3172,141
3173,141
3174,141
3175,141
3176,141
3177,141
3178,141
3179,141
3180,141
3181,141
3182,141
3183,141
3184,141
3185,141
3186,141
3187,141
3188,141
3189,141
3190,141
3191,141
3192,141
3193,141
3194,141
3195,141
3196,141
3197,141
3198,141
3199,141
3200,141
3201,141
3202,141
3203,141
3204,141
3205,141
3206,141
3207,141
3208,141
3209,141
3210,141
3211,141
3212,141
3213,141
3214,141
3215,141
3216,141
3217,141
3218,141
3219,141
3220,141
3221,141
3222,141
3223,141
3224,141
3225,141
3226,141
3227,141
3228,141
3229,141
3230,141
3231,141
3232,141
3233,141
3234,141
3235,141
3236,141
3237,141
3238,141
3239,141
3240,141
3241,141
3242,141
3243,141
3244,141
3245,141
3246,141
3247,141
3248,141
3249,141
3250,141
3251,141
3252,141
3253,141
3254,141
3255,141
3256,141
3257,141
3258,141
3259,141
3260,141
3261,141
3262,141
3263,141
3264,141
3265,141
3266,141
3267,141
3268,141
3269,141
3270,141
3271,141
3272,141
3273,141
3274,141
3275,141
3276,141
3277,141
3278,141
3279,141
3280,141
3281,141
3282,141
3283,141
3284,141
3285,141
3286,141
3287,141
3288,141
3289,141
3290,141
3291,141
3292,141
3293,141
3294,141
3295,141
3296,141
3297,141
3298,141
3299,141
3300,141
3301,141
3302,141
3303,141
3304,141
3305,141
3306,141
3307,141
3308,141
3309,141
3310,141
3311,141
3312,141
3313,141
3314,141
3315,141
3316,141
3317,141
3318,141
3319,141
3320,141
3321,141
3322,141
3323,141
3324,141
3325,141
3326,141
3327,141
3328,141
3329,141
3330,141
3331,141
3332,141
3333,141
3334,141
3335,141
3336,141
3337,141
3338,141
3339,141
3340,141
3341,141
3342,141
3343,141
3344,141
3345,141
3346,141
3347,141
3348,141
3349,141
3350,141
3351,141
3352,141
3353,141
3354,141
3355,141
3356,141
3357,141
3358,141
3359,141
3360,141
3361,141
3362,141
3363,141
3364,141
3365,141
3366,141
3367,141
3368,141
3369,141
3370,141
3371,141
3372,141
3373,141
3374,141
3375,141
3376,141
3377,141
3378,141
3379,141
3380,141
3381,141
3382,141
3383,141
3384,141
3385,141
3386,141
3387,141
3388,141
3389,141
3390,141
3391,141
3392,141
3393,141
3394,141
3395,141
3396,141
3397,141
3398,141
3399,141
3400,141
3401,141
3402,141
3403,141
3404,141
3405,141
3406,141
3407,141
3408,141
3409,141
3410,141
3411,141
3412,141
3413,141
3414,141
3415,141
3416,141
3417,141
3418,141
3419,141
3420,141
3421,141
3422,141
3423,141
3424,141
3425,141
3426,141
3427,141
3428,141
3429,141
3430,141
3431,141
3432,141
3433,141
3434,141
3435,141
3436,141
3437,141
3438,141
3439,141
3440,141
3441,141
3442,141
3443,141
3444,141
3445,141
3446,141
3447,141
3448,141
3449,141
3450,141
3451,141
3452,141
3453,141
3454,141
3455,141
3456,141
3457,141
3458,141
3459,141
3460,141
3461,141
3462,141
3463,141
3464,141
3465,141
3466,141
3467,141
3468,141
3469,141
3470,141
3471,141
3472,141
3473,141
3474,141
3475,141
3476,141
3477,141
3478,141
3479,141
3480,141
3481,141
3482,141
3483,141
3484,141
3485,141
3486,141
3487,141
3488,141
3489,141
3490,141
3491,141
3492,141
3493,141
3494,141
3495,141
3496,141
3497,141
3498,141
3499,141
3500,141
3501,141
3502,141
3503,141
3504,141
3505,141
3506,141
3507,141
3508,141
3509,141
3510,141
3511,141
3512,141
3513,141
3514,141
3515,141
3516,141
3517,141
3518,141
3519,141
3520,141
3521,141
3522,141
3523,141
3524,141
3525,141
3526,141
3527,141
3528,141
3529,141
3530,141
3531,141
3532,141
3533,141
3534,141
3535,141
3536,141
3537,141
3538,141
3539,141
3540,141
3541,141
3542,141
3543,141
3544,141
3545,141
3546,141
3547,141
3548,141
3549,141
3550,141
3551,141
3552,141
3553,141
3554,141
3555,141
3556,141
3557,141
3558,141
3559,141
3560,141
3561,141
3562,141
3563,141
3564,141
3565,141
3566,141
3567,141
3568,141
3569,141
3570,141
3571,141
3572,141
3573,141
3574,141
3575,141
3576,141
3577,141
3578,141
3579,141
3580,141
3581,141
3582,141
3583,141
3584,141
3585,141
3586,141
3587,141
3588,141
3589,141
3590,141
3591,141
3592,141
3593,141
3594,141
3595,141
3596,141
3597,141
3598,141
3599,141
3600,141
3601,141
3602,141
3603,141
3604,141
3605,141
3606,141
3607,141
3608,141
3609,141
3610,141
3611,141
3612,141
3613,141
3614,141
3615,141
3616,141
3617,141
3618,141
3619,141
3620,141
3621,141
3622,141
3623,141
3624,141
3625,141
3626,141
3627,141
3628,141
3629,141
3630,141
3631,141
3632,141
3633,141
3634,141
3635,141
3636,141
3637,141
3638,141
3639,141
3640,141
3641,141
3642,141
3643,141
3644,141
3645,141
3646,141
3647,141
3648,141
3649,141
3650,141
3651,141
3652,141
3653,141
3654,141
3655,141
3656,141
3657,141
3658,141
3659,141
3660,141
3661,141
3662,141
3663,141
3664,141
3665,141
3666,141
3667,141
3668,141
3669,141
3670,141
3671,141
3672,142
3673,142
3674,143
3675,143
3676,144
3677,144
3678,144
3679,144
3680,144
3681,144
3682,144
3683,144
3684,144
3685,144
3686,144
3687,144
3688,144
3689,144
3690,144
3691,144
3692,144
3693,144
3694,144
3695,144
3696,144
3697,144
3698,144
3699,144
3700,144
3701,144
3702,144
3703,144
3704,144
3705,144
3706,144
3707,144
3708,144
3709,144
3710,144
3711,144
3712,144
3713,144
3714,144
3715,144
3716,144
3717,144
3718,144
3719,144
3720,144
3721,144
3722,144
3723,144
3724,144
3725,144
3726,144
3727,144
3728,144
3729,144
3730,144
3731,144
3732,144
3733,144
3734,144
3735,144
3736,144
3737,144
3738,144
3739,144
3740,144
3741,144
3742,144
3743,144
3744,144
3745,144
3746,144
3747,144
3748,144
3749,144
3750,144
3751,144
3752,144
3753,144
3754,144
3755,144
3756,144
3757,144
3758,144
3759,144
3760,144
3761,144
3762,144
3763,144
3764,144
3765,144
3766,144
3767,144
3768,144
3769,144
3770,144
3771,144
3772,144
3773,144
3774,144
3775,144
3776,144
3777,144
3778,144
3779,144
3780,144
3781,144
3782,144
3783,144
3784,144
3785,144
3786,144
3787,144
3788,144
3789,144
3790,144
3791,144
3792,144
3793,144
3794,144
3795,144
3796,144
3797,144
3798,144
3799,144
3800,144
3801,144
3802,144
3803,144
3804,144
3805,144
3806,144
3807,144
3808,144
3809,144
3810,144
3811,144
3812,144
3813,144
3814,144
3815,144
3816,144
3817,144
3818,144
3819,144
3820,144
3821,144
3822,144
3823,144
3824,144
3825,144
3826,144
3827,144
3828,144
3829,144
3830,144
3831,144
3832,144
3833,144
3834,144
3835,144
3836,144
3837,144
3838,144
3839,144
3840,144
3841,144
3842,144
3843,144
3844,144
3845,144
3846,144
3847,144
3848,144
3849,144
3850,144
3851,144
3852,144
3853,144
3854,144
3855,144
3856,144
3857,144
3858,144
3859,144
3860,144
3861,144
3862,144
3863,144
3864,144
3865,144
3866,144
3867,144
3868,144
3869,144
3870,144
3871,144
3872,144
3873,144
3874,144
3875,144
3876,144
3877,144
3878,144
3879,144
3880,144
3881,144
3882,144
3883,144
3884,144
3885,144
3886,144
3887,144
3888,144
3889,144
3890,144
3891,144
3892,144
3893,144
3894,144
3895,144
3896,144
3897,144
3898,144
3899,144
3900,144
3901,144
3902,144
3903,144
3904,144
3905,144
3906,144
3907,144
3908,144
3909,144
3910,144
3911,144
3912,144
3913,144
3914,144
3915,144
3916,144
3917,144
3918,144
3919,144
3920,144
3921,144
3922,144
3923,144
3924,144
3925,144
3926,144
3927,144
3928,144
3929,144
3930,144
3931,144
3932,144
3933,144
3934,144
3935,144
3936,144
3937,144
3938,144
3939,144
3940,144
3941,144
3942,144
3943,144
3944,144
3945,144
3946,144
3947,144
3948,144
3949,144
3950,144
3951,144
3952,144
3953,144
3954,144
3955,144
3956,144
3957,144
3958,144
3959,144
3960,144
3961,144
3962,144
3963,144
3964,144
3965,144
3966,144
3967,144
3968,144
3969,144
3970,144
3971,144
3972,144
3973,144
3974,144
3975,145
