0,0
1,1
2,2
3,3
4,4
5,5
6,6
7,7
8,8
9,9
10,10
11,10
12,11
13,12
14,13
15,14
16,15
17,15
18,15
19,16
20,17
21,18
22,18
23,19
24,19
25,20
26,20
27,20
28,21
29,22
30,23
31,24
32,25
33,26
34,26
35,27
36,27
37,28
38,29
39,30
40,30
41,31
42,32
43,33
44,33
45,33
46,33
47,34
48,34
49,34
50,34
51,35
52,36
53,37
54,38
55,39
56,40
57,41
58,42
59,43
60,43
61,43
62,44
63,45
64,46
65,46
66,46
67,46
68,46
69,47
70,48
71,49
72,49
73,50
74,51
75,51
76,52
77,53
78,53
79,54
80,54
81,54
82,55
83,55
84,56
85,56
86,57
87,57
88,57
89,58
90,59
91,59
92,60
93,60
94,61
95,61
96,61
97,61
98,61
99,62
100,62
101,62
102,62
103,63
104,63
105,63
106,63
107,63
108,64
109,64
110,64
111,65
112,66
113,67
114,67
115,67
116,67
117,67
118,68
119,69
120,70
121,71
122,71
123,71
124,71
125,72
126,73
127,73
128,73
129,73
130,73
131,73
132,73
133,74
134,75
135,75
136,75
137,75
138,75
139,75
140,75
141,75
142,75
143,75
144,75
145,75
146,76
147,77
148,77
149,77
150,78
151,78
152,79
153,79
154,80
155,80
156,81
157,81
158,81
159,82
160,83
161,84
162,84
163,84
164,84
165,84
166,84
167,85
168,85
169,85
170,86
171,86
172,86
173,86
174,86
175,86
176,86
177,87
178,87
179,87
180,87
181,87
182,87
183,88
184,89
185,89
186,89
187,89
188,89
189,90
190,90
191,90
192,91
193,91
194,91
195,91
196,92
197,92
198,92
199,93
200,93
201,94
202,94
203,94
204,94
205,94
206,95
207,96
208,96
209,96
210,97
211,97
212,98
213,99
214,99
215,99
216,99
217,99
218,99
219,99
220,99
221,99
222,100
223,100
224,100
225,100
226,100
227,100
228,100
229,101
230,101
231,101
232,101
233,101
234,101
235,101
236,101
237,101
238,101
239,101
240,101
241,101
242,101
243,101
244,102
245,102
246,102
247,102
248,102
249,102
250,103
251,103
252,103
253,103
254,103
255,103
256,103
257,103
258,103
259,103
260,103
261,103
262,103
263,103
264,103
265,103
266,103
267,104
268,104
269,105
270,105
271,105
272,105
273,105
274,105
275,105
276,105
277,106
278,106
279,106
280,106
281,106
282,106
283,106
284,106
285,106
286,106
287,106
288,106
289,107
290,107
291,108
292,109
293,109
294,109
295,109
296,109
297,109
298,109
299,109
300,109
301,109
302,109
303,109
304,109
305,109
306,109
307,109
308,109
309,109
310,109
311,109
312,109
313,109
314,109
315,109
316,109
317,109
318,109
319,109
320,109
321,109
322,109
323,109
324,109
325,109
326,109
327,109
328,109
329,109
330,109
331,109
332,109
333,109
334,109
335,109
336,109
337,109
338,109
339,109
340,109
341,109
342,109
343,109
344,109
345,109
346,109
347,109
348,109
349,109
350,109
351,109
352,109
353,109
354,109
355,109
356,109
357,109
358,109
359,109
360,109
361,109
362,109
363,110
364,110
365,110
366,110
367,110
368,110
369,110
370,110
371,110
372,110
373,110
374,110
375,111
376,111
377,111
378,111
379,111
380,111
381,111
382,111
383,111
384,111
385,112
386,113
387,113
388,113
389,113
390,113
391,113
392,113
393,113
394,113
395,113
396,113
397,113
398,113
399,113
400,113
401,113
402,113
403,113
404,113
405,113
406,113
407,113
408,113
409,113
410,113
411,113
412,113
413,113
414,113
415,113
416,113
417,113
418,114
419,114
420,114
421,114
422,114
423,114
424,114
425,114
426,114
427,114
428,114
429,114
430,114
431,114
432,114
433,114
434,114
435,114
436,114
437,114
438,114
439,114
440,114
441,114
442,114
443,114
444,114
445,114
446,114
447,114
448,114
449,114
450,114
451,114
452,114
453,114
454,114
455,114
456,114
457,114
458,114
459,114
460,114
461,114
462,114
463,114
464,114
465,114
466,114
467,114
468,114
469,114
470,114
471,114
472,114
473,114
474,114
475,114
476,114
477,114
478,114
479,114
480,114
481,114
482,114
483,114
484,114
485,114
486,114
487,114
488,115
489,115
490,115
491,115
492,115
493,115
494,115
495,115
496,115
497,115
498,115
499,115
500,115
501,116
502,116
503,116
504,116
505,116
506,116
507,116
508,116
509,116
510,116
511,116
512,116
513,116
514,116
515,116
516,116
517,116
518,116
519,116
520,116
521,116
522,116
523,116
524,116
525,116
526,116
527,116
528,116
529,116
530,116
531,116
532,116
533,116
534,116
535,116
536,116
537,116
538,116
539,116
540,116
541,116
542,116
543,116
544,116
545,116
546,116
547,116
548,116
549,116
550,116
551,116
552,116
553,117
554,118
555,118
556,118
557,118
558,118
559,118
560,118
561,118
562,118
563,118
564,118
565,118
566,118
567,118
568,118
569,118
570,118
571,118
572,118
573,118
574,118
575,118
576,119
577,120
578,120
579,120
580,120
581,120
582,120
583,120
584,120
585,120
586,120
587,120
588,120
589,120
590,120
591,120
592,120
593,120
594,120
595,120
596,120
597,120
598,120
599,120
600,120
601,121
602,121
603,121
604,121
605,121
606,121
607,121
608,121
609,121
610,121
611,121
612,121
613,121
614,121
615,121
616,121
617,121
618,121
619,121
620,121
621,121
622,121
623,121
624,121
625,121
626,121
627,121
628,121
629,121
630,121
631,121
632,121
633,121
634,121
635,121
636,121
637,121
638,121
639,121
640,121
641,121
642,121
643,121
644,121
645,121
646,121
647,121
648,121
649,121
650,121
651,121
652,121
653,121
654,121
655,121
656,121
657,121
658,121
659,121
660,121
661,121
662,121
663,121
664,121
665,121
666,121
667,121
668,121
669,121
670,121
671,121
672,121
673,121
674,121
675,121
676,121
677,121
678,121
679,121
680,121
681,121
682,121
683,121
684,121
685,121
686,121
687,121
688,121
689,121
690,121
691,121
692,121
693,121
694,121
695,121
696,121
697,121
698,121
699,121
700,121
701,121
702,121
703,121
704,121
705,121
706,121
707,121
708,121
709,121
710,121
711,121
712,121
713,121
714,121
715,121
716,121
717,121
718,121
719,121
720,121
721,121
722,121
723,121
724,121
725,121
726,121
727,121
728,121
729,121
730,121
731,121
732,121
733,121
734,121
735,121
736,121
737,121
738,121
739,121
740,121
741,121
742,121
743,121
744,121
745,121
746,121
747,121
748,121
749,121
750,121
751,121
752,121
753,121
754,121
755,121
756,121
757,121
758,121
759,121
760,121
761,121
762,121
763,121
764,121
765,121
766,121
767,121
768,121
769,121
770,121
771,121
772,121
773,121
774,121
775,121
776,121
777,121
778,121
779,121
780,121
781,121
782,121
783,121
784,121
785,121
786,121
787,121
788,121
789,121
790,121
791,121
792,121
793,121
794,121
795,121
796,121
797,121
798,121
799,121
800,121
801,121
802,121
803,121
804,121
805,121
806,121
807,121
808,121
809,121
810,121
811,121
812,121
813,121
814,121
815,121
816,121
817,121
818,121
819,121
820,121
821,121
822,121
823,121
824,121
825,121
826,121
827,121
828,121
829,121
830,121
831,121
832,121
833,121
834,121
835,121
836,121
837,121
838,121
839,121
840,121
841,121
842,121
843,121
844,121
845,121
846,121
847,121
848,121
849,121
850,121
851,121
852,121
853,121
854,121
855,121
856,121
857,121
858,121
859,121
860,121
861,121
862,121
863,121
864,121
865,121
866,121
867,121
868,121
869,121
870,121
871,121
872,121
873,121
874,121
875,121
876,121
877,121
878,121
879,121
880,121
881,121
882,121
883,121
884,121
885,121
886,121
887,121
888,121
889,121
890,121
891,121
892,121
893,121
894,121
895,121
896,121
897,121
898,121
899,121
900,121
901,121
902,121
903,121
904,121
905,121
906,121
907,121
908,121
909,121
910,121
911,121
912,121
913,121
914,121
915,121
916,121
917,121
918,121
919,121
920,121
921,121
922,121
923,121
924,121
925,121
926,121
927,121
928,121
929,121
930,121
931,121
932,121
933,121
934,121
935,121
936,121
937,121
938,121
939,121
940,121
941,121
942,121
943,121
944,121
945,121
946,121
947,121
948,121
949,121
950,121
951,121
952,121
953,121
954,121
955,121
956,121
957,121
958,121
959,121
960,121
961,121
962,121
963,121
964,121
965,121
966,121
967,121
968,121
969,121
970,121
971,121
972,121
973,121
974,121
975,121
976,121
977,121
978,121
979,121
980,121
981,122
982,122
983,122
984,122
985,122
986,122
987,122
988,122
989,122
990,122
991,122
992,122
993,122
994,122
995,122
996,122
997,122
998,122
999,122
1000,122
1001,122
1002,122
1003,122
1004,122
1005,122
1006,122
1007,122
1008,122
1009,122
1010,122
1011,122
1012,122
1013,122
1014,122
1015,122
1016,122
1017,122
1018,122
1019,122
1020,122
1021,122
1022,122
1023,122
1024,122
1025,122
1026,122
1027,122
1028,122
1029,122
1030,122
1031,122
1032,122
1033,122
1034,122
1035,122
1036,122
1037,122
1038,122
1039,122
1040,122
1041,122
1042,122
1043,122
1044,122
1045,122
1046,122
1047,122
1048,122
1049,122
1050,122
1051,122
1052,122
1053,122
1054,122
1055,122
1056,122
1057,122
1058,122
1059,122
1060,122
1061,122
1062,122
1063,122
1064,122
1065,122
1066,122
1067,122
1068,122
1069,122
1070,122
1071,122
1072,122
1073,122
1074,122
1075,122
1076,122
1077,122
1078,122
1079,122
1080,122
1081,122
1082,122
1083,122
1084,122
1085,122
1086,122
1087,122
1088,122
1089,122
1090,122
1091,122
1092,122
1093,122
1094,122
1095,122
1096,122
1097,122
1098,122
1099,122
1100,122
1101,122
1102,122
1103,122
1104,122
1105,122
1106,122
1107,122
1108,122
1109,122
1110,122
1111,122
1112,122
1113,122
1114,122
1115,122
1116,122
1117,122
1118,122
1119,122
1120,122
1121,122
1122,122
1123,122
1124,122
1125,122
1126,122
1127,122
1128,122
1129,122
1130,122
1131,122
1132,122
1133,122
1134,122
1135,122
1136,122
1137,122
1138,122
1139,122
1140,122
1141,122
1142,122
1143,122
1144,122
1145,122
1146,122
1147,122
1148,122
1149,122
1150,122
1151,122
1152,122
1153,122
1154,122
1155,122
1156,122
1157,122
1158,122
1159,122
1160,122
1161,122
1162,122
1163,122
1164,122
1165,122
1166,122
1167,122
1168,122
1169,122
1170,122
1171,122
1172,122
1173,122
1174,122
1175,122
1176,122
1177,122
1178,122
1179,122
1180,122
1181,122
1182,122
1183,122
1184,122
1185,122
1186,122
1187,122
1188,122
1189,122
1190,122
1191,122
1192,122
1193,122
1194,122
1195,122
1196,122
1197,122
1198,122
1199,122
1200,122
1201,122
1202,122
1203,122
1204,122
1205,122
1206,122
1207,122
1208,122
1209,122
1210,122
1211,122
1212,122
1213,122
1214,122
1215,123
1216,123
1217,123
1218,123
1219,123
1220,123
1221,123
1222,123
1223,123
1224,123
1225,123
1226,123
1227,123
1228,123
1229,123
1230,123
1231,123
1232,123
1233,123
1234,123
1235,123
1236,123
1237,123
1238,123
1239,123
1240,123
1241,123
1242,123
1243,123
1244,123
1245,123
1246,123
1247,123
1248,123
1249,123
1250,123
1251,123
1252,123
1253,123
1254,123
1255,123
1256,123
1257,123
1258,123
1259,123
1260,123
1261,123
1262,123
1263,123
1264,123
1265,123
1266,123
1267,123
1268,123
1269,123
1270,123
1271,123
1272,123
1273,123
1274,123
1275,123
1276,123
1277,123
1278,123
1279,123
1280,123
1281,123
1282,124
1283,124
1284,124
1285,124
1286,124
1287,124
1288,124
1289,124
1290,124
1291,124
1292,124
1293,124
1294,124
1295,124
1296,124
1297,124
1298,124
1299,124
1300,124
1301,124
1302,124
1303,124
1304,124
1305,124
1306,124
1307,124
1308,124
1309,125
1310,126
1311,126
1312,127
1313,128
1314,128
1315,129
1316,130
1317,131
1318,131
1319,131
1320,131
1321,131
1322,131
1323,131
1324,131
1325,131
1326,131
1327,131
1328,131
1329,131
1330,131
1331,131
1332,131
1333,131
1334,131
1335,131
1336,131
1337,131
1338,131
1339,131
1340,131
1341,131
1342,131
1343,131
1344,131
1345,131
1346,131
1347,131
1348,131
1349,131
1350,131
1351,131
1352,131
1353,132
1354,133
1355,134
1356,134
1357,134
1358,135
1359,135
1360,135
1361,136
1362,136
1363,137
1364,137
1365,138
1366,138
1367,138
1368,138
1369,138
1370,138
1371,138
1372,138
1373,138
1374,138
1375,138
1376,138
1377,138
1378,138
1379,138
1380,138
1381,138
1382,138
1383,138
1384,138
1385,138
1386,138
1387,138
1388,138
1389,138
1390,138
1391,138
1392,138
1393,138
1394,138
1395,138
1396,138
1397,138
1398,138
1399,138
1400,138
1401,138
1402,138
1403,138
1404,138
1405,138
1406,138
1407,138
1408,138
1409,138
1410,138
1411,138
1412,138
1413,138
1414,138
1415,138
1416,138
1417,138
1418,138
1419,138
1420,138
1421,138
1422,138
1423,138
1424,138
1425,138
1426,138
1427,138
1428,138
1429,138
1430,138
1431,138
1432,138
1433,138
1434,138
1435,138
1436,138
1437,138
1438,138
1439,138
1440,138
1441,138
1442,138
1443,138
1444,138
1445,138
1446,138
1447,138
1448,138
1449,138
1450,138
1451,138
1452,138
1453,138
1454,138
1455,138
1456,138
1457,138
1458,138
1459,138
1460,138
1461,138
1462,138
1463,138
1464,138
1465,138
1466,138
1467,138
1468,138
1469,138
1470,138
1471,138
1472,138
1473,138
1474,138
1475,138
1476,138
1477,138
1478,138
1479,138
1480,138
1481,138
1482,138
1483,138
1484,138
1485,138
1486,138
1487,138
1488,138
1489,138
1490,138
1491,138
1492,138
1493,138
1494,138
1495,138
1496,138
1497,138
1498,138
1499,138
1500,138
1501,138
1502,138
1503,138
1504,138
1505,138
1506,138
1507,138
1508,138
1509,138
1510,138
1511,138
1512,138
1513,138
1514,138
1515,138
1516,138
1517,138
1518,138
1519,138
1520,138
1521,138
1522,138
1523,138
1524,138
1525,138
1526,138
1527,138
1528,138
1529,139
1530,139
1531,139
1532,139
1533,139
1534,139
1535,139
1536,139
1537,139
1538,139
1539,139
1540,139
1541,139
1542,139
1543,139
1544,139
1545,139
1546,139
1547,139
1548,139
1549,139
1550,139
1551,139
1552,139
1553,139
1554,139
1555,139
1556,139
1557,139
1558,139
1559,139
1560,139
1561,139
1562,139
1563,139
1564,139
1565,139
1566,139
1567,139
1568,139
1569,139
1570,139
1571,139
1572,139
1573,139
1574,139
1575,139
1576,139
1577,139
1578,139
1579,139
1580,139
1581,139
1582,139
1583,139
1584,139
1585,139
1586,139
1587,139
1588,139
1589,139
1590,139
1591,139
1592,139
1593,139
1594,139
1595,139
1596,139
1597,139
1598,139
1599,139
1600,139
1601,139
1602,139
1603,139
1604,139
1605,139
1606,139
1607,139
1608,139
1609,139
1610,139
1611,139
1612,139
1613,139
1614,139
1615,139
1616,139
1617,139
1618,139
1619,139
1620,139
1621,139
1622,139
1623,139
1624,139
1625,139
1626,139
1627,139
1628,139
1629,139
1630,139
1631,139
1632,139
1633,139
1634,139
1635,139
1636,139
1637,139
1638,139
1639,139
1640,139
1641,139
1642,139
1643,139
1644,139
1645,139
1646,139
1647,139
1648,139
1649,139
1650,139
1651,140
1652,140
1653,140
1654,140
1655,140
1656,140
1657,140
1658,140
1659,140
1660,140
1661,140
1662,140
1663,140
1664,140
1665,140
1666,140
1667,140
1668,140
1669,140
1670,140
1671,140
1672,140
1673,140
1674,140
1675,140
1676,140
1677,140
1678,140
1679,140
1680,140
1681,140
1682,140
1683,140
1684,140
1685,140
1686,140
1687,140
1688,140
1689,140
1690,140
1691,140
1692,140
1693,140
1694,140
1695,140
1696,140
1697,140
1698,140
1699,140
1700,140
1701,140
1702,140
1703,140
1704,140
1705,140
1706,140
1707,140
1708,140
1709,140
1710,140
1711,140
1712,140
1713,140
1714,140
1715,140
1716,140
1717,140
1718,140
1719,140
1720,140
1721,140
1722,140
1723,140
1724,140
1725,140
1726,140
1727,140
1728,140
1729,140
1730,140
1731,140
1732,140
1733,140
1734,140
1735,140
1736,140
1737,140
1738,140
1739,140
1740,140
1741,140
1742,140
1743,140
1744,140
1745,140
1746,140
1747,140
1748,140
1749,140
1750,140
1751,140
1752,140
1753,140
1754,140
1755,140
1756,140
1757,140
1758,140
1759,140
1760,140
1761,140
1762,140
1763,140
1764,140
1765,140
1766,140
1767,140
1768,140
1769,140
1770,140
1771,140
1772,140
1773,140
1774,140
1775,140
1776,140
1777,140
1778,140
1779,140
1780,140
1781,140
1782,140
1783,140
1784,140
1785,140
1786,140
1787,140
1788,140
1789,140
1790,140
1791,140
1792,140
1793,140
1794,140
1795,140
1796,140
1797,140
1798,140
1799,140
1800,140
1801,140
1802,140
1803,140
1804,140
1805,140
1806,140
1807,140
1808,140
1809,140
1810,140
1811,140
1812,140
1813,140
1814,140
1815,140
1816,140
1817,140
1818,140
1819,140
1820,140
1821,140
1822,140
1823,140
1824,140
1825,140
1826,140
1827,140
1828,140
1829,140
1830,140
1831,140
1832,140
1833,140
1834,140
1835,140
1836,140
1837,140
1838,140
1839,140
1840,140
1841,140
1842,140
1843,140
1844,141
1845,141
1846,141
1847,141
1848,141
1849,141
1850,141
1851,141
1852,141
1853,141
1854,141
1855,141
1856,141
1857,141
1858,141
1859,141
1860,141
1861,141
1862,141
1863,141
1864,141
1865,141
1866,141
1867,141
1868,141
1869,141
1870,141
1871,141
1872,141
1873,141
1874,141
1875,141
1876,141
1877,141
1878,141
1879,141
1880,141
1881,141
1882,141
1883,141
1884,141
1885,141
1886,141
1887,141
1888,141
1889,141
1890,141
1891,141
1892,141
1893,141
1894,141
1895,141
1896,141
1897,141
1898,141
1899,141
1900,141
1901,141
1902,141
1903,141
1904,141
1905,141
1906,141
1907,141
1908,141
1909,141
1910,141
1911,141
1912,141
1913,141
1914,141
1915,141
1916,141
1917,141
1918,141
1919,141
1920,141
1921,141
1922,141
1923,141
1924,141
1925,141
1926,141
1927,141
1928,141
1929,141
1930,141
1931,141
1932,141
1933,141
1934,141
1935,141
1936,141
1937,141
1938,141
1939,141
1940,141
1941,141
1942,141
1943,141
1944,141
1945,141
1946,141
1947,141
1948,141
1949,141
1950,141
1951,141
1952,141
1953,141
1954,141
1955,141
1956,141
1957,141
1958,141
1959,141
1960,141
1961,141
1962,141
1963,141
1964,141
1965,141
1966,141
1967,141
1968,141
1969,141
1970,141
1971,141
1972,141
1973,141
1974,141
1975,141
1976,141
1977,141
1978,141
1979,141
1980,141
1981,141
1982,141
1983,141
1984,141
1985,141
1986,141
1987,141
1988,141
1989,141
1990,141
1991,141
1992,141
1993,141
1994,141
1995,141
1996,141
1997,141
1998,141
1999,141
2000,141
2001,141
2002,141
2003,141
2004,141
2005,141
2006,141
2007,141
2008,141
2009,141
2010,141
2011,141
2012,141
2013,141
2014,141
2015,141
2016,141
2017,141
2018,141
2019,141
2020,141
2021,141
2022,141
2023,141
2024,141
2025,141
2026,141
2027,141
2028,141
2029,141
2030,141
2031,141
2032,141
2033,141
2034,141
2035,141
2036,141
2037,141
2038,141
2039,141
2040,141
2041,141
2042,141
2043,141
2044,141
2045,141
2046,141
2047,141
2048,141
2049,141
2050,141
2051,141
2052,141
2053,141
2054,141
2055,141
2056,141
2057,141
2058,141
2059,141
2060,141
2061,141
2062,141
2063,141
2064,141
2065,141
2066,141
2067,141
2068,141
2069,141
2070,141
2071,141
2072,141
2073,141
2074,141
2075,141
2076,141
2077,141
2078,141
2079,141
2080,141
2081,141
2082,141
2083,141
2084,141
2085,141
2086,141
2087,141
2088,141
2089,141
2090,141
2091,141
2092,141
2093,141
2094,141
2095,141
2096,141
2097,141
2098,141
2099,141
2100,141
2101,141
2102,141
2103,141
2104,141
2105,141
2106,141
2107,141
2108,141
2109,141
2110,141
2111,141
2112,141
2113,141
2114,141
2115,141
2116,141
2117,141
2118,141
2119,141
2120,141
2121,141
2122,141
2123,141
2124,141
2125,141
2126,141
2127,141
2128,141
2129,141
2130,141
2131,141
2132,141
2133,141
2134,141
2135,141
2136,141
2137,141
2138,141
2139,141
2140,141
2141,141
2142,141
2143,141
2144,141
2145,141
2146,141
2147,141
2148,141
2149,141
2150,141
2151,141
2152,141
2153,141
2154,141
2155,141
2156,141
2157,141
2158,141
2159,141
2160,141
2161,141
2162,141
2163,141
2164,141
2165,141
2166,141
2167,141
2168,141
2169,141
2170,141
2171,141
2172,141
2173,141
2174,141
2175,141
2176,141
2177,141
2178,141
2179,141
2180,141
2181,141
2182,141
2183,141
2184,141
2185,141
2186,141
2187,141
2188,141
2189,141
2190,141
2191,141
2192,141
2193,141
2194,141
2195,141
2196,141
2197,141
2198,141
2199,141
2200,141
2201,141
2202,141
2203,141
2204,141
2205,141
2206,141
2207,141
2208,141
2209,141
2210,141
2211,141
2212,141
2213,141
2214,141
2215,141
2216,141
2217,141
2218,141
2219,141
2220,141
2221,141
2222,141
2223,141
2224,141
2225,141
2226,141
2227,141
2228,141
2229,141
2230,141
2231,141
2232,141
2233,141
2234,141
2235,141
2236,141
2237,141
2238,141
2239,141
2240,141
2241,141
2242,141
2243,141
2244,141
2245,141
2246,141
2247,141
2248,141
2249,141
2250,141
2251,141
2252,141
2253,141
2254,141
2255,141
2256,141
2257,141
2258,141
2259,141
2260,142
2261,142
2262,142
2263,142
2264,142
2265,142
2266,142
2267,142
2268,142
2269,142
2270,142
2271,142
2272,142
2273,142
2274,142
2275,142
2276,142
2277,142
2278,142
2279,142
2280,142
2281,142
2282,142
2283,142
2284,142
2285,142
2286,142
2287,142
2288,142
2289,142
2290,142
2291,142
2292,142
2293,142
2294,142
2295,142
2296,142
2297,142
2298,142
2299,142
2300,142
2301,142
2302,142
2303,142
2304,142
2305,142
2306,142
2307,142
2308,142
2309,142
2310,142
2311,142
2312,142
2313,142
2314,142
2315,142
2316,142
2317,142
2318,142
2319,142
2320,142
2321,142
2322,142
2323,142
2324,142
2325,142
2326,142
2327,142
2328,142
2329,142
2330,142
2331,142
2332,142
2333,142
2334,142
2335,142
2336,142
2337,142
2338,142
2339,142
2340,142
2341,142
2342,142
2343,142
2344,142
2345,142
2346,142
2347,142
2348,142
2349,142
2350,142
2351,142
2352,142
2353,142
2354,142
2355,142
2356,142
2357,142
2358,142
2359,142
2360,142
2361,142
2362,142
2363,142
2364,142
2365,142
2366,142
2367,142
2368,142
2369,142
2370,142
2371,142
2372,142
2373,142
2374,142
2375,142
2376,142
2377,142
2378,142
2379,142
2380,142
2381,142
2382,142
2383,142
2384,142
2385,142
2386,142
2387,142
2388,142
2389,142
2390,142
2391,142
2392,142
2393,142
2394,142
2395,142
2396,142
2397,142
2398,142
2399,142
2400,142
2401,142
2402,142
2403,142
2404,142
2405,142
2406,142
2407,142
2408,142
2409,142
2410,142
2411,142
2412,142
2413,142
2414,142
2415,142
2416,143
2417,144
2418,144
2419,144
2420,144
2421,144
2422,144
2423,144
2424,144
2425,144
2426,144
2427,144
2428,144
2429,144
2430,144
2431,144
2432,144
2433,144
2434,144
2435,144
2436,144
2437,144
2438,144
2439,144
2440,144
2441,144
2442,144
2443,144
2444,144
2445,144
2446,144
2447,144
2448,144
2449,144
2450,144
2451,144
2452,144
2453,144
2454,144
2455,144
2456,144
2457,144
2458,144
2459,144
2460,144
2461,144
2462,144
2463,144
2464,144
2465,144
2466,144
2467,144
2468,144
2469,144
2470,144
2471,144
2472,144
2473,144
2474,144
2475,144
2476,144
2477,144
2478,144
2479,144
2480,144
2481,144
2482,144
2483,144
2484,144
2485,144
2486,144
2487,144
2488,144
2489,144
2490,144
2491,144
2492,144
2493,144
2494,144
2495,144
2496,144
2497,144
2498,144
2499,144
2500,144
2501,144
2502,144
2503,144
2504,144
2505,144
2506,144
2507,144
2508,144
2509,144
2510,144
2511,144
2512,144
2513,144
2514,144
2515,144
2516,144
2517,144
2518,144
2519,144
2520,144
2521,144
2522,144
2523,144
2524,144
2525,144
2526,144
2527,144
2528,144
2529,144
2530,144
2531,144
2532,144
2533,144
2534,144
2535,144
2536,144
2537,144
2538,144
2539,144
2540,144
2541,144
2542,144
2543,144
2544,144
2545,144
2546,144
2547,144
2548,144
2549,144
2550,144
2551,144
2552,144
2553,144
2554,144
2555,144
2556,144
2557,144
2558,144
2559,144
2560,144
2561,144
2562,144
2563,144
2564,144
2565,144
2566,144
2567,144
2568,144
2569,144
2570,144
2571,144
2572,144
2573,144
2574,144
2575,144
2576,144
2577,144
2578,144
2579,144
2580,144
2581,144
2582,144
2583,144
2584,144
2585,144
2586,144
2587,144
2588,144
2589,144
2590,144
2591,144
2592,144
2593,144
2594,144
2595,144
2596,144
2597,144
2598,144
2599,144
2600,144
2601,144
2602,144
2603,144
2604,144
2605,144
2606,144
2607,144
2608,144
2609,144
2610,144
2611,144
2612,144
2613,144
2614,144
2615,144
2616,144
2617,144
2618,144
2619,144
2620,144
2621,144
2622,144
2623,144
2624,144
2625,144
2626,144
2627,144
2628,144
2629,144
2630,144
2631,144
2632,144
2633,144
2634,144
2635,144
2636,144
2637,144
2638,144
2639,144
2640,144
2641,144
2642,144
2643,144
2644,144
2645,144
2646,144
2647,144
2648,144
2649,144
2650,144
2651,144
2652,144
2653,144
2654,144
2655,144
2656,144
2657,144
2658,144
2659,144
2660,144
2661,144
2662,144
2663,144
2664,144
2665,144
2666,144
2667,144
2668,144
2669,144
2670,144
2671,144
2672,144
2673,144
2674,144
2675,144
2676,144
2677,144
2678,144
2679,144
2680,144
2681,144
2682,144
2683,144
2684,144
2685,144
2686,144
2687,144
2688,144
2689,144
2690,144
2691,144
2692,144
2693,144
2694,144
2695,144
2696,144
2697,144
2698,144
2699,144
2700,144
2701,144
2702,144
2703,144
2704,144
2705,144
2706,144
2707,144
2708,144
2709,144
2710,144
2711,144
2712,144
2713,144
2714,144
2715,144
2716,144
2717,144
2718,144
2719,144
2720,144
2721,144
2722,144
2723,144
2724,144
2725,144
2726,144
2727,144
2728,144
2729,144
2730,144
2731,144
2732,144
2733,144
2734,144
2735,144
2736,144
2737,144
2738,144
2739,144
2740,144
2741,144
2742,144
2743,144
2744,144
2745,144
2746,144
2747,144
2748,144
2749,144
2750,144
2751,144
2752,144
2753,144
2754,144
2755,144
2756,144
2757,144
2758,144
2759,144
2760,144
2761,144
2762,144
2763,144
2764,144
2765,144
2766,144
2767,144
2768,144
2769,144
2770,144
2771,144
2772,144
2773,144
2774,144
2775,144
2776,144
2777,144
2778,144
2779,144
2780,144
2781,144
2782,144
2783,144
2784,144
2785,144
2786,144
2787,144
2788,144
2789,144
2790,144
2791,144
2792,144
2793,144
2794,144
2795,144
2796,144
2797,144
2798,144
2799,144
2800,144
2801,144
2802,144
2803,144
2804,144
2805,144
2806,144
2807,144
2808,144
2809,144
2810,144
2811,144
2812,144
2813,144
2814,144
2815,144
2816,144
2817,144
2818,144
2819,144
2820,144
2821,144
2822,144
2823,144
2824,144
2825,144
2826,144
2827,144
2828,144
2829,144
2830,144
2831,144
2832,144
2833,144
2834,144
2835,144
2836,144
2837,144
2838,144
2839,144
2840,144
2841,144
2842,144
2843,144
2844,144
2845,144
2846,144
2847,144
2848,144
2849,144
2850,144
2851,144
2852,144
2853,144
2854,144
2855,144
2856,144
2857,144
2858,144
2859,144
2860,144
2861,144
2862,144
2863,144
2864,144
2865,144
2866,144
2867,144
2868,144
2869,144
2870,144
2871,144
2872,144
2873,144
2874,144
2875,144
2876,144
2877,144
2878,144
2879,144
2880,144
2881,144
2882,144
2883,144
2884,144
2885,144
2886,144
2887,144
2888,144
2889,144
2890,144
2891,144
2892,144
2893,144
2894,144
2895,144
2896,144
2897,144
2898,144
2899,144
2900,144
2901,144
2902,144
2903,144
2904,144
2905,144
2906,144
2907,144
2908,144
2909,144
2910,144
2911,144
2912,144
2913,144
2914,144
2915,144
2916,144
2917,144
2918,144
2919,144
2920,144
2921,144
2922,144
2923,144
2924,144
2925,144
2926,144
2927,144
2928,144
2929,144
2930,144
2931,144
2932,144
2933,144
2934,144
2935,144
2936,144
2937,144
2938,144
2939,144
2940,144
2941,144
2942,144
2943,144
2944,144
2945,144
2946,144
2947,144
2948,144
2949,144
2950,144
2951,144
2952,144
2953,144
2954,144
2955,144
2956,144
2957,144
2958,144
2959,144
2960,144
2961,144
2962,144
2963,144
2964,144
2965,144
2966,144
2967,144
2968,144
2969,144
2970,144
2971,144
2972,144
2973,144
2974,144
2975,144
2976,144
2977,144
2978,144
2979,144
2980,144
2981,144
2982,144
2983,144
2984,144
2985,144
2986,144
2987,144
2988,144
2989,144
2990,144
2991,144
2992,144
2993,144
2994,144
2995,144
2996,144
2997,144
2998,144
2999,144
3000,144
3001,144
3002,144
3003,144
3004,144
3005,144
3006,144
3007,144
3008,144
3009,144
3010,144
3011,144
3012,144
3013,144
3014,144
3015,144
3016,144
3017,144
3018,144
3019,144
3020,144
3021,144
3022,144
3023,144
3024,144
3025,144
3026,144
3027,144
3028,144
3029,144
3030,144
3031,144
3032,144
3033,144
3034,144
3035,144
3036,144
3037,144
3038,144
3039,144
3040,144
3041,144
3042,144
3043,144
3044,144
3045,144
3046,144
3047,144
3048,144
3049,144
3050,144
3051,144
3052,144
3053,144
3054,144
3055,144
3056,144
3057,144
3058,144
3059,144
3060,144
3061,144
3062,144
3063,144
3064,144
3065,144
3066,144
3067,144
3068,144
3069,144
3070,144
3071,144
3072,144
3073,144
3074,144
3075,144
3076,144
3077,144
3078,144
3079,144
3080,144
3081,144
3082,144
3083,144
3084,144
3085,144
3086,144
3087,144
3088,144
3089,144
3090,144
3091,144
3092,144
3093,144
3094,144
3095,144
3096,144
3097,144
3098,144
3099,144
3100,144
3101,144
3102,144
3103,144
3104,144
3105,144
3106,144
3107,144
3108,144
3109,144
3110,144
3111,144
3112,144
3113,144
3114,144
3115,144
3116,144
3117,144
3118,144
3119,144
3120,144
3121,144
3122,144
3123,144
3124,144
3125,144
3126,144
3127,144
3128,144
3129,144
3130,144
3131,144
3132,144
3133,144
3134,144
3135,144
3136,144
3137,144
3138,144
3139,144
3140,144
3141,144
3142,144
3143,144
3144,144
3145,144
3146,144
3147,144
3148,144
3149,144
3150,144
3151,144
3152,144
3153,144
3154,144
3155,144
3156,144
3157,144
3158,144
3159,144
3160,144
3161,144
3162,144
3163,144
3164,144
3165,144
3166,144
3167,144
3168,144
3169,144
3170,144
3171,144
3172,144
3173,144
3174,144
3175,144
3176,144
3177,144
3178,144
3179,144
3180,144
3181,144
3182,144
3183,144
3184,144
3185,144
3186,144
3187,144
3188,144
3189,144
3190,144
3191,144
3192,144
3193,144
3194,144
3195,144
3196,144
3197,144
3198,144
3199,144
3200,144
3201,144
3202,144
3203,144
3204,144
3205,144
3206,144
3207,144
3208,144
3209,144
3210,144
3211,144
3212,144
3213,144
3214,144
3215,144
3216,144
3217,144
3218,144
3219,144
3220,144
3221,144
3222,144
3223,144
3224,144
3225,144
3226,144
3227,144
3228,144
3229,144
3230,144
3231,144
3232,144
3233,144
3234,144
3235,144
3236,144
3237,144
3238,144
3239,144
3240,144
3241,144
3242,144
3243,144
3244,144
3245,144
3246,144
3247,144
3248,144
3249,144
3250,144
3251,144
3252,144
3253,144
3254,144
3255,144
3256,144
3257,144
3258,144
3259,144
3260,144
3261,144
3262,144
3263,144
3264,144
3265,144
3266,144
3267,144
3268,144
3269,144
3270,144
3271,144
3272,144
3273,144
3274,144
3275,144
3276,144
3277,144
3278,144
3279,144
3280,144
3281,144
3282,144
3283,144
3284,144
3285,144
3286,144
3287,144
3288,144
3289,144
3290,144
3291,144
3292,144
3293,144
3294,144
3295,144
3296,144
3297,144
3298,144
3299,144
3300,144
3301,144
3302,144
3303,144
3304,144
3305,144
3306,144
3307,144
3308,144
3309,144
3310,144
3311,144
3312,144
3313,144
3314,144
3315,144
3316,144
3317,144
3318,144
3319,144
3320,144
3321,144
3322,144
3323,144
3324,144
3325,144
3326,144
3327,144
3328,144
3329,144
3330,144
3331,144
3332,144
3333,144
3334,144
3335,144
3336,144
3337,144
3338,144
3339,144
3340,144
3341,144
3342,144
3343,144
3344,144
3345,144
3346,144
3347,144
3348,144
3349,144
3350,144
3351,144
3352,144
3353,144
3354,144
3355,144
3356,144
3357,144
3358,144
3359,144
3360,144
3361,144
3362,144
3363,144
3364,144
3365,144
3366,144
3367,144
3368,144
3369,144
3370,144
3371,144
3372,144
3373,144
3374,144
3375,144
3376,144
3377,144
3378,144
3379,144
3380,144
3381,144
3382,144
3383,144
3384,144
3385,144
3386,144
3387,144
3388,144
3389,144
3390,144
3391,144
3392,144
3393,144
3394,144
3395,144
3396,144
3397,144
3398,144
3399,144
3400,144
3401,144
3402,144
3403,144
3404,144
3405,144
3406,144
3407,144
3408,144
3409,144
3410,144
3411,144
3412,144
3413,144
3414,144
3415,144
3416,144
3417,144
3418,144
3419,144
3420,144
3421,144
3422,144
3423,144
3424,144
3425,144
3426,144
3427,144
3428,144
3429,144
3430,144
3431,144
3432,144
3433,144
3434,144
3435,144
3436,144
3437,144
3438,144
3439,144
3440,144
3441,144
3442,144
3443,144
3444,144
3445,144
3446,144
3447,144
3448,144
3449,144
3450,144
3451,144
3452,144
3453,144
3454,144
3455,144
3456,144
3457,144
3458,144
3459,144
3460,144
3461,144
3462,144
3463,144
3464,144
3465,144
3466,144
3467,144
3468,144
3469,144
3470,144
3471,144
3472,144
3473,144
3474,144
3475,144
3476,144
3477,144
3478,144
3479,144
3480,144
3481,144
3482,144
3483,144
3484,144
3485,144
3486,144
3487,144
3488,144
3489,144
3490,144
3491,144
3492,144
3493,144
3494,144
3495,144
3496,144
3497,144
3498,144
3499,144
3500,144
3501,144
3502,144
3503,144
3504,144
3505,144
3506,144
3507,144
3508,144
3509,144
3510,144
3511,144
3512,144
3513,144
3514,144
3515,144
3516,144
3517,144
3518,144
3519,144
3520,144
3521,144
3522,144
3523,144
3524,144
3525,144
3526,144
3527,144
3528,144
3529,144
3530,144
3531,144
3532,144
3533,144
3534,144
3535,144
3536,144
3537,144
3538,144
3539,144
3540,144
3541,144
3542,144
3543,144
3544,144
3545,144
3546,144
3547,144
3548,144
3549,144
3550,144
3551,144
3552,144
3553,144
3554,144
3555,144
3556,144
3557,144
3558,144
3559,144
3560,144
3561,144
3562,144
3563,144
3564,144
3565,144
3566,144
3567,144
3568,144
3569,144
3570,144
3571,144
3572,144
3573,144
3574,144
3575,144
3576,144
3577,144
3578,144
3579,144
3580,144
3581,144
3582,144
3583,144
3584,144
3585,144
3586,144
3587,144
3588,144
3589,144
3590,144
3591,144
3592,144
3593,144
3594,144
3595,144
3596,144
3597,144
3598,144
3599,144
3600,144
3601,144
3602,144
3603,144
3604,144
3605,144
3606,144
3607,144
3608,144
3609,144
3610,144
3611,144
3612,144
3613,144
3614,144
3615,144
3616,144
3617,144
3618,144
3619,144
3620,144
3621,144
3622,144
3623,144
3624,144
3625,144
3626,144
3627,144
3628,144
3629,144
3630,144
3631,144
3632,144
3633,144
3634,144
3635,144
3636,144
3637,144
3638,144
3639,144
3640,144
3641,144
3642,144
3643,144
3644,144
3645,144
3646,144
3647,144
3648,144
3649,144
3650,144
3651,144
3652,144
3653,144
3654,144
3655,144
3656,144
3657,144
3658,144
3659,144
3660,144
3661,144
3662,144
3663,144
3664,144
3665,144
3666,144
3667,144
3668,144
3669,144
3670,144
3671,144
3672,144
3673,144
3674,144
3675,144
3676,144
3677,144
3678,144
3679,144
3680,144
3681,144
3682,144
3683,144
3684,144
3685,144
3686,144
3687,144
3688,144
3689,144
3690,144
3691,144
3692,144
3693,144
3694,144
3695,144
3696,144
3697,144
3698,144
3699,144
3700,144
3701,144
3702,144
3703,144
3704,144
3705,144
3706,144
3707,144
3708,144
3709,144
3710,144
3711,144
3712,144
3713,144
3714,144
3715,144
3716,144
3717,144
3718,144
3719,144
3720,144
3721,144
3722,144
3723,144
3724,144
3725,144
3726,144
3727,144
3728,144
3729,144
3730,144
3731,144
3732,144
3733,144
3734,144
3735,144
3736,144
3737,144
3738,144
3739,144
3740,144
3741,144
3742,144
3743,144
3744,144
3745,144
3746,144
3747,144
3748,144
3749,144
3750,144
3751,144
3752,144
3753,144
3754,144
3755,144
3756,144
3757,144
3758,144
3759,144
3760,144
3761,144
3762,144
3763,144
3764,144
3765,144
3766,144
3767,144
3768,144
3769,144
3770,144
3771,144
3772,144
3773,144
3774,144
3775,144
3776,144
3777,144
3778,144
3779,144
3780,144
3781,144
3782,144
3783,144
3784,144
3785,144
3786,144
3787,144
3788,144
3789,144
3790,144
3791,144
3792,144
3793,144
3794,144
3795,144
3796,144
3797,144
3798,144
3799,144
3800,144
3801,144
3802,144
3803,144
3804,144
3805,144
3806,144
3807,144
3808,144
3809,144
3810,144
3811,144
3812,144
3813,144
3814,144
3815,144
3816,144
3817,144
3818,144
3819,144
3820,144
3821,144
3822,144
3823,144
3824,144
3825,144
3826,144
3827,144
3828,144
3829,144
3830,144
3831,144
3832,144
3833,144
3834,144
3835,144
3836,144
3837,144
3838,144
3839,144
3840,144
3841,144
3842,144
3843,144
3844,144
3845,144
3846,144
3847,144
3848,144
3849,144
3850,144
3851,144
3852,144
3853,144
3854,144
3855,144
3856,144
3857,144
3858,144
3859,144
3860,144
3861,144
3862,144
3863,144
3864,144
3865,144
3866,144
3867,144
3868,144
3869,144
3870,144
3871,144
3872,144
3873,144
3874,144
3875,144
3876,144
3877,144
3878,144
3879,144
3880,144
3881,144
3882,144
3883,144
3884,144
3885,144
3886,144
3887,144
3888,144
3889,144
3890,144
3891,144
3892,144
3893,144
3894,144
3895,144
3896,144
3897,144
3898,144
3899,144
3900,144
3901,144
3902,144
3903,144
3904,144
3905,144
3906,144
3907,144
3908,144
3909,144
3910,144
3911,144
3912,144
3913,144
3914,144
3915,144
3916,144
3917,144
3918,144
3919,144
3920,144
3921,144
3922,144
3923,144
3924,144
3925,144
3926,144
3927,144
3928,144
3929,144
3930,144
3931,144
3932,144
3933,144
3934,144
3935,144
3936,144
3937,144
3938,144
3939,144
3940,144
3941,144
3942,144
3943,144
3944,144
3945,144
3946,144
3947,144
3948,144
3949,144
3950,144
3951,144
3952,144
3953,144
3954,144
3955,144
3956,144
3957,144
3958,144
3959,144
3960,144
3961,144
3962,144
3963,144
3964,144
3965,144
3966,144
3967,144
3968,144
3969,144
3970,144
3971,144
3972,144
3973,144
3974,144
3975,144
3976,144
3977,144
3978,144
3979,144
3980,144
3981,144
3982,144
3983,144
3984,144
3985,144
3986,144
3987,144
3988,144
3989,144
3990,144
3991,144
3992,144
3993,144
3994,144
3995,144
3996,144
3997,144
3998,144
3999,144
4000,144
4001,144
4002,144
4003,144
4004,144
4005,144
4006,144
4007,144
4008,144
4009,144
4010,144
4011,144
4012,144
4013,144
4014,144
4015,144
4016,144
4017,144
4018,144
4019,144
4020,144
4021,144
4022,144
4023,144
4024,144
4025,144
4026,144
4027,144
4028,144
4029,144
4030,144
4031,144
4032,144
4033,144
4034,144
4035,144
4036,144
4037,144
4038,144
4039,144
4040,144
4041,144
4042,144
4043,144
4044,144
4045,144
4046,144
4047,144
4048,144
4049,144
4050,144
4051,144
4052,144
4053,144
4054,144
4055,144
4056,144
4057,144
4058,144
4059,144
4060,144
4061,144
4062,144
4063,144
4064,144
4065,144
4066,144
4067,144
4068,144
4069,144
4070,144
4071,144
4072,144
4073,144
4074,144
4075,144
4076,144
4077,144
4078,144
4079,144
4080,144
4081,144
4082,144
4083,144
4084,144
4085,144
4086,144
4087,144
4088,144
4089,144
4090,144
4091,144
4092,144
4093,144
4094,144
4095,144
4096,144
4097,144
4098,144
4099,144
4100,144
4101,144
4102,144
4103,144
4104,144
4105,144
4106,144
4107,144
4108,144
4109,144
4110,144
4111,144
4112,144
4113,144
4114,144
4115,144
4116,144
4117,144
4118,144
4119,144
4120,144
4121,144
4122,144
4123,144
4124,144
4125,144
4126,144
4127,144
4128,144
4129,144
4130,144
4131,144
4132,144
4133,144
4134,144
4135,144
4136,144
4137,144
4138,144
4139,144
4140,144
4141,144
4142,144
4143,144
4144,144
4145,144
4146,144
4147,144
4148,144
4149,144
4150,144
4151,144
4152,144
4153,144
4154,144
4155,144
4156,144
4157,144
4158,144
4159,144
4160,144
4161,144
4162,144
4163,144
4164,144
4165,144
4166,144
4167,144
4168,144
4169,144
4170,144
4171,144
4172,144
4173,144
4174,144
4175,144
4176,144
4177,144
4178,144
4179,144
4180,144
4181,144
4182,144
4183,144
4184,144
4185,144
4186,144
4187,144
4188,144
4189,144
4190,144
4191,144
4192,144
4193,144
4194,144
4195,144
4196,144
4197,144
4198,144
4199,144
4200,144
4201,144
4202,144
4203,144
4204,144
4205,144
4206,144
4207,144
4208,144
4209,144
4210,144
4211,144
4212,144
4213,144
4214,144
4215,144
4216,144
4217,144
4218,144
4219,144
4220,144
4221,144
4222,144
4223,144
4224,144
4225,144
4226,144
4227,144
4228,144
4229,144
4230,144
4231,144
4232,144
4233,144
4234,144
4235,144
4236,144
4237,144
4238,144
4239,144
4240,144
4241,144
4242,144
4243,144
4244,144
4245,144
4246,144
4247,144
4248,144
4249,144
4250,144
4251,144
4252,144
4253,144
4254,144
4255,144
4256,144
4257,144
4258,144
4259,144
4260,144
4261,144
4262,144
4263,144
4264,144
4265,144
4266,144
4267,144
4268,144
4269,144
4270,144
4271,144
4272,144
4273,144
4274,144
4275,144
4276,144
4277,144
4278,144
4279,144
4280,144
4281,144
4282,144
4283,144
4284,144
4285,144
4286,144
4287,144
4288,144
4289,144
4290,144
4291,144
4292,144
4293,144
4294,144
4295,144
4296,144
4297,144
4298,144
4299,144
4300,144
4301,144
4302,144
4303,144
4304,144
4305,144
4306,144
4307,144
4308,144
4309,144
4310,144
4311,144
4312,144
4313,144
4314,144
4315,144
4316,144
4317,144
4318,144
4319,144
4320,144
4321,144
4322,144
4323,144
4324,144
4325,144
4326,144
4327,144
4328,144
4329,144
4330,144
4331,144
4332,144
4333,144
4334,144
4335,144
4336,144
4337,144
4338,144
4339,144
4340,144
4341,144
4342,144
4343,144
4344,144
4345,144
4346,144
4347,144
4348,144
4349,144
4350,144
4351,144
4352,144
4353,144
4354,144
4355,144
4356,144
4357,144
4358,144
4359,144
4360,144
4361,144
4362,144
4363,144
4364,144
4365,144
4366,144
4367,144
4368,144
4369,144
4370,144
4371,144
4372,144
4373,144
4374,144
4375,144
4376,144
4377,144
4378,144
4379,144
4380,144
4381,144
4382,144
4383,144
4384,144
4385,144
4386,144
4387,144
4388,144
4389,144
4390,144
4391,144
4392,144
4393,144
4394,144
4395,144
4396,144
4397,144
4398,144
4399,144
4400,144
4401,144
4402,144
4403,144
4404,144
4405,144
4406,144
4407,144
4408,144
4409,144
4410,144
4411,144
4412,144
4413,144
4414,144
4415,144
4416,144
4417,144
4418,144
4419,144
4420,144
4421,144
4422,144
4423,144
4424,144
4425,144
4426,144
4427,144
4428,144
4429,144
4430,144
4431,144
4432,144
4433,144
4434,144
4435,144
4436,144
4437,144
4438,144
4439,144
4440,144
4441,144
4442,144
4443,144
4444,144
4445,144
4446,144
4447,144
4448,144
4449,144
4450,144
4451,144
4452,144
4453,144
4454,144
4455,144
4456,144
4457,144
4458,144
4459,144
4460,144
4461,144
4462,144
4463,144
4464,144
4465,144
4466,144
4467,144
4468,144
4469,144
4470,144
4471,144
4472,144
4473,144
4474,144
4475,144
4476,144
4477,144
4478,144
4479,144
4480,144
4481,144
4482,144
4483,144
4484,144
4485,144
4486,144
4487,144
4488,144
4489,144
4490,144
4491,144
4492,144
4493,144
4494,144
4495,144
4496,144
4497,144
4498,144
4499,144
4500,144
4501,144
4502,144
4503,144
4504,144
4505,144
4506,144
4507,144
4508,144
4509,144
4510,144
4511,144
4512,144
4513,144
4514,144
4515,144
4516,144
4517,144
4518,144
4519,144
4520,144
4521,144
4522,144
4523,144
4524,144
4525,144
4526,144
4527,144
4528,144
4529,144
4530,144
4531,144
4532,144
4533,144
4534,144
4535,144
4536,144
4537,144
4538,144
4539,144
4540,144
4541,144
4542,144
4543,144
4544,144
4545,144
4546,144
4547,144
4548,144
4549,144
4550,144
4551,144
4552,144
4553,144
4554,144
4555,144
4556,144
4557,144
4558,144
4559,144
4560,144
4561,144
4562,144
4563,144
4564,144
4565,144
4566,144
4567,144
4568,144
4569,144
4570,144
4571,144
4572,144
4573,144
4574,144
4575,144
4576,144
4577,144
4578,144
4579,144
4580,144
4581,144
4582,144
4583,144
4584,144
4585,144
4586,144
4587,144
4588,144
4589,144
4590,144
4591,144
4592,144
4593,144
4594,144
4595,144
4596,144
4597,144
4598,144
4599,144
4600,144
4601,144
4602,144
4603,144
4604,144
4605,144
4606,144
4607,144
4608,144
4609,144
4610,144
4611,144
4612,144
4613,144
4614,144
4615,144
4616,144
4617,144
4618,144
4619,144
4620,144
4621,144
4622,144
4623,144
4624,144
4625,144
4626,144
4627,144
4628,144
4629,144
4630,144
4631,144
4632,144
4633,144
4634,144
4635,144
4636,144
4637,144
4638,144
4639,144
4640,144
4641,144
4642,144
4643,144
4644,144
4645,144
4646,144
4647,144
4648,144
4649,144
4650,144
4651,144
4652,144
4653,144
4654,144
4655,144
4656,144
4657,144
4658,144
4659,144
4660,144
4661,144
4662,144
4663,144
4664,144
4665,144
4666,144
4667,144
4668,144
4669,144
4670,144
4671,144
4672,144
4673,144
4674,144
4675,144
4676,144
4677,144
4678,144
4679,144
4680,144
4681,144
4682,144
4683,144
4684,144
4685,144
4686,144
4687,144
4688,144
4689,144
4690,144
4691,144
4692,144
4693,144
4694,144
4695,144
4696,144
4697,144
4698,144
4699,144
4700,144
4701,144
4702,144
4703,144
4704,144
4705,144
4706,144
4707,144
4708,144
4709,144
4710,144
4711,144
4712,144
4713,144
4714,144
4715,144
4716,144
4717,144
4718,144
4719,144
4720,144
4721,144
4722,144
4723,144
4724,144
4725,144
4726,144
4727,144
4728,144
4729,144
4730,144
4731,144
4732,144
4733,144
4734,144
4735,144
4736,144
4737,144
4738,144
4739,144
4740,144
4741,144
4742,144
4743,144
4744,144
4745,144
4746,144
4747,144
4748,144
4749,144
4750,144
4751,144
4752,144
4753,144
4754,144
4755,144
4756,144
4757,145
