0,0
1,1
2,2
3,3
4,4
5,5
6,5
7,5
8,6
9,7
10,8
11,9
12,9
13,10
14,11
15,12
16,13
17,13
18,13
19,14
20,15
21,15
22,15
23,15
24,15
25,16
26,17
27,18
28,19
29,20
30,21
31,22
32,23
33,24
34,25
35,25
36,26
37,27
38,28
39,28
40,29
41,29
42,29
43,30
44,30
45,31
46,32
47,32
48,33
49,33
50,34
51,35
52,35
53,35
54,35
55,35
56,35
57,36
58,36
59,36
60,36
61,36
62,36
63,36
64,36
65,37
66,38
67,38
68,38
69,38
70,38
71,39
72,39
73,39
74,39
75,39
76,39
77,39
78,39
79,39
80,39
81,39
82,39
83,39
84,39
85,39
86,40
87,40
88,40
89,40
90,41
91,42
92,43
93,43
94,43
95,43
96,43
97,43
98,43
99,43
100,43
101,43
102,43
103,43
104,43
105,43
106,43
107,43
108,43
109,44
110,45
111,46
112,46
113,46
114,47
115,47
116,47
117,47
118,47
119,47
120,48
121,48
122,49
123,50
124,51
125,52
126,53
127,54
128,55
129,56
130,56
131,57
132,57
133,58
134,59
135,59
136,60
137,61
138,61
139,61
140,61
141,61
142,62
143,63
144,64
145,64
146,65
147,66
148,66
149,66
150,67
151,68
152,69
153,69
154,69
155,69
156,70
157,71
158,71
159,71
160,71
161,71
162,72
163,72
164,72
165,72
166,72
167,72
168,72
169,72
170,72
171,72
172,72
173,72
174,72
175,72
176,72
177,72
178,72
179,73
180,74
181,75
182,76
183,76
184,77
185,77
186,77
187,78
188,78
189,78
190,78
191,78
192,78
193,79
194,79
195,79
196,79
197,79
198,79
199,79
200,79
201,79
202,79
203,79
204,79
205,79
206,79
207,80
208,81
209,81
210,81
211,81
212,81
213,81
214,81
215,81
216,81
217,81
218,81
219,81
220,81
221,81
222,81
223,81
224,81
225,81
226,81
227,81
228,81
229,81
230,81
231,81
232,81
233,81
234,81
235,82
236,82
237,82
238,82
239,82
240,82
241,82
242,82
243,83
244,83
245,83
246,83
247,83
248,83
249,83
250,83
251,83
252,83
253,83
254,83
255,83
256,83
257,83
258,83
259,83
260,83
261,83
262,83
263,83
264,83
265,83
266,83
267,83
268,83
269,83
270,83
271,83
272,83
273,83
274,83
275,83
276,83
277,83
278,83
279,83
280,83
281,83
282,83
283,83
284,83
285,83
286,83
287,83
288,83
289,83
290,83
291,83
292,83
293,83
294,83
295,83
296,84
297,85
298,85
299,85
300,85
301,86
302,87
303,87
304,87
305,87
306,87
307,88
308,88
309,88
310,88
311,88
312,88
313,88
314,88
315,88
316,88
317,88
318,88
319,88
320,88
321,88
322,88
323,88
324,89
325,89
326,89
327,89
328,90
329,90
330,90
331,90
332,90
333,90
334,90
335,91
336,92
337,92
338,92
339,92
340,92
341,93
342,93
343,93
344,94
345,94
346,94
347,94
348,95
349,95
350,95
351,95
352,95
353,95
354,95
355,95
356,95
357,95
358,95
359,95
360,95
361,95
362,95
363,95
364,95
365,95
366,95
367,95
368,95
369,95
370,95
371,95
372,95
373,95
374,95
375,95
376,95
377,95
378,95
379,95
380,95
381,95
382,95
383,95
384,95
385,95
386,95
387,95
388,95
389,95
390,95
391,95
392,95
393,95
394,95
395,95
396,95
397,95
398,95
399,95
400,95
401,95
402,96
403,96
404,96
405,96
406,96
407,96
408,96
409,96
410,96
411,96
412,96
413,96
414,96
415,96
416,96
417,96
418,96
419,96
420,96
421,96
422,96
423,96
424,96
425,96
426,96
427,96
428,96
429,96
430,96
431,96
432,96
433,96
434,96
435,96
436,96
437,96
438,96
439,96
440,96
441,96
442,96
443,96
444,96
445,96
446,96
447,96
448,96
449,96
450,96
451,96
452,96
453,96
454,96
455,96
456,96
457,96
458,96
459,96
460,96
461,96
462,96
463,96
464,96
465,96
466,96
467,96
468,96
469,96
470,96
471,96
472,96
473,96
474,96
475,96
476,96
477,96
478,96
479,96
480,96
481,96
482,96
483,96
484,96
485,96
486,96
487,96
488,96
489,96
490,96
491,96
492,96
493,96
494,96
495,96
496,96
497,96
498,96
499,96
500,96
501,96
502,96
503,96
504,96
505,96
506,96
507,96
508,96
509,96
510,96
511,96
512,96
513,96
514,96
515,96
516,96
517,96
518,96
519,96
520,96
521,96
522,96
523,96
524,96
525,96
526,96
527,96
528,96
529,96
530,96
531,96
532,96
533,96
534,96
535,96
536,96
537,96
538,96
539,96
540,96
541,96
542,96
543,97
544,97
545,97
546,97
547,98
548,98
549,98
550,98
551,98
552,98
553,98
554,98
555,98
556,98
557,98
558,98
559,98
560,98
561,98
562,98
563,98
564,98
565,98
566,98
567,98
568,98
569,98
570,98
571,98
572,98
573,98
574,98
575,98
576,99
577,99
578,99
579,99
580,99
581,99
582,99
583,99
584,99
585,99
586,99
587,99
588,99
589,99
590,99
591,99
592,99
593,99
594,99
595,99
596,99
597,99
598,99
599,99
600,99
601,99
602,99
603,99
604,99
605,99
606,99
607,99
608,99
609,99
610,99
611,99
612,99
613,99
614,99
615,99
616,99
617,99
618,99
619,99
620,99
621,99
622,99
623,99
624,99
625,99
626,99
627,99
628,99
629,99
630,99
631,99
632,99
633,99
634,99
635,99
636,99
637,99
638,99
639,99
640,99
641,99
642,99
643,99
644,99
645,99
646,99
647,99
648,99
649,99
650,99
651,99
652,99
653,99
654,99
655,99
656,99
657,99
658,99
659,99
660,99
661,99
662,99
663,99
664,99
665,99
666,99
667,99
668,99
669,99
670,99
671,99
672,99
673,99
674,99
675,99
676,99
677,99
678,99
679,99
680,99
681,99
682,99
683,99
684,99
685,99
686,99
687,99
688,99
689,99
690,99
691,99
692,99
693,99
694,99
695,99
696,99
697,99
698,99
699,99
700,99
701,99
702,99
703,99
704,99
705,99
706,99
707,99
708,99
709,99
710,99
711,99
712,99
713,99
714,99
715,99
716,99
717,99
718,99
719,99
720,99
721,99
722,99
723,99
724,99
725,99
726,99
727,99
728,99
729,99
730,99
731,99
732,99
733,99
734,99
735,99
736,99
737,99
738,99
739,99
740,99
741,99
742,99
743,99
744,99
745,99
746,99
747,99
748,99
749,99
750,99
751,99
752,99
753,99
754,99
755,99
756,99
757,99
758,99
759,99
760,99
761,99
762,99
763,99
764,99
765,99
766,99
767,99
768,99
769,99
770,99
771,99
772,99
773,99
774,99
775,99
776,99
777,99
778,99
779,99
780,99
781,99
782,99
783,99
784,99
785,99
786,99
787,99
788,99
789,99
790,99
791,99
792,99
793,99
794,99
795,99
796,99
797,99
798,99
799,99
800,99
801,99
802,99
803,99
804,99
805,99
806,99
807,99
808,99
809,99
810,99
811,99
812,99
813,99
814,99
815,99
816,99
817,99
818,99
819,99
820,99
821,99
822,99
823,99
824,99
825,99
826,99
827,99
828,99
829,99
830,99
831,99
832,99
833,99
834,99
835,99
836,99
837,99
838,99
839,99
840,99
841,99
842,99
843,99
844,99
845,99
846,99
847,99
848,99
849,99
850,99
851,99
852,99
853,99
854,99
855,99
856,99
857,99
858,99
859,99
860,99
861,99
862,99
863,99
864,99
865,99
866,99
867,99
868,99
869,99
870,99
871,99
872,99
873,99
874,99
875,99
876,99
877,99
878,99
879,99
880,99
881,99
882,99
883,99
884,99
885,99
886,99
887,99
888,99
889,99
890,99
891,99
892,99
893,99
894,99
895,99
896,99
897,99
898,99
899,99
900,99
901,99
902,99
903,99
904,99
905,99
906,99
907,99
908,99
909,99
910,99
911,99
912,99
913,99
914,99
915,99
916,99
917,99
918,99
919,99
920,99
921,99
922,99
923,99
924,99
925,99
926,99
927,99
928,99
929,99
930,99
931,99
932,99
933,99
934,99
935,99
936,99
937,99
938,99
939,99
940,99
941,99
942,99
943,99
944,99
945,99
946,99
947,99
948,99
949,99
950,99
951,99
952,99
953,99
954,99
955,99
956,99
957,99
958,99
959,99
960,99
961,99
962,99
963,99
964,99
965,99
966,99
967,99
968,99
969,99
970,99
971,99
972,99
973,99
974,99
975,99
976,99
977,99
978,99
979,99
980,99
981,99
982,99
983,99
984,99
985,99
986,99
987,99
988,99
989,99
990,99
991,99
992,99
993,99
994,99
995,99
996,99
997,99
998,99
999,99
1000,99
1001,99
1002,99
1003,99
1004,99
1005,99
1006,99
1007,99
1008,99
1009,99
1010,99
1011,99
1012,99
1013,99
1014,99
1015,99
1016,99
1017,99
1018,99
1019,99
1020,99
1021,99
1022,99
1023,99
1024,99
1025,99
1026,99
1027,99
1028,99
1029,99
1030,99
1031,99
1032,99
1033,99
1034,99
1035,99
1036,99
1037,99
1038,99
1039,99
1040,99
1041,99
1042,99
1043,99
1044,99
1045,99
1046,99
1047,99
1048,99
1049,99
1050,99
1051,99
1052,99
1053,99
1054,99
1055,99
1056,99
1057,99
1058,99
1059,99
1060,99
1061,99
1062,99
1063,99
1064,99
1065,99
1066,99
1067,99
1068,99
1069,99
1070,99
1071,99
1072,99
1073,99
1074,99
1075,99
1076,99
1077,99
1078,99
1079,99
1080,99
1081,99
1082,99
1083,99
1084,99
1085,99
1086,99
1087,99
1088,100
