0,0
1,1
2,2
3,3
4,4
5,5
6,6
7,7
8,8
9,9
10,10
11,11
12,12
13,13
14,14
15,15
16,15
17,16
18,17
19,18
20,19
21,20
22,20
23,21
24,21
25,22
26,22
27,22
28,23
29,23
30,23
31,24
32,24
33,24
34,25
35,26
36,26
37,26
38,27
39,27
40,27
41,27
42,27
43,27
44,28
45,28
46,28
47,28
48,28
49,28
50,28
51,28
52,28
53,28
54,28
55,28
56,28
57,28
58,28
59,28
60,28
61,29
62,30
63,31
64,31
65,32
66,32
67,32
68,32
69,32
70,33
71,33
72,33
73,33
74,33
75,33
76,33
77,33
78,33
79,34
80,34
81,34
82,34
83,34
84,34
85,34
86,34
87,34
88,34
89,34
90,34
91,34
92,34
93,34
94,34
95,34
96,34
97,34
98,34
99,34
100,34
101,34
102,34
103,34
104,34
105,34
106,34
107,34
108,34
109,34
110,34
111,35
112,35
113,35
114,36
115,37
116,38
117,39
118,39
119,40
120,41
121,42
122,43
123,44
124,45
125,46
126,47
127,48
128,49
129,50
130,50
131,51
132,51
133,52
134,52
135,53
136,54
137,55
138,55
139,55
140,55
141,56
142,56
143,56
144,56
145,56
146,56
147,57
148,57
149,58
150,58
151,59
152,60
153,61
154,62
155,63
156,63
157,64
158,65
159,65
160,65
161,65
162,65
163,65
164,65
165,65
166,65
167,65
168,65
169,66
170,66
171,66
172,67
173,68
174,69
175,69
176,69
177,69
178,69
179,69
180,69
181,69
182,70
183,70
184,70
185,70
186,70
187,71
188,71
189,72
190,72
191,72
192,72
193,72
194,72
195,72
196,72
197,72
198,72
199,72
200,72
201,72
202,73
203,73
204,73
205,74
206,74
207,74
208,74
209,74
210,75
211,76
212,77
213,77
214,78
215,78
216,79
217,79
218,79
219,79
220,79
221,79
222,79
223,79
224,79
225,79
226,80
227,80
228,80
229,81
230,81
231,81
232,81
233,81
234,82
235,82
236,82
237,82
238,82
239,82
240,83
241,83
242,83
243,83
244,83
245,83
246,83
247,83
248,83
249,83
250,83
251,83
252,83
253,83
254,83
255,83
256,83
257,83
258,83
259,83
260,83
261,83
262,83
263,83
264,83
265,83
266,83
267,83
268,83
269,83
270,83
271,83
272,83
273,83
274,83
275,83
276,83
277,83
278,83
279,83
280,83
281,83
282,83
283,83
284,83
285,83
286,83
287,83
288,83
289,83
290,83
291,83
292,83
293,83
294,84
295,84
296,84
297,84
298,84
299,84
300,84
301,84
302,84
303,84
304,84
305,84
306,84
307,85
308,85
309,85
310,85
311,85
312,85
313,85
314,85
315,85
316,85
317,85
318,85
319,85
320,85
321,85
322,85
323,85
324,85
325,85
326,85
327,85
328,85
329,85
330,85
331,85
332,85
333,85
334,85
335,85
336,85
337,85
338,85
339,85
340,85
341,85
342,85
343,85
344,85
345,85
346,86
347,86
348,86
349,86
350,86
351,86
352,86
353,86
354,86
355,86
356,86
357,86
358,86
359,86
360,86
361,86
362,86
363,86
364,86
365,86
366,86
367,86
368,86
369,86
370,86
371,86
372,86
373,86
374,86
375,86
376,86
377,86
378,86
379,86
380,87
381,87
382,88
383,88
384,88
385,89
386,89
387,89
388,89
389,89
390,89
391,90
392,90
393,90
394,90
395,90
396,90
397,90
398,90
399,90
400,90
401,90
402,90
403,90
404,90
405,90
406,90
407,90
408,90
409,90
410,90
411,90
412,90
413,90
414,90
415,90
416,90
417,90
418,90
419,90
420,90
421,90
422,90
423,90
424,90
425,90
426,90
427,90
428,90
429,90
430,90
431,90
432,90
433,90
434,90
435,90
436,90
437,90
438,90
439,90
440,90
441,90
442,90
443,90
444,90
445,90
446,90
447,90
448,90
449,90
450,90
451,90
452,90
453,90
454,90
455,90
456,90
457,90
458,90
459,90
460,90
461,90
462,90
463,90
464,90
465,90
466,90
467,90
468,90
469,90
470,90
471,90
472,90
473,90
474,90
475,90
476,90
477,90
478,90
479,90
480,90
481,90
482,90
483,90
484,90
485,91
486,91
487,91
488,91
489,91
490,91
491,91
492,91
493,91
494,91
495,91
496,91
497,91
498,91
499,91
500,91
501,91
502,91
503,91
504,91
505,91
506,91
507,91
508,91
509,91
510,91
511,91
512,91
513,91
514,91
515,91
516,91
517,91
518,91
519,91
520,91
521,91
522,91
523,92
524,92
525,92
526,92
527,92
528,92
529,92
530,92
531,92
532,93
533,93
534,93
535,93
536,93
537,93
538,93
539,93
540,93
541,93
542,93
543,93
544,93
545,94
546,94
547,94
548,94
549,94
550,94
551,94
552,94
553,94
554,94
555,94
556,94
557,94
558,94
559,94
560,94
561,94
562,94
563,94
564,94
565,94
566,94
567,94
568,94
569,94
570,94
571,94
572,94
573,94
574,94
575,94
576,94
577,94
578,94
579,94
580,94
581,94
582,94
583,94
584,94
585,94
586,94
587,94
588,94
589,94
590,94
591,94
592,94
593,94
594,94
595,94
596,94
597,94
598,94
599,94
600,94
601,94
602,94
603,94
604,95
605,95
606,95
607,95
608,95
609,95
610,95
611,95
612,95
613,95
614,95
615,95
616,95
617,95
618,95
619,95
620,95
621,95
622,95
623,95
624,95
625,95
626,95
627,95
628,95
629,95
630,95
631,95
632,95
633,95
634,95
635,95
636,95
637,95
638,95
639,95
640,95
641,95
642,95
643,95
644,95
645,95
646,95
647,95
648,95
649,95
650,95
651,95
652,95
653,95
654,95
655,95
656,95
657,95
658,95
659,95
660,95
661,95
662,95
663,95
664,95
665,95
666,95
667,95
668,95
669,95
670,95
671,95
672,95
673,95
674,95
675,95
676,95
677,95
678,95
679,96
680,96
681,96
682,96
683,96
684,96
685,96
686,96
687,96
688,96
689,96
690,96
691,96
692,96
693,96
694,96
695,96
696,96
697,96
698,96
699,96
700,96
701,96
702,96
703,96
704,96
705,96
706,96
707,96
708,96
709,96
710,96
711,96
712,96
713,96
714,96
715,96
716,96
717,96
718,96
719,96
720,96
721,97
722,97
723,97
724,97
725,97
726,97
727,97
728,97
729,97
730,97
731,97
732,97
733,97
734,97
735,97
736,97
737,97
738,97
739,97
740,97
741,97
742,97
743,97
744,97
745,97
746,97
747,97
748,97
749,97
750,97
751,97
752,97
753,97
754,97
755,97
756,97
757,97
758,97
759,97
760,97
761,97
762,97
763,97
764,97
765,97
766,97
767,97
768,97
769,97
770,97
771,97
772,97
773,97
774,97
775,97
776,97
777,97
778,97
779,97
780,97
781,97
782,97
783,97
784,97
785,97
786,97
787,97
788,97
789,97
790,97
791,97
792,97
793,97
794,97
795,97
796,97
797,97
798,97
799,97
800,97
801,97
802,97
803,97
804,97
805,98
806,98
807,98
808,98
809,98
810,98
811,98
812,98
813,98
814,98
815,98
816,98
817,98
818,98
819,98
820,98
821,98
822,98
823,98
824,98
825,98
826,98
827,98
828,98
829,98
830,98
831,98
832,98
833,98
834,98
835,98
836,98
837,98
838,98
839,98
840,98
841,98
842,98
843,98
844,98
845,98
846,98
847,98
848,98
849,98
850,98
851,98
852,98
853,98
854,98
855,98
856,98
857,98
858,98
859,98
860,98
861,98
862,98
863,98
864,98
865,98
866,98
867,98
868,98
869,98
870,98
871,98
872,98
873,98
874,98
875,98
876,98
877,98
878,98
879,98
880,98
881,98
882,98
883,98
884,98
885,98
886,98
887,98
888,98
889,98
890,98
891,98
892,98
893,98
894,98
895,98
896,98
897,98
898,98
899,98
900,98
901,98
902,98
903,98
904,98
905,98
906,98
907,98
908,98
909,98
910,98
911,98
912,98
913,98
914,98
915,98
916,98
917,98
918,98
919,98
920,98
921,98
922,98
923,98
924,98
925,98
926,98
927,98
928,98
929,98
930,98
931,98
932,98
933,98
934,98
935,98
936,98
937,98
938,98
939,98
940,98
941,98
942,98
943,98
944,98
945,98
946,98
947,98
948,98
949,98
950,98
951,98
952,98
953,98
954,98
955,98
956,98
957,98
958,98
959,98
960,98
961,98
962,98
963,98
964,98
965,98
966,98
967,98
968,98
969,98
970,98
971,98
972,98
973,98
974,98
975,98
976,98
977,98
978,98
979,98
980,98
981,98
982,98
983,98
984,98
985,98
986,98
987,98
988,98
989,98
990,98
991,98
992,98
993,98
994,98
995,98
996,98
997,98
998,98
999,98
1000,98
1001,98
1002,98
1003,98
1004,98
1005,98
1006,98
1007,98
1008,98
1009,98
1010,98
1011,98
1012,98
1013,98
1014,98
1015,98
1016,98
1017,98
1018,98
1019,98
1020,98
1021,98
1022,98
1023,98
1024,98
1025,98
1026,98
1027,98
1028,98
1029,98
1030,98
1031,98
1032,98
1033,98
1034,98
1035,98
1036,98
1037,98
1038,98
1039,98
1040,98
1041,98
1042,98
1043,98
1044,98
1045,98
1046,98
1047,98
1048,98
1049,98
1050,98
1051,98
1052,98
1053,98
1054,98
1055,98
1056,98
1057,98
1058,98
1059,98
1060,98
1061,98
1062,98
1063,98
1064,98
1065,98
1066,98
1067,98
1068,98
1069,98
1070,98
1071,98
1072,98
1073,98
1074,98
1075,98
1076,98
1077,98
1078,98
1079,98
1080,98
1081,98
1082,98
1083,98
1084,98
1085,98
1086,98
1087,98
1088,98
1089,98
1090,98
1091,98
1092,98
1093,98
1094,98
1095,98
1096,98
1097,98
1098,98
1099,98
1100,98
1101,98
1102,98
1103,98
1104,98
1105,98
1106,98
1107,98
1108,98
1109,98
1110,98
1111,98
1112,98
1113,98
1114,98
1115,98
1116,98
1117,98
1118,98
1119,98
1120,98
1121,98
1122,98
1123,98
1124,98
1125,98
1126,98
1127,98
1128,98
1129,98
1130,98
1131,98
1132,98
1133,98
1134,98
1135,98
1136,98
1137,98
1138,98
1139,98
1140,98
1141,98
1142,98
1143,98
1144,98
1145,98
1146,98
1147,98
1148,98
1149,98
1150,98
1151,98
1152,98
1153,98
1154,98
1155,98
1156,98
1157,98
1158,98
1159,98
1160,98
1161,98
1162,98
1163,98
1164,98
1165,98
1166,98
1167,98
1168,98
1169,98
1170,98
1171,98
1172,98
1173,98
1174,98
1175,98
1176,98
1177,98
1178,98
1179,98
1180,98
1181,98
1182,98
1183,98
1184,98
1185,98
1186,98
1187,98
1188,98
1189,98
1190,98
1191,98
1192,98
1193,98
1194,98
1195,98
1196,98
1197,98
1198,98
1199,98
1200,98
1201,98
1202,98
1203,98
1204,98
1205,98
1206,98
1207,98
1208,98
1209,98
1210,98
1211,98
1212,98
1213,98
1214,98
1215,98
1216,98
1217,98
1218,98
1219,98
1220,98
1221,98
1222,98
1223,98
1224,98
1225,98
1226,98
1227,98
1228,98
1229,98
1230,98
1231,98
1232,98
1233,98
1234,98
1235,98
1236,98
1237,98
1238,98
1239,98
1240,98
1241,98
1242,98
1243,98
1244,98
1245,98
1246,98
1247,98
1248,98
1249,98
1250,98
1251,98
1252,98
1253,98
1254,98
1255,98
1256,98
1257,98
1258,98
1259,98
1260,98
1261,98
1262,98
1263,98
1264,98
1265,98
1266,98
1267,98
1268,98
1269,98
1270,98
1271,98
1272,98
1273,98
1274,98
1275,98
1276,98
1277,98
1278,98
1279,98
1280,98
1281,98
1282,98
1283,98
1284,98
1285,98
1286,98
1287,98
1288,98
1289,98
1290,98
1291,98
1292,98
1293,98
1294,98
1295,98
1296,98
1297,98
1298,98
1299,98
1300,98
1301,98
1302,98
1303,98
1304,98
1305,98
1306,98
1307,98
1308,98
1309,98
1310,98
1311,98
1312,98
1313,98
1314,98
1315,98
1316,98
1317,98
1318,98
1319,98
1320,98
1321,98
1322,98
1323,98
1324,98
1325,98
1326,98
1327,98
1328,98
1329,98
1330,98
1331,98
1332,98
1333,98
1334,98
1335,98
1336,98
1337,98
1338,98
1339,98
1340,98
1341,98
1342,98
1343,98
1344,98
1345,98
1346,98
1347,98
1348,98
1349,98
1350,98
1351,98
1352,98
1353,98
1354,98
1355,98
1356,98
1357,98
1358,98
1359,98
1360,98
1361,98
1362,98
1363,98
1364,98
1365,98
1366,98
1367,98
1368,98
1369,98
1370,98
1371,98
1372,98
1373,98
1374,98
1375,98
1376,98
1377,98
1378,98
1379,98
1380,98
1381,98
1382,98
1383,98
1384,98
1385,98
1386,98
1387,98
1388,98
1389,98
1390,98
1391,98
1392,98
1393,98
1394,98
1395,98
1396,98
1397,98
1398,98
1399,98
1400,98
1401,98
1402,98
1403,98
1404,98
1405,98
1406,98
1407,98
1408,98
1409,98
1410,98
1411,98
1412,98
1413,98
1414,98
1415,98
1416,98
1417,98
1418,98
1419,98
1420,98
1421,98
1422,98
1423,98
1424,98
1425,98
1426,98
1427,98
1428,98
1429,98
1430,98
1431,98
1432,98
1433,98
1434,98
1435,98
1436,98
1437,98
1438,98
1439,98
1440,98
1441,98
1442,98
1443,98
1444,98
1445,98
1446,98
1447,98
1448,98
1449,98
1450,98
1451,98
1452,98
1453,98
1454,98
1455,98
1456,98
1457,98
1458,98
1459,98
1460,98
1461,98
1462,98
1463,98
1464,98
1465,98
1466,98
1467,98
1468,98
1469,98
1470,98
1471,98
1472,98
1473,98
1474,98
1475,98
1476,98
1477,98
1478,98
1479,98
1480,98
1481,98
1482,98
1483,98
1484,98
1485,98
1486,98
1487,98
1488,98
1489,98
1490,98
1491,98
1492,98
1493,98
1494,98
1495,98
1496,98
1497,98
1498,98
1499,98
1500,98
1501,98
1502,98
1503,98
1504,98
1505,98
1506,98
1507,98
1508,98
1509,98
1510,98
1511,98
1512,98
1513,98
1514,98
1515,98
1516,98
1517,98
1518,98
1519,98
1520,98
1521,98
1522,98
1523,98
1524,98
1525,98
1526,98
1527,98
1528,98
1529,98
1530,98
1531,98
1532,98
1533,98
1534,98
1535,98
1536,98
1537,98
1538,98
1539,98
1540,99
1541,99
1542,99
1543,99
1544,99
1545,99
1546,99
1547,99
1548,99
1549,99
1550,99
1551,99
1552,99
1553,99
1554,99
1555,99
1556,99
1557,99
1558,99
1559,99
1560,99
1561,99
1562,99
1563,99
1564,99
1565,99
1566,99
1567,99
1568,99
1569,99
1570,99
1571,99
1572,99
1573,99
1574,99
1575,99
1576,99
1577,99
1578,99
1579,99
1580,99
1581,99
1582,99
1583,99
1584,99
1585,99
1586,99
1587,99
1588,99
1589,99
1590,99
1591,99
1592,99
1593,99
1594,99
1595,99
1596,99
1597,99
1598,99
1599,99
1600,99
1601,99
1602,99
1603,99
1604,99
1605,99
1606,99
1607,99
1608,99
1609,99
1610,99
1611,99
1612,99
1613,99
1614,99
1615,99
1616,99
1617,99
1618,99
1619,99
1620,99
1621,99
1622,99
1623,99
1624,99
1625,99
1626,99
1627,99
1628,99
1629,99
1630,99
1631,99
1632,99
1633,99
1634,99
1635,99
1636,99
1637,99
1638,99
1639,99
1640,99
1641,99
1642,99
1643,99
1644,99
1645,99
1646,99
1647,99
1648,99
1649,99
1650,99
1651,99
1652,99
1653,99
1654,99
1655,99
1656,99
1657,99
1658,99
1659,99
1660,99
1661,99
1662,99
1663,99
1664,99
1665,99
1666,99
1667,99
1668,99
1669,99
1670,99
1671,99
1672,99
1673,99
1674,99
1675,99
1676,99
1677,99
1678,99
1679,99
1680,99
1681,99
1682,99
1683,99
1684,99
1685,99
1686,99
1687,99
1688,99
1689,99
1690,99
1691,99
1692,99
1693,99
1694,99
1695,99
1696,99
1697,99
1698,99
1699,99
1700,99
1701,99
1702,99
1703,99
1704,99
1705,99
1706,99
1707,99
1708,99
1709,99
1710,99
1711,99
1712,99
1713,99
1714,99
1715,99
1716,99
1717,99
1718,99
1719,99
1720,99
1721,99
1722,99
1723,99
1724,99
1725,99
1726,99
1727,99
1728,99
1729,99
1730,99
1731,99
1732,99
1733,99
1734,99
1735,99
1736,99
1737,99
1738,99
1739,99
1740,99
1741,99
1742,99
1743,99
1744,99
1745,99
1746,99
1747,99
1748,99
1749,99
1750,99
1751,99
1752,99
1753,99
1754,99
1755,99
1756,99
1757,99
1758,99
1759,99
1760,99
1761,99
1762,99
1763,99
1764,99
1765,99
1766,99
1767,99
1768,99
1769,99
1770,99
1771,99
1772,99
1773,99
1774,99
1775,99
1776,99
1777,99
1778,99
1779,99
1780,99
1781,99
1782,99
1783,99
1784,99
1785,99
1786,99
1787,99
1788,99
1789,99
1790,99
1791,99
1792,99
1793,99
1794,99
1795,99
1796,99
1797,99
1798,99
1799,99
1800,99
1801,99
1802,99
1803,99
1804,99
1805,99
1806,99
1807,99
1808,99
1809,99
1810,99
1811,99
1812,99
1813,99
1814,99
1815,99
1816,99
1817,99
1818,99
1819,99
1820,99
1821,99
1822,99
1823,99
1824,99
1825,99
1826,99
1827,99
1828,99
1829,99
1830,99
1831,99
1832,99
1833,99
1834,99
1835,99
1836,99
1837,99
1838,99
1839,99
1840,99
1841,99
1842,99
1843,99
1844,99
1845,99
1846,99
1847,99
1848,99
1849,99
1850,99
1851,99
1852,99
1853,99
1854,99
1855,99
1856,99
1857,99
1858,99
1859,99
1860,99
1861,99
1862,99
1863,99
1864,99
1865,99
1866,99
1867,99
1868,99
1869,99
1870,99
1871,99
1872,99
1873,99
1874,99
1875,99
1876,99
1877,99
1878,99
1879,99
1880,99
1881,99
1882,99
1883,99
1884,99
1885,99
1886,99
1887,99
1888,99
1889,99
1890,99
1891,99
1892,99
1893,99
1894,99
1895,99
1896,99
1897,99
1898,99
1899,99
1900,99
1901,99
1902,99
1903,99
1904,99
1905,99
1906,99
1907,99
1908,99
1909,99
1910,99
1911,99
1912,99
1913,99
1914,99
1915,99
1916,99
1917,99
1918,99
1919,99
1920,99
1921,99
1922,99
1923,99
1924,99
1925,99
1926,99
1927,99
1928,99
1929,99
1930,99
1931,99
1932,99
1933,99
1934,99
1935,99
1936,99
1937,99
1938,99
1939,99
1940,99
1941,99
1942,99
1943,99
1944,99
1945,99
1946,99
1947,99
1948,99
1949,99
1950,99
1951,99
1952,99
1953,99
1954,99
1955,99
1956,99
1957,99
1958,99
1959,99
1960,99
1961,99
1962,99
1963,99
1964,99
1965,99
1966,99
1967,99
1968,99
1969,99
1970,99
1971,99
1972,99
1973,99
1974,99
1975,99
1976,99
1977,99
1978,99
1979,99
1980,99
1981,99
1982,99
1983,99
1984,99
1985,99
1986,99
1987,99
1988,99
1989,99
1990,99
1991,99
1992,99
1993,99
1994,99
1995,99
1996,99
1997,99
1998,99
1999,99
2000,99
2001,99
2002,99
2003,99
2004,99
2005,99
2006,99
2007,99
2008,99
2009,99
2010,99
2011,99
2012,99
2013,99
2014,99
2015,99
2016,99
2017,99
2018,99
2019,99
2020,99
2021,99
2022,99
2023,99
2024,99
2025,99
2026,99
2027,99
2028,99
2029,99
2030,99
2031,99
2032,99
2033,99
2034,99
2035,99
2036,99
2037,99
2038,99
2039,99
2040,99
2041,99
2042,99
2043,99
2044,99
2045,99
2046,99
2047,99
2048,99
2049,99
2050,99
2051,99
2052,99
2053,99
2054,99
2055,99
2056,99
2057,99
2058,99
2059,99
2060,99
2061,99
2062,99
2063,99
2064,99
2065,99
2066,99
2067,99
2068,99
2069,99
2070,99
2071,99
2072,99
2073,99
2074,99
2075,99
2076,99
2077,99
2078,99
2079,99
2080,99
2081,99
2082,99
2083,99
2084,99
2085,99
2086,99
2087,99
2088,99
2089,99
2090,99
2091,99
2092,99
2093,99
2094,99
2095,99
2096,99
2097,99
2098,99
2099,99
2100,99
2101,99
2102,99
2103,99
2104,99
2105,99
2106,99
2107,99
2108,99
2109,99
2110,99
2111,99
2112,99
2113,99
2114,99
2115,99
2116,99
2117,99
2118,99
2119,99
2120,99
2121,99
2122,99
2123,99
2124,99
2125,99
2126,99
2127,99
2128,99
2129,99
2130,99
2131,99
2132,99
2133,99
2134,99
2135,99
2136,99
2137,99
2138,99
2139,99
2140,99
2141,99
2142,99
2143,99
2144,99
2145,99
2146,99
2147,99
2148,99
2149,99
2150,99
2151,99
2152,99
2153,99
2154,99
2155,99
2156,99
2157,99
2158,99
2159,99
2160,99
2161,99
2162,99
2163,99
2164,99
2165,99
2166,99
2167,99
2168,99
2169,99
2170,99
2171,99
2172,99
2173,99
2174,99
2175,99
2176,99
2177,99
2178,99
2179,99
2180,99
2181,99
2182,99
2183,99
2184,99
2185,99
2186,99
2187,99
2188,99
2189,99
2190,99
2191,99
2192,99
2193,99
2194,99
2195,99
2196,99
2197,99
2198,99
2199,99
2200,99
2201,99
2202,99
2203,99
2204,99
2205,99
2206,99
2207,99
2208,99
2209,99
2210,99
2211,99
2212,99
2213,99
2214,99
2215,99
2216,99
2217,99
2218,99
2219,99
2220,99
2221,99
2222,99
2223,99
2224,99
2225,99
2226,99
2227,99
2228,99
2229,99
2230,99
2231,99
2232,99
2233,99
2234,99
2235,99
2236,99
2237,100
