0,0
1,2
2,4
3,6
4,7
5,9
6,10
7,12
8,14
9,15
10,16
11,17
12,18
13,18
14,19
15,19
16,20
17,22
18,22
19,22
20,22
21,22
22,23
23,24
24,25
25,25
26,25
27,25
28,25
29,25
30,26
31,27
32,29
33,30
34,31
35,32
36,32
37,33
38,34
39,35
40,35
41,36
42,36
43,36
44,36
45,36
46,36
47,37
48,38
49,38
50,38
51,38
52,39
53,40
54,40
55,40
56,40
57,40
58,41
59,42
60,42
61,42
62,42
63,42
64,42
65,42
66,42
67,42
68,43
69,43
70,43
71,43
72,43
73,43
74,43
75,43
76,43
77,43
78,43
79,43
80,43
81,43
82,43
83,43
84,44
85,44
86,44
87,44
88,44
89,44
90,44
91,44
92,44
93,44
94,44
95,44
96,44
97,44
98,44
99,44
100,44
101,44
102,44
103,44
104,44
105,44
106,44
107,44
108,44
109,44
110,44
111,45
112,45
113,45
114,45
115,45
116,45
117,45
118,45
119,45
120,45
121,45
122,45
123,46
124,46
125,47
126,48
127,48
128,48
129,48
130,49
131,49
132,49
133,49
134,49
135,49
136,49
137,49
138,49
139,49
140,49
141,49
142,49
143,49
144,49
145,49
146,49
147,49
148,49
149,49
150,49
151,49
152,49
153,49
154,49
155,49
156,49
157,49
158,49
159,49
160,49
161,49
162,49
163,49
164,49
165,49
166,49
167,49
168,49
169,49
170,49
171,49
172,49
173,49
174,49
175,49
176,49
177,49
178,49
179,49
180,49
181,49
182,49
183,49
184,49
185,49
186,50
