0,0
1,2
2,4
3,6
4,7
5,9
6,10
7,12
8,13
9,14
10,15
11,16
12,17
13,19
14,20
15,21
16,22
17,23
18,23
19,24
20,25
21,26
22,26
23,26
24,27
25,27
26,28
27,28
28,29
29,30
30,31
31,33
32,34
33,34
34,34
35,35
36,36
37,36
38,36
39,36
40,36
41,36
42,37
43,38
44,38
45,38
46,38
47,38
48,38
49,39
50,39
51,39
52,39
53,39
54,39
55,40
56,40
57,41
58,42
59,42
60,42
61,42
62,42
63,42
64,42
65,43
66,43
67,43
68,43
69,43
70,44
71,44
72,44
73,44
74,44
75,44
76,45
77,45
78,45
79,45
80,45
81,45
82,45
83,45
84,45
85,45
86,45
87,45
88,45
89,45
90,45
91,45
92,45
93,45
94,45
95,45
96,46
97,46
98,46
99,46
100,46
101,46
102,46
103,46
104,46
105,46
106,46
107,46
108,46
109,46
110,46
111,46
112,46
113,46
114,46
115,46
116,46
117,46
118,46
119,46
120,46
121,46
122,46
123,46
124,46
125,46
126,46
127,46
128,46
129,46
130,46
131,46
132,46
133,46
134,47
135,47
136,47
137,47
138,47
139,47
140,47
141,47
142,47
143,47
144,47
145,47
146,47
147,47
148,47
149,47
150,47
151,47
152,47
153,47
154,47
155,48
156,48
157,48
158,48
159,48
160,48
161,48
162,48
163,49
164,49
165,49
166,49
167,49
168,49
169,49
170,49
171,49
172,49
173,49
174,49
175,49
176,49
177,49
178,49
179,49
180,49
181,50
