0,0
1,2
2,4
3,5
4,6
5,8
6,10
7,11
8,13
9,15
10,17
11,18
12,18
13,19
14,20
15,21
16,21
17,23
18,24
19,25
20,26
21,27
22,28
23,29
24,30
25,30
26,30
27,30
28,30
29,31
30,32
31,33
32,33
33,34
34,35
35,35
36,36
37,36
38,37
39,38
40,38
41,38
42,38
43,38
44,39
45,39
46,39
47,39
48,40
49,40
50,40
51,40
52,40
53,41
54,41
55,41
56,41
57,41
58,41
59,42
60,43
61,44
62,44
63,44
64,44
65,45
66,46
67,46
68,46
69,46
70,46
71,46
72,46
73,46
74,47
75,47
76,47
77,47
78,47
79,47
80,47
81,47
82,47
83,47
84,47
85,47
86,48
87,48
88,48
89,48
90,48
91,48
92,48
93,48
94,48
95,48
96,48
97,49
98,49
99,49
100,49
101,49
102,49
103,49
104,49
105,49
106,49
107,49
108,49
109,49
110,49
111,49
112,49
113,49
114,49
115,49
116,49
117,49
118,49
119,49
120,49
121,49
122,49
123,49
124,49
125,49
126,49
127,49
128,49
129,49
130,49
131,49
132,49
133,49
134,49
135,49
136,49
137,49
138,49
139,49
140,49
141,49
142,49
143,49
144,49
145,49
146,49
147,49
148,49
149,49
150,49
151,49
152,49
153,49
154,49
155,49
156,49
157,49
158,49
159,49
160,49
161,49
162,49
163,49
164,49
165,49
166,49
167,49
168,49
169,49
170,49
171,49
172,50
