0,0
1,2
2,4
3,6
4,8
5,9
6,10
7,12
8,13
9,15
10,17
11,19
12,20
13,21
14,22
15,23
16,23
17,24
18,25
19,26
20,28
21,29
22,29
23,30
24,30
25,31
26,31
27,31
28,32
29,33
30,33
31,33
32,33
33,33
34,35
35,35
36,35
37,36
38,37
39,38
40,39
41,40
42,40
43,40
44,40
45,40
46,40
47,40
48,40
49,40
50,40
51,40
52,40
53,40
54,40
55,40
56,41
57,41
58,42
59,42
60,42
61,43
62,43
63,43
64,43
65,43
66,43
67,43
68,43
69,43
70,43
71,43
72,43
73,43
74,43
75,43
76,43
77,43
78,44
79,44
80,44
81,44
82,45
83,45
84,45
85,45
86,45
87,45
88,45
89,45
90,45
91,45
92,45
93,45
94,45
95,45
96,45
97,45
98,45
99,45
100,45
101,45
102,45
103,46
104,46
105,46
106,46
107,46
108,46
109,46
110,46
111,47
112,47
113,47
114,47
115,47
116,47
117,47
118,47
119,47
120,47
121,47
122,47
123,47
124,47
125,47
126,47
127,47
128,47
129,47
130,47
131,48
132,48
133,48
134,48
135,48
136,48
137,48
138,48
139,48
140,48
141,48
142,48
143,48
144,48
145,48
146,48
147,48
148,48
149,48
150,48
151,48
152,48
153,48
154,48
155,48
156,48
157,48
158,48
159,48
160,48
161,48
162,48
163,48
164,48
165,48
166,48
167,48
168,48
169,48
170,48
171,48
172,48
173,48
174,48
175,48
176,48
177,48
178,48
179,48
180,48
181,48
182,48
183,48
184,49
185,49
186,49
187,49
188,49
189,49
190,50
