0,0
1,3
2,8
3,12
4,16
5,19
6,22
7,25
8,29
9,32
10,36
11,37
12,39
13,42
14,43
15,44
16,49
17,54
18,54
19,58
20,61
21,63
22,65
23,67
24,69
25,69
26,71
27,73
28,74
29,74
30,76
31,76
32,76
33,76
34,76
35,78
36,78
37,78
38,78
39,79
40,79
41,79
42,79
43,80
44,80
45,80
46,82
47,83
48,83
49,83
50,83
51,84
52,84
53,84
54,85
55,85
56,85
57,85
58,86
59,87
60,88
61,89
62,90
63,90
64,90
65,91
66,92
67,93
68,94
69,95
70,95
71,95
72,95
73,95
74,95
75,95
76,95
77,95
78,95
79,95
80,95
81,95
82,95
83,95
84,95
85,96
86,96
87,96
88,96
89,96
90,96
91,97
92,97
93,98
94,98
95,98
96,98
97,98
98,98
99,98
100,98
101,98
102,98
103,98
104,98
105,98
106,98
107,98
108,98
109,98
110,98
111,98
112,98
113,98
114,98
115,98
116,98
117,98
118,98
119,98
120,98
121,98
122,98
123,98
124,98
125,98
126,98
127,98
128,98
129,98
130,98
131,98
132,98
133,98
134,98
135,98
136,98
137,98
138,98
139,98
140,98
141,98
142,98
143,98
144,98
145,98
146,98
147,99
148,99
149,99
150,99
151,99
152,99
153,99
154,99
155,99
156,99
157,99
158,99
159,99
160,99
161,99
162,99
163,99
164,99
165,99
166,99
167,99
168,99
169,99
170,99
171,99
172,99
173,99
174,99
175,99
176,99
177,99
178,99
179,99
180,99
181,99
182,99
183,99
184,99
185,99
186,99
187,99
188,99
189,99
190,99
191,99
192,99
193,99
194,99
195,99
196,99
197,99
198,99
199,99
200,99
201,99
202,99
203,99
204,99
205,99
206,99
207,99
208,99
209,99
210,99
211,99
212,99
213,99
214,100
