0,0
1,2
2,4
3,6
4,8
5,10
6,12
7,13
8,13
9,15
10,17
11,19
12,19
13,21
14,22
15,23
16,24
17,25
18,25
19,27
20,27
21,29
22,29
23,29
24,29
25,30
26,30
27,30
28,31
29,32
30,34
31,34
32,35
33,36
34,37
35,37
36,37
37,38
38,39
39,39
40,39
41,39
42,40
43,42
44,42
45,42
46,43
47,43
48,43
49,43
50,43
51,43
52,43
53,43
54,44
55,44
56,44
57,44
58,44
59,44
60,44
61,44
62,44
63,44
64,45
65,45
66,45
67,45
68,45
69,46
70,46
71,46
72,46
73,47
74,47
75,47
76,47
77,47
78,47
79,47
80,47
81,47
82,47
83,47
84,47
85,47
86,47
87,47
88,47
89,47
90,48
91,48
92,48
93,49
94,49
95,49
96,49
97,49
98,49
99,49
100,49
101,49
102,49
103,49
104,49
105,49
106,49
107,49
108,49
109,49
110,49
111,49
112,49
113,49
114,49
115,49
116,49
117,50
