0,0
1,2
2,4
3,6
4,8
5,10
6,12
7,14
8,16
9,18
10,18
11,18
12,18
13,19
14,19
15,19
16,20
17,20
18,21
19,21
20,21
21,22
22,22
23,24
24,25
25,25
26,25
27,27
28,28
29,29
30,31
31,33
32,35
33,36
34,36
35,36
36,36
37,36
38,36
39,36
40,37
41,37
42,38
43,39
44,39
45,39
46,39
47,39
48,40
49,41
50,42
51,42
52,43
53,43
54,43
55,43
56,43
57,43
58,43
59,43
60,44
61,45
62,45
63,45
64,45
65,45
66,45
67,46
68,46
69,46
70,46
71,46
72,46
73,46
74,46
75,46
76,46
77,46
78,46
79,46
80,46
81,46
82,46
83,46
84,46
85,46
86,46
87,46
88,46
89,46
90,46
91,46
92,46
93,46
94,46
95,46
96,46
97,46
98,46
99,46
100,46
101,46
102,46
103,46
104,46
105,46
106,46
107,47
108,48
109,49
110,49
111,49
112,49
113,49
114,49
115,49
116,49
117,49
118,49
119,49
120,49
121,49
122,49
123,49
124,49
125,49
126,49
127,49
128,49
129,49
130,49
131,49
132,49
133,49
134,49
135,49
136,49
137,49
138,49
139,49
140,49
141,49
142,49
143,49
144,49
145,49
146,49
147,49
148,49
149,49
150,49
151,49
152,49
153,49
154,49
155,49
156,49
157,49
158,49
159,49
160,49
161,49
162,49
163,49
164,49
165,49
166,49
167,49
168,49
169,49
170,49
171,49
172,49
173,49
174,49
175,49
176,49
177,49
178,49
179,49
180,49
181,49
182,49
183,49
184,49
185,49
186,49
187,49
188,49
189,49
190,49
191,49
192,49
193,49
194,49
195,49
196,49
197,49
198,49
199,49
200,49
201,49
202,49
203,49
204,49
205,49
206,49
207,49
208,49
209,49
210,49
211,49
212,49
213,49
214,49
215,49
216,49
217,49
218,49
219,49
220,49
221,49
222,49
223,49
224,49
225,49
226,49
227,49
228,49
229,49
230,49
231,49
232,49
233,49
234,49
235,49
236,49
237,49
238,49
239,49
240,49
241,49
242,49
243,49
244,49
245,49
246,49
247,49
248,49
249,49
250,49
251,49
252,49
253,49
254,49
255,49
256,49
257,49
258,49
259,49
260,49
261,49
262,49
263,49
264,49
265,49
266,49
267,49
268,49
269,49
270,49
271,49
272,49
273,49
274,49
275,49
276,49
277,49
278,49
279,50
