0,0
1,1
2,3
3,5
4,6
5,8
6,9
7,11
8,13
9,14
10,15
11,17
12,19
13,21
14,22
15,23
16,24
17,25
18,26
19,26
20,26
21,26
22,26
23,27
24,28
25,28
26,28
27,28
28,28
29,28
30,29
31,29
32,29
33,30
34,31
35,31
36,32
37,33
38,34
39,35
40,35
41,36
42,37
43,37
44,38
45,39
46,39
47,40
48,41
49,42
50,42
51,42
52,43
53,44
54,44
55,44
56,44
57,45
58,45
59,45
60,45
61,45
62,45
63,45
64,45
65,46
66,46
67,46
68,46
69,46
70,46
71,46
72,46
73,46
74,46
75,46
76,47
77,47
78,47
79,48
80,48
81,48
82,48
83,48
84,48
85,48
86,48
87,48
88,48
89,48
90,48
91,48
92,48
93,48
94,49
95,49
96,49
97,49
98,49
99,49
100,49
101,49
102,49
103,49
104,49
105,49
106,49
107,49
108,49
109,49
110,50
