0,0
1,2
2,4
3,6
4,8
5,10
6,12
7,14
8,15
9,15
10,15
11,16
12,18
13,20
14,20
15,22
16,23
17,24
18,25
19,25
20,26
21,27
22,28
23,28
24,29
25,30
26,31
27,32
28,32
29,32
30,33
31,34
32,35
33,35
34,35
35,35
36,35
37,36
38,36
39,37
40,37
41,37
42,38
43,40
44,40
45,40
46,42
47,42
48,42
49,43
50,43
51,44
52,44
53,45
54,45
55,45
56,45
57,45
58,45
59,45
60,45
61,45
62,45
63,46
64,46
65,46
66,46
67,46
68,46
69,47
70,47
71,48
72,48
73,48
74,48
75,48
76,48
77,48
78,48
79,48
80,48
81,48
82,48
83,48
84,48
85,48
86,48
87,48
88,48
89,48
90,48
91,48
92,48
93,48
94,48
95,48
96,48
97,48
98,48
99,48
100,48
101,48
102,48
103,48
104,48
105,48
106,48
107,48
108,48
109,48
110,48
111,48
112,48
113,48
114,48
115,48
116,48
117,48
118,48
119,48
120,48
121,48
122,48
123,48
124,48
125,49
126,49
127,49
128,49
129,49
130,50
