0,0
1,2
2,4
3,6
4,8
5,9
6,11
7,13
8,14
9,15
10,17
11,18
12,18
13,19
14,20
15,21
16,22
17,24
18,25
19,26
20,27
21,28
22,30
23,31
24,33
25,33
26,34
27,34
28,34
29,34
30,35
31,35
32,36
33,36
34,37
35,38
36,38
37,38
38,38
39,38
40,39
41,39
42,39
43,39
44,39
45,40
46,40
47,41
48,43
49,43
50,43
51,43
52,43
53,44
54,44
55,44
56,44
57,45
58,45
59,45
60,45
61,45
62,45
63,45
64,45
65,45
66,45
67,45
68,45
69,45
70,45
71,45
72,45
73,45
74,45
75,45
76,46
77,46
78,46
79,46
80,46
81,46
82,46
83,46
84,47
85,47
86,47
87,47
88,47
89,47
90,47
91,47
92,47
93,47
94,47
95,47
96,48
97,48
98,48
99,48
100,48
101,48
102,48
103,48
104,48
105,48
106,48
107,48
108,48
109,48
110,48
111,48
112,48
113,48
114,48
115,48
116,48
117,49
118,49
119,49
120,49
121,49
122,49
123,49
124,49
125,49
126,49
127,49
128,49
129,49
130,49
131,49
132,49
133,49
134,49
135,49
136,49
137,49
138,49
139,49
140,49
141,49
142,49
143,49
144,49
145,49
146,49
147,49
148,49
149,49
150,49
151,49
152,49
153,49
154,49
155,49
156,50
