0,0
1,2
2,4
3,6
4,8
5,9
6,10
7,12
8,14
9,15
10,15
11,16
12,16
13,17
14,18
15,20
16,21
17,23
18,25
19,27
20,29
21,31
22,33
23,33
24,34
25,35
26,36
27,37
28,37
29,37
30,37
31,37
32,38
33,38
34,38
35,40
36,40
37,40
38,40
39,40
40,41
41,41
42,41
43,42
44,42
45,42
46,42
47,42
48,42
49,42
50,42
51,42
52,42
53,43
54,44
55,44
56,44
57,44
58,44
59,44
60,45
61,45
62,45
63,45
64,45
65,45
66,45
67,45
68,45
69,45
70,45
71,45
72,45
73,45
74,45
75,45
76,45
77,45
78,45
79,45
80,45
81,45
82,45
83,45
84,45
85,45
86,45
87,45
88,45
89,46
90,46
91,46
92,46
93,46
94,46
95,47
96,48
97,48
98,48
99,48
100,48
101,48
102,48
103,48
104,48
105,49
106,49
107,49
108,49
109,49
110,49
111,49
112,49
113,49
114,49
115,49
116,49
117,49
118,49
119,49
120,49
121,49
122,49
123,49
124,49
125,49
126,49
127,49
128,49
129,49
130,49
131,49
132,49
133,49
134,49
135,49
136,49
137,49
138,49
139,49
140,49
141,49
142,49
143,49
144,49
145,49
146,49
147,49
148,49
149,49
150,49
151,49
152,49
153,49
154,49
155,49
156,49
157,49
158,49
159,49
160,49
161,49
162,49
163,49
164,49
165,49
166,49
167,49
168,49
169,49
170,49
171,49
172,49
173,49
174,49
175,49
176,49
177,49
178,49
179,49
180,49
181,49
182,49
183,49
184,49
185,49
186,49
187,49
188,49
189,49
190,49
191,49
192,49
193,49
194,49
195,49
196,49
197,49
198,49
199,49
200,49
201,49
202,49
203,49
204,49
205,49
206,49
207,49
208,49
209,49
210,49
211,49
212,49
213,49
214,49
215,49
216,49
217,50
