0,0
1,1
2,2
3,3
4,4
5,5
6,6
7,7
8,8
9,9
10,10
11,11
12,12
13,13
14,14
15,15
16,16
17,17
18,18
19,19
20,20
21,21
22,21
23,22
24,23
25,24
26,24
27,25
28,26
29,27
30,28
31,29
32,29
33,30
34,30
35,31
36,31
37,32
38,32
39,32
40,32
41,32
42,33
43,33
44,34
45,35
46,36
47,37
48,38
49,38
50,38
51,39
52,39
53,40
54,41
55,41
56,41
57,41
58,41
59,42
60,43
61,43
62,44
63,44
64,45
65,46
66,47
67,48
68,49
69,50
70,51
71,52
72,53
73,54
74,55
75,56
76,57
77,57
78,58
79,59
80,60
81,61
82,62
83,63
84,63
85,63
86,64
87,64
88,65
89,66
90,67
91,68
92,69
93,69
94,70
95,71
96,71
97,72
98,72
99,72
100,72
101,72
102,73
103,74
104,75
105,76
106,76
107,77
108,78
109,79
110,79
111,79
112,79
113,79
114,79
115,79
116,79
117,79
118,80
119,80
120,80
121,81
122,82
123,82
124,82
125,83
126,83
127,84
128,84
129,84
130,84
131,84
132,84
133,84
134,84
135,85
136,86
137,87
138,88
139,89
140,89
141,90
142,91
143,92
144,92
145,92
146,93
147,93
148,94
149,94
150,95
151,96
152,97
153,97
154,98
155,98
156,99
157,99
158,99
159,99
160,100
161,101
162,102
163,103
164,104
165,105
166,106
167,107
168,108
169,109
170,110
171,111
172,112
173,113
174,114
175,115
176,116
177,117
178,118
179,118
180,119
181,120
182,121
183,122
184,123
185,124
186,125
187,125
188,126
189,127
190,128
191,129
192,130
193,131
194,132
195,132
196,133
197,134
198,135
199,136
200,137
201,137
202,138
203,139
204,140
205,141
206,142
207,143
208,144
209,145
210,145
211,146
212,147
213,147
214,147
215,147
216,148
217,149
218,149
219,149
220,149
221,150
222,151
223,152
224,153
225,153
226,154
227,155
228,156
229,157
230,158
231,159
232,160
233,161
234,161
235,161
236,161
237,161
238,161
239,162
240,163
241,164
242,165
243,166
244,167
245,168
246,168
247,169
248,170
249,170
250,171
251,172
252,172
253,173
254,173
255,173
256,174
257,175
258,176
259,176
260,177
261,177
262,177
263,177
264,177
265,177
266,177
267,177
268,178
269,179
270,180
271,181
272,181
273,181
274,181
275,182
276,182
277,182
278,183
279,183
280,184
281,184
282,184
283,184
284,185
285,185
286,185
287,186
288,186
289,187
290,188
291,189
292,189
293,190
294,191
295,192
296,193
297,194
298,194
299,194
300,194
301,194
302,195
303,195
304,196
305,197
306,198
307,198
308,198
309,198
310,198
311,198
312,198
313,198
314,198
315,199
316,200
317,201
318,201
319,201
320,202
321,202
322,202
323,202
324,202
325,203
326,204
327,205
328,205
329,206
330,206
331,207
332,208
333,208
334,208
335,209
336,209
337,210
338,211
339,211
340,211
341,212
342,212
343,212
344,212
345,212
346,213
347,214
348,215
349,216
350,217
351,217
352,218
353,218
354,219
355,219
356,219
357,219
358,219
359,219
360,219
361,220
362,220
363,221
364,221
365,221
366,221
367,222
368,223
369,223
370,223
371,223
372,224
373,225
374,225
375,226
376,226
377,227
378,227
379,227
380,227
381,228
382,228
383,228
384,228
385,229
386,229
387,229
388,230
389,230
390,231
391,231
392,231
393,231
394,232
395,232
396,233
397,233
398,233
399,233
400,234
401,235
402,236
403,237
404,237
405,238
406,239
407,239
408,239
409,240
410,241
411,242
412,242
413,243
414,244
415,245
416,245
417,246
418,247
419,247
420,248
421,249
422,249
423,250
424,251
425,251
426,251
427,251
428,252
429,253
430,254
431,254
432,255
433,256
434,257
435,258
436,259
437,259
438,259
439,260
440,261
441,262
442,262
443,263
444,263
445,264
446,264
447,265
448,265
449,266
450,266
451,266
452,266
453,266
454,266
455,267
456,268
457,268
458,268
459,269
460,269
461,269
462,269
463,269
464,269
465,269
466,269
467,269
468,269
469,270
470,271
471,271
472,272
473,273
474,274
475,274
476,274
477,275
478,276
479,276
480,276
481,276
482,276
483,276
484,276
485,277
486,278
487,278
488,278
489,279
490,279
491,279
492,280
493,280
494,280
495,281
496,281
497,282
498,282
499,282
500,282
501,283
502,284
503,284
504,284
505,284
506,284
507,285
508,285
509,285
510,285
511,285
512,285
513,286
514,286
515,286
516,286
517,286
518,287
519,287
520,288
521,288
522,288
523,289
524,289
525,289
526,290
527,290
528,291
529,291
530,291
531,291
532,291
533,291
534,291
535,292
536,292
537,292
538,293
539,293
540,293
541,293
542,293
543,294
544,294
545,294
546,294
547,295
548,295
549,295
550,295
551,295
552,295
553,295
554,295
555,295
556,295
557,295
558,295
559,296
560,296
561,296
562,297
563,297
564,297
565,297
566,297
567,297
568,297
569,297
570,297
571,297
572,297
573,297
574,297
575,297
576,297
577,297
578,297
579,297
580,297
581,297
582,297
583,298
584,298
585,299
586,299
587,299
588,299
589,299
590,299
591,299
592,299
593,300
594,300
595,300
596,300
597,300
598,300
599,300
600,300
601,300
602,300
603,300
604,300
605,300
606,300
607,301
608,301
609,301
610,301
611,302
612,302
613,303
614,303
615,304
616,305
617,305
618,306
619,306
620,306
621,306
622,307
623,308
624,309
625,310
626,311
627,311
628,312
629,313
630,314
631,315
632,315
633,315
634,315
635,315
636,315
637,315
638,315
639,315
640,315
641,315
642,316
643,316
644,316
645,316
646,316
647,317
648,318
649,319
650,320
651,321
652,321
653,321
654,321
655,321
656,321
657,321
658,321
659,321
660,322
661,323
662,323
663,324
664,325
665,326
666,327
667,328
668,329
669,330
670,331
671,331
672,332
673,333
674,334
675,334
676,334
677,334
678,335
679,335
680,335
681,335
682,335
683,335
684,335
685,335
686,335
687,335
688,335
689,335
690,335
691,335
692,335
693,336
694,337
695,337
696,337
697,337
698,338
699,338
700,338
701,339
702,340
703,341
704,341
705,341
706,341
707,341
708,341
709,341
710,341
711,341
712,341
713,341
714,341
715,341
716,341
717,341
718,341
719,341
720,341
721,341
722,341
723,341
724,341
725,341
726,341
727,341
728,341
729,341
730,341
731,341
732,341
733,341
734,341
735,341
736,341
737,342
738,342
739,343
740,343
741,344
742,344
743,344
744,345
745,345
746,345
747,345
748,345
749,345
750,345
751,345
752,345
753,346
754,346
755,346
756,346
757,346
758,346
759,346
760,346
761,346
762,346
763,346
764,346
765,347
766,348
767,348
768,348
769,348
770,348
771,348
772,348
773,348
774,348
775,348
776,348
777,348
778,348
779,348
780,348
781,348
782,348
783,348
784,349
785,349
786,349
787,349
788,349
789,349
790,349
791,349
792,349
793,349
794,349
795,349
796,349
797,349
798,349
799,349
800,349
801,349
802,349
803,349
804,349
805,349
806,349
807,349
808,349
809,349
810,349
811,349
812,349
813,349
814,349
815,349
816,349
817,349
818,349
819,349
820,349
821,349
822,349
823,349
824,349
825,349
826,349
827,349
828,349
829,349
830,349
831,349
832,349
833,349
834,349
835,349
836,349
837,349
838,349
839,349
840,349
841,349
842,349
843,349
844,349
845,349
846,349
847,349
848,349
849,349
850,349
851,349
852,349
853,349
854,349
855,349
856,349
857,349
858,349
859,349
860,349
861,349
862,349
863,349
864,349
865,349
866,349
867,349
868,349
869,349
870,349
871,349
872,349
873,349
874,350
875,350
876,350
877,350
878,350
879,350
880,350
881,350
882,350
883,350
884,350
885,350
886,350
887,350
888,350
889,350
890,350
891,351
892,352
893,352
894,352
895,352
896,353
897,354
898,355
899,355
900,355
901,355
902,355
903,356
904,357
905,358
906,359
907,360
908,360
909,360
910,361
911,361
912,361
913,361
914,362
915,363
916,363
917,364
918,365
919,366
920,367
921,367
922,367
923,367
924,368
925,369
926,369
927,369
928,370
929,371
930,372
931,373
932,373
933,374
934,374
935,375
936,376
937,376
938,376
939,376
940,376
941,376
942,377
943,378
944,379
945,379
946,380
947,380
948,380
949,380
950,381
951,382
952,383
953,383
954,384
955,385
956,385
957,385
958,385
959,386
960,386
961,386
962,386
963,386
964,387
965,387
966,388
967,388
968,389
969,389
970,389
971,389
972,389
973,389
974,389
975,389
976,390
977,390
978,390
979,390
980,390
981,390
982,390
983,390
984,390
985,391
986,391
987,391
988,392
989,392
990,392
991,392
992,392
993,392
994,392
995,392
996,392
997,392
998,392
999,392
1000,393
1001,393
1002,394
1003,394
1004,394
1005,395
1006,396
1007,397
1008,397
1009,398
1010,398
1011,399
1012,400
1013,400
1014,400
1015,400
1016,400
1017,401
1018,401
1019,401
1020,402
1021,402
1022,403
1023,403
1024,404
1025,404
1026,404
1027,404
1028,405
1029,405
1030,405
1031,405
1032,406
1033,406
1034,406
1035,406
1036,406
1037,406
1038,407
1039,408
1040,408
1041,409
1042,410
1043,411
1044,411
1045,411
1046,411
1047,411
1048,411
1049,411
1050,412
1051,412
1052,413
1053,414
1054,414
1055,415
1056,415
1057,415
1058,416
1059,416
1060,416
1061,416
1062,416
1063,416
1064,416
1065,417
1066,417
1067,418
1068,418
1069,419
1070,420
1071,420
1072,420
1073,420
1074,421
1075,422
1076,422
1077,423
1078,424
1079,425
1080,425
1081,425
1082,426
1083,426
1084,426
1085,426
1086,427
1087,427
1088,428
1089,428
1090,428
1091,429
1092,429
1093,429
1094,429
1095,429
1096,429
1097,429
1098,429
1099,429
1100,430
1101,430
1102,430
1103,431
1104,431
1105,431
1106,431
1107,431
1108,431
1109,431
1110,431
1111,431
1112,431
1113,432
1114,432
1115,432
1116,432
1117,432
1118,432
1119,432
1120,432
1121,432
1122,432
1123,432
1124,432
1125,432
1126,432
1127,432
1128,432
1129,432
1130,432
1131,432
1132,432
1133,432
1134,432
1135,432
1136,432
1137,432
1138,432
1139,432
1140,432
1141,432
1142,432
1143,432
1144,432
1145,432
1146,432
1147,432
1148,432
1149,432
1150,432
1151,432
1152,432
1153,432
1154,432
1155,432
1156,432
1157,432
1158,432
1159,433
1160,433
1161,433
1162,434
1163,434
1164,434
1165,434
1166,434
1167,434
1168,434
1169,434
1170,434
1171,435
1172,435
1173,435
1174,435
1175,435
1176,435
1177,435
1178,436
1179,436
1180,437
1181,437
1182,437
1183,437
1184,437
1185,437
1186,438
1187,438
1188,438
1189,438
1190,438
1191,439
1192,439
1193,439
1194,439
1195,439
1196,439
1197,439
1198,439
1199,439
1200,439
1201,439
1202,439
1203,439
1204,439
1205,439
1206,439
1207,439
1208,439
1209,439
1210,439
1211,439
1212,439
1213,439
1214,439
1215,439
1216,439
1217,439
1218,439
1219,439
1220,440
1221,440
1222,440
1223,440
1224,440
1225,440
1226,440
1227,440
1228,440
1229,440
1230,440
1231,440
1232,440
1233,440
1234,440
1235,440
1236,440
1237,441
1238,441
1239,441
1240,441
1241,441
1242,441
1243,441
1244,441
1245,441
1246,441
1247,441
1248,441
1249,441
1250,441
1251,441
1252,441
1253,441
1254,441
1255,441
1256,441
1257,441
1258,441
1259,441
1260,442
1261,442
1262,442
1263,442
1264,442
1265,442
1266,442
1267,442
1268,442
1269,442
1270,442
1271,442
1272,442
1273,442
1274,442
1275,442
1276,442
1277,442
1278,442
1279,442
1280,442
1281,442
1282,442
1283,442
1284,443
1285,443
1286,443
1287,443
1288,444
1289,444
1290,445
1291,445
1292,445
1293,445
1294,445
1295,445
1296,445
1297,445
1298,445
1299,445
1300,445
1301,445
1302,445
1303,445
1304,445
1305,445
1306,445
1307,445
1308,445
1309,445
1310,445
1311,445
1312,445
1313,445
1314,445
1315,445
1316,445
1317,445
1318,445
1319,445
1320,445
1321,445
1322,445
1323,445
1324,445
1325,445
1326,445
1327,445
1328,446
1329,447
1330,447
1331,447
1332,448
1333,448
1334,449
1335,449
1336,449
1337,449
1338,449
1339,449
1340,449
1341,450
1342,450
1343,450
1344,450
1345,450
1346,450
1347,450
1348,450
1349,450
1350,450
1351,450
1352,450
1353,450
1354,450
1355,450
1356,450
1357,450
1358,450
1359,450
1360,450
1361,450
1362,450
1363,450
1364,450
1365,450
1366,450
1367,450
1368,450
1369,450
1370,450
1371,450
1372,450
1373,450
1374,450
1375,450
1376,450
1377,450
1378,450
1379,450
1380,450
1381,450
1382,450
1383,450
1384,450
1385,450
1386,450
1387,450
1388,450
1389,451
1390,451
1391,451
1392,451
1393,451
1394,451
1395,451
1396,451
1397,451
1398,451
1399,451
1400,451
1401,451
1402,451
1403,451
1404,451
1405,451
1406,451
1407,451
1408,451
1409,451
1410,451
1411,451
1412,451
1413,451
1414,451
1415,451
1416,451
1417,451
1418,451
1419,451
1420,451
1421,451
1422,451
1423,452
1424,453
1425,453
1426,453
1427,453
1428,453
1429,453
1430,453
1431,454
1432,454
1433,454
1434,454
1435,454
1436,454
1437,454
1438,455
1439,455
1440,456
1441,456
1442,456
1443,457
1444,457
1445,457
1446,457
1447,457
1448,457
1449,457
1450,458
1451,459
1452,459
1453,460
1454,460
1455,460
1456,460
1457,460
1458,460
1459,460
1460,460
1461,460
1462,461
1463,462
1464,462
1465,462
1466,462
1467,462
1468,462
1469,462
1470,462
1471,462
1472,462
1473,462
1474,462
1475,463
1476,463
1477,463
1478,464
1479,464
1480,464
1481,464
1482,464
1483,464
1484,464
1485,465
1486,465
1487,465
1488,465
1489,465
1490,465
1491,465
1492,465
1493,466
1494,467
1495,467
1496,467
1497,467
1498,467
1499,467
1500,467
1501,467
1502,467
1503,467
1504,467
1505,467
1506,467
1507,467
1508,467
1509,467
1510,467
1511,467
1512,467
1513,467
1514,467
1515,468
1516,468
1517,468
1518,468
1519,469
1520,469
1521,469
1522,469
1523,469
1524,469
1525,469
1526,469
1527,469
1528,469
1529,469
1530,469
1531,469
1532,469
1533,469
1534,469
1535,469
1536,469
1537,469
1538,469
1539,469
1540,469
1541,469
1542,469
1543,469
1544,470
1545,470
1546,470
1547,470
1548,470
1549,470
1550,470
1551,470
1552,470
1553,470
1554,470
1555,470
1556,470
1557,470
1558,470
1559,470
1560,470
1561,470
1562,470
1563,470
1564,470
1565,470
1566,470
1567,470
1568,470
1569,470
1570,470
1571,470
1572,470
1573,470
1574,470
1575,470
1576,470
1577,470
1578,470
1579,470
1580,470
1581,470
1582,470
1583,470
1584,470
1585,470
1586,470
1587,470
1588,470
1589,470
1590,470
1591,470
1592,470
1593,470
1594,470
1595,470
1596,470
1597,470
1598,470
1599,470
1600,470
1601,470
1602,470
1603,470
1604,470
1605,470
1606,471
1607,471
1608,471
1609,471
1610,471
1611,471
1612,471
1613,471
1614,471
1615,472
1616,472
1617,472
1618,472
1619,472
1620,472
1621,472
1622,472
1623,472
1624,472
1625,472
1626,472
1627,472
1628,472
1629,472
1630,472
1631,473
1632,473
1633,473
1634,473
1635,473
1636,473
1637,473
1638,473
1639,473
1640,473
1641,473
1642,474
1643,474
1644,474
1645,474
1646,474
1647,474
1648,474
1649,474
1650,474
1651,474
1652,474
1653,474
1654,474
1655,474
1656,474
1657,474
1658,474
1659,474
1660,474
1661,474
1662,474
1663,474
1664,474
1665,474
1666,474
1667,474
1668,474
1669,474
1670,474
1671,474
1672,474
1673,474
1674,474
1675,474
1676,474
1677,474
1678,474
1679,474
1680,474
1681,475
1682,475
1683,475
1684,475
1685,475
1686,475
1687,476
1688,476
1689,476
1690,476
1691,476
1692,477
1693,477
1694,477
1695,477
1696,477
1697,477
1698,477
1699,477
1700,477
1701,477
1702,477
1703,477
1704,477
1705,477
1706,477
1707,478
1708,479
1709,479
1710,479
1711,479
1712,479
1713,479
1714,479
1715,479
1716,479
1717,479
1718,479
1719,479
1720,479
1721,479
1722,479
1723,479
1724,479
1725,479
1726,479
1727,479
1728,479
1729,479
1730,479
1731,479
1732,479
1733,479
1734,479
1735,479
1736,479
1737,479
1738,479
1739,479
1740,479
1741,479
1742,479
1743,479
1744,479
1745,479
1746,479
1747,479
1748,479
1749,479
1750,479
1751,479
1752,479
1753,479
1754,479
1755,479
1756,479
1757,479
1758,479
1759,479
1760,479
1761,479
1762,479
1763,479
1764,479
1765,479
1766,479
1767,479
1768,479
1769,479
1770,479
1771,479
1772,479
1773,479
1774,479
1775,479
1776,480
1777,480
1778,480
1779,480
1780,480
1781,481
1782,481
1783,481
1784,481
1785,481
1786,481
1787,481
1788,481
1789,481
1790,481
1791,481
1792,481
1793,481
1794,481
1795,481
1796,481
1797,481
1798,481
1799,481
1800,481
1801,481
1802,481
1803,481
1804,481
1805,481
1806,481
1807,481
1808,481
1809,481
1810,481
1811,481
1812,481
1813,481
1814,482
1815,482
1816,482
1817,482
1818,482
1819,483
1820,483
1821,483
1822,483
1823,483
1824,483
1825,483
1826,483
1827,484
1828,484
1829,484
1830,485
1831,485
1832,485
1833,485
1834,485
1835,485
1836,485
1837,485
1838,485
1839,485
1840,485
1841,485
1842,485
1843,485
1844,485
1845,485
1846,485
1847,485
1848,485
1849,485
1850,485
1851,485
1852,485
1853,485
1854,485
1855,485
1856,485
1857,485
1858,485
1859,485
1860,485
1861,485
1862,485
1863,485
1864,485
1865,485
1866,485
1867,485
1868,485
1869,485
1870,485
1871,485
1872,485
1873,485
1874,485
1875,485
1876,485
1877,485
1878,485
1879,485
1880,485
1881,485
1882,485
1883,485
1884,485
1885,485
1886,485
1887,485
1888,485
1889,485
1890,485
1891,485
1892,485
1893,485
1894,485
1895,485
1896,485
1897,485
1898,485
1899,485
1900,485
1901,485
1902,485
1903,485
1904,485
1905,485
1906,485
1907,485
1908,485
1909,485
1910,485
1911,485
1912,485
1913,485
1914,485
1915,485
1916,485
1917,485
1918,485
1919,485
1920,485
1921,485
1922,485
1923,485
1924,485
1925,485
1926,485
1927,485
1928,485
1929,485
1930,485
1931,485
1932,485
1933,485
1934,485
1935,485
1936,485
1937,485
1938,485
1939,485
1940,485
1941,485
1942,485
1943,485
1944,485
1945,485
1946,485
1947,485
1948,485
1949,485
1950,485
1951,485
1952,485
1953,485
1954,485
1955,485
1956,485
1957,485
1958,485
1959,485
1960,485
1961,485
1962,485
1963,485
1964,485
1965,485
1966,485
1967,485
1968,485
1969,485
1970,486
1971,486
1972,486
1973,486
1974,486
1975,486
1976,486
1977,486
1978,486
1979,486
1980,486
1981,486
1982,486
1983,486
1984,486
1985,486
1986,486
1987,486
1988,486
1989,486
1990,486
1991,486
1992,486
1993,486
1994,486
1995,486
1996,486
1997,486
1998,486
1999,486
2000,486
2001,486
2002,486
2003,486
2004,486
2005,486
2006,486
2007,486
2008,486
2009,486
2010,486
2011,486
2012,486
2013,486
2014,486
2015,486
2016,486
2017,486
2018,486
2019,486
2020,486
2021,486
2022,486
2023,486
2024,486
2025,486
2026,486
2027,486
2028,486
2029,486
2030,486
2031,486
2032,486
2033,486
2034,486
2035,486
2036,486
2037,486
2038,486
2039,486
2040,486
2041,486
2042,486
2043,486
2044,487
2045,487
2046,487
2047,487
2048,487
2049,487
2050,487
2051,487
2052,487
2053,487
2054,487
2055,487
2056,487
2057,487
2058,487
2059,487
2060,487
2061,487
2062,487
2063,487
2064,487
2065,487
2066,487
2067,487
2068,487
2069,487
2070,487
2071,487
2072,487
2073,487
2074,487
2075,487
2076,487
2077,487
2078,487
2079,487
2080,487
2081,487
2082,487
2083,487
2084,487
2085,487
2086,487
2087,487
2088,487
2089,487
2090,487
2091,487
2092,487
2093,487
2094,487
2095,487
2096,487
2097,487
2098,487
2099,487
2100,487
2101,487
2102,487
2103,487
2104,487
2105,487
2106,487
2107,487
2108,487
2109,487
2110,487
2111,487
2112,487
2113,487
2114,487
2115,487
2116,487
2117,487
2118,487
2119,487
2120,487
2121,487
2122,487
2123,487
2124,487
2125,487
2126,487
2127,487
2128,487
2129,487
2130,487
2131,487
2132,487
2133,487
2134,487
2135,487
2136,487
2137,487
2138,487
2139,487
2140,487
2141,487
2142,487
2143,487
2144,487
2145,487
2146,487
2147,487
2148,487
2149,487
2150,487
2151,487
2152,487
2153,487
2154,487
2155,487
2156,487
2157,487
2158,487
2159,487
2160,487
2161,487
2162,487
2163,487
2164,487
2165,487
2166,487
2167,487
2168,487
2169,487
2170,487
2171,487
2172,487
2173,487
2174,487
2175,487
2176,487
2177,487
2178,487
2179,487
2180,487
2181,487
2182,487
2183,487
2184,487
2185,487
2186,487
2187,487
2188,487
2189,487
2190,487
2191,487
2192,488
2193,488
2194,488
2195,488
2196,488
2197,488
2198,488
2199,489
2200,489
2201,489
2202,489
2203,489
2204,489
2205,489
2206,489
2207,489
2208,489
2209,489
2210,489
2211,489
2212,489
2213,489
2214,489
2215,489
2216,489
2217,489
2218,489
2219,489
2220,489
2221,489
2222,489
2223,489
2224,489
2225,489
2226,489
2227,489
2228,489
2229,489
2230,489
2231,489
2232,489
2233,489
2234,489
2235,489
2236,489
2237,489
2238,489
2239,489
2240,489
2241,489
2242,489
2243,489
2244,489
2245,489
2246,489
2247,489
2248,489
2249,489
2250,489
2251,489
2252,489
2253,489
2254,489
2255,489
2256,489
2257,489
2258,489
2259,489
2260,489
2261,489
2262,489
2263,489
2264,489
2265,489
2266,489
2267,489
2268,489
2269,489
2270,489
2271,489
2272,489
2273,489
2274,489
2275,489
2276,490
2277,490
2278,490
2279,490
2280,490
2281,490
2282,490
2283,490
2284,490
2285,490
2286,490
2287,490
2288,490
2289,490
2290,490
2291,490
2292,490
2293,490
2294,490
2295,490
2296,490
2297,490
2298,490
2299,490
2300,490
2301,490
2302,490
2303,490
2304,490
2305,490
2306,490
2307,490
2308,490
2309,490
2310,490
2311,490
2312,490
2313,490
2314,490
2315,490
2316,490
2317,490
2318,490
2319,490
2320,490
2321,490
2322,490
2323,490
2324,490
2325,490
2326,490
2327,490
2328,490
2329,490
2330,490
2331,490
2332,490
2333,490
2334,490
2335,490
2336,490
2337,490
2338,490
2339,490
2340,490
2341,490
2342,490
2343,490
2344,490
2345,490
2346,490
2347,490
2348,490
2349,490
2350,490
2351,490
2352,490
2353,490
2354,490
2355,490
2356,490
2357,490
2358,490
2359,490
2360,490
2361,490
2362,490
2363,490
2364,490
2365,490
2366,490
2367,490
2368,490
2369,490
2370,490
2371,490
2372,490
2373,490
2374,490
2375,490
2376,490
2377,490
2378,490
2379,490
2380,490
2381,490
2382,490
2383,490
2384,490
2385,490
2386,490
2387,490
2388,490
2389,490
2390,490
2391,490
2392,490
2393,490
2394,490
2395,490
2396,490
2397,490
2398,490
2399,490
2400,490
2401,490
2402,490
2403,490
2404,490
2405,490
2406,490
2407,490
2408,490
2409,490
2410,490
2411,490
2412,490
2413,490
2414,490
2415,490
2416,490
2417,490
2418,490
2419,490
2420,490
2421,490
2422,490
2423,490
2424,490
2425,490
2426,490
2427,490
2428,490
2429,490
2430,490
2431,490
2432,490
2433,490
2434,490
2435,490
2436,490
2437,490
2438,490
2439,490
2440,490
2441,490
2442,491
2443,491
2444,491
2445,491
2446,491
2447,491
2448,491
2449,491
2450,491
2451,491
2452,491
2453,491
2454,491
2455,491
2456,491
2457,491
2458,491
2459,491
2460,491
2461,491
2462,491
2463,491
2464,491
2465,491
2466,491
2467,491
2468,491
2469,491
2470,491
2471,491
2472,491
2473,491
2474,491
2475,491
2476,491
2477,491
2478,491
2479,491
2480,491
2481,491
2482,491
2483,491
2484,491
2485,491
2486,491
2487,491
2488,491
2489,491
2490,491
2491,491
2492,491
2493,491
2494,491
2495,491
2496,491
2497,491
2498,491
2499,491
2500,491
2501,491
2502,491
2503,491
2504,491
2505,491
2506,491
2507,491
2508,491
2509,491
2510,491
2511,491
2512,491
2513,491
2514,491
2515,491
2516,491
2517,491
2518,491
2519,491
2520,491
2521,491
2522,491
2523,491
2524,491
2525,491
2526,491
2527,491
2528,491
2529,491
2530,491
2531,491
2532,491
2533,491
2534,491
2535,491
2536,491
2537,491
2538,491
2539,491
2540,491
2541,491
2542,491
2543,491
2544,491
2545,491
2546,491
2547,491
2548,491
2549,491
2550,491
2551,491
2552,491
2553,491
2554,491
2555,491
2556,491
2557,491
2558,491
2559,491
2560,491
2561,491
2562,491
2563,491
2564,491
2565,491
2566,491
2567,491
2568,491
2569,491
2570,492
2571,493
2572,493
2573,493
2574,493
2575,493
2576,493
2577,494
2578,494
2579,494
2580,494
2581,494
2582,494
2583,494
2584,494
2585,494
2586,494
2587,494
2588,494
2589,494
2590,494
2591,494
2592,494
2593,494
2594,494
2595,494
2596,495
2597,495
2598,495
2599,495
2600,495
2601,495
2602,495
2603,495
2604,495
2605,495
2606,495
2607,495
2608,495
2609,495
2610,495
2611,495
2612,495
2613,495
2614,495
2615,495
2616,495
2617,495
2618,495
2619,495
2620,495
2621,495
2622,495
2623,495
2624,495
2625,495
2626,495
2627,495
2628,495
2629,495
2630,495
2631,495
2632,495
2633,495
2634,495
2635,495
2636,495
2637,495
2638,495
2639,495
2640,495
2641,495
2642,495
2643,495
2644,495
2645,495
2646,495
2647,495
2648,495
2649,495
2650,495
2651,495
2652,495
2653,495
2654,495
2655,495
2656,495
2657,495
2658,495
2659,495
2660,495
2661,495
2662,495
2663,495
2664,495
2665,495
2666,495
2667,495
2668,495
2669,495
2670,495
2671,495
2672,495
2673,495
2674,495
2675,495
2676,495
2677,495
2678,495
2679,495
2680,495
2681,495
2682,495
2683,495
2684,495
2685,495
2686,495
2687,495
2688,495
2689,495
2690,495
2691,495
2692,495
2693,495
2694,495
2695,495
2696,495
2697,495
2698,495
2699,495
2700,495
2701,495
2702,495
2703,495
2704,495
2705,495
2706,495
2707,495
2708,495
2709,495
2710,495
2711,495
2712,495
2713,495
2714,495
2715,495
2716,495
2717,495
2718,495
2719,495
2720,495
2721,495
2722,495
2723,495
2724,495
2725,495
2726,495
2727,495
2728,495
2729,495
2730,495
2731,495
2732,495
2733,495
2734,495
2735,495
2736,495
2737,495
2738,495
2739,495
2740,495
2741,495
2742,495
2743,495
2744,495
2745,495
2746,495
2747,495
2748,495
2749,495
2750,495
2751,495
2752,495
2753,495
2754,495
2755,495
2756,495
2757,495
2758,495
2759,495
2760,495
2761,495
2762,495
2763,495
2764,495
2765,495
2766,495
2767,495
2768,495
2769,495
2770,495
2771,495
2772,495
2773,495
2774,495
2775,495
2776,495
2777,495
2778,495
2779,495
2780,495
2781,495
2782,495
2783,495
2784,495
2785,495
2786,495
2787,495
2788,495
2789,495
2790,495
2791,495
2792,495
2793,495
2794,495
2795,495
2796,495
2797,495
2798,495
2799,495
2800,495
2801,495
2802,495
2803,495
2804,495
2805,495
2806,495
2807,495
2808,495
2809,495
2810,495
2811,495
2812,495
2813,495
2814,495
2815,495
2816,495
2817,495
2818,495
2819,495
2820,495
2821,495
2822,495
2823,495
2824,495
2825,495
2826,495
2827,495
2828,495
2829,495
2830,495
2831,495
2832,495
2833,495
2834,495
2835,495
2836,495
2837,495
2838,495
2839,495
2840,495
2841,495
2842,495
2843,495
2844,495
2845,495
2846,495
2847,495
2848,495
2849,495
2850,495
2851,495
2852,495
2853,495
2854,495
2855,495
2856,495
2857,495
2858,495
2859,495
2860,495
2861,495
2862,495
2863,495
2864,495
2865,495
2866,495
2867,495
2868,495
2869,495
2870,495
2871,495
2872,495
2873,495
2874,495
2875,495
2876,495
2877,495
2878,495
2879,495
2880,495
2881,495
2882,495
2883,495
2884,495
2885,495
2886,496
2887,496
2888,496
2889,496
2890,496
2891,496
2892,496
2893,496
2894,496
2895,496
2896,496
2897,496
2898,496
2899,496
2900,496
2901,496
2902,496
2903,496
2904,496
2905,496
2906,496
2907,496
2908,496
2909,496
2910,496
2911,496
2912,496
2913,496
2914,496
2915,496
2916,496
2917,496
2918,496
2919,496
2920,496
2921,496
2922,496
2923,496
2924,496
2925,496
2926,496
2927,496
2928,496
2929,496
2930,496
2931,496
2932,496
2933,496
2934,496
2935,496
2936,496
2937,496
2938,496
2939,496
2940,496
2941,496
2942,496
2943,496
2944,496
2945,496
2946,496
2947,496
2948,496
2949,496
2950,496
2951,496
2952,496
2953,496
2954,496
2955,496
2956,496
2957,496
2958,496
2959,496
2960,496
2961,496
2962,496
2963,496
2964,496
2965,496
2966,496
2967,496
2968,496
2969,496
2970,496
2971,496
2972,496
2973,496
2974,496
2975,496
2976,496
2977,496
2978,496
2979,496
2980,496
2981,496
2982,496
2983,496
2984,496
2985,496
2986,496
2987,496
2988,496
2989,496
2990,496
2991,496
2992,496
2993,496
2994,496
2995,496
2996,496
2997,496
2998,496
2999,496
3000,496
3001,496
3002,496
3003,496
3004,496
3005,496
3006,496
3007,496
3008,496
3009,496
3010,496
3011,496
3012,496
3013,496
3014,496
3015,496
3016,496
3017,496
3018,496
3019,496
3020,496
3021,496
3022,496
3023,496
3024,496
3025,496
3026,496
3027,496
3028,496
3029,496
3030,496
3031,496
3032,496
3033,496
3034,496
3035,496
3036,496
3037,496
3038,496
3039,496
3040,496
3041,496
3042,496
3043,496
3044,496
3045,496
3046,496
3047,496
3048,496
3049,496
3050,496
3051,496
3052,496
3053,496
3054,496
3055,496
3056,496
3057,496
3058,496
3059,496
3060,496
3061,496
3062,496
3063,496
3064,496
3065,496
3066,496
3067,496
3068,496
3069,496
3070,496
3071,496
3072,496
3073,496
3074,496
3075,496
3076,496
3077,496
3078,496
3079,496
3080,496
3081,496
3082,496
3083,496
3084,496
3085,496
3086,496
3087,496
3088,496
3089,496
3090,496
3091,496
3092,496
3093,496
3094,496
3095,496
3096,496
3097,496
3098,496
3099,496
3100,496
3101,496
3102,496
3103,496
3104,496
3105,496
3106,496
3107,496
3108,496
3109,496
3110,496
3111,496
3112,496
3113,496
3114,496
3115,496
3116,496
3117,496
3118,496
3119,496
3120,496
3121,496
3122,496
3123,496
3124,496
3125,496
3126,496
3127,496
3128,496
3129,496
3130,496
3131,496
3132,496
3133,496
3134,496
3135,496
3136,496
3137,496
3138,496
3139,496
3140,496
3141,496
3142,496
3143,496
3144,496
3145,496
3146,496
3147,496
3148,496
3149,496
3150,496
3151,496
3152,496
3153,496
3154,496
3155,496
3156,496
3157,496
3158,496
3159,496
3160,496
3161,496
3162,496
3163,496
3164,496
3165,496
3166,496
3167,496
3168,496
3169,496
3170,496
3171,496
3172,496
3173,496
3174,496
3175,496
3176,496
3177,496
3178,496
3179,496
3180,496
3181,496
3182,496
3183,496
3184,496
3185,496
3186,496
3187,496
3188,496
3189,496
3190,496
3191,496
3192,496
3193,496
3194,496
3195,496
3196,496
3197,496
3198,496
3199,496
3200,496
3201,496
3202,496
3203,496
3204,496
3205,496
3206,496
3207,496
3208,496
3209,496
3210,496
3211,496
3212,496
3213,496
3214,496
3215,496
3216,496
3217,496
3218,496
3219,496
3220,496
3221,496
3222,496
3223,496
3224,496
3225,496
3226,496
3227,496
3228,496
3229,496
3230,496
3231,496
3232,496
3233,496
3234,496
3235,496
3236,496
3237,496
3238,496
3239,496
3240,496
3241,496
3242,496
3243,496
3244,496
3245,496
3246,496
3247,496
3248,496
3249,496
3250,496
3251,496
3252,496
3253,496
3254,496
3255,496
3256,496
3257,496
3258,496
3259,496
3260,496
3261,496
3262,496
3263,496
3264,496
3265,496
3266,496
3267,496
3268,496
3269,496
3270,496
3271,496
3272,496
3273,496
3274,496
3275,496
3276,496
3277,496
3278,496
3279,496
3280,496
3281,496
3282,496
3283,496
3284,496
3285,496
3286,496
3287,496
3288,496
3289,496
3290,496
3291,496
3292,496
3293,496
3294,496
3295,496
3296,496
3297,496
3298,496
3299,496
3300,496
3301,496
3302,496
3303,496
3304,496
3305,496
3306,496
3307,496
3308,496
3309,496
3310,496
3311,496
3312,496
3313,496
3314,496
3315,496
3316,496
3317,496
3318,496
3319,496
3320,496
3321,496
3322,496
3323,496
3324,496
3325,496
3326,496
3327,496
3328,496
3329,496
3330,496
3331,496
3332,496
3333,496
3334,496
3335,496
3336,496
3337,496
3338,496
3339,496
3340,496
3341,496
3342,496
3343,496
3344,496
3345,496
3346,496
3347,497
3348,498
3349,498
3350,498
3351,498
3352,498
3353,498
3354,498
3355,498
3356,498
3357,498
3358,498
3359,498
3360,498
3361,498
3362,498
3363,498
3364,498
3365,498
3366,498
3367,498
3368,498
3369,498
3370,498
3371,498
3372,498
3373,498
3374,498
3375,498
3376,498
3377,498
3378,498
3379,498
3380,498
3381,498
3382,498
3383,498
3384,498
3385,498
3386,498
3387,498
3388,498
3389,498
3390,498
3391,498
3392,498
3393,498
3394,498
3395,498
3396,498
3397,498
3398,498
3399,498
3400,498
3401,498
3402,498
3403,498
3404,498
3405,498
3406,498
3407,498
3408,498
3409,498
3410,498
3411,498
3412,498
3413,498
3414,498
3415,498
3416,498
3417,498
3418,498
3419,498
3420,498
3421,498
3422,498
3423,498
3424,498
3425,498
3426,498
3427,498
3428,498
3429,498
3430,498
3431,498
3432,498
3433,498
3434,498
3435,498
3436,498
3437,498
3438,498
3439,498
3440,498
3441,498
3442,498
3443,498
3444,498
3445,498
3446,498
3447,498
3448,498
3449,498
3450,498
3451,498
3452,498
3453,498
3454,498
3455,498
3456,498
3457,498
3458,498
3459,498
3460,498
3461,498
3462,498
3463,498
3464,498
3465,498
3466,498
3467,498
3468,498
3469,498
3470,498
3471,498
3472,498
3473,498
3474,498
3475,498
3476,498
3477,498
3478,498
3479,498
3480,498
3481,498
3482,498
3483,498
3484,498
3485,498
3486,498
3487,498
3488,498
3489,498
3490,498
3491,498
3492,498
3493,498
3494,498
3495,498
3496,498
3497,498
3498,498
3499,498
3500,498
3501,498
3502,498
3503,498
3504,498
3505,498
3506,498
3507,498
3508,498
3509,498
3510,498
3511,498
3512,498
3513,498
3514,498
3515,498
3516,498
3517,498
3518,498
3519,498
3520,498
3521,498
3522,498
3523,498
3524,498
3525,498
3526,498
3527,498
3528,498
3529,498
3530,498
3531,498
3532,498
3533,498
3534,498
3535,498
3536,498
3537,498
3538,498
3539,498
3540,498
3541,498
3542,498
3543,498
3544,498
3545,498
3546,498
3547,498
3548,498
3549,498
3550,498
3551,498
3552,498
3553,498
3554,498
3555,498
3556,498
3557,498
3558,498
3559,498
3560,498
3561,498
3562,498
3563,498
3564,498
3565,498
3566,498
3567,498
3568,498
3569,498
3570,498
3571,498
3572,498
3573,498
3574,498
3575,498
3576,498
3577,498
3578,498
3579,498
3580,498
3581,498
3582,498
3583,498
3584,498
3585,498
3586,498
3587,498
3588,498
3589,498
3590,498
3591,498
3592,498
3593,498
3594,498
3595,498
3596,498
3597,498
3598,498
3599,498
3600,498
3601,498
3602,498
3603,498
3604,498
3605,498
3606,498
3607,498
3608,498
3609,498
3610,498
3611,498
3612,498
3613,498
3614,498
3615,498
3616,498
3617,498
3618,498
3619,498
3620,498
3621,498
3622,498
3623,498
3624,498
3625,498
3626,498
3627,498
3628,498
3629,498
3630,498
3631,498
3632,498
3633,498
3634,498
3635,498
3636,498
3637,498
3638,498
3639,498
3640,498
3641,498
3642,498
3643,498
3644,498
3645,498
3646,498
3647,498
3648,498
3649,498
3650,498
3651,498
3652,498
3653,498
3654,498
3655,498
3656,498
3657,498
3658,498
3659,498
3660,498
3661,498
3662,498
3663,498
3664,498
3665,498
3666,498
3667,498
3668,498
3669,498
3670,498
3671,498
3672,498
3673,498
3674,498
3675,498
3676,498
3677,498
3678,498
3679,498
3680,498
3681,498
3682,498
3683,498
3684,498
3685,498
3686,498
3687,498
3688,498
3689,498
3690,498
3691,498
3692,498
3693,498
3694,498
3695,498
3696,498
3697,498
3698,498
3699,498
3700,498
3701,498
3702,498
3703,498
3704,498
3705,498
3706,498
3707,498
3708,498
3709,498
3710,498
3711,498
3712,498
3713,498
3714,498
3715,498
3716,498
3717,498
3718,498
3719,498
3720,498
3721,498
3722,498
3723,498
3724,498
3725,498
3726,498
3727,498
3728,498
3729,498
3730,498
3731,498
3732,498
3733,498
3734,498
3735,498
3736,498
3737,498
3738,498
3739,498
3740,498
3741,498
3742,498
3743,498
3744,498
3745,498
3746,498
3747,498
3748,498
3749,498
3750,498
3751,498
3752,498
3753,499
3754,499
3755,499
3756,499
3757,499
3758,499
3759,499
3760,500
