0,0
1,1
2,2
3,3
4,4
5,5
6,6
7,7
8,8
9,9
10,10
11,11
12,11
13,12
14,12
15,12
16,12
17,13
18,14
19,15
20,16
21,17
22,18
23,19
24,20
25,21
26,22
27,23
28,24
29,25
30,26
31,27
32,28
33,29
34,30
35,30
36,30
37,31
38,32
39,33
40,34
41,35
42,36
43,37
44,38
45,39
46,40
47,41
48,42
49,43
50,44
51,45
52,46
53,47
54,48
55,49
56,50
57,51
58,52
59,53
60,54
61,55
62,56
63,57
64,58
65,58
66,59
67,59
68,60
69,61
70,62
71,63
72,64
73,65
74,66
75,67
76,68
77,68
78,69
79,70
80,70
81,71
82,72
83,72
84,72
85,72
86,72
87,72
88,73
89,73
90,74
91,75
92,76
93,76
94,76
95,76
96,76
97,76
98,77
99,78
100,79
101,80
102,81
103,82
104,83
105,84
106,85
107,86
108,87
109,88
110,89
111,90
112,91
113,92
114,93
115,94
116,95
117,96
118,97
119,98
120,99
121,100
122,101
123,102
124,103
125,104
126,105
127,106
128,107
129,108
130,108
131,109
132,110
133,111
134,112
135,113
136,114
137,115
138,116
139,116
140,117
141,118
142,119
143,120
144,121
145,121
146,121
147,122
148,123
149,124
150,125
151,126
152,127
153,127
154,128
155,128
156,129
157,129
158,129
159,130
160,131
161,132
162,133
163,134
164,135
165,136
166,137
167,137
168,137
169,137
170,138
171,139
172,139
173,139
174,140
175,141
176,141
177,142
178,143
179,144
180,144
181,145
182,145
183,146
184,146
185,146
186,146
187,146
188,147
189,147
190,147
191,147
192,147
193,147
194,147
195,147
196,147
197,148
198,148
199,149
200,149
201,149
202,150
203,151
204,152
205,152
206,152
207,152
208,153
209,154
210,155
211,156
212,157
213,158
214,159
215,160
216,161
217,162
218,162
219,162
220,162
221,163
222,163
223,164
224,165
225,166
226,167
227,168
228,169
229,170
230,171
231,171
232,171
233,172
234,173
235,173
236,174
237,175
238,176
239,176
240,177
241,178
242,178
243,178
244,178
245,178
246,179
247,179
248,179
249,179
250,179
251,179
252,179
253,180
254,180
255,180
256,180
257,181
258,182
259,183
260,184
261,185
262,185
263,186
264,187
265,188
266,189
267,189
268,190
269,191
270,191
271,191
272,192
273,193
274,194
275,195
276,195
277,196
278,197
279,198
280,198
281,198
282,199
283,199
284,199
285,199
286,200
287,200
288,201
289,201
290,201
291,201
292,202
293,202
294,202
295,203
296,203
297,203
298,204
299,204
300,204
301,204
302,204
303,205
304,206
305,206
306,207
307,207
308,208
309,209
310,209
311,210
312,210
313,211
314,211
315,212
316,212
317,212
318,212
319,213
320,214
321,215
322,216
323,217
324,218
325,219
326,220
327,221
328,222
329,223
330,224
331,225
332,226
333,227
334,228
335,229
336,229
337,230
338,230
339,230
340,230
341,230
342,230
343,230
344,230
345,230
346,230
347,230
348,230
349,230
350,231
351,231
352,231
353,232
354,233
355,233
356,234
357,234
358,235
359,235
360,235
361,235
362,235
363,235
364,235
365,235
366,235
367,236
368,237
369,238
370,238
371,239
372,239
373,239
374,240
375,240
376,240
377,241
378,241
379,242
380,242
381,242
382,242
383,243
384,243
385,243
386,243
387,244
388,244
389,244
390,244
391,244
392,245
393,245
394,246
395,247
396,247
397,247
398,247
399,248
400,248
401,248
402,248
403,248
404,248
405,249
406,249
407,250
408,250
409,250
410,250
411,251
412,252
413,252
414,253
415,253
416,253
417,253
418,254
419,255
420,255
421,255
422,255
423,255
424,255
425,255
426,255
427,256
428,256
429,256
430,256
431,257
432,257
433,257
434,257
435,257
436,257
437,257
438,257
439,258
440,258
441,259
442,259
443,260
444,260
445,261
446,261
447,262
448,262
449,262
450,262
451,263
452,263
453,263
454,263
455,263
456,263
457,263
458,263
459,263
460,263
461,264
462,264
463,264
464,264
465,264
466,264
467,264
468,264
469,264
470,264
471,264
472,265
473,265
474,265
475,265
476,265
477,266
478,266
479,267
480,267
481,267
482,267
483,267
484,267
485,267
486,268
487,268
488,268
489,269
490,269
491,269
492,269
493,269
494,270
495,270
496,271
497,271
498,271
499,271
500,271
501,271
502,272
503,272
504,272
505,272
506,273
507,273
508,273
509,273
510,273
511,273
512,274
513,274
514,274
515,275
516,275
517,275
518,275
519,276
520,277
521,277
522,277
523,277
524,277
525,277
526,278
527,279
528,279
529,280
530,281
531,281
532,281
533,282
534,282
535,283
536,283
537,284
538,285
539,285
540,285
541,285
542,286
543,286
544,286
545,286
546,286
547,287
548,288
549,288
550,289
551,289
552,289
553,289
554,289
555,290
556,290
557,290
558,290
559,290
560,290
561,290
562,290
563,291
564,291
565,291
566,291
567,291
568,291
569,292
570,292
571,292
572,292
573,292
574,292
575,292
576,293
577,293
578,293
579,294
580,295
581,295
582,295
583,295
584,295
585,295
586,295
587,295
588,295
589,295
590,295
591,295
592,295
593,295
594,295
595,295
596,295
597,295
598,295
599,295
600,295
601,295
602,295
603,295
604,295
605,295
606,295
607,295
608,295
609,295
610,295
611,295
612,295
613,295
614,295
615,295
616,295
617,295
618,295
619,296
620,296
621,296
622,296
623,296
624,296
625,296
626,296
627,297
628,297
629,297
630,298
631,298
632,298
633,298
634,298
635,298
636,298
637,298
638,298
639,298
640,298
641,298
642,298
643,298
644,298
645,298
646,298
647,298
648,298
649,298
650,298
651,298
652,298
653,298
654,298
655,298
656,298
657,298
658,298
659,298
660,298
661,298
662,298
663,298
664,299
665,299
666,299
667,300
668,301
669,302
670,303
671,304
672,305
673,306
674,307
675,308
676,308
677,308
678,309
679,310
680,311
681,312
682,313
683,313
684,314
685,314
686,315
687,315
688,315
689,315
690,315
691,315
692,315
693,315
694,315
695,315
696,315
697,315
698,315
699,315
700,315
701,315
702,315
703,315
704,315
705,315
706,315
707,315
708,315
709,315
710,315
711,316
712,316
713,316
714,316
715,316
716,316
717,316
718,316
719,317
720,317
721,317
722,317
723,317
724,317
725,318
726,318
727,318
728,318
729,318
730,318
731,318
732,318
733,318
734,318
735,319
736,319
737,319
738,319
739,320
740,320
741,320
742,320
743,320
744,320
745,320
746,320
747,320
748,320
749,320
750,320
751,320
752,320
753,320
754,320
755,320
756,320
757,320
758,320
759,320
760,320
761,320
762,320
763,320
764,320
765,320
766,320
767,320
768,320
769,320
770,320
771,321
772,321
773,321
774,321
775,321
776,321
777,322
778,322
779,322
780,322
781,322
782,322
783,322
784,323
785,323
786,323
787,323
788,323
789,323
790,323
791,323
792,323
793,323
794,323
795,323
796,323
797,323
798,323
799,323
800,323
801,323
802,323
803,323
804,323
805,323
806,323
807,323
808,323
809,323
810,323
811,323
812,323
813,323
814,323
815,323
816,323
817,324
818,324
819,324
820,324
821,324
822,324
823,324
824,324
825,324
826,324
827,324
828,324
829,324
830,324
831,324
832,324
833,325
834,325
835,325
836,325
837,325
838,325
839,325
840,325
841,325
842,326
843,327
844,327
845,327
846,327
847,327
848,327
849,327
850,327
851,327
852,327
853,327
854,327
855,328
856,328
857,328
858,328
859,328
860,328
861,328
862,329
863,330
864,330
865,330
866,330
867,330
868,330
869,330
870,330
871,330
872,330
873,330
874,330
875,330
876,330
877,330
878,330
879,330
880,330
881,330
882,330
883,330
884,330
885,330
886,330
887,330
888,330
889,330
890,330
891,331
892,331
893,331
894,331
895,332
896,333
897,333
898,333
899,333
900,333
901,334
902,334
903,334
904,334
905,334
906,334
907,334
908,335
909,336
910,337
911,337
912,338
913,339
914,340
915,341
916,341
917,342
918,342
919,343
920,343
921,343
922,343
923,344
924,344
925,345
926,346
927,347
928,348
929,349
930,350
931,350
932,351
933,351
934,352
935,352
936,352
937,352
938,353
939,354
940,354
941,355
942,355
943,355
944,355
945,356
946,357
947,358
948,359
949,359
950,359
951,359
952,360
953,361
954,362
955,362
956,363
957,364
958,365
959,366
960,366
961,367
962,368
963,369
964,370
965,371
966,372
967,373
968,374
969,375
970,376
971,377
972,378
973,379
974,379
975,380
976,381
977,382
978,383
979,384
980,385
981,386
982,387
983,388
984,388
985,389
986,390
987,391
988,391
989,392
990,393
991,394
992,394
993,394
994,394
995,394
996,394
997,394
998,394
999,395
1000,396
1001,397
1002,397
1003,397
1004,397
1005,397
1006,397
1007,397
1008,397
1009,397
1010,397
1011,397
1012,397
1013,397
1014,397
1015,397
1016,397
1017,397
1018,397
1019,397
1020,397
1021,397
1022,397
1023,397
1024,397
1025,397
1026,397
1027,397
1028,397
1029,397
1030,397
1031,397
1032,397
1033,397
1034,397
1035,397
1036,397
1037,397
1038,397
1039,397
1040,397
1041,397
1042,397
1043,397
1044,397
1045,397
1046,397
1047,397
1048,397
1049,398
1050,399
1051,399
1052,399
1053,399
1054,399
1055,399
1056,399
1057,399
1058,399
1059,399
1060,399
1061,399
1062,399
1063,399
1064,399
1065,399
1066,399
1067,399
1068,399
1069,399
1070,399
1071,399
1072,399
1073,399
1074,399
1075,399
1076,399
1077,399
1078,399
1079,399
1080,399
1081,399
1082,399
1083,399
1084,399
1085,399
1086,399
1087,399
1088,399
1089,399
1090,399
1091,399
1092,399
1093,399
1094,399
1095,400
1096,400
1097,400
1098,400
1099,400
1100,400
1101,400
1102,400
1103,400
1104,400
1105,400
1106,400
1107,400
1108,400
1109,400
1110,401
1111,402
1112,402
1113,402
1114,402
1115,402
1116,402
1117,402
1118,402
1119,402
1120,402
1121,402
1122,402
1123,402
1124,403
1125,403
1126,403
1127,403
1128,404
1129,405
1130,405
1131,405
1132,405
1133,405
1134,405
1135,405
1136,406
1137,406
1138,406
1139,406
1140,406
1141,406
1142,406
1143,406
1144,406
1145,406
1146,406
1147,406
1148,406
1149,406
1150,406
1151,406
1152,406
1153,406
1154,406
1155,406
1156,406
1157,406
1158,406
1159,406
1160,406
1161,406
1162,406
1163,406
1164,407
1165,407
1166,407
1167,407
1168,408
1169,409
1170,410
1171,410
1172,411
1173,411
1174,411
1175,411
1176,411
1177,411
1178,411
1179,411
1180,411
1181,411
1182,411
1183,411
1184,411
1185,411
1186,411
1187,411
1188,411
1189,411
1190,411
1191,411
1192,411
1193,412
1194,412
1195,412
1196,412
1197,412
1198,412
1199,413
1200,413
1201,413
1202,413
1203,413
1204,413
1205,413
1206,413
1207,413
1208,413
1209,413
1210,413
1211,413
1212,414
1213,415
1214,416
1215,417
1216,417
1217,417
1218,417
1219,417
1220,417
1221,417
1222,417
1223,417
1224,417
1225,417
1226,417
1227,417
1228,417
1229,417
1230,417
1231,417
1232,417
1233,417
1234,417
1235,417
1236,417
1237,417
1238,417
1239,417
1240,417
1241,417
1242,417
1243,417
1244,417
1245,417
1246,417
1247,417
1248,417
1249,417
1250,417
1251,417
1252,417
1253,417
1254,417
1255,417
1256,418
1257,418
1258,418
1259,418
1260,418
1261,418
1262,418
1263,419
1264,419
1265,419
1266,419
1267,420
1268,421
1269,421
1270,421
1271,421
1272,421
1273,422
1274,422
1275,422
1276,422
1277,422
1278,423
1279,423
1280,423
1281,423
1282,423
1283,423
1284,423
1285,424
1286,424
1287,424
1288,424
1289,425
1290,425
1291,425
1292,425
1293,425
1294,425
1295,425
1296,425
1297,425
1298,425
1299,425
1300,425
1301,425
1302,425
1303,425
1304,425
1305,425
1306,425
1307,425
1308,425
1309,425
1310,425
1311,425
1312,425
1313,425
1314,425
1315,425
1316,425
1317,425
1318,425
1319,425
1320,425
1321,425
1322,425
1323,425
1324,425
1325,425
1326,425
1327,425
1328,425
1329,425
1330,425
1331,425
1332,425
1333,425
1334,425
1335,425
1336,425
1337,425
1338,425
1339,425
1340,425
1341,425
1342,425
1343,425
1344,425
1345,425
1346,425
1347,425
1348,426
1349,426
1350,426
1351,426
1352,426
1353,426
1354,426
1355,426
1356,426
1357,426
1358,426
1359,426
1360,426
1361,426
1362,426
1363,426
1364,426
1365,426
1366,426
1367,426
1368,426
1369,426
1370,426
1371,426
1372,426
1373,426
1374,426
1375,426
1376,426
1377,426
1378,426
1379,426
1380,426
1381,426
1382,426
1383,426
1384,426
1385,426
1386,426
1387,426
1388,426
1389,426
1390,426
1391,426
1392,426
1393,426
1394,426
1395,426
1396,426
1397,426
1398,427
1399,427
1400,427
1401,427
1402,427
1403,427
1404,427
1405,427
1406,427
1407,427
1408,427
1409,427
1410,427
1411,427
1412,427
1413,427
1414,427
1415,427
1416,427
1417,427
1418,427
1419,427
1420,427
1421,427
1422,427
1423,427
1424,427
1425,427
1426,427
1427,427
1428,427
1429,427
1430,428
1431,429
1432,430
1433,431
1434,431
1435,431
1436,431
1437,432
1438,433
1439,434
1440,435
1441,436
1442,436
1443,437
1444,437
1445,437
1446,438
1447,438
1448,439
1449,440
1450,441
1451,441
1452,441
1453,441
1454,442
1455,442
1456,442
1457,442
1458,442
1459,442
1460,442
1461,443
1462,443
1463,444
1464,444
1465,444
1466,444
1467,444
1468,445
1469,445
1470,445
1471,445
1472,445
1473,445
1474,445
1475,445
1476,445
1477,445
1478,445
1479,445
1480,445
1481,445
1482,445
1483,445
1484,445
1485,445
1486,445
1487,445
1488,445
1489,445
1490,445
1491,445
1492,445
1493,445
1494,445
1495,445
1496,445
1497,445
1498,445
1499,445
1500,445
1501,445
1502,445
1503,446
1504,446
1505,446
1506,446
1507,446
1508,446
1509,446
1510,446
1511,446
1512,447
1513,447
1514,447
1515,447
1516,447
1517,447
1518,447
1519,447
1520,447
1521,447
1522,447
1523,447
1524,447
1525,447
1526,447
1527,447
1528,448
1529,448
1530,448
1531,448
1532,448
1533,448
1534,448
1535,448
1536,448
1537,448
1538,448
1539,449
1540,450
1541,451
1542,452
1543,452
1544,452
1545,452
1546,453
1547,453
1548,454
1549,454
1550,454
1551,454
1552,455
1553,455
1554,456
1555,456
1556,456
1557,456
1558,456
1559,456
1560,456
1561,456
1562,456
1563,456
1564,456
1565,456
1566,456
1567,456
1568,456
1569,456
1570,456
1571,456
1572,456
1573,456
1574,456
1575,456
1576,456
1577,456
1578,456
1579,456
1580,456
1581,456
1582,456
1583,456
1584,456
1585,456
1586,456
1587,456
1588,456
1589,456
1590,456
1591,456
1592,456
1593,456
1594,456
1595,456
1596,456
1597,456
1598,456
1599,457
1600,458
1601,458
1602,458
1603,458
1604,458
1605,459
1606,460
1607,460
1608,460
1609,460
1610,460
1611,460
1612,460
1613,460
1614,460
1615,460
1616,460
1617,461
1618,461
1619,461
1620,461
1621,462
1622,462
1623,462
1624,462
1625,462
1626,462
1627,462
1628,462
1629,462
1630,462
1631,462
1632,462
1633,462
1634,462
1635,462
1636,462
1637,462
1638,462
1639,462
1640,462
1641,462
1642,462
1643,462
1644,462
1645,462
1646,462
1647,462
1648,462
1649,462
1650,462
1651,462
1652,463
1653,463
1654,463
1655,463
1656,463
1657,463
1658,463
1659,463
1660,464
1661,464
1662,464
1663,464
1664,464
1665,464
1666,464
1667,464
1668,464
1669,464
1670,464
1671,464
1672,465
1673,465
1674,466
1675,466
1676,466
1677,466
1678,466
1679,466
1680,466
1681,466
1682,467
1683,467
1684,467
1685,467
1686,467
1687,467
1688,467
1689,467
1690,467
1691,467
1692,467
1693,467
1694,467
1695,468
1696,468
1697,468
1698,468
1699,468
1700,468
1701,468
1702,468
1703,468
1704,468
1705,468
1706,468
1707,468
1708,468
1709,468
1710,468
1711,468
1712,468
1713,468
1714,468
1715,468
1716,468
1717,468
1718,468
1719,468
1720,468
1721,468
1722,468
1723,468
1724,469
1725,469
1726,469
1727,469
1728,469
1729,469
1730,469
1731,469
1732,469
1733,469
1734,469
1735,469
1736,469
1737,469
1738,469
1739,469
1740,469
1741,469
1742,469
1743,469
1744,469
1745,469
1746,469
1747,469
1748,469
1749,469
1750,469
1751,469
1752,469
1753,469
1754,469
1755,469
1756,469
1757,470
1758,470
1759,470
1760,470
1761,470
1762,470
1763,470
1764,470
1765,470
1766,471
1767,471
1768,472
1769,472
1770,472
1771,472
1772,472
1773,472
1774,472
1775,472
1776,472
1777,472
1778,472
1779,472
1780,472
1781,472
1782,472
1783,472
1784,473
1785,473
1786,473
1787,473
1788,473
1789,473
1790,473
1791,473
1792,473
1793,473
1794,473
1795,473
1796,473
1797,473
1798,473
1799,473
1800,473
1801,473
1802,473
1803,473
1804,473
1805,473
1806,473
1807,473
1808,473
1809,473
1810,473
1811,473
1812,473
1813,473
1814,473
1815,473
1816,473
1817,473
1818,473
1819,473
1820,473
1821,473
1822,473
1823,473
1824,473
1825,473
1826,473
1827,473
1828,473
1829,473
1830,473
1831,473
1832,473
1833,473
1834,473
1835,473
1836,473
1837,473
1838,473
1839,473
1840,473
1841,473
1842,473
1843,473
1844,473
1845,473
1846,473
1847,473
1848,473
1849,473
1850,473
1851,473
1852,473
1853,473
1854,473
1855,473
1856,473
1857,473
1858,473
1859,473
1860,473
1861,473
1862,473
1863,473
1864,473
1865,473
1866,473
1867,473
1868,473
1869,473
1870,473
1871,473
1872,473
1873,473
1874,473
1875,473
1876,473
1877,473
1878,473
1879,473
1880,473
1881,473
1882,473
1883,474
1884,474
1885,474
1886,475
1887,475
1888,475
1889,475
1890,475
1891,475
1892,476
1893,476
1894,476
1895,476
1896,476
1897,476
1898,476
1899,476
1900,476
1901,476
1902,476
1903,476
1904,476
1905,476
1906,476
1907,476
1908,476
1909,476
1910,476
1911,476
1912,476
1913,476
1914,476
1915,476
1916,476
1917,476
1918,476
1919,476
1920,476
1921,476
1922,476
1923,476
1924,476
1925,476
1926,476
1927,476
1928,476
1929,476
1930,476
1931,476
1932,476
1933,477
1934,477
1935,477
1936,477
1937,477
1938,477
1939,477
1940,477
1941,477
1942,477
1943,477
1944,477
1945,478
1946,478
1947,478
1948,478
1949,478
1950,478
1951,478
1952,478
1953,478
1954,478
1955,478
1956,478
1957,478
1958,478
1959,478
1960,478
1961,478
1962,478
1963,478
1964,479
1965,479
1966,479
1967,479
1968,480
1969,480
1970,480
1971,480
1972,480
1973,480
1974,480
1975,480
1976,481
1977,481
1978,481
1979,481
1980,481
1981,481
1982,481
1983,481
1984,481
1985,481
1986,481
1987,481
1988,481
1989,481
1990,481
1991,481
1992,481
1993,481
1994,481
1995,481
1996,481
1997,481
1998,481
1999,481
2000,481
2001,481
2002,481
2003,481
2004,481
2005,481
2006,481
2007,481
2008,481
2009,481
2010,481
2011,481
2012,481
2013,481
2014,481
2015,481
2016,481
2017,481
2018,481
2019,481
2020,481
2021,481
2022,482
2023,482
2024,482
2025,482
2026,482
2027,482
2028,482
2029,482
2030,482
2031,482
2032,482
2033,482
2034,482
2035,482
2036,482
2037,482
2038,482
2039,482
2040,482
2041,482
2042,482
2043,482
2044,482
2045,482
2046,482
2047,482
2048,482
2049,482
2050,482
2051,482
2052,482
2053,482
2054,482
2055,482
2056,482
2057,482
2058,482
2059,482
2060,482
2061,482
2062,482
2063,482
2064,482
2065,482
2066,482
2067,482
2068,482
2069,482
2070,482
2071,482
2072,482
2073,482
2074,482
2075,482
2076,482
2077,482
2078,482
2079,482
2080,482
2081,482
2082,482
2083,482
2084,482
2085,482
2086,482
2087,482
2088,482
2089,482
2090,482
2091,482
2092,482
2093,482
2094,482
2095,482
2096,483
2097,483
2098,483
2099,483
2100,483
2101,483
2102,483
2103,483
2104,483
2105,483
2106,483
2107,483
2108,483
2109,483
2110,483
2111,483
2112,483
2113,483
2114,483
2115,483
2116,483
2117,483
2118,483
2119,483
2120,483
2121,483
2122,483
2123,483
2124,483
2125,483
2126,484
2127,484
2128,484
2129,484
2130,484
2131,484
2132,484
2133,484
2134,484
2135,484
2136,484
2137,484
2138,484
2139,484
2140,484
2141,484
2142,484
2143,484
2144,484
2145,484
2146,484
2147,484
2148,484
2149,485
2150,485
2151,485
2152,485
2153,485
2154,485
2155,485
2156,485
2157,485
2158,485
2159,485
2160,485
2161,485
2162,485
2163,485
2164,485
2165,485
2166,485
2167,485
2168,485
2169,485
2170,485
2171,485
2172,485
2173,485
2174,485
2175,485
2176,485
2177,485
2178,485
2179,485
2180,485
2181,485
2182,485
2183,485
2184,485
2185,485
2186,485
2187,485
2188,485
2189,485
2190,485
2191,485
2192,485
2193,485
2194,485
2195,485
2196,485
2197,485
2198,485
2199,485
2200,485
2201,485
2202,485
2203,485
2204,485
2205,485
2206,485
2207,485
2208,485
2209,485
2210,485
2211,485
2212,485
2213,485
2214,485
2215,485
2216,485
2217,485
2218,485
2219,485
2220,485
2221,485
2222,485
2223,485
2224,485
2225,485
2226,485
2227,485
2228,485
2229,485
2230,485
2231,485
2232,485
2233,485
2234,485
2235,485
2236,485
2237,485
2238,485
2239,485
2240,485
2241,486
2242,486
2243,486
2244,486
2245,486
2246,486
2247,486
2248,486
2249,486
2250,486
2251,486
2252,486
2253,486
2254,486
2255,486
2256,486
2257,486
2258,486
2259,486
2260,486
2261,486
2262,486
2263,486
2264,486
2265,486
2266,486
2267,486
2268,486
2269,486
2270,486
2271,486
2272,486
2273,486
2274,486
2275,486
2276,486
2277,486
2278,486
2279,486
2280,486
2281,486
2282,486
2283,486
2284,486
2285,486
2286,486
2287,486
2288,486
2289,486
2290,486
2291,486
2292,486
2293,486
2294,486
2295,486
2296,486
2297,486
2298,486
2299,486
2300,486
2301,486
2302,486
2303,486
2304,486
2305,486
2306,486
2307,487
2308,487
2309,487
2310,487
2311,487
2312,487
2313,487
2314,487
2315,487
2316,487
2317,487
2318,487
2319,487
2320,487
2321,487
2322,487
2323,487
2324,487
2325,487
2326,487
2327,487
2328,487
2329,487
2330,487
2331,487
2332,487
2333,487
2334,487
2335,487
2336,487
2337,487
2338,487
2339,487
2340,487
2341,488
2342,488
2343,488
2344,488
2345,488
2346,488
2347,488
2348,488
2349,488
2350,488
2351,488
2352,488
2353,488
2354,488
2355,488
2356,488
2357,488
2358,488
2359,488
2360,488
2361,488
2362,488
2363,488
2364,488
2365,488
2366,488
2367,488
2368,488
2369,488
2370,488
2371,488
2372,488
2373,488
2374,488
2375,488
2376,488
2377,488
2378,488
2379,488
2380,488
2381,488
2382,488
2383,488
2384,488
2385,488
2386,488
2387,488
2388,488
2389,488
2390,488
2391,488
2392,488
2393,488
2394,488
2395,488
2396,488
2397,488
2398,488
2399,488
2400,488
2401,488
2402,488
2403,488
2404,488
2405,488
2406,488
2407,488
2408,488
2409,488
2410,488
2411,488
2412,488
2413,488
2414,488
2415,488
2416,488
2417,488
2418,488
2419,488
2420,488
2421,488
2422,488
2423,488
2424,488
2425,488
2426,488
2427,488
2428,488
2429,488
2430,488
2431,488
2432,488
2433,488
2434,488
2435,488
2436,488
2437,488
2438,488
2439,488
2440,488
2441,488
2442,488
2443,488
2444,488
2445,488
2446,488
2447,489
2448,489
2449,489
2450,489
2451,489
2452,489
2453,489
2454,489
2455,489
2456,489
2457,489
2458,489
2459,489
2460,489
2461,489
2462,489
2463,489
2464,489
2465,489
2466,489
2467,489
2468,489
2469,489
2470,489
2471,489
2472,489
2473,489
2474,489
2475,489
2476,489
2477,489
2478,489
2479,489
2480,489
2481,489
2482,489
2483,489
2484,489
2485,489
2486,489
2487,489
2488,489
2489,489
2490,489
2491,489
2492,489
2493,489
2494,489
2495,489
2496,489
2497,489
2498,489
2499,489
2500,489
2501,489
2502,489
2503,489
2504,489
2505,489
2506,489
2507,489
2508,489
2509,489
2510,489
2511,489
2512,489
2513,489
2514,489
2515,489
2516,489
2517,489
2518,489
2519,489
2520,489
2521,489
2522,489
2523,489
2524,489
2525,489
2526,489
2527,489
2528,489
2529,489
2530,489
2531,489
2532,489
2533,489
2534,489
2535,489
2536,489
2537,489
2538,489
2539,489
2540,489
2541,489
2542,489
2543,489
2544,489
2545,489
2546,489
2547,489
2548,489
2549,489
2550,489
2551,489
2552,489
2553,489
2554,489
2555,489
2556,489
2557,489
2558,489
2559,489
2560,489
2561,489
2562,489
2563,489
2564,489
2565,489
2566,489
2567,489
2568,489
2569,489
2570,489
2571,489
2572,489
2573,489
2574,489
2575,489
2576,489
2577,489
2578,489
2579,489
2580,489
2581,489
2582,489
2583,489
2584,489
2585,489
2586,489
2587,489
2588,489
2589,489
2590,489
2591,489
2592,489
2593,489
2594,489
2595,489
2596,489
2597,489
2598,489
2599,489
2600,489
2601,490
2602,490
2603,490
2604,491
2605,491
2606,491
2607,491
2608,491
2609,491
2610,491
2611,491
2612,491
2613,491
2614,491
2615,491
2616,491
2617,491
2618,491
2619,491
2620,491
2621,491
2622,491
2623,491
2624,491
2625,491
2626,491
2627,491
2628,491
2629,491
2630,491
2631,491
2632,491
2633,491
2634,491
2635,491
2636,491
2637,491
2638,491
2639,491
2640,491
2641,491
2642,491
2643,491
2644,491
2645,491
2646,491
2647,491
2648,491
2649,491
2650,492
2651,492
2652,492
2653,492
2654,492
2655,492
2656,492
2657,492
2658,492
2659,492
2660,492
2661,492
2662,492
2663,492
2664,492
2665,492
2666,492
2667,492
2668,492
2669,492
2670,492
2671,492
2672,492
2673,492
2674,492
2675,492
2676,492
2677,492
2678,492
2679,492
2680,492
2681,492
2682,492
2683,492
2684,492
2685,492
2686,492
2687,492
2688,492
2689,492
2690,492
2691,492
2692,492
2693,492
2694,492
2695,492
2696,492
2697,492
2698,492
2699,492
2700,492
2701,492
2702,492
2703,492
2704,492
2705,492
2706,492
2707,492
2708,492
2709,492
2710,492
2711,492
2712,492
2713,492
2714,492
2715,492
2716,492
2717,492
2718,492
2719,492
2720,492
2721,492
2722,492
2723,492
2724,492
2725,492
2726,492
2727,492
2728,492
2729,492
2730,492
2731,492
2732,492
2733,492
2734,492
2735,492
2736,492
2737,492
2738,492
2739,492
2740,492
2741,493
2742,493
2743,493
2744,493
2745,493
2746,493
2747,493
2748,493
2749,493
2750,493
2751,493
2752,493
2753,493
2754,493
2755,493
2756,493
2757,493
2758,493
2759,493
2760,493
2761,493
2762,493
2763,493
2764,493
2765,493
2766,493
2767,493
2768,493
2769,493
2770,493
2771,493
2772,493
2773,493
2774,493
2775,493
2776,493
2777,493
2778,493
2779,493
2780,493
2781,493
2782,493
2783,493
2784,493
2785,493
2786,493
2787,493
2788,493
2789,493
2790,493
2791,493
2792,493
2793,493
2794,493
2795,493
2796,493
2797,493
2798,493
2799,493
2800,493
2801,493
2802,493
2803,493
2804,493
2805,493
2806,493
2807,493
2808,493
2809,493
2810,493
2811,493
2812,493
2813,493
2814,493
2815,493
2816,493
2817,493
2818,493
2819,493
2820,493
2821,493
2822,493
2823,493
2824,493
2825,493
2826,493
2827,493
2828,493
2829,493
2830,493
2831,493
2832,493
2833,493
2834,493
2835,493
2836,493
2837,493
2838,493
2839,493
2840,493
2841,493
2842,493
2843,493
2844,493
2845,493
2846,493
2847,493
2848,493
2849,493
2850,493
2851,493
2852,493
2853,493
2854,493
2855,493
2856,493
2857,493
2858,493
2859,493
2860,493
2861,493
2862,493
2863,493
2864,493
2865,493
2866,493
2867,493
2868,493
2869,493
2870,493
2871,493
2872,493
2873,493
2874,493
2875,493
2876,493
2877,493
2878,493
2879,493
2880,493
2881,493
2882,493
2883,493
2884,493
2885,493
2886,493
2887,493
2888,493
2889,493
2890,493
2891,493
2892,493
2893,493
2894,493
2895,493
2896,493
2897,493
2898,493
2899,493
2900,493
2901,493
2902,493
2903,493
2904,493
2905,493
2906,493
2907,493
2908,493
2909,493
2910,493
2911,493
2912,493
2913,493
2914,493
2915,493
2916,493
2917,493
2918,493
2919,493
2920,493
2921,493
2922,493
2923,493
2924,493
2925,493
2926,493
2927,493
2928,493
2929,493
2930,493
2931,493
2932,493
2933,493
2934,493
2935,493
2936,493
2937,493
2938,493
2939,493
2940,493
2941,493
2942,493
2943,493
2944,493
2945,493
2946,493
2947,493
2948,493
2949,493
2950,493
2951,493
2952,493
2953,493
2954,493
2955,493
2956,493
2957,493
2958,493
2959,493
2960,493
2961,493
2962,493
2963,493
2964,493
2965,493
2966,493
2967,493
2968,493
2969,493
2970,493
2971,493
2972,493
2973,493
2974,493
2975,493
2976,493
2977,493
2978,493
2979,493
2980,493
2981,493
2982,493
2983,493
2984,493
2985,493
2986,493
2987,493
2988,493
2989,493
2990,493
2991,493
2992,493
2993,493
2994,493
2995,493
2996,493
2997,493
2998,493
2999,493
3000,493
3001,493
3002,493
3003,493
3004,493
3005,493
3006,493
3007,493
3008,493
3009,493
3010,493
3011,493
3012,493
3013,493
3014,493
3015,493
3016,493
3017,493
3018,493
3019,493
3020,493
3021,493
3022,493
3023,493
3024,493
3025,493
3026,493
3027,493
3028,493
3029,493
3030,494
3031,494
3032,494
3033,494
3034,494
3035,494
3036,494
3037,494
3038,494
3039,494
3040,494
3041,494
3042,494
3043,494
3044,494
3045,494
3046,494
3047,494
3048,494
3049,494
3050,494
3051,494
3052,494
3053,494
3054,494
3055,494
3056,494
3057,494
3058,494
3059,494
3060,494
3061,494
3062,494
3063,494
3064,494
3065,494
3066,494
3067,494
3068,494
3069,494
3070,494
3071,495
3072,495
3073,495
3074,495
3075,495
3076,495
3077,495
3078,495
3079,495
3080,495
3081,495
3082,495
3083,495
3084,495
3085,495
3086,495
3087,495
3088,495
3089,496
3090,496
3091,496
3092,496
3093,496
3094,496
3095,496
3096,496
3097,496
3098,496
3099,496
3100,496
3101,496
3102,496
3103,496
3104,496
3105,496
3106,496
3107,496
3108,496
3109,496
3110,496
3111,496
3112,496
3113,496
3114,496
3115,496
3116,496
3117,496
3118,496
3119,496
3120,496
3121,496
3122,496
3123,496
3124,496
3125,496
3126,496
3127,496
3128,496
3129,496
3130,496
3131,496
3132,496
3133,496
3134,496
3135,496
3136,496
3137,496
3138,496
3139,496
3140,496
3141,496
3142,496
3143,496
3144,496
3145,496
3146,496
3147,496
3148,496
3149,496
3150,496
3151,496
3152,496
3153,496
3154,496
3155,496
3156,496
3157,496
3158,496
3159,496
3160,496
3161,496
3162,496
3163,496
3164,496
3165,496
3166,496
3167,496
3168,496
3169,496
3170,496
3171,496
3172,496
3173,496
3174,496
3175,496
3176,496
3177,496
3178,496
3179,496
3180,496
3181,496
3182,496
3183,496
3184,496
3185,496
3186,496
3187,496
3188,496
3189,496
3190,496
3191,496
3192,496
3193,496
3194,496
3195,496
3196,496
3197,496
3198,496
3199,496
3200,496
3201,496
3202,496
3203,496
3204,496
3205,496
3206,496
3207,496
3208,496
3209,496
3210,496
3211,496
3212,496
3213,496
3214,496
3215,496
3216,496
3217,496
3218,496
3219,496
3220,496
3221,496
3222,496
3223,496
3224,496
3225,496
3226,496
3227,496
3228,496
3229,496
3230,496
3231,496
3232,496
3233,496
3234,496
3235,496
3236,496
3237,496
3238,496
3239,496
3240,496
3241,496
3242,496
3243,496
3244,496
3245,496
3246,496
3247,496
3248,496
3249,496
3250,496
3251,496
3252,496
3253,496
3254,496
3255,496
3256,496
3257,496
3258,496
3259,496
3260,496
3261,496
3262,496
3263,496
3264,496
3265,496
3266,496
3267,496
3268,496
3269,496
3270,496
3271,496
3272,496
3273,496
3274,496
3275,496
3276,496
3277,496
3278,496
3279,496
3280,496
3281,496
3282,496
3283,496
3284,496
3285,496
3286,496
3287,496
3288,496
3289,496
3290,496
3291,496
3292,496
3293,496
3294,496
3295,496
3296,496
3297,496
3298,496
3299,496
3300,496
3301,496
3302,496
3303,496
3304,496
3305,496
3306,496
3307,496
3308,496
3309,496
3310,496
3311,496
3312,496
3313,496
3314,496
3315,496
3316,496
3317,496
3318,496
3319,496
3320,496
3321,496
3322,496
3323,496
3324,496
3325,496
3326,496
3327,496
3328,496
3329,496
3330,496
3331,496
3332,496
3333,496
3334,496
3335,496
3336,496
3337,496
3338,496
3339,496
3340,496
3341,496
3342,496
3343,496
3344,496
3345,496
3346,496
3347,496
3348,496
3349,496
3350,496
3351,496
3352,496
3353,496
3354,496
3355,496
3356,496
3357,496
3358,496
3359,496
3360,496
3361,496
3362,496
3363,496
3364,496
3365,496
3366,496
3367,496
3368,496
3369,496
3370,496
3371,496
3372,496
3373,496
3374,496
3375,496
3376,496
3377,496
3378,496
3379,496
3380,496
3381,496
3382,496
3383,496
3384,496
3385,496
3386,496
3387,496
3388,496
3389,496
3390,496
3391,496
3392,496
3393,496
3394,496
3395,496
3396,496
3397,496
3398,496
3399,496
3400,496
3401,496
3402,496
3403,496
3404,496
3405,496
3406,496
3407,496
3408,496
3409,496
3410,496
3411,496
3412,497
3413,497
3414,497
3415,497
3416,497
3417,497
3418,497
3419,497
3420,497
3421,497
3422,497
3423,497
3424,497
3425,497
3426,497
3427,497
3428,497
3429,497
3430,497
3431,497
3432,497
3433,497
3434,497
3435,497
3436,497
3437,497
3438,497
3439,497
3440,497
3441,497
3442,497
3443,497
3444,497
3445,497
3446,497
3447,497
3448,497
3449,497
3450,497
3451,497
3452,497
3453,497
3454,497
3455,497
3456,497
3457,497
3458,497
3459,497
3460,497
3461,497
3462,497
3463,497
3464,497
3465,497
3466,497
3467,497
3468,497
3469,497
3470,497
3471,497
3472,497
3473,497
3474,497
3475,497
3476,497
3477,497
3478,497
3479,497
3480,497
3481,497
3482,497
3483,497
3484,497
3485,497
3486,497
3487,497
3488,497
3489,497
3490,497
3491,497
3492,497
3493,497
3494,497
3495,497
3496,497
3497,497
3498,497
3499,497
3500,497
3501,497
3502,497
3503,497
3504,497
3505,497
3506,497
3507,497
3508,497
3509,497
3510,497
3511,497
3512,497
3513,497
3514,497
3515,497
3516,497
3517,497
3518,497
3519,497
3520,497
3521,497
3522,497
3523,497
3524,497
3525,497
3526,497
3527,497
3528,497
3529,497
3530,497
3531,497
3532,497
3533,497
3534,497
3535,497
3536,497
3537,497
3538,497
3539,497
3540,497
3541,497
3542,497
3543,498
3544,498
3545,498
3546,498
3547,498
3548,498
3549,498
3550,498
3551,498
3552,498
3553,498
3554,498
3555,498
3556,498
3557,498
3558,498
3559,498
3560,498
3561,498
3562,498
3563,498
3564,498
3565,498
3566,498
3567,498
3568,498
3569,498
3570,498
3571,498
3572,498
3573,498
3574,498
3575,498
3576,498
3577,498
3578,498
3579,498
3580,498
3581,498
3582,498
3583,498
3584,498
3585,498
3586,498
3587,498
3588,498
3589,498
3590,498
3591,498
3592,498
3593,498
3594,498
3595,498
3596,498
3597,498
3598,498
3599,498
3600,498
3601,498
3602,498
3603,498
3604,498
3605,498
3606,498
3607,498
3608,498
3609,498
3610,498
3611,498
3612,498
3613,498
3614,498
3615,498
3616,498
3617,498
3618,498
3619,498
3620,498
3621,498
3622,498
3623,498
3624,498
3625,498
3626,498
3627,498
3628,498
3629,498
3630,498
3631,498
3632,498
3633,498
3634,498
3635,498
3636,498
3637,498
3638,498
3639,498
3640,498
3641,498
3642,498
3643,498
3644,498
3645,498
3646,498
3647,498
3648,498
3649,498
3650,498
3651,498
3652,498
3653,498
3654,498
3655,498
3656,498
3657,498
3658,498
3659,498
3660,498
3661,498
3662,498
3663,498
3664,498
3665,498
3666,498
3667,498
3668,498
3669,498
3670,498
3671,498
3672,498
3673,498
3674,498
3675,498
3676,498
3677,498
3678,498
3679,498
3680,498
3681,498
3682,498
3683,498
3684,498
3685,498
3686,498
3687,498
3688,498
3689,498
3690,498
3691,498
3692,498
3693,498
3694,498
3695,498
3696,498
3697,498
3698,498
3699,498
3700,498
3701,498
3702,498
3703,498
3704,498
3705,498
3706,498
3707,498
3708,498
3709,498
3710,498
3711,498
3712,498
3713,498
3714,498
3715,498
3716,498
3717,498
3718,498
3719,498
3720,498
3721,498
3722,498
3723,498
3724,498
3725,498
3726,498
3727,498
3728,498
3729,498
3730,498
3731,498
3732,498
3733,498
3734,498
3735,498
3736,498
3737,498
3738,498
3739,498
3740,498
3741,498
3742,498
3743,498
3744,498
3745,498
3746,498
3747,498
3748,498
3749,498
3750,498
3751,498
3752,498
3753,498
3754,498
3755,498
3756,498
3757,498
3758,498
3759,498
3760,498
3761,498
3762,498
3763,498
3764,498
3765,498
3766,498
3767,498
3768,498
3769,498
3770,498
3771,498
3772,498
3773,498
3774,498
3775,498
3776,498
3777,498
3778,498
3779,498
3780,498
3781,498
3782,498
3783,498
3784,498
3785,498
3786,498
3787,498
3788,498
3789,498
3790,498
3791,498
3792,498
3793,498
3794,498
3795,498
3796,498
3797,498
3798,498
3799,498
3800,498
3801,498
3802,498
3803,498
3804,498
3805,498
3806,498
3807,498
3808,498
3809,498
3810,498
3811,498
3812,498
3813,498
3814,498
3815,498
3816,498
3817,498
3818,498
3819,498
3820,498
3821,498
3822,498
3823,498
3824,498
3825,498
3826,498
3827,498
3828,498
3829,498
3830,498
3831,498
3832,498
3833,498
3834,498
3835,498
3836,498
3837,498
3838,498
3839,498
3840,498
3841,498
3842,498
3843,498
3844,498
3845,498
3846,498
3847,498
3848,498
3849,498
3850,498
3851,498
3852,498
3853,498
3854,498
3855,498
3856,498
3857,498
3858,498
3859,498
3860,498
3861,498
3862,498
3863,498
3864,498
3865,498
3866,498
3867,498
3868,498
3869,498
3870,498
3871,498
3872,498
3873,498
3874,498
3875,498
3876,498
3877,498
3878,498
3879,498
3880,498
3881,498
3882,498
3883,498
3884,498
3885,498
3886,498
3887,498
3888,498
3889,498
3890,498
3891,498
3892,498
3893,498
3894,498
3895,498
3896,498
3897,498
3898,498
3899,498
3900,498
3901,498
3902,498
3903,498
3904,498
3905,498
3906,498
3907,498
3908,498
3909,498
3910,498
3911,498
3912,498
3913,498
3914,498
3915,498
3916,498
3917,498
3918,498
3919,498
3920,498
3921,498
3922,498
3923,498
3924,498
3925,498
3926,498
3927,498
3928,498
3929,498
3930,498
3931,498
3932,498
3933,498
3934,498
3935,498
3936,498
3937,498
3938,498
3939,498
3940,498
3941,498
3942,498
3943,498
3944,498
3945,498
3946,498
3947,498
3948,498
3949,498
3950,498
3951,498
3952,498
3953,498
3954,498
3955,498
3956,498
3957,498
3958,498
3959,498
3960,498
3961,498
3962,498
3963,498
3964,498
3965,498
3966,498
3967,498
3968,498
3969,498
3970,498
3971,498
3972,498
3973,498
3974,498
3975,498
3976,498
3977,498
3978,498
3979,498
3980,498
3981,498
3982,498
3983,498
3984,498
3985,498
3986,498
3987,498
3988,498
3989,498
3990,498
3991,498
3992,498
3993,498
3994,498
3995,498
3996,498
3997,498
3998,498
3999,498
4000,498
4001,498
4002,498
4003,498
4004,498
4005,498
4006,498
4007,498
4008,498
4009,498
4010,498
4011,498
4012,498
4013,498
4014,498
4015,498
4016,498
4017,498
4018,498
4019,498
4020,498
4021,498
4022,498
4023,498
4024,498
4025,498
4026,498
4027,498
4028,498
4029,498
4030,498
4031,498
4032,498
4033,498
4034,498
4035,498
4036,498
4037,498
4038,498
4039,498
4040,498
4041,498
4042,498
4043,498
4044,498
4045,498
4046,498
4047,498
4048,498
4049,498
4050,498
4051,498
4052,498
4053,498
4054,498
4055,498
4056,498
4057,498
4058,499
4059,499
4060,499
4061,499
4062,499
4063,499
4064,499
4065,499
4066,499
4067,499
4068,499
4069,499
4070,499
4071,499
4072,499
4073,499
4074,499
4075,499
4076,499
4077,499
4078,499
4079,499
4080,499
4081,499
4082,499
4083,499
4084,499
4085,499
4086,499
4087,499
4088,499
4089,499
4090,499
4091,499
4092,499
4093,499
4094,499
4095,499
4096,499
4097,499
4098,499
4099,499
4100,499
4101,499
4102,499
4103,499
4104,499
4105,499
4106,499
4107,499
4108,499
4109,499
4110,499
4111,499
4112,499
4113,499
4114,499
4115,499
4116,499
4117,499
4118,499
4119,499
4120,499
4121,499
4122,499
4123,499
4124,499
4125,499
4126,499
4127,499
4128,499
4129,499
4130,499
4131,499
4132,499
4133,499
4134,499
4135,499
4136,499
4137,499
4138,499
4139,499
4140,499
4141,499
4142,499
4143,499
4144,499
4145,499
4146,499
4147,499
4148,499
4149,499
4150,499
4151,499
4152,499
4153,499
4154,499
4155,499
4156,499
4157,499
4158,499
4159,499
4160,499
4161,499
4162,499
4163,499
4164,499
4165,499
4166,499
4167,499
4168,499
4169,499
4170,499
4171,499
4172,499
4173,499
4174,499
4175,499
4176,499
4177,499
4178,499
4179,499
4180,499
4181,499
4182,499
4183,499
4184,499
4185,499
4186,499
4187,499
4188,499
4189,499
4190,499
4191,499
4192,499
4193,499
4194,499
4195,499
4196,499
4197,499
4198,499
4199,499
4200,499
4201,499
4202,499
4203,499
4204,499
4205,499
4206,499
4207,499
4208,499
4209,499
4210,499
4211,499
4212,499
4213,499
4214,499
4215,499
4216,499
4217,499
4218,499
4219,499
4220,499
4221,499
4222,499
4223,499
4224,499
4225,499
4226,499
4227,499
4228,499
4229,499
4230,499
4231,499
4232,499
4233,499
4234,499
4235,499
4236,499
4237,499
4238,499
4239,499
4240,499
4241,499
4242,499
4243,499
4244,499
4245,499
4246,499
4247,499
4248,499
4249,499
4250,499
4251,499
4252,499
4253,499
4254,499
4255,499
4256,499
4257,499
4258,499
4259,499
4260,499
4261,499
4262,499
4263,499
4264,499
4265,499
4266,499
4267,499
4268,499
4269,499
4270,499
4271,499
4272,499
4273,499
4274,499
4275,499
4276,499
4277,499
4278,499
4279,499
4280,499
4281,499
4282,499
4283,499
4284,499
4285,499
4286,499
4287,499
4288,499
4289,499
4290,499
4291,499
4292,499
4293,499
4294,499
4295,499
4296,499
4297,499
4298,499
4299,499
4300,499
4301,499
4302,499
4303,499
4304,499
4305,499
4306,499
4307,499
4308,499
4309,499
4310,499
4311,499
4312,499
4313,499
4314,499
4315,499
4316,499
4317,499
4318,499
4319,499
4320,499
4321,499
4322,499
4323,499
4324,499
4325,499
4326,499
4327,499
4328,499
4329,499
4330,499
4331,499
4332,499
4333,499
4334,499
4335,499
4336,499
4337,499
4338,499
4339,499
4340,499
4341,499
4342,499
4343,499
4344,499
4345,499
4346,499
4347,499
4348,499
4349,499
4350,499
4351,499
4352,499
4353,499
4354,499
4355,499
4356,499
4357,499
4358,499
4359,499
4360,499
4361,499
4362,499
4363,499
4364,499
4365,499
4366,499
4367,499
4368,499
4369,499
4370,499
4371,499
4372,499
4373,499
4374,499
4375,499
4376,499
4377,499
4378,499
4379,499
4380,499
4381,499
4382,499
4383,499
4384,499
4385,499
4386,499
4387,499
4388,499
4389,499
4390,499
4391,499
4392,499
4393,499
4394,499
4395,499
4396,499
4397,499
4398,499
4399,499
4400,499
4401,499
4402,499
4403,499
4404,499
4405,499
4406,499
4407,499
4408,499
4409,499
4410,499
4411,499
4412,499
4413,499
4414,499
4415,499
4416,499
4417,499
4418,499
4419,499
4420,499
4421,499
4422,499
4423,499
4424,499
4425,499
4426,499
4427,499
4428,499
4429,499
4430,499
4431,499
4432,499
4433,499
4434,499
4435,499
4436,499
4437,499
4438,499
4439,499
4440,499
4441,499
4442,499
4443,499
4444,499
4445,499
4446,499
4447,499
4448,499
4449,499
4450,499
4451,499
4452,499
4453,499
4454,499
4455,499
4456,499
4457,499
4458,499
4459,499
4460,499
4461,499
4462,499
4463,499
4464,499
4465,499
4466,499
4467,499
4468,499
4469,499
4470,499
4471,499
4472,499
4473,499
4474,499
4475,499
4476,499
4477,499
4478,499
4479,499
4480,499
4481,499
4482,499
4483,499
4484,499
4485,499
4486,499
4487,499
4488,499
4489,499
4490,499
4491,499
4492,499
4493,499
4494,499
4495,499
4496,499
4497,499
4498,499
4499,499
4500,499
4501,499
4502,499
4503,499
4504,499
4505,499
4506,499
4507,499
4508,499
4509,499
4510,499
4511,499
4512,499
4513,499
4514,499
4515,499
4516,499
4517,499
4518,499
4519,499
4520,499
4521,499
4522,499
4523,499
4524,499
4525,499
4526,499
4527,499
4528,499
4529,499
4530,499
4531,499
4532,499
4533,499
4534,499
4535,499
4536,499
4537,499
4538,499
4539,499
4540,499
4541,499
4542,499
4543,499
4544,499
4545,499
4546,499
4547,499
4548,499
4549,499
4550,499
4551,499
4552,499
4553,499
4554,499
4555,499
4556,499
4557,499
4558,499
4559,499
4560,499
4561,499
4562,499
4563,499
4564,499
4565,499
4566,499
4567,499
4568,499
4569,499
4570,499
4571,499
4572,499
4573,499
4574,499
4575,499
4576,499
4577,499
4578,499
4579,499
4580,499
4581,499
4582,499
4583,499
4584,499
4585,499
4586,499
4587,499
4588,499
4589,499
4590,499
4591,499
4592,499
4593,499
4594,499
4595,499
4596,499
4597,499
4598,499
4599,499
4600,499
4601,499
4602,499
4603,499
4604,499
4605,499
4606,499
4607,499
4608,499
4609,499
4610,499
4611,499
4612,499
4613,499
4614,499
4615,499
4616,499
4617,499
4618,499
4619,499
4620,499
4621,499
4622,499
4623,499
4624,499
4625,499
4626,499
4627,499
4628,499
4629,499
4630,499
4631,499
4632,499
4633,499
4634,499
4635,499
4636,499
4637,499
4638,499
4639,499
4640,499
4641,499
4642,499
4643,499
4644,499
4645,499
4646,499
4647,499
4648,499
4649,499
4650,499
4651,499
4652,499
4653,499
4654,499
4655,499
4656,499
4657,499
4658,499
4659,499
4660,499
4661,499
4662,499
4663,499
4664,499
4665,499
4666,499
4667,499
4668,499
4669,499
4670,499
4671,499
4672,499
4673,499
4674,499
4675,499
4676,499
4677,499
4678,499
4679,499
4680,499
4681,499
4682,499
4683,499
4684,499
4685,499
4686,499
4687,499
4688,499
4689,499
4690,499
4691,499
4692,499
4693,499
4694,499
4695,499
4696,499
4697,499
4698,499
4699,499
4700,499
4701,499
4702,499
4703,499
4704,499
4705,499
4706,499
4707,499
4708,499
4709,499
4710,499
4711,499
4712,499
4713,499
4714,499
4715,499
4716,499
4717,499
4718,499
4719,499
4720,499
4721,499
4722,499
4723,499
4724,499
4725,499
4726,499
4727,499
4728,499
4729,499
4730,499
4731,499
4732,499
4733,499
4734,499
4735,499
4736,499
4737,499
4738,499
4739,499
4740,499
4741,499
4742,499
4743,499
4744,499
4745,499
4746,499
4747,499
4748,499
4749,499
4750,499
4751,499
4752,499
4753,499
4754,499
4755,499
4756,499
4757,499
4758,499
4759,499
4760,499
4761,499
4762,499
4763,499
4764,499
4765,499
4766,499
4767,499
4768,499
4769,499
4770,499
4771,499
4772,499
4773,499
4774,499
4775,499
4776,499
4777,499
4778,499
4779,499
4780,499
4781,499
4782,499
4783,499
4784,499
4785,499
4786,499
4787,499
4788,499
4789,499
4790,499
4791,499
4792,499
4793,499
4794,499
4795,499
4796,499
4797,499
4798,499
4799,499
4800,499
4801,499
4802,499
4803,499
4804,499
4805,499
4806,499
4807,499
4808,499
4809,499
4810,499
4811,499
4812,499
4813,499
4814,499
4815,499
4816,499
4817,499
4818,499
4819,499
4820,499
4821,499
4822,499
4823,499
4824,499
4825,499
4826,499
4827,499
4828,499
4829,499
4830,499
4831,499
4832,499
4833,499
4834,499
4835,499
4836,499
4837,499
4838,499
4839,499
4840,499
4841,499
4842,499
4843,499
4844,499
4845,499
4846,499
4847,499
4848,499
4849,499
4850,499
4851,499
4852,499
4853,499
4854,499
4855,499
4856,499
4857,499
4858,499
4859,499
4860,499
4861,499
4862,499
4863,499
4864,499
4865,499
4866,499
4867,499
4868,499
4869,499
4870,499
4871,499
4872,499
4873,499
4874,499
4875,499
4876,499
4877,499
4878,499
4879,499
4880,499
4881,499
4882,499
4883,499
4884,499
4885,499
4886,499
4887,499
4888,499
4889,499
4890,499
4891,499
4892,499
4893,499
4894,499
4895,499
4896,499
4897,499
4898,499
4899,499
4900,499
4901,499
4902,499
4903,499
4904,499
4905,499
4906,499
4907,499
4908,499
4909,499
4910,499
4911,499
4912,499
4913,499
4914,499
4915,499
4916,499
4917,499
4918,499
4919,499
4920,499
4921,499
4922,499
4923,499
4924,499
4925,499
4926,499
4927,499
4928,499
4929,499
4930,499
4931,499
4932,499
4933,499
4934,499
4935,499
4936,499
4937,499
4938,499
4939,499
4940,499
4941,499
4942,499
4943,499
4944,499
4945,499
4946,499
4947,499
4948,499
4949,499
4950,499
4951,499
4952,499
4953,499
4954,499
4955,499
4956,499
4957,499
4958,499
4959,499
4960,499
4961,499
4962,499
4963,499
4964,499
4965,499
4966,499
4967,499
4968,499
4969,499
4970,499
4971,499
4972,499
4973,499
4974,499
4975,499
4976,499
4977,499
4978,499
4979,499
4980,499
4981,499
4982,499
4983,499
4984,499
4985,499
4986,499
4987,499
4988,499
4989,499
4990,499
4991,499
4992,499
4993,499
4994,499
4995,499
4996,499
4997,499
4998,499
4999,499
5000,499
5001,499
5002,499
5003,499
5004,499
5005,499
5006,499
5007,499
5008,499
5009,499
5010,499
5011,499
5012,499
5013,499
5014,499
5015,499
5016,499
5017,499
5018,499
5019,499
5020,499
5021,499
5022,499
5023,499
5024,499
5025,499
5026,499
5027,499
5028,499
5029,499
5030,499
5031,499
5032,499
5033,499
5034,499
5035,499
5036,499
5037,499
5038,499
5039,499
5040,499
5041,499
5042,499
5043,499
5044,499
5045,499
5046,499
5047,499
5048,499
5049,499
5050,499
5051,499
5052,499
5053,499
5054,499
5055,499
5056,499
5057,499
5058,499
5059,499
5060,499
5061,499
5062,499
5063,499
5064,499
5065,499
5066,499
5067,499
5068,499
5069,499
5070,499
5071,499
5072,499
5073,499
5074,499
5075,499
5076,499
5077,499
5078,499
5079,499
5080,499
5081,499
5082,499
5083,499
5084,499
5085,499
5086,499
5087,499
5088,499
5089,499
5090,499
5091,499
5092,499
5093,499
5094,499
5095,499
5096,499
5097,499
5098,499
5099,499
5100,499
5101,499
5102,499
5103,499
5104,499
5105,499
5106,499
5107,499
5108,499
5109,499
5110,499
5111,499
5112,499
5113,499
5114,499
5115,499
5116,499
5117,499
5118,499
5119,499
5120,499
5121,499
5122,499
5123,499
5124,499
5125,499
5126,499
5127,499
5128,499
5129,499
5130,499
5131,499
5132,499
5133,499
5134,499
5135,499
5136,499
5137,499
5138,499
5139,499
5140,499
5141,499
5142,499
5143,499
5144,499
5145,499
5146,499
5147,499
5148,499
5149,499
5150,499
5151,499
5152,499
5153,499
5154,499
5155,499
5156,499
5157,499
5158,499
5159,499
5160,499
5161,499
5162,499
5163,499
5164,499
5165,499
5166,499
5167,499
5168,499
5169,499
5170,499
5171,499
5172,499
5173,499
5174,499
5175,499
5176,499
5177,499
5178,499
5179,499
5180,499
5181,499
5182,499
5183,499
5184,499
5185,499
5186,499
5187,499
5188,499
5189,499
5190,499
5191,499
5192,499
5193,499
5194,499
5195,499
5196,499
5197,499
5198,499
5199,499
5200,499
5201,499
5202,499
5203,499
5204,499
5205,499
5206,499
5207,499
5208,499
5209,499
5210,499
5211,499
5212,499
5213,499
5214,499
5215,499
5216,499
5217,499
5218,499
5219,499
5220,499
5221,499
5222,499
5223,499
5224,499
5225,499
5226,499
5227,499
5228,499
5229,499
5230,499
5231,499
5232,499
5233,499
5234,499
5235,499
5236,499
5237,499
5238,499
5239,499
5240,499
5241,499
5242,499
5243,499
5244,499
5245,499
5246,499
5247,499
5248,499
5249,499
5250,499
5251,499
5252,499
5253,499
5254,499
5255,499
5256,499
5257,499
5258,499
5259,499
5260,499
5261,499
5262,499
5263,499
5264,499
5265,499
5266,499
5267,499
5268,499
5269,499
5270,499
5271,499
5272,499
5273,499
5274,499
5275,499
5276,499
5277,499
5278,499
5279,499
5280,499
5281,499
5282,499
5283,499
5284,499
5285,499
5286,499
5287,499
5288,499
5289,499
5290,499
5291,499
5292,499
5293,499
5294,499
5295,499
5296,499
5297,499
5298,499
5299,499
5300,499
5301,499
5302,499
5303,499
5304,499
5305,499
5306,499
5307,499
5308,499
5309,499
5310,499
5311,499
5312,499
5313,499
5314,499
5315,499
5316,499
5317,499
5318,499
5319,499
5320,499
5321,499
5322,499
5323,499
5324,499
5325,499
5326,499
5327,499
5328,499
5329,499
5330,499
5331,499
5332,499
5333,499
5334,499
5335,499
5336,499
5337,499
5338,499
5339,499
5340,499
5341,499
5342,499
5343,499
5344,499
5345,499
5346,499
5347,499
5348,499
5349,499
5350,499
5351,499
5352,499
5353,499
5354,499
5355,499
5356,499
5357,499
5358,499
5359,499
5360,499
5361,499
5362,499
5363,499
5364,499
5365,499
5366,499
5367,499
5368,499
5369,499
5370,499
5371,499
5372,499
5373,499
5374,499
5375,499
5376,499
5377,499
5378,499
5379,499
5380,499
5381,499
5382,499
5383,499
5384,499
5385,499
5386,499
5387,499
5388,499
5389,499
5390,499
5391,499
5392,499
5393,499
5394,499
5395,499
5396,499
5397,499
5398,499
5399,499
5400,499
5401,499
5402,499
5403,499
5404,499
5405,499
5406,499
5407,499
5408,499
5409,499
5410,499
5411,499
5412,499
5413,499
5414,499
5415,499
5416,499
5417,499
5418,499
5419,499
5420,499
5421,499
5422,499
5423,499
5424,499
5425,499
5426,499
5427,499
5428,499
5429,499
5430,499
5431,499
5432,499
5433,499
5434,499
5435,499
5436,499
5437,499
5438,499
5439,499
5440,499
5441,499
5442,499
5443,499
5444,499
5445,499
5446,499
5447,499
5448,499
5449,499
5450,499
5451,499
5452,499
5453,499
5454,499
5455,499
5456,499
5457,499
5458,499
5459,499
5460,499
5461,499
5462,499
5463,499
5464,499
5465,499
5466,499
5467,499
5468,499
5469,499
5470,499
5471,499
5472,499
5473,499
5474,499
5475,499
5476,499
5477,499
5478,499
5479,499
5480,499
5481,499
5482,499
5483,499
5484,499
5485,499
5486,499
5487,499
5488,499
5489,499
5490,499
5491,499
5492,499
5493,499
5494,499
5495,499
5496,499
5497,499
5498,499
5499,499
5500,499
5501,499
5502,499
5503,499
5504,499
5505,499
5506,499
5507,499
5508,499
5509,499
5510,499
5511,499
5512,499
5513,499
5514,499
5515,499
5516,499
5517,499
5518,499
5519,499
5520,499
5521,499
5522,499
5523,499
5524,499
5525,499
5526,499
5527,499
5528,499
5529,499
5530,499
5531,499
5532,499
5533,499
5534,499
5535,499
5536,499
5537,499
5538,499
5539,499
5540,499
5541,499
5542,499
5543,499
5544,499
5545,499
5546,499
5547,499
5548,499
5549,499
5550,499
5551,499
5552,499
5553,499
5554,499
5555,499
5556,499
5557,499
5558,499
5559,499
5560,499
5561,499
5562,499
5563,499
5564,499
5565,499
5566,499
5567,499
5568,499
5569,499
5570,499
5571,499
5572,499
5573,499
5574,499
5575,499
5576,499
5577,499
5578,499
5579,499
5580,499
5581,499
5582,499
5583,499
5584,499
5585,499
5586,499
5587,499
5588,499
5589,499
5590,499
5591,499
5592,499
5593,499
5594,499
5595,499
5596,499
5597,499
5598,499
5599,499
5600,499
5601,499
5602,499
5603,499
5604,499
5605,499
5606,499
5607,499
5608,499
5609,499
5610,499
5611,499
5612,499
5613,499
5614,499
5615,499
5616,499
5617,499
5618,499
5619,499
5620,499
5621,499
5622,499
5623,499
5624,499
5625,499
5626,499
5627,499
5628,499
5629,499
5630,499
5631,499
5632,499
5633,499
5634,499
5635,499
5636,499
5637,499
5638,499
5639,499
5640,499
5641,499
5642,499
5643,499
5644,499
5645,499
5646,499
5647,499
5648,499
5649,499
5650,499
5651,499
5652,499
5653,499
5654,499
5655,499
5656,499
5657,499
5658,499
5659,499
5660,499
5661,499
5662,499
5663,499
5664,499
5665,499
5666,499
5667,499
5668,499
5669,499
5670,499
5671,499
5672,499
5673,499
5674,499
5675,499
5676,499
5677,499
5678,499
5679,499
5680,499
5681,499
5682,499
5683,499
5684,499
5685,499
5686,499
5687,499
5688,499
5689,499
5690,499
5691,499
5692,499
5693,499
5694,499
5695,499
5696,499
5697,499
5698,499
5699,499
5700,499
5701,499
5702,499
5703,499
5704,499
5705,499
5706,499
5707,499
5708,499
5709,499
5710,499
5711,499
5712,499
5713,499
5714,499
5715,499
5716,499
5717,499
5718,499
5719,499
5720,499
5721,499
5722,499
5723,499
5724,499
5725,499
5726,499
5727,499
5728,499
5729,499
5730,499
5731,499
5732,499
5733,499
5734,499
5735,499
5736,499
5737,499
5738,499
5739,499
5740,499
5741,499
5742,499
5743,499
5744,499
5745,499
5746,499
5747,499
5748,499
5749,499
5750,499
5751,499
5752,499
5753,499
5754,499
5755,499
5756,499
5757,499
5758,499
5759,499
5760,499
5761,499
5762,499
5763,499
5764,499
5765,499
5766,499
5767,499
5768,499
5769,499
5770,499
5771,499
5772,499
5773,499
5774,499
5775,499
5776,499
5777,499
5778,499
5779,499
5780,499
5781,499
5782,499
5783,499
5784,499
5785,499
5786,499
5787,499
5788,499
5789,499
5790,499
5791,499
5792,499
5793,499
5794,499
5795,499
5796,499
5797,499
5798,499
5799,499
5800,499
5801,499
5802,499
5803,499
5804,499
5805,499
5806,499
5807,499
5808,499
5809,499
5810,499
5811,499
5812,499
5813,499
5814,499
5815,499
5816,499
5817,499
5818,499
5819,499
5820,499
5821,499
5822,499
5823,499
5824,499
5825,499
5826,499
5827,499
5828,499
5829,499
5830,499
5831,499
5832,499
5833,499
5834,499
5835,499
5836,499
5837,499
5838,499
5839,499
5840,499
5841,499
5842,499
5843,499
5844,499
5845,499
5846,499
5847,499
5848,499
5849,499
5850,499
5851,499
5852,499
5853,499
5854,499
5855,499
5856,499
5857,499
5858,499
5859,499
5860,499
5861,499
5862,499
5863,499
5864,499
5865,499
5866,499
5867,499
5868,499
5869,499
5870,499
5871,499
5872,499
5873,499
5874,499
5875,499
5876,499
5877,499
5878,499
5879,499
5880,499
5881,499
5882,499
5883,499
5884,499
5885,499
5886,499
5887,499
5888,499
5889,499
5890,499
5891,499
5892,499
5893,499
5894,499
5895,499
5896,499
5897,499
5898,499
5899,499
5900,499
5901,499
5902,499
5903,499
5904,499
5905,499
5906,499
5907,499
5908,499
5909,499
5910,499
5911,499
5912,499
5913,499
5914,499
5915,499
5916,499
5917,499
5918,499
5919,499
5920,499
5921,499
5922,499
5923,499
5924,499
5925,499
5926,499
5927,499
5928,499
5929,499
5930,499
5931,499
5932,499
5933,499
5934,499
5935,499
5936,499
5937,499
5938,499
5939,499
5940,499
5941,499
5942,499
5943,499
5944,499
5945,499
5946,499
5947,499
5948,499
5949,499
5950,499
5951,499
5952,499
5953,499
5954,499
5955,499
5956,499
5957,499
5958,499
5959,499
5960,499
5961,499
5962,499
5963,499
5964,499
5965,499
5966,499
5967,499
5968,499
5969,499
5970,499
5971,499
5972,499
5973,499
5974,499
5975,499
5976,499
5977,499
5978,499
5979,499
5980,499
5981,499
5982,499
5983,499
5984,499
5985,499
5986,499
5987,499
5988,499
5989,499
5990,499
5991,499
5992,499
5993,499
5994,499
5995,499
5996,499
5997,499
5998,499
5999,499
6000,499
6001,499
6002,499
6003,499
6004,499
6005,499
6006,499
6007,499
6008,499
6009,499
6010,499
6011,499
6012,499
6013,499
6014,499
6015,499
6016,499
6017,499
6018,499
6019,499
6020,499
6021,499
6022,499
6023,499
6024,499
6025,499
6026,499
6027,499
6028,499
6029,499
6030,499
6031,499
6032,499
6033,500
