0,0
1,1
2,2
3,3
4,4
5,5
6,6
7,7
8,7
9,8
10,9
11,10
12,11
13,12
14,13
15,14
16,15
17,15
18,16
19,16
20,16
21,17
22,17
23,17
24,18
25,18
26,18
27,18
28,18
29,19
30,20
31,21
32,22
33,22
34,22
35,23
36,23
37,23
38,24
39,24
40,24
41,24
42,25
43,26
44,26
45,26
46,26
47,27
48,28
49,28
50,29
51,29
52,30
53,30
54,31
55,31
56,31
57,32
58,32
59,32
60,32
61,32
62,32
63,33
64,34
65,34
66,35
67,35
68,35
69,35
70,35
71,36
72,36
73,36
74,36
75,36
76,36
77,36
78,36
79,37
80,38
81,38
82,38
83,38
84,38
85,39
86,40
87,40
88,40
89,40
90,40
91,40
92,41
93,41
94,41
95,42
96,43
97,43
98,43
99,43
100,43
101,43
102,43
103,43
104,44
105,44
106,44
107,45
108,45
109,45
110,45
111,45
112,45
113,45
114,45
115,45
116,45
117,45
118,45
119,45
120,45
121,45
122,45
123,45
124,45
125,45
126,45
127,45
128,46
129,46
130,46
131,46
132,46
133,46
134,46
135,46
136,46
137,46
138,46
139,46
140,46
141,46
142,46
143,46
144,46
145,46
146,46
147,46
148,46
149,46
150,46
151,46
152,46
153,46
154,46
155,46
156,46
157,46
158,46
159,46
160,46
161,46
162,46
163,46
164,46
165,46
166,46
167,46
168,46
169,46
170,46
171,46
172,46
173,46
174,46
175,46
176,46
177,47
178,48
179,48
180,48
181,48
182,48
183,48
184,48
185,48
186,48
187,48
188,48
189,48
190,48
191,48
192,48
193,48
194,48
195,48
196,48
197,48
198,48
199,48
200,48
201,48
202,48
203,48
204,48
205,48
206,48
207,48
208,48
209,48
210,48
211,48
212,48
213,48
214,48
215,48
216,48
217,48
218,48
219,48
220,48
221,48
222,48
223,48
224,48
225,48
226,48
227,48
228,48
229,48
230,48
231,48
232,48
233,48
234,48
235,48
236,48
237,48
238,48
239,48
240,48
241,48
242,48
243,48
244,48
245,48
246,48
247,48
248,48
249,48
250,48
251,48
252,48
253,48
254,48
255,48
256,48
257,48
258,48
259,48
260,48
261,49
262,49
263,49
264,49
265,49
266,49
267,49
268,49
269,49
270,49
271,49
272,49
273,49
274,49
275,49
276,49
277,49
278,49
279,49
280,49
281,49
282,49
283,49
284,49
285,49
286,49
287,49
288,49
289,49
290,49
291,49
292,49
293,49
294,49
295,49
296,49
297,49
298,49
299,49
300,49
301,49
302,49
303,49
304,49
305,49
306,49
307,49
308,49
309,49
310,49
311,49
312,49
313,49
314,49
315,49
316,49
317,49
318,49
319,49
320,49
321,49
322,49
323,49
324,49
325,49
326,49
327,49
328,49
329,49
330,49
331,49
332,49
333,49
334,49
335,49
336,49
337,49
338,49
339,49
340,49
341,49
342,49
343,49
344,49
345,49
346,49
347,49
348,49
349,49
350,49
351,49
352,49
353,49
354,49
355,49
356,49
357,49
358,49
359,49
360,49
361,49
362,49
363,49
364,49
365,49
366,49
367,49
368,49
369,49
370,49
371,49
372,49
373,49
374,49
375,49
376,49
377,49
378,49
379,49
380,49
381,49
382,49
383,49
384,49
385,49
386,49
387,49
388,49
389,49
390,49
391,49
392,49
393,49
394,49
395,49
396,49
397,49
398,49
399,49
400,49
401,49
402,49
403,49
404,49
405,49
406,49
407,49
408,49
409,49
410,49
411,49
412,49
413,49
414,49
415,49
416,49
417,49
418,49
419,49
420,49
421,49
422,49
423,49
424,49
425,49
426,49
427,49
428,49
429,49
430,49
431,49
432,49
433,49
434,49
435,49
436,49
437,49
438,49
439,49
440,49
441,49
442,49
443,49
444,49
445,49
446,49
447,49
448,49
449,49
450,49
451,49
452,49
453,49
454,49
455,49
456,49
457,49
458,49
459,49
460,49
461,49
462,49
463,49
464,49
465,49
466,49
467,49
468,49
469,49
470,49
471,49
472,49
473,49
474,49
475,49
476,49
477,49
478,49
479,49
480,49
481,49
482,49
483,49
484,49
485,49
486,49
487,49
488,49
489,49
490,49
491,49
492,49
493,49
494,49
495,49
496,49
497,49
498,49
499,49
500,49
501,49
502,49
503,49
504,49
505,49
506,49
507,49
508,49
509,49
510,49
511,49
512,49
513,49
514,49
515,49
516,49
517,49
518,49
519,49
520,49
521,49
522,49
523,49
524,49
525,49
526,49
527,49
528,49
529,49
530,49
531,49
532,49
533,49
534,49
535,49
536,49
537,49
538,49
539,49
540,49
541,49
542,49
543,49
544,49
545,49
546,49
547,49
548,49
549,49
550,49
551,49
552,49
553,49
554,49
555,49
556,49
557,49
558,49
559,49
560,49
561,49
562,49
563,49
564,49
565,49
566,49
567,49
568,49
569,49
570,49
571,49
572,49
573,49
574,49
575,49
576,49
577,49
578,49
579,49
580,49
581,49
582,49
583,49
584,49
585,49
586,49
587,49
588,49
589,49
590,49
591,49
592,49
593,49
594,49
595,49
596,49
597,49
598,49
599,49
600,49
601,49
602,49
603,49
604,49
605,49
606,49
607,49
608,49
609,49
610,49
611,49
612,49
613,49
614,49
615,49
616,49
617,49
618,49
619,49
620,49
621,49
622,50
