0,0
1,1
2,2
3,3
4,4
5,5
6,5
7,5
8,6
9,7
10,8
11,9
12,9
13,10
14,11
15,12
16,12
17,12
18,13
19,13
20,13
21,14
22,14
23,15
24,16
25,17
26,18
27,18
28,19
29,19
30,19
31,20
32,20
33,20
34,20
35,21
36,21
37,21
38,21
39,21
40,21
41,21
42,21
43,21
44,21
45,22
46,23
47,23
48,23
49,23
50,23
51,23
52,23
53,23
54,24
55,25
56,26
57,26
58,26
59,26
60,27
61,27
62,27
63,28
64,29
65,29
66,30
67,30
68,31
69,31
70,31
71,31
72,32
73,32
74,32
75,32
76,32
77,32
78,33
79,33
80,33
81,34
82,34
83,34
84,34
85,35
86,35
87,36
88,36
89,36
90,36
91,36
92,36
93,36
94,36
95,36
96,36
97,36
98,36
99,36
100,36
101,36
102,37
103,37
104,37
105,37
106,37
107,37
108,37
109,37
110,37
111,37
112,37
113,37
114,38
115,38
116,38
117,38
118,38
119,38
120,38
121,38
122,38
123,38
124,38
125,38
126,39
127,40
128,40
129,40
130,40
131,40
132,41
133,41
134,41
135,41
136,41
137,41
138,41
139,41
140,41
141,41
142,41
143,41
144,41
145,41
146,41
147,41
148,41
149,41
150,41
151,41
152,41
153,41
154,41
155,41
156,41
157,41
158,41
159,41
160,41
161,41
162,41
163,41
164,41
165,41
166,41
167,41
168,41
169,41
170,41
171,41
172,41
173,41
174,41
175,41
176,41
177,41
178,41
179,41
180,41
181,41
182,41
183,41
184,41
185,41
186,41
187,41
188,41
189,41
190,41
191,41
192,41
193,41
194,41
195,41
196,41
197,41
198,41
199,41
200,41
201,41
202,41
203,41
204,41
205,41
206,41
207,41
208,41
209,41
210,41
211,41
212,41
213,41
214,41
215,41
216,41
217,41
218,41
219,41
220,41
221,42
222,42
223,42
224,42
225,43
226,43
227,43
228,43
229,43
230,43
231,43
232,43
233,43
234,43
235,43
236,43
237,43
238,43
239,43
240,43
241,43
242,43
243,43
244,43
245,43
246,43
247,43
248,43
249,43
250,43
251,43
252,43
253,43
254,43
255,43
256,43
257,43
258,43
259,43
260,43
261,43
262,43
263,43
264,43
265,43
266,43
267,43
268,43
269,43
270,43
271,44
272,44
273,44
274,44
275,44
276,44
277,44
278,44
279,44
280,44
281,44
282,44
283,44
284,44
285,44
286,44
287,44
288,44
289,44
290,45
291,45
292,46
293,46
294,46
295,46
296,46
297,46
298,46
299,46
300,46
301,46
302,46
303,46
304,46
305,46
306,46
307,47
308,47
309,47
310,47
311,47
312,47
313,47
314,47
315,47
316,47
317,47
318,47
319,47
320,47
321,47
322,47
323,47
324,47
325,47
326,47
327,47
328,47
329,47
330,47
331,47
332,47
333,47
334,47
335,47
336,47
337,47
338,47
339,47
340,47
341,47
342,47
343,47
344,47
345,47
346,47
347,47
348,47
349,47
350,47
351,47
352,47
353,47
354,47
355,47
356,47
357,47
358,47
359,47
360,47
361,47
362,47
363,47
364,47
365,47
366,47
367,47
368,47
369,47
370,47
371,47
372,47
373,47
374,47
375,47
376,47
377,47
378,47
379,47
380,47
381,47
382,47
383,47
384,47
385,47
386,48
387,48
388,48
389,48
390,49
391,49
392,49
393,50
