0,0
1,1
2,2
3,3
4,4
5,5
6,6
7,7
8,7
9,7
10,8
11,9
12,10
13,10
14,11
15,11
16,12
17,13
18,14
19,15
20,16
21,17
22,17
23,18
24,19
25,19
26,20
27,21
28,21
29,21
30,22
31,22
32,23
33,24
34,24
35,25
36,25
37,26
38,27
39,27
40,27
41,27
42,28
43,28
44,28
45,28
46,28
47,28
48,28
49,28
50,28
51,30
52,31
53,31
54,32
55,33
56,34
57,35
58,35
59,36
60,37
61,38
62,38
63,38
64,38
65,39
66,40
67,40
68,40
69,41
70,41
71,41
72,41
73,41
74,41
75,41
76,41
77,41
78,42
79,42
80,42
81,43
82,43
83,43
84,43
85,44
86,44
87,44
88,44
89,44
90,45
91,45
92,45
93,45
94,45
95,45
96,45
97,45
98,45
99,45
100,45
101,45
102,45
103,45
104,45
105,45
106,45
107,46
108,46
109,46
110,46
111,46
112,46
113,46
114,46
115,46
116,46
117,46
118,46
119,46
120,46
121,47
122,47
123,47
124,47
125,47
126,47
127,47
128,48
129,48
130,48
131,48
132,48
133,48
134,48
135,48
136,48
137,48
138,48
139,48
140,48
141,48
142,48
143,48
144,48
145,48
146,48
147,48
148,48
149,49
150,49
151,49
152,49
153,49
154,49
155,49
156,49
157,49
158,49
159,49
160,49
161,49
162,49
163,49
164,49
165,49
166,49
167,49
168,49
169,49
170,49
171,49
172,49
173,49
174,49
175,49
176,49
177,49
178,50
