0,0
1,1
2,2
3,3
4,4
5,5
6,6
7,7
8,8
9,9
10,10
11,10
12,11
13,11
14,11
15,12
16,13
17,14
18,15
19,16
20,17
21,18
22,19
23,20
24,21
25,22
26,22
27,23
28,23
29,23
30,24
31,25
32,25
33,25
34,25
35,26
36,27
37,28
38,28
39,28
40,29
41,29
42,29
43,29
44,29
45,29
46,29
47,29
48,29
49,29
50,29
51,29
52,31
53,32
54,33
55,34
56,34
57,34
58,35
59,35
60,35
61,36
62,37
63,37
64,37
65,37
66,37
67,38
68,38
69,38
70,38
71,38
72,38
73,38
74,39
75,39
76,39
77,39
78,39
79,40
80,40
81,40
82,40
83,40
84,40
85,40
86,41
87,41
88,41
89,41
90,41
91,41
92,41
93,41
94,41
95,41
96,41
97,41
98,41
99,41
100,41
101,42
102,42
103,43
104,43
105,44
106,44
107,44
108,44
109,44
110,44
111,44
112,44
113,44
114,44
115,44
116,44
117,44
118,44
119,44
120,44
121,44
122,44
123,44
124,45
125,45
126,45
127,45
128,45
129,45
130,45
131,45
132,45
133,45
134,45
135,45
136,45
137,45
138,45
139,46
140,46
141,46
142,46
143,46
144,46
145,46
146,46
147,46
148,46
149,46
150,47
151,47
152,47
153,47
154,47
155,47
156,47
157,47
158,47
159,47
160,47
161,47
162,47
163,47
164,47
165,47
166,47
167,47
168,48
169,48
170,49
171,50
