0,0
1,1
2,2
3,3
4,4
5,5
6,6
7,7
8,8
9,9
10,10
11,11
12,12
13,13
14,14
15,14
16,14
17,15
18,16
19,16
20,16
21,17
22,18
23,18
24,19
25,20
26,20
27,21
28,22
29,22
30,23
31,24
32,25
33,25
34,25
35,26
36,26
37,26
38,27
39,27
40,27
41,27
42,27
43,27
44,27
45,27
46,28
47,29
48,29
49,30
50,30
51,31
52,32
53,32
54,32
55,32
56,33
57,33
58,33
59,33
60,34
61,34
62,35
63,35
64,35
65,36
66,36
67,37
68,37
69,37
70,37
71,37
72,37
73,37
74,37
75,37
76,37
77,37
78,37
79,38
80,38
81,39
82,39
83,39
84,40
85,40
86,40
87,40
88,40
89,40
90,41
91,41
92,41
93,41
94,41
95,41
96,41
97,41
98,41
99,41
100,41
101,41
102,42
103,42
104,42
105,42
106,43
107,45
108,45
109,45
110,45
111,45
112,45
113,46
114,47
115,47
116,47
117,47
118,47
119,47
120,47
121,47
122,47
123,47
124,47
125,47
126,47
127,47
128,47
129,47
130,47
131,47
132,47
133,47
134,47
135,47
136,47
137,47
138,47
139,48
140,48
141,48
142,48
143,48
144,48
145,48
146,48
147,48
148,48
149,48
150,48
151,48
152,49
153,49
154,49
155,49
156,49
157,49
158,49
159,49
160,49
161,50
