0,0
1,1
2,2
3,3
4,4
5,5
6,6
7,7
8,7
9,8
10,9
11,10
12,11
13,11
14,12
15,13
16,13
17,13
18,13
19,14
20,14
21,14
22,14
23,14
24,15
25,15
26,16
27,16
28,17
29,18
30,19
31,19
32,19
33,20
34,20
35,20
36,20
37,20
38,20
39,21
40,21
41,21
42,21
43,21
44,21
45,21
46,22
47,23
48,23
49,23
50,23
51,25
52,25
53,26
54,26
55,27
56,27
57,28
58,29
59,30
60,30
61,31
62,32
63,32
64,33
65,33
66,35
67,36
68,36
69,37
70,37
71,38
72,38
73,38
74,38
75,38
76,38
77,38
78,38
79,38
80,38
81,39
82,39
83,40
84,41
85,42
86,43
87,43
88,43
89,43
90,43
91,43
92,43
93,44
94,44
95,44
96,45
97,45
98,46
99,46
100,46
101,46
102,46
103,47
104,48
105,48
106,48
107,48
108,48
109,48
110,48
111,48
112,48
113,48
114,48
115,49
116,49
117,49
118,49
119,49
120,49
121,49
122,49
123,49
124,49
125,49
126,49
127,49
128,49
129,49
130,49
131,49
132,49
133,49
134,49
135,49
136,49
137,49
138,49
139,49
140,49
141,49
142,49
143,49
144,49
145,49
146,49
147,49
148,49
149,50
