0,0
1,2
2,4
3,5
4,5
5,6
6,6
7,6
8,7
9,8
10,8
11,10
12,11
13,13
14,15
15,16
16,18
17,20
18,21
19,22
20,22
21,22
22,23
23,24
24,25
25,26
26,27
27,27
28,27
29,27
30,27
31,27
32,27
33,27
34,27
35,27
36,27
37,27
38,27
39,27
40,27
41,27
42,27
43,28
44,29
45,30
46,31
47,32
48,33
49,33
50,34
51,34
52,34
53,35
54,35
55,36
56,37
57,38
58,38
59,38
60,38
61,38
62,38
63,38
64,38
65,38
66,38
67,38
68,38
69,38
70,38
71,38
72,39
73,39
74,39
75,39
76,39
77,40
78,41
79,41
80,41
81,41
82,41
83,41
84,41
85,42
86,43
87,44
88,45
89,46
90,46
91,46
92,47
93,47
94,47
95,47
96,47
97,47
98,47
99,47
100,47
101,47
102,47
103,47
104,47
105,48
106,48
107,48
108,48
109,48
110,48
111,48
112,48
113,48
114,48
115,48
116,48
117,48
118,48
119,48
120,48
121,48
122,48
123,48
124,48
125,48
126,48
127,48
128,48
129,48
130,48
131,48
132,48
133,48
134,48
135,48
136,48
137,48
138,48
139,48
140,48
141,48
142,48
143,48
144,48
145,48
146,48
147,48
148,48
149,48
150,48
151,48
152,48
153,48
154,48
155,48
156,48
157,48
158,48
159,48
160,48
161,48
162,48
163,48
164,48
165,48
166,48
167,48
168,48
169,48
170,48
171,48
172,48
173,48
174,48
175,48
176,48
177,48
178,48
179,48
180,48
181,48
182,48
183,48
184,48
185,48
186,48
187,48
188,48
189,48
190,48
191,48
192,48
193,48
194,48
195,48
196,49
197,49
198,49
199,49
200,49
201,49
202,49
203,49
204,49
205,49
206,49
207,49
208,49
209,49
210,49
211,49
212,49
213,49
214,49
215,49
216,49
217,49
218,49
219,49
220,49
221,49
222,49
223,49
224,49
225,49
226,49
227,49
228,49
229,49
230,49
231,49
232,49
233,49
234,49
235,50
