0,0
1,1
2,2
3,3
4,4
5,5
6,6
7,6
8,7
9,8
10,8
11,8
12,9
13,10
14,10
15,10
16,11
17,11
18,12
19,13
20,13
21,14
22,15
23,16
24,17
25,18
26,19
27,19
28,20
29,21
30,22
31,22
32,23
33,23
34,24
35,25
36,26
37,27
38,27
39,28
40,29
41,29
42,29
43,29
44,30
45,31
46,31
47,31
48,32
49,33
50,33
51,34
52,34
53,34
54,34
55,35
56,36
57,37
58,37
59,37
60,38
61,38
62,38
63,39
64,40
65,40
66,40
67,40
68,41
69,41
70,42
71,42
72,42
73,42
74,42
75,42
76,43
77,43
78,43
79,43
80,43
81,44
82,44
83,44
84,44
85,44
86,44
87,44
88,44
89,44
90,44
91,44
92,45
93,45
94,45
95,45
96,45
97,45
98,45
99,45
100,45
101,46
102,46
103,46
104,46
105,46
106,46
107,46
108,46
109,46
110,46
111,46
112,47
113,47
114,48
115,48
116,48
117,48
118,48
119,48
120,48
121,48
122,48
123,48
124,48
125,48
126,48
127,48
128,48
129,48
130,48
131,48
132,48
133,48
134,48
135,48
136,48
137,48
138,49
139,49
140,49
141,49
142,49
143,49
144,49
145,50
