0,0
1,1
2,2
3,3
4,4
5,5
6,6
7,7
8,8
9,9
10,9
11,10
12,11
13,12
14,12
15,13
16,14
17,15
18,16
19,17
20,17
21,17
22,17
23,17
24,17
25,17
26,17
27,18
28,19
29,20
30,20
31,20
32,20
33,21
34,22
35,22
36,23
37,23
38,23
39,23
40,23
41,23
42,23
43,23
44,23
45,23
46,23
47,23
48,23
49,23
50,23
51,23
52,24
53,25
54,26
55,28
56,28
57,29
58,29
59,29
60,30
61,31
62,32
63,32
64,32
65,34
66,35
67,36
68,36
69,38
70,38
71,38
72,38
73,39
74,40
75,41
76,41
77,41
78,42
79,43
80,43
81,44
82,44
83,44
84,44
85,44
86,44
87,44
88,44
89,45
90,45
91,45
92,45
93,45
94,45
95,45
96,45
97,45
98,45
99,45
100,45
101,47
102,47
103,47
104,48
105,48
106,48
107,48
108,48
109,48
110,48
111,48
112,48
113,48
114,48
115,48
116,48
117,48
118,48
119,48
120,48
121,48
122,48
123,48
124,48
125,48
126,48
127,48
128,48
129,48
130,49
131,49
132,49
133,49
134,49
135,49
136,49
137,49
138,49
139,49
140,49
141,49
142,49
143,49
144,49
145,49
146,49
147,49
148,49
149,49
150,49
151,49
152,50
