0,0
1,2
2,4
3,5
4,7
5,9
6,11
7,13
8,13
9,15
10,16
11,16
12,17
13,17
14,18
15,18
16,18
17,19
18,19
19,19
20,19
21,19
22,19
23,19
24,19
25,19
26,19
27,19
28,19
29,20
30,22
31,23
32,25
33,27
34,29
35,31
36,33
37,35
38,35
39,35
40,36
41,36
42,38
43,38
44,39
45,39
46,41
47,41
48,41
49,42
50,42
51,42
52,42
53,42
54,42
55,42
56,43
57,43
58,43
59,43
60,43
61,43
62,43
63,43
64,43
65,43
66,43
67,43
68,44
69,44
70,44
71,44
72,44
73,45
74,45
75,45
76,45
77,45
78,45
79,45
80,45
81,45
82,45
83,45
84,45
85,45
86,45
87,45
88,45
89,45
90,45
91,45
92,45
93,45
94,45
95,45
96,45
97,45
98,45
99,45
100,45
101,45
102,45
103,45
104,45
105,45
106,45
107,45
108,46
109,47
110,47
111,47
112,47
113,47
114,47
115,47
116,47
117,47
118,47
119,47
120,47
121,47
122,47
123,47
124,47
125,47
126,47
127,47
128,47
129,47
130,47
131,47
132,47
133,47
134,47
135,48
136,48
137,48
138,48
139,48
140,48
141,48
142,48
143,48
144,48
145,48
146,48
147,48
148,48
149,48
150,48
151,48
152,48
153,49
154,49
155,49
156,49
157,49
158,49
159,49
160,49
161,49
162,49
163,49
164,49
165,49
166,49
167,49
168,49
169,49
170,49
171,49
172,49
173,49
174,49
175,49
176,49
177,49
178,49
179,49
180,49
181,49
182,49
183,49
184,49
185,49
186,49
187,50
