0,0
1,1
2,2
3,3
4,4
5,5
6,6
7,7
8,8
9,9
10,10
11,11
12,11
13,12
14,12
15,13
16,14
17,15
18,15
19,15
20,16
21,17
22,17
23,18
24,18
25,18
26,19
27,20
28,21
29,22
30,23
31,24
32,25
33,26
34,27
35,27
36,27
37,27
38,28
39,29
40,29
41,30
42,31
43,32
44,33
45,34
46,35
47,36
48,37
49,38
50,39
51,40
52,41
53,42
54,43
55,44
56,45
57,46
58,47
59,48
60,49
61,50
62,50
63,50
64,50
65,51
66,51
67,52
68,52
69,52
70,53
71,53
72,54
73,54
74,54
75,54
76,55
77,56
78,57
79,57
80,57
81,57
82,57
83,57
84,57
85,57
86,58
87,59
88,59
89,60
90,60
91,60
92,60
93,60
94,60
95,61
96,61
97,61
98,61
99,61
100,61
101,62
102,62
103,62
104,62
105,62
106,62
107,62
108,62
109,63
110,63
111,63
112,63
113,63
114,63
115,64
116,64
117,64
118,64
119,65
120,65
121,65
122,65
123,65
124,65
125,65
126,65
127,65
128,65
129,66
130,66
131,66
132,67
133,68
134,68
135,69
136,69
137,69
138,69
139,69
140,69
141,69
142,69
143,70
144,70
145,70
146,70
147,70
148,70
149,70
150,70
151,70
152,70
153,70
154,70
155,70
156,70
157,70
158,71
159,71
160,71
161,71
162,71
163,71
164,71
165,71
166,71
167,71
168,71
169,71
170,71
171,71
172,71
173,71
174,71
175,71
176,71
177,72
178,72
179,72
180,72
181,72
182,72
183,72
184,72
185,72
186,72
187,72
188,72
189,72
190,72
191,72
192,72
193,72
194,72
195,72
196,72
197,72
198,72
199,72
200,72
201,72
202,72
203,72
204,72
205,72
206,72
207,72
208,72
209,72
210,72
211,72
212,72
213,72
214,72
215,72
216,72
217,72
218,72
219,72
220,72
221,72
222,72
223,72
224,72
225,72
226,72
227,72
228,72
229,72
230,72
231,72
232,72
233,72
234,72
235,72
236,73
237,73
238,73
239,73
240,73
241,73
242,73
243,74
244,74
245,74
246,74
247,74
248,74
249,74
250,74
251,74
252,74
253,74
254,74
255,74
256,74
257,74
258,74
259,74
260,74
261,74
262,74
263,74
264,74
265,74
266,74
267,74
268,74
269,74
270,74
271,74
272,74
273,74
274,75
275,75
276,75
277,75
278,75
279,75
280,75
281,75
282,76
283,76
284,76
285,76
286,76
287,76
288,76
289,76
290,76
291,76
292,76
293,76
294,76
295,76
296,76
297,76
298,76
299,76
300,76
301,76
302,76
303,76
304,76
305,76
306,76
307,76
308,76
309,76
310,76
311,76
312,76
313,76
314,76
315,76
316,76
317,76
318,76
319,76
320,76
321,76
322,77
323,78
324,78
325,78
326,78
327,78
328,78
329,78
330,78
331,78
332,78
333,78
334,79
335,79
336,79
337,79
338,80
339,80
340,80
341,80
342,80
343,80
344,80
345,81
346,81
347,81
348,81
349,81
350,81
351,81
352,81
353,81
354,81
355,81
356,81
357,81
358,81
359,81
360,81
361,81
362,81
363,81
364,81
365,81
366,81
367,81
368,81
369,82
370,82
371,82
372,82
373,82
374,82
375,82
376,82
377,82
378,83
379,83
380,83
381,83
382,83
383,83
384,83
385,83
386,83
387,83
388,83
389,83
390,83
391,83
392,83
393,83
394,83
395,83
396,83
397,83
398,83
399,83
400,83
401,83
402,84
403,85
404,85
405,85
406,85
407,86
408,86
409,86
410,86
411,86
412,86
413,86
414,86
415,86
416,86
417,86
418,86
419,86
420,87
421,87
422,87
423,87
424,87
425,87
426,88
427,88
428,88
429,88
430,88
431,88
432,88
433,88
434,88
435,88
436,88
437,88
438,88
439,88
440,88
441,88
442,88
443,88
444,88
445,88
446,88
447,88
448,88
449,88
450,88
451,88
452,88
453,88
454,88
455,88
456,88
457,88
458,88
459,88
460,88
461,88
462,88
463,88
464,88
465,88
466,88
467,88
468,88
469,88
470,88
471,88
472,88
473,88
474,88
475,88
476,88
477,88
478,88
479,88
480,88
481,88
482,88
483,88
484,88
485,88
486,88
487,88
488,88
489,88
490,88
491,88
492,88
493,88
494,88
495,88
496,88
497,88
498,88
499,88
500,88
501,88
502,88
503,88
504,88
505,89
506,89
507,89
508,89
509,89
510,89
511,89
512,89
513,89
514,89
515,89
516,89
517,89
518,89
519,89
520,89
521,89
522,89
523,89
524,89
525,89
526,89
527,89
528,89
529,89
530,89
531,89
532,89
533,89
534,89
535,89
536,89
537,89
538,89
539,89
540,89
541,89
542,89
543,89
544,89
545,89
546,89
547,90
548,90
549,90
550,90
551,90
552,90
553,90
554,90
555,90
556,90
557,90
558,90
559,90
560,90
561,90
562,90
563,90
564,90
565,90
566,90
567,90
568,90
569,90
570,90
571,90
572,90
573,90
574,90
575,90
576,90
577,90
578,90
579,90
580,90
581,90
582,90
583,91
584,92
585,92
586,92
587,92
588,92
589,92
590,92
591,92
592,92
593,92
594,92
595,92
596,92
597,92
598,92
599,92
600,92
601,92
602,92
603,92
604,92
605,92
606,92
607,92
608,92
609,92
610,92
611,92
612,92
613,92
614,92
615,92
616,92
617,92
618,92
619,92
620,92
621,92
622,92
623,92
624,92
625,92
626,92
627,92
628,92
629,92
630,92
631,92
632,92
633,92
634,92
635,92
636,92
637,92
638,92
639,92
640,92
641,92
642,92
643,92
644,92
645,92
646,92
647,92
648,92
649,92
650,92
651,92
652,92
653,92
654,93
655,93
656,93
657,93
658,93
659,93
660,93
661,93
662,93
663,93
664,93
665,94
666,94
667,94
668,94
669,94
670,94
671,94
672,94
673,94
674,94
675,94
676,94
677,94
678,94
679,94
680,94
681,94
682,94
683,94
684,94
685,94
686,94
687,94
688,94
689,94
690,94
691,94
692,94
693,94
694,94
695,94
696,94
697,94
698,94
699,94
700,94
701,94
702,94
703,94
704,94
705,94
706,94
707,94
708,94
709,94
710,94
711,94
712,94
713,94
714,94
715,94
716,94
717,94
718,94
719,94
720,94
721,94
722,94
723,94
724,94
725,94
726,94
727,94
728,95
729,95
730,95
731,95
732,95
733,95
734,95
735,95
736,95
737,95
738,95
739,96
740,96
741,96
742,96
743,97
744,98
745,99
746,99
747,99
748,99
749,99
750,99
751,99
752,99
753,99
754,99
755,99
756,99
757,99
758,99
759,99
760,99
761,99
762,99
763,99
764,99
765,99
766,99
767,99
768,99
769,99
770,99
771,99
772,99
773,99
774,99
775,99
776,99
777,99
778,99
779,99
780,99
781,99
782,99
783,99
784,99
785,99
786,99
787,99
788,99
789,99
790,99
791,99
792,99
793,99
794,99
795,99
796,99
797,99
798,99
799,99
800,99
801,99
802,99
803,99
804,99
805,99
806,99
807,99
808,99
809,99
810,99
811,99
812,99
813,99
814,99
815,99
816,99
817,99
818,99
819,99
820,99
821,99
822,99
823,99
824,99
825,99
826,99
827,99
828,99
829,99
830,99
831,99
832,99
833,99
834,99
835,99
836,99
837,99
838,99
839,99
840,99
841,99
842,99
843,99
844,99
845,99
846,99
847,99
848,99
849,99
850,99
851,99
852,99
853,99
854,99
855,99
856,99
857,99
858,99
859,99
860,99
861,99
862,99
863,99
864,99
865,99
866,99
867,99
868,99
869,99
870,99
871,99
872,99
873,99
874,99
875,99
876,99
877,99
878,99
879,99
880,99
881,99
882,99
883,99
884,99
885,99
886,99
887,99
888,99
889,99
890,99
891,99
892,99
893,99
894,99
895,99
896,99
897,99
898,99
899,99
900,99
901,99
902,99
903,99
904,99
905,99
906,99
907,99
908,99
909,99
910,99
911,99
912,99
913,99
914,99
915,99
916,99
917,99
918,99
919,99
920,99
921,99
922,99
923,99
924,99
925,99
926,99
927,99
928,99
929,99
930,99
931,99
932,99
933,99
934,99
935,99
936,99
937,99
938,99
939,99
940,99
941,99
942,99
943,99
944,99
945,99
946,99
947,99
948,99
949,99
950,99
951,99
952,99
953,99
954,99
955,99
956,99
957,99
958,99
959,99
960,99
961,99
962,99
963,99
964,99
965,99
966,99
967,99
968,99
969,99
970,99
971,99
972,99
973,99
974,99
975,99
976,99
977,99
978,99
979,99
980,99
981,99
982,99
983,99
984,99
985,99
986,99
987,99
988,99
989,99
990,99
991,99
992,99
993,99
994,99
995,99
996,99
997,99
998,99
999,99
1000,99
1001,99
1002,99
1003,99
1004,99
1005,99
1006,99
1007,99
1008,99
1009,99
1010,99
1011,99
1012,99
1013,99
1014,99
1015,99
1016,99
1017,99
1018,99
1019,99
1020,99
1021,99
1022,99
1023,99
1024,99
1025,99
1026,99
1027,99
1028,99
1029,99
1030,99
1031,99
1032,99
1033,99
1034,99
1035,99
1036,99
1037,99
1038,99
1039,99
1040,99
1041,99
1042,99
1043,99
1044,99
1045,99
1046,99
1047,99
1048,99
1049,99
1050,99
1051,99
1052,99
1053,99
1054,99
1055,99
1056,99
1057,99
1058,99
1059,99
1060,99
1061,99
1062,99
1063,99
1064,99
1065,99
1066,99
1067,99
1068,99
1069,99
1070,99
1071,99
1072,99
1073,99
1074,99
1075,99
1076,99
1077,99
1078,99
1079,99
1080,99
1081,99
1082,99
1083,99
1084,99
1085,99
1086,99
1087,99
1088,99
1089,99
1090,99
1091,99
1092,99
1093,99
1094,99
1095,99
1096,99
1097,99
1098,99
1099,99
1100,99
1101,99
1102,99
1103,99
1104,99
1105,99
1106,99
1107,99
1108,99
1109,99
1110,99
1111,99
1112,99
1113,99
1114,99
1115,99
1116,99
1117,99
1118,99
1119,99
1120,99
1121,99
1122,99
1123,99
1124,99
1125,99
1126,99
1127,99
1128,99
1129,99
1130,99
1131,99
1132,99
1133,99
1134,99
1135,99
1136,99
1137,99
1138,99
1139,99
1140,99
1141,99
1142,99
1143,99
1144,99
1145,99
1146,99
1147,99
1148,99
1149,99
1150,99
1151,99
1152,99
1153,99
1154,99
1155,99
1156,99
1157,99
1158,99
1159,99
1160,99
1161,99
1162,99
1163,99
1164,99
1165,99
1166,99
1167,99
1168,99
1169,99
1170,99
1171,99
1172,99
1173,99
1174,99
1175,99
1176,99
1177,99
1178,99
1179,99
1180,99
1181,99
1182,99
1183,99
1184,99
1185,99
1186,99
1187,99
1188,99
1189,99
1190,99
1191,99
1192,99
1193,99
1194,99
1195,99
1196,99
1197,99
1198,99
1199,99
1200,99
1201,99
1202,99
1203,99
1204,99
1205,99
1206,99
1207,99
1208,99
1209,99
1210,99
1211,99
1212,99
1213,99
1214,99
1215,99
1216,99
1217,99
1218,99
1219,99
1220,99
1221,99
1222,99
1223,99
1224,99
1225,99
1226,99
1227,99
1228,99
1229,99
1230,99
1231,99
1232,99
1233,99
1234,99
1235,99
1236,100
