0,0
1,1
2,2
3,3
4,4
5,5
6,6
7,7
8,8
9,9
10,10
11,11
12,12
13,13
14,13
15,14
16,15
17,16
18,17
19,18
20,19
21,19
22,20
23,21
24,22
25,22
26,22
27,22
28,22
29,22
30,23
31,23
32,23
33,23
34,24
35,24
36,24
37,24
38,24
39,25
40,26
41,27
42,28
43,29
44,30
45,31
46,32
47,33
48,34
49,34
50,34
51,34
52,34
53,34
54,34
55,35
56,36
57,36
58,37
59,37
60,38
61,38
62,39
63,40
64,41
65,41
66,42
67,42
68,43
69,43
70,43
71,43
72,44
73,45
74,45
75,45
76,45
77,45
78,45
79,46
80,47
81,47
82,47
83,47
84,47
85,47
86,47
87,47
88,47
89,47
90,47
91,47
92,47
93,48
94,48
95,48
96,49
97,49
98,49
99,49
100,50
101,51
102,52
103,52
104,52
105,52
106,53
107,53
108,53
109,53
110,53
111,53
112,53
113,53
114,54
115,54
116,54
117,55
118,55
119,56
120,57
121,58
122,59
123,60
124,61
125,62
126,62
127,62
128,63
129,64
130,65
131,66
132,67
133,67
134,68
135,68
136,68
137,69
138,69
139,69
140,69
141,69
142,69
143,69
144,69
145,69
146,70
147,70
148,71
149,71
150,71
151,71
152,71
153,71
154,71
155,71
156,71
157,71
158,71
159,71
160,72
161,72
162,73
163,74
164,74
165,74
166,75
167,76
168,77
169,77
170,77
171,77
172,77
173,77
174,77
175,77
176,77
177,77
178,77
179,77
180,77
181,77
182,77
183,77
184,77
185,78
186,78
187,78
188,78
189,78
190,78
191,78
192,78
193,78
194,78
195,78
196,78
197,78
198,78
199,78
200,78
201,78
202,78
203,79
204,79
205,80
206,80
207,80
208,80
209,80
210,80
211,80
212,80
213,80
214,80
215,80
216,81
217,82
218,82
219,82
220,82
221,83
222,84
223,84
224,84
225,84
226,84
227,84
228,84
229,84
230,84
231,84
232,84
233,84
234,84
235,84
236,84
237,84
238,84
239,84
240,84
241,84
242,84
243,84
244,84
245,84
246,84
247,84
248,84
249,84
250,84
251,84
252,84
253,84
254,84
255,84
256,84
257,84
258,84
259,84
260,84
261,84
262,84
263,84
264,84
265,84
266,84
267,84
268,84
269,84
270,84
271,84
272,84
273,84
274,84
275,84
276,84
277,85
278,85
279,85
280,85
281,85
282,85
283,85
284,86
285,86
286,86
287,86
288,86
289,86
290,86
291,86
292,87
293,87
294,87
295,87
296,87
297,87
298,87
299,87
300,87
301,87
302,87
303,87
304,88
305,88
306,88
307,88
308,89
309,89
310,89
311,89
312,89
313,89
314,89
315,89
316,89
317,89
318,89
319,89
320,89
321,90
322,90
323,90
324,90
325,90
326,90
327,91
328,91
329,91
330,91
331,91
332,91
333,91
334,91
335,91
336,91
337,91
338,91
339,91
340,91
341,91
342,91
343,91
344,91
345,91
346,92
347,92
348,92
349,92
350,92
351,92
352,92
353,92
354,92
355,92
356,92
357,92
358,92
359,92
360,92
361,92
362,92
363,92
364,92
365,92
366,92
367,92
368,92
369,92
370,92
371,92
372,92
373,92
374,92
375,92
376,92
377,92
378,92
379,92
380,92
381,92
382,92
383,92
384,92
385,92
386,92
387,92
388,93
389,93
390,93
391,93
392,93
393,93
394,93
395,93
396,93
397,93
398,93
399,93
400,93
401,93
402,93
403,93
404,93
405,93
406,93
407,93
408,93
409,93
410,93
411,93
412,93
413,93
414,93
415,93
416,93
417,93
418,93
419,93
420,93
421,93
422,93
423,93
424,93
425,93
426,93
427,93
428,93
429,93
430,93
431,93
432,93
433,93
434,93
435,93
436,93
437,93
438,93
439,93
440,93
441,93
442,93
443,93
444,93
445,93
446,93
447,93
448,93
449,93
450,93
451,93
452,93
453,93
454,93
455,93
456,93
457,93
458,94
459,94
460,94
461,94
462,94
463,94
464,94
465,94
466,94
467,94
468,94
469,94
470,95
471,95
472,95
473,95
474,95
475,95
476,95
477,95
478,95
479,95
480,95
481,95
482,95
483,95
484,95
485,95
486,95
487,95
488,95
489,95
490,95
491,95
492,95
493,95
494,95
495,95
496,95
497,95
498,95
499,95
500,95
501,95
502,95
503,95
504,95
505,95
506,95
507,95
508,95
509,95
510,95
511,95
512,95
513,95
514,95
515,95
516,95
517,95
518,95
519,95
520,95
521,95
522,95
523,95
524,95
525,96
526,96
527,96
528,96
529,96
530,96
531,96
532,96
533,96
534,96
535,96
536,96
537,96
538,96
539,96
540,96
541,96
542,96
543,96
544,96
545,96
546,96
547,96
548,96
549,96
550,96
551,96
552,96
553,96
554,96
555,96
556,96
557,96
558,96
559,96
560,96
561,96
562,96
563,96
564,96
565,96
566,96
567,96
568,96
569,96
570,96
571,96
572,96
573,96
574,96
575,96
576,96
577,96
578,96
579,96
580,96
581,96
582,96
583,96
584,96
585,96
586,96
587,96
588,96
589,96
590,96
591,96
592,96
593,96
594,96
595,96
596,96
597,96
598,96
599,96
600,96
601,96
602,96
603,96
604,96
605,96
606,96
607,96
608,96
609,96
610,96
611,96
612,96
613,96
614,96
615,96
616,96
617,96
618,96
619,96
620,96
621,96
622,96
623,96
624,96
625,96
626,96
627,96
628,96
629,96
630,96
631,96
632,96
633,96
634,96
635,96
636,96
637,96
638,96
639,96
640,96
641,96
642,96
643,96
644,96
645,96
646,96
647,97
648,97
649,97
650,97
651,97
652,98
653,98
654,98
655,98
656,99
657,99
658,99
659,99
660,99
661,99
662,99
663,99
664,99
665,99
666,99
667,99
668,99
669,99
670,99
671,99
672,99
673,99
674,99
675,99
676,99
677,99
678,99
679,99
680,99
681,99
682,99
683,99
684,99
685,99
686,99
687,99
688,99
689,99
690,99
691,99
692,99
693,99
694,99
695,99
696,99
697,99
698,99
699,99
700,99
701,99
702,99
703,99
704,99
705,99
706,99
707,99
708,99
709,99
710,99
711,99
712,99
713,99
714,99
715,99
716,99
717,99
718,99
719,99
720,99
721,99
722,99
723,99
724,99
725,99
726,99
727,99
728,99
729,99
730,99
731,99
732,99
733,99
734,99
735,99
736,99
737,99
738,99
739,99
740,99
741,99
742,99
743,99
744,99
745,99
746,99
747,99
748,99
749,99
750,99
751,99
752,99
753,99
754,99
755,99
756,99
757,99
758,99
759,99
760,99
761,99
762,99
763,99
764,99
765,99
766,99
767,99
768,99
769,99
770,99
771,99
772,99
773,99
774,99
775,99
776,99
777,99
778,99
779,99
780,99
781,99
782,99
783,99
784,99
785,99
786,99
787,99
788,99
789,99
790,99
791,99
792,99
793,99
794,99
795,99
796,99
797,99
798,99
799,99
800,99
801,99
802,99
803,99
804,99
805,99
806,99
807,99
808,99
809,99
810,99
811,99
812,99
813,99
814,99
815,99
816,99
817,99
818,99
819,99
820,99
821,99
822,99
823,99
824,99
825,99
826,99
827,99
828,99
829,99
830,99
831,99
832,99
833,99
834,99
835,99
836,99
837,99
838,99
839,99
840,99
841,99
842,99
843,99
844,99
845,99
846,99
847,99
848,99
849,99
850,99
851,99
852,99
853,99
854,99
855,99
856,99
857,99
858,99
859,99
860,99
861,99
862,99
863,99
864,99
865,99
866,99
867,99
868,99
869,99
870,99
871,99
872,99
873,99
874,99
875,99
876,99
877,99
878,99
879,99
880,99
881,99
882,99
883,99
884,99
885,99
886,99
887,99
888,99
889,99
890,99
891,99
892,99
893,99
894,99
895,99
896,99
897,99
898,99
899,99
900,99
901,99
902,99
903,99
904,99
905,99
906,99
907,99
908,99
909,99
910,99
911,99
912,99
913,99
914,99
915,99
916,99
917,99
918,99
919,99
920,99
921,99
922,99
923,99
924,99
925,99
926,99
927,99
928,99
929,99
930,99
931,99
932,99
933,99
934,99
935,99
936,99
937,99
938,99
939,99
940,99
941,99
942,99
943,99
944,99
945,99
946,99
947,99
948,99
949,99
950,99
951,99
952,99
953,99
954,99
955,99
956,99
957,99
958,99
959,99
960,99
961,99
962,99
963,99
964,99
965,99
966,99
967,99
968,99
969,99
970,99
971,99
972,99
973,99
974,99
975,99
976,99
977,99
978,99
979,99
980,99
981,99
982,99
983,99
984,99
985,99
986,99
987,99
988,99
989,99
990,99
991,99
992,99
993,99
994,99
995,99
996,99
997,99
998,99
999,99
1000,99
1001,99
1002,99
1003,99
1004,99
1005,99
1006,99
1007,99
1008,99
1009,99
1010,99
1011,100
