0,0
1,1
2,2
3,3
4,4
5,4
6,5
7,5
8,6
9,7
10,7
11,8
12,9
13,10
14,11
15,12
16,13
17,14
18,15
19,16
20,17
21,17
22,18
23,18
24,18
25,19
26,19
27,20
28,21
29,22
30,23
31,24
32,25
33,26
34,26
35,26
36,27
37,28
38,29
39,30
40,31
41,32
42,32
43,33
44,34
45,35
46,36
47,36
48,37
49,38
50,38
51,39
52,40
53,40
54,40
55,40
56,40
57,40
58,40
59,41
60,41
61,41
62,42
63,43
64,43
65,43
66,44
67,44
68,45
69,46
70,46
71,46
72,47
73,47
74,47
75,48
76,49
77,50
78,50
79,50
80,50
81,50
82,50
83,50
84,50
85,50
86,50
87,50
88,50
89,50
90,50
91,51
92,52
93,53
94,54
95,55
96,56
97,56
98,56
99,56
100,56
101,57
102,58
103,58
104,58
105,58
106,59
107,59
108,60
109,60
110,61
111,62
112,62
113,62
114,63
115,63
116,63
117,63
118,63
119,63
120,64
121,64
122,65
123,66
124,66
125,66
126,66
127,66
128,66
129,66
130,66
131,66
132,66
133,66
134,66
135,67
136,68
137,69
138,70
139,71
140,72
141,73
142,74
143,75
144,75
145,76
146,76
147,77
148,77
149,77
150,77
151,77
152,77
153,77
154,77
155,77
156,77
157,77
158,77
159,77
160,77
161,77
162,77
163,77
164,77
165,77
166,77
167,77
168,77
169,77
170,77
171,77
172,77
173,78
174,79
175,79
176,80
177,80
178,80
179,80
180,80
181,80
182,80
183,80
184,80
185,80
186,81
187,81
188,81
189,81
190,81
191,81
192,81
193,81
194,81
195,81
196,82
197,83
198,83
199,83
200,83
201,84
202,84
203,85
204,85
205,85
206,85
207,85
208,85
209,85
210,85
211,85
212,85
213,85
214,86
215,86
216,86
217,86
218,87
219,87
220,87
221,87
222,87
223,87
224,87
225,87
226,87
227,87
228,87
229,87
230,87
231,88
232,88
233,88
234,88
235,88
236,88
237,88
238,88
239,88
240,88
241,88
242,88
243,88
244,88
245,88
246,88
247,88
248,88
249,88
250,88
251,88
252,88
253,88
254,88
255,88
256,88
257,88
258,88
259,88
260,88
261,88
262,88
263,88
264,88
265,88
266,88
267,88
268,88
269,88
270,88
271,88
272,88
273,88
274,88
275,88
276,88
277,88
278,88
279,88
280,88
281,88
282,88
283,88
284,88
285,88
286,88
287,88
288,88
289,88
290,88
291,88
292,88
293,89
294,89
295,89
296,89
297,89
298,89
299,89
300,89
301,89
302,89
303,89
304,89
305,89
306,89
307,89
308,89
309,89
310,89
311,89
312,89
313,89
314,89
315,89
316,89
317,89
318,89
319,89
320,89
321,89
322,89
323,89
324,89
325,89
326,89
327,89
328,89
329,89
330,89
331,89
332,89
333,89
334,89
335,89
336,89
337,89
338,89
339,89
340,89
341,89
342,89
343,89
344,89
345,89
346,89
347,89
348,89
349,89
350,90
351,90
352,90
353,90
354,90
355,90
356,90
357,90
358,90
359,90
360,90
361,90
362,91
363,91
364,91
365,91
366,91
367,91
368,91
369,91
370,91
371,91
372,91
373,91
374,91
375,91
376,91
377,91
378,91
379,91
380,91
381,91
382,91
383,91
384,91
385,91
386,91
387,91
388,91
389,91
390,91
391,92
392,92
393,92
394,92
395,92
396,92
397,92
398,92
399,92
400,92
401,92
402,92
403,92
404,92
405,92
406,92
407,92
408,92
409,92
410,92
411,92
412,92
413,92
414,93
415,93
416,93
417,93
418,93
419,93
420,93
421,93
422,93
423,93
424,93
425,93
426,93
427,93
428,93
429,93
430,93
431,94
432,94
433,94
434,94
435,94
436,94
437,94
438,94
439,94
440,94
441,94
442,94
443,94
444,94
445,94
446,94
447,94
448,94
449,94
450,94
451,94
452,94
453,94
454,94
455,94
456,94
457,94
458,94
459,94
460,94
461,94
462,94
463,94
464,94
465,94
466,94
467,94
468,94
469,94
470,94
471,94
472,94
473,94
474,94
475,94
476,94
477,94
478,94
479,94
480,94
481,94
482,94
483,94
484,94
485,94
486,94
487,94
488,94
489,94
490,94
491,94
492,94
493,94
494,94
495,94
496,94
497,94
498,94
499,94
500,94
501,94
502,94
503,94
504,94
505,94
506,94
507,94
508,94
509,94
510,94
511,94
512,94
513,94
514,94
515,94
516,94
517,94
518,94
519,94
520,94
521,94
522,94
523,94
524,94
525,94
526,94
527,94
528,94
529,94
530,94
531,94
532,94
533,94
534,94
535,94
536,94
537,94
538,94
539,94
540,94
541,94
542,94
543,94
544,94
545,94
546,94
547,94
548,94
549,94
550,94
551,94
552,94
553,94
554,94
555,94
556,94
557,94
558,94
559,94
560,94
561,94
562,94
563,94
564,94
565,94
566,94
567,94
568,94
569,94
570,94
571,94
572,94
573,94
574,94
575,94
576,95
577,95
578,95
579,95
580,95
581,95
582,95
583,95
584,95
585,95
586,95
587,95
588,95
589,95
590,95
591,95
592,95
593,95
594,95
595,95
596,95
597,95
598,95
599,95
600,95
601,95
602,95
603,95
604,95
605,95
606,95
607,95
608,95
609,95
610,95
611,95
612,95
613,95
614,95
615,95
616,95
617,95
618,95
619,95
620,96
621,96
622,96
623,96
624,96
625,96
626,96
627,96
628,96
629,96
630,96
631,96
632,96
633,96
634,96
635,96
636,96
637,97
638,97
639,97
640,97
641,97
642,97
643,97
644,97
645,97
646,97
647,97
648,97
649,97
650,97
651,97
652,97
653,97
654,97
655,97
656,97
657,97
658,97
659,97
660,97
661,97
662,97
663,97
664,97
665,97
666,97
667,97
668,97
669,97
670,97
671,97
672,97
673,97
674,97
675,97
676,97
677,97
678,97
679,97
680,97
681,97
682,97
683,97
684,97
685,97
686,97
687,97
688,97
689,97
690,97
691,97
692,97
693,97
694,97
695,97
696,97
697,97
698,97
699,97
700,97
701,97
702,97
703,97
704,97
705,97
706,97
707,97
708,97
709,97
710,97
711,97
712,97
713,97
714,97
715,97
716,97
717,97
718,97
719,97
720,97
721,97
722,97
723,97
724,97
725,97
726,97
727,97
728,97
729,97
730,97
731,97
732,97
733,97
734,97
735,97
736,97
737,97
738,97
739,97
740,97
741,97
742,97
743,97
744,97
745,97
746,97
747,97
748,97
749,97
750,97
751,97
752,97
753,97
754,97
755,97
756,97
757,97
758,97
759,97
760,97
761,97
762,97
763,97
764,97
765,97
766,97
767,97
768,97
769,97
770,97
771,97
772,97
773,97
774,97
775,97
776,97
777,97
778,97
779,97
780,97
781,97
782,97
783,97
784,97
785,97
786,97
787,97
788,97
789,97
790,97
791,97
792,97
793,97
794,97
795,97
796,97
797,97
798,97
799,97
800,97
801,97
802,97
803,97
804,97
805,97
806,97
807,97
808,97
809,97
810,97
811,97
812,97
813,97
814,97
815,97
816,97
817,97
818,97
819,97
820,97
821,97
822,97
823,97
824,97
825,97
826,97
827,97
828,97
829,97
830,97
831,97
832,97
833,97
834,97
835,97
836,97
837,97
838,97
839,97
840,97
841,97
842,97
843,97
844,97
845,97
846,97
847,97
848,97
849,97
850,97
851,97
852,97
853,97
854,97
855,97
856,97
857,97
858,97
859,97
860,97
861,97
862,97
863,97
864,97
865,97
866,97
867,97
868,97
869,97
870,97
871,97
872,97
873,97
874,97
875,97
876,97
877,97
878,97
879,97
880,97
881,97
882,97
883,97
884,97
885,97
886,97
887,97
888,97
889,97
890,97
891,97
892,97
893,97
894,97
895,97
896,97
897,97
898,97
899,97
900,97
901,97
902,97
903,97
904,97
905,97
906,97
907,97
908,97
909,97
910,97
911,97
912,97
913,97
914,97
915,97
916,97
917,97
918,97
919,97
920,97
921,97
922,97
923,97
924,97
925,97
926,97
927,97
928,97
929,97
930,97
931,97
932,97
933,97
934,97
935,97
936,97
937,97
938,97
939,97
940,97
941,98
942,98
943,98
944,98
945,98
946,98
947,98
948,98
949,98
950,98
951,98
952,98
953,98
954,98
955,98
956,98
957,98
958,98
959,98
960,98
961,98
962,98
963,98
964,98
965,98
966,98
967,98
968,98
969,98
970,98
971,98
972,98
973,98
974,98
975,98
976,98
977,98
978,98
979,98
980,98
981,98
982,98
983,98
984,98
985,98
986,98
987,98
988,98
989,98
990,98
991,98
992,98
993,98
994,98
995,98
996,98
997,98
998,98
999,98
1000,98
1001,98
1002,98
1003,98
1004,98
1005,98
1006,98
1007,98
1008,98
1009,98
1010,98
1011,98
1012,98
1013,98
1014,98
1015,98
1016,98
1017,98
1018,98
1019,98
1020,98
1021,98
1022,98
1023,98
1024,98
1025,98
1026,98
1027,98
1028,98
1029,98
1030,98
1031,98
1032,98
1033,98
1034,98
1035,98
1036,98
1037,98
1038,98
1039,98
1040,98
1041,98
1042,98
1043,98
1044,98
1045,98
1046,98
1047,98
1048,98
1049,98
1050,98
1051,98
1052,98
1053,98
1054,98
1055,98
1056,98
1057,98
1058,98
1059,98
1060,98
1061,98
1062,98
1063,98
1064,98
1065,98
1066,98
1067,98
1068,98
1069,98
1070,98
1071,98
1072,98
1073,98
1074,98
1075,98
1076,98
1077,98
1078,98
1079,98
1080,98
1081,98
1082,98
1083,98
1084,98
1085,98
1086,98
1087,98
1088,98
1089,98
1090,98
1091,98
1092,98
1093,98
1094,98
1095,98
1096,98
1097,98
1098,98
1099,98
1100,98
1101,98
1102,98
1103,98
1104,98
1105,98
1106,98
1107,98
1108,98
1109,98
1110,98
1111,98
1112,98
1113,98
1114,98
1115,98
1116,98
1117,98
1118,98
1119,98
1120,98
1121,98
1122,98
1123,98
1124,98
1125,98
1126,98
1127,98
1128,98
1129,98
1130,98
1131,98
1132,98
1133,98
1134,98
1135,98
1136,98
1137,98
1138,98
1139,98
1140,98
1141,98
1142,98
1143,98
1144,98
1145,98
1146,98
1147,98
1148,98
1149,98
1150,98
1151,98
1152,98
1153,98
1154,98
1155,98
1156,98
1157,98
1158,98
1159,98
1160,98
1161,98
1162,98
1163,98
1164,98
1165,98
1166,98
1167,98
1168,98
1169,98
1170,98
1171,98
1172,98
1173,98
1174,98
1175,98
1176,98
1177,98
1178,98
1179,98
1180,98
1181,98
1182,98
1183,98
1184,98
1185,98
1186,98
1187,98
1188,98
1189,98
1190,98
1191,98
1192,98
1193,98
1194,98
1195,98
1196,98
1197,98
1198,98
1199,98
1200,98
1201,98
1202,98
1203,98
1204,98
1205,98
1206,98
1207,98
1208,98
1209,98
1210,98
1211,98
1212,98
1213,98
1214,98
1215,98
1216,98
1217,98
1218,98
1219,98
1220,98
1221,98
1222,98
1223,98
1224,98
1225,98
1226,98
1227,98
1228,98
1229,98
1230,98
1231,98
1232,98
1233,98
1234,98
1235,98
1236,98
1237,98
1238,98
1239,98
1240,98
1241,98
1242,98
1243,98
1244,98
1245,98
1246,98
1247,98
1248,98
1249,98
1250,98
1251,98
1252,98
1253,98
1254,98
1255,98
1256,98
1257,98
1258,98
1259,98
1260,98
1261,98
1262,98
1263,98
1264,98
1265,98
1266,98
1267,98
1268,98
1269,98
1270,98
1271,98
1272,98
1273,98
1274,98
1275,98
1276,98
1277,98
1278,98
1279,98
1280,98
1281,98
1282,98
1283,98
1284,98
1285,98
1286,98
1287,98
1288,98
1289,98
1290,98
1291,98
1292,98
1293,98
1294,98
1295,98
1296,98
1297,98
1298,98
1299,98
1300,98
1301,98
1302,98
1303,98
1304,98
1305,98
1306,98
1307,98
1308,98
1309,98
1310,98
1311,98
1312,98
1313,98
1314,98
1315,98
1316,98
1317,98
1318,98
1319,98
1320,98
1321,98
1322,98
1323,98
1324,98
1325,98
1326,98
1327,98
1328,98
1329,98
1330,98
1331,98
1332,98
1333,98
1334,98
1335,98
1336,98
1337,98
1338,98
1339,98
1340,98
1341,98
1342,98
1343,98
1344,98
1345,98
1346,98
1347,98
1348,98
1349,98
1350,98
1351,98
1352,98
1353,98
1354,98
1355,98
1356,98
1357,98
1358,98
1359,98
1360,98
1361,98
1362,98
1363,98
1364,98
1365,98
1366,98
1367,98
1368,98
1369,98
1370,98
1371,98
1372,98
1373,98
1374,98
1375,98
1376,98
1377,98
1378,98
1379,98
1380,98
1381,98
1382,98
1383,98
1384,98
1385,98
1386,98
1387,98
1388,98
1389,98
1390,98
1391,98
1392,98
1393,98
1394,98
1395,98
1396,98
1397,98
1398,98
1399,98
1400,98
1401,98
1402,98
1403,98
1404,98
1405,98
1406,98
1407,98
1408,98
1409,98
1410,98
1411,98
1412,98
1413,98
1414,98
1415,98
1416,98
1417,98
1418,98
1419,98
1420,98
1421,98
1422,98
1423,98
1424,98
1425,98
1426,98
1427,98
1428,98
1429,98
1430,98
1431,98
1432,98
1433,98
1434,98
1435,98
1436,98
1437,98
1438,98
1439,98
1440,98
1441,98
1442,98
1443,98
1444,98
1445,98
1446,98
1447,98
1448,98
1449,98
1450,98
1451,98
1452,98
1453,98
1454,98
1455,98
1456,98
1457,98
1458,98
1459,98
1460,98
1461,98
1462,98
1463,98
1464,98
1465,98
1466,98
1467,98
1468,98
1469,98
1470,98
1471,98
1472,98
1473,98
1474,98
1475,98
1476,98
1477,98
1478,98
1479,98
1480,98
1481,98
1482,98
1483,98
1484,98
1485,98
1486,98
1487,98
1488,98
1489,98
1490,98
1491,98
1492,98
1493,98
1494,98
1495,98
1496,98
1497,98
1498,98
1499,98
1500,98
1501,98
1502,98
1503,98
1504,98
1505,98
1506,98
1507,98
1508,98
1509,98
1510,98
1511,98
1512,98
1513,98
1514,98
1515,98
1516,98
1517,98
1518,98
1519,98
1520,98
1521,98
1522,98
1523,98
1524,98
1525,98
1526,98
1527,98
1528,98
1529,98
1530,98
1531,98
1532,98
1533,98
1534,98
1535,98
1536,98
1537,98
1538,98
1539,98
1540,98
1541,98
1542,98
1543,98
1544,98
1545,98
1546,98
1547,98
1548,98
1549,98
1550,98
1551,98
1552,98
1553,98
1554,98
1555,98
1556,98
1557,98
1558,98
1559,98
1560,98
1561,98
1562,98
1563,98
1564,98
1565,98
1566,98
1567,98
1568,98
1569,98
1570,98
1571,98
1572,98
1573,98
1574,98
1575,98
1576,98
1577,98
1578,98
1579,98
1580,98
1581,98
1582,98
1583,98
1584,98
1585,98
1586,98
1587,98
1588,98
1589,98
1590,98
1591,98
1592,98
1593,98
1594,98
1595,98
1596,98
1597,98
1598,98
1599,98
1600,98
1601,98
1602,98
1603,98
1604,98
1605,98
1606,98
1607,98
1608,98
1609,98
1610,98
1611,98
1612,98
1613,98
1614,98
1615,98
1616,98
1617,98
1618,98
1619,98
1620,98
1621,98
1622,98
1623,98
1624,98
1625,98
1626,98
1627,98
1628,98
1629,98
1630,98
1631,98
1632,98
1633,98
1634,98
1635,98
1636,98
1637,98
1638,98
1639,98
1640,98
1641,98
1642,98
1643,98
1644,98
1645,98
1646,98
1647,98
1648,98
1649,98
1650,98
1651,98
1652,98
1653,98
1654,98
1655,98
1656,98
1657,98
1658,98
1659,98
1660,98
1661,98
1662,98
1663,98
1664,98
1665,98
1666,98
1667,98
1668,98
1669,98
1670,98
1671,98
1672,98
1673,98
1674,98
1675,98
1676,98
1677,98
1678,98
1679,98
1680,98
1681,98
1682,98
1683,98
1684,98
1685,98
1686,98
1687,98
1688,98
1689,98
1690,98
1691,98
1692,98
1693,98
1694,98
1695,98
1696,98
1697,98
1698,98
1699,98
1700,98
1701,98
1702,98
1703,98
1704,98
1705,98
1706,98
1707,98
1708,98
1709,98
1710,98
1711,98
1712,98
1713,98
1714,98
1715,98
1716,98
1717,98
1718,98
1719,98
1720,98
1721,98
1722,98
1723,98
1724,98
1725,98
1726,98
1727,98
1728,98
1729,98
1730,98
1731,98
1732,98
1733,98
1734,98
1735,98
1736,98
1737,98
1738,98
1739,98
1740,98
1741,98
1742,98
1743,98
1744,98
1745,98
1746,98
1747,98
1748,98
1749,98
1750,98
1751,98
1752,98
1753,98
1754,98
1755,98
1756,98
1757,98
1758,98
1759,98
1760,98
1761,98
1762,98
1763,98
1764,98
1765,98
1766,98
1767,98
1768,98
1769,98
1770,98
1771,98
1772,98
1773,98
1774,98
1775,98
1776,98
1777,98
1778,98
1779,98
1780,98
1781,98
1782,98
1783,98
1784,98
1785,98
1786,98
1787,98
1788,98
1789,98
1790,98
1791,98
1792,98
1793,98
1794,98
1795,98
1796,98
1797,98
1798,98
1799,98
1800,98
1801,98
1802,98
1803,98
1804,98
1805,98
1806,98
1807,98
1808,98
1809,98
1810,98
1811,98
1812,98
1813,98
1814,98
1815,98
1816,98
1817,98
1818,98
1819,98
1820,98
1821,98
1822,98
1823,98
1824,99
1825,99
1826,99
1827,100
