0,0
1,1
2,2
3,3
4,4
5,4
6,5
7,6
8,7
9,8
10,9
11,10
12,11
13,11
14,12
15,13
16,14
17,15
18,15
19,16
20,16
21,17
22,17
23,17
24,17
25,17
26,18
27,18
28,18
29,19
30,20
31,20
32,20
33,20
34,20
35,20
36,21
37,21
38,21
39,21
40,22
41,23
42,24
43,25
44,26
45,27
46,28
47,28
48,29
49,30
50,31
51,32
52,32
53,32
54,33
55,33
56,34
57,34
58,35
59,36
60,36
61,37
62,37
63,38
64,38
65,38
66,38
67,38
68,38
69,38
70,38
71,38
72,38
73,38
74,38
75,39
76,40
77,40
78,40
79,40
80,40
81,40
82,40
83,40
84,40
85,40
86,40
87,40
88,40
89,40
90,40
91,40
92,40
93,41
94,41
95,42
96,42
97,42
98,42
99,42
100,42
101,42
102,42
103,42
104,42
105,42
106,43
107,43
108,43
109,44
110,44
111,44
112,45
113,45
114,45
115,45
116,45
117,45
118,45
119,45
120,45
121,45
122,45
123,45
124,45
125,45
126,45
127,45
128,45
129,45
130,46
131,47
132,48
133,49
134,50
135,51
136,52
137,53
138,53
139,54
140,55
141,56
142,56
143,57
144,57
145,58
146,59
147,59
148,59
149,59
150,60
151,61
152,62
153,62
154,63
155,64
156,65
157,66
158,66
159,66
160,67
161,68
162,68
163,69
164,69
165,70
166,70
167,70
168,70
169,71
170,71
171,71
172,72
173,72
174,72
175,73
176,74
177,74
178,75
179,76
180,76
181,76
182,76
183,76
184,76
185,76
186,76
187,76
188,77
189,77
190,78
191,79
192,79
193,79
194,79
195,79
196,79
197,80
198,80
199,80
200,80
201,81
202,81
203,81
204,81
205,81
206,81
207,81
208,81
209,81
210,81
211,81
212,81
213,81
214,81
215,81
216,81
217,81
218,81
219,81
220,81
221,81
222,81
223,81
224,81
225,81
226,81
227,81
228,82
229,82
230,82
231,82
232,82
233,82
234,82
235,82
236,82
237,82
238,82
239,82
240,82
241,82
242,82
243,82
244,82
245,82
246,82
247,82
248,82
249,82
250,82
251,82
252,82
253,82
254,82
255,82
256,82
257,82
258,82
259,82
260,82
261,82
262,82
263,82
264,82
265,82
266,82
267,82
268,82
269,82
270,82
271,82
272,82
273,82
274,82
275,82
276,82
277,82
278,82
279,82
280,83
281,83
282,83
283,84
284,84
285,84
286,84
287,84
288,84
289,84
290,84
291,84
292,84
293,84
294,85
295,85
296,85
297,85
298,85
299,85
300,85
301,85
302,86
303,87
304,87
305,87
306,87
307,88
308,88
309,88
310,88
311,88
312,88
313,88
314,88
315,88
316,88
317,88
318,88
319,88
320,88
321,88
322,88
323,88
324,88
325,88
326,88
327,88
328,88
329,88
330,88
331,88
332,88
333,88
334,88
335,88
336,88
337,88
338,88
339,88
340,88
341,88
342,88
343,88
344,88
345,88
346,88
347,88
348,88
349,88
350,88
351,88
352,88
353,88
354,88
355,88
356,88
357,88
358,88
359,88
360,88
361,88
362,88
363,88
364,88
365,88
366,88
367,88
368,88
369,88
370,88
371,88
372,88
373,88
374,88
375,88
376,88
377,88
378,88
379,88
380,88
381,88
382,88
383,88
384,88
385,88
386,88
387,88
388,88
389,88
390,88
391,88
392,88
393,88
394,88
395,88
396,88
397,88
398,88
399,88
400,88
401,88
402,88
403,88
404,88
405,88
406,88
407,88
408,88
409,88
410,88
411,88
412,88
413,88
414,88
415,88
416,89
417,89
418,89
419,89
420,89
421,89
422,89
423,89
424,89
425,89
426,89
427,89
428,89
429,89
430,89
431,89
432,89
433,89
434,89
435,89
436,89
437,89
438,89
439,89
440,89
441,89
442,89
443,89
444,89
445,89
446,89
447,89
448,89
449,89
450,89
451,90
452,91
453,91
454,91
455,91
456,91
457,91
458,91
459,91
460,91
461,91
462,91
463,91
464,91
465,91
466,91
467,91
468,91
469,91
470,91
471,91
472,91
473,91
474,91
475,91
476,91
477,91
478,91
479,91
480,91
481,91
482,91
483,91
484,91
485,91
486,91
487,91
488,91
489,91
490,91
491,91
492,91
493,91
494,91
495,91
496,92
497,92
498,92
499,93
500,94
501,95
502,95
503,95
504,95
505,95
506,95
507,95
508,95
509,95
510,95
511,96
512,96
513,97
514,97
515,97
516,97
517,97
518,97
519,97
520,97
521,97
522,97
523,97
524,97
525,97
526,97
527,97
528,97
529,97
530,97
531,97
532,97
533,97
534,97
535,97
536,97
537,97
538,97
539,97
540,97
541,97
542,97
543,97
544,97
545,97
546,97
547,97
548,97
549,97
550,97
551,97
552,97
553,97
554,97
555,98
556,98
557,98
558,98
559,98
560,98
561,98
562,98
563,98
564,98
565,98
566,98
567,98
568,98
569,98
570,98
571,98
572,98
573,98
574,98
575,98
576,98
577,98
578,98
579,98
580,98
581,98
582,98
583,98
584,98
585,98
586,98
587,98
588,98
589,98
590,98
591,98
592,98
593,98
594,98
595,98
596,98
597,98
598,98
599,98
600,98
601,98
602,98
603,98
604,98
605,98
606,98
607,98
608,98
609,98
610,98
611,98
612,98
613,98
614,98
615,98
616,98
617,98
618,98
619,98
620,98
621,98
622,98
623,98
624,98
625,98
626,98
627,98
628,98
629,98
630,98
631,98
632,98
633,98
634,98
635,98
636,98
637,98
638,98
639,98
640,98
641,98
642,98
643,98
644,98
645,98
646,98
647,98
648,99
649,99
650,99
651,99
652,99
653,99
654,99
655,99
656,99
657,99
658,99
659,99
660,99
661,99
662,99
663,99
664,99
665,99
666,99
667,99
668,99
669,99
670,99
671,99
672,99
673,99
674,99
675,99
676,99
677,99
678,99
679,99
680,99
681,99
682,99
683,99
684,99
685,99
686,99
687,99
688,99
689,99
690,99
691,99
692,99
693,99
694,99
695,99
696,99
697,99
698,99
699,99
700,99
701,99
702,99
703,99
704,99
705,99
706,99
707,99
708,99
709,99
710,99
711,99
712,99
713,99
714,99
715,99
716,99
717,99
718,99
719,99
720,99
721,99
722,99
723,99
724,99
725,99
726,99
727,99
728,99
729,99
730,99
731,99
732,99
733,99
734,99
735,99
736,99
737,99
738,99
739,99
740,99
741,99
742,99
743,99
744,99
745,99
746,99
747,99
748,99
749,99
750,99
751,99
752,99
753,99
754,99
755,99
756,99
757,99
758,99
759,99
760,99
761,99
762,99
763,99
764,99
765,99
766,99
767,99
768,99
769,99
770,99
771,99
772,99
773,99
774,99
775,99
776,99
777,99
778,99
779,99
780,99
781,99
782,99
783,99
784,99
785,100
