0,0
1,1
2,2
3,3
4,4
5,5
6,6
7,6
8,6
9,7
10,8
11,9
12,10
13,11
14,12
15,13
16,14
17,15
18,16
19,16
20,16
21,17
22,18
23,19
24,20
25,21
26,22
27,23
28,24
29,25
30,26
31,27
32,28
33,29
34,29
35,29
36,30
37,30
38,31
39,31
40,31
41,32
42,32
43,32
44,32
45,32
46,32
47,32
48,33
49,33
50,33
51,33
52,33
53,34
54,34
55,34
56,35
57,35
58,36
59,37
60,38
61,38
62,38
63,38
64,39
65,40
66,40
67,40
68,40
69,40
70,41
71,41
72,41
73,41
74,42
75,43
76,43
77,43
78,43
79,43
80,43
81,43
82,43
83,44
84,45
85,46
86,47
87,47
88,48
89,48
90,48
91,48
92,49
93,49
94,49
95,49
96,49
97,49
98,50
99,51
100,51
101,52
102,52
103,52
104,53
105,53
106,54
107,55
108,55
109,56
110,57
111,58
112,59
113,60
114,60
115,61
116,61
117,62
118,63
119,64
120,64
121,64
122,64
123,64
124,65
125,66
126,67
127,68
128,68
129,69
130,69
131,69
132,70
133,70
134,70
135,71
136,71
137,71
138,71
139,71
140,71
141,71
142,71
143,71
144,71
145,72
146,73
147,74
148,75
149,76
150,76
151,76
152,77
153,77
154,77
155,77
156,77
157,77
158,78
159,78
160,78
161,78
162,78
163,78
164,78
165,79
166,79
167,79
168,79
169,79
170,79
171,79
172,79
173,79
174,79
175,79
176,79
177,79
178,79
179,79
180,79
181,79
182,79
183,79
184,79
185,79
186,79
187,79
188,79
189,80
190,80
191,80
192,80
193,80
194,80
195,80
196,81
197,81
198,81
199,81
200,81
201,81
202,82
203,82
204,82
205,82
206,83
207,83
208,83
209,84
210,84
211,84
212,84
213,84
214,84
215,84
216,84
217,84
218,84
219,84
220,84
221,84
222,84
223,84
224,84
225,84
226,84
227,84
228,84
229,84
230,84
231,84
232,84
233,84
234,84
235,84
236,84
237,85
238,85
239,86
240,86
241,86
242,86
243,86
244,86
245,86
246,87
247,87
248,87
249,87
250,87
251,87
252,87
253,87
254,87
255,87
256,87
257,87
258,87
259,87
260,87
261,87
262,87
263,87
264,87
265,87
266,87
267,87
268,87
269,87
270,87
271,87
272,87
273,87
274,87
275,88
276,88
277,88
278,88
279,88
280,88
281,88
282,88
283,88
284,88
285,88
286,88
287,88
288,88
289,88
290,88
291,88
292,88
293,88
294,88
295,89
296,89
297,89
298,89
299,89
300,89
301,89
302,89
303,89
304,90
305,90
306,90
307,90
308,90
309,90
310,90
311,90
312,90
313,90
314,90
315,90
316,90
317,90
318,90
319,90
320,90
321,90
322,90
323,90
324,90
325,90
326,90
327,90
328,90
329,90
330,90
331,90
332,90
333,90
334,90
335,90
336,90
337,90
338,90
339,90
340,90
341,90
342,90
343,90
344,90
345,90
346,90
347,90
348,90
349,90
350,90
351,90
352,90
353,90
354,90
355,90
356,91
357,92
358,93
359,93
360,93
361,93
362,93
363,93
364,93
365,93
366,93
367,93
368,93
369,93
370,93
371,93
372,93
373,93
374,93
375,93
376,93
377,93
378,93
379,93
380,93
381,93
382,93
383,93
384,93
385,93
386,93
387,93
388,93
389,93
390,93
391,93
392,93
393,93
394,93
395,93
396,93
397,93
398,93
399,93
400,93
401,93
402,93
403,93
404,93
405,93
406,93
407,93
408,93
409,93
410,93
411,93
412,93
413,93
414,93
415,93
416,93
417,93
418,93
419,93
420,93
421,93
422,93
423,93
424,93
425,93
426,93
427,93
428,93
429,93
430,93
431,93
432,93
433,93
434,93
435,93
436,93
437,93
438,93
439,93
440,93
441,93
442,93
443,93
444,93
445,93
446,93
447,93
448,93
449,93
450,93
451,93
452,93
453,93
454,93
455,93
456,93
457,93
458,93
459,93
460,93
461,93
462,93
463,94
464,94
465,94
466,94
467,94
468,94
469,94
470,94
471,94
472,94
473,94
474,94
475,94
476,94
477,94
478,94
479,94
480,94
481,94
482,94
483,94
484,94
485,94
486,94
487,94
488,94
489,94
490,94
491,94
492,94
493,94
494,94
495,94
496,94
497,94
498,94
499,94
500,94
501,94
502,95
503,95
504,95
505,95
506,95
507,95
508,95
509,95
510,95
511,95
512,95
513,95
514,95
515,95
516,95
517,95
518,95
519,95
520,95
521,95
522,95
523,95
524,95
525,95
526,95
527,95
528,95
529,95
530,95
531,95
532,95
533,95
534,95
535,95
536,95
537,95
538,95
539,95
540,95
541,95
542,95
543,95
544,95
545,95
546,95
547,95
548,95
549,95
550,95
551,95
552,95
553,95
554,95
555,95
556,95
557,95
558,95
559,95
560,95
561,95
562,95
563,95
564,95
565,95
566,95
567,95
568,95
569,95
570,95
571,95
572,95
573,95
574,95
575,95
576,95
577,95
578,95
579,95
580,95
581,95
582,95
583,95
584,95
585,95
586,95
587,95
588,95
589,95
590,95
591,95
592,95
593,95
594,95
595,95
596,95
597,95
598,95
599,95
600,95
601,95
602,95
603,95
604,95
605,95
606,95
607,95
608,95
609,95
610,95
611,95
612,95
613,95
614,95
615,95
616,95
617,95
618,95
619,95
620,95
621,95
622,95
623,95
624,95
625,95
626,95
627,95
628,95
629,95
630,95
631,95
632,95
633,95
634,95
635,95
636,95
637,95
638,95
639,95
640,95
641,95
642,95
643,95
644,95
645,95
646,95
647,95
648,95
649,95
650,95
651,95
652,95
653,95
654,95
655,95
656,95
657,95
658,95
659,95
660,95
661,95
662,95
663,95
664,95
665,95
666,95
667,95
668,95
669,95
670,95
671,95
672,95
673,95
674,95
675,96
676,96
677,96
678,96
679,96
680,96
681,96
682,96
683,96
684,96
685,96
686,96
687,96
688,96
689,96
690,96
691,96
692,96
693,96
694,96
695,96
696,96
697,96
698,96
699,96
700,96
701,96
702,96
703,96
704,96
705,96
706,96
707,96
708,96
709,96
710,96
711,96
712,96
713,96
714,96
715,96
716,96
717,96
718,96
719,96
720,96
721,96
722,96
723,96
724,96
725,96
726,96
727,96
728,96
729,96
730,96
731,96
732,96
733,96
734,96
735,96
736,96
737,96
738,96
739,96
740,96
741,96
742,96
743,96
744,96
745,96
746,96
747,96
748,96
749,96
750,96
751,96
752,96
753,96
754,96
755,96
756,96
757,96
758,96
759,96
760,96
761,96
762,96
763,96
764,96
765,96
766,96
767,96
768,96
769,96
770,96
771,96
772,96
773,96
774,96
775,96
776,96
777,96
778,96
779,96
780,96
781,96
782,96
783,96
784,96
785,96
786,96
787,96
788,96
789,96
790,96
791,96
792,96
793,96
794,96
795,96
796,96
797,96
798,96
799,96
800,96
801,96
802,96
803,96
804,96
805,96
806,96
807,96
808,96
809,96
810,96
811,96
812,96
813,96
814,96
815,96
816,96
817,96
818,96
819,96
820,96
821,96
822,96
823,96
824,96
825,96
826,96
827,96
828,96
829,96
830,96
831,96
832,96
833,96
834,96
835,96
836,96
837,96
838,96
839,96
840,96
841,96
842,96
843,96
844,96
845,96
846,96
847,96
848,97
849,98
850,98
851,98
852,98
853,99
854,100
