0,0
1,1
2,2
3,3
4,3
5,3
6,4
7,5
8,6
9,6
10,7
11,8
12,8
13,9
14,10
15,10
16,11
17,12
18,13
19,14
20,15
21,15
22,16
23,17
24,18
25,18
26,19
27,19
28,20
29,21
30,21
31,22
32,23
33,24
34,25
35,26
36,27
37,28
38,29
39,30
40,30
41,31
42,31
43,32
44,33
45,34
46,34
47,35
48,35
49,36
50,36
51,37
52,37
53,38
54,38
55,39
56,40
57,41
58,41
59,42
60,43
61,44
62,45
63,46
64,47
65,48
66,48
67,48
68,49
69,50
70,51
71,51
72,51
73,51
74,51
75,51
76,51
77,51
78,51
79,52
80,52
81,53
82,54
83,54
84,54
85,55
86,55
87,55
88,55
89,55
90,55
91,55
92,55
93,55
94,55
95,55
96,55
97,56
98,56
99,56
100,56
101,56
102,57
103,57
104,57
105,57
106,57
107,57
108,58
109,58
110,58
111,58
112,58
113,58
114,58
115,58
116,59
117,59
118,60
119,60
120,60
121,60
122,60
123,60
124,61
125,62
126,62
127,62
128,62
129,62
130,62
131,62
132,63
133,63
134,63
135,63
136,63
137,63
138,63
139,63
140,63
141,63
142,63
143,63
144,63
145,63
146,63
147,63
148,63
149,63
150,63
151,63
152,63
153,63
154,64
155,64
156,64
157,64
158,65
159,65
160,65
161,65
162,65
163,65
164,65
165,65
166,65
167,65
168,65
169,65
170,65
171,65
172,65
173,65
174,65
175,65
176,65
177,65
178,65
179,65
180,65
181,65
182,65
183,65
184,65
185,65
186,65
187,65
188,65
189,65
190,65
191,65
192,65
193,65
194,65
195,65
196,65
197,65
198,65
199,65
200,65
201,65
202,65
203,65
204,65
205,65
206,65
207,65
208,65
209,65
210,65
211,65
212,65
213,65
214,65
215,65
216,66
217,66
218,67
219,68
220,69
221,70
222,71
223,71
224,72
225,73
226,74
227,74
228,74
229,74
230,74
231,74
232,75
233,75
234,75
235,76
236,76
237,77
238,78
239,78
240,79
241,79
242,79
243,80
244,81
245,81
246,81
247,81
248,81
249,81
250,81
251,81
252,82
253,82
254,82
255,83
256,83
257,83
258,83
259,83
260,83
261,83
262,83
263,83
264,83
265,83
266,83
267,83
268,84
269,84
270,84
271,84
272,84
273,84
274,84
275,84
276,84
277,84
278,84
279,84
280,84
281,84
282,84
283,84
284,84
285,84
286,85
287,85
288,85
289,85
290,85
291,86
292,86
293,86
294,86
295,87
296,87
297,87
298,87
299,87
300,87
301,87
302,87
303,87
304,88
305,88
306,88
307,88
308,88
309,88
310,88
311,88
312,88
313,88
314,88
315,88
316,88
317,88
318,88
319,88
320,88
321,88
322,88
323,88
324,89
325,89
326,89
327,89
328,89
329,89
330,89
331,89
332,89
333,89
334,89
335,89
336,89
337,89
338,89
339,89
340,89
341,89
342,89
343,89
344,89
345,89
346,89
347,89
348,89
349,89
350,89
351,89
352,89
353,89
354,89
355,89
356,89
357,89
358,89
359,89
360,89
361,89
362,89
363,89
364,89
365,89
366,89
367,89
368,89
369,89
370,89
371,89
372,89
373,89
374,89
375,89
376,89
377,89
378,90
379,91
380,91
381,91
382,91
383,91
384,91
385,91
386,91
387,91
388,91
389,91
390,91
391,91
392,91
393,91
394,91
395,91
396,91
397,91
398,91
399,91
400,91
401,91
402,91
403,91
404,91
405,91
406,91
407,91
408,91
409,91
410,91
411,91
412,91
413,91
414,91
415,91
416,91
417,91
418,91
419,91
420,91
421,91
422,91
423,91
424,92
425,92
426,92
427,92
428,92
429,93
430,94
431,94
432,95
433,95
434,95
435,95
436,95
437,95
438,95
439,95
440,95
441,95
442,95
443,95
444,95
445,95
446,95
447,95
448,95
449,95
450,95
451,95
452,95
453,95
454,95
455,95
456,95
457,95
458,95
459,95
460,95
461,95
462,95
463,95
464,96
465,96
466,96
467,96
468,96
469,96
470,96
471,96
472,96
473,96
474,96
475,96
476,97
477,97
478,97
479,97
480,97
481,97
482,97
483,97
484,97
485,97
486,97
487,97
488,97
489,97
490,97
491,97
492,97
493,97
494,97
495,97
496,97
497,97
498,97
499,97
500,97
501,97
502,97
503,97
504,97
505,97
506,97
507,97
508,97
509,97
510,97
511,97
512,97
513,97
514,97
515,97
516,97
517,97
518,97
519,97
520,97
521,97
522,97
523,97
524,97
525,97
526,97
527,97
528,97
529,97
530,97
531,97
532,97
533,97
534,97
535,97
536,97
537,97
538,97
539,97
540,97
541,97
542,97
543,97
544,97
545,97
546,97
547,97
548,97
549,97
550,97
551,97
552,97
553,97
554,97
555,97
556,97
557,97
558,97
559,97
560,97
561,97
562,97
563,97
564,97
565,97
566,97
567,97
568,97
569,97
570,97
571,97
572,97
573,97
574,97
575,97
576,97
577,97
578,97
579,97
580,97
581,97
582,97
583,97
584,97
585,97
586,97
587,97
588,97
589,97
590,97
591,97
592,97
593,97
594,97
595,97
596,97
597,97
598,97
599,97
600,97
601,97
602,97
603,97
604,97
605,97
606,97
607,97
608,97
609,97
610,97
611,97
612,97
613,97
614,97
615,97
616,97
617,97
618,97
619,97
620,97
621,97
622,97
623,97
624,97
625,97
626,97
627,97
628,97
629,97
630,97
631,97
632,97
633,97
634,97
635,97
636,97
637,97
638,97
639,97
640,97
641,97
642,97
643,97
644,97
645,97
646,97
647,97
648,97
649,97
650,97
651,97
652,97
653,97
654,97
655,97
656,97
657,97
658,97
659,97
660,97
661,97
662,97
663,97
664,97
665,97
666,97
667,98
668,98
669,98
670,98
671,98
672,98
673,98
674,98
675,98
676,98
677,98
678,98
679,98
680,98
681,98
682,98
683,98
684,98
685,98
686,98
687,98
688,98
689,98
690,98
691,98
692,98
693,98
694,98
695,98
696,99
697,99
698,99
699,99
700,99
701,99
702,99
703,99
704,99
705,99
706,99
707,99
708,99
709,99
710,99
711,99
712,99
713,99
714,99
715,99
716,99
717,99
718,99
719,99
720,99
721,99
722,99
723,99
724,99
725,99
726,99
727,99
728,99
729,99
730,99
731,99
732,99
733,99
734,99
735,100
