0,0
1,1
2,2
3,3
4,4
5,5
6,6
7,6
8,7
9,7
10,8
11,9
12,10
13,11
14,12
15,12
16,13
17,14
18,15
19,15
20,15
21,15
22,16
23,17
24,18
25,19
26,19
27,19
28,19
29,19
30,20
31,20
32,20
33,20
34,20
35,21
36,22
37,23
38,23
39,24
40,25
41,26
42,26
43,27
44,28
45,29
46,30
47,31
48,31
49,31
50,31
51,32
52,33
53,34
54,34
55,34
56,34
57,34
58,34
59,35
60,35
61,35
62,35
63,36
64,36
65,36
66,36
67,36
68,36
69,37
70,37
71,37
72,37
73,37
74,37
75,38
76,39
77,40
78,41
79,42
80,42
81,42
82,42
83,42
84,42
85,42
86,42
87,42
88,42
89,43
90,43
91,43
92,43
93,44
94,44
95,44
96,44
97,45
98,46
99,47
100,48
101,49
102,50
103,51
104,52
105,53
106,54
107,55
108,56
109,57
110,57
111,58
112,59
113,59
114,60
115,61
116,61
117,61
118,62
119,63
120,64
121,64
122,65
123,65
124,65
125,65
126,65
127,65
128,66
129,67
130,67
131,68
132,69
133,69
134,69
135,70
136,70
137,71
138,71
139,71
140,71
141,71
142,71
143,71
144,71
145,71
146,71
147,71
148,71
149,71
150,71
151,71
152,71
153,71
154,71
155,71
156,71
157,71
158,71
159,71
160,71
161,71
162,71
163,71
164,71
165,71
166,72
167,73
168,74
169,74
170,75
171,75
172,75
173,76
174,76
175,76
176,77
177,77
178,78
179,78
180,78
181,78
182,79
183,79
184,79
185,79
186,79
187,79
188,79
189,79
190,79
191,79
192,79
193,79
194,79
195,79
196,80
197,80
198,81
199,82
200,82
201,82
202,83
203,84
204,85
205,85
206,85
207,85
208,85
209,85
210,85
211,85
212,85
213,85
214,85
215,85
216,85
217,85
218,85
219,85
220,86
221,86
222,87
223,88
224,89
225,90
226,90
227,91
228,91
229,91
230,91
231,91
232,91
233,91
234,91
235,91
236,92
237,92
238,92
239,92
240,92
241,92
242,92
243,92
244,92
245,92
246,92
247,92
248,92
249,92
250,92
251,92
252,92
253,92
254,92
255,92
256,92
257,93
258,93
259,93
260,93
261,93
262,93
263,93
264,93
265,93
266,93
267,93
268,93
269,93
270,93
271,93
272,93
273,93
274,93
275,93
276,94
277,94
278,94
279,94
280,94
281,94
282,94
283,94
284,94
285,95
286,96
287,96
288,96
289,96
290,96
291,96
292,96
293,96
294,96
295,96
296,96
297,96
298,96
299,96
300,96
301,96
302,96
303,96
304,96
305,96
306,96
307,96
308,96
309,96
310,96
311,96
312,96
313,96
314,96
315,96
316,96
317,96
318,96
319,96
320,96
321,96
322,96
323,96
324,96
325,96
326,96
327,96
328,96
329,96
330,96
331,96
332,96
333,96
334,96
335,96
336,96
337,96
338,96
339,96
340,96
341,96
342,96
343,96
344,96
345,96
346,96
347,96
348,96
349,96
350,96
351,96
352,96
353,96
354,96
355,96
356,96
357,96
358,96
359,96
360,96
361,96
362,96
363,96
364,96
365,96
366,96
367,96
368,96
369,96
370,96
371,96
372,96
373,96
374,96
375,96
376,96
377,96
378,96
379,96
380,96
381,96
382,96
383,96
384,96
385,96
386,96
387,96
388,96
389,96
390,96
391,96
392,96
393,96
394,96
395,96
396,96
397,96
398,96
399,96
400,96
401,96
402,96
403,96
404,96
405,96
406,96
407,96
408,96
409,96
410,96
411,96
412,96
413,96
414,96
415,96
416,96
417,96
418,96
419,96
420,96
421,96
422,96
423,96
424,96
425,96
426,96
427,96
428,96
429,96
430,96
431,96
432,96
433,96
434,96
435,96
436,96
437,96
438,96
439,97
440,97
441,97
442,97
443,97
444,97
445,97
446,97
447,97
448,97
449,97
450,97
451,97
452,97
453,97
454,97
455,97
456,97
457,97
458,97
459,97
460,97
461,97
462,97
463,97
464,98
465,98
466,98
467,98
468,98
469,98
470,98
471,98
472,98
473,98
474,98
475,98
476,98
477,98
478,98
479,98
480,98
481,98
482,98
483,98
484,98
485,98
486,98
487,98
488,98
489,98
490,98
491,98
492,98
493,98
494,98
495,98
496,98
497,98
498,98
499,98
500,98
501,98
502,98
503,98
504,98
505,98
506,98
507,98
508,98
509,98
510,98
511,98
512,98
513,98
514,98
515,98
516,98
517,98
518,98
519,98
520,98
521,98
522,98
523,98
524,98
525,98
526,98
527,98
528,98
529,98
530,98
531,98
532,98
533,98
534,98
535,98
536,98
537,98
538,98
539,99
540,99
541,99
542,99
543,99
544,99
545,99
546,99
547,99
548,99
549,99
550,99
551,99
552,99
553,99
554,99
555,99
556,99
557,99
558,99
559,99
560,99
561,99
562,99
563,99
564,99
565,99
566,99
567,99
568,99
569,99
570,99
571,99
572,99
573,99
574,99
575,99
576,99
577,99
578,99
579,99
580,99
581,99
582,99
583,99
584,99
585,99
586,99
587,99
588,99
589,99
590,99
591,99
592,99
593,99
594,99
595,99
596,99
597,99
598,99
599,99
600,99
601,99
602,99
603,99
604,99
605,99
606,99
607,99
608,99
609,99
610,99
611,99
612,99
613,99
614,99
615,99
616,99
617,99
618,99
619,99
620,99
621,99
622,99
623,99
624,99
625,99
626,99
627,99
628,99
629,99
630,99
631,99
632,99
633,99
634,99
635,99
636,99
637,99
638,99
639,99
640,99
641,99
642,99
643,99
644,99
645,99
646,99
647,99
648,99
649,99
650,99
651,99
652,99
653,99
654,99
655,99
656,99
657,99
658,99
659,99
660,99
661,99
662,99
663,99
664,99
665,99
666,99
667,99
668,99
669,99
670,99
671,99
672,100
