0,0
1,1
2,2
3,3
4,4
5,5
6,6
7,6
8,7
9,8
10,9
11,10
12,11
13,12
14,13
15,14
16,14
17,14
18,14
19,15
20,15
21,15
22,15
23,16
24,17
25,18
26,18
27,19
28,20
29,20
30,20
31,21
32,22
33,22
34,22
35,23
36,24
37,25
38,25
39,25
40,26
41,26
42,27
43,28
44,29
45,30
46,30
47,31
48,32
49,32
50,33
51,34
52,35
53,36
54,37
55,38
56,39
57,39
58,39
59,40
60,41
61,42
62,43
63,44
64,45
65,46
66,47
67,48
68,49
69,50
70,51
71,51
72,52
73,53
74,54
75,54
76,55
77,55
78,56
79,57
80,58
81,59
82,60
83,61
84,61
85,62
86,62
87,62
88,63
89,64
90,65
91,66
92,67
93,68
94,69
95,70
96,70
97,71
98,72
99,73
100,74
101,75
102,75
103,76
104,77
105,78
106,79
107,80
108,81
109,82
110,83
111,84
112,85
113,85
114,85
115,85
116,86
117,87
118,87
119,87
120,87
121,87
122,87
123,88
124,89
125,90
126,91
127,91
128,92
129,92
130,93
131,93
132,93
133,94
134,94
135,94
136,95
137,96
138,96
139,97
140,97
141,98
142,99
143,100
144,101
145,102
146,103
147,104
148,105
149,105
150,105
151,105
152,105
153,106
154,107
155,108
156,109
157,110
158,111
159,112
160,113
161,114
162,115
163,116
164,117
165,118
166,119
167,120
168,120
169,120
170,121
171,121
172,121
173,121
174,122
175,123
176,124
177,124
178,125
179,125
180,125
181,125
182,126
183,127
184,128
185,128
186,128
187,129
188,130
189,131
190,132
191,133
192,133
193,134
194,134
195,134
196,134
197,135
198,136
199,137
200,138
201,139
202,139
203,139
204,139
205,139
206,140
207,141
208,142
209,143
210,144
211,145
212,146
213,147
214,148
215,149
216,150
217,150
218,151
219,151
220,152
221,153
222,153
223,153
224,154
225,155
226,155
227,155
228,155
229,156
230,156
231,156
232,156
233,156
234,156
235,156
236,156
237,157
238,158
239,159
240,159
241,159
242,159
243,160
244,161
245,161
246,161
247,161
248,161
249,162
250,162
251,163
252,163
253,163
254,163
255,163
256,164
257,165
258,166
259,167
260,167
261,168
262,168
263,169
264,169
265,170
266,171
267,172
268,172
269,173
270,173
271,173
272,173
273,174
274,175
275,176
276,177
277,178
278,178
279,179
280,180
281,180
282,180
283,180
284,180
285,180
286,180
287,180
288,181
289,181
290,182
291,182
292,182
293,182
294,182
295,182
296,182
297,183
298,184
299,185
300,185
301,185
302,185
303,185
304,186
305,186
306,186
307,187
308,188
309,188
310,189
311,190
312,190
313,190
314,190
315,190
316,190
317,190
318,190
319,190
320,190
321,191
322,192
323,192
324,193
325,193
326,193
327,194
328,195
329,196
330,197
331,198
332,199
333,200
334,201
335,202
336,202
337,202
338,202
339,202
340,202
341,202
342,203
343,203
344,203
345,203
346,203
347,203
348,204
349,205
350,205
351,205
352,205
353,205
354,206
355,207
356,207
357,208
358,208
359,208
360,208
361,208
362,209
363,209
364,209
365,210
366,210
367,211
368,212
369,213
370,214
371,215
372,216
373,217
374,218
375,219
376,220
377,221
378,222
379,222
380,223
381,223
382,224
383,225
384,226
385,227
386,228
387,229
388,229
389,230
390,231
391,232
392,233
393,234
394,235
395,236
396,236
397,237
398,237
399,238
400,239
401,240
402,240
403,241
404,241
405,242
406,242
407,243
408,243
409,243
410,243
411,244
412,245
413,246
414,247
415,248
416,249
417,250
418,251
419,252
420,253
421,254
422,255
423,255
424,255
425,256
426,256
427,257
428,258
429,259
430,259
431,260
432,261
433,262
434,263
435,264
436,265
437,265
438,265
439,265
440,265
441,266
442,267
443,267
444,268
445,268
446,269
447,270
448,271
449,272
450,273
451,274
452,275
453,275
454,275
455,275
456,275
457,275
458,276
459,276
460,277
461,278
462,279
463,279
464,280
465,280
466,281
467,282
468,283
469,284
470,285
471,286
472,286
473,286
474,287
475,288
476,289
477,289
478,289
479,289
480,289
481,289
482,289
483,290
484,291
485,292
486,293
487,293
488,294
489,294
490,294
491,294
492,294
493,294
494,294
495,295
496,295
497,296
498,297
499,297
500,297
501,297
502,298
503,299
504,299
505,299
506,299
507,299
508,300
509,300
510,301
511,302
512,302
513,302
514,303
515,303
516,303
517,303
518,303
519,304
520,304
521,304
522,304
523,304
524,305
525,305
526,305
527,305
528,306
529,306
530,307
531,307
532,307
533,307
534,307
535,307
536,308
537,309
538,310
539,311
540,312
541,312
542,313
543,313
544,313
545,313
546,314
547,315
548,315
549,315
550,315
551,316
552,316
553,316
554,316
555,316
556,316
557,316
558,316
559,316
560,316
561,316
562,316
563,316
564,316
565,316
566,316
567,316
568,317
569,317
570,317
571,317
572,317
573,317
574,317
575,317
576,317
577,317
578,317
579,318
580,318
581,318
582,318
583,318
584,318
585,318
586,318
587,318
588,318
589,318
590,318
591,318
592,318
593,318
594,318
595,318
596,319
597,320
598,320
599,320
600,321
601,321
602,321
603,322
604,322
605,322
606,323
607,324
608,325
609,326
610,326
611,326
612,326
613,326
614,327
615,327
616,328
617,328
618,328
619,328
620,328
621,328
622,329
623,329
624,329
625,329
626,329
627,329
628,329
629,330
630,330
631,330
632,330
633,331
634,331
635,331
636,331
637,331
638,331
639,332
640,333
641,333
642,333
643,333
644,334
645,335
646,335
647,336
648,337
649,338
650,338
651,338
652,339
653,339
654,339
655,339
656,339
657,339
658,339
659,339
660,339
661,339
662,339
663,340
664,340
665,340
666,340
667,340
668,340
669,341
670,341
671,341
672,341
673,341
674,341
675,341
676,341
677,341
678,341
679,341
680,342
681,342
682,342
683,342
684,342
685,342
686,342
687,342
688,342
689,342
690,342
691,343
692,343
693,343
694,344
695,345
696,345
697,345
698,345
699,346
700,347
701,347
702,348
703,349
704,349
705,350
706,351
707,351
708,352
709,352
710,353
711,353
712,353
713,353
714,353
715,353
716,353
717,353
718,353
719,353
720,353
721,353
722,353
723,353
724,353
725,353
726,354
727,354
728,354
729,355
730,356
731,356
732,356
733,356
734,357
735,357
736,357
737,358
738,358
739,358
740,359
741,359
742,359
743,359
744,359
745,359
746,360
747,360
748,360
749,360
750,360
751,360
752,360
753,360
754,360
755,360
756,360
757,360
758,360
759,360
760,360
761,360
762,360
763,360
764,360
765,360
766,360
767,360
768,360
769,360
770,360
771,360
772,360
773,361
774,362
775,362
776,363
777,363
778,364
779,365
780,365
781,365
782,365
783,366
784,367
785,368
786,369
787,369
788,369
789,369
790,369
791,369
792,369
793,370
794,371
795,371
796,371
797,371
798,371
799,371
800,372
801,373
802,374
803,374
804,374
805,375
806,376
807,376
808,377
809,378
810,378
811,378
812,378
813,378
814,378
815,378
816,378
817,379
818,379
819,379
820,379
821,380
822,380
823,380
824,380
825,380
826,380
827,380
828,380
829,381
830,381
831,381
832,381
833,381
834,381
835,381
836,381
837,382
838,382
839,382
840,382
841,382
842,382
843,382
844,383
845,384
846,385
847,385
848,385
849,385
850,386
851,387
852,387
853,387
854,387
855,387
856,387
857,387
858,388
859,388
860,389
861,390
862,391
863,391
864,391
865,391
866,392
867,392
868,392
869,393
870,393
871,393
872,393
873,393
874,393
875,393
876,393
877,393
878,393
879,393
880,393
881,393
882,394
883,394
884,394
885,394
886,394
887,394
888,394
889,394
890,394
891,394
892,394
893,394
894,394
895,395
896,396
897,396
898,396
899,396
900,396
901,396
902,396
903,396
904,396
905,396
906,396
907,396
908,397
909,397
910,397
911,397
912,397
913,398
914,399
915,399
916,399
917,399
918,399
919,399
920,400
921,401
922,401
923,401
924,401
925,401
926,401
927,401
928,401
929,401
930,401
931,402
932,402
933,402
934,402
935,402
936,402
937,402
938,403
939,403
940,403
941,403
942,403
943,403
944,404
945,404
946,404
947,404
948,404
949,404
950,404
951,404
952,404
953,404
954,404
955,404
956,404
957,404
958,404
959,404
960,404
961,404
962,404
963,404
964,404
965,404
966,404
967,404
968,404
969,404
970,404
971,404
972,404
973,404
974,404
975,404
976,404
977,404
978,404
979,405
980,405
981,405
982,405
983,405
984,406
985,406
986,406
987,406
988,406
989,406
990,406
991,407
992,407
993,408
994,408
995,408
996,408
997,408
998,408
999,409
1000,409
1001,409
1002,409
1003,409
1004,409
1005,409
1006,409
1007,409
1008,409
1009,410
1010,410
1011,410
1012,410
1013,410
1014,410
1015,410
1016,410
1017,410
1018,410
1019,410
1020,410
1021,411
1022,411
1023,411
1024,411
1025,411
1026,412
1027,412
1028,412
1029,412
1030,412
1031,412
1032,412
1033,412
1034,412
1035,412
1036,412
1037,412
1038,412
1039,412
1040,412
1041,412
1042,412
1043,412
1044,412
1045,412
1046,412
1047,412
1048,412
1049,412
1050,412
1051,412
1052,412
1053,412
1054,412
1055,412
1056,412
1057,412
1058,412
1059,413
1060,413
1061,413
1062,413
1063,413
1064,413
1065,413
1066,413
1067,413
1068,413
1069,413
1070,413
1071,413
1072,413
1073,413
1074,413
1075,413
1076,413
1077,413
1078,413
1079,413
1080,413
1081,413
1082,413
1083,413
1084,413
1085,414
1086,414
1087,414
1088,414
1089,414
1090,414
1091,414
1092,414
1093,414
1094,414
1095,414
1096,414
1097,414
1098,414
1099,414
1100,414
1101,414
1102,414
1103,414
1104,414
1105,414
1106,414
1107,414
1108,414
1109,414
1110,414
1111,414
1112,414
1113,414
1114,414
1115,414
1116,414
1117,414
1118,414
1119,414
1120,414
1121,414
1122,414
1123,414
1124,414
1125,414
1126,414
1127,414
1128,414
1129,414
1130,414
1131,414
1132,414
1133,414
1134,414
1135,414
1136,414
1137,414
1138,414
1139,414
1140,414
1141,414
1142,414
1143,414
1144,414
1145,414
1146,414
1147,414
1148,414
1149,414
1150,414
1151,414
1152,415
1153,416
1154,417
1155,418
1156,419
1157,419
1158,419
1159,420
1160,421
1161,421
1162,421
1163,422
1164,423
1165,423
1166,424
1167,424
1168,424
1169,424
1170,424
1171,424
1172,424
1173,425
1174,426
1175,426
1176,426
1177,426
1178,426
1179,426
1180,426
1181,427
1182,427
1183,428
1184,428
1185,428
1186,428
1187,428
1188,428
1189,428
1190,428
1191,429
1192,430
1193,430
1194,431
1195,431
1196,431
1197,432
1198,432
1199,432
1200,432
1201,432
1202,433
1203,433
1204,433
1205,433
1206,433
1207,433
1208,433
1209,433
1210,433
1211,433
1212,433
1213,433
1214,433
1215,433
1216,433
1217,433
1218,433
1219,434
1220,434
1221,435
1222,435
1223,436
1224,436
1225,436
1226,436
1227,436
1228,436
1229,436
1230,436
1231,437
1232,437
1233,437
1234,437
1235,437
1236,438
1237,439
1238,439
1239,439
1240,439
1241,440
1242,440
1243,440
1244,440
1245,440
1246,440
1247,440
1248,440
1249,440
1250,440
1251,440
1252,440
1253,440
1254,440
1255,441
1256,441
1257,441
1258,441
1259,441
1260,441
1261,441
1262,441
1263,441
1264,441
1265,442
1266,442
1267,443
1268,443
1269,443
1270,443
1271,444
1272,444
1273,444
1274,444
1275,444
1276,444
1277,444
1278,444
1279,444
1280,444
1281,444
1282,444
1283,444
1284,444
1285,444
1286,444
1287,444
1288,444
1289,444
1290,444
1291,444
1292,444
1293,444
1294,444
1295,444
1296,444
1297,444
1298,444
1299,444
1300,444
1301,444
1302,444
1303,444
1304,444
1305,444
1306,444
1307,444
1308,444
1309,444
1310,444
1311,444
1312,444
1313,444
1314,444
1315,444
1316,444
1317,444
1318,444
1319,444
1320,444
1321,444
1322,445
1323,445
1324,445
1325,445
1326,445
1327,445
1328,445
1329,445
1330,445
1331,445
1332,445
1333,445
1334,445
1335,445
1336,445
1337,445
1338,445
1339,445
1340,445
1341,445
1342,445
1343,445
1344,445
1345,445
1346,445
1347,445
1348,445
1349,445
1350,445
1351,445
1352,445
1353,445
1354,445
1355,445
1356,445
1357,445
1358,446
1359,446
1360,446
1361,446
1362,446
1363,446
1364,447
1365,447
1366,447
1367,447
1368,447
1369,447
1370,447
1371,448
1372,448
1373,448
1374,448
1375,448
1376,448
1377,448
1378,448
1379,448
1380,448
1381,448
1382,449
1383,449
1384,449
1385,449
1386,449
1387,450
1388,450
1389,450
1390,450
1391,450
1392,450
1393,450
1394,450
1395,450
1396,450
1397,450
1398,450
1399,450
1400,450
1401,451
1402,451
1403,451
1404,451
1405,451
1406,451
1407,451
1408,451
1409,451
1410,451
1411,451
1412,451
1413,451
1414,451
1415,451
1416,451
1417,451
1418,451
1419,451
1420,451
1421,451
1422,451
1423,451
1424,451
1425,452
1426,452
1427,452
1428,452
1429,452
1430,452
1431,453
1432,453
1433,453
1434,453
1435,453
1436,453
1437,453
1438,453
1439,453
1440,454
1441,454
1442,454
1443,454
1444,454
1445,454
1446,454
1447,455
1448,455
1449,455
1450,455
1451,455
1452,455
1453,455
1454,455
1455,455
1456,455
1457,455
1458,455
1459,455
1460,455
1461,456
1462,456
1463,456
1464,456
1465,456
1466,456
1467,456
1468,456
1469,456
1470,456
1471,456
1472,457
1473,458
1474,458
1475,458
1476,458
1477,458
1478,458
1479,458
1480,458
1481,458
1482,458
1483,458
1484,458
1485,458
1486,458
1487,459
1488,459
1489,459
1490,459
1491,459
1492,459
1493,459
1494,459
1495,459
1496,459
1497,459
1498,459
1499,459
1500,459
1501,460
1502,460
1503,460
1504,460
1505,460
1506,460
1507,460
1508,460
1509,460
1510,460
1511,460
1512,460
1513,460
1514,460
1515,460
1516,460
1517,461
1518,461
1519,461
1520,461
1521,461
1522,461
1523,461
1524,462
1525,462
1526,462
1527,462
1528,462
1529,462
1530,462
1531,462
1532,462
1533,462
1534,462
1535,462
1536,462
1537,462
1538,462
1539,462
1540,462
1541,462
1542,462
1543,462
1544,462
1545,462
1546,462
1547,462
1548,462
1549,462
1550,462
1551,462
1552,462
1553,462
1554,463
1555,463
1556,463
1557,463
1558,463
1559,463
1560,463
1561,463
1562,463
1563,463
1564,463
1565,463
1566,463
1567,463
1568,463
1569,464
1570,464
1571,464
1572,465
1573,465
1574,465
1575,465
1576,466
1577,466
1578,466
1579,466
1580,466
1581,467
1582,467
1583,468
1584,468
1585,468
1586,468
1587,468
1588,468
1589,468
1590,468
1591,468
1592,468
1593,468
1594,468
1595,468
1596,469
1597,470
1598,470
1599,470
1600,470
1601,470
1602,470
1603,470
1604,470
1605,470
1606,470
1607,470
1608,470
1609,471
1610,471
1611,471
1612,471
1613,471
1614,471
1615,471
1616,471
1617,471
1618,471
1619,471
1620,471
1621,471
1622,471
1623,472
1624,472
1625,472
1626,472
1627,472
1628,472
1629,472
1630,472
1631,472
1632,472
1633,472
1634,472
1635,472
1636,472
1637,472
1638,472
1639,472
1640,472
1641,472
1642,472
1643,472
1644,472
1645,472
1646,472
1647,472
1648,472
1649,472
1650,472
1651,472
1652,472
1653,472
1654,472
1655,472
1656,472
1657,472
1658,472
1659,472
1660,472
1661,472
1662,472
1663,472
1664,472
1665,472
1666,472
1667,472
1668,472
1669,472
1670,472
1671,472
1672,472
1673,472
1674,472
1675,472
1676,472
1677,472
1678,472
1679,472
1680,472
1681,472
1682,472
1683,472
1684,472
1685,472
1686,472
1687,472
1688,472
1689,472
1690,472
1691,472
1692,472
1693,472
1694,472
1695,472
1696,472
1697,472
1698,472
1699,472
1700,472
1701,472
1702,472
1703,472
1704,472
1705,472
1706,472
1707,472
1708,472
1709,472
1710,472
1711,472
1712,472
1713,472
1714,472
1715,472
1716,472
1717,472
1718,472
1719,472
1720,472
1721,472
1722,472
1723,472
1724,472
1725,472
1726,472
1727,472
1728,472
1729,472
1730,472
1731,472
1732,472
1733,472
1734,472
1735,472
1736,472
1737,472
1738,472
1739,472
1740,472
1741,472
1742,472
1743,472
1744,472
1745,472
1746,472
1747,472
1748,472
1749,472
1750,472
1751,472
1752,472
1753,472
1754,472
1755,472
1756,472
1757,472
1758,472
1759,472
1760,472
1761,472
1762,472
1763,473
1764,473
1765,473
1766,473
1767,473
1768,473
1769,473
1770,473
1771,473
1772,473
1773,473
1774,473
1775,473
1776,473
1777,473
1778,473
1779,473
1780,473
1781,473
1782,473
1783,473
1784,473
1785,473
1786,473
1787,473
1788,473
1789,473
1790,473
1791,473
1792,473
1793,473
1794,473
1795,473
1796,473
1797,473
1798,473
1799,473
1800,473
1801,473
1802,473
1803,473
1804,473
1805,473
1806,473
1807,473
1808,473
1809,473
1810,473
1811,473
1812,473
1813,473
1814,473
1815,473
1816,473
1817,473
1818,473
1819,473
1820,473
1821,473
1822,473
1823,474
1824,474
1825,474
1826,474
1827,474
1828,474
1829,474
1830,474
1831,474
1832,474
1833,474
1834,474
1835,474
1836,475
1837,475
1838,475
1839,475
1840,475
1841,475
1842,475
1843,475
1844,475
1845,475
1846,475
1847,475
1848,475
1849,475
1850,475
1851,475
1852,475
1853,476
1854,476
1855,476
1856,476
1857,476
1858,476
1859,476
1860,476
1861,476
1862,476
1863,476
1864,476
1865,476
1866,477
1867,477
1868,477
1869,477
1870,477
1871,477
1872,477
1873,477
1874,477
1875,477
1876,477
1877,477
1878,477
1879,477
1880,477
1881,477
1882,477
1883,477
1884,477
1885,477
1886,477
1887,477
1888,477
1889,477
1890,477
1891,477
1892,477
1893,477
1894,477
1895,477
1896,477
1897,477
1898,477
1899,477
1900,477
1901,477
1902,477
1903,477
1904,477
1905,477
1906,477
1907,477
1908,477
1909,477
1910,477
1911,477
1912,477
1913,477
1914,477
1915,477
1916,477
1917,477
1918,477
1919,477
1920,477
1921,477
1922,477
1923,477
1924,477
1925,477
1926,477
1927,477
1928,477
1929,477
1930,477
1931,477
1932,477
1933,477
1934,477
1935,477
1936,477
1937,477
1938,477
1939,477
1940,477
1941,477
1942,477
1943,477
1944,477
1945,477
1946,477
1947,477
1948,477
1949,477
1950,477
1951,477
1952,477
1953,477
1954,477
1955,477
1956,477
1957,477
1958,477
1959,477
1960,477
1961,477
1962,477
1963,477
1964,477
1965,477
1966,477
1967,477
1968,477
1969,477
1970,477
1971,477
1972,477
1973,477
1974,477
1975,477
1976,477
1977,477
1978,477
1979,477
1980,477
1981,477
1982,477
1983,477
1984,477
1985,477
1986,477
1987,477
1988,477
1989,477
1990,477
1991,477
1992,477
1993,477
1994,477
1995,477
1996,477
1997,477
1998,477
1999,477
2000,477
2001,477
2002,477
2003,477
2004,477
2005,477
2006,477
2007,477
2008,478
2009,478
2010,478
2011,478
2012,478
2013,479
2014,479
2015,479
2016,479
2017,479
2018,479
2019,480
2020,480
2021,481
2022,481
2023,481
2024,481
2025,481
2026,481
2027,481
2028,481
2029,481
2030,481
2031,481
2032,481
2033,481
2034,481
2035,481
2036,481
2037,481
2038,481
2039,481
2040,481
2041,481
2042,481
2043,481
2044,481
2045,481
2046,481
2047,481
2048,481
2049,481
2050,481
2051,481
2052,481
2053,481
2054,481
2055,481
2056,481
2057,481
2058,481
2059,481
2060,481
2061,481
2062,481
2063,481
2064,481
2065,481
2066,481
2067,481
2068,481
2069,481
2070,481
2071,481
2072,481
2073,481
2074,481
2075,481
2076,481
2077,481
2078,481
2079,481
2080,481
2081,481
2082,481
2083,481
2084,481
2085,481
2086,481
2087,481
2088,481
2089,481
2090,481
2091,481
2092,481
2093,481
2094,481
2095,481
2096,481
2097,481
2098,481
2099,481
2100,481
2101,481
2102,481
2103,481
2104,481
2105,481
2106,481
2107,481
2108,481
2109,481
2110,481
2111,481
2112,481
2113,481
2114,481
2115,481
2116,481
2117,481
2118,481
2119,481
2120,481
2121,481
2122,481
2123,481
2124,481
2125,481
2126,481
2127,481
2128,481
2129,481
2130,481
2131,481
2132,481
2133,481
2134,481
2135,481
2136,481
2137,481
2138,481
2139,481
2140,481
2141,481
2142,481
2143,481
2144,481
2145,481
2146,481
2147,481
2148,481
2149,481
2150,481
2151,482
2152,483
2153,484
2154,484
2155,484
2156,484
2157,484
2158,484
2159,484
2160,484
2161,484
2162,484
2163,484
2164,485
2165,485
2166,486
2167,486
2168,486
2169,486
2170,486
2171,486
2172,486
2173,486
2174,486
2175,486
2176,486
2177,486
2178,486
2179,486
2180,486
2181,486
2182,486
2183,486
2184,486
2185,486
2186,486
2187,486
2188,486
2189,486
2190,486
2191,486
2192,486
2193,486
2194,486
2195,486
2196,486
2197,486
2198,486
2199,486
2200,486
2201,486
2202,486
2203,486
2204,486
2205,486
2206,486
2207,486
2208,486
2209,486
2210,486
2211,486
2212,486
2213,486
2214,486
2215,486
2216,486
2217,486
2218,486
2219,486
2220,486
2221,486
2222,486
2223,486
2224,486
2225,486
2226,486
2227,486
2228,486
2229,486
2230,486
2231,486
2232,486
2233,486
2234,486
2235,486
2236,486
2237,486
2238,486
2239,486
2240,486
2241,486
2242,486
2243,486
2244,486
2245,486
2246,486
2247,486
2248,486
2249,486
2250,486
2251,486
2252,486
2253,486
2254,486
2255,486
2256,486
2257,486
2258,486
2259,486
2260,486
2261,486
2262,486
2263,486
2264,486
2265,486
2266,486
2267,486
2268,486
2269,486
2270,486
2271,486
2272,486
2273,486
2274,486
2275,486
2276,486
2277,486
2278,486
2279,486
2280,486
2281,486
2282,486
2283,486
2284,486
2285,486
2286,486
2287,486
2288,486
2289,486
2290,486
2291,486
2292,486
2293,486
2294,486
2295,486
2296,486
2297,486
2298,486
2299,486
2300,486
2301,486
2302,486
2303,486
2304,486
2305,486
2306,486
2307,486
2308,486
2309,486
2310,486
2311,486
2312,486
2313,486
2314,486
2315,486
2316,486
2317,486
2318,486
2319,486
2320,486
2321,486
2322,486
2323,486
2324,486
2325,486
2326,486
2327,486
2328,486
2329,486
2330,486
2331,486
2332,486
2333,486
2334,486
2335,486
2336,486
2337,486
2338,486
2339,486
2340,486
2341,486
2342,486
2343,486
2344,486
2345,486
2346,486
2347,486
2348,486
2349,486
2350,486
2351,486
2352,486
2353,486
2354,486
2355,486
2356,486
2357,486
2358,486
2359,486
2360,486
2361,486
2362,486
2363,486
2364,486
2365,486
2366,486
2367,486
2368,486
2369,486
2370,486
2371,486
2372,486
2373,486
2374,486
2375,486
2376,486
2377,486
2378,486
2379,486
2380,486
2381,486
2382,486
2383,486
2384,486
2385,486
2386,486
2387,486
2388,486
2389,486
2390,486
2391,486
2392,486
2393,486
2394,486
2395,486
2396,486
2397,486
2398,486
2399,486
2400,486
2401,487
2402,487
2403,487
2404,487
2405,487
2406,487
2407,487
2408,487
2409,487
2410,487
2411,487
2412,487
2413,487
2414,487
2415,487
2416,487
2417,487
2418,487
2419,488
2420,488
2421,488
2422,488
2423,488
2424,488
2425,488
2426,488
2427,488
2428,488
2429,488
2430,488
2431,488
2432,488
2433,488
2434,488
2435,488
2436,488
2437,488
2438,488
2439,488
2440,488
2441,488
2442,488
2443,488
2444,488
2445,488
2446,488
2447,488
2448,488
2449,488
2450,488
2451,488
2452,488
2453,488
2454,488
2455,488
2456,488
2457,488
2458,488
2459,488
2460,488
2461,488
2462,488
2463,488
2464,488
2465,488
2466,488
2467,488
2468,488
2469,488
2470,488
2471,488
2472,488
2473,488
2474,488
2475,488
2476,488
2477,488
2478,488
2479,488
2480,488
2481,488
2482,488
2483,488
2484,488
2485,488
2486,488
2487,488
2488,488
2489,488
2490,488
2491,488
2492,488
2493,488
2494,488
2495,488
2496,488
2497,488
2498,488
2499,488
2500,488
2501,488
2502,488
2503,488
2504,488
2505,488
2506,488
2507,488
2508,488
2509,488
2510,488
2511,488
2512,488
2513,488
2514,488
2515,488
2516,488
2517,488
2518,488
2519,488
2520,488
2521,488
2522,488
2523,488
2524,488
2525,488
2526,488
2527,488
2528,488
2529,488
2530,488
2531,488
2532,488
2533,488
2534,488
2535,488
2536,488
2537,488
2538,488
2539,488
2540,488
2541,488
2542,488
2543,488
2544,488
2545,488
2546,488
2547,488
2548,488
2549,488
2550,488
2551,488
2552,488
2553,488
2554,488
2555,488
2556,488
2557,488
2558,488
2559,488
2560,488
2561,488
2562,488
2563,488
2564,488
2565,488
2566,488
2567,489
2568,489
2569,489
2570,489
2571,489
2572,489
2573,489
2574,489
2575,489
2576,490
2577,490
2578,490
2579,490
2580,490
2581,490
2582,490
2583,490
2584,490
2585,490
2586,490
2587,490
2588,490
2589,490
2590,490
2591,490
2592,490
2593,490
2594,490
2595,490
2596,490
2597,490
2598,490
2599,490
2600,490
2601,490
2602,490
2603,490
2604,490
2605,490
2606,490
2607,490
2608,490
2609,490
2610,490
2611,490
2612,490
2613,490
2614,490
2615,490
2616,490
2617,490
2618,490
2619,490
2620,490
2621,490
2622,490
2623,490
2624,490
2625,490
2626,490
2627,490
2628,490
2629,490
2630,490
2631,490
2632,490
2633,490
2634,490
2635,490
2636,490
2637,490
2638,490
2639,490
2640,490
2641,490
2642,490
2643,490
2644,490
2645,490
2646,490
2647,490
2648,490
2649,490
2650,490
2651,490
2652,490
2653,490
2654,490
2655,490
2656,490
2657,490
2658,490
2659,490
2660,490
2661,490
2662,490
2663,490
2664,490
2665,490
2666,490
2667,490
2668,490
2669,490
2670,490
2671,490
2672,490
2673,490
2674,490
2675,490
2676,490
2677,490
2678,490
2679,490
2680,490
2681,490
2682,490
2683,490
2684,490
2685,490
2686,490
2687,490
2688,490
2689,490
2690,490
2691,490
2692,490
2693,490
2694,490
2695,490
2696,490
2697,490
2698,490
2699,490
2700,490
2701,490
2702,490
2703,490
2704,490
2705,490
2706,490
2707,490
2708,490
2709,490
2710,490
2711,490
2712,490
2713,490
2714,490
2715,490
2716,490
2717,490
2718,490
2719,490
2720,490
2721,490
2722,490
2723,490
2724,490
2725,490
2726,490
2727,490
2728,490
2729,490
2730,490
2731,490
2732,490
2733,490
2734,490
2735,490
2736,490
2737,490
2738,490
2739,490
2740,490
2741,490
2742,490
2743,490
2744,490
2745,490
2746,490
2747,490
2748,490
2749,490
2750,490
2751,490
2752,490
2753,490
2754,490
2755,490
2756,490
2757,490
2758,490
2759,490
2760,490
2761,490
2762,490
2763,490
2764,490
2765,490
2766,490
2767,490
2768,490
2769,490
2770,490
2771,490
2772,490
2773,490
2774,490
2775,490
2776,490
2777,490
2778,490
2779,490
2780,490
2781,490
2782,490
2783,490
2784,490
2785,490
2786,490
2787,490
2788,490
2789,490
2790,490
2791,490
2792,490
2793,490
2794,490
2795,490
2796,490
2797,490
2798,490
2799,490
2800,490
2801,490
2802,490
2803,491
2804,491
2805,491
2806,491
2807,491
2808,491
2809,491
2810,491
2811,491
2812,491
2813,491
2814,491
2815,491
2816,491
2817,491
2818,491
2819,491
2820,491
2821,491
2822,491
2823,491
2824,491
2825,491
2826,491
2827,491
2828,491
2829,491
2830,491
2831,491
2832,491
2833,491
2834,491
2835,491
2836,491
2837,491
2838,491
2839,491
2840,491
2841,491
2842,491
2843,491
2844,491
2845,491
2846,491
2847,491
2848,491
2849,491
2850,491
2851,491
2852,491
2853,491
2854,491
2855,491
2856,491
2857,491
2858,491
2859,491
2860,491
2861,491
2862,491
2863,491
2864,491
2865,491
2866,491
2867,491
2868,491
2869,491
2870,491
2871,491
2872,491
2873,491
2874,491
2875,491
2876,491
2877,491
2878,491
2879,491
2880,491
2881,491
2882,491
2883,491
2884,491
2885,491
2886,491
2887,491
2888,491
2889,491
2890,491
2891,491
2892,491
2893,491
2894,491
2895,491
2896,491
2897,491
2898,491
2899,491
2900,491
2901,491
2902,491
2903,491
2904,491
2905,491
2906,491
2907,491
2908,491
2909,491
2910,491
2911,491
2912,491
2913,491
2914,491
2915,491
2916,491
2917,491
2918,491
2919,491
2920,491
2921,491
2922,491
2923,492
2924,492
2925,492
2926,492
2927,492
2928,492
2929,492
2930,492
2931,492
2932,492
2933,492
2934,492
2935,492
2936,492
2937,492
2938,492
2939,492
2940,492
2941,492
2942,492
2943,492
2944,492
2945,492
2946,492
2947,492
2948,492
2949,492
2950,492
2951,492
2952,492
2953,492
2954,492
2955,492
2956,492
2957,492
2958,492
2959,492
2960,492
2961,492
2962,492
2963,492
2964,492
2965,492
2966,492
2967,492
2968,492
2969,492
2970,492
2971,492
2972,492
2973,492
2974,492
2975,492
2976,492
2977,492
2978,492
2979,492
2980,492
2981,492
2982,492
2983,492
2984,492
2985,492
2986,493
2987,493
2988,493
2989,493
2990,493
2991,493
2992,493
2993,493
2994,493
2995,493
2996,493
2997,493
2998,493
2999,493
3000,493
3001,493
3002,494
3003,494
3004,494
3005,494
3006,494
3007,494
3008,494
3009,494
3010,494
3011,494
3012,494
3013,494
3014,494
3015,494
3016,494
3017,494
3018,494
3019,494
3020,494
3021,494
3022,494
3023,494
3024,495
3025,495
3026,495
3027,495
3028,495
3029,495
3030,495
3031,495
3032,495
3033,495
3034,495
3035,495
3036,495
3037,495
3038,495
3039,495
3040,495
3041,495
3042,495
3043,495
3044,495
3045,495
3046,495
3047,495
3048,495
3049,495
3050,495
3051,495
3052,495
3053,495
3054,495
3055,495
3056,495
3057,495
3058,495
3059,495
3060,495
3061,495
3062,495
3063,495
3064,495
3065,495
3066,495
3067,495
3068,495
3069,495
3070,495
3071,495
3072,495
3073,495
3074,495
3075,495
3076,495
3077,495
3078,495
3079,495
3080,495
3081,495
3082,495
3083,495
3084,495
3085,495
3086,495
3087,495
3088,495
3089,495
3090,496
3091,496
3092,496
3093,496
3094,496
3095,496
3096,496
3097,496
3098,496
3099,496
3100,496
3101,496
3102,496
3103,496
3104,496
3105,496
3106,496
3107,496
3108,496
3109,496
3110,496
3111,496
3112,496
3113,496
3114,496
3115,496
3116,496
3117,496
3118,496
3119,496
3120,496
3121,496
3122,496
3123,496
3124,496
3125,496
3126,496
3127,496
3128,496
3129,496
3130,496
3131,496
3132,496
3133,496
3134,496
3135,496
3136,496
3137,496
3138,496
3139,496
3140,496
3141,496
3142,496
3143,496
3144,496
3145,496
3146,496
3147,496
3148,496
3149,496
3150,496
3151,496
3152,496
3153,496
3154,496
3155,496
3156,496
3157,496
3158,496
3159,496
3160,496
3161,496
3162,496
3163,496
3164,496
3165,496
3166,496
3167,496
3168,496
3169,496
3170,496
3171,496
3172,496
3173,496
3174,496
3175,496
3176,496
3177,496
3178,496
3179,496
3180,496
3181,496
3182,496
3183,496
3184,496
3185,496
3186,496
3187,496
3188,496
3189,496
3190,496
3191,496
3192,496
3193,496
3194,496
3195,496
3196,496
3197,496
3198,496
3199,496
3200,496
3201,496
3202,496
3203,496
3204,496
3205,496
3206,496
3207,496
3208,496
3209,496
3210,496
3211,496
3212,496
3213,496
3214,496
3215,496
3216,496
3217,496
3218,496
3219,496
3220,496
3221,496
3222,496
3223,496
3224,496
3225,496
3226,496
3227,496
3228,496
3229,496
3230,496
3231,496
3232,496
3233,496
3234,496
3235,496
3236,496
3237,496
3238,496
3239,496
3240,496
3241,496
3242,496
3243,496
3244,496
3245,496
3246,496
3247,496
3248,496
3249,496
3250,496
3251,496
3252,496
3253,496
3254,496
3255,496
3256,496
3257,496
3258,496
3259,496
3260,496
3261,496
3262,496
3263,496
3264,496
3265,496
3266,496
3267,496
3268,496
3269,496
3270,496
3271,496
3272,496
3273,496
3274,496
3275,496
3276,496
3277,496
3278,496
3279,496
3280,496
3281,496
3282,496
3283,496
3284,496
3285,496
3286,496
3287,496
3288,496
3289,496
3290,496
3291,496
3292,496
3293,496
3294,496
3295,496
3296,496
3297,496
3298,496
3299,496
3300,496
3301,496
3302,496
3303,496
3304,496
3305,496
3306,496
3307,496
3308,496
3309,496
3310,496
3311,496
3312,496
3313,496
3314,496
3315,496
3316,496
3317,496
3318,496
3319,496
3320,496
3321,496
3322,496
3323,496
3324,496
3325,496
3326,496
3327,496
3328,496
3329,496
3330,496
3331,496
3332,496
3333,496
3334,496
3335,496
3336,496
3337,496
3338,496
3339,496
3340,496
3341,496
3342,496
3343,496
3344,496
3345,496
3346,496
3347,496
3348,496
3349,496
3350,496
3351,496
3352,496
3353,496
3354,496
3355,496
3356,496
3357,496
3358,496
3359,496
3360,496
3361,496
3362,496
3363,496
3364,496
3365,496
3366,496
3367,496
3368,496
3369,496
3370,496
3371,496
3372,496
3373,496
3374,496
3375,496
3376,496
3377,496
3378,496
3379,496
3380,496
3381,496
3382,496
3383,496
3384,496
3385,496
3386,496
3387,496
3388,496
3389,496
3390,496
3391,497
3392,497
3393,497
3394,497
3395,497
3396,497
3397,497
3398,497
3399,497
3400,497
3401,497
3402,497
3403,497
3404,497
3405,497
3406,497
3407,497
3408,497
3409,497
3410,497
3411,497
3412,497
3413,497
3414,497
3415,497
3416,497
3417,497
3418,497
3419,497
3420,497
3421,497
3422,497
3423,497
3424,497
3425,497
3426,497
3427,497
3428,497
3429,497
3430,497
3431,497
3432,497
3433,497
3434,497
3435,497
3436,497
3437,497
3438,497
3439,497
3440,497
3441,497
3442,497
3443,497
3444,497
3445,497
3446,497
3447,497
3448,497
3449,497
3450,497
3451,497
3452,497
3453,497
3454,497
3455,497
3456,497
3457,497
3458,497
3459,497
3460,497
3461,497
3462,497
3463,497
3464,497
3465,497
3466,497
3467,497
3468,497
3469,497
3470,497
3471,497
3472,497
3473,497
3474,497
3475,497
3476,497
3477,497
3478,497
3479,497
3480,497
3481,497
3482,497
3483,497
3484,497
3485,497
3486,497
3487,497
3488,497
3489,497
3490,497
3491,497
3492,497
3493,497
3494,497
3495,497
3496,497
3497,497
3498,497
3499,497
3500,497
3501,497
3502,497
3503,497
3504,497
3505,497
3506,497
3507,497
3508,497
3509,497
3510,497
3511,497
3512,497
3513,497
3514,497
3515,497
3516,497
3517,497
3518,497
3519,497
3520,497
3521,497
3522,497
3523,497
3524,497
3525,497
3526,497
3527,497
3528,497
3529,497
3530,497
3531,497
3532,497
3533,497
3534,497
3535,497
3536,497
3537,497
3538,497
3539,497
3540,497
3541,497
3542,497
3543,497
3544,497
3545,497
3546,497
3547,497
3548,497
3549,497
3550,497
3551,497
3552,497
3553,497
3554,497
3555,497
3556,497
3557,497
3558,497
3559,497
3560,497
3561,497
3562,497
3563,497
3564,497
3565,497
3566,497
3567,497
3568,497
3569,497
3570,497
3571,497
3572,497
3573,497
3574,497
3575,497
3576,497
3577,497
3578,497
3579,497
3580,497
3581,497
3582,497
3583,497
3584,497
3585,497
3586,497
3587,497
3588,497
3589,497
3590,497
3591,497
3592,497
3593,497
3594,497
3595,497
3596,497
3597,497
3598,497
3599,497
3600,497
3601,497
3602,497
3603,497
3604,497
3605,497
3606,497
3607,497
3608,497
3609,497
3610,497
3611,497
3612,497
3613,497
3614,497
3615,497
3616,497
3617,497
3618,497
3619,497
3620,497
3621,497
3622,497
3623,497
3624,497
3625,497
3626,497
3627,497
3628,497
3629,497
3630,497
3631,497
3632,497
3633,497
3634,497
3635,497
3636,497
3637,497
3638,497
3639,497
3640,497
3641,497
3642,497
3643,497
3644,497
3645,497
3646,497
3647,497
3648,497
3649,497
3650,497
3651,497
3652,497
3653,497
3654,497
3655,497
3656,497
3657,497
3658,497
3659,497
3660,497
3661,497
3662,497
3663,497
3664,497
3665,497
3666,497
3667,497
3668,497
3669,498
3670,498
3671,498
3672,498
3673,498
3674,498
3675,498
3676,498
3677,498
3678,498
3679,498
3680,498
3681,498
3682,498
3683,498
3684,498
3685,498
3686,498
3687,498
3688,498
3689,498
3690,498
3691,498
3692,498
3693,498
3694,498
3695,498
3696,498
3697,498
3698,498
3699,498
3700,498
3701,498
3702,498
3703,498
3704,498
3705,498
3706,498
3707,498
3708,498
3709,498
3710,498
3711,498
3712,498
3713,498
3714,498
3715,498
3716,498
3717,498
3718,498
3719,498
3720,498
3721,498
3722,498
3723,498
3724,498
3725,498
3726,498
3727,498
3728,498
3729,498
3730,498
3731,498
3732,498
3733,498
3734,498
3735,498
3736,498
3737,498
3738,498
3739,498
3740,498
3741,498
3742,498
3743,498
3744,498
3745,498
3746,498
3747,498
3748,498
3749,498
3750,498
3751,498
3752,498
3753,498
3754,498
3755,498
3756,498
3757,498
3758,498
3759,498
3760,498
3761,498
3762,498
3763,498
3764,498
3765,498
3766,498
3767,498
3768,498
3769,498
3770,498
3771,498
3772,498
3773,498
3774,498
3775,498
3776,498
3777,498
3778,498
3779,498
3780,498
3781,498
3782,498
3783,498
3784,498
3785,498
3786,498
3787,498
3788,498
3789,498
3790,498
3791,498
3792,498
3793,498
3794,498
3795,498
3796,498
3797,498
3798,498
3799,498
3800,498
3801,498
3802,498
3803,498
3804,498
3805,498
3806,498
3807,498
3808,498
3809,498
3810,498
3811,498
3812,498
3813,498
3814,498
3815,498
3816,498
3817,498
3818,498
3819,498
3820,498
3821,498
3822,498
3823,498
3824,498
3825,498
3826,498
3827,498
3828,498
3829,498
3830,498
3831,498
3832,498
3833,498
3834,498
3835,498
3836,498
3837,498
3838,498
3839,498
3840,498
3841,498
3842,498
3843,498
3844,498
3845,498
3846,498
3847,498
3848,498
3849,498
3850,498
3851,498
3852,498
3853,498
3854,498
3855,498
3856,498
3857,498
3858,498
3859,498
3860,498
3861,498
3862,498
3863,498
3864,498
3865,498
3866,498
3867,498
3868,498
3869,498
3870,498
3871,498
3872,498
3873,498
3874,498
3875,498
3876,498
3877,498
3878,498
3879,498
3880,498
3881,498
3882,498
3883,498
3884,498
3885,498
3886,498
3887,498
3888,498
3889,498
3890,498
3891,498
3892,498
3893,498
3894,498
3895,498
3896,498
3897,498
3898,498
3899,498
3900,498
3901,498
3902,498
3903,498
3904,498
3905,498
3906,498
3907,498
3908,498
3909,498
3910,498
3911,498
3912,498
3913,498
3914,498
3915,498
3916,498
3917,498
3918,498
3919,498
3920,498
3921,498
3922,498
3923,498
3924,498
3925,498
3926,498
3927,498
3928,498
3929,498
3930,498
3931,498
3932,498
3933,498
3934,498
3935,498
3936,498
3937,498
3938,498
3939,498
3940,498
3941,498
3942,498
3943,498
3944,498
3945,498
3946,498
3947,498
3948,498
3949,498
3950,498
3951,498
3952,498
3953,498
3954,498
3955,498
3956,498
3957,498
3958,498
3959,498
3960,498
3961,498
3962,498
3963,498
3964,498
3965,498
3966,498
3967,498
3968,498
3969,498
3970,498
3971,498
3972,498
3973,498
3974,498
3975,498
3976,498
3977,498
3978,498
3979,498
3980,498
3981,498
3982,498
3983,498
3984,498
3985,498
3986,498
3987,498
3988,498
3989,498
3990,498
3991,498
3992,498
3993,498
3994,498
3995,498
3996,498
3997,498
3998,498
3999,498
4000,498
4001,498
4002,498
4003,498
4004,498
4005,498
4006,498
4007,498
4008,498
4009,498
4010,498
4011,498
4012,498
4013,498
4014,498
4015,498
4016,498
4017,498
4018,498
4019,498
4020,498
4021,498
4022,498
4023,498
4024,498
4025,498
4026,498
4027,498
4028,498
4029,498
4030,498
4031,498
4032,498
4033,498
4034,498
4035,498
4036,498
4037,498
4038,498
4039,498
4040,498
4041,498
4042,498
4043,498
4044,498
4045,498
4046,498
4047,498
4048,498
4049,498
4050,498
4051,498
4052,498
4053,498
4054,498
4055,498
4056,498
4057,498
4058,498
4059,498
4060,498
4061,498
4062,498
4063,498
4064,498
4065,498
4066,498
4067,498
4068,498
4069,498
4070,498
4071,498
4072,498
4073,498
4074,498
4075,498
4076,498
4077,498
4078,498
4079,498
4080,498
4081,498
4082,498
4083,498
4084,498
4085,498
4086,498
4087,498
4088,498
4089,498
4090,498
4091,498
4092,498
4093,498
4094,498
4095,498
4096,498
4097,498
4098,498
4099,498
4100,498
4101,498
4102,498
4103,498
4104,498
4105,498
4106,498
4107,498
4108,498
4109,498
4110,498
4111,498
4112,498
4113,498
4114,498
4115,498
4116,498
4117,498
4118,498
4119,498
4120,498
4121,498
4122,498
4123,498
4124,498
4125,498
4126,498
4127,498
4128,498
4129,498
4130,498
4131,498
4132,498
4133,498
4134,498
4135,498
4136,498
4137,498
4138,498
4139,498
4140,498
4141,498
4142,498
4143,498
4144,498
4145,498
4146,498
4147,498
4148,498
4149,498
4150,498
4151,498
4152,498
4153,498
4154,498
4155,498
4156,498
4157,498
4158,498
4159,498
4160,498
4161,498
4162,498
4163,498
4164,498
4165,498
4166,498
4167,498
4168,498
4169,498
4170,498
4171,498
4172,498
4173,498
4174,498
4175,498
4176,498
4177,498
4178,498
4179,498
4180,498
4181,498
4182,498
4183,498
4184,498
4185,498
4186,498
4187,498
4188,498
4189,498
4190,498
4191,498
4192,498
4193,498
4194,498
4195,498
4196,498
4197,498
4198,498
4199,498
4200,498
4201,498
4202,498
4203,498
4204,498
4205,498
4206,498
4207,498
4208,498
4209,498
4210,498
4211,498
4212,498
4213,498
4214,498
4215,498
4216,498
4217,498
4218,498
4219,498
4220,498
4221,498
4222,498
4223,498
4224,498
4225,498
4226,498
4227,498
4228,498
4229,498
4230,498
4231,498
4232,498
4233,498
4234,498
4235,498
4236,498
4237,498
4238,498
4239,498
4240,498
4241,498
4242,498
4243,498
4244,498
4245,498
4246,498
4247,498
4248,498
4249,498
4250,498
4251,498
4252,498
4253,498
4254,498
4255,498
4256,498
4257,498
4258,498
4259,498
4260,498
4261,498
4262,498
4263,498
4264,498
4265,498
4266,498
4267,498
4268,498
4269,498
4270,498
4271,498
4272,498
4273,498
4274,498
4275,498
4276,498
4277,498
4278,498
4279,498
4280,498
4281,498
4282,498
4283,498
4284,498
4285,498
4286,498
4287,498
4288,498
4289,498
4290,498
4291,498
4292,498
4293,498
4294,498
4295,498
4296,498
4297,498
4298,498
4299,498
4300,498
4301,498
4302,498
4303,498
4304,498
4305,498
4306,498
4307,498
4308,498
4309,498
4310,498
4311,498
4312,498
4313,498
4314,498
4315,498
4316,498
4317,498
4318,498
4319,498
4320,498
4321,498
4322,498
4323,498
4324,498
4325,498
4326,498
4327,498
4328,498
4329,498
4330,498
4331,498
4332,498
4333,498
4334,498
4335,498
4336,498
4337,498
4338,498
4339,498
4340,498
4341,498
4342,498
4343,498
4344,498
4345,498
4346,498
4347,498
4348,498
4349,498
4350,498
4351,498
4352,498
4353,498
4354,498
4355,498
4356,498
4357,498
4358,498
4359,498
4360,498
4361,498
4362,498
4363,498
4364,498
4365,498
4366,498
4367,498
4368,498
4369,498
4370,498
4371,498
4372,498
4373,498
4374,498
4375,498
4376,498
4377,498
4378,498
4379,498
4380,498
4381,498
4382,498
4383,498
4384,498
4385,498
4386,498
4387,498
4388,498
4389,498
4390,498
4391,498
4392,498
4393,498
4394,498
4395,498
4396,498
4397,498
4398,498
4399,498
4400,498
4401,498
4402,498
4403,498
4404,498
4405,498
4406,498
4407,498
4408,498
4409,498
4410,498
4411,498
4412,498
4413,498
4414,498
4415,498
4416,498
4417,498
4418,498
4419,498
4420,498
4421,498
4422,498
4423,498
4424,498
4425,498
4426,498
4427,498
4428,498
4429,498
4430,498
4431,498
4432,498
4433,498
4434,498
4435,498
4436,498
4437,498
4438,498
4439,498
4440,498
4441,498
4442,498
4443,498
4444,498
4445,498
4446,498
4447,498
4448,498
4449,498
4450,498
4451,498
4452,498
4453,498
4454,498
4455,498
4456,498
4457,498
4458,498
4459,498
4460,498
4461,498
4462,498
4463,498
4464,498
4465,498
4466,498
4467,498
4468,498
4469,498
4470,498
4471,498
4472,498
4473,498
4474,498
4475,498
4476,498
4477,498
4478,498
4479,498
4480,498
4481,498
4482,498
4483,498
4484,498
4485,498
4486,498
4487,498
4488,498
4489,498
4490,498
4491,498
4492,498
4493,498
4494,498
4495,498
4496,498
4497,498
4498,498
4499,498
4500,498
4501,498
4502,498
4503,498
4504,498
4505,498
4506,498
4507,498
4508,498
4509,498
4510,498
4511,498
4512,498
4513,498
4514,498
4515,498
4516,498
4517,498
4518,498
4519,498
4520,498
4521,498
4522,498
4523,498
4524,498
4525,498
4526,498
4527,498
4528,498
4529,498
4530,498
4531,498
4532,498
4533,498
4534,498
4535,498
4536,498
4537,498
4538,498
4539,498
4540,498
4541,498
4542,498
4543,498
4544,498
4545,498
4546,498
4547,498
4548,498
4549,498
4550,498
4551,498
4552,498
4553,498
4554,498
4555,498
4556,498
4557,498
4558,498
4559,498
4560,498
4561,498
4562,498
4563,498
4564,498
4565,498
4566,498
4567,498
4568,498
4569,498
4570,498
4571,498
4572,498
4573,498
4574,498
4575,498
4576,498
4577,498
4578,498
4579,498
4580,498
4581,498
4582,498
4583,498
4584,498
4585,498
4586,498
4587,498
4588,498
4589,498
4590,498
4591,498
4592,498
4593,498
4594,498
4595,498
4596,498
4597,498
4598,498
4599,498
4600,498
4601,498
4602,498
4603,498
4604,498
4605,498
4606,498
4607,498
4608,498
4609,498
4610,498
4611,498
4612,498
4613,498
4614,498
4615,498
4616,498
4617,498
4618,498
4619,498
4620,498
4621,498
4622,498
4623,498
4624,498
4625,498
4626,498
4627,498
4628,498
4629,498
4630,498
4631,498
4632,498
4633,498
4634,498
4635,498
4636,498
4637,498
4638,498
4639,498
4640,498
4641,498
4642,498
4643,498
4644,498
4645,498
4646,498
4647,498
4648,498
4649,498
4650,498
4651,498
4652,498
4653,498
4654,498
4655,498
4656,498
4657,498
4658,498
4659,498
4660,498
4661,498
4662,498
4663,498
4664,498
4665,498
4666,498
4667,498
4668,498
4669,498
4670,498
4671,498
4672,498
4673,498
4674,498
4675,498
4676,498
4677,498
4678,498
4679,498
4680,498
4681,498
4682,498
4683,498
4684,498
4685,498
4686,498
4687,498
4688,498
4689,498
4690,498
4691,498
4692,498
4693,498
4694,498
4695,498
4696,498
4697,498
4698,498
4699,498
4700,498
4701,498
4702,498
4703,498
4704,498
4705,498
4706,498
4707,498
4708,498
4709,498
4710,498
4711,498
4712,498
4713,498
4714,498
4715,498
4716,498
4717,498
4718,498
4719,498
4720,498
4721,498
4722,498
4723,498
4724,498
4725,498
4726,498
4727,498
4728,498
4729,498
4730,498
4731,498
4732,498
4733,498
4734,498
4735,498
4736,498
4737,498
4738,498
4739,498
4740,498
4741,498
4742,498
4743,498
4744,498
4745,498
4746,498
4747,498
4748,498
4749,498
4750,498
4751,498
4752,498
4753,498
4754,498
4755,498
4756,498
4757,498
4758,498
4759,498
4760,498
4761,498
4762,498
4763,498
4764,498
4765,498
4766,498
4767,498
4768,498
4769,498
4770,498
4771,498
4772,498
4773,498
4774,498
4775,498
4776,498
4777,498
4778,498
4779,498
4780,498
4781,498
4782,498
4783,498
4784,498
4785,498
4786,498
4787,498
4788,498
4789,498
4790,498
4791,498
4792,498
4793,498
4794,498
4795,498
4796,498
4797,498
4798,498
4799,498
4800,498
4801,498
4802,498
4803,498
4804,498
4805,498
4806,498
4807,498
4808,498
4809,498
4810,498
4811,498
4812,498
4813,498
4814,498
4815,498
4816,498
4817,498
4818,498
4819,498
4820,498
4821,498
4822,498
4823,498
4824,498
4825,498
4826,498
4827,498
4828,498
4829,498
4830,498
4831,498
4832,498
4833,498
4834,498
4835,498
4836,498
4837,498
4838,498
4839,498
4840,498
4841,498
4842,498
4843,498
4844,498
4845,498
4846,498
4847,498
4848,498
4849,498
4850,498
4851,498
4852,498
4853,498
4854,498
4855,498
4856,498
4857,498
4858,498
4859,498
4860,498
4861,498
4862,498
4863,498
4864,498
4865,498
4866,498
4867,498
4868,498
4869,498
4870,498
4871,498
4872,498
4873,498
4874,498
4875,498
4876,498
4877,498
4878,498
4879,498
4880,498
4881,498
4882,498
4883,498
4884,498
4885,498
4886,498
4887,498
4888,498
4889,498
4890,498
4891,498
4892,498
4893,498
4894,498
4895,498
4896,498
4897,498
4898,498
4899,498
4900,498
4901,498
4902,498
4903,498
4904,498
4905,498
4906,498
4907,498
4908,498
4909,498
4910,498
4911,498
4912,498
4913,498
4914,498
4915,498
4916,498
4917,498
4918,498
4919,498
4920,498
4921,498
4922,498
4923,498
4924,498
4925,498
4926,498
4927,498
4928,498
4929,498
4930,498
4931,498
4932,498
4933,498
4934,498
4935,498
4936,498
4937,498
4938,498
4939,498
4940,498
4941,498
4942,498
4943,498
4944,498
4945,498
4946,498
4947,498
4948,498
4949,498
4950,498
4951,498
4952,498
4953,498
4954,498
4955,498
4956,498
4957,498
4958,498
4959,498
4960,498
4961,498
4962,498
4963,498
4964,498
4965,498
4966,498
4967,498
4968,498
4969,498
4970,498
4971,498
4972,498
4973,498
4974,498
4975,498
4976,498
4977,498
4978,498
4979,498
4980,498
4981,498
4982,498
4983,498
4984,498
4985,498
4986,498
4987,498
4988,498
4989,498
4990,498
4991,498
4992,498
4993,498
4994,498
4995,498
4996,498
4997,498
4998,498
4999,498
5000,498
5001,498
5002,498
5003,498
5004,498
5005,498
5006,498
5007,498
5008,498
5009,498
5010,498
5011,498
5012,498
5013,498
5014,498
5015,498
5016,498
5017,498
5018,498
5019,498
5020,498
5021,498
5022,498
5023,498
5024,498
5025,498
5026,498
5027,498
5028,498
5029,498
5030,498
5031,498
5032,498
5033,498
5034,498
5035,498
5036,498
5037,498
5038,498
5039,498
5040,498
5041,498
5042,498
5043,498
5044,498
5045,498
5046,498
5047,498
5048,498
5049,498
5050,498
5051,498
5052,498
5053,498
5054,498
5055,498
5056,498
5057,498
5058,498
5059,498
5060,498
5061,498
5062,498
5063,498
5064,498
5065,498
5066,498
5067,498
5068,498
5069,498
5070,498
5071,498
5072,498
5073,498
5074,498
5075,498
5076,498
5077,498
5078,498
5079,498
5080,498
5081,498
5082,498
5083,498
5084,498
5085,498
5086,498
5087,498
5088,498
5089,498
5090,498
5091,498
5092,498
5093,498
5094,498
5095,498
5096,498
5097,498
5098,498
5099,498
5100,498
5101,498
5102,498
5103,498
5104,498
5105,498
5106,498
5107,498
5108,498
5109,498
5110,498
5111,498
5112,498
5113,498
5114,498
5115,498
5116,498
5117,498
5118,498
5119,498
5120,498
5121,498
5122,498
5123,498
5124,498
5125,498
5126,498
5127,498
5128,498
5129,498
5130,498
5131,498
5132,498
5133,498
5134,498
5135,498
5136,498
5137,498
5138,498
5139,498
5140,498
5141,498
5142,498
5143,498
5144,498
5145,498
5146,498
5147,498
5148,498
5149,498
5150,498
5151,498
5152,498
5153,498
5154,498
5155,498
5156,498
5157,498
5158,498
5159,498
5160,498
5161,498
5162,498
5163,498
5164,498
5165,498
5166,498
5167,498
5168,498
5169,498
5170,498
5171,498
5172,498
5173,498
5174,498
5175,498
5176,498
5177,498
5178,498
5179,498
5180,498
5181,498
5182,498
5183,498
5184,498
5185,498
5186,498
5187,498
5188,498
5189,498
5190,498
5191,498
5192,498
5193,498
5194,498
5195,498
5196,498
5197,498
5198,498
5199,498
5200,498
5201,498
5202,498
5203,498
5204,498
5205,498
5206,498
5207,498
5208,498
5209,498
5210,498
5211,498
5212,498
5213,498
5214,498
5215,498
5216,498
5217,498
5218,498
5219,498
5220,498
5221,498
5222,498
5223,498
5224,498
5225,498
5226,498
5227,498
5228,498
5229,498
5230,498
5231,498
5232,498
5233,498
5234,498
5235,498
5236,498
5237,498
5238,498
5239,498
5240,498
5241,498
5242,498
5243,498
5244,498
5245,498
5246,498
5247,498
5248,498
5249,498
5250,498
5251,498
5252,498
5253,498
5254,498
5255,498
5256,498
5257,498
5258,498
5259,498
5260,498
5261,498
5262,498
5263,498
5264,498
5265,498
5266,498
5267,498
5268,498
5269,498
5270,498
5271,498
5272,498
5273,498
5274,498
5275,498
5276,498
5277,498
5278,498
5279,498
5280,498
5281,498
5282,498
5283,498
5284,498
5285,498
5286,498
5287,498
5288,498
5289,498
5290,498
5291,498
5292,498
5293,498
5294,498
5295,498
5296,498
5297,498
5298,498
5299,498
5300,498
5301,498
5302,498
5303,498
5304,498
5305,498
5306,498
5307,498
5308,498
5309,498
5310,498
5311,498
5312,498
5313,498
5314,498
5315,498
5316,498
5317,498
5318,498
5319,498
5320,498
5321,498
5322,498
5323,498
5324,498
5325,498
5326,498
5327,498
5328,498
5329,498
5330,498
5331,498
5332,498
5333,498
5334,498
5335,498
5336,498
5337,498
5338,498
5339,498
5340,498
5341,498
5342,498
5343,498
5344,498
5345,498
5346,498
5347,498
5348,498
5349,498
5350,498
5351,498
5352,498
5353,498
5354,498
5355,498
5356,498
5357,498
5358,498
5359,498
5360,498
5361,498
5362,498
5363,498
5364,498
5365,498
5366,498
5367,498
5368,498
5369,498
5370,498
5371,498
5372,498
5373,498
5374,498
5375,498
5376,498
5377,498
5378,498
5379,498
5380,498
5381,498
5382,498
5383,498
5384,498
5385,498
5386,498
5387,498
5388,498
5389,498
5390,498
5391,498
5392,498
5393,498
5394,498
5395,498
5396,498
5397,498
5398,498
5399,498
5400,498
5401,498
5402,498
5403,498
5404,498
5405,498
5406,498
5407,498
5408,498
5409,498
5410,498
5411,498
5412,498
5413,498
5414,498
5415,498
5416,498
5417,498
5418,498
5419,498
5420,498
5421,498
5422,498
5423,498
5424,498
5425,498
5426,498
5427,498
5428,498
5429,498
5430,498
5431,498
5432,498
5433,498
5434,498
5435,498
5436,498
5437,498
5438,498
5439,498
5440,498
5441,498
5442,498
5443,498
5444,498
5445,498
5446,498
5447,498
5448,498
5449,498
5450,498
5451,498
5452,498
5453,498
5454,498
5455,498
5456,498
5457,498
5458,498
5459,498
5460,498
5461,498
5462,498
5463,498
5464,498
5465,498
5466,498
5467,498
5468,498
5469,498
5470,498
5471,498
5472,498
5473,498
5474,498
5475,498
5476,498
5477,498
5478,498
5479,498
5480,498
5481,498
5482,498
5483,498
5484,498
5485,498
5486,498
5487,498
5488,498
5489,498
5490,498
5491,498
5492,498
5493,498
5494,498
5495,498
5496,498
5497,498
5498,498
5499,498
5500,498
5501,498
5502,498
5503,498
5504,498
5505,498
5506,498
5507,498
5508,498
5509,498
5510,498
5511,498
5512,498
5513,498
5514,498
5515,498
5516,498
5517,498
5518,498
5519,498
5520,498
5521,498
5522,498
5523,498
5524,498
5525,498
5526,498
5527,498
5528,498
5529,498
5530,498
5531,498
5532,498
5533,498
5534,498
5535,498
5536,498
5537,498
5538,498
5539,498
5540,498
5541,498
5542,498
5543,498
5544,498
5545,498
5546,498
5547,498
5548,498
5549,498
5550,498
5551,498
5552,498
5553,498
5554,498
5555,498
5556,498
5557,498
5558,498
5559,498
5560,498
5561,498
5562,498
5563,498
5564,498
5565,498
5566,498
5567,498
5568,498
5569,498
5570,498
5571,498
5572,498
5573,498
5574,498
5575,498
5576,498
5577,498
5578,498
5579,498
5580,498
5581,498
5582,498
5583,498
5584,498
5585,498
5586,498
5587,498
5588,498
5589,498
5590,498
5591,498
5592,498
5593,498
5594,498
5595,498
5596,498
5597,498
5598,498
5599,498
5600,498
5601,498
5602,498
5603,498
5604,498
5605,498
5606,498
5607,498
5608,498
5609,498
5610,498
5611,498
5612,498
5613,498
5614,498
5615,498
5616,498
5617,498
5618,498
5619,498
5620,498
5621,498
5622,498
5623,498
5624,498
5625,498
5626,498
5627,498
5628,498
5629,498
5630,498
5631,498
5632,498
5633,498
5634,498
5635,498
5636,498
5637,498
5638,498
5639,498
5640,498
5641,498
5642,498
5643,498
5644,498
5645,498
5646,498
5647,498
5648,498
5649,498
5650,498
5651,498
5652,498
5653,498
5654,498
5655,498
5656,498
5657,498
5658,498
5659,498
5660,498
5661,498
5662,498
5663,498
5664,498
5665,498
5666,498
5667,498
5668,498
5669,498
5670,498
5671,498
5672,498
5673,498
5674,498
5675,498
5676,498
5677,498
5678,498
5679,498
5680,498
5681,498
5682,498
5683,498
5684,498
5685,498
5686,498
5687,498
5688,498
5689,498
5690,498
5691,498
5692,498
5693,498
5694,498
5695,498
5696,498
5697,498
5698,498
5699,498
5700,498
5701,498
5702,498
5703,498
5704,498
5705,498
5706,498
5707,498
5708,498
5709,498
5710,498
5711,498
5712,498
5713,498
5714,498
5715,498
5716,498
5717,498
5718,498
5719,498
5720,498
5721,498
5722,498
5723,498
5724,498
5725,498
5726,498
5727,498
5728,498
5729,498
5730,498
5731,498
5732,498
5733,498
5734,498
5735,498
5736,498
5737,498
5738,498
5739,498
5740,498
5741,498
5742,498
5743,498
5744,498
5745,498
5746,498
5747,498
5748,498
5749,498
5750,498
5751,498
5752,498
5753,498
5754,498
5755,498
5756,498
5757,498
5758,498
5759,498
5760,498
5761,498
5762,498
5763,498
5764,498
5765,498
5766,498
5767,498
5768,498
5769,498
5770,498
5771,498
5772,498
5773,498
5774,498
5775,498
5776,498
5777,498
5778,498
5779,498
5780,498
5781,498
5782,498
5783,498
5784,498
5785,498
5786,498
5787,498
5788,498
5789,498
5790,498
5791,498
5792,498
5793,498
5794,498
5795,498
5796,498
5797,498
5798,498
5799,498
5800,498
5801,498
5802,498
5803,498
5804,498
5805,498
5806,498
5807,498
5808,498
5809,498
5810,498
5811,498
5812,498
5813,498
5814,498
5815,498
5816,498
5817,498
5818,498
5819,498
5820,498
5821,498
5822,498
5823,498
5824,498
5825,498
5826,498
5827,498
5828,498
5829,498
5830,498
5831,498
5832,498
5833,498
5834,498
5835,498
5836,498
5837,498
5838,498
5839,498
5840,498
5841,498
5842,498
5843,498
5844,498
5845,498
5846,498
5847,498
5848,498
5849,498
5850,498
5851,498
5852,498
5853,498
5854,498
5855,498
5856,498
5857,498
5858,498
5859,498
5860,498
5861,498
5862,498
5863,498
5864,498
5865,498
5866,498
5867,498
5868,498
5869,498
5870,498
5871,498
5872,498
5873,498
5874,498
5875,498
5876,498
5877,498
5878,498
5879,498
5880,498
5881,498
5882,498
5883,498
5884,498
5885,498
5886,498
5887,498
5888,498
5889,498
5890,498
5891,498
5892,498
5893,498
5894,498
5895,498
5896,498
5897,498
5898,498
5899,498
5900,498
5901,498
5902,498
5903,498
5904,498
5905,498
5906,498
5907,498
5908,498
5909,498
5910,498
5911,498
5912,498
5913,498
5914,498
5915,498
5916,498
5917,498
5918,498
5919,498
5920,498
5921,498
5922,498
5923,498
5924,498
5925,498
5926,498
5927,498
5928,498
5929,498
5930,498
5931,498
5932,498
5933,498
5934,498
5935,498
5936,498
5937,498
5938,498
5939,498
5940,498
5941,498
5942,498
5943,498
5944,498
5945,498
5946,498
5947,498
5948,498
5949,498
5950,498
5951,498
5952,498
5953,498
5954,498
5955,498
5956,498
5957,498
5958,498
5959,498
5960,498
5961,498
5962,498
5963,498
5964,498
5965,498
5966,498
5967,498
5968,498
5969,498
5970,498
5971,498
5972,498
5973,498
5974,498
5975,498
5976,498
5977,498
5978,498
5979,498
5980,498
5981,498
5982,498
5983,498
5984,498
5985,498
5986,498
5987,498
5988,498
5989,498
5990,498
5991,498
5992,498
5993,498
5994,498
5995,498
5996,498
5997,498
5998,498
5999,498
6000,498
6001,498
6002,498
6003,498
6004,498
6005,498
6006,498
6007,498
6008,498
6009,498
6010,498
6011,498
6012,498
6013,498
6014,498
6015,498
6016,498
6017,498
6018,498
6019,498
6020,498
6021,498
6022,498
6023,498
6024,498
6025,498
6026,498
6027,498
6028,498
6029,498
6030,498
6031,498
6032,498
6033,498
6034,498
6035,498
6036,498
6037,498
6038,498
6039,498
6040,498
6041,498
6042,498
6043,498
6044,498
6045,498
6046,498
6047,498
6048,498
6049,498
6050,498
6051,498
6052,498
6053,498
6054,498
6055,498
6056,498
6057,498
6058,498
6059,498
6060,498
6061,498
6062,498
6063,498
6064,498
6065,498
6066,498
6067,498
6068,498
6069,498
6070,498
6071,498
6072,498
6073,498
6074,498
6075,498
6076,498
6077,498
6078,498
6079,498
6080,498
6081,498
6082,498
6083,498
6084,498
6085,498
6086,498
6087,498
6088,498
6089,498
6090,498
6091,498
6092,498
6093,498
6094,498
6095,498
6096,498
6097,498
6098,498
6099,498
6100,498
6101,498
6102,498
6103,498
6104,498
6105,498
6106,498
6107,498
6108,498
6109,498
6110,498
6111,498
6112,498
6113,498
6114,498
6115,498
6116,498
6117,498
6118,498
6119,498
6120,498
6121,498
6122,498
6123,498
6124,498
6125,498
6126,498
6127,498
6128,498
6129,498
6130,498
6131,498
6132,498
6133,498
6134,498
6135,498
6136,498
6137,498
6138,498
6139,498
6140,498
6141,498
6142,498
6143,498
6144,498
6145,498
6146,498
6147,498
6148,498
6149,498
6150,498
6151,498
6152,498
6153,498
6154,498
6155,498
6156,498
6157,498
6158,498
6159,498
6160,498
6161,498
6162,498
6163,498
6164,498
6165,498
6166,498
6167,498
6168,498
6169,498
6170,498
6171,498
6172,498
6173,498
6174,498
6175,498
6176,498
6177,498
6178,498
6179,498
6180,498
6181,498
6182,498
6183,498
6184,498
6185,498
6186,498
6187,498
6188,498
6189,498
6190,498
6191,498
6192,498
6193,498
6194,498
6195,498
6196,498
6197,498
6198,498
6199,498
6200,498
6201,498
6202,498
6203,498
6204,498
6205,498
6206,498
6207,498
6208,498
6209,498
6210,498
6211,498
6212,498
6213,498
6214,498
6215,498
6216,498
6217,498
6218,498
6219,498
6220,498
6221,498
6222,498
6223,498
6224,498
6225,498
6226,498
6227,498
6228,498
6229,498
6230,498
6231,498
6232,498
6233,498
6234,498
6235,498
6236,498
6237,498
6238,498
6239,498
6240,498
6241,498
6242,498
6243,498
6244,498
6245,498
6246,498
6247,498
6248,498
6249,498
6250,498
6251,498
6252,498
6253,498
6254,498
6255,498
6256,498
6257,498
6258,498
6259,498
6260,498
6261,498
6262,498
6263,498
6264,498
6265,498
6266,498
6267,498
6268,498
6269,498
6270,498
6271,498
6272,498
6273,498
6274,498
6275,498
6276,498
6277,498
6278,498
6279,498
6280,498
6281,498
6282,498
6283,498
6284,498
6285,498
6286,498
6287,498
6288,498
6289,498
6290,498
6291,498
6292,498
6293,498
6294,498
6295,498
6296,498
6297,498
6298,498
6299,498
6300,498
6301,498
6302,498
6303,498
6304,498
6305,498
6306,498
6307,498
6308,498
6309,498
6310,498
6311,498
6312,498
6313,498
6314,498
6315,498
6316,498
6317,498
6318,498
6319,498
6320,498
6321,498
6322,498
6323,498
6324,498
6325,498
6326,498
6327,498
6328,498
6329,498
6330,498
6331,498
6332,498
6333,498
6334,498
6335,498
6336,498
6337,498
6338,498
6339,498
6340,498
6341,498
6342,498
6343,498
6344,498
6345,498
6346,498
6347,498
6348,498
6349,498
6350,498
6351,498
6352,498
6353,498
6354,498
6355,498
6356,498
6357,498
6358,498
6359,498
6360,498
6361,498
6362,498
6363,498
6364,498
6365,498
6366,498
6367,498
6368,498
6369,498
6370,498
6371,498
6372,498
6373,498
6374,498
6375,498
6376,498
6377,498
6378,498
6379,498
6380,498
6381,498
6382,498
6383,498
6384,498
6385,498
6386,498
6387,498
6388,498
6389,498
6390,498
6391,498
6392,498
6393,498
6394,498
6395,498
6396,498
6397,498
6398,498
6399,498
6400,498
6401,498
6402,498
6403,498
6404,498
6405,498
6406,498
6407,498
6408,498
6409,498
6410,498
6411,498
6412,498
6413,498
6414,498
6415,498
6416,498
6417,498
6418,498
6419,498
6420,498
6421,498
6422,498
6423,498
6424,498
6425,498
6426,498
6427,498
6428,498
6429,498
6430,498
6431,498
6432,498
6433,498
6434,498
6435,498
6436,498
6437,498
6438,498
6439,498
6440,498
6441,498
6442,498
6443,498
6444,498
6445,498
6446,498
6447,498
6448,498
6449,498
6450,498
6451,498
6452,498
6453,498
6454,498
6455,498
6456,498
6457,498
6458,498
6459,498
6460,498
6461,498
6462,498
6463,498
6464,498
6465,498
6466,498
6467,498
6468,498
6469,498
6470,498
6471,498
6472,498
6473,498
6474,498
6475,498
6476,498
6477,498
6478,498
6479,498
6480,498
6481,498
6482,498
6483,498
6484,498
6485,498
6486,498
6487,498
6488,498
6489,498
6490,498
6491,498
6492,498
6493,498
6494,498
6495,498
6496,498
6497,498
6498,498
6499,498
6500,498
6501,498
6502,498
6503,498
6504,498
6505,498
6506,498
6507,498
6508,498
6509,498
6510,498
6511,498
6512,498
6513,498
6514,498
6515,498
6516,498
6517,498
6518,498
6519,498
6520,498
6521,498
6522,498
6523,498
6524,498
6525,498
6526,498
6527,499
6528,499
6529,499
6530,499
6531,499
6532,499
6533,499
6534,499
6535,499
6536,499
6537,499
6538,499
6539,499
6540,499
6541,499
6542,499
6543,499
6544,499
6545,500
