0,0
1,1
2,2
3,3
4,4
5,5
6,6
7,7
8,8
9,8
10,9
11,10
12,11
13,12
14,13
15,14
16,15
17,15
18,16
19,17
20,17
21,18
22,18
23,19
24,20
25,21
26,21
27,22
28,22
29,23
30,24
31,25
32,26
33,27
34,28
35,28
36,29
37,30
38,31
39,32
40,33
41,33
42,34
43,35
44,36
45,37
46,38
47,38
48,38
49,39
50,40
51,41
52,42
53,43
54,44
55,45
56,46
57,47
58,48
59,48
60,49
61,49
62,50
63,50
64,50
65,50
66,50
67,51
68,52
69,52
70,52
71,53
72,54
73,54
74,54
75,54
76,55
77,56
78,57
79,57
80,57
81,58
82,59
83,60
84,60
85,61
86,61
87,62
88,63
89,64
90,65
91,66
92,67
93,67
94,68
95,69
96,70
97,71
98,72
99,72
100,73
101,74
102,75
103,76
104,77
105,78
106,79
107,80
108,81
109,81
110,82
111,83
112,84
113,85
114,86
115,87
116,87
117,88
118,88
119,88
120,88
121,88
122,88
123,89
124,90
125,91
126,91
127,92
128,92
129,92
130,93
131,94
132,95
133,96
134,96
135,96
136,96
137,96
138,96
139,96
140,97
141,97
142,98
143,98
144,98
145,98
146,98
147,98
148,99
149,100
150,100
151,100
152,101
153,102
154,102
155,102
156,102
157,102
158,103
159,103
160,103
161,104
162,104
163,104
164,104
165,104
166,104
167,104
168,105
169,106
170,106
171,106
172,106
173,106
174,106
175,106
176,107
177,108
178,109
179,109
180,109
181,109
182,109
183,109
184,109
185,110
186,110
187,110
188,111
189,111
190,111
191,111
192,112
193,112
194,113
195,114
196,115
197,116
198,117
199,118
200,119
201,119
202,120
203,120
204,121
205,122
206,123
207,124
208,125
209,126
210,127
211,128
212,129
213,130
214,130
215,131
216,131
217,131
218,132
219,133
220,134
221,135
222,136
223,136
224,137
225,138
226,139
227,139
228,139
229,140
230,141
231,141
232,142
233,143
234,143
235,144
236,145
237,145
238,146
239,147
240,148
241,149
242,150
243,151
244,152
245,153
246,154
247,155
248,156
249,156
250,157
251,158
252,159
253,160
254,161
255,162
256,163
257,164
258,164
259,164
260,165
261,166
262,166
263,167
264,168
265,168
266,169
267,170
268,171
269,172
270,172
271,172
272,173
273,173
274,174
275,175
276,176
277,177
278,178
279,179
280,179
281,180
282,180
283,181
284,182
285,183
286,183
287,184
288,185
289,186
290,187
291,188
292,189
293,189
294,189
295,190
296,190
297,191
298,192
299,192
300,192
301,193
302,193
303,193
304,193
305,194
306,195
307,195
308,195
309,195
310,195
311,196
312,196
313,196
314,197
315,197
316,198
317,198
318,199
319,200
320,200
321,201
322,202
323,203
324,204
325,205
326,206
327,207
328,208
329,208
330,209
331,210
332,210
333,211
334,212
335,213
336,213
337,214
338,214
339,215
340,216
341,217
342,218
343,218
344,218
345,218
346,218
347,218
348,218
349,219
350,219
351,220
352,220
353,221
354,221
355,221
356,221
357,222
358,222
359,222
360,222
361,222
362,222
363,222
364,222
365,222
366,223
367,223
368,223
369,223
370,223
371,223
372,223
373,223
374,223
375,223
376,223
377,223
378,223
379,223
380,224
381,225
382,226
383,226
384,227
385,227
386,227
387,228
388,229
389,229
390,229
391,229
392,229
393,229
394,230
395,230
396,230
397,230
398,230
399,231
400,232
401,232
402,233
403,233
404,234
405,234
406,235
407,235
408,236
409,237
410,238
411,239
412,240
413,241
414,242
415,243
416,243
417,243
418,244
419,244
420,244
421,244
422,245
423,246
424,246
425,246
426,246
427,246
428,247
429,247
430,247
431,247
432,248
433,248
434,248
435,248
436,248
437,248
438,249
439,250
440,251
441,251
442,251
443,251
444,252
445,252
446,252
447,252
448,252
449,252
450,252
451,252
452,253
453,254
454,254
455,254
456,254
457,254
458,254
459,254
460,254
461,254
462,254
463,254
464,254
465,254
466,254
467,254
468,254
469,254
470,254
471,254
472,255
473,255
474,255
475,255
476,255
477,255
478,256
479,256
480,256
481,256
482,256
483,256
484,257
485,257
486,257
487,257
488,257
489,258
490,258
491,259
492,259
493,259
494,260
495,260
496,260
497,260
498,260
499,261
500,261
501,261
502,261
503,261
504,261
505,261
506,262
507,262
508,262
509,263
510,263
511,263
512,263
513,263
514,263
515,263
516,263
517,263
518,264
519,264
520,264
521,264
522,265
523,266
524,267
525,268
526,268
527,268
528,268
529,269
530,269
531,269
532,270
533,270
534,271
535,272
536,272
537,272
538,272
539,272
540,272
541,272
542,272
543,272
544,272
545,272
546,272
547,272
548,272
549,272
550,272
551,272
552,272
553,273
554,273
555,273
556,273
557,273
558,273
559,273
560,273
561,273
562,273
563,273
564,273
565,273
566,273
567,273
568,273
569,273
570,273
571,273
572,273
573,273
574,273
575,274
576,274
577,274
578,274
579,274
580,274
581,274
582,274
583,274
584,274
585,274
586,275
587,275
588,275
589,275
590,275
591,275
592,275
593,275
594,275
595,275
596,275
597,275
598,275
599,275
600,275
601,275
602,275
603,275
604,275
605,275
606,275
607,275
608,275
609,275
610,275
611,275
612,275
613,275
614,275
615,275
616,275
617,275
618,275
619,275
620,275
621,275
622,276
623,276
624,276
625,276
626,276
627,276
628,276
629,276
630,276
631,276
632,276
633,276
634,276
635,276
636,276
637,276
638,276
639,276
640,276
641,276
642,276
643,276
644,276
645,276
646,276
647,276
648,276
649,276
650,276
651,276
652,276
653,276
654,276
655,276
656,276
657,276
658,276
659,276
660,277
661,277
662,277
663,277
664,277
665,277
666,277
667,277
668,278
669,278
670,278
671,278
672,278
673,278
674,278
675,279
676,280
677,280
678,280
679,280
680,280
681,280
682,280
683,280
684,280
685,280
686,280
687,280
688,280
689,280
690,280
691,280
692,280
693,280
694,280
695,280
696,280
697,281
698,281
699,281
700,282
701,282
702,282
703,282
704,282
705,282
706,282
707,282
708,282
709,282
710,282
711,283
712,283
713,283
714,283
715,283
716,283
717,283
718,283
719,283
720,283
721,283
722,283
723,283
724,283
725,283
726,283
727,283
728,283
729,283
730,283
731,284
732,284
733,284
734,284
735,285
736,286
737,286
738,286
739,287
740,287
741,287
742,287
743,288
744,288
745,288
746,288
747,288
748,288
749,289
750,290
751,290
752,291
753,292
754,293
755,294
756,295
757,296
758,296
759,297
760,298
761,299
762,300
763,301
764,302
765,303
766,304
767,305
768,306
769,307
770,308
771,309
772,310
773,311
774,312
775,313
776,314
777,315
778,316
779,316
780,317
781,317
782,318
783,319
784,320
785,320
786,320
787,320
788,321
789,321
790,322
791,322
792,323
793,323
794,323
795,324
796,325
797,325
798,326
799,326
800,326
801,326
802,326
803,327
804,327
805,327
806,327
807,328
808,329
809,329
810,330
811,331
812,331
813,331
814,331
815,331
816,332
817,332
818,333
819,333
820,333
821,333
822,334
823,334
824,334
825,334
826,335
827,336
828,337
829,338
830,338
831,338
832,338
833,338
834,338
835,338
836,338
837,339
838,340
839,341
840,341
841,341
842,341
843,341
844,342
845,342
846,342
847,343
848,344
849,345
850,346
851,347
852,348
853,349
854,350
855,350
856,351
857,351
858,351
859,351
860,351
861,352
862,352
863,352
864,353
865,353
866,354
867,355
868,355
869,355
870,356
871,357
872,358
873,359
874,360
875,360
876,360
877,360
878,361
879,362
880,362
881,362
882,362
883,362
884,362
885,363
886,363
887,363
888,363
889,363
890,363
891,364
892,364
893,365
894,366
895,366
896,366
897,366
898,366
899,367
900,367
901,367
902,367
903,367
904,367
905,367
906,367
907,367
908,367
909,367
910,367
911,367
912,367
913,367
914,367
915,367
916,367
917,367
918,367
919,367
920,367
921,368
922,368
923,369
924,369
925,369
926,369
927,369
928,370
929,370
930,370
931,370
932,370
933,370
934,370
935,370
936,370
937,370
938,370
939,370
940,370
941,370
942,370
943,370
944,370
945,370
946,370
947,370
948,370
949,370
950,370
951,370
952,370
953,370
954,370
955,370
956,370
957,370
958,370
959,370
960,370
961,370
962,370
963,371
964,372
965,373
966,374
967,375
968,375
969,375
970,375
971,375
972,375
973,375
974,376
975,376
976,376
977,376
978,377
979,377
980,377
981,377
982,377
983,377
984,378
985,378
986,378
987,378
988,378
989,378
990,379
991,379
992,379
993,379
994,379
995,379
996,379
997,379
998,379
999,379
1000,379
1001,379
1002,379
1003,379
1004,379
1005,379
1006,379
1007,379
1008,379
1009,379
1010,379
1011,379
1012,379
1013,379
1014,379
1015,379
1016,379
1017,379
1018,379
1019,379
1020,379
1021,379
1022,380
1023,380
1024,380
1025,380
1026,380
1027,380
1028,380
1029,380
1030,380
1031,380
1032,380
1033,380
1034,380
1035,380
1036,380
1037,380
1038,380
1039,380
1040,380
1041,380
1042,380
1043,380
1044,380
1045,380
1046,380
1047,380
1048,380
1049,380
1050,380
1051,380
1052,380
1053,380
1054,381
1055,381
1056,381
1057,382
1058,382
1059,382
1060,382
1061,382
1062,382
1063,382
1064,382
1065,382
1066,382
1067,382
1068,382
1069,382
1070,383
1071,383
1072,383
1073,383
1074,383
1075,383
1076,383
1077,383
1078,383
1079,383
1080,383
1081,383
1082,383
1083,383
1084,383
1085,383
1086,383
1087,383
1088,383
1089,383
1090,383
1091,383
1092,383
1093,383
1094,383
1095,383
1096,383
1097,383
1098,383
1099,383
1100,383
1101,383
1102,383
1103,384
1104,384
1105,384
1106,384
1107,385
1108,386
1109,386
1110,386
1111,386
1112,386
1113,386
1114,386
1115,387
1116,388
1117,389
1118,389
1119,389
1120,389
1121,389
1122,390
1123,390
1124,390
1125,390
1126,390
1127,390
1128,390
1129,390
1130,390
1131,390
1132,390
1133,391
1134,391
1135,391
1136,391
1137,391
1138,392
1139,393
1140,393
1141,394
1142,394
1143,395
1144,396
1145,397
1146,398
1147,399
1148,399
1149,399
1150,399
1151,399
1152,400
1153,401
1154,401
1155,401
1156,401
1157,401
1158,401
1159,402
1160,402
1161,403
1162,403
1163,403
1164,403
1165,404
1166,405
1167,405
1168,406
1169,406
1170,407
1171,408
1172,409
1173,409
1174,409
1175,409
1176,409
1177,409
1178,409
1179,409
1180,409
1181,409
1182,409
1183,409
1184,410
1185,410
1186,410
1187,410
1188,410
1189,410
1190,410
1191,410
1192,410
1193,410
1194,410
1195,411
1196,412
1197,412
1198,413
1199,414
1200,414
1201,414
1202,415
1203,415
1204,415
1205,415
1206,415
1207,415
1208,415
1209,415
1210,415
1211,416
1212,417
1213,417
1214,418
1215,418
1216,418
1217,418
1218,418
1219,418
1220,418
1221,419
1222,419
1223,419
1224,420
1225,420
1226,420
1227,420
1228,420
1229,420
1230,420
1231,420
1232,420
1233,420
1234,420
1235,420
1236,420
1237,420
1238,420
1239,421
1240,421
1241,421
1242,421
1243,421
1244,422
1245,422
1246,422
1247,422
1248,422
1249,423
1250,423
1251,423
1252,424
1253,424
1254,425
1255,425
1256,425
1257,425
1258,426
1259,426
1260,426
1261,427
1262,427
1263,428
1264,428
1265,429
1266,430
1267,430
1268,430
1269,431
1270,431
1271,431
1272,432
1273,432
1274,433
1275,434
1276,434
1277,434
1278,434
1279,434
1280,434
1281,434
1282,434
1283,434
1284,434
1285,434
1286,434
1287,434
1288,434
1289,434
1290,434
1291,434
1292,434
1293,434
1294,434
1295,434
1296,435
1297,435
1298,435
1299,435
1300,435
1301,435
1302,435
1303,435
1304,435
1305,435
1306,435
1307,436
1308,436
1309,436
1310,436
1311,436
1312,436
1313,437
1314,437
1315,438
1316,438
1317,438
1318,438
1319,438
1320,438
1321,439
1322,439
1323,440
1324,440
1325,440
1326,440
1327,440
1328,440
1329,440
1330,440
1331,440
1332,440
1333,440
1334,440
1335,441
1336,441
1337,441
1338,441
1339,441
1340,441
1341,441
1342,441
1343,441
1344,441
1345,442
1346,443
1347,443
1348,444
1349,445
1350,446
1351,446
1352,446
1353,446
1354,447
1355,447
1356,447
1357,447
1358,447
1359,448
1360,448
1361,448
1362,448
1363,448
1364,448
1365,448
1366,448
1367,448
1368,448
1369,448
1370,448
1371,448
1372,448
1373,448
1374,448
1375,449
1376,449
1377,449
1378,449
1379,449
1380,449
1381,449
1382,449
1383,450
1384,450
1385,450
1386,450
1387,450
1388,450
1389,450
1390,450
1391,451
1392,451
1393,452
1394,452
1395,452
1396,452
1397,452
1398,452
1399,452
1400,452
1401,452
1402,452
1403,452
1404,452
1405,452
1406,452
1407,452
1408,452
1409,452
1410,452
1411,452
1412,452
1413,452
1414,452
1415,452
1416,452
1417,452
1418,452
1419,452
1420,452
1421,452
1422,452
1423,452
1424,452
1425,452
1426,452
1427,452
1428,452
1429,452
1430,452
1431,452
1432,452
1433,452
1434,452
1435,452
1436,452
1437,452
1438,452
1439,452
1440,452
1441,452
1442,452
1443,452
1444,452
1445,452
1446,452
1447,452
1448,452
1449,452
1450,452
1451,452
1452,453
1453,453
1454,453
1455,453
1456,453
1457,453
1458,453
1459,453
1460,453
1461,453
1462,453
1463,453
1464,453
1465,453
1466,453
1467,453
1468,453
1469,453
1470,453
1471,453
1472,453
1473,453
1474,453
1475,453
1476,453
1477,453
1478,453
1479,453
1480,453
1481,453
1482,453
1483,453
1484,453
1485,453
1486,453
1487,453
1488,453
1489,453
1490,453
1491,453
1492,453
1493,453
1494,453
1495,453
1496,453
1497,453
1498,453
1499,453
1500,453
1501,453
1502,453
1503,453
1504,453
1505,453
1506,453
1507,453
1508,453
1509,453
1510,453
1511,453
1512,453
1513,453
1514,453
1515,453
1516,453
1517,453
1518,453
1519,453
1520,453
1521,453
1522,453
1523,453
1524,453
1525,453
1526,453
1527,453
1528,453
1529,453
1530,453
1531,453
1532,453
1533,453
1534,453
1535,453
1536,453
1537,453
1538,453
1539,453
1540,453
1541,453
1542,453
1543,453
1544,453
1545,453
1546,453
1547,453
1548,453
1549,453
1550,453
1551,453
1552,453
1553,453
1554,453
1555,453
1556,453
1557,453
1558,453
1559,453
1560,453
1561,453
1562,453
1563,453
1564,453
1565,453
1566,453
1567,453
1568,453
1569,453
1570,453
1571,453
1572,453
1573,453
1574,453
1575,453
1576,453
1577,453
1578,453
1579,453
1580,453
1581,453
1582,453
1583,453
1584,453
1585,453
1586,453
1587,453
1588,453
1589,453
1590,453
1591,453
1592,453
1593,453
1594,453
1595,453
1596,453
1597,453
1598,453
1599,453
1600,453
1601,453
1602,453
1603,453
1604,453
1605,453
1606,453
1607,453
1608,453
1609,453
1610,453
1611,453
1612,453
1613,453
1614,453
1615,453
1616,453
1617,453
1618,453
1619,453
1620,453
1621,453
1622,453
1623,453
1624,453
1625,453
1626,453
1627,453
1628,453
1629,454
1630,454
1631,454
1632,454
1633,454
1634,454
1635,454
1636,454
1637,454
1638,454
1639,454
1640,454
1641,454
1642,454
1643,454
1644,454
1645,454
1646,454
1647,454
1648,454
1649,454
1650,454
1651,454
1652,454
1653,454
1654,454
1655,454
1656,454
1657,454
1658,454
1659,454
1660,454
1661,454
1662,454
1663,454
1664,454
1665,454
1666,454
1667,454
1668,454
1669,454
1670,454
1671,454
1672,454
1673,454
1674,454
1675,454
1676,454
1677,454
1678,454
1679,454
1680,454
1681,454
1682,454
1683,454
1684,454
1685,454
1686,454
1687,454
1688,454
1689,454
1690,454
1691,454
1692,454
1693,454
1694,454
1695,454
1696,454
1697,454
1698,454
1699,454
1700,454
1701,454
1702,454
1703,454
1704,455
1705,456
1706,456
1707,457
1708,457
1709,457
1710,457
1711,457
1712,457
1713,457
1714,457
1715,457
1716,457
1717,457
1718,457
1719,457
1720,457
1721,457
1722,457
1723,457
1724,457
1725,457
1726,457
1727,457
1728,457
1729,457
1730,457
1731,457
1732,457
1733,457
1734,457
1735,457
1736,457
1737,457
1738,457
1739,457
1740,457
1741,457
1742,457
1743,457
1744,457
1745,457
1746,457
1747,457
1748,457
1749,457
1750,457
1751,457
1752,457
1753,457
1754,457
1755,457
1756,457
1757,457
1758,457
1759,457
1760,457
1761,457
1762,457
1763,457
1764,457
1765,457
1766,457
1767,457
1768,457
1769,457
1770,457
1771,457
1772,457
1773,457
1774,457
1775,457
1776,457
1777,457
1778,457
1779,457
1780,457
1781,457
1782,457
1783,457
1784,457
1785,457
1786,457
1787,457
1788,457
1789,457
1790,457
1791,457
1792,457
1793,457
1794,457
1795,457
1796,457
1797,457
1798,457
1799,457
1800,457
1801,457
1802,457
1803,457
1804,457
1805,457
1806,457
1807,457
1808,457
1809,457
1810,457
1811,457
1812,457
1813,457
1814,457
1815,457
1816,457
1817,457
1818,457
1819,457
1820,457
1821,457
1822,457
1823,458
1824,458
1825,458
1826,458
1827,458
1828,458
1829,458
1830,458
1831,458
1832,458
1833,458
1834,458
1835,458
1836,458
1837,458
1838,458
1839,458
1840,458
1841,458
1842,459
1843,459
1844,459
1845,459
1846,459
1847,459
1848,459
1849,459
1850,459
1851,459
1852,459
1853,459
1854,459
1855,459
1856,459
1857,459
1858,460
1859,460
1860,461
1861,461
1862,461
1863,462
1864,462
1865,462
1866,462
1867,462
1868,462
1869,462
1870,462
1871,462
1872,462
1873,462
1874,462
1875,462
1876,462
1877,462
1878,462
1879,462
1880,462
1881,462
1882,462
1883,462
1884,463
1885,464
1886,464
1887,464
1888,464
1889,464
1890,464
1891,464
1892,464
1893,464
1894,464
1895,464
1896,464
1897,464
1898,464
1899,464
1900,464
1901,464
1902,464
1903,464
1904,464
1905,464
1906,464
1907,464
1908,464
1909,464
1910,464
1911,465
1912,465
1913,466
1914,466
1915,466
1916,466
1917,466
1918,466
1919,467
1920,467
1921,467
1922,467
1923,467
1924,467
1925,468
1926,468
1927,468
1928,468
1929,468
1930,468
1931,468
1932,468
1933,468
1934,468
1935,468
1936,468
1937,468
1938,468
1939,468
1940,468
1941,468
1942,468
1943,468
1944,468
1945,468
1946,468
1947,468
1948,468
1949,468
1950,468
1951,468
1952,468
1953,468
1954,468
1955,468
1956,468
1957,469
1958,469
1959,469
1960,469
1961,469
1962,469
1963,469
1964,469
1965,469
1966,469
1967,469
1968,469
1969,469
1970,469
1971,469
1972,469
1973,469
1974,469
1975,469
1976,469
1977,469
1978,469
1979,469
1980,469
1981,469
1982,469
1983,469
1984,469
1985,469
1986,469
1987,469
1988,469
1989,469
1990,469
1991,469
1992,469
1993,469
1994,469
1995,469
1996,469
1997,469
1998,469
1999,469
2000,469
2001,469
2002,469
2003,469
2004,469
2005,469
2006,469
2007,469
2008,469
2009,469
2010,469
2011,469
2012,469
2013,469
2014,469
2015,469
2016,469
2017,469
2018,469
2019,469
2020,469
2021,469
2022,469
2023,469
2024,469
2025,469
2026,469
2027,469
2028,469
2029,469
2030,469
2031,469
2032,469
2033,469
2034,469
2035,469
2036,469
2037,469
2038,469
2039,470
2040,470
2041,470
2042,470
2043,470
2044,470
2045,470
2046,470
2047,470
2048,470
2049,470
2050,470
2051,470
2052,470
2053,470
2054,470
2055,470
2056,470
2057,470
2058,470
2059,470
2060,470
2061,470
2062,470
2063,470
2064,470
2065,470
2066,470
2067,470
2068,470
2069,470
2070,470
2071,470
2072,470
2073,470
2074,470
2075,470
2076,470
2077,470
2078,471
2079,471
2080,471
2081,471
2082,471
2083,471
2084,471
2085,471
2086,471
2087,471
2088,471
2089,471
2090,472
2091,472
2092,472
2093,473
2094,473
2095,473
2096,473
2097,473
2098,473
2099,473
2100,473
2101,473
2102,473
2103,473
2104,473
2105,473
2106,473
2107,473
2108,473
2109,473
2110,473
2111,473
2112,473
2113,473
2114,473
2115,473
2116,473
2117,473
2118,473
2119,473
2120,473
2121,473
2122,473
2123,473
2124,473
2125,473
2126,473
2127,473
2128,473
2129,473
2130,473
2131,473
2132,473
2133,473
2134,473
2135,473
2136,473
2137,473
2138,473
2139,473
2140,473
2141,473
2142,473
2143,473
2144,473
2145,473
2146,473
2147,473
2148,473
2149,473
2150,473
2151,473
2152,473
2153,473
2154,474
2155,474
2156,474
2157,474
2158,474
2159,474
2160,474
2161,474
2162,474
2163,474
2164,474
2165,474
2166,474
2167,474
2168,474
2169,474
2170,474
2171,474
2172,474
2173,474
2174,474
2175,475
2176,475
2177,475
2178,475
2179,475
2180,475
2181,475
2182,475
2183,475
2184,475
2185,475
2186,475
2187,475
2188,475
2189,475
2190,475
2191,475
2192,475
2193,475
2194,475
2195,475
2196,475
2197,476
2198,476
2199,476
2200,476
2201,476
2202,476
2203,476
2204,476
2205,476
2206,476
2207,476
2208,476
2209,476
2210,476
2211,476
2212,476
2213,476
2214,476
2215,476
2216,476
2217,476
2218,476
2219,476
2220,476
2221,476
2222,476
2223,476
2224,476
2225,476
2226,476
2227,476
2228,476
2229,476
2230,476
2231,476
2232,476
2233,476
2234,476
2235,476
2236,476
2237,476
2238,476
2239,476
2240,476
2241,476
2242,476
2243,476
2244,476
2245,476
2246,476
2247,476
2248,476
2249,476
2250,476
2251,476
2252,476
2253,476
2254,476
2255,476
2256,476
2257,476
2258,476
2259,476
2260,476
2261,476
2262,476
2263,476
2264,476
2265,476
2266,476
2267,476
2268,476
2269,476
2270,476
2271,476
2272,476
2273,476
2274,476
2275,476
2276,476
2277,476
2278,476
2279,476
2280,476
2281,476
2282,476
2283,476
2284,476
2285,476
2286,476
2287,476
2288,476
2289,476
2290,476
2291,476
2292,476
2293,476
2294,476
2295,476
2296,476
2297,476
2298,476
2299,476
2300,476
2301,476
2302,476
2303,476
2304,476
2305,476
2306,476
2307,476
2308,476
2309,476
2310,476
2311,476
2312,476
2313,476
2314,476
2315,476
2316,476
2317,476
2318,476
2319,476
2320,476
2321,476
2322,476
2323,476
2324,476
2325,476
2326,476
2327,476
2328,476
2329,476
2330,476
2331,476
2332,476
2333,476
2334,476
2335,476
2336,476
2337,476
2338,476
2339,476
2340,476
2341,476
2342,476
2343,476
2344,476
2345,476
2346,476
2347,477
2348,477
2349,477
2350,477
2351,477
2352,477
2353,477
2354,477
2355,477
2356,477
2357,477
2358,477
2359,477
2360,477
2361,477
2362,477
2363,477
2364,477
2365,477
2366,477
2367,477
2368,477
2369,477
2370,477
2371,477
2372,477
2373,477
2374,477
2375,477
2376,477
2377,477
2378,477
2379,477
2380,477
2381,477
2382,477
2383,477
2384,477
2385,477
2386,477
2387,477
2388,478
2389,478
2390,478
2391,478
2392,478
2393,478
2394,478
2395,478
2396,478
2397,478
2398,479
2399,479
2400,479
2401,479
2402,479
2403,479
2404,479
2405,479
2406,479
2407,479
2408,479
2409,479
2410,479
2411,479
2412,479
2413,479
2414,479
2415,479
2416,479
2417,479
2418,479
2419,479
2420,479
2421,479
2422,479
2423,479
2424,479
2425,479
2426,479
2427,479
2428,479
2429,479
2430,479
2431,479
2432,479
2433,479
2434,479
2435,479
2436,479
2437,479
2438,479
2439,479
2440,479
2441,479
2442,479
2443,479
2444,479
2445,479
2446,479
2447,479
2448,479
2449,479
2450,479
2451,479
2452,479
2453,479
2454,479
2455,480
2456,480
2457,480
2458,480
2459,480
2460,480
2461,480
2462,480
2463,480
2464,480
2465,480
2466,480
2467,480
2468,480
2469,480
2470,480
2471,480
2472,480
2473,480
2474,480
2475,480
2476,480
2477,480
2478,480
2479,480
2480,480
2481,480
2482,480
2483,480
2484,480
2485,480
2486,480
2487,480
2488,480
2489,480
2490,480
2491,480
2492,480
2493,480
2494,480
2495,480
2496,480
2497,480
2498,480
2499,480
2500,480
2501,480
2502,480
2503,480
2504,480
2505,480
2506,480
2507,480
2508,480
2509,480
2510,480
2511,480
2512,480
2513,480
2514,480
2515,480
2516,480
2517,480
2518,480
2519,480
2520,480
2521,480
2522,480
2523,480
2524,480
2525,480
2526,480
2527,480
2528,480
2529,480
2530,480
2531,480
2532,480
2533,480
2534,480
2535,480
2536,480
2537,480
2538,480
2539,480
2540,480
2541,480
2542,480
2543,480
2544,480
2545,480
2546,480
2547,480
2548,480
2549,480
2550,480
2551,480
2552,480
2553,480
2554,480
2555,480
2556,480
2557,480
2558,480
2559,480
2560,480
2561,480
2562,480
2563,480
2564,480
2565,480
2566,480
2567,480
2568,480
2569,480
2570,480
2571,480
2572,480
2573,480
2574,480
2575,480
2576,480
2577,480
2578,480
2579,480
2580,480
2581,480
2582,480
2583,480
2584,480
2585,480
2586,480
2587,480
2588,480
2589,480
2590,480
2591,480
2592,480
2593,480
2594,480
2595,480
2596,480
2597,480
2598,480
2599,480
2600,480
2601,481
2602,481
2603,481
2604,481
2605,481
2606,481
2607,481
2608,481
2609,481
2610,481
2611,481
2612,481
2613,481
2614,481
2615,481
2616,481
2617,481
2618,481
2619,481
2620,481
2621,481
2622,481
2623,481
2624,481
2625,481
2626,481
2627,481
2628,481
2629,481
2630,481
2631,481
2632,481
2633,481
2634,481
2635,481
2636,481
2637,481
2638,481
2639,481
2640,481
2641,481
2642,481
2643,481
2644,481
2645,481
2646,481
2647,481
2648,481
2649,481
2650,481
2651,482
2652,482
2653,482
2654,482
2655,482
2656,482
2657,482
2658,482
2659,482
2660,482
2661,482
2662,482
2663,482
2664,482
2665,482
2666,482
2667,482
2668,482
2669,482
2670,482
2671,482
2672,482
2673,482
2674,482
2675,482
2676,482
2677,482
2678,482
2679,482
2680,482
2681,482
2682,482
2683,482
2684,482
2685,482
2686,482
2687,482
2688,482
2689,482
2690,482
2691,482
2692,482
2693,482
2694,482
2695,482
2696,482
2697,482
2698,482
2699,482
2700,482
2701,482
2702,482
2703,482
2704,482
2705,482
2706,482
2707,482
2708,482
2709,482
2710,482
2711,482
2712,482
2713,482
2714,482
2715,482
2716,482
2717,482
2718,482
2719,482
2720,482
2721,482
2722,482
2723,482
2724,482
2725,482
2726,482
2727,482
2728,482
2729,482
2730,482
2731,482
2732,482
2733,482
2734,482
2735,483
2736,483
2737,483
2738,483
2739,483
2740,483
2741,483
2742,483
2743,483
2744,483
2745,483
2746,483
2747,483
2748,483
2749,483
2750,483
2751,483
2752,483
2753,483
2754,483
2755,483
2756,483
2757,483
2758,483
2759,483
2760,483
2761,483
2762,483
2763,483
2764,483
2765,483
2766,483
2767,483
2768,483
2769,483
2770,483
2771,483
2772,483
2773,483
2774,483
2775,483
2776,483
2777,483
2778,483
2779,483
2780,483
2781,483
2782,483
2783,483
2784,483
2785,483
2786,483
2787,483
2788,483
2789,483
2790,483
2791,483
2792,483
2793,483
2794,483
2795,483
2796,483
2797,483
2798,483
2799,483
2800,483
2801,483
2802,483
2803,483
2804,483
2805,483
2806,483
2807,483
2808,483
2809,483
2810,483
2811,483
2812,483
2813,483
2814,483
2815,483
2816,483
2817,483
2818,483
2819,483
2820,483
2821,483
2822,483
2823,483
2824,483
2825,483
2826,483
2827,483
2828,483
2829,483
2830,483
2831,483
2832,483
2833,483
2834,483
2835,483
2836,483
2837,483
2838,483
2839,483
2840,483
2841,483
2842,483
2843,483
2844,483
2845,483
2846,483
2847,483
2848,483
2849,483
2850,483
2851,483
2852,483
2853,483
2854,483
2855,483
2856,483
2857,483
2858,483
2859,483
2860,483
2861,483
2862,483
2863,483
2864,483
2865,483
2866,483
2867,483
2868,483
2869,483
2870,483
2871,483
2872,483
2873,483
2874,483
2875,483
2876,483
2877,483
2878,483
2879,483
2880,483
2881,483
2882,483
2883,483
2884,483
2885,483
2886,483
2887,483
2888,483
2889,483
2890,483
2891,483
2892,483
2893,483
2894,483
2895,483
2896,483
2897,483
2898,483
2899,483
2900,483
2901,483
2902,483
2903,483
2904,483
2905,483
2906,483
2907,483
2908,483
2909,483
2910,483
2911,483
2912,483
2913,483
2914,483
2915,483
2916,483
2917,483
2918,483
2919,483
2920,483
2921,483
2922,483
2923,483
2924,483
2925,483
2926,483
2927,483
2928,483
2929,483
2930,483
2931,483
2932,483
2933,483
2934,483
2935,483
2936,483
2937,483
2938,483
2939,483
2940,483
2941,483
2942,483
2943,483
2944,483
2945,483
2946,483
2947,483
2948,483
2949,483
2950,483
2951,483
2952,483
2953,483
2954,483
2955,483
2956,483
2957,483
2958,483
2959,483
2960,483
2961,483
2962,483
2963,483
2964,483
2965,483
2966,483
2967,483
2968,483
2969,483
2970,483
2971,483
2972,483
2973,483
2974,483
2975,483
2976,483
2977,483
2978,483
2979,483
2980,483
2981,483
2982,483
2983,483
2984,483
2985,483
2986,483
2987,483
2988,483
2989,483
2990,483
2991,483
2992,483
2993,483
2994,483
2995,483
2996,483
2997,483
2998,483
2999,483
3000,483
3001,483
3002,483
3003,483
3004,483
3005,483
3006,483
3007,483
3008,483
3009,483
3010,483
3011,483
3012,483
3013,483
3014,483
3015,483
3016,483
3017,483
3018,483
3019,483
3020,483
3021,483
3022,483
3023,483
3024,483
3025,483
3026,483
3027,483
3028,483
3029,483
3030,483
3031,483
3032,483
3033,483
3034,483
3035,483
3036,483
3037,483
3038,483
3039,483
3040,483
3041,483
3042,483
3043,483
3044,483
3045,483
3046,483
3047,483
3048,483
3049,483
3050,483
3051,483
3052,483
3053,483
3054,483
3055,483
3056,483
3057,483
3058,483
3059,483
3060,483
3061,483
3062,484
3063,484
3064,484
3065,484
3066,484
3067,484
3068,484
3069,484
3070,484
3071,484
3072,484
3073,484
3074,484
3075,484
3076,484
3077,484
3078,484
3079,484
3080,484
3081,485
3082,485
3083,485
3084,485
3085,485
3086,485
3087,485
3088,485
3089,485
3090,485
3091,485
3092,485
3093,485
3094,485
3095,485
3096,485
3097,485
3098,485
3099,485
3100,485
3101,485
3102,485
3103,485
3104,485
3105,485
3106,485
3107,485
3108,485
3109,485
3110,485
3111,485
3112,485
3113,485
3114,485
3115,485
3116,485
3117,485
3118,485
3119,485
3120,485
3121,485
3122,485
3123,485
3124,485
3125,485
3126,485
3127,485
3128,485
3129,485
3130,485
3131,485
3132,485
3133,485
3134,485
3135,485
3136,485
3137,485
3138,485
3139,485
3140,485
3141,485
3142,485
3143,485
3144,485
3145,485
3146,485
3147,485
3148,485
3149,485
3150,485
3151,485
3152,485
3153,485
3154,485
3155,485
3156,485
3157,485
3158,485
3159,485
3160,485
3161,485
3162,485
3163,485
3164,485
3165,485
3166,485
3167,485
3168,485
3169,485
3170,485
3171,485
3172,485
3173,485
3174,485
3175,485
3176,485
3177,485
3178,485
3179,485
3180,485
3181,485
3182,485
3183,485
3184,485
3185,485
3186,485
3187,485
3188,485
3189,485
3190,485
3191,485
3192,485
3193,485
3194,485
3195,485
3196,485
3197,485
3198,485
3199,485
3200,485
3201,485
3202,485
3203,485
3204,485
3205,485
3206,485
3207,485
3208,485
3209,485
3210,485
3211,485
3212,485
3213,485
3214,485
3215,485
3216,485
3217,485
3218,485
3219,485
3220,485
3221,485
3222,485
3223,485
3224,485
3225,485
3226,485
3227,485
3228,485
3229,485
3230,485
3231,485
3232,485
3233,485
3234,485
3235,485
3236,485
3237,485
3238,485
3239,485
3240,485
3241,485
3242,485
3243,485
3244,485
3245,485
3246,485
3247,485
3248,485
3249,485
3250,485
3251,485
3252,485
3253,485
3254,485
3255,485
3256,485
3257,485
3258,485
3259,485
3260,485
3261,485
3262,485
3263,485
3264,485
3265,485
3266,485
3267,485
3268,485
3269,485
3270,485
3271,485
3272,485
3273,485
3274,485
3275,485
3276,485
3277,485
3278,485
3279,485
3280,485
3281,485
3282,485
3283,485
3284,485
3285,485
3286,485
3287,485
3288,486
3289,486
3290,486
3291,486
3292,486
3293,486
3294,486
3295,486
3296,486
3297,486
3298,486
3299,486
3300,486
3301,486
3302,486
3303,486
3304,486
3305,486
3306,486
3307,486
3308,486
3309,486
3310,486
3311,486
3312,486
3313,486
3314,486
3315,486
3316,486
3317,486
3318,486
3319,486
3320,486
3321,486
3322,486
3323,486
3324,486
3325,486
3326,486
3327,486
3328,486
3329,486
3330,486
3331,486
3332,486
3333,486
3334,486
3335,486
3336,486
3337,486
3338,486
3339,486
3340,486
3341,486
3342,486
3343,486
3344,486
3345,486
3346,486
3347,486
3348,486
3349,486
3350,486
3351,486
3352,486
3353,486
3354,486
3355,486
3356,486
3357,486
3358,486
3359,486
3360,486
3361,486
3362,486
3363,486
3364,486
3365,486
3366,486
3367,486
3368,486
3369,486
3370,486
3371,486
3372,486
3373,486
3374,486
3375,486
3376,486
3377,486
3378,486
3379,486
3380,486
3381,486
3382,486
3383,486
3384,486
3385,486
3386,486
3387,487
3388,487
3389,487
3390,487
3391,487
3392,487
3393,487
3394,487
3395,487
3396,487
3397,487
3398,487
3399,487
3400,487
3401,487
3402,487
3403,487
3404,487
3405,487
3406,487
3407,487
3408,487
3409,487
3410,487
3411,487
3412,487
3413,487
3414,487
3415,487
3416,487
3417,487
3418,487
3419,487
3420,487
3421,487
3422,487
3423,487
3424,487
3425,487
3426,487
3427,487
3428,487
3429,488
3430,489
3431,490
3432,490
3433,490
3434,490
3435,490
3436,490
3437,490
3438,490
3439,490
3440,490
3441,490
3442,490
3443,491
3444,491
3445,491
3446,491
3447,491
3448,491
3449,491
3450,491
3451,491
3452,491
3453,491
3454,491
3455,491
3456,491
3457,491
3458,491
3459,491
3460,491
3461,491
3462,491
3463,491
3464,491
3465,491
3466,491
3467,491
3468,491
3469,491
3470,491
3471,491
3472,491
3473,491
3474,491
3475,491
3476,491
3477,491
3478,491
3479,491
3480,491
3481,491
3482,491
3483,491
3484,491
3485,491
3486,491
3487,491
3488,491
3489,491
3490,491
3491,491
3492,491
3493,491
3494,491
3495,491
3496,491
3497,491
3498,491
3499,491
3500,491
3501,491
3502,491
3503,491
3504,491
3505,491
3506,491
3507,491
3508,491
3509,491
3510,491
3511,491
3512,491
3513,491
3514,491
3515,491
3516,491
3517,491
3518,491
3519,491
3520,491
3521,491
3522,491
3523,491
3524,491
3525,491
3526,491
3527,491
3528,491
3529,491
3530,491
3531,491
3532,491
3533,491
3534,491
3535,491
3536,491
3537,491
3538,491
3539,491
3540,491
3541,491
3542,491
3543,491
3544,491
3545,491
3546,491
3547,491
3548,491
3549,491
3550,491
3551,491
3552,491
3553,491
3554,491
3555,491
3556,491
3557,491
3558,491
3559,491
3560,491
3561,491
3562,491
3563,491
3564,491
3565,491
3566,491
3567,491
3568,491
3569,491
3570,491
3571,491
3572,491
3573,491
3574,491
3575,491
3576,491
3577,491
3578,491
3579,491
3580,491
3581,491
3582,491
3583,491
3584,491
3585,491
3586,491
3587,491
3588,491
3589,491
3590,491
3591,491
3592,491
3593,491
3594,491
3595,491
3596,491
3597,491
3598,491
3599,491
3600,491
3601,491
3602,491
3603,491
3604,491
3605,491
3606,491
3607,491
3608,491
3609,491
3610,491
3611,491
3612,491
3613,491
3614,491
3615,491
3616,491
3617,491
3618,491
3619,491
3620,491
3621,491
3622,491
3623,491
3624,491
3625,491
3626,491
3627,491
3628,491
3629,491
3630,491
3631,491
3632,491
3633,491
3634,491
3635,491
3636,491
3637,491
3638,491
3639,491
3640,491
3641,491
3642,491
3643,491
3644,491
3645,491
3646,491
3647,491
3648,491
3649,491
3650,491
3651,491
3652,491
3653,491
3654,491
3655,491
3656,491
3657,491
3658,491
3659,491
3660,491
3661,491
3662,491
3663,491
3664,491
3665,491
3666,491
3667,491
3668,491
3669,491
3670,491
3671,491
3672,491
3673,491
3674,491
3675,491
3676,491
3677,491
3678,491
3679,491
3680,491
3681,491
3682,491
3683,491
3684,491
3685,491
3686,491
3687,491
3688,491
3689,491
3690,491
3691,491
3692,491
3693,491
3694,491
3695,491
3696,491
3697,491
3698,491
3699,491
3700,491
3701,491
3702,491
3703,491
3704,491
3705,491
3706,491
3707,491
3708,491
3709,491
3710,491
3711,491
3712,491
3713,491
3714,491
3715,491
3716,491
3717,491
3718,491
3719,491
3720,491
3721,491
3722,492
3723,492
3724,492
3725,492
3726,492
3727,492
3728,492
3729,492
3730,492
3731,492
3732,492
3733,492
3734,492
3735,492
3736,492
3737,492
3738,492
3739,492
3740,492
3741,492
3742,492
3743,492
3744,492
3745,492
3746,492
3747,492
3748,492
3749,492
3750,492
3751,492
3752,492
3753,492
3754,492
3755,492
3756,492
3757,492
3758,492
3759,492
3760,492
3761,492
3762,492
3763,492
3764,492
3765,492
3766,492
3767,492
3768,492
3769,492
3770,492
3771,492
3772,492
3773,492
3774,492
3775,492
3776,492
3777,492
3778,492
3779,492
3780,492
3781,492
3782,492
3783,492
3784,492
3785,492
3786,492
3787,492
3788,492
3789,492
3790,492
3791,492
3792,492
3793,492
3794,492
3795,492
3796,492
3797,492
3798,492
3799,492
3800,492
3801,492
3802,492
3803,492
3804,492
3805,492
3806,492
3807,492
3808,492
3809,492
3810,492
3811,492
3812,492
3813,492
3814,492
3815,492
3816,492
3817,492
3818,492
3819,492
3820,492
3821,492
3822,492
3823,492
3824,492
3825,492
3826,492
3827,492
3828,492
3829,492
3830,492
3831,492
3832,492
3833,492
3834,492
3835,492
3836,492
3837,492
3838,492
3839,492
3840,492
3841,492
3842,492
3843,492
3844,492
3845,492
3846,492
3847,492
3848,492
3849,492
3850,492
3851,492
3852,492
3853,492
3854,492
3855,492
3856,492
3857,492
3858,492
3859,492
3860,492
3861,492
3862,492
3863,492
3864,492
3865,492
3866,492
3867,492
3868,492
3869,492
3870,492
3871,492
3872,492
3873,492
3874,492
3875,492
3876,492
3877,492
3878,492
3879,492
3880,492
3881,492
3882,493
3883,493
3884,493
3885,493
3886,493
3887,493
3888,493
3889,493
3890,493
3891,493
3892,493
3893,493
3894,493
3895,493
3896,493
3897,493
3898,493
3899,493
3900,493
3901,493
3902,493
3903,493
3904,493
3905,493
3906,493
3907,493
3908,493
3909,493
3910,493
3911,493
3912,493
3913,493
3914,493
3915,493
3916,493
3917,493
3918,493
3919,493
3920,493
3921,493
3922,493
3923,493
3924,493
3925,493
3926,493
3927,493
3928,493
3929,493
3930,493
3931,493
3932,493
3933,493
3934,493
3935,493
3936,493
3937,493
3938,493
3939,493
3940,493
3941,493
3942,493
3943,493
3944,493
3945,493
3946,493
3947,493
3948,493
3949,493
3950,493
3951,493
3952,493
3953,493
3954,493
3955,493
3956,493
3957,493
3958,493
3959,493
3960,493
3961,493
3962,493
3963,493
3964,493
3965,493
3966,493
3967,493
3968,493
3969,493
3970,493
3971,493
3972,493
3973,493
3974,493
3975,493
3976,493
3977,493
3978,493
3979,493
3980,493
3981,493
3982,493
3983,493
3984,493
3985,493
3986,493
3987,493
3988,493
3989,493
3990,493
3991,493
3992,493
3993,493
3994,493
3995,493
3996,493
3997,493
3998,493
3999,493
4000,493
4001,493
4002,493
4003,493
4004,493
4005,493
4006,493
4007,493
4008,493
4009,493
4010,493
4011,493
4012,493
4013,493
4014,493
4015,493
4016,493
4017,493
4018,493
4019,493
4020,493
4021,493
4022,493
4023,493
4024,493
4025,493
4026,493
4027,493
4028,493
4029,493
4030,493
4031,493
4032,493
4033,493
4034,493
4035,493
4036,493
4037,493
4038,493
4039,493
4040,493
4041,493
4042,493
4043,493
4044,493
4045,493
4046,493
4047,493
4048,493
4049,493
4050,493
4051,493
4052,493
4053,493
4054,493
4055,493
4056,493
4057,493
4058,493
4059,493
4060,493
4061,493
4062,493
4063,493
4064,493
4065,493
4066,493
4067,493
4068,493
4069,493
4070,493
4071,493
4072,493
4073,493
4074,493
4075,493
4076,493
4077,493
4078,493
4079,493
4080,493
4081,493
4082,493
4083,493
4084,493
4085,493
4086,493
4087,493
4088,493
4089,493
4090,493
4091,493
4092,493
4093,493
4094,493
4095,493
4096,493
4097,493
4098,493
4099,493
4100,493
4101,493
4102,493
4103,493
4104,493
4105,493
4106,493
4107,493
4108,493
4109,493
4110,493
4111,493
4112,493
4113,493
4114,493
4115,493
4116,493
4117,493
4118,493
4119,493
4120,493
4121,493
4122,493
4123,493
4124,493
4125,493
4126,493
4127,493
4128,493
4129,493
4130,493
4131,493
4132,493
4133,493
4134,493
4135,493
4136,493
4137,493
4138,493
4139,493
4140,493
4141,493
4142,493
4143,493
4144,493
4145,493
4146,493
4147,493
4148,493
4149,493
4150,493
4151,493
4152,493
4153,493
4154,493
4155,493
4156,493
4157,493
4158,493
4159,493
4160,493
4161,493
4162,493
4163,493
4164,493
4165,493
4166,493
4167,493
4168,493
4169,493
4170,493
4171,493
4172,493
4173,493
4174,493
4175,493
4176,493
4177,493
4178,493
4179,493
4180,493
4181,493
4182,493
4183,493
4184,493
4185,493
4186,493
4187,493
4188,493
4189,493
4190,493
4191,493
4192,493
4193,493
4194,493
4195,493
4196,493
4197,493
4198,493
4199,493
4200,493
4201,493
4202,493
4203,493
4204,493
4205,493
4206,493
4207,493
4208,493
4209,493
4210,493
4211,493
4212,493
4213,493
4214,493
4215,493
4216,493
4217,493
4218,493
4219,493
4220,493
4221,493
4222,493
4223,493
4224,493
4225,493
4226,493
4227,493
4228,493
4229,493
4230,493
4231,493
4232,493
4233,493
4234,493
4235,493
4236,493
4237,493
4238,493
4239,493
4240,493
4241,493
4242,493
4243,493
4244,493
4245,493
4246,493
4247,493
4248,493
4249,493
4250,493
4251,493
4252,493
4253,493
4254,493
4255,493
4256,493
4257,493
4258,493
4259,493
4260,493
4261,493
4262,493
4263,493
4264,493
4265,493
4266,493
4267,493
4268,493
4269,493
4270,493
4271,493
4272,493
4273,493
4274,493
4275,493
4276,493
4277,493
4278,493
4279,493
4280,493
4281,493
4282,493
4283,493
4284,493
4285,493
4286,493
4287,493
4288,493
4289,493
4290,493
4291,493
4292,493
4293,493
4294,493
4295,493
4296,493
4297,493
4298,493
4299,493
4300,493
4301,493
4302,493
4303,493
4304,493
4305,493
4306,493
4307,493
4308,493
4309,493
4310,493
4311,493
4312,493
4313,493
4314,493
4315,493
4316,493
4317,493
4318,493
4319,493
4320,493
4321,493
4322,493
4323,493
4324,493
4325,493
4326,493
4327,493
4328,493
4329,493
4330,493
4331,493
4332,493
4333,493
4334,493
4335,493
4336,493
4337,493
4338,493
4339,493
4340,493
4341,493
4342,493
4343,493
4344,493
4345,493
4346,493
4347,493
4348,493
4349,493
4350,493
4351,493
4352,493
4353,493
4354,493
4355,493
4356,493
4357,493
4358,493
4359,493
4360,493
4361,493
4362,493
4363,493
4364,493
4365,493
4366,493
4367,493
4368,493
4369,493
4370,493
4371,493
4372,493
4373,493
4374,493
4375,493
4376,493
4377,493
4378,493
4379,493
4380,493
4381,493
4382,493
4383,493
4384,493
4385,493
4386,493
4387,493
4388,493
4389,493
4390,493
4391,493
4392,493
4393,493
4394,493
4395,493
4396,493
4397,493
4398,493
4399,493
4400,493
4401,493
4402,493
4403,493
4404,493
4405,493
4406,493
4407,493
4408,493
4409,493
4410,493
4411,493
4412,493
4413,493
4414,493
4415,493
4416,493
4417,493
4418,493
4419,493
4420,493
4421,493
4422,493
4423,493
4424,493
4425,493
4426,493
4427,493
4428,493
4429,493
4430,493
4431,493
4432,493
4433,493
4434,493
4435,493
4436,493
4437,493
4438,493
4439,493
4440,493
4441,493
4442,493
4443,493
4444,493
4445,493
4446,493
4447,493
4448,493
4449,493
4450,493
4451,493
4452,493
4453,493
4454,493
4455,493
4456,493
4457,493
4458,493
4459,493
4460,493
4461,493
4462,493
4463,493
4464,493
4465,493
4466,493
4467,493
4468,493
4469,493
4470,493
4471,493
4472,493
4473,493
4474,493
4475,493
4476,493
4477,493
4478,493
4479,493
4480,493
4481,493
4482,493
4483,493
4484,493
4485,493
4486,493
4487,493
4488,493
4489,493
4490,493
4491,493
4492,493
4493,493
4494,493
4495,493
4496,493
4497,493
4498,493
4499,493
4500,493
4501,493
4502,493
4503,493
4504,493
4505,493
4506,493
4507,493
4508,493
4509,493
4510,493
4511,493
4512,493
4513,493
4514,493
4515,493
4516,493
4517,493
4518,493
4519,493
4520,493
4521,493
4522,493
4523,493
4524,493
4525,493
4526,493
4527,493
4528,493
4529,493
4530,493
4531,493
4532,493
4533,493
4534,493
4535,493
4536,493
4537,493
4538,493
4539,493
4540,493
4541,493
4542,493
4543,493
4544,493
4545,493
4546,493
4547,493
4548,493
4549,493
4550,493
4551,493
4552,493
4553,493
4554,493
4555,493
4556,493
4557,493
4558,493
4559,493
4560,493
4561,493
4562,493
4563,493
4564,493
4565,493
4566,493
4567,493
4568,493
4569,493
4570,493
4571,493
4572,493
4573,493
4574,493
4575,493
4576,493
4577,493
4578,493
4579,493
4580,493
4581,493
4582,493
4583,493
4584,493
4585,493
4586,493
4587,493
4588,493
4589,493
4590,493
4591,493
4592,493
4593,493
4594,493
4595,493
4596,493
4597,493
4598,493
4599,493
4600,493
4601,493
4602,493
4603,493
4604,493
4605,493
4606,493
4607,493
4608,493
4609,493
4610,493
4611,493
4612,493
4613,493
4614,493
4615,493
4616,493
4617,493
4618,493
4619,493
4620,493
4621,493
4622,493
4623,493
4624,493
4625,493
4626,493
4627,493
4628,493
4629,493
4630,493
4631,493
4632,493
4633,493
4634,493
4635,493
4636,493
4637,493
4638,493
4639,493
4640,493
4641,493
4642,493
4643,493
4644,493
4645,493
4646,493
4647,493
4648,493
4649,493
4650,493
4651,493
4652,493
4653,493
4654,493
4655,493
4656,493
4657,493
4658,494
4659,494
4660,494
4661,494
4662,494
4663,494
4664,494
4665,494
4666,494
4667,494
4668,494
4669,494
4670,494
4671,494
4672,494
4673,494
4674,494
4675,494
4676,494
4677,494
4678,494
4679,494
4680,494
4681,494
4682,494
4683,494
4684,494
4685,494
4686,494
4687,494
4688,494
4689,494
4690,494
4691,494
4692,494
4693,494
4694,494
4695,494
4696,494
4697,494
4698,494
4699,494
4700,494
4701,494
4702,494
4703,494
4704,494
4705,494
4706,494
4707,494
4708,494
4709,494
4710,494
4711,494
4712,494
4713,494
4714,494
4715,494
4716,494
4717,494
4718,494
4719,494
4720,494
4721,494
4722,494
4723,494
4724,494
4725,494
4726,494
4727,494
4728,494
4729,494
4730,494
4731,494
4732,494
4733,494
4734,494
4735,494
4736,494
4737,494
4738,494
4739,494
4740,494
4741,494
4742,494
4743,494
4744,494
4745,494
4746,494
4747,494
4748,494
4749,494
4750,494
4751,494
4752,494
4753,494
4754,494
4755,494
4756,494
4757,494
4758,494
4759,494
4760,494
4761,494
4762,494
4763,494
4764,494
4765,494
4766,494
4767,494
4768,494
4769,494
4770,494
4771,494
4772,494
4773,494
4774,494
4775,494
4776,494
4777,494
4778,494
4779,494
4780,494
4781,494
4782,494
4783,494
4784,494
4785,494
4786,494
4787,494
4788,494
4789,494
4790,494
4791,494
4792,494
4793,494
4794,494
4795,494
4796,494
4797,494
4798,494
4799,494
4800,494
4801,494
4802,494
4803,494
4804,494
4805,494
4806,494
4807,494
4808,494
4809,494
4810,494
4811,494
4812,494
4813,494
4814,494
4815,494
4816,494
4817,494
4818,494
4819,494
4820,494
4821,494
4822,494
4823,494
4824,494
4825,494
4826,494
4827,494
4828,494
4829,494
4830,494
4831,494
4832,494
4833,494
4834,494
4835,494
4836,494
4837,494
4838,494
4839,494
4840,494
4841,494
4842,494
4843,494
4844,494
4845,494
4846,494
4847,494
4848,494
4849,494
4850,494
4851,494
4852,494
4853,494
4854,494
4855,494
4856,494
4857,494
4858,494
4859,494
4860,494
4861,494
4862,494
4863,494
4864,494
4865,494
4866,494
4867,494
4868,494
4869,494
4870,494
4871,494
4872,494
4873,494
4874,494
4875,494
4876,494
4877,494
4878,494
4879,494
4880,494
4881,494
4882,494
4883,494
4884,494
4885,494
4886,494
4887,494
4888,494
4889,494
4890,494
4891,494
4892,494
4893,494
4894,494
4895,494
4896,494
4897,494
4898,494
4899,494
4900,494
4901,494
4902,494
4903,494
4904,494
4905,494
4906,494
4907,494
4908,494
4909,494
4910,494
4911,494
4912,494
4913,494
4914,494
4915,494
4916,494
4917,494
4918,494
4919,494
4920,494
4921,494
4922,494
4923,494
4924,494
4925,494
4926,494
4927,494
4928,494
4929,494
4930,494
4931,494
4932,494
4933,494
4934,494
4935,494
4936,494
4937,494
4938,494
4939,494
4940,494
4941,494
4942,494
4943,494
4944,494
4945,495
4946,495
4947,495
4948,495
4949,495
4950,495
4951,495
4952,495
4953,495
4954,495
4955,495
4956,495
4957,495
4958,495
4959,495
4960,495
4961,495
4962,495
4963,495
4964,495
4965,495
4966,495
4967,495
4968,495
4969,495
4970,495
4971,495
4972,495
4973,495
4974,495
4975,495
4976,495
4977,495
4978,495
4979,495
4980,495
4981,495
4982,495
4983,495
4984,495
4985,495
4986,495
4987,495
4988,495
4989,495
4990,495
4991,495
4992,495
4993,495
4994,495
4995,495
4996,495
4997,495
4998,495
4999,495
5000,495
5001,495
5002,495
5003,495
5004,495
5005,495
5006,495
5007,495
5008,495
5009,495
5010,495
5011,495
5012,495
5013,495
5014,495
5015,495
5016,495
5017,495
5018,495
5019,495
5020,495
5021,495
5022,495
5023,495
5024,495
5025,495
5026,495
5027,495
5028,495
5029,495
5030,495
5031,495
5032,495
5033,495
5034,495
5035,495
5036,495
5037,495
5038,495
5039,495
5040,495
5041,495
5042,495
5043,495
5044,495
5045,495
5046,495
5047,495
5048,495
5049,495
5050,495
5051,495
5052,495
5053,495
5054,495
5055,495
5056,495
5057,495
5058,495
5059,495
5060,495
5061,495
5062,495
5063,495
5064,495
5065,495
5066,495
5067,495
5068,495
5069,495
5070,495
5071,495
5072,495
5073,495
5074,495
5075,495
5076,495
5077,495
5078,495
5079,495
5080,495
5081,495
5082,495
5083,495
5084,495
5085,495
5086,495
5087,495
5088,495
5089,495
5090,495
5091,495
5092,495
5093,495
5094,495
5095,495
5096,495
5097,495
5098,495
5099,495
5100,495
5101,495
5102,495
5103,495
5104,495
5105,495
5106,495
5107,495
5108,495
5109,495
5110,495
5111,495
5112,495
5113,495
5114,495
5115,495
5116,495
5117,495
5118,495
5119,495
5120,495
5121,495
5122,495
5123,495
5124,495
5125,495
5126,495
5127,495
5128,495
5129,495
5130,495
5131,495
5132,495
5133,495
5134,495
5135,495
5136,495
5137,495
5138,495
5139,495
5140,495
5141,495
5142,495
5143,495
5144,495
5145,495
5146,495
5147,495
5148,495
5149,495
5150,495
5151,495
5152,495
5153,495
5154,495
5155,495
5156,495
5157,495
5158,495
5159,495
5160,495
5161,495
5162,495
5163,495
5164,495
5165,495
5166,495
5167,495
5168,495
5169,495
5170,495
5171,495
5172,495
5173,495
5174,495
5175,495
5176,495
5177,495
5178,495
5179,495
5180,495
5181,495
5182,495
5183,495
5184,495
5185,495
5186,495
5187,495
5188,495
5189,495
5190,495
5191,495
5192,495
5193,495
5194,495
5195,495
5196,495
5197,495
5198,495
5199,495
5200,495
5201,495
5202,495
5203,495
5204,495
5205,495
5206,495
5207,495
5208,495
5209,495
5210,495
5211,495
5212,495
5213,495
5214,495
5215,495
5216,495
5217,495
5218,495
5219,495
5220,495
5221,495
5222,495
5223,495
5224,495
5225,495
5226,495
5227,495
5228,495
5229,495
5230,495
5231,495
5232,495
5233,495
5234,495
5235,495
5236,495
5237,495
5238,495
5239,495
5240,495
5241,495
5242,495
5243,495
5244,495
5245,496
5246,496
5247,497
5248,497
5249,497
5250,497
5251,497
5252,497
5253,497
5254,497
5255,497
5256,497
5257,497
5258,497
5259,497
5260,497
5261,497
5262,497
5263,497
5264,497
5265,497
5266,497
5267,497
5268,497
5269,497
5270,497
5271,497
5272,497
5273,497
5274,497
5275,497
5276,497
5277,497
5278,497
5279,497
5280,497
5281,498
5282,498
5283,498
5284,498
5285,498
5286,498
5287,498
5288,498
5289,498
5290,498
5291,498
5292,498
5293,498
5294,498
5295,498
5296,498
5297,498
5298,498
5299,498
5300,498
5301,498
5302,498
5303,498
5304,498
5305,498
5306,498
5307,498
5308,498
5309,498
5310,498
5311,498
5312,498
5313,498
5314,498
5315,498
5316,498
5317,498
5318,498
5319,498
5320,498
5321,498
5322,499
5323,499
5324,499
5325,499
5326,499
5327,499
5328,499
5329,499
5330,499
5331,499
5332,499
5333,499
5334,499
5335,499
5336,499
5337,499
5338,499
5339,499
5340,499
5341,499
5342,499
5343,499
5344,499
5345,499
5346,499
5347,499
5348,499
5349,499
5350,499
5351,499
5352,499
5353,499
5354,499
5355,499
5356,499
5357,499
5358,499
5359,499
5360,499
5361,499
5362,499
5363,499
5364,499
5365,499
5366,499
5367,499
5368,499
5369,499
5370,499
5371,499
5372,499
5373,499
5374,499
5375,499
5376,499
5377,499
5378,499
5379,499
5380,499
5381,499
5382,499
5383,499
5384,499
5385,499
5386,499
5387,499
5388,499
5389,499
5390,499
5391,499
5392,499
5393,499
5394,499
5395,499
5396,499
5397,499
5398,499
5399,499
5400,499
5401,499
5402,499
5403,499
5404,499
5405,499
5406,499
5407,499
5408,499
5409,499
5410,499
5411,499
5412,499
5413,499
5414,499
5415,499
5416,499
5417,499
5418,499
5419,499
5420,499
5421,499
5422,499
5423,499
5424,499
5425,499
5426,499
5427,499
5428,499
5429,499
5430,499
5431,499
5432,499
5433,499
5434,499
5435,499
5436,499
5437,499
5438,499
5439,499
5440,499
5441,499
5442,499
5443,499
5444,499
5445,499
5446,499
5447,499
5448,499
5449,499
5450,499
5451,499
5452,499
5453,499
5454,499
5455,499
5456,499
5457,499
5458,499
5459,499
5460,499
5461,499
5462,499
5463,499
5464,499
5465,499
5466,499
5467,499
5468,499
5469,499
5470,499
5471,499
5472,499
5473,499
5474,499
5475,499
5476,499
5477,499
5478,499
5479,499
5480,499
5481,499
5482,499
5483,499
5484,499
5485,499
5486,499
5487,499
5488,499
5489,499
5490,499
5491,499
5492,499
5493,499
5494,499
5495,499
5496,499
5497,499
5498,499
5499,499
5500,499
5501,499
5502,499
5503,499
5504,499
5505,499
5506,499
5507,499
5508,499
5509,499
5510,499
5511,499
5512,499
5513,499
5514,499
5515,499
5516,499
5517,499
5518,499
5519,499
5520,499
5521,499
5522,499
5523,499
5524,499
5525,499
5526,499
5527,499
5528,499
5529,499
5530,499
5531,499
5532,499
5533,499
5534,499
5535,499
5536,499
5537,499
5538,499
5539,499
5540,499
5541,499
5542,499
5543,499
5544,499
5545,499
5546,499
5547,499
5548,499
5549,499
5550,499
5551,499
5552,499
5553,499
5554,499
5555,499
5556,499
5557,499
5558,499
5559,499
5560,499
5561,499
5562,499
5563,499
5564,499
5565,499
5566,499
5567,499
5568,499
5569,499
5570,499
5571,499
5572,499
5573,499
5574,499
5575,499
5576,499
5577,499
5578,499
5579,499
5580,499
5581,499
5582,499
5583,499
5584,499
5585,499
5586,499
5587,499
5588,499
5589,499
5590,499
5591,499
5592,499
5593,499
5594,499
5595,499
5596,499
5597,499
5598,499
5599,499
5600,499
5601,499
5602,499
5603,499
5604,499
5605,499
5606,499
5607,499
5608,499
5609,499
5610,499
5611,499
5612,499
5613,499
5614,499
5615,499
5616,499
5617,499
5618,499
5619,499
5620,499
5621,499
5622,499
5623,499
5624,499
5625,499
5626,499
5627,499
5628,499
5629,499
5630,499
5631,499
5632,499
5633,499
5634,499
5635,499
5636,499
5637,499
5638,499
5639,499
5640,499
5641,499
5642,499
5643,499
5644,499
5645,499
5646,499
5647,499
5648,499
5649,499
5650,499
5651,499
5652,499
5653,499
5654,499
5655,499
5656,499
5657,499
5658,499
5659,499
5660,499
5661,499
5662,499
5663,499
5664,499
5665,499
5666,499
5667,499
5668,499
5669,499
5670,499
5671,499
5672,499
5673,499
5674,499
5675,499
5676,499
5677,499
5678,499
5679,499
5680,499
5681,499
5682,499
5683,499
5684,499
5685,499
5686,499
5687,499
5688,499
5689,499
5690,499
5691,499
5692,499
5693,499
5694,499
5695,499
5696,499
5697,499
5698,499
5699,499
5700,499
5701,499
5702,499
5703,499
5704,499
5705,499
5706,499
5707,499
5708,499
5709,499
5710,499
5711,499
5712,499
5713,499
5714,499
5715,499
5716,499
5717,499
5718,499
5719,499
5720,499
5721,499
5722,499
5723,499
5724,499
5725,499
5726,499
5727,499
5728,499
5729,499
5730,499
5731,499
5732,499
5733,499
5734,499
5735,499
5736,499
5737,499
5738,499
5739,499
5740,499
5741,499
5742,499
5743,499
5744,499
5745,499
5746,499
5747,499
5748,499
5749,499
5750,499
5751,499
5752,499
5753,499
5754,499
5755,499
5756,499
5757,499
5758,499
5759,499
5760,499
5761,499
5762,499
5763,499
5764,499
5765,499
5766,499
5767,499
5768,499
5769,499
5770,499
5771,499
5772,499
5773,499
5774,499
5775,499
5776,499
5777,499
5778,499
5779,499
5780,499
5781,499
5782,499
5783,499
5784,499
5785,499
5786,499
5787,499
5788,499
5789,499
5790,499
5791,499
5792,499
5793,499
5794,499
5795,499
5796,499
5797,499
5798,499
5799,499
5800,499
5801,499
5802,499
5803,499
5804,499
5805,499
5806,499
5807,499
5808,499
5809,499
5810,499
5811,499
5812,499
5813,499
5814,499
5815,499
5816,499
5817,499
5818,499
5819,499
5820,499
5821,499
5822,499
5823,499
5824,499
5825,499
5826,499
5827,499
5828,499
5829,499
5830,499
5831,499
5832,499
5833,499
5834,499
5835,499
5836,499
5837,499
5838,499
5839,499
5840,499
5841,499
5842,499
5843,499
5844,499
5845,499
5846,499
5847,499
5848,499
5849,499
5850,499
5851,499
5852,499
5853,499
5854,499
5855,499
5856,499
5857,499
5858,499
5859,499
5860,499
5861,499
5862,499
5863,499
5864,499
5865,499
5866,499
5867,499
5868,499
5869,499
5870,499
5871,499
5872,499
5873,499
5874,499
5875,499
5876,499
5877,499
5878,499
5879,499
5880,499
5881,499
5882,499
5883,499
5884,499
5885,499
5886,499
5887,499
5888,499
5889,499
5890,499
5891,499
5892,499
5893,499
5894,499
5895,499
5896,499
5897,499
5898,499
5899,499
5900,499
5901,499
5902,499
5903,499
5904,499
5905,499
5906,499
5907,499
5908,499
5909,499
5910,499
5911,499
5912,499
5913,499
5914,499
5915,499
5916,499
5917,499
5918,499
5919,499
5920,499
5921,499
5922,499
5923,499
5924,499
5925,499
5926,499
5927,499
5928,499
5929,499
5930,499
5931,499
5932,499
5933,499
5934,499
5935,499
5936,499
5937,499
5938,499
5939,499
5940,499
5941,499
5942,499
5943,499
5944,499
5945,499
5946,499
5947,499
5948,499
5949,499
5950,499
5951,499
5952,499
5953,499
5954,499
5955,499
5956,499
5957,499
5958,499
5959,499
5960,499
5961,499
5962,499
5963,499
5964,499
5965,499
5966,499
5967,499
5968,499
5969,499
5970,499
5971,499
5972,499
5973,499
5974,499
5975,499
5976,499
5977,499
5978,499
5979,499
5980,499
5981,499
5982,499
5983,499
5984,499
5985,499
5986,499
5987,499
5988,499
5989,499
5990,499
5991,499
5992,499
5993,499
5994,499
5995,499
5996,499
5997,499
5998,499
5999,499
6000,499
6001,499
6002,499
6003,499
6004,499
6005,499
6006,499
6007,499
6008,499
6009,499
6010,499
6011,499
6012,499
6013,499
6014,499
6015,499
6016,499
6017,499
6018,499
6019,499
6020,499
6021,499
6022,499
6023,499
6024,499
6025,499
6026,499
6027,499
6028,499
6029,499
6030,499
6031,499
6032,499
6033,499
6034,499
6035,499
6036,499
6037,499
6038,499
6039,499
6040,499
6041,499
6042,499
6043,499
6044,499
6045,499
6046,499
6047,499
6048,499
6049,499
6050,499
6051,499
6052,499
6053,499
6054,499
6055,499
6056,499
6057,499
6058,499
6059,499
6060,499
6061,499
6062,499
6063,499
6064,499
6065,499
6066,499
6067,499
6068,499
6069,499
6070,499
6071,499
6072,499
6073,499
6074,499
6075,499
6076,499
6077,499
6078,499
6079,499
6080,499
6081,499
6082,499
6083,499
6084,499
6085,499
6086,499
6087,499
6088,499
6089,499
6090,499
6091,499
6092,499
6093,499
6094,499
6095,499
6096,499
6097,499
6098,499
6099,499
6100,499
6101,499
6102,499
6103,499
6104,499
6105,499
6106,499
6107,499
6108,499
6109,499
6110,499
6111,499
6112,499
6113,499
6114,499
6115,499
6116,499
6117,499
6118,499
6119,499
6120,499
6121,499
6122,499
6123,499
6124,499
6125,499
6126,499
6127,499
6128,499
6129,499
6130,500
