0,0
1,2
2,4
3,6
4,8
5,9
6,10
7,12
8,14
9,16
10,18
11,19
12,19
13,21
14,23
15,25
16,27
17,27
18,29
19,31
20,32
21,32
22,32
23,33
24,35
25,35
26,36
27,37
28,37
29,39
30,41
31,43
32,44
33,46
34,48
35,50
36,51
37,52
38,53
39,54
40,54
41,55
42,56
43,57
44,58
45,59
46,60
47,60
48,61
49,61
50,61
51,62
52,62
53,62
54,63
55,63
56,63
57,64
58,65
59,66
60,66
61,66
62,66
63,66
64,66
65,67
66,67
67,67
68,67
69,68
70,68
71,69
72,69
73,69
74,69
75,69
76,69
77,69
78,69
79,69
80,70
81,70
82,70
83,70
84,70
85,70
86,70
87,70
88,71
89,71
90,71
91,71
92,71
93,71
94,72
95,72
96,73
97,73
98,73
99,73
100,74
101,74
102,74
103,75
104,76
105,78
106,79
107,80
108,82
109,83
110,84
111,84
112,85
113,86
114,86
115,86
116,87
117,87
118,88
119,88
120,88
121,88
122,88
123,88
124,88
125,88
126,88
127,88
128,88
129,88
130,88
131,88
132,88
133,89
134,89
135,89
136,89
137,89
138,89
139,89
140,89
141,90
142,90
143,90
144,91
145,91
146,91
147,91
148,91
149,91
150,91
151,91
152,91
153,91
154,91
155,91
156,91
157,91
158,91
159,91
160,91
161,91
162,91
163,91
164,91
165,92
166,92
167,92
168,92
169,92
170,92
171,92
172,92
173,92
174,92
175,92
176,92
177,92
178,92
179,92
180,92
181,92
182,92
183,92
184,92
185,92
186,92
187,92
188,92
189,92
190,92
191,92
192,92
193,93
194,93
195,93
196,93
197,95
198,95
199,95
200,95
201,95
202,95
203,95
204,95
205,95
206,95
207,95
208,95
209,95
210,95
211,95
212,95
213,95
214,95
215,95
216,95
217,95
218,95
219,95
220,95
221,95
222,95
223,96
224,97
225,98
226,99
227,99
228,99
229,99
230,99
231,100
232,101
233,102
234,102
235,103
236,104
237,104
238,104
239,104
240,104
241,104
242,104
243,104
244,104
245,104
246,104
247,105
248,105
249,105
250,105
251,105
252,105
253,105
254,105
255,105
256,105
257,105
258,105
259,105
260,106
261,106
262,106
263,106
264,107
265,107
266,107
267,107
268,107
269,107
270,108
271,108
272,109
273,110
274,111
275,111
276,111
277,111
278,111
279,111
280,111
281,111
282,111
283,111
284,111
285,111
286,111
287,111
288,111
289,111
290,111
291,111
292,111
293,111
294,111
295,111
296,111
297,111
298,111
299,111
300,111
301,111
302,111
303,111
304,111
305,111
306,111
307,111
308,111
309,111
310,111
311,111
312,111
313,111
314,111
315,111
316,111
317,111
318,111
319,111
320,111
321,111
322,111
323,111
324,111
325,111
326,111
327,111
328,111
329,111
330,111
331,111
332,111
333,111
334,111
335,111
336,111
337,111
338,111
339,111
340,111
341,111
342,111
343,111
344,111
345,111
346,113
347,115
348,115
349,116
350,117
351,118
352,119
353,119
354,120
355,121
356,122
357,122
358,123
359,123
360,124
361,124
362,124
363,124
364,124
365,124
366,124
367,124
368,124
369,124
370,124
371,124
372,124
373,124
374,124
375,124
376,124
377,124
378,124
379,124
380,124
381,125
382,126
383,126
384,126
385,127
386,127
387,127
388,127
389,127
390,127
391,127
392,127
393,127
394,127
395,127
396,127
397,127
398,127
399,127
400,127
401,127
402,127
403,127
404,127
405,127
406,127
407,127
408,127
409,127
410,127
411,127
412,127
413,127
414,127
415,127
416,127
417,128
418,128
419,128
420,128
421,128
422,128
423,128
424,128
425,128
426,128
427,128
428,128
429,128
430,128
431,129
432,129
433,129
434,129
435,129
436,129
437,129
438,130
439,130
440,130
441,130
442,130
443,130
444,130
445,130
446,130
447,130
448,130
449,130
450,130
451,130
452,130
453,130
454,130
455,130
456,130
457,130
458,130
459,130
460,130
461,130
462,130
463,130
464,130
465,130
466,130
467,130
468,130
469,130
470,130
471,130
472,130
473,130
474,130
475,130
476,130
477,130
478,130
479,130
480,130
481,130
482,130
483,130
484,130
485,130
486,130
487,130
488,130
489,130
490,130
491,130
492,130
493,130
494,130
495,130
496,130
497,130
498,130
499,130
500,130
501,130
502,130
503,130
504,130
505,130
506,130
507,130
508,130
509,130
510,130
511,130
512,130
513,130
514,130
515,130
516,130
517,130
518,130
519,130
520,130
521,130
522,130
523,130
524,130
525,130
526,130
527,130
528,130
529,130
530,130
531,130
532,130
533,130
534,130
535,130
536,130
537,130
538,130
539,130
540,130
541,130
542,130
543,130
544,130
545,130
546,130
547,130
548,130
549,130
550,130
551,131
552,131
553,131
554,131
555,131
556,131
557,131
558,131
559,131
560,131
561,131
562,131
563,131
564,131
565,131
566,131
567,131
568,131
569,131
570,131
571,131
572,131
573,131
574,131
575,131
576,131
577,131
578,131
579,131
580,131
581,132
582,133
583,133
584,133
585,133
586,133
587,133
588,133
589,133
590,133
591,133
592,133
593,133
594,133
595,133
596,133
597,133
598,133
599,133
600,133
601,133
602,133
603,133
604,133
605,133
606,133
607,133
608,133
609,133
610,133
611,133
612,133
613,133
614,133
615,133
616,133
617,133
618,133
619,133
620,133
621,133
622,133
623,133
624,133
625,133
626,133
627,133
628,133
629,133
630,133
631,133
632,133
633,133
634,133
635,133
636,133
637,133
638,133
639,133
640,133
641,133
642,133
643,133
644,133
645,133
646,133
647,133
648,133
649,133
650,133
651,133
652,133
653,133
654,133
655,133
656,133
657,133
658,133
659,133
660,133
661,133
662,133
663,133
664,133
665,133
666,133
667,133
668,133
669,133
670,133
671,133
672,133
673,133
674,133
675,133
676,133
677,133
678,133
679,133
680,133
681,133
682,133
683,133
684,133
685,133
686,133
687,133
688,133
689,134
690,134
691,134
692,134
693,134
694,134
695,134
696,134
697,134
698,134
699,134
700,134
701,134
702,134
703,134
704,134
705,134
706,134
707,134
708,134
709,134
710,134
711,134
712,134
713,134
714,134
715,134
716,134
717,134
718,134
719,134
720,134
721,134
722,134
723,134
724,135
725,136
726,137
727,137
728,138
729,139
730,139
731,139
732,139
733,139
734,139
735,139
736,139
737,139
738,139
739,139
740,139
741,139
742,139
743,139
744,139
745,139
746,139
747,139
748,139
749,139
750,139
751,139
752,139
753,139
754,139
755,139
756,139
757,139
758,139
759,139
760,139
761,139
762,139
763,139
764,139
765,139
766,139
767,139
768,139
769,139
770,139
771,139
772,139
773,139
774,139
775,139
776,139
777,139
778,139
779,139
780,139
781,139
782,139
783,139
784,139
785,139
786,139
787,139
788,139
789,139
790,139
791,139
792,139
793,139
794,139
795,139
796,139
797,139
798,139
799,139
800,139
801,139
802,139
803,139
804,139
805,139
806,139
807,139
808,139
809,139
810,139
811,139
812,139
813,139
814,139
815,139
816,139
817,139
818,139
819,139
820,139
821,139
822,139
823,139
824,139
825,139
826,139
827,139
828,139
829,139
830,139
831,139
832,139
833,139
834,139
835,139
836,139
837,139
838,139
839,139
840,139
841,139
842,139
843,139
844,139
845,139
846,139
847,139
848,139
849,139
850,139
851,139
852,139
853,139
854,139
855,139
856,139
857,139
858,139
859,139
860,139
861,139
862,139
863,139
864,139
865,139
866,139
867,139
868,139
869,139
870,139
871,139
872,139
873,139
874,139
875,139
876,139
877,139
878,139
879,139
880,139
881,139
882,139
883,139
884,139
885,139
886,139
887,139
888,139
889,139
890,139
891,139
892,139
893,139
894,139
895,139
896,139
897,139
898,139
899,139
900,139
901,139
902,139
903,139
904,139
905,139
906,139
907,139
908,139
909,139
910,139
911,139
912,139
913,139
914,139
915,139
916,139
917,139
918,139
919,139
920,139
921,139
922,139
923,139
924,139
925,139
926,139
927,139
928,139
929,139
930,139
931,139
932,139
933,139
934,139
935,139
936,139
937,139
938,139
939,139
940,139
941,139
942,139
943,139
944,139
945,139
946,139
947,139
948,139
949,139
950,139
951,139
952,139
953,139
954,139
955,139
956,139
957,139
958,139
959,139
960,139
961,140
962,140
963,140
964,140
965,140
966,140
967,140
968,140
969,140
970,140
971,140
972,140
973,140
974,140
975,140
976,140
977,140
978,140
979,140
980,140
981,140
982,140
983,140
984,140
985,140
986,140
987,140
988,140
989,140
990,140
991,140
992,140
993,140
994,140
995,140
996,140
997,140
998,140
999,140
1000,140
1001,140
1002,140
1003,140
1004,140
1005,140
1006,140
1007,140
1008,140
1009,140
1010,140
1011,140
1012,140
1013,140
1014,140
1015,140
1016,140
1017,140
1018,140
1019,140
1020,140
1021,140
1022,140
1023,140
1024,140
1025,140
1026,140
1027,140
1028,140
1029,140
1030,140
1031,140
1032,140
1033,140
1034,140
1035,140
1036,140
1037,140
1038,140
1039,140
1040,140
1041,140
1042,140
1043,140
1044,140
1045,140
1046,140
1047,140
1048,140
1049,140
1050,140
1051,140
1052,140
1053,140
1054,140
1055,140
1056,140
1057,140
1058,140
1059,140
1060,140
1061,140
1062,140
1063,140
1064,140
1065,140
1066,140
1067,140
1068,140
1069,140
1070,140
1071,140
1072,141
1073,141
1074,141
1075,141
1076,141
1077,141
1078,141
1079,141
1080,141
1081,141
1082,141
1083,141
1084,141
1085,141
1086,141
1087,141
1088,141
1089,141
1090,141
1091,141
1092,141
1093,141
1094,141
1095,141
1096,141
1097,141
1098,141
1099,141
1100,141
1101,141
1102,141
1103,141
1104,141
1105,141
1106,141
1107,141
1108,141
1109,141
1110,141
1111,141
1112,141
1113,141
1114,141
1115,141
1116,141
1117,141
1118,141
1119,141
1120,141
1121,141
1122,141
1123,141
1124,141
1125,141
1126,141
1127,141
1128,141
1129,141
1130,141
1131,141
1132,141
1133,141
1134,141
1135,141
1136,141
1137,141
1138,141
1139,141
1140,141
1141,141
1142,141
1143,141
1144,141
1145,141
1146,141
1147,141
1148,141
1149,141
1150,141
1151,141
1152,141
1153,141
1154,141
1155,141
1156,141
1157,141
1158,141
1159,141
1160,141
1161,141
1162,141
1163,141
1164,141
1165,141
1166,141
1167,141
1168,141
1169,141
1170,141
1171,141
1172,141
1173,141
1174,141
1175,141
1176,141
1177,141
1178,141
1179,141
1180,141
1181,141
1182,141
1183,141
1184,141
1185,141
1186,141
1187,141
1188,141
1189,141
1190,141
1191,141
1192,141
1193,141
1194,141
1195,141
1196,141
1197,141
1198,141
1199,141
1200,141
1201,141
1202,141
1203,141
1204,141
1205,141
1206,141
1207,141
1208,141
1209,141
1210,141
1211,141
1212,141
1213,141
1214,141
1215,141
1216,141
1217,141
1218,141
1219,141
1220,141
1221,141
1222,141
1223,141
1224,141
1225,141
1226,141
1227,141
1228,141
1229,141
1230,141
1231,141
1232,141
1233,141
1234,141
1235,141
1236,141
1237,141
1238,141
1239,141
1240,141
1241,141
1242,141
1243,141
1244,141
1245,141
1246,141
1247,141
1248,141
1249,141
1250,141
1251,141
1252,141
1253,141
1254,141
1255,141
1256,141
1257,141
1258,141
1259,141
1260,141
1261,141
1262,141
1263,141
1264,141
1265,141
1266,141
1267,141
1268,141
1269,141
1270,141
1271,141
1272,141
1273,141
1274,141
1275,141
1276,141
1277,141
1278,141
1279,141
1280,141
1281,141
1282,141
1283,141
1284,141
1285,141
1286,141
1287,141
1288,141
1289,141
1290,141
1291,141
1292,141
1293,141
1294,141
1295,141
1296,141
1297,141
1298,141
1299,141
1300,141
1301,141
1302,141
1303,141
1304,141
1305,141
1306,141
1307,141
1308,141
1309,141
1310,141
1311,141
1312,141
1313,141
1314,141
1315,141
1316,141
1317,141
1318,141
1319,141
1320,141
1321,141
1322,141
1323,141
1324,141
1325,141
1326,141
1327,141
1328,141
1329,141
1330,141
1331,141
1332,141
1333,141
1334,141
1335,141
1336,141
1337,141
1338,141
1339,141
1340,141
1341,141
1342,141
1343,141
1344,141
1345,141
1346,141
1347,141
1348,141
1349,141
1350,141
1351,141
1352,141
1353,141
1354,141
1355,141
1356,141
1357,141
1358,141
1359,141
1360,141
1361,141
1362,141
1363,141
1364,141
1365,141
1366,141
1367,141
1368,141
1369,141
1370,141
1371,141
1372,141
1373,141
1374,141
1375,141
1376,141
1377,141
1378,141
1379,141
1380,141
1381,141
1382,141
1383,141
1384,141
1385,141
1386,141
1387,141
1388,141
1389,141
1390,141
1391,141
1392,141
1393,141
1394,141
1395,141
1396,141
1397,141
1398,141
1399,141
1400,141
1401,141
1402,141
1403,141
1404,141
1405,141
1406,141
1407,141
1408,141
1409,141
1410,141
1411,141
1412,141
1413,141
1414,141
1415,141
1416,141
1417,141
1418,141
1419,141
1420,141
1421,141
1422,141
1423,141
1424,141
1425,141
1426,141
1427,141
1428,141
1429,141
1430,141
1431,141
1432,141
1433,141
1434,141
1435,141
1436,141
1437,141
1438,141
1439,141
1440,141
1441,141
1442,141
1443,141
1444,141
1445,141
1446,141
1447,141
1448,141
1449,141
1450,141
1451,141
1452,141
1453,141
1454,141
1455,141
1456,141
1457,141
1458,141
1459,141
1460,141
1461,141
1462,141
1463,141
1464,141
1465,141
1466,141
1467,141
1468,141
1469,141
1470,141
1471,141
1472,141
1473,141
1474,141
1475,141
1476,141
1477,141
1478,141
1479,141
1480,141
1481,141
1482,141
1483,141
1484,141
1485,141
1486,141
1487,141
1488,141
1489,141
1490,141
1491,141
1492,141
1493,141
1494,141
1495,141
1496,141
1497,141
1498,141
1499,141
1500,141
1501,141
1502,141
1503,141
1504,141
1505,141
1506,141
1507,141
1508,141
1509,141
1510,141
1511,141
1512,141
1513,141
1514,141
1515,141
1516,141
1517,141
1518,141
1519,141
1520,141
1521,141
1522,141
1523,141
1524,141
1525,141
1526,141
1527,141
1528,141
1529,141
1530,141
1531,141
1532,141
1533,141
1534,141
1535,141
1536,141
1537,141
1538,141
1539,141
1540,141
1541,141
1542,141
1543,141
1544,141
1545,141
1546,141
1547,141
1548,141
1549,141
1550,141
1551,141
1552,141
1553,141
1554,141
1555,141
1556,141
1557,141
1558,141
1559,141
1560,141
1561,141
1562,141
1563,141
1564,141
1565,141
1566,142
1567,143
1568,144
1569,144
1570,145
