0,0
1,2
2,4
3,6
4,8
5,10
6,12
7,14
8,15
9,17
10,18
11,19
12,21
13,22
14,24
15,25
16,26
17,28
18,29
19,31
20,33
21,35
22,35
23,37
24,38
25,38
26,38
27,40
28,40
29,41
30,42
31,44
32,45
33,45
34,46
35,48
36,48
37,49
38,50
39,51
40,52
41,54
42,56
43,57
44,59
45,61
46,62
47,64
48,65
49,67
50,69
51,69
52,70
53,71
54,71
55,73
56,74
57,75
58,77
59,77
60,78
61,79
62,79
63,80
64,82
65,84
66,86
67,87
68,87
69,88
70,89
71,89
72,89
73,89
74,91
75,91
76,93
77,93
78,93
79,94
80,94
81,94
82,96
83,97
84,97
85,97
86,98
87,99
88,99
89,100
90,101
91,103
92,103
93,103
94,103
95,104
96,104
97,105
98,105
99,105
100,105
101,106
102,107
103,107
104,107
105,107
106,107
107,107
108,107
109,107
110,107
111,107
112,107
113,107
114,108
115,108
116,108
117,108
118,108
119,108
120,108
121,108
122,108
123,108
124,108
125,108
126,108
127,108
128,108
129,108
130,108
131,108
132,109
133,110
134,112
135,113
136,114
137,114
138,114
139,115
140,115
141,116
142,117
143,117
144,117
145,118
146,119
147,119
148,120
149,121
150,121
151,122
152,122
153,122
154,122
155,122
156,122
157,122
158,122
159,122
160,122
161,122
162,122
163,122
164,122
165,122
166,122
167,122
168,122
169,122
170,122
171,122
172,122
173,122
174,122
175,123
176,123
177,123
178,123
179,123
180,123
181,123
182,123
183,123
184,123
185,123
186,123
187,123
188,124
189,125
190,125
191,125
192,126
193,126
194,126
195,126
196,126
197,126
198,126
199,126
200,126
201,126
202,126
203,126
204,126
205,126
206,126
207,126
208,126
209,126
210,126
211,126
212,126
213,126
214,126
215,127
216,127
217,128
218,128
219,128
220,128
221,128
222,128
223,129
224,129
225,129
226,129
227,129
228,129
229,129
230,129
231,129
232,129
233,129
234,130
235,130
236,130
237,130
238,130
239,130
240,131
241,131
242,131
243,131
244,131
245,131
246,131
247,131
248,131
249,131
250,131
251,131
252,132
253,132
254,132
255,132
256,132
257,132
258,132
259,132
260,132
261,132
262,132
263,132
264,132
265,132
266,132
267,133
268,133
269,133
270,133
271,133
272,133
273,133
274,133
275,133
276,133
277,133
278,133
279,133
280,133
281,133
282,133
283,133
284,133
285,133
286,133
287,133
288,133
289,133
290,133
291,133
292,133
293,133
294,133
295,133
296,133
297,133
298,133
299,133
300,133
301,134
302,134
303,134
304,134
305,134
306,134
307,134
308,134
309,134
310,134
311,134
312,134
313,134
314,134
315,134
316,134
317,134
318,134
319,134
320,134
321,134
322,134
323,134
324,134
325,134
326,134
327,134
328,134
329,134
330,134
331,134
332,134
333,134
334,134
335,134
336,134
337,134
338,134
339,134
340,134
341,134
342,134
343,134
344,134
345,134
346,134
347,134
348,134
349,134
350,134
351,134
352,134
353,134
354,134
355,135
356,135
357,135
358,135
359,135
360,135
361,135
362,135
363,135
364,135
365,135
366,135
367,135
368,135
369,135
370,135
371,135
372,135
373,135
374,135
375,135
376,135
377,135
378,135
379,135
380,135
381,135
382,135
383,135
384,135
385,135
386,135
387,135
388,135
389,135
390,135
391,135
392,135
393,135
394,136
395,136
396,136
397,136
398,136
399,136
400,136
401,136
402,136
403,136
404,136
405,136
406,136
407,136
408,136
409,136
410,136
411,136
412,136
413,136
414,136
415,136
416,136
417,136
418,136
419,136
420,136
421,136
422,136
423,136
424,136
425,136
426,136
427,136
428,136
429,136
430,136
431,136
432,136
433,136
434,136
435,136
436,136
437,136
438,136
439,136
440,136
441,136
442,136
443,136
444,136
445,136
446,136
447,136
448,136
449,136
450,136
451,136
452,136
453,136
454,136
455,137
456,137
457,137
458,137
459,137
460,137
461,137
462,137
463,137
464,137
465,137
466,137
467,137
468,137
469,137
470,137
471,137
472,137
473,137
474,137
475,137
476,137
477,137
478,137
479,137
480,137
481,137
482,137
483,137
484,137
485,137
486,137
487,137
488,137
489,137
490,137
491,138
492,138
493,138
494,138
495,138
496,138
497,138
498,138
499,138
500,138
501,138
502,138
503,138
504,138
505,138
506,138
507,138
508,138
509,138
510,138
511,138
512,138
513,138
514,138
515,138
516,138
517,138
518,138
519,138
520,138
521,138
522,138
523,138
524,139
525,139
526,139
527,139
528,139
529,139
530,139
531,139
532,139
533,139
534,139
535,139
536,139
537,139
538,139
539,139
540,139
541,139
542,139
543,139
544,139
545,139
546,139
547,139
548,139
549,139
550,139
551,139
552,139
553,139
554,139
555,139
556,139
557,139
558,139
559,139
560,139
561,139
562,139
563,139
564,139
565,139
566,139
567,139
568,139
569,139
570,139
571,139
572,139
573,140
574,140
575,140
576,140
577,140
578,140
579,140
580,140
581,140
582,140
583,140
584,140
585,140
586,140
587,140
588,140
589,140
590,140
591,140
592,140
593,140
594,140
595,140
596,140
597,140
598,140
599,140
600,140
601,140
602,140
603,140
604,140
605,140
606,140
607,140
608,140
609,140
610,140
611,140
612,140
613,140
614,140
615,140
616,140
617,140
618,140
619,140
620,140
621,140
622,140
623,140
624,140
625,140
626,140
627,140
628,140
629,140
630,140
631,140
632,140
633,140
634,140
635,140
636,140
637,140
638,140
639,140
640,140
641,140
642,140
643,140
644,140
645,140
646,140
647,140
648,140
649,140
650,140
651,140
652,140
653,140
654,140
655,140
656,140
657,140
658,140
659,140
660,140
661,140
662,140
663,140
664,140
665,140
666,140
667,140
668,140
669,140
670,140
671,140
672,140
673,140
674,140
675,140
676,140
677,140
678,140
679,140
680,140
681,140
682,140
683,140
684,140
685,140
686,140
687,140
688,140
689,141
690,141
691,141
692,141
693,141
694,141
695,141
696,141
697,141
698,141
699,141
700,141
701,141
702,141
703,141
704,141
705,141
706,141
707,141
708,141
709,141
710,141
711,141
712,141
713,141
714,141
715,141
716,141
717,141
718,141
719,141
720,141
721,141
722,141
723,141
724,141
725,141
726,141
727,141
728,141
729,141
730,141
731,141
732,141
733,141
734,141
735,141
736,141
737,141
738,141
739,141
740,141
741,141
742,141
743,141
744,141
745,141
746,141
747,141
748,141
749,141
750,141
751,141
752,141
753,141
754,141
755,141
756,141
757,141
758,141
759,141
760,141
761,141
762,141
763,141
764,141
765,141
766,141
767,141
768,141
769,141
770,141
771,141
772,141
773,141
774,141
775,141
776,141
777,141
778,141
779,141
780,141
781,141
782,141
783,141
784,141
785,141
786,141
787,141
788,141
789,141
790,141
791,141
792,141
793,141
794,141
795,141
796,141
797,141
798,141
799,141
800,141
801,141
802,141
803,141
804,141
805,141
806,141
807,141
808,141
809,141
810,141
811,141
812,141
813,141
814,141
815,141
816,141
817,141
818,141
819,141
820,141
821,141
822,141
823,141
824,141
825,141
826,141
827,141
828,141
829,141
830,141
831,141
832,141
833,141
834,141
835,141
836,141
837,141
838,141
839,141
840,141
841,141
842,141
843,141
844,141
845,141
846,141
847,141
848,141
849,141
850,141
851,141
852,141
853,141
854,141
855,141
856,141
857,141
858,141
859,141
860,141
861,141
862,141
863,141
864,141
865,141
866,141
867,141
868,141
869,141
870,141
871,141
872,141
873,141
874,141
875,141
876,141
877,141
878,141
879,141
880,141
881,141
882,141
883,141
884,141
885,141
886,141
887,141
888,141
889,141
890,141
891,141
892,141
893,141
894,141
895,141
896,141
897,141
898,141
899,141
900,141
901,141
902,141
903,141
904,141
905,141
906,141
907,141
908,141
909,141
910,141
911,141
912,141
913,141
914,141
915,141
916,141
917,141
918,141
919,141
920,141
921,141
922,141
923,141
924,141
925,141
926,141
927,141
928,141
929,141
930,141
931,141
932,141
933,141
934,141
935,141
936,141
937,141
938,141
939,141
940,141
941,141
942,141
943,141
944,141
945,141
946,141
947,141
948,141
949,141
950,141
951,141
952,141
953,141
954,141
955,141
956,141
957,141
958,141
959,141
960,141
961,141
962,141
963,141
964,141
965,141
966,141
967,141
968,141
969,141
970,141
971,141
972,141
973,141
974,141
975,141
976,141
977,141
978,141
979,141
980,141
981,141
982,141
983,141
984,141
985,141
986,141
987,141
988,141
989,141
990,141
991,141
992,141
993,141
994,141
995,141
996,141
997,141
998,141
999,141
1000,141
1001,141
1002,141
1003,141
1004,141
1005,141
1006,141
1007,141
1008,141
1009,141
1010,141
1011,141
1012,141
1013,141
1014,141
1015,141
1016,141
1017,141
1018,141
1019,141
1020,141
1021,141
1022,141
1023,141
1024,141
1025,141
1026,141
1027,141
1028,141
1029,141
1030,141
1031,141
1032,141
1033,141
1034,141
1035,141
1036,141
1037,141
1038,141
1039,141
1040,141
1041,141
1042,141
1043,141
1044,141
1045,141
1046,141
1047,141
1048,141
1049,141
1050,141
1051,141
1052,141
1053,141
1054,141
1055,141
1056,141
1057,141
1058,141
1059,141
1060,141
1061,141
1062,141
1063,141
1064,141
1065,141
1066,141
1067,141
1068,141
1069,141
1070,141
1071,141
1072,141
1073,141
1074,141
1075,141
1076,141
1077,141
1078,141
1079,141
1080,141
1081,141
1082,141
1083,141
1084,141
1085,141
1086,141
1087,141
1088,141
1089,141
1090,141
1091,141
1092,141
1093,141
1094,141
1095,141
1096,141
1097,141
1098,141
1099,141
1100,141
1101,141
1102,141
1103,141
1104,141
1105,141
1106,141
1107,141
1108,141
1109,141
1110,141
1111,141
1112,141
1113,141
1114,141
1115,141
1116,141
1117,141
1118,141
1119,141
1120,141
1121,141
1122,141
1123,141
1124,141
1125,141
1126,141
1127,141
1128,141
1129,141
1130,141
1131,141
1132,141
1133,141
1134,141
1135,141
1136,141
1137,141
1138,141
1139,141
1140,141
1141,141
1142,141
1143,141
1144,141
1145,141
1146,141
1147,141
1148,141
1149,141
1150,141
1151,141
1152,141
1153,141
1154,141
1155,141
1156,141
1157,141
1158,141
1159,141
1160,141
1161,141
1162,141
1163,141
1164,141
1165,141
1166,141
1167,141
1168,141
1169,141
1170,141
1171,141
1172,141
1173,141
1174,141
1175,141
1176,141
1177,141
1178,141
1179,141
1180,141
1181,141
1182,141
1183,141
1184,141
1185,141
1186,141
1187,141
1188,141
1189,141
1190,141
1191,141
1192,141
1193,141
1194,141
1195,141
1196,141
1197,141
1198,141
1199,141
1200,141
1201,141
1202,141
1203,141
1204,141
1205,141
1206,141
1207,141
1208,141
1209,141
1210,141
1211,141
1212,141
1213,141
1214,141
1215,141
1216,141
1217,141
1218,142
1219,142
1220,143
1221,143
1222,143
1223,143
1224,143
1225,143
1226,143
1227,143
1228,143
1229,143
1230,143
1231,143
1232,143
1233,143
1234,143
1235,143
1236,143
1237,143
1238,143
1239,143
1240,143
1241,143
1242,143
1243,143
1244,143
1245,143
1246,143
1247,143
1248,143
1249,143
1250,143
1251,143
1252,143
1253,143
1254,143
1255,143
1256,143
1257,143
1258,143
1259,143
1260,143
1261,143
1262,143
1263,143
1264,143
1265,143
1266,143
1267,143
1268,143
1269,143
1270,143
1271,143
1272,143
1273,143
1274,143
1275,143
1276,143
1277,143
1278,143
1279,143
1280,143
1281,143
1282,143
1283,143
1284,143
1285,143
1286,143
1287,143
1288,143
1289,143
1290,143
1291,143
1292,143
1293,143
1294,143
1295,143
1296,143
1297,143
1298,143
1299,143
1300,143
1301,143
1302,143
1303,143
1304,143
1305,143
1306,143
1307,143
1308,143
1309,143
1310,143
1311,143
1312,143
1313,143
1314,143
1315,143
1316,143
1317,143
1318,143
1319,143
1320,143
1321,143
1322,143
1323,143
1324,143
1325,143
1326,143
1327,143
1328,143
1329,143
1330,143
1331,143
1332,143
1333,143
1334,143
1335,143
1336,143
1337,143
1338,143
1339,143
1340,143
1341,143
1342,143
1343,143
1344,143
1345,143
1346,143
1347,143
1348,143
1349,143
1350,143
1351,143
1352,143
1353,143
1354,143
1355,143
1356,143
1357,143
1358,143
1359,143
1360,143
1361,143
1362,143
1363,143
1364,143
1365,143
1366,143
1367,143
1368,143
1369,143
1370,143
1371,143
1372,143
1373,143
1374,143
1375,143
1376,143
1377,143
1378,143
1379,143
1380,143
1381,143
1382,143
1383,143
1384,143
1385,143
1386,143
1387,143
1388,143
1389,143
1390,143
1391,143
1392,143
1393,143
1394,143
1395,143
1396,143
1397,143
1398,143
1399,143
1400,143
1401,143
1402,143
1403,143
1404,143
1405,143
1406,143
1407,143
1408,143
1409,143
1410,143
1411,143
1412,143
1413,143
1414,143
1415,143
1416,143
1417,143
1418,143
1419,143
1420,143
1421,143
1422,143
1423,143
1424,143
1425,143
1426,143
1427,143
1428,143
1429,143
1430,143
1431,143
1432,143
1433,143
1434,143
1435,143
1436,143
1437,143
1438,143
1439,143
1440,143
1441,143
1442,143
1443,143
1444,143
1445,143
1446,143
1447,143
1448,143
1449,143
1450,143
1451,143
1452,143
1453,143
1454,143
1455,143
1456,143
1457,143
1458,143
1459,143
1460,143
1461,143
1462,143
1463,143
1464,143
1465,143
1466,143
1467,143
1468,143
1469,143
1470,143
1471,143
1472,143
1473,143
1474,143
1475,143
1476,143
1477,143
1478,143
1479,143
1480,143
1481,143
1482,143
1483,143
1484,143
1485,143
1486,143
1487,143
1488,143
1489,143
1490,143
1491,143
1492,143
1493,143
1494,143
1495,143
1496,143
1497,143
1498,143
1499,143
1500,143
1501,143
1502,143
1503,143
1504,143
1505,143
1506,143
1507,143
1508,143
1509,143
1510,143
1511,143
1512,143
1513,143
1514,143
1515,143
1516,143
1517,143
1518,143
1519,143
1520,143
1521,143
1522,143
1523,143
1524,143
1525,143
1526,143
1527,143
1528,143
1529,143
1530,143
1531,143
1532,143
1533,143
1534,143
1535,143
1536,143
1537,143
1538,143
1539,143
1540,143
1541,143
1542,143
1543,143
1544,143
1545,143
1546,143
1547,143
1548,143
1549,143
1550,143
1551,143
1552,143
1553,143
1554,143
1555,143
1556,143
1557,143
1558,143
1559,143
1560,143
1561,143
1562,143
1563,143
1564,143
1565,143
1566,143
1567,143
1568,143
1569,143
1570,143
1571,143
1572,143
1573,143
1574,143
1575,143
1576,143
1577,143
1578,143
1579,143
1580,143
1581,143
1582,143
1583,143
1584,143
1585,143
1586,143
1587,143
1588,143
1589,143
1590,143
1591,143
1592,143
1593,143
1594,143
1595,143
1596,143
1597,143
1598,143
1599,143
1600,143
1601,143
1602,143
1603,143
1604,143
1605,143
1606,143
1607,143
1608,143
1609,143
1610,143
1611,143
1612,143
1613,143
1614,143
1615,143
1616,143
1617,143
1618,143
1619,143
1620,143
1621,143
1622,143
1623,143
1624,143
1625,143
1626,143
1627,143
1628,143
1629,143
1630,143
1631,143
1632,143
1633,143
1634,143
1635,143
1636,143
1637,143
1638,143
1639,143
1640,143
1641,143
1642,143
1643,143
1644,143
1645,143
1646,143
1647,143
1648,143
1649,143
1650,143
1651,143
1652,143
1653,143
1654,143
1655,143
1656,143
1657,143
1658,143
1659,143
1660,143
1661,143
1662,143
1663,143
1664,143
1665,143
1666,143
1667,143
1668,143
1669,143
1670,143
1671,143
1672,143
1673,143
1674,143
1675,143
1676,143
1677,143
1678,143
1679,143
1680,143
1681,143
1682,143
1683,143
1684,143
1685,143
1686,143
1687,143
1688,143
1689,143
1690,143
1691,143
1692,143
1693,143
1694,143
1695,143
1696,143
1697,143
1698,143
1699,143
1700,143
1701,143
1702,143
1703,143
1704,143
1705,143
1706,143
1707,143
1708,143
1709,143
1710,143
1711,143
1712,143
1713,143
1714,143
1715,143
1716,143
1717,143
1718,143
1719,143
1720,143
1721,143
1722,143
1723,143
1724,143
1725,143
1726,143
1727,143
1728,143
1729,143
1730,143
1731,143
1732,143
1733,143
1734,143
1735,143
1736,143
1737,143
1738,143
1739,143
1740,143
1741,143
1742,143
1743,143
1744,143
1745,143
1746,143
1747,143
1748,143
1749,143
1750,143
1751,143
1752,143
1753,143
1754,143
1755,143
1756,143
1757,143
1758,143
1759,143
1760,143
1761,143
1762,143
1763,143
1764,143
1765,143
1766,143
1767,143
1768,143
1769,143
1770,143
1771,143
1772,143
1773,143
1774,143
1775,143
1776,143
1777,143
1778,143
1779,143
1780,143
1781,143
1782,143
1783,143
1784,143
1785,143
1786,143
1787,143
1788,143
1789,143
1790,143
1791,143
1792,143
1793,143
1794,143
1795,143
1796,143
1797,143
1798,143
1799,143
1800,143
1801,143
1802,143
1803,143
1804,143
1805,143
1806,143
1807,143
1808,143
1809,143
1810,143
1811,143
1812,143
1813,143
1814,143
1815,143
1816,143
1817,143
1818,143
1819,143
1820,143
1821,143
1822,143
1823,143
1824,143
1825,143
1826,143
1827,143
1828,143
1829,143
1830,143
1831,143
1832,143
1833,143
1834,143
1835,143
1836,143
1837,143
1838,143
1839,143
1840,143
1841,143
1842,143
1843,143
1844,143
1845,143
1846,143
1847,143
1848,143
1849,143
1850,143
1851,143
1852,143
1853,143
1854,143
1855,143
1856,143
1857,143
1858,143
1859,143
1860,143
1861,143
1862,143
1863,143
1864,143
1865,143
1866,143
1867,143
1868,143
1869,143
1870,143
1871,143
1872,143
1873,143
1874,143
1875,143
1876,143
1877,143
1878,143
1879,143
1880,143
1881,143
1882,143
1883,143
1884,143
1885,143
1886,143
1887,143
1888,143
1889,143
1890,143
1891,143
1892,143
1893,143
1894,143
1895,143
1896,143
1897,143
1898,143
1899,143
1900,143
1901,143
1902,143
1903,143
1904,143
1905,143
1906,143
1907,143
1908,143
1909,143
1910,143
1911,143
1912,143
1913,143
1914,143
1915,143
1916,143
1917,143
1918,143
1919,143
1920,143
1921,143
1922,143
1923,143
1924,143
1925,143
1926,143
1927,143
1928,143
1929,143
1930,143
1931,143
1932,143
1933,143
1934,143
1935,143
1936,143
1937,143
1938,143
1939,143
1940,143
1941,143
1942,143
1943,143
1944,143
1945,143
1946,143
1947,143
1948,143
1949,143
1950,143
1951,143
1952,143
1953,143
1954,143
1955,143
1956,143
1957,143
1958,143
1959,143
1960,143
1961,143
1962,143
1963,143
1964,143
1965,143
1966,143
1967,143
1968,143
1969,143
1970,143
1971,143
1972,143
1973,143
1974,143
1975,143
1976,143
1977,143
1978,143
1979,143
1980,143
1981,143
1982,143
1983,143
1984,143
1985,143
1986,143
1987,143
1988,143
1989,143
1990,143
1991,143
1992,143
1993,143
1994,143
1995,143
1996,143
1997,143
1998,143
1999,143
2000,143
2001,143
2002,143
2003,143
2004,143
2005,143
2006,143
2007,143
2008,143
2009,143
2010,143
2011,143
2012,143
2013,143
2014,143
2015,143
2016,143
2017,143
2018,143
2019,143
2020,143
2021,143
2022,143
2023,143
2024,143
2025,143
2026,143
2027,143
2028,143
2029,143
2030,143
2031,143
2032,143
2033,143
2034,143
2035,143
2036,143
2037,143
2038,143
2039,143
2040,143
2041,143
2042,143
2043,143
2044,143
2045,143
2046,143
2047,143
2048,143
2049,143
2050,143
2051,143
2052,143
2053,143
2054,143
2055,143
2056,143
2057,143
2058,143
2059,143
2060,143
2061,143
2062,143
2063,143
2064,143
2065,143
2066,143
2067,143
2068,143
2069,143
2070,143
2071,143
2072,143
2073,143
2074,143
2075,143
2076,143
2077,143
2078,143
2079,143
2080,143
2081,143
2082,143
2083,143
2084,143
2085,143
2086,143
2087,143
2088,143
2089,143
2090,143
2091,143
2092,143
2093,143
2094,143
2095,143
2096,143
2097,143
2098,143
2099,143
2100,143
2101,143
2102,143
2103,143
2104,143
2105,143
2106,143
2107,143
2108,143
2109,143
2110,143
2111,143
2112,143
2113,143
2114,143
2115,143
2116,143
2117,143
2118,143
2119,143
2120,143
2121,143
2122,143
2123,143
2124,143
2125,143
2126,143
2127,143
2128,143
2129,143
2130,143
2131,143
2132,143
2133,143
2134,143
2135,143
2136,143
2137,143
2138,143
2139,143
2140,143
2141,143
2142,143
2143,143
2144,143
2145,143
2146,143
2147,143
2148,143
2149,143
2150,143
2151,143
2152,143
2153,143
2154,143
2155,143
2156,143
2157,143
2158,143
2159,143
2160,143
2161,143
2162,143
2163,143
2164,143
2165,143
2166,143
2167,143
2168,143
2169,143
2170,143
2171,143
2172,143
2173,143
2174,143
2175,143
2176,143
2177,143
2178,143
2179,143
2180,143
2181,143
2182,143
2183,143
2184,143
2185,143
2186,143
2187,143
2188,143
2189,143
2190,143
2191,143
2192,143
2193,143
2194,143
2195,143
2196,143
2197,143
2198,143
2199,143
2200,143
2201,143
2202,143
2203,143
2204,143
2205,143
2206,143
2207,143
2208,143
2209,143
2210,143
2211,143
2212,143
2213,143
2214,143
2215,143
2216,143
2217,143
2218,143
2219,143
2220,143
2221,143
2222,143
2223,143
2224,143
2225,143
2226,143
2227,143
2228,143
2229,143
2230,143
2231,143
2232,143
2233,143
2234,143
2235,143
2236,143
2237,143
2238,143
2239,143
2240,143
2241,143
2242,143
2243,143
2244,143
2245,143
2246,143
2247,143
2248,143
2249,143
2250,143
2251,143
2252,143
2253,143
2254,143
2255,143
2256,143
2257,143
2258,143
2259,143
2260,143
2261,143
2262,143
2263,143
2264,143
2265,143
2266,143
2267,143
2268,143
2269,143
2270,143
2271,143
2272,143
2273,143
2274,143
2275,143
2276,143
2277,143
2278,143
2279,143
2280,143
2281,143
2282,143
2283,143
2284,143
2285,143
2286,143
2287,143
2288,143
2289,143
2290,143
2291,143
2292,143
2293,143
2294,143
2295,143
2296,143
2297,143
2298,143
2299,143
2300,143
2301,143
2302,143
2303,143
2304,143
2305,143
2306,143
2307,143
2308,143
2309,143
2310,143
2311,143
2312,143
2313,143
2314,143
2315,143
2316,143
2317,143
2318,143
2319,143
2320,143
2321,143
2322,143
2323,143
2324,143
2325,143
2326,143
2327,143
2328,143
2329,143
2330,143
2331,143
2332,143
2333,143
2334,143
2335,143
2336,143
2337,143
2338,143
2339,143
2340,143
2341,143
2342,143
2343,143
2344,143
2345,143
2346,143
2347,143
2348,143
2349,143
2350,143
2351,143
2352,143
2353,143
2354,143
2355,143
2356,143
2357,143
2358,143
2359,143
2360,143
2361,143
2362,143
2363,143
2364,143
2365,143
2366,143
2367,143
2368,143
2369,143
2370,143
2371,143
2372,143
2373,143
2374,143
2375,143
2376,143
2377,143
2378,143
2379,143
2380,143
2381,143
2382,143
2383,143
2384,143
2385,143
2386,143
2387,143
2388,143
2389,143
2390,143
2391,143
2392,143
2393,143
2394,143
2395,143
2396,143
2397,143
2398,143
2399,143
2400,143
2401,143
2402,143
2403,143
2404,143
2405,143
2406,143
2407,143
2408,143
2409,143
2410,143
2411,143
2412,143
2413,143
2414,143
2415,143
2416,143
2417,143
2418,143
2419,143
2420,143
2421,143
2422,143
2423,143
2424,143
2425,143
2426,143
2427,143
2428,143
2429,143
2430,143
2431,143
2432,143
2433,143
2434,143
2435,143
2436,143
2437,143
2438,143
2439,143
2440,143
2441,143
2442,143
2443,143
2444,143
2445,143
2446,143
2447,143
2448,143
2449,143
2450,143
2451,143
2452,143
2453,143
2454,143
2455,143
2456,143
2457,143
2458,143
2459,143
2460,143
2461,143
2462,143
2463,143
2464,143
2465,143
2466,143
2467,143
2468,143
2469,143
2470,143
2471,143
2472,143
2473,143
2474,143
2475,143
2476,143
2477,143
2478,143
2479,143
2480,143
2481,143
2482,143
2483,143
2484,143
2485,143
2486,143
2487,143
2488,143
2489,143
2490,143
2491,143
2492,143
2493,143
2494,143
2495,143
2496,143
2497,143
2498,143
2499,143
2500,143
2501,143
2502,143
2503,143
2504,143
2505,143
2506,143
2507,143
2508,143
2509,143
2510,143
2511,143
2512,143
2513,143
2514,144
2515,144
2516,144
2517,144
2518,144
2519,144
2520,144
2521,144
2522,144
2523,144
2524,144
2525,144
2526,144
2527,144
2528,144
2529,144
2530,144
2531,144
2532,144
2533,144
2534,144
2535,144
2536,144
2537,144
2538,144
2539,144
2540,144
2541,144
2542,144
2543,144
2544,144
2545,144
2546,144
2547,144
2548,144
2549,144
2550,144
2551,144
2552,144
2553,144
2554,144
2555,144
2556,144
2557,144
2558,144
2559,144
2560,144
2561,144
2562,144
2563,144
2564,144
2565,144
2566,144
2567,144
2568,144
2569,144
2570,144
2571,144
2572,144
2573,144
2574,144
2575,144
2576,144
2577,144
2578,144
2579,144
2580,144
2581,144
2582,144
2583,144
2584,144
2585,144
2586,144
2587,144
2588,144
2589,144
2590,144
2591,144
2592,144
2593,144
2594,144
2595,144
2596,144
2597,144
2598,144
2599,144
2600,144
2601,144
2602,144
2603,144
2604,144
2605,144
2606,144
2607,144
2608,144
2609,144
2610,144
2611,144
2612,144
2613,144
2614,144
2615,144
2616,144
2617,144
2618,144
2619,144
2620,144
2621,144
2622,144
2623,144
2624,144
2625,144
2626,144
2627,144
2628,144
2629,144
2630,144
2631,144
2632,144
2633,144
2634,144
2635,144
2636,144
2637,144
2638,144
2639,144
2640,144
2641,144
2642,144
2643,144
2644,144
2645,144
2646,144
2647,144
2648,144
2649,144
2650,144
2651,144
2652,144
2653,144
2654,144
2655,144
2656,144
2657,144
2658,144
2659,144
2660,144
2661,144
2662,144
2663,144
2664,144
2665,144
2666,144
2667,144
2668,144
2669,144
2670,144
2671,144
2672,144
2673,144
2674,144
2675,144
2676,144
2677,144
2678,144
2679,144
2680,144
2681,144
2682,144
2683,144
2684,144
2685,144
2686,144
2687,144
2688,144
2689,144
2690,144
2691,144
2692,144
2693,144
2694,144
2695,144
2696,144
2697,144
2698,144
2699,144
2700,144
2701,144
2702,144
2703,144
2704,144
2705,144
2706,144
2707,144
2708,144
2709,144
2710,144
2711,144
2712,144
2713,144
2714,144
2715,144
2716,144
2717,144
2718,144
2719,144
2720,144
2721,144
2722,144
2723,144
2724,144
2725,144
2726,144
2727,144
2728,144
2729,144
2730,144
2731,144
2732,144
2733,144
2734,144
2735,144
2736,144
2737,144
2738,144
2739,144
2740,144
2741,144
2742,144
2743,144
2744,144
2745,144
2746,144
2747,144
2748,144
2749,144
2750,144
2751,144
2752,144
2753,144
2754,144
2755,144
2756,144
2757,144
2758,144
2759,144
2760,144
2761,144
2762,144
2763,144
2764,144
2765,144
2766,144
2767,144
2768,144
2769,144
2770,144
2771,144
2772,144
2773,144
2774,144
2775,144
2776,144
2777,144
2778,144
2779,144
2780,144
2781,144
2782,144
2783,144
2784,144
2785,144
2786,144
2787,144
2788,144
2789,144
2790,144
2791,144
2792,144
2793,144
2794,144
2795,144
2796,144
2797,144
2798,144
2799,144
2800,144
2801,144
2802,144
2803,144
2804,144
2805,144
2806,144
2807,144
2808,144
2809,144
2810,144
2811,144
2812,144
2813,144
2814,144
2815,144
2816,144
2817,144
2818,144
2819,144
2820,144
2821,144
2822,144
2823,144
2824,144
2825,144
2826,144
2827,144
2828,144
2829,144
2830,144
2831,144
2832,144
2833,144
2834,144
2835,144
2836,144
2837,144
2838,144
2839,144
2840,144
2841,144
2842,144
2843,144
2844,144
2845,144
2846,144
2847,144
2848,144
2849,144
2850,144
2851,144
2852,144
2853,144
2854,144
2855,144
2856,144
2857,144
2858,144
2859,144
2860,144
2861,144
2862,144
2863,144
2864,144
2865,144
2866,144
2867,144
2868,144
2869,144
2870,144
2871,144
2872,144
2873,144
2874,144
2875,144
2876,144
2877,144
2878,144
2879,144
2880,144
2881,144
2882,144
2883,144
2884,144
2885,144
2886,144
2887,144
2888,144
2889,144
2890,144
2891,144
2892,144
2893,144
2894,144
2895,144
2896,144
2897,144
2898,144
2899,144
2900,144
2901,144
2902,144
2903,144
2904,144
2905,144
2906,144
2907,144
2908,144
2909,144
2910,144
2911,144
2912,144
2913,144
2914,144
2915,144
2916,144
2917,144
2918,144
2919,144
2920,144
2921,144
2922,144
2923,144
2924,144
2925,144
2926,144
2927,144
2928,144
2929,144
2930,144
2931,144
2932,144
2933,144
2934,144
2935,144
2936,144
2937,144
2938,144
2939,144
2940,144
2941,144
2942,144
2943,144
2944,144
2945,144
2946,144
2947,144
2948,144
2949,144
2950,144
2951,144
2952,144
2953,144
2954,144
2955,144
2956,144
2957,144
2958,144
2959,144
2960,144
2961,144
2962,144
2963,144
2964,144
2965,144
2966,144
2967,144
2968,144
2969,144
2970,144
2971,144
2972,144
2973,144
2974,144
2975,144
2976,144
2977,144
2978,144
2979,144
2980,144
2981,144
2982,144
2983,144
2984,144
2985,144
2986,144
2987,144
2988,144
2989,144
2990,144
2991,144
2992,144
2993,144
2994,144
2995,144
2996,144
2997,144
2998,144
2999,144
3000,144
3001,144
3002,144
3003,144
3004,144
3005,144
3006,144
3007,144
3008,144
3009,144
3010,144
3011,144
3012,144
3013,144
3014,144
3015,144
3016,144
3017,144
3018,144
3019,144
3020,144
3021,144
3022,144
3023,144
3024,144
3025,144
3026,144
3027,144
3028,144
3029,144
3030,144
3031,144
3032,144
3033,144
3034,144
3035,144
3036,144
3037,144
3038,144
3039,144
3040,144
3041,144
3042,144
3043,144
3044,144
3045,144
3046,144
3047,144
3048,144
3049,144
3050,144
3051,144
3052,144
3053,144
3054,144
3055,144
3056,144
3057,144
3058,144
3059,144
3060,144
3061,144
3062,144
3063,144
3064,144
3065,144
3066,144
3067,144
3068,144
3069,144
3070,144
3071,144
3072,144
3073,144
3074,144
3075,144
3076,144
3077,144
3078,144
3079,144
3080,144
3081,144
3082,144
3083,144
3084,144
3085,144
3086,144
3087,144
3088,144
3089,144
3090,144
3091,144
3092,144
3093,144
3094,144
3095,144
3096,144
3097,144
3098,144
3099,144
3100,144
3101,144
3102,144
3103,144
3104,144
3105,144
3106,144
3107,144
3108,144
3109,144
3110,144
3111,144
3112,144
3113,144
3114,144
3115,144
3116,144
3117,144
3118,144
3119,144
3120,144
3121,144
3122,144
3123,144
3124,144
3125,144
3126,144
3127,144
3128,144
3129,144
3130,144
3131,144
3132,144
3133,144
3134,144
3135,144
3136,144
3137,144
3138,144
3139,144
3140,144
3141,144
3142,144
3143,144
3144,144
3145,144
3146,144
3147,144
3148,144
3149,144
3150,144
3151,144
3152,144
3153,144
3154,144
3155,144
3156,144
3157,144
3158,144
3159,144
3160,144
3161,144
3162,144
3163,144
3164,144
3165,144
3166,144
3167,144
3168,144
3169,144
3170,144
3171,144
3172,144
3173,144
3174,144
3175,144
3176,144
3177,144
3178,144
3179,144
3180,144
3181,144
3182,144
3183,144
3184,144
3185,144
3186,144
3187,144
3188,144
3189,144
3190,144
3191,144
3192,144
3193,144
3194,144
3195,144
3196,144
3197,144
3198,144
3199,144
3200,144
3201,144
3202,144
3203,144
3204,144
3205,144
3206,144
3207,144
3208,144
3209,144
3210,144
3211,144
3212,144
3213,144
3214,144
3215,144
3216,144
3217,144
3218,144
3219,144
3220,144
3221,144
3222,144
3223,144
3224,144
3225,144
3226,144
3227,144
3228,144
3229,144
3230,144
3231,144
3232,144
3233,144
3234,144
3235,144
3236,144
3237,144
3238,144
3239,144
3240,144
3241,144
3242,144
3243,144
3244,144
3245,144
3246,144
3247,144
3248,144
3249,144
3250,144
3251,144
3252,144
3253,144
3254,144
3255,144
3256,144
3257,144
3258,144
3259,144
3260,144
3261,144
3262,144
3263,144
3264,144
3265,144
3266,144
3267,144
3268,144
3269,144
3270,144
3271,144
3272,144
3273,144
3274,144
3275,144
3276,144
3277,144
3278,144
3279,144
3280,144
3281,144
3282,144
3283,144
3284,144
3285,144
3286,144
3287,144
3288,144
3289,144
3290,144
3291,144
3292,144
3293,144
3294,144
3295,144
3296,144
3297,144
3298,144
3299,144
3300,144
3301,144
3302,144
3303,144
3304,144
3305,144
3306,144
3307,144
3308,144
3309,144
3310,144
3311,144
3312,144
3313,144
3314,144
3315,144
3316,144
3317,144
3318,144
3319,144
3320,144
3321,144
3322,144
3323,144
3324,144
3325,144
3326,144
3327,144
3328,144
3329,144
3330,144
3331,144
3332,144
3333,144
3334,144
3335,144
3336,144
3337,144
3338,144
3339,144
3340,144
3341,144
3342,144
3343,144
3344,144
3345,144
3346,144
3347,144
3348,144
3349,144
3350,144
3351,144
3352,144
3353,144
3354,144
3355,144
3356,144
3357,144
3358,144
3359,144
3360,144
3361,144
3362,144
3363,144
3364,144
3365,144
3366,144
3367,144
3368,144
3369,144
3370,144
3371,144
3372,144
3373,144
3374,144
3375,144
3376,144
3377,144
3378,144
3379,144
3380,144
3381,144
3382,144
3383,144
3384,144
3385,144
3386,144
3387,144
3388,144
3389,144
3390,144
3391,144
3392,144
3393,144
3394,144
3395,144
3396,144
3397,144
3398,144
3399,144
3400,144
3401,144
3402,144
3403,144
3404,144
3405,144
3406,144
3407,144
3408,144
3409,144
3410,144
3411,144
3412,144
3413,144
3414,144
3415,144
3416,144
3417,144
3418,144
3419,144
3420,144
3421,144
3422,144
3423,144
3424,144
3425,144
3426,144
3427,144
3428,144
3429,144
3430,144
3431,144
3432,144
3433,144
3434,144
3435,144
3436,144
3437,144
3438,144
3439,144
3440,144
3441,144
3442,144
3443,144
3444,144
3445,144
3446,144
3447,144
3448,144
3449,144
3450,144
3451,144
3452,144
3453,144
3454,144
3455,144
3456,144
3457,144
3458,144
3459,144
3460,144
3461,144
3462,144
3463,144
3464,144
3465,144
3466,144
3467,144
3468,144
3469,144
3470,144
3471,144
3472,144
3473,144
3474,144
3475,144
3476,144
3477,144
3478,144
3479,144
3480,144
3481,144
3482,144
3483,144
3484,144
3485,144
3486,144
3487,144
3488,144
3489,144
3490,144
3491,144
3492,144
3493,144
3494,144
3495,144
3496,144
3497,144
3498,144
3499,144
3500,144
3501,144
3502,144
3503,144
3504,144
3505,144
3506,144
3507,144
3508,144
3509,144
3510,144
3511,144
3512,144
3513,144
3514,144
3515,144
3516,144
3517,144
3518,144
3519,144
3520,144
3521,144
3522,144
3523,144
3524,144
3525,144
3526,144
3527,144
3528,144
3529,144
3530,144
3531,144
3532,144
3533,145
