0,0
1,5
2,10
3,15
4,20
5,25
6,28
7,32
8,34
9,39
10,43
11,44
12,46
13,49
14,52
15,56
16,59
17,60
18,61
19,64
20,65
21,66
22,69
23,69
24,70
25,70
26,71
27,72
28,74
29,74
30,75
31,76
32,77
33,79
34,80
35,80
36,81
37,82
38,83
39,84
40,84
41,84
42,86
43,87
44,87
45,88
46,88
47,89
48,89
49,89
50,89
51,89
52,89
53,89
54,89
55,89
56,89
57,90
58,91
59,92
60,94
61,95
62,95
63,95
64,95
65,95
66,96
67,96
68,96
69,96
70,96
71,96
72,96
73,96
74,96
75,97
76,97
77,97
78,97
79,97
80,97
81,97
82,97
83,97
84,97
85,98
86,99
87,100
88,101
89,102
90,103
91,103
92,103
93,103
94,103
95,103
96,103
97,103
98,103
99,103
100,103
101,104
102,104
103,104
104,104
105,104
106,104
107,104
108,104
109,104
110,104
111,104
112,104
113,104
114,104
115,104
116,104
117,104
118,104
119,104
120,104
121,104
122,105
123,106
124,106
125,108
126,108
127,108
128,108
129,108
130,109
131,110
132,110
133,110
134,111
135,111
136,111
137,112
138,113
139,113
140,113
141,114
142,115
143,115
144,115
145,115
146,115
147,115
148,116
149,116
150,116
151,117
152,117
153,117
154,117
155,117
156,117
157,117
158,117
159,117
160,117
161,117
162,117
163,117
164,117
165,117
166,117
167,117
168,117
169,117
170,117
171,117
172,117
173,117
174,117
175,117
176,117
177,117
178,117
179,117
180,118
181,119
182,120
183,120
184,120
185,120
186,120
187,120
188,120
189,120
190,120
191,120
192,120
193,120
194,120
195,120
196,120
197,120
198,120
199,120
200,121
201,121
202,121
203,121
204,121
205,122
206,122
207,123
208,123
209,123
210,123
211,123
212,123
213,124
214,124
215,124
216,124
217,124
218,124
219,124
220,124
221,124
222,124
223,124
224,124
225,124
226,124
227,124
228,124
229,124
230,124
231,124
232,124
233,124
234,124
235,124
236,124
237,124
238,124
239,124
240,124
241,124
242,124
243,124
244,124
245,124
246,124
247,124
248,124
249,124
250,124
251,124
252,124
253,124
254,124
255,125
256,126
257,127
258,128
259,128
260,128
261,128
262,128
263,128
264,128
265,128
266,128
267,128
268,128
269,128
270,128
271,128
272,128
273,128
274,128
275,128
276,128
277,128
278,128
279,128
280,128
281,128
282,128
283,128
284,128
285,128
286,128
287,129
288,129
289,129
290,129
291,129
292,129
293,129
294,129
295,129
296,131
297,132
298,132
299,132
300,133
301,134
302,134
303,134
304,135
305,135
306,136
307,137
308,137
309,138
310,138
311,138
312,138
313,138
314,138
315,139
316,139
317,139
318,139
319,139
320,140
321,141
322,141
323,141
324,141
325,142
326,142
327,142
328,142
329,142
330,142
331,142
332,142
333,142
334,142
335,142
336,142
337,142
338,142
339,142
340,142
341,142
342,142
343,142
344,142
345,142
346,142
347,142
348,142
349,142
350,142
351,142
352,142
353,142
354,142
355,142
356,142
357,142
358,142
359,142
360,142
361,142
362,142
363,142
364,142
365,142
366,142
367,142
368,142
369,142
370,142
371,142
372,142
373,142
374,142
375,142
376,142
377,142
378,142
379,142
380,142
381,142
382,142
383,142
384,142
385,142
386,142
387,142
388,142
389,142
390,142
391,142
392,142
393,142
394,142
395,142
396,142
397,142
398,142
399,142
400,142
401,142
402,142
403,142
404,142
405,142
406,142
407,142
408,142
409,142
410,142
411,142
412,142
413,142
414,142
415,142
416,142
417,142
418,142
419,142
420,142
421,142
422,142
423,142
424,142
425,142
426,142
427,142
428,142
429,142
430,142
431,142
432,142
433,142
434,142
435,142
436,142
437,142
438,142
439,142
440,142
441,142
442,142
443,142
444,142
445,142
446,142
447,142
448,142
449,142
450,142
451,142
452,142
453,142
454,142
455,142
456,142
457,142
458,142
459,142
460,142
461,142
462,142
463,142
464,142
465,142
466,142
467,142
468,142
469,142
470,142
471,142
472,142
473,142
474,142
475,142
476,142
477,142
478,142
479,142
480,142
481,142
482,142
483,142
484,142
485,142
486,142
487,142
488,142
489,142
490,142
491,142
492,142
493,142
494,142
495,142
496,142
497,142
498,142
499,142
500,142
501,142
502,142
503,142
504,142
505,142
506,142
507,142
508,142
509,142
510,142
511,142
512,142
513,142
514,142
515,142
516,142
517,142
518,142
519,142
520,142
521,142
522,142
523,142
524,142
525,142
526,142
527,142
528,142
529,142
530,142
531,142
532,142
533,142
534,142
535,142
536,142
537,142
538,142
539,142
540,142
541,142
542,142
543,142
544,142
545,142
546,142
547,142
548,142
549,142
550,142
551,142
552,142
553,142
554,142
555,142
556,142
557,142
558,142
559,142
560,142
561,142
562,142
563,142
564,142
565,142
566,142
567,142
568,142
569,142
570,142
571,142
572,142
573,142
574,142
575,142
576,142
577,142
578,142
579,142
580,142
581,142
582,142
583,142
584,142
585,142
586,142
587,142
588,142
589,142
590,142
591,142
592,142
593,142
594,142
595,142
596,142
597,142
598,142
599,142
600,142
601,142
602,142
603,142
604,142
605,142
606,143
607,143
608,143
609,143
610,144
611,144
612,144
613,144
614,144
615,144
616,144
617,144
618,144
619,144
620,144
621,144
622,144
623,144
624,144
625,144
626,144
627,144
628,144
629,144
630,144
631,144
632,144
633,144
634,144
635,144
636,144
637,144
638,144
639,144
640,144
641,144
642,144
643,144
644,144
645,144
646,144
647,144
648,144
649,144
650,144
651,144
652,144
653,144
654,144
655,144
656,144
657,144
658,144
659,144
660,144
661,144
662,144
663,144
664,144
665,144
666,144
667,144
668,144
669,144
670,144
671,144
672,144
673,144
674,144
675,144
676,144
677,144
678,144
679,144
680,144
681,144
682,144
683,144
684,144
685,144
686,144
687,144
688,144
689,144
690,144
691,144
692,144
693,144
694,144
695,144
696,144
697,144
698,144
699,144
700,144
701,144
702,144
703,144
704,144
705,144
706,144
707,144
708,144
709,144
710,144
711,144
712,144
713,144
714,144
715,144
716,144
717,144
718,144
719,144
720,144
721,144
722,144
723,144
724,144
725,144
726,144
727,144
728,144
729,144
730,144
731,144
732,144
733,144
734,144
735,144
736,144
737,144
738,144
739,144
740,144
741,144
742,144
743,144
744,144
745,144
746,144
747,144
748,144
749,144
750,144
751,144
752,144
753,144
754,144
755,144
756,144
757,144
758,144
759,144
760,144
761,144
762,144
763,144
764,144
765,144
766,144
767,144
768,144
769,144
770,144
771,144
772,144
773,144
774,144
775,144
776,144
777,144
778,144
779,144
780,144
781,144
782,144
783,144
784,144
785,144
786,144
787,144
788,144
789,144
790,144
791,144
792,144
793,144
794,144
795,144
796,144
797,144
798,144
799,144
800,144
801,144
802,144
803,144
804,144
805,144
806,144
807,144
808,144
809,144
810,144
811,144
812,144
813,144
814,144
815,144
816,144
817,144
818,144
819,144
820,144
821,144
822,144
823,144
824,144
825,144
826,145
