0,0
1,5
2,10
3,15
4,19
5,21
6,25
7,28
8,32
9,36
10,36
11,40
12,41
13,44
14,48
15,49
16,51
17,54
18,57
19,59
20,59
21,62
22,63
23,64
24,65
25,66
26,66
27,67
28,67
29,68
30,68
31,68
32,69
33,70
34,70
35,73
36,73
37,74
38,74
39,75
40,76
41,77
42,78
43,79
44,79
45,81
46,82
47,84
48,85
49,86
50,87
51,88
52,90
53,90
54,90
55,91
56,92
57,92
58,92
59,92
60,92
61,92
62,92
63,93
64,94
65,94
66,94
67,94
68,94
69,94
70,94
71,96
72,96
73,96
74,96
75,96
76,96
77,96
78,96
79,96
80,96
81,96
82,96
83,96
84,97
85,98
86,99
87,100
88,101
89,102
90,105
91,107
92,109
93,110
94,111
95,113
96,114
97,114
98,114
99,114
100,114
101,114
102,115
103,116
104,116
105,118
106,120
107,120
108,121
109,121
110,122
111,122
112,122
113,122
114,122
115,123
116,123
117,123
118,123
119,123
120,123
121,123
122,123
123,123
124,123
125,123
126,123
127,123
128,123
129,123
130,123
131,123
132,123
133,123
134,123
135,123
136,123
137,123
138,123
139,123
140,123
141,123
142,124
143,125
144,125
145,125
146,125
147,125
148,125
149,125
150,125
151,125
152,125
153,125
154,125
155,125
156,125
157,125
158,125
159,125
160,125
161,125
162,125
163,125
164,125
165,126
166,126
167,127
168,127
169,128
170,128
171,128
172,128
173,128
174,128
175,128
176,128
177,128
178,128
179,128
180,128
181,128
182,128
183,128
184,129
185,130
186,131
187,131
188,131
189,131
190,131
191,131
192,131
193,131
194,131
195,131
196,131
197,131
198,131
199,131
200,131
201,131
202,131
203,131
204,131
205,131
206,131
207,131
208,131
209,131
210,131
211,131
212,131
213,131
214,131
215,131
216,131
217,131
218,131
219,131
220,131
221,131
222,131
223,131
224,131
225,131
226,131
227,131
228,131
229,131
230,131
231,131
232,131
233,131
234,131
235,131
236,131
237,131
238,131
239,131
240,131
241,131
242,131
243,131
244,131
245,132
246,132
247,132
248,132
249,132
250,132
251,132
252,132
253,132
254,132
255,132
256,132
257,132
258,132
259,132
260,132
261,132
262,132
263,132
264,132
265,132
266,132
267,132
268,132
269,132
270,132
271,132
272,132
273,132
274,132
275,132
276,132
277,132
278,132
279,132
280,132
281,132
282,132
283,132
284,132
285,132
286,132
287,132
288,132
289,132
290,132
291,132
292,132
293,132
294,132
295,132
296,132
297,132
298,132
299,132
300,132
301,132
302,132
303,132
304,132
305,132
306,132
307,132
308,132
309,132
310,132
311,132
312,132
313,132
314,132
315,132
316,132
317,132
318,132
319,132
320,132
321,132
322,132
323,132
324,132
325,132
326,132
327,132
328,132
329,132
330,132
331,132
332,132
333,133
334,133
335,133
336,133
337,133
338,133
339,133
340,133
341,133
342,133
343,133
344,133
345,133
346,133
347,133
348,133
349,133
350,133
351,133
352,133
353,133
354,133
355,133
356,133
357,133
358,133
359,133
360,133
361,133
362,133
363,133
364,133
365,133
366,133
367,133
368,133
369,133
370,133
371,133
372,133
373,133
374,133
375,133
376,133
377,133
378,133
379,133
380,133
381,133
382,133
383,133
384,133
385,133
386,133
387,133
388,133
389,133
390,133
391,133
392,133
393,133
394,133
395,133
396,133
397,133
398,133
399,133
400,133
401,133
402,133
403,133
404,133
405,133
406,133
407,133
408,133
409,133
410,133
411,133
412,133
413,133
414,133
415,133
416,133
417,133
418,133
419,133
420,133
421,133
422,133
423,133
424,133
425,133
426,133
427,133
428,133
429,133
430,133
431,133
432,133
433,133
434,133
435,133
436,133
437,133
438,133
439,133
440,133
441,133
442,133
443,133
444,133
445,133
446,133
447,133
448,133
449,133
450,133
451,133
452,133
453,133
454,133
455,133
456,133
457,133
458,133
459,133
460,133
461,133
462,133
463,133
464,133
465,133
466,133
467,133
468,133
469,133
470,133
471,133
472,133
473,133
474,133
475,133
476,133
477,133
478,133
479,133
480,133
481,133
482,133
483,133
484,133
485,133
486,134
487,134
488,134
489,134
490,134
491,134
492,134
493,134
494,134
495,134
496,134
497,134
498,134
499,134
500,134
501,134
502,134
503,134
504,134
505,134
506,134
507,134
508,134
509,134
510,134
511,134
512,134
513,134
514,134
515,134
516,134
517,134
518,134
519,134
520,134
521,134
522,134
523,134
524,134
525,134
526,134
527,134
528,134
529,134
530,134
531,134
532,134
533,134
534,134
535,134
536,134
537,134
538,134
539,134
540,134
541,134
542,135
543,136
544,137
545,137
546,137
547,137
548,137
549,137
550,137
551,137
552,137
553,137
554,137
555,137
556,137
557,137
558,137
559,137
560,137
561,137
562,137
563,137
564,137
565,137
566,137
567,137
568,137
569,137
570,137
571,137
572,137
573,137
574,137
575,137
576,137
577,137
578,137
579,137
580,137
581,137
582,137
583,137
584,137
585,137
586,137
587,137
588,137
589,137
590,137
591,137
592,137
593,137
594,137
595,137
596,137
597,137
598,137
599,137
600,137
601,137
602,137
603,137
604,137
605,137
606,137
607,137
608,137
609,137
610,137
611,137
612,137
613,137
614,137
615,137
616,137
617,137
618,137
619,137
620,137
621,137
622,137
623,137
624,137
625,137
626,137
627,137
628,137
629,137
630,137
631,137
632,137
633,137
634,137
635,137
636,137
637,137
638,137
639,137
640,137
641,137
642,137
643,137
644,137
645,137
646,137
647,137
648,137
649,137
650,137
651,137
652,137
653,137
654,137
655,137
656,137
657,137
658,137
659,137
660,137
661,137
662,137
663,137
664,137
665,137
666,137
667,137
668,137
669,137
670,137
671,137
672,137
673,137
674,137
675,137
676,137
677,137
678,137
679,137
680,137
681,137
682,137
683,137
684,137
685,137
686,137
687,137
688,137
689,137
690,137
691,137
692,137
693,137
694,137
695,137
696,137
697,137
698,137
699,137
700,137
701,137
702,137
703,137
704,137
705,137
706,137
707,137
708,137
709,137
710,137
711,137
712,137
713,137
714,137
715,137
716,137
717,137
718,137
719,137
720,137
721,137
722,137
723,137
724,137
725,137
726,137
727,137
728,137
729,137
730,137
731,137
732,137
733,137
734,137
735,137
736,137
737,137
738,137
739,137
740,137
741,137
742,137
743,137
744,137
745,137
746,137
747,137
748,137
749,137
750,137
751,137
752,137
753,137
754,137
755,137
756,137
757,137
758,137
759,137
760,137
761,137
762,137
763,137
764,137
765,137
766,137
767,137
768,137
769,137
770,137
771,137
772,137
773,137
774,137
775,137
776,137
777,137
778,137
779,137
780,137
781,137
782,137
783,137
784,137
785,137
786,137
787,137
788,137
789,137
790,137
791,137
792,137
793,137
794,137
795,137
796,137
797,137
798,137
799,137
800,137
801,137
802,137
803,137
804,137
805,137
806,137
807,137
808,137
809,137
810,137
811,137
812,137
813,137
814,137
815,137
816,137
817,137
818,137
819,137
820,137
821,137
822,137
823,137
824,137
825,137
826,137
827,137
828,137
829,137
830,137
831,137
832,137
833,137
834,137
835,137
836,137
837,137
838,137
839,137
840,137
841,137
842,137
843,137
844,137
845,137
846,137
847,137
848,137
849,137
850,137
851,137
852,137
853,137
854,137
855,137
856,137
857,137
858,137
859,137
860,137
861,137
862,137
863,137
864,137
865,137
866,137
867,137
868,137
869,137
870,137
871,137
872,137
873,137
874,137
875,137
876,137
877,137
878,137
879,137
880,137
881,137
882,137
883,137
884,137
885,137
886,137
887,137
888,137
889,137
890,137
891,137
892,137
893,137
894,137
895,137
896,138
897,139
898,140
899,140
900,140
901,140
902,140
903,140
904,140
905,140
906,140
907,140
908,140
909,140
910,140
911,140
912,140
913,140
914,140
915,140
916,140
917,140
918,140
919,140
920,140
921,140
922,140
923,140
924,140
925,140
926,140
927,140
928,140
929,140
930,140
931,140
932,140
933,140
934,140
935,140
936,140
937,140
938,140
939,140
940,140
941,140
942,140
943,140
944,140
945,140
946,140
947,140
948,140
949,140
950,140
951,140
952,140
953,140
954,140
955,140
956,140
957,140
958,140
959,140
960,140
961,140
962,140
963,140
964,140
965,140
966,140
967,140
968,140
969,140
970,140
971,140
972,140
973,140
974,140
975,140
976,140
977,140
978,140
979,140
980,140
981,140
982,140
983,140
984,140
985,140
986,140
987,140
988,140
989,140
990,140
991,140
992,140
993,140
994,140
995,140
996,140
997,140
998,140
999,140
1000,140
1001,140
1002,140
1003,140
1004,140
1005,140
1006,140
1007,140
1008,140
1009,140
1010,140
1011,140
1012,140
1013,140
1014,140
1015,140
1016,140
1017,140
1018,140
1019,140
1020,140
1021,140
1022,140
1023,140
1024,140
1025,140
1026,140
1027,140
1028,140
1029,140
1030,140
1031,140
1032,140
1033,140
1034,140
1035,140
1036,140
1037,140
1038,140
1039,140
1040,140
1041,140
1042,140
1043,140
1044,140
1045,140
1046,141
1047,142
1048,142
1049,142
1050,142
1051,142
1052,142
1053,142
1054,142
1055,142
1056,142
1057,142
1058,142
1059,142
1060,142
1061,142
1062,142
1063,142
1064,142
1065,142
1066,142
1067,142
1068,142
1069,142
1070,142
1071,142
1072,142
1073,142
1074,142
1075,142
1076,142
1077,142
1078,142
1079,142
1080,142
1081,142
1082,142
1083,142
1084,142
1085,142
1086,142
1087,142
1088,142
1089,142
1090,142
1091,142
1092,142
1093,142
1094,142
1095,142
1096,142
1097,142
1098,142
1099,142
1100,142
1101,142
1102,142
1103,142
1104,142
1105,142
1106,142
1107,142
1108,142
1109,142
1110,142
1111,142
1112,142
1113,142
1114,142
1115,142
1116,142
1117,142
1118,142
1119,142
1120,142
1121,142
1122,142
1123,142
1124,142
1125,142
1126,142
1127,142
1128,142
1129,142
1130,142
1131,142
1132,142
1133,142
1134,142
1135,142
1136,142
1137,142
1138,142
1139,142
1140,142
1141,142
1142,142
1143,142
1144,142
1145,142
1146,142
1147,142
1148,142
1149,142
1150,142
1151,142
1152,142
1153,142
1154,142
1155,142
1156,142
1157,142
1158,142
1159,142
1160,142
1161,142
1162,142
1163,142
1164,142
1165,142
1166,142
1167,142
1168,142
1169,142
1170,142
1171,142
1172,142
1173,142
1174,142
1175,142
1176,142
1177,142
1178,142
1179,142
1180,142
1181,142
1182,142
1183,142
1184,142
1185,142
1186,142
1187,142
1188,142
1189,142
1190,142
1191,142
1192,142
1193,142
1194,142
1195,142
1196,142
1197,142
1198,142
1199,142
1200,142
1201,142
1202,142
1203,142
1204,142
1205,142
1206,142
1207,142
1208,142
1209,142
1210,142
1211,142
1212,142
1213,142
1214,142
1215,142
1216,142
1217,142
1218,142
1219,142
1220,142
1221,142
1222,142
1223,142
1224,142
1225,142
1226,142
1227,142
1228,142
1229,142
1230,142
1231,142
1232,142
1233,142
1234,142
1235,142
1236,142
1237,142
1238,142
1239,142
1240,142
1241,142
1242,142
1243,142
1244,142
1245,142
1246,142
1247,142
1248,142
1249,142
1250,142
1251,142
1252,142
1253,142
1254,142
1255,142
1256,142
1257,142
1258,142
1259,143
1260,144
1261,144
1262,144
1263,144
1264,144
1265,144
1266,144
1267,144
1268,144
1269,144
1270,144
1271,144
1272,144
1273,144
1274,144
1275,144
1276,144
1277,144
1278,144
1279,144
1280,144
1281,144
1282,144
1283,144
1284,144
1285,144
1286,144
1287,144
1288,144
1289,144
1290,144
1291,144
1292,144
1293,144
1294,144
1295,144
1296,144
1297,144
1298,145
