0,0
1,5
2,9
3,13
4,15
5,18
6,20
7,25
8,28
9,30
10,33
11,36
12,38
13,42
14,44
15,47
16,48
17,49
18,52
19,55
20,56
21,58
22,59
23,62
24,64
25,66
26,67
27,68
28,68
29,68
30,69
31,70
32,70
33,72
34,73
35,75
36,78
37,80
38,80
39,81
40,83
41,84
42,84
43,84
44,84
45,85
46,85
47,85
48,85
49,85
50,86
51,87
52,87
53,87
54,89
55,89
56,91
57,91
58,93
59,93
60,94
61,96
62,98
63,98
64,98
65,98
66,98
67,99
68,99
69,100
70,101
71,101
72,101
73,101
74,101
75,101
76,102
77,104
78,106
79,107
80,107
81,107
82,107
83,107
84,108
85,108
86,109
87,109
88,109
89,109
90,109
91,109
92,109
93,109
94,109
95,109
96,110
97,112
98,113
99,114
100,115
101,116
102,117
103,118
104,118
105,118
106,120
107,122
108,122
109,122
110,122
111,122
112,122
113,122
114,123
115,124
116,124
117,124
118,124
119,124
120,124
121,124
122,124
123,125
124,125
125,125
126,126
127,127
128,127
129,128
130,128
131,128
132,128
133,129
134,130
135,130
136,130
137,130
138,130
139,130
140,130
141,130
142,130
143,130
144,130
145,130
146,130
147,130
148,130
149,130
150,130
151,130
152,130
153,130
154,130
155,130
156,130
157,130
158,131
159,131
160,131
161,131
162,131
163,132
164,132
165,132
166,132
167,132
168,132
169,132
170,132
171,132
172,132
173,132
174,132
175,132
176,132
177,132
178,132
179,132
180,132
181,132
182,132
183,132
184,132
185,132
186,132
187,132
188,132
189,132
190,132
191,132
192,132
193,132
194,132
195,132
196,132
197,132
198,132
199,132
200,132
201,132
202,132
203,132
204,132
205,132
206,132
207,132
208,132
209,132
210,132
211,132
212,132
213,132
214,132
215,132
216,132
217,132
218,132
219,132
220,132
221,132
222,132
223,132
224,132
225,132
226,132
227,132
228,132
229,132
230,132
231,132
232,132
233,132
234,132
235,132
236,132
237,132
238,132
239,132
240,132
241,132
242,132
243,132
244,132
245,132
246,132
247,132
248,132
249,132
250,132
251,132
252,132
253,132
254,132
255,132
256,132
257,132
258,132
259,132
260,132
261,132
262,132
263,132
264,132
265,132
266,132
267,132
268,132
269,132
270,132
271,132
272,132
273,132
274,132
275,132
276,132
277,132
278,132
279,132
280,132
281,132
282,132
283,132
284,132
285,132
286,132
287,132
288,132
289,132
290,132
291,132
292,132
293,132
294,132
295,132
296,132
297,132
298,132
299,132
300,132
301,132
302,132
303,132
304,132
305,132
306,132
307,132
308,132
309,132
310,132
311,132
312,132
313,132
314,133
315,133
316,133
317,133
318,133
319,133
320,133
321,133
322,133
323,133
324,133
325,133
326,133
327,133
328,133
329,133
330,133
331,133
332,133
333,133
334,133
335,133
336,133
337,133
338,133
339,133
340,133
341,133
342,133
343,133
344,133
345,133
346,133
347,133
348,133
349,133
350,133
351,133
352,133
353,133
354,133
355,133
356,133
357,133
358,133
359,133
360,133
361,133
362,133
363,133
364,133
365,133
366,133
367,133
368,133
369,133
370,133
371,133
372,133
373,133
374,133
375,133
376,133
377,133
378,133
379,133
380,133
381,133
382,133
383,133
384,133
385,133
386,133
387,133
388,133
389,133
390,133
391,133
392,133
393,133
394,133
395,133
396,133
397,133
398,133
399,133
400,133
401,133
402,133
403,133
404,133
405,133
406,133
407,133
408,133
409,133
410,133
411,133
412,133
413,133
414,134
415,134
416,134
417,134
418,134
419,134
420,135
421,135
422,135
423,135
424,135
425,135
426,135
427,135
428,135
429,135
430,135
431,135
432,135
433,135
434,135
435,135
436,135
437,135
438,135
439,135
440,135
441,135
442,135
443,135
444,135
445,135
446,135
447,135
448,135
449,135
450,135
451,135
452,135
453,135
454,135
455,135
456,135
457,135
458,135
459,135
460,135
461,135
462,135
463,135
464,135
465,135
466,135
467,135
468,135
469,135
470,135
471,135
472,135
473,135
474,135
475,135
476,135
477,135
478,135
479,135
480,135
481,135
482,136
483,136
484,136
485,136
486,136
487,136
488,136
489,136
490,136
491,136
492,136
493,136
494,136
495,136
496,136
497,136
498,136
499,136
500,136
501,136
502,136
503,136
504,136
505,136
506,136
507,136
508,136
509,136
510,136
511,136
512,136
513,136
514,136
515,136
516,136
517,136
518,136
519,136
520,137
521,138
522,139
523,139
524,139
525,139
526,139
527,139
528,139
529,139
530,139
531,139
532,139
533,139
534,139
535,139
536,139
537,139
538,139
539,139
540,139
541,139
542,139
543,139
544,139
545,139
546,139
547,140
548,140
549,140
550,140
551,140
552,140
553,140
554,140
555,140
556,140
557,140
558,140
559,140
560,140
561,140
562,140
563,140
564,140
565,140
566,140
567,140
568,140
569,140
570,140
571,140
572,140
573,140
574,141
575,142
576,143
577,144
578,144
579,144
580,145
