0,0
1,1
2,2
3,3
4,4
5,5
6,6
7,7
8,8
9,9
10,10
11,11
12,12
13,13
14,14
15,15
16,16
17,17
18,17
19,18
20,19
21,20
22,21
23,22
24,23
25,23
26,24
27,25
28,26
29,27
30,27
31,28
32,29
33,30
34,30
35,31
36,32
37,32
38,33
39,33
40,33
41,33
42,33
43,33
44,34
45,34
46,35
47,35
48,36
49,37
50,37
51,38
52,39
53,40
54,40
55,41
56,42
57,43
58,44
59,45
60,45
61,46
62,47
63,47
64,48
65,49
66,49
67,49
68,49
69,49
70,50
71,50
72,51
73,52
74,52
75,53
76,53
77,54
78,54
79,55
80,56
81,56
82,57
83,58
84,59
85,59
86,59
87,59
88,60
89,60
90,60
91,60
92,60
93,60
94,61
95,61
96,61
97,61
98,61
99,61
100,61
101,62
102,63
103,64
104,64
105,64
106,64
107,65
108,65
109,65
110,65
111,65
112,65
113,65
114,65
115,66
116,67
117,67
118,67
119,67
120,67
121,67
122,67
123,67
124,67
125,68
126,69
127,69
128,69
129,69
130,69
131,69
132,69
133,69
134,69
135,69
136,69
137,69
138,69
139,69
140,69
141,69
142,69
143,69
144,70
145,71
146,72
147,73
148,73
149,73
150,73
151,73
152,74
153,74
154,74
155,74
156,74
157,74
158,74
159,74
160,74
161,74
162,74
163,74
164,74
165,75
166,75
167,75
168,75
169,75
170,75
171,75
172,75
173,75
174,75
175,75
176,75
177,75
178,76
179,76
180,77
181,77
182,77
183,77
184,77
185,77
186,77
187,77
188,77
189,77
190,77
191,77
192,77
193,77
194,77
195,77
196,77
197,78
198,78
199,78
200,78
201,78
202,78
203,79
204,79
205,79
206,80
207,80
208,80
209,80
210,80
211,80
212,80
213,80
214,80
215,80
216,80
217,80
218,80
219,80
220,80
221,80
222,80
223,80
224,80
225,80
226,80
227,80
228,80
229,80
230,80
231,81
232,82
233,83
234,83
235,84
236,84
237,84
238,84
239,84
240,84
241,84
242,84
243,84
244,84
245,84
246,85
247,86
248,87
249,88
250,89
251,90
252,90
253,91
254,91
255,92
256,92
257,92
258,92
259,93
260,93
261,93
262,94
263,95
264,95
265,95
266,95
267,95
268,95
269,95
270,95
271,95
272,95
273,95
274,95
275,95
276,95
277,95
278,95
279,95
280,95
281,95
282,95
283,95
284,95
285,95
286,95
287,95
288,95
289,95
290,95
291,95
292,95
293,95
294,95
295,95
296,95
297,96
298,96
299,96
300,96
301,96
302,96
303,96
304,96
305,96
306,96
307,96
308,97
309,97
310,97
311,97
312,97
313,97
314,97
315,97
316,97
317,97
318,97
319,97
320,97
321,97
322,97
323,97
324,97
325,97
326,97
327,97
328,97
329,97
330,97
331,97
332,97
333,98
334,99
335,99
336,100
337,100
338,100
339,100
340,100
341,100
342,100
343,100
344,100
345,100
346,100
347,101
348,102
349,102
350,102
351,102
352,102
353,102
354,102
355,102
356,102
357,102
358,102
359,102
360,102
361,102
362,102
363,102
364,102
365,102
366,102
367,102
368,102
369,102
370,102
371,102
372,102
373,102
374,102
375,102
376,102
377,102
378,102
379,102
380,102
381,102
382,102
383,102
384,102
385,102
386,102
387,102
388,102
389,102
390,102
391,102
392,102
393,102
394,102
395,102
396,102
397,102
398,102
399,102
400,102
401,103
402,103
403,103
404,103
405,103
406,103
407,103
408,103
409,103
410,103
411,103
412,104
413,105
414,105
415,106
416,106
417,106
418,106
419,106
420,106
421,107
422,108
423,108
424,108
425,109
426,110
427,111
428,112
429,112
430,112
431,112
432,112
433,112
434,113
435,114
436,114
437,114
438,114
439,114
440,114
441,114
442,114
443,114
444,114
445,114
446,114
447,114
448,114
449,114
450,114
451,114
452,114
453,114
454,114
455,114
456,114
457,114
458,114
459,115
460,115
461,115
462,115
463,115
464,115
465,115
466,115
467,115
468,115
469,115
470,115
471,115
472,115
473,115
474,115
475,115
476,115
477,115
478,115
479,115
480,115
481,116
482,117
483,117
484,117
485,117
486,117
487,117
488,117
489,117
490,118
491,118
492,118
493,118
494,118
495,118
496,118
497,118
498,118
499,118
500,118
501,118
502,118
503,118
504,118
505,118
506,118
507,118
508,118
509,118
510,118
511,118
512,118
513,118
514,118
515,118
516,118
517,118
518,118
519,118
520,118
521,118
522,118
523,118
524,118
525,118
526,118
527,118
528,118
529,118
530,118
531,118
532,118
533,118
534,118
535,118
536,118
537,119
538,119
539,119
540,119
541,119
542,119
543,119
544,119
545,119
546,119
547,119
548,120
549,120
550,120
551,120
552,120
553,120
554,120
555,121
556,121
557,121
558,121
559,121
560,121
561,121
562,121
563,121
564,121
565,121
566,121
567,121
568,121
569,121
570,121
571,121
572,121
573,121
574,121
575,121
576,121
577,121
578,121
579,121
580,121
581,121
582,121
583,121
584,121
585,121
586,121
587,121
588,121
589,121
590,121
591,121
592,121
593,121
594,121
595,121
596,121
597,121
598,121
599,121
600,121
601,121
602,121
603,121
604,121
605,121
606,121
607,121
608,121
609,121
610,121
611,121
612,121
613,121
614,121
615,121
616,121
617,121
618,121
619,121
620,121
621,121
622,121
623,121
624,121
625,121
626,121
627,121
628,121
629,121
630,121
631,121
632,121
633,121
634,121
635,121
636,121
637,121
638,121
639,121
640,121
641,121
642,121
643,121
644,121
645,121
646,121
647,121
648,121
649,121
650,121
651,121
652,121
653,121
654,122
655,122
656,122
657,122
658,122
659,122
660,122
661,122
662,122
663,122
664,122
665,122
666,122
667,122
668,122
669,122
670,122
671,122
672,122
673,122
674,122
675,122
676,122
677,122
678,122
679,122
680,122
681,122
682,122
683,122
684,122
685,122
686,122
687,122
688,122
689,122
690,122
691,122
692,122
693,122
694,122
695,122
696,122
697,122
698,122
699,122
700,122
701,122
702,122
703,122
704,122
705,122
706,122
707,122
708,122
709,122
710,122
711,122
712,122
713,122
714,122
715,122
716,122
717,122
718,122
719,122
720,122
721,122
722,122
723,122
724,122
725,122
726,122
727,122
728,122
729,122
730,122
731,122
732,122
733,122
734,122
735,122
736,122
737,122
738,122
739,122
740,122
741,122
742,122
743,122
744,122
745,122
746,122
747,123
748,123
749,123
750,123
751,123
752,123
753,124
754,124
755,124
756,124
757,124
758,124
759,124
760,124
761,124
762,124
763,124
764,124
765,124
766,124
767,124
768,124
769,124
770,124
771,124
772,124
773,124
774,124
775,124
776,124
777,124
778,124
779,124
780,124
781,124
782,124
783,124
784,124
785,124
786,124
787,124
788,124
789,124
790,124
791,124
792,124
793,124
794,124
795,124
796,124
797,124
798,124
799,124
800,124
801,124
802,124
803,124
804,125
805,126
806,126
807,126
808,126
809,126
810,126
811,126
812,126
813,126
814,126
815,126
816,126
817,126
818,126
819,126
820,126
821,126
822,126
823,126
824,126
825,126
826,126
827,127
828,127
829,127
830,127
831,127
832,127
833,127
834,127
835,127
836,127
837,127
838,127
839,127
840,127
841,127
842,127
843,128
844,128
845,128
846,128
847,128
848,128
849,128
850,128
851,128
852,128
853,128
854,128
855,128
856,128
857,128
858,128
859,128
860,128
861,128
862,128
863,128
864,128
865,128
866,128
867,128
868,128
869,128
870,128
871,128
872,128
873,128
874,128
875,128
876,128
877,128
878,128
879,128
880,128
881,128
882,128
883,128
884,128
885,128
886,128
887,128
888,128
889,128
890,128
891,128
892,128
893,128
894,128
895,128
896,128
897,128
898,128
899,128
900,129
901,129
902,129
903,129
904,129
905,129
906,129
907,129
908,129
909,129
910,129
911,129
912,129
913,129
914,129
915,129
916,129
917,129
918,129
919,129
920,129
921,129
922,129
923,129
924,129
925,129
926,129
927,129
928,129
929,129
930,129
931,129
932,129
933,129
934,129
935,129
936,129
937,129
938,129
939,129
940,129
941,129
942,129
943,129
944,129
945,129
946,129
947,129
948,129
949,129
950,129
951,129
952,129
953,129
954,129
955,129
956,129
957,129
958,129
959,129
960,129
961,129
962,129
963,129
964,129
965,129
966,129
967,129
968,129
969,129
970,129
971,129
972,129
973,129
974,129
975,129
976,129
977,129
978,129
979,129
980,129
981,129
982,129
983,129
984,129
985,129
986,129
987,129
988,129
989,129
990,129
991,129
992,129
993,129
994,129
995,129
996,129
997,129
998,129
999,129
1000,129
1001,129
1002,129
1003,129
1004,129
1005,129
1006,129
1007,129
1008,129
1009,129
1010,129
1011,129
1012,129
1013,129
1014,129
1015,129
1016,129
1017,129
1018,129
1019,129
1020,129
1021,129
1022,129
1023,129
1024,129
1025,129
1026,129
1027,130
1028,131
1029,131
1030,132
1031,133
1032,134
1033,135
1034,136
1035,136
1036,136
1037,136
1038,136
1039,136
1040,136
1041,136
1042,136
1043,136
1044,137
1045,137
1046,137
1047,137
1048,137
1049,137
1050,137
1051,137
1052,137
1053,137
1054,137
1055,137
1056,137
1057,137
1058,137
1059,137
1060,137
1061,137
1062,137
1063,137
1064,137
1065,137
1066,137
1067,137
1068,137
1069,137
1070,137
1071,137
1072,137
1073,137
1074,137
1075,138
1076,138
1077,138
1078,138
1079,138
1080,138
1081,138
1082,138
1083,138
1084,138
1085,138
1086,138
1087,138
1088,138
1089,138
1090,138
1091,138
1092,138
1093,138
1094,138
1095,138
1096,138
1097,138
1098,138
1099,138
1100,138
1101,138
1102,138
1103,138
1104,138
1105,138
1106,138
1107,138
1108,138
1109,138
1110,138
1111,138
1112,138
1113,138
1114,138
1115,138
1116,138
1117,138
1118,138
1119,138
1120,138
1121,138
1122,138
1123,138
1124,138
1125,138
1126,138
1127,139
1128,139
1129,139
1130,139
1131,139
1132,139
1133,139
1134,139
1135,139
1136,139
1137,139
1138,139
1139,139
1140,139
1141,139
1142,139
1143,139
1144,139
1145,139
1146,139
1147,139
1148,139
1149,139
1150,139
1151,139
1152,139
1153,139
1154,139
1155,139
1156,139
1157,139
1158,139
1159,139
1160,139
1161,139
1162,139
1163,139
1164,139
1165,139
1166,139
1167,139
1168,139
1169,139
1170,139
1171,139
1172,139
1173,139
1174,139
1175,139
1176,139
1177,139
1178,139
1179,139
1180,139
1181,139
1182,139
1183,139
1184,139
1185,139
1186,139
1187,139
1188,139
1189,139
1190,139
1191,139
1192,139
1193,139
1194,139
1195,139
1196,139
1197,139
1198,139
1199,139
1200,139
1201,139
1202,139
1203,139
1204,139
1205,139
1206,139
1207,139
1208,139
1209,139
1210,139
1211,139
1212,139
1213,139
1214,139
1215,139
1216,139
1217,139
1218,139
1219,139
1220,139
1221,139
1222,139
1223,139
1224,139
1225,139
1226,139
1227,139
1228,139
1229,139
1230,139
1231,139
1232,139
1233,139
1234,139
1235,139
1236,139
1237,139
1238,139
1239,139
1240,139
1241,139
1242,139
1243,139
1244,139
1245,139
1246,139
1247,139
1248,139
1249,139
1250,139
1251,139
1252,139
1253,139
1254,139
1255,139
1256,139
1257,139
1258,139
1259,139
1260,139
1261,139
1262,139
1263,139
1264,139
1265,139
1266,139
1267,139
1268,139
1269,139
1270,139
1271,139
1272,139
1273,139
1274,139
1275,139
1276,139
1277,139
1278,139
1279,139
1280,139
1281,139
1282,139
1283,139
1284,139
1285,139
1286,139
1287,139
1288,139
1289,139
1290,139
1291,139
1292,139
1293,139
1294,139
1295,139
1296,139
1297,139
1298,139
1299,139
1300,139
1301,139
1302,139
1303,139
1304,139
1305,139
1306,139
1307,139
1308,139
1309,139
1310,139
1311,139
1312,139
1313,139
1314,139
1315,139
1316,139
1317,139
1318,139
1319,139
1320,139
1321,139
1322,139
1323,139
1324,139
1325,139
1326,139
1327,139
1328,139
1329,139
1330,139
1331,139
1332,139
1333,139
1334,139
1335,139
1336,139
1337,139
1338,139
1339,139
1340,139
1341,139
1342,139
1343,139
1344,139
1345,139
1346,139
1347,139
1348,139
1349,139
1350,139
1351,139
1352,139
1353,139
1354,139
1355,139
1356,139
1357,139
1358,139
1359,139
1360,139
1361,139
1362,139
1363,139
1364,139
1365,139
1366,139
1367,139
1368,139
1369,139
1370,139
1371,139
1372,139
1373,139
1374,139
1375,139
1376,139
1377,139
1378,139
1379,139
1380,139
1381,139
1382,139
1383,139
1384,139
1385,139
1386,139
1387,139
1388,139
1389,139
1390,139
1391,139
1392,139
1393,139
1394,139
1395,139
1396,139
1397,139
1398,139
1399,139
1400,139
1401,139
1402,139
1403,139
1404,139
1405,139
1406,139
1407,139
1408,139
1409,139
1410,139
1411,139
1412,139
1413,139
1414,139
1415,139
1416,139
1417,139
1418,139
1419,139
1420,139
1421,139
1422,139
1423,139
1424,139
1425,139
1426,139
1427,139
1428,139
1429,139
1430,139
1431,139
1432,139
1433,139
1434,139
1435,139
1436,139
1437,139
1438,139
1439,139
1440,139
1441,139
1442,139
1443,139
1444,139
1445,139
1446,139
1447,139
1448,139
1449,139
1450,139
1451,139
1452,139
1453,139
1454,139
1455,139
1456,139
1457,139
1458,139
1459,139
1460,139
1461,139
1462,139
1463,139
1464,139
1465,139
1466,139
1467,139
1468,139
1469,139
1470,139
1471,139
1472,139
1473,139
1474,139
1475,139
1476,139
1477,139
1478,139
1479,139
1480,139
1481,139
1482,139
1483,139
1484,139
1485,139
1486,139
1487,139
1488,139
1489,139
1490,139
1491,139
1492,139
1493,139
1494,139
1495,139
1496,139
1497,139
1498,139
1499,139
1500,139
1501,139
1502,139
1503,139
1504,139
1505,139
1506,139
1507,139
1508,139
1509,139
1510,139
1511,139
1512,139
1513,139
1514,139
1515,139
1516,140
1517,140
1518,140
1519,140
1520,140
1521,140
1522,140
1523,140
1524,140
1525,140
1526,140
1527,140
1528,140
1529,140
1530,140
1531,140
1532,140
1533,140
1534,140
1535,140
1536,140
1537,140
1538,140
1539,140
1540,140
1541,140
1542,140
1543,140
1544,140
1545,140
1546,140
1547,140
1548,140
1549,140
1550,140
1551,140
1552,140
1553,140
1554,140
1555,140
1556,140
1557,140
1558,140
1559,140
1560,140
1561,140
1562,140
1563,140
1564,140
1565,140
1566,140
1567,140
1568,140
1569,140
1570,140
1571,140
1572,140
1573,140
1574,140
1575,140
1576,140
1577,140
1578,140
1579,140
1580,140
1581,140
1582,140
1583,140
1584,140
1585,140
1586,140
1587,140
1588,140
1589,140
1590,140
1591,140
1592,140
1593,140
1594,140
1595,140
1596,140
1597,140
1598,140
1599,140
1600,140
1601,140
1602,140
1603,140
1604,140
1605,140
1606,140
1607,140
1608,140
1609,140
1610,140
1611,140
1612,140
1613,140
1614,140
1615,140
1616,140
1617,140
1618,140
1619,140
1620,140
1621,140
1622,140
1623,140
1624,140
1625,140
1626,140
1627,140
1628,140
1629,140
1630,140
1631,140
1632,140
1633,140
1634,140
1635,140
1636,140
1637,140
1638,140
1639,140
1640,140
1641,140
1642,140
1643,140
1644,140
1645,140
1646,140
1647,140
1648,140
1649,140
1650,140
1651,140
1652,140
1653,140
1654,140
1655,140
1656,140
1657,140
1658,140
1659,140
1660,140
1661,140
1662,140
1663,140
1664,140
1665,140
1666,140
1667,140
1668,140
1669,140
1670,140
1671,140
1672,140
1673,140
1674,140
1675,140
1676,140
1677,140
1678,140
1679,140
1680,140
1681,140
1682,140
1683,140
1684,140
1685,140
1686,140
1687,140
1688,140
1689,140
1690,140
1691,140
1692,140
1693,140
1694,140
1695,140
1696,140
1697,140
1698,140
1699,140
1700,140
1701,140
1702,140
1703,140
1704,140
1705,140
1706,140
1707,140
1708,140
1709,140
1710,140
1711,140
1712,140
1713,140
1714,140
1715,140
1716,140
1717,140
1718,140
1719,140
1720,140
1721,140
1722,140
1723,140
1724,140
1725,140
1726,140
1727,140
1728,140
1729,140
1730,140
1731,140
1732,140
1733,140
1734,140
1735,140
1736,140
1737,140
1738,140
1739,140
1740,140
1741,140
1742,140
1743,140
1744,140
1745,140
1746,140
1747,140
1748,140
1749,140
1750,140
1751,140
1752,140
1753,140
1754,140
1755,140
1756,140
1757,140
1758,140
1759,140
1760,140
1761,140
1762,140
1763,140
1764,140
1765,140
1766,140
1767,140
1768,140
1769,140
1770,140
1771,140
1772,140
1773,140
1774,140
1775,140
1776,140
1777,140
1778,140
1779,140
1780,140
1781,140
1782,140
1783,140
1784,140
1785,140
1786,140
1787,140
1788,140
1789,140
1790,140
1791,140
1792,140
1793,140
1794,140
1795,140
1796,140
1797,140
1798,140
1799,140
1800,140
1801,140
1802,140
1803,140
1804,140
1805,140
1806,140
1807,140
1808,140
1809,140
1810,140
1811,140
1812,140
1813,140
1814,140
1815,140
1816,140
1817,140
1818,140
1819,140
1820,140
1821,140
1822,140
1823,140
1824,140
1825,140
1826,140
1827,140
1828,140
1829,140
1830,140
1831,140
1832,140
1833,140
1834,140
1835,140
1836,140
1837,140
1838,140
1839,140
1840,140
1841,140
1842,140
1843,140
1844,140
1845,140
1846,140
1847,140
1848,140
1849,140
1850,140
1851,140
1852,140
1853,140
1854,140
1855,140
1856,140
1857,140
1858,140
1859,140
1860,140
1861,140
1862,140
1863,140
1864,140
1865,140
1866,140
1867,140
1868,140
1869,140
1870,140
1871,140
1872,140
1873,140
1874,140
1875,140
1876,140
1877,140
1878,140
1879,140
1880,140
1881,140
1882,140
1883,140
1884,140
1885,140
1886,140
1887,140
1888,140
1889,140
1890,140
1891,140
1892,140
1893,140
1894,140
1895,140
1896,140
1897,140
1898,140
1899,140
1900,140
1901,140
1902,140
1903,140
1904,140
1905,140
1906,140
1907,140
1908,140
1909,140
1910,140
1911,140
1912,140
1913,140
1914,140
1915,140
1916,140
1917,140
1918,140
1919,140
1920,140
1921,140
1922,140
1923,140
1924,140
1925,140
1926,140
1927,140
1928,140
1929,140
1930,140
1931,140
1932,140
1933,140
1934,140
1935,140
1936,140
1937,140
1938,140
1939,140
1940,140
1941,140
1942,140
1943,140
1944,140
1945,140
1946,140
1947,140
1948,140
1949,140
1950,140
1951,140
1952,140
1953,140
1954,140
1955,140
1956,140
1957,140
1958,141
1959,141
1960,141
1961,141
1962,141
1963,141
1964,141
1965,141
1966,141
1967,141
1968,141
1969,141
1970,141
1971,141
1972,141
1973,141
1974,141
1975,141
1976,141
1977,141
1978,141
1979,141
1980,141
1981,141
1982,141
1983,141
1984,141
1985,141
1986,141
1987,141
1988,141
1989,141
1990,141
1991,141
1992,141
1993,141
1994,141
1995,141
1996,141
1997,141
1998,141
1999,141
2000,141
2001,141
2002,141
2003,141
2004,141
2005,141
2006,141
2007,141
2008,141
2009,141
2010,141
2011,141
2012,141
2013,141
2014,141
2015,141
2016,141
2017,141
2018,141
2019,141
2020,141
2021,141
2022,141
2023,141
2024,141
2025,141
2026,141
2027,141
2028,141
2029,141
2030,141
2031,141
2032,141
2033,141
2034,141
2035,141
2036,141
2037,141
2038,141
2039,141
2040,141
2041,141
2042,141
2043,141
2044,141
2045,141
2046,141
2047,141
2048,141
2049,141
2050,141
2051,141
2052,141
2053,141
2054,141
2055,141
2056,141
2057,141
2058,141
2059,141
2060,141
2061,141
2062,141
2063,141
2064,141
2065,141
2066,141
2067,141
2068,141
2069,141
2070,141
2071,141
2072,141
2073,141
2074,141
2075,141
2076,141
2077,141
2078,141
2079,141
2080,141
2081,141
2082,141
2083,141
2084,141
2085,141
2086,141
2087,141
2088,141
2089,141
2090,141
2091,141
2092,141
2093,141
2094,141
2095,141
2096,141
2097,141
2098,141
2099,141
2100,141
2101,141
2102,141
2103,141
2104,141
2105,141
2106,141
2107,141
2108,141
2109,141
2110,141
2111,141
2112,141
2113,141
2114,141
2115,141
2116,141
2117,141
2118,141
2119,141
2120,141
2121,141
2122,141
2123,141
2124,141
2125,141
2126,141
2127,141
2128,141
2129,141
2130,141
2131,141
2132,141
2133,141
2134,141
2135,141
2136,141
2137,141
2138,141
2139,141
2140,141
2141,141
2142,141
2143,141
2144,141
2145,141
2146,141
2147,141
2148,141
2149,141
2150,141
2151,141
2152,141
2153,141
2154,141
2155,141
2156,141
2157,141
2158,141
2159,141
2160,141
2161,141
2162,141
2163,141
2164,141
2165,141
2166,141
2167,141
2168,141
2169,141
2170,141
2171,141
2172,141
2173,141
2174,141
2175,141
2176,141
2177,141
2178,141
2179,141
2180,141
2181,141
2182,141
2183,141
2184,141
2185,141
2186,141
2187,141
2188,141
2189,141
2190,141
2191,141
2192,141
2193,141
2194,141
2195,141
2196,141
2197,141
2198,141
2199,141
2200,141
2201,141
2202,141
2203,141
2204,141
2205,141
2206,141
2207,141
2208,141
2209,141
2210,141
2211,141
2212,141
2213,141
2214,141
2215,141
2216,141
2217,141
2218,141
2219,141
2220,141
2221,141
2222,141
2223,141
2224,141
2225,141
2226,141
2227,141
2228,141
2229,141
2230,141
2231,141
2232,141
2233,141
2234,141
2235,141
2236,141
2237,141
2238,141
2239,141
2240,141
2241,141
2242,141
2243,141
2244,141
2245,141
2246,141
2247,142
2248,142
2249,142
2250,142
2251,142
2252,142
2253,142
2254,142
2255,142
2256,142
2257,142
2258,142
2259,142
2260,142
2261,142
2262,142
2263,142
2264,142
2265,142
2266,142
2267,142
2268,142
2269,142
2270,142
2271,142
2272,142
2273,142
2274,142
2275,142
2276,142
2277,142
2278,142
2279,142
2280,142
2281,142
2282,142
2283,142
2284,142
2285,142
2286,142
2287,142
2288,142
2289,142
2290,142
2291,142
2292,142
2293,142
2294,142
2295,142
2296,142
2297,142
2298,142
2299,142
2300,142
2301,142
2302,142
2303,142
2304,142
2305,142
2306,142
2307,142
2308,142
2309,142
2310,142
2311,142
2312,142
2313,142
2314,142
2315,142
2316,142
2317,142
2318,142
2319,142
2320,142
2321,142
2322,142
2323,142
2324,142
2325,142
2326,142
2327,142
2328,142
2329,142
2330,142
2331,142
2332,142
2333,142
2334,142
2335,142
2336,142
2337,142
2338,142
2339,142
2340,142
2341,142
2342,142
2343,142
2344,142
2345,142
2346,142
2347,142
2348,142
2349,142
2350,142
2351,142
2352,142
2353,142
2354,142
2355,142
2356,142
2357,142
2358,142
2359,142
2360,142
2361,142
2362,142
2363,142
2364,142
2365,142
2366,142
2367,142
2368,142
2369,142
2370,142
2371,142
2372,142
2373,142
2374,142
2375,142
2376,142
2377,142
2378,142
2379,142
2380,142
2381,142
2382,142
2383,142
2384,142
2385,142
2386,142
2387,142
2388,142
2389,142
2390,142
2391,142
2392,142
2393,142
2394,142
2395,142
2396,142
2397,142
2398,142
2399,142
2400,142
2401,142
2402,142
2403,142
2404,142
2405,142
2406,142
2407,142
2408,142
2409,142
2410,142
2411,142
2412,142
2413,142
2414,142
2415,142
2416,142
2417,142
2418,142
2419,142
2420,142
2421,142
2422,142
2423,142
2424,142
2425,142
2426,142
2427,142
2428,142
2429,142
2430,142
2431,142
2432,142
2433,142
2434,142
2435,142
2436,142
2437,142
2438,142
2439,142
2440,142
2441,142
2442,142
2443,142
2444,142
2445,142
2446,142
2447,142
2448,142
2449,142
2450,142
2451,142
2452,142
2453,142
2454,142
2455,142
2456,142
2457,142
2458,142
2459,142
2460,142
2461,142
2462,142
2463,142
2464,142
2465,142
2466,142
2467,142
2468,142
2469,142
2470,142
2471,142
2472,142
2473,142
2474,142
2475,142
2476,142
2477,142
2478,142
2479,142
2480,142
2481,142
2482,142
2483,142
2484,142
2485,142
2486,142
2487,142
2488,142
2489,142
2490,142
2491,142
2492,142
2493,142
2494,142
2495,142
2496,142
2497,142
2498,142
2499,142
2500,142
2501,142
2502,142
2503,142
2504,142
2505,142
2506,142
2507,142
2508,142
2509,142
2510,142
2511,142
2512,142
2513,142
2514,142
2515,142
2516,142
2517,142
2518,142
2519,142
2520,142
2521,142
2522,142
2523,142
2524,142
2525,142
2526,142
2527,142
2528,142
2529,142
2530,142
2531,142
2532,142
2533,142
2534,142
2535,142
2536,142
2537,142
2538,142
2539,142
2540,142
2541,142
2542,142
2543,142
2544,142
2545,142
2546,142
2547,142
2548,142
2549,142
2550,142
2551,142
2552,142
2553,142
2554,142
2555,142
2556,142
2557,142
2558,142
2559,142
2560,142
2561,142
2562,142
2563,142
2564,142
2565,142
2566,142
2567,142
2568,142
2569,142
2570,142
2571,142
2572,142
2573,142
2574,142
2575,142
2576,142
2577,142
2578,142
2579,142
2580,142
2581,142
2582,142
2583,142
2584,142
2585,142
2586,142
2587,142
2588,142
2589,142
2590,142
2591,142
2592,142
2593,142
2594,142
2595,142
2596,142
2597,142
2598,142
2599,142
2600,142
2601,142
2602,142
2603,142
2604,142
2605,142
2606,142
2607,142
2608,142
2609,142
2610,142
2611,142
2612,142
2613,142
2614,142
2615,142
2616,142
2617,142
2618,142
2619,142
2620,142
2621,142
2622,142
2623,142
2624,142
2625,142
2626,142
2627,142
2628,142
2629,142
2630,142
2631,142
2632,142
2633,142
2634,142
2635,142
2636,142
2637,142
2638,142
2639,142
2640,142
2641,142
2642,142
2643,142
2644,142
2645,142
2646,142
2647,142
2648,142
2649,142
2650,142
2651,142
2652,142
2653,142
2654,142
2655,142
2656,142
2657,142
2658,142
2659,142
2660,142
2661,142
2662,142
2663,142
2664,142
2665,142
2666,142
2667,142
2668,142
2669,142
2670,142
2671,142
2672,142
2673,142
2674,142
2675,142
2676,142
2677,142
2678,142
2679,142
2680,142
2681,142
2682,142
2683,142
2684,142
2685,142
2686,142
2687,142
2688,142
2689,142
2690,142
2691,142
2692,142
2693,142
2694,142
2695,142
2696,142
2697,142
2698,142
2699,142
2700,142
2701,142
2702,142
2703,142
2704,142
2705,142
2706,142
2707,142
2708,142
2709,142
2710,142
2711,142
2712,142
2713,142
2714,142
2715,142
2716,142
2717,142
2718,142
2719,142
2720,142
2721,142
2722,142
2723,142
2724,142
2725,142
2726,142
2727,142
2728,142
2729,142
2730,142
2731,142
2732,142
2733,142
2734,142
2735,142
2736,142
2737,142
2738,142
2739,142
2740,142
2741,142
2742,142
2743,142
2744,142
2745,142
2746,142
2747,142
2748,142
2749,142
2750,142
2751,142
2752,142
2753,142
2754,142
2755,142
2756,142
2757,142
2758,142
2759,142
2760,142
2761,142
2762,142
2763,142
2764,142
2765,142
2766,142
2767,142
2768,142
2769,142
2770,142
2771,142
2772,142
2773,142
2774,142
2775,142
2776,142
2777,142
2778,142
2779,142
2780,142
2781,142
2782,142
2783,142
2784,142
2785,142
2786,143
2787,144
2788,145
