0,0
1,1
2,2
3,3
4,4
5,5
6,6
7,7
8,8
9,9
10,10
11,11
12,12
13,13
14,14
15,15
16,16
17,17
18,18
19,19
20,19
21,20
22,20
23,21
24,21
25,21
26,21
27,22
28,23
29,23
30,24
31,25
32,26
33,26
34,26
35,26
36,27
37,27
38,28
39,29
40,30
41,31
42,32
43,33
44,34
45,34
46,34
47,35
48,36
49,37
50,38
51,38
52,39
53,39
54,39
55,40
56,41
57,41
58,41
59,42
60,42
61,43
62,43
63,43
64,44
65,45
66,45
67,45
68,45
69,45
70,46
71,47
72,47
73,47
74,48
75,48
76,49
77,50
78,51
79,52
80,53
81,54
82,54
83,55
84,55
85,56
86,57
87,58
88,58
89,58
90,58
91,59
92,59
93,59
94,60
95,60
96,60
97,61
98,62
99,63
100,63
101,64
102,65
103,65
104,65
105,65
106,65
107,65
108,65
109,65
110,65
111,65
112,65
113,66
114,66
115,66
116,66
117,66
118,66
119,66
120,66
121,66
122,66
123,67
124,67
125,67
126,67
127,68
128,68
129,69
130,69
131,69
132,69
133,70
134,70
135,71
136,72
137,72
138,72
139,72
140,72
141,72
142,72
143,72
144,72
145,73
146,73
147,73
148,74
149,74
150,74
151,74
152,74
153,74
154,74
155,74
156,74
157,74
158,75
159,75
160,75
161,75
162,75
163,75
164,75
165,75
166,75
167,76
168,76
169,76
170,76
171,76
172,76
173,76
174,76
175,76
176,77
177,78
178,78
179,78
180,78
181,78
182,78
183,79
184,79
185,79
186,79
187,79
188,79
189,79
190,80
191,81
192,81
193,81
194,81
195,81
196,81
197,81
198,82
199,83
200,83
201,84
202,85
203,86
204,86
205,87
206,87
207,87
208,87
209,87
210,88
211,88
212,89
213,89
214,90
215,90
216,90
217,90
218,91
219,91
220,91
221,91
222,91
223,91
224,91
225,91
226,91
227,91
228,91
229,91
230,91
231,91
232,91
233,92
234,92
235,92
236,92
237,92
238,93
239,93
240,93
241,93
242,94
243,94
244,94
245,94
246,94
247,94
248,94
249,94
250,94
251,95
252,95
253,96
254,96
255,97
256,97
257,97
258,97
259,97
260,97
261,97
262,97
263,97
264,98
265,98
266,98
267,98
268,98
269,98
270,98
271,98
272,98
273,98
274,98
275,99
276,99
277,99
278,99
279,99
280,99
281,99
282,99
283,99
284,99
285,99
286,99
287,99
288,99
289,99
290,99
291,99
292,99
293,99
294,99
295,99
296,99
297,99
298,99
299,99
300,99
301,99
302,99
303,99
304,99
305,99
306,99
307,99
308,99
309,99
310,99
311,99
312,99
313,99
314,99
315,99
316,99
317,99
318,99
319,99
320,99
321,99
322,99
323,99
324,99
325,99
326,99
327,99
328,99
329,99
330,99
331,99
332,99
333,99
334,99
335,99
336,99
337,99
338,99
339,99
340,99
341,99
342,99
343,99
344,99
345,99
346,99
347,99
348,99
349,99
350,99
351,99
352,99
353,99
354,99
355,99
356,99
357,99
358,99
359,99
360,99
361,99
362,99
363,99
364,99
365,99
366,99
367,99
368,99
369,99
370,99
371,99
372,99
373,99
374,100
375,100
376,100
377,100
378,100
379,100
380,101
381,101
382,101
383,101
384,101
385,101
386,101
387,101
388,101
389,101
390,101
391,101
392,101
393,101
394,101
395,101
396,101
397,101
398,101
399,101
400,101
401,101
402,101
403,101
404,101
405,101
406,101
407,101
408,101
409,101
410,101
411,101
412,101
413,101
414,101
415,101
416,101
417,101
418,101
419,101
420,101
421,101
422,102
423,102
424,102
425,102
426,102
427,102
428,102
429,102
430,102
431,102
432,102
433,102
434,102
435,102
436,102
437,102
438,102
439,102
440,102
441,102
442,102
443,102
444,102
445,102
446,102
447,102
448,102
449,102
450,102
451,102
452,102
453,103
454,103
455,103
456,103
457,104
458,104
459,104
460,104
461,104
462,104
463,104
464,104
465,104
466,104
467,104
468,104
469,104
470,105
471,105
472,105
473,105
474,105
475,105
476,105
477,105
478,106
479,106
480,106
481,106
482,106
483,106
484,106
485,106
486,106
487,106
488,106
489,106
490,106
491,106
492,106
493,106
494,106
495,106
496,106
497,106
498,106
499,106
500,106
501,106
502,106
503,106
504,106
505,106
506,106
507,106
508,106
509,106
510,106
511,106
512,106
513,106
514,106
515,106
516,106
517,106
518,106
519,106
520,106
521,106
522,106
523,106
524,106
525,106
526,106
527,106
528,106
529,106
530,106
531,106
532,106
533,106
534,106
535,106
536,106
537,106
538,106
539,106
540,106
541,106
542,106
543,106
544,106
545,106
546,106
547,106
548,106
549,106
550,106
551,106
552,106
553,106
554,106
555,106
556,106
557,106
558,106
559,106
560,106
561,106
562,106
563,106
564,106
565,106
566,106
567,106
568,106
569,106
570,106
571,106
572,106
573,106
574,106
575,106
576,106
577,106
578,106
579,106
580,106
581,106
582,106
583,106
584,106
585,106
586,106
587,106
588,106
589,106
590,106
591,106
592,106
593,106
594,106
595,106
596,106
597,106
598,106
599,106
600,106
601,106
602,106
603,106
604,106
605,106
606,106
607,106
608,106
609,106
610,106
611,106
612,106
613,106
614,106
615,106
616,106
617,106
618,106
619,106
620,106
621,106
622,106
623,106
624,106
625,106
626,106
627,106
628,106
629,106
630,106
631,106
632,106
633,106
634,107
635,108
636,109
637,110
638,111
639,111
640,111
641,111
642,111
643,111
644,112
645,113
646,113
647,113
648,113
649,113
650,113
651,114
652,114
653,115
654,115
655,115
656,115
657,115
658,115
659,115
660,115
661,115
662,115
663,115
664,115
665,115
666,115
667,115
668,115
669,115
670,115
671,115
672,115
673,115
674,115
675,115
676,115
677,115
678,115
679,115
680,115
681,115
682,115
683,115
684,115
685,115
686,115
687,115
688,115
689,115
690,115
691,115
692,115
693,115
694,115
695,115
696,115
697,115
698,115
699,115
700,115
701,115
702,115
703,115
704,115
705,115
706,115
707,115
708,115
709,115
710,115
711,115
712,115
713,115
714,115
715,115
716,115
717,115
718,115
719,115
720,115
721,115
722,115
723,115
724,115
725,115
726,115
727,115
728,115
729,115
730,115
731,115
732,115
733,115
734,115
735,115
736,115
737,115
738,115
739,115
740,115
741,115
742,115
743,115
744,115
745,115
746,115
747,115
748,115
749,115
750,115
751,115
752,115
753,115
754,115
755,115
756,115
757,115
758,116
759,116
760,116
761,116
762,116
763,116
764,116
765,116
766,116
767,116
768,116
769,116
770,116
771,116
772,116
773,116
774,116
775,116
776,116
777,116
778,116
779,116
780,116
781,116
782,116
783,116
784,116
785,116
786,116
787,116
788,116
789,116
790,116
791,116
792,116
793,116
794,116
795,116
796,116
797,116
798,116
799,116
800,116
801,116
802,116
803,116
804,116
805,116
806,116
807,116
808,116
809,116
810,116
811,116
812,116
813,116
814,116
815,116
816,116
817,116
818,116
819,116
820,116
821,116
822,116
823,116
824,116
825,116
826,116
827,116
828,116
829,116
830,116
831,116
832,116
833,116
834,116
835,116
836,116
837,116
838,116
839,116
840,116
841,116
842,116
843,116
844,116
845,116
846,116
847,116
848,116
849,116
850,116
851,116
852,116
853,116
854,116
855,116
856,116
857,116
858,116
859,116
860,116
861,116
862,116
863,116
864,116
865,116
866,116
867,116
868,116
869,116
870,116
871,116
872,116
873,116
874,116
875,116
876,116
877,116
878,116
879,116
880,116
881,116
882,116
883,116
884,116
885,116
886,116
887,116
888,116
889,116
890,116
891,116
892,116
893,116
894,116
895,116
896,116
897,116
898,116
899,116
900,116
901,116
902,116
903,116
904,116
905,116
906,116
907,116
908,117
909,118
910,118
911,118
912,118
913,118
914,118
915,118
916,118
917,118
918,118
919,118
920,118
921,118
922,118
923,118
924,118
925,118
926,118
927,118
928,118
929,118
930,118
931,118
932,118
933,118
934,118
935,118
936,118
937,118
938,118
939,118
940,118
941,118
942,118
943,118
944,118
945,118
946,118
947,118
948,118
949,118
950,118
951,118
952,118
953,118
954,118
955,118
956,118
957,118
958,118
959,118
960,118
961,118
962,118
963,118
964,118
965,118
966,118
967,118
968,118
969,118
970,118
971,118
972,119
973,119
974,119
975,119
976,119
977,119
978,120
979,120
980,120
981,120
982,120
983,120
984,120
985,120
986,120
987,120
988,120
989,120
990,120
991,120
992,120
993,120
994,120
995,120
996,120
997,120
998,120
999,120
1000,120
1001,120
1002,120
1003,120
1004,120
1005,120
1006,120
1007,120
1008,120
1009,120
1010,120
1011,120
1012,120
1013,120
1014,120
1015,120
1016,120
1017,120
1018,120
1019,120
1020,120
1021,120
1022,120
1023,120
1024,120
1025,120
1026,120
1027,120
1028,120
1029,120
1030,120
1031,120
1032,120
1033,120
1034,120
1035,120
1036,120
1037,120
1038,120
1039,120
1040,120
1041,120
1042,120
1043,120
1044,120
1045,120
1046,120
1047,120
1048,120
1049,120
1050,120
1051,120
1052,120
1053,120
1054,120
1055,120
1056,120
1057,120
1058,120
1059,120
1060,120
1061,120
1062,120
1063,120
1064,120
1065,120
1066,120
1067,120
1068,120
1069,120
1070,120
1071,120
1072,120
1073,120
1074,120
1075,120
1076,120
1077,120
1078,120
1079,121
1080,121
1081,121
1082,121
1083,122
1084,122
1085,123
1086,124
1087,124
1088,124
1089,124
1090,124
1091,124
1092,124
1093,124
1094,124
1095,124
1096,124
1097,124
1098,124
1099,124
1100,124
1101,124
1102,124
1103,124
1104,124
1105,124
1106,124
1107,124
1108,124
1109,124
1110,124
1111,124
1112,124
1113,124
1114,124
1115,124
1116,124
1117,124
1118,124
1119,124
1120,124
1121,124
1122,124
1123,124
1124,124
1125,124
1126,124
1127,124
1128,124
1129,124
1130,124
1131,124
1132,124
1133,124
1134,124
1135,124
1136,124
1137,124
1138,124
1139,124
1140,124
1141,124
1142,124
1143,124
1144,124
1145,124
1146,124
1147,124
1148,124
1149,124
1150,124
1151,124
1152,124
1153,124
1154,124
1155,124
1156,124
1157,124
1158,124
1159,124
1160,124
1161,124
1162,124
1163,124
1164,124
1165,124
1166,124
1167,124
1168,124
1169,124
1170,124
1171,124
1172,125
1173,125
1174,125
1175,125
1176,125
1177,125
1178,125
1179,125
1180,125
1181,125
1182,125
1183,125
1184,125
1185,125
1186,125
1187,125
1188,125
1189,125
1190,125
1191,125
1192,125
1193,125
1194,125
1195,125
1196,125
1197,125
1198,125
1199,125
1200,125
1201,125
1202,125
1203,125
1204,125
1205,125
1206,125
1207,125
1208,125
1209,125
1210,125
1211,125
1212,125
1213,125
1214,125
1215,125
1216,125
1217,125
1218,125
1219,125
1220,125
1221,125
1222,125
1223,125
1224,125
1225,125
1226,125
1227,125
1228,125
1229,125
1230,125
1231,125
1232,125
1233,125
1234,125
1235,125
1236,125
1237,125
1238,125
1239,125
1240,125
1241,125
1242,125
1243,125
1244,125
1245,125
1246,125
1247,125
1248,125
1249,125
1250,125
1251,125
1252,125
1253,125
1254,125
1255,125
1256,125
1257,125
1258,125
1259,125
1260,125
1261,125
1262,125
1263,125
1264,125
1265,125
1266,125
1267,125
1268,125
1269,125
1270,125
1271,125
1272,125
1273,125
1274,125
1275,125
1276,125
1277,125
1278,125
1279,125
1280,125
1281,125
1282,125
1283,125
1284,125
1285,125
1286,125
1287,126
1288,126
1289,126
1290,126
1291,126
1292,126
1293,126
1294,126
1295,126
1296,126
1297,126
1298,126
1299,126
1300,126
1301,126
1302,126
1303,126
1304,126
1305,126
1306,126
1307,126
1308,126
1309,126
1310,126
1311,126
1312,126
1313,126
1314,126
1315,126
1316,126
1317,127
1318,127
1319,127
1320,127
1321,127
1322,127
1323,127
1324,127
1325,127
1326,127
1327,127
1328,127
1329,127
1330,127
1331,127
1332,127
1333,127
1334,127
1335,127
1336,127
1337,127
1338,127
1339,127
1340,127
1341,127
1342,127
1343,127
1344,127
1345,127
1346,127
1347,127
1348,127
1349,127
1350,127
1351,127
1352,127
1353,127
1354,127
1355,127
1356,127
1357,127
1358,127
1359,127
1360,127
1361,127
1362,127
1363,127
1364,127
1365,127
1366,127
1367,128
1368,129
1369,129
1370,129
1371,129
1372,129
1373,129
1374,129
1375,129
1376,129
1377,129
1378,129
1379,129
1380,129
1381,129
1382,129
1383,129
1384,129
1385,129
1386,129
1387,129
1388,129
1389,129
1390,129
1391,129
1392,129
1393,129
1394,130
1395,131
1396,132
1397,133
1398,134
1399,134
1400,134
1401,134
1402,134
1403,134
1404,134
1405,134
1406,134
1407,134
1408,134
1409,134
1410,134
1411,134
1412,134
1413,134
1414,134
1415,134
1416,134
1417,134
1418,135
1419,135
1420,135
1421,136
1422,136
1423,136
1424,136
1425,136
1426,136
1427,137
1428,137
1429,137
1430,137
1431,137
1432,137
1433,137
1434,137
1435,137
1436,137
1437,137
1438,137
1439,137
1440,137
1441,137
1442,137
1443,137
1444,137
1445,137
1446,137
1447,137
1448,137
1449,137
1450,137
1451,137
1452,137
1453,137
1454,137
1455,137
1456,137
1457,137
1458,137
1459,137
1460,137
1461,137
1462,137
1463,137
1464,137
1465,137
1466,137
1467,137
1468,137
1469,137
1470,137
1471,137
1472,137
1473,137
1474,137
1475,137
1476,137
1477,137
1478,137
1479,137
1480,137
1481,137
1482,137
1483,137
1484,137
1485,137
1486,137
1487,137
1488,137
1489,137
1490,137
1491,137
1492,137
1493,137
1494,137
1495,137
1496,137
1497,137
1498,137
1499,137
1500,137
1501,137
1502,137
1503,137
1504,137
1505,137
1506,137
1507,137
1508,137
1509,137
1510,137
1511,137
1512,137
1513,137
1514,137
1515,137
1516,137
1517,137
1518,137
1519,137
1520,137
1521,137
1522,137
1523,137
1524,137
1525,137
1526,137
1527,137
1528,137
1529,137
1530,137
1531,137
1532,137
1533,137
1534,137
1535,137
1536,137
1537,137
1538,137
1539,137
1540,137
1541,137
1542,137
1543,137
1544,137
1545,137
1546,137
1547,137
1548,137
1549,137
1550,137
1551,137
1552,137
1553,137
1554,137
1555,137
1556,137
1557,137
1558,137
1559,137
1560,137
1561,137
1562,137
1563,137
1564,137
1565,137
1566,137
1567,137
1568,137
1569,137
1570,137
1571,137
1572,137
1573,137
1574,137
1575,137
1576,137
1577,137
1578,137
1579,137
1580,137
1581,137
1582,137
1583,137
1584,137
1585,137
1586,137
1587,137
1588,137
1589,137
1590,137
1591,137
1592,137
1593,137
1594,137
1595,137
1596,137
1597,137
1598,137
1599,137
1600,137
1601,137
1602,137
1603,137
1604,137
1605,137
1606,137
1607,137
1608,137
1609,137
1610,137
1611,137
1612,137
1613,137
1614,137
1615,137
1616,137
1617,137
1618,137
1619,137
1620,137
1621,137
1622,137
1623,137
1624,137
1625,137
1626,137
1627,137
1628,137
1629,137
1630,137
1631,137
1632,137
1633,137
1634,137
1635,137
1636,137
1637,137
1638,137
1639,137
1640,137
1641,137
1642,137
1643,137
1644,137
1645,137
1646,137
1647,137
1648,137
1649,137
1650,137
1651,137
1652,137
1653,137
1654,137
1655,137
1656,137
1657,137
1658,137
1659,137
1660,137
1661,137
1662,137
1663,137
1664,137
1665,137
1666,137
1667,137
1668,137
1669,137
1670,137
1671,137
1672,137
1673,137
1674,137
1675,137
1676,137
1677,137
1678,137
1679,137
1680,137
1681,137
1682,137
1683,137
1684,137
1685,137
1686,137
1687,137
1688,137
1689,137
1690,137
1691,137
1692,137
1693,137
1694,137
1695,137
1696,137
1697,137
1698,137
1699,137
1700,137
1701,137
1702,137
1703,137
1704,137
1705,137
1706,137
1707,137
1708,137
1709,137
1710,137
1711,137
1712,137
1713,137
1714,137
1715,137
1716,137
1717,137
1718,137
1719,137
1720,137
1721,137
1722,137
1723,137
1724,137
1725,137
1726,137
1727,137
1728,137
1729,137
1730,137
1731,137
1732,137
1733,137
1734,137
1735,137
1736,137
1737,137
1738,137
1739,137
1740,137
1741,137
1742,137
1743,137
1744,137
1745,137
1746,137
1747,137
1748,137
1749,137
1750,137
1751,137
1752,137
1753,137
1754,137
1755,137
1756,137
1757,137
1758,137
1759,137
1760,137
1761,137
1762,137
1763,137
1764,137
1765,137
1766,137
1767,137
1768,137
1769,137
1770,137
1771,137
1772,137
1773,137
1774,137
1775,137
1776,137
1777,137
1778,137
1779,137
1780,137
1781,137
1782,137
1783,137
1784,137
1785,137
1786,137
1787,137
1788,137
1789,137
1790,137
1791,137
1792,137
1793,137
1794,137
1795,137
1796,137
1797,137
1798,137
1799,137
1800,137
1801,137
1802,137
1803,137
1804,137
1805,137
1806,137
1807,137
1808,137
1809,137
1810,137
1811,137
1812,137
1813,137
1814,137
1815,137
1816,137
1817,137
1818,137
1819,137
1820,137
1821,137
1822,137
1823,137
1824,137
1825,137
1826,137
1827,137
1828,137
1829,137
1830,137
1831,137
1832,137
1833,137
1834,137
1835,137
1836,137
1837,137
1838,137
1839,137
1840,137
1841,137
1842,137
1843,137
1844,137
1845,137
1846,137
1847,137
1848,137
1849,137
1850,137
1851,137
1852,137
1853,137
1854,137
1855,137
1856,137
1857,137
1858,137
1859,138
1860,138
1861,138
1862,138
1863,138
1864,138
1865,138
1866,138
1867,138
1868,138
1869,138
1870,138
1871,138
1872,138
1873,138
1874,138
1875,138
1876,138
1877,138
1878,138
1879,138
1880,138
1881,138
1882,138
1883,138
1884,138
1885,138
1886,138
1887,138
1888,138
1889,138
1890,138
1891,138
1892,138
1893,138
1894,138
1895,138
1896,138
1897,138
1898,138
1899,138
1900,138
1901,138
1902,138
1903,138
1904,138
1905,138
1906,138
1907,138
1908,138
1909,138
1910,138
1911,138
1912,138
1913,138
1914,138
1915,138
1916,138
1917,138
1918,138
1919,138
1920,138
1921,138
1922,138
1923,138
1924,138
1925,138
1926,138
1927,138
1928,138
1929,138
1930,138
1931,138
1932,138
1933,138
1934,138
1935,138
1936,138
1937,138
1938,138
1939,138
1940,138
1941,138
1942,138
1943,138
1944,138
1945,138
1946,138
1947,138
1948,138
1949,138
1950,138
1951,138
1952,138
1953,138
1954,138
1955,138
1956,138
1957,138
1958,138
1959,138
1960,138
1961,138
1962,138
1963,138
1964,138
1965,138
1966,138
1967,138
1968,138
1969,138
1970,138
1971,138
1972,138
1973,138
1974,138
1975,138
1976,138
1977,138
1978,138
1979,138
1980,138
1981,138
1982,138
1983,138
1984,138
1985,138
1986,138
1987,138
1988,138
1989,138
1990,138
1991,138
1992,138
1993,138
1994,138
1995,138
1996,138
1997,138
1998,138
1999,138
2000,138
2001,138
2002,138
2003,138
2004,138
2005,138
2006,138
2007,138
2008,138
2009,138
2010,138
2011,138
2012,138
2013,138
2014,138
2015,138
2016,138
2017,138
2018,138
2019,138
2020,138
2021,138
2022,138
2023,138
2024,138
2025,138
2026,138
2027,138
2028,138
2029,138
2030,138
2031,138
2032,138
2033,138
2034,138
2035,138
2036,138
2037,138
2038,138
2039,138
2040,138
2041,138
2042,138
2043,138
2044,138
2045,138
2046,138
2047,139
2048,140
2049,140
2050,140
2051,140
2052,140
2053,140
2054,140
2055,140
2056,140
2057,140
2058,140
2059,140
2060,140
2061,140
2062,140
2063,140
2064,140
2065,140
2066,140
2067,140
2068,140
2069,140
2070,140
2071,140
2072,140
2073,140
2074,140
2075,140
2076,140
2077,140
2078,140
2079,140
2080,140
2081,140
2082,140
2083,140
2084,140
2085,140
2086,140
2087,140
2088,140
2089,140
2090,140
2091,140
2092,140
2093,140
2094,140
2095,140
2096,140
2097,140
2098,140
2099,140
2100,140
2101,140
2102,140
2103,140
2104,140
2105,140
2106,140
2107,140
2108,140
2109,140
2110,140
2111,140
2112,140
2113,140
2114,140
2115,140
2116,140
2117,140
2118,140
2119,140
2120,140
2121,140
2122,140
2123,140
2124,140
2125,140
2126,140
2127,140
2128,140
2129,141
2130,141
2131,141
2132,141
2133,141
2134,141
2135,141
2136,141
2137,141
2138,141
2139,141
2140,141
2141,141
2142,141
2143,141
2144,141
2145,141
2146,141
2147,141
2148,141
2149,141
2150,141
2151,141
2152,141
2153,141
2154,141
2155,141
2156,141
2157,141
2158,141
2159,141
2160,141
2161,141
2162,141
2163,141
2164,141
2165,141
2166,141
2167,141
2168,141
2169,141
2170,141
2171,141
2172,141
2173,141
2174,141
2175,141
2176,141
2177,141
2178,141
2179,141
2180,141
2181,141
2182,141
2183,141
2184,141
2185,141
2186,141
2187,141
2188,141
2189,141
2190,141
2191,141
2192,141
2193,141
2194,141
2195,141
2196,141
2197,141
2198,141
2199,141
2200,141
2201,141
2202,141
2203,141
2204,141
2205,141
2206,141
2207,141
2208,141
2209,141
2210,141
2211,141
2212,141
2213,141
2214,141
2215,141
2216,141
2217,141
2218,141
2219,141
2220,141
2221,141
2222,141
2223,141
2224,141
2225,141
2226,141
2227,141
2228,141
2229,141
2230,141
2231,141
2232,141
2233,141
2234,141
2235,141
2236,141
2237,141
2238,141
2239,141
2240,141
2241,141
2242,141
2243,141
2244,141
2245,141
2246,141
2247,141
2248,141
2249,141
2250,141
2251,141
2252,141
2253,141
2254,141
2255,141
2256,141
2257,141
2258,141
2259,141
2260,141
2261,141
2262,141
2263,141
2264,141
2265,141
2266,141
2267,141
2268,141
2269,141
2270,141
2271,141
2272,141
2273,141
2274,141
2275,141
2276,141
2277,141
2278,141
2279,141
2280,141
2281,141
2282,141
2283,141
2284,141
2285,141
2286,141
2287,141
2288,141
2289,141
2290,141
2291,141
2292,141
2293,141
2294,141
2295,141
2296,141
2297,141
2298,141
2299,141
2300,141
2301,141
2302,141
2303,141
2304,141
2305,141
2306,141
2307,141
2308,141
2309,141
2310,141
2311,141
2312,141
2313,141
2314,141
2315,141
2316,141
2317,141
2318,141
2319,141
2320,141
2321,141
2322,141
2323,141
2324,141
2325,141
2326,141
2327,141
2328,141
2329,141
2330,141
2331,141
2332,141
2333,141
2334,141
2335,141
2336,141
2337,141
2338,141
2339,141
2340,141
2341,141
2342,141
2343,141
2344,141
2345,141
2346,141
2347,141
2348,141
2349,141
2350,141
2351,141
2352,141
2353,141
2354,141
2355,141
2356,141
2357,141
2358,141
2359,141
2360,141
2361,141
2362,141
2363,141
2364,141
2365,141
2366,141
2367,141
2368,141
2369,141
2370,141
2371,141
2372,141
2373,141
2374,141
2375,141
2376,141
2377,141
2378,141
2379,141
2380,141
2381,141
2382,141
2383,141
2384,141
2385,141
2386,141
2387,141
2388,141
2389,141
2390,141
2391,141
2392,141
2393,141
2394,141
2395,141
2396,141
2397,141
2398,141
2399,141
2400,141
2401,141
2402,141
2403,141
2404,141
2405,141
2406,141
2407,141
2408,141
2409,141
2410,141
2411,141
2412,141
2413,141
2414,141
2415,141
2416,141
2417,141
2418,141
2419,141
2420,141
2421,141
2422,141
2423,141
2424,141
2425,141
2426,141
2427,141
2428,141
2429,141
2430,141
2431,141
2432,141
2433,141
2434,141
2435,141
2436,141
2437,141
2438,141
2439,141
2440,141
2441,141
2442,141
2443,141
2444,141
2445,141
2446,141
2447,141
2448,141
2449,141
2450,141
2451,141
2452,141
2453,141
2454,141
2455,141
2456,141
2457,141
2458,141
2459,141
2460,141
2461,141
2462,141
2463,141
2464,141
2465,141
2466,141
2467,141
2468,141
2469,141
2470,141
2471,141
2472,141
2473,141
2474,141
2475,141
2476,141
2477,141
2478,141
2479,141
2480,141
2481,141
2482,141
2483,141
2484,141
2485,141
2486,141
2487,141
2488,141
2489,141
2490,141
2491,141
2492,141
2493,141
2494,141
2495,141
2496,141
2497,141
2498,141
2499,141
2500,141
2501,141
2502,141
2503,141
2504,141
2505,141
2506,141
2507,141
2508,141
2509,141
2510,141
2511,141
2512,141
2513,141
2514,141
2515,141
2516,141
2517,141
2518,141
2519,141
2520,141
2521,141
2522,141
2523,141
2524,141
2525,141
2526,141
2527,141
2528,141
2529,141
2530,141
2531,141
2532,141
2533,141
2534,141
2535,141
2536,141
2537,141
2538,141
2539,141
2540,141
2541,141
2542,141
2543,141
2544,141
2545,141
2546,141
2547,141
2548,141
2549,141
2550,141
2551,141
2552,141
2553,141
2554,141
2555,141
2556,141
2557,141
2558,141
2559,141
2560,141
2561,141
2562,141
2563,141
2564,141
2565,141
2566,141
2567,141
2568,141
2569,141
2570,141
2571,141
2572,141
2573,141
2574,141
2575,141
2576,141
2577,141
2578,141
2579,141
2580,141
2581,141
2582,141
2583,141
2584,141
2585,141
2586,141
2587,141
2588,141
2589,141
2590,141
2591,141
2592,141
2593,141
2594,141
2595,141
2596,141
2597,141
2598,141
2599,141
2600,141
2601,141
2602,141
2603,141
2604,141
2605,141
2606,141
2607,141
2608,141
2609,141
2610,141
2611,141
2612,141
2613,141
2614,141
2615,141
2616,141
2617,141
2618,141
2619,141
2620,141
2621,141
2622,141
2623,141
2624,141
2625,141
2626,141
2627,141
2628,141
2629,141
2630,141
2631,141
2632,141
2633,141
2634,141
2635,141
2636,141
2637,141
2638,141
2639,141
2640,141
2641,141
2642,141
2643,141
2644,141
2645,141
2646,141
2647,141
2648,141
2649,141
2650,141
2651,141
2652,141
2653,141
2654,141
2655,141
2656,141
2657,141
2658,141
2659,141
2660,141
2661,141
2662,141
2663,141
2664,141
2665,141
2666,141
2667,141
2668,141
2669,141
2670,141
2671,141
2672,141
2673,141
2674,141
2675,141
2676,141
2677,141
2678,141
2679,141
2680,141
2681,141
2682,141
2683,141
2684,141
2685,141
2686,141
2687,141
2688,141
2689,141
2690,141
2691,141
2692,141
2693,141
2694,141
2695,141
2696,141
2697,141
2698,141
2699,141
2700,141
2701,141
2702,141
2703,141
2704,141
2705,141
2706,141
2707,141
2708,141
2709,141
2710,141
2711,141
2712,141
2713,141
2714,141
2715,141
2716,141
2717,141
2718,141
2719,141
2720,141
2721,141
2722,141
2723,141
2724,141
2725,141
2726,141
2727,141
2728,141
2729,141
2730,141
2731,141
2732,141
2733,141
2734,141
2735,141
2736,141
2737,141
2738,141
2739,141
2740,141
2741,141
2742,141
2743,141
2744,141
2745,141
2746,141
2747,141
2748,141
2749,141
2750,141
2751,141
2752,141
2753,141
2754,141
2755,141
2756,141
2757,141
2758,141
2759,141
2760,141
2761,141
2762,141
2763,141
2764,141
2765,141
2766,141
2767,141
2768,141
2769,141
2770,141
2771,141
2772,141
2773,141
2774,141
2775,141
2776,141
2777,141
2778,141
2779,141
2780,141
2781,141
2782,141
2783,141
2784,141
2785,141
2786,141
2787,141
2788,141
2789,141
2790,141
2791,141
2792,141
2793,141
2794,141
2795,141
2796,141
2797,141
2798,141
2799,141
2800,141
2801,141
2802,141
2803,141
2804,141
2805,141
2806,141
2807,141
2808,141
2809,141
2810,141
2811,141
2812,141
2813,141
2814,141
2815,141
2816,141
2817,141
2818,141
2819,141
2820,141
2821,141
2822,141
2823,141
2824,141
2825,141
2826,141
2827,141
2828,141
2829,141
2830,141
2831,141
2832,141
2833,141
2834,141
2835,141
2836,141
2837,141
2838,141
2839,141
2840,141
2841,141
2842,141
2843,141
2844,141
2845,141
2846,141
2847,141
2848,141
2849,141
2850,141
2851,141
2852,141
2853,141
2854,141
2855,141
2856,141
2857,141
2858,141
2859,141
2860,141
2861,141
2862,141
2863,141
2864,141
2865,141
2866,141
2867,141
2868,141
2869,141
2870,141
2871,141
2872,141
2873,141
2874,141
2875,141
2876,141
2877,141
2878,141
2879,141
2880,141
2881,141
2882,141
2883,141
2884,142
2885,142
2886,142
2887,142
2888,142
2889,142
2890,142
2891,142
2892,142
2893,142
2894,142
2895,142
2896,142
2897,142
2898,142
2899,142
2900,142
2901,142
2902,142
2903,142
2904,142
2905,142
2906,142
2907,142
2908,142
2909,142
2910,142
2911,142
2912,142
2913,142
2914,142
2915,142
2916,142
2917,142
2918,142
2919,142
2920,142
2921,142
2922,142
2923,142
2924,142
2925,142
2926,142
2927,142
2928,142
2929,142
2930,142
2931,142
2932,142
2933,142
2934,142
2935,142
2936,142
2937,142
2938,142
2939,142
2940,142
2941,142
2942,142
2943,142
2944,142
2945,142
2946,142
2947,142
2948,142
2949,142
2950,142
2951,142
2952,142
2953,142
2954,142
2955,142
2956,142
2957,142
2958,142
2959,142
2960,142
2961,142
2962,142
2963,142
2964,142
2965,142
2966,142
2967,142
2968,142
2969,142
2970,142
2971,142
2972,142
2973,142
2974,142
2975,142
2976,142
2977,142
2978,142
2979,142
2980,142
2981,142
2982,142
2983,142
2984,142
2985,142
2986,142
2987,142
2988,142
2989,142
2990,142
2991,142
2992,142
2993,142
2994,142
2995,142
2996,142
2997,142
2998,142
2999,142
3000,142
3001,142
3002,142
3003,142
3004,142
3005,142
3006,142
3007,142
3008,142
3009,142
3010,142
3011,142
3012,142
3013,142
3014,142
3015,142
3016,142
3017,142
3018,142
3019,142
3020,142
3021,142
3022,142
3023,142
3024,142
3025,142
3026,142
3027,142
3028,142
3029,142
3030,142
3031,142
3032,142
3033,142
3034,142
3035,142
3036,142
3037,142
3038,142
3039,142
3040,142
3041,142
3042,142
3043,142
3044,142
3045,142
3046,142
3047,142
3048,142
3049,142
3050,142
3051,142
3052,142
3053,142
3054,142
3055,142
3056,142
3057,142
3058,142
3059,142
3060,142
3061,142
3062,142
3063,142
3064,142
3065,142
3066,142
3067,142
3068,142
3069,142
3070,142
3071,142
3072,142
3073,142
3074,142
3075,142
3076,142
3077,142
3078,142
3079,142
3080,142
3081,142
3082,142
3083,142
3084,142
3085,142
3086,142
3087,142
3088,142
3089,142
3090,142
3091,142
3092,142
3093,142
3094,142
3095,142
3096,142
3097,142
3098,142
3099,142
3100,143
3101,143
3102,143
3103,143
3104,143
3105,143
3106,143
3107,143
3108,143
3109,143
3110,143
3111,143
3112,144
3113,144
3114,144
3115,144
3116,144
3117,144
3118,144
3119,144
3120,144
3121,144
3122,144
3123,144
3124,144
3125,144
3126,144
3127,144
3128,144
3129,144
3130,144
3131,144
3132,144
3133,144
3134,144
3135,144
3136,144
3137,144
3138,144
3139,144
3140,144
3141,144
3142,144
3143,144
3144,144
3145,144
3146,144
3147,144
3148,144
3149,144
3150,144
3151,144
3152,144
3153,144
3154,144
3155,144
3156,144
3157,144
3158,144
3159,144
3160,144
3161,144
3162,144
3163,144
3164,144
3165,144
3166,144
3167,144
3168,144
3169,144
3170,144
3171,144
3172,144
3173,144
3174,144
3175,144
3176,144
3177,144
3178,144
3179,144
3180,144
3181,144
3182,144
3183,144
3184,144
3185,144
3186,144
3187,144
3188,144
3189,144
3190,144
3191,144
3192,144
3193,144
3194,144
3195,144
3196,144
3197,144
3198,144
3199,144
3200,144
3201,144
3202,144
3203,144
3204,144
3205,144
3206,144
3207,144
3208,144
3209,144
3210,144
3211,144
3212,144
3213,144
3214,144
3215,144
3216,144
3217,144
3218,144
3219,144
3220,144
3221,144
3222,144
3223,144
3224,144
3225,144
3226,144
3227,144
3228,144
3229,144
3230,144
3231,144
3232,144
3233,144
3234,144
3235,144
3236,144
3237,144
3238,144
3239,144
3240,144
3241,144
3242,144
3243,144
3244,144
3245,144
3246,144
3247,144
3248,144
3249,144
3250,144
3251,144
3252,144
3253,144
3254,144
3255,144
3256,144
3257,144
3258,144
3259,144
3260,144
3261,144
3262,144
3263,144
3264,144
3265,144
3266,144
3267,144
3268,144
3269,144
3270,144
3271,144
3272,144
3273,144
3274,144
3275,144
3276,144
3277,144
3278,144
3279,144
3280,144
3281,144
3282,144
3283,144
3284,144
3285,144
3286,144
3287,144
3288,144
3289,144
3290,144
3291,144
3292,144
3293,144
3294,144
3295,144
3296,144
3297,144
3298,144
3299,144
3300,144
3301,144
3302,144
3303,144
3304,144
3305,145
