0,0
1,1
2,2
3,3
4,4
5,5
6,5
7,6
8,7
9,8
10,9
11,10
12,11
13,11
14,12
15,13
16,14
17,15
18,16
19,17
20,18
21,19
22,19
23,20
24,21
25,21
26,22
27,23
28,24
29,25
30,26
31,27
32,28
33,29
34,30
35,30
36,31
37,31
38,31
39,32
40,33
41,33
42,33
43,34
44,35
45,36
46,37
47,37
48,38
49,38
50,38
51,38
52,39
53,39
54,39
55,39
56,40
57,40
58,40
59,41
60,42
61,42
62,43
63,43
64,44
65,45
66,45
67,46
68,46
69,47
70,47
71,48
72,49
73,49
74,50
75,50
76,50
77,51
78,52
79,52
80,52
81,52
82,53
83,53
84,54
85,54
86,55
87,55
88,55
89,55
90,55
91,56
92,56
93,57
94,57
95,57
96,57
97,57
98,57
99,58
100,58
101,59
102,59
103,59
104,59
105,59
106,59
107,59
108,59
109,60
110,60
111,60
112,60
113,60
114,60
115,60
116,60
117,60
118,60
119,61
120,62
121,63
122,64
123,65
124,65
125,65
126,65
127,65
128,65
129,65
130,65
131,65
132,65
133,65
134,65
135,66
136,66
137,67
138,68
139,69
140,70
141,71
142,72
143,73
144,74
145,75
146,76
147,76
148,77
149,78
150,78
151,78
152,79
153,80
154,81
155,82
156,82
157,83
158,83
159,84
160,84
161,84
162,84
163,85
164,85
165,85
166,85
167,85
168,85
169,85
170,86
171,86
172,86
173,86
174,87
175,87
176,87
177,87
178,87
179,87
180,87
181,88
182,88
183,88
184,89
185,89
186,89
187,89
188,89
189,89
190,89
191,89
192,89
193,90
194,90
195,90
196,91
197,92
198,92
199,92
200,92
201,92
202,92
203,92
204,92
205,92
206,92
207,92
208,92
209,93
210,93
211,94
212,95
213,95
214,95
215,96
216,96
217,96
218,96
219,96
220,96
221,96
222,96
223,97
224,97
225,97
226,97
227,97
228,97
229,97
230,97
231,97
232,97
233,98
234,98
235,98
236,98
237,99
238,99
239,99
240,100
241,101
242,101
243,101
244,101
245,101
246,101
247,101
248,101
249,101
250,101
251,101
252,101
253,101
254,101
255,101
256,101
257,101
258,101
259,101
260,101
261,101
262,101
263,101
264,102
265,102
266,102
267,102
268,102
269,102
270,102
271,102
272,102
273,102
274,102
275,102
276,103
277,103
278,103
279,104
280,104
281,104
282,104
283,104
284,104
285,104
286,104
287,104
288,104
289,104
290,104
291,104
292,104
293,104
294,104
295,104
296,104
297,104
298,104
299,104
300,104
301,104
302,104
303,104
304,104
305,104
306,104
307,104
308,104
309,104
310,104
311,104
312,104
313,105
314,105
315,105
316,105
317,105
318,105
319,105
320,105
321,105
322,105
323,105
324,105
325,105
326,106
327,106
328,106
329,106
330,106
331,106
332,107
333,107
334,107
335,107
336,107
337,107
338,107
339,107
340,107
341,107
342,107
343,107
344,107
345,107
346,107
347,107
348,107
349,108
350,108
351,108
352,108
353,108
354,108
355,108
356,108
357,108
358,108
359,108
360,108
361,108
362,108
363,108
364,108
365,109
366,109
367,109
368,109
369,109
370,109
371,109
372,109
373,109
374,109
375,109
376,109
377,109
378,109
379,109
380,109
381,109
382,109
383,109
384,109
385,109
386,110
387,110
388,110
389,110
390,110
391,111
392,111
393,111
394,112
395,113
396,114
397,114
398,114
399,114
400,114
401,114
402,114
403,114
404,114
405,114
406,114
407,115
408,115
409,115
410,115
411,115
412,115
413,115
414,115
415,115
416,115
417,115
418,115
419,115
420,115
421,115
422,115
423,115
424,115
425,115
426,115
427,115
428,115
429,115
430,115
431,115
432,115
433,115
434,115
435,115
436,115
437,115
438,115
439,115
440,115
441,115
442,115
443,115
444,115
445,115
446,115
447,115
448,115
449,115
450,115
451,115
452,115
453,115
454,115
455,115
456,115
457,115
458,115
459,115
460,115
461,115
462,115
463,115
464,115
465,115
466,115
467,115
468,115
469,115
470,115
471,115
472,115
473,115
474,115
475,115
476,115
477,116
478,117
479,118
480,118
481,118
482,118
483,118
484,118
485,118
486,118
487,118
488,118
489,118
490,118
491,118
492,118
493,118
494,118
495,118
496,118
497,118
498,118
499,118
500,118
501,118
502,118
503,118
504,118
505,118
506,118
507,118
508,118
509,118
510,118
511,118
512,118
513,118
514,118
515,118
516,119
517,119
518,119
519,119
520,119
521,119
522,119
523,119
524,119
525,119
526,119
527,119
528,119
529,119
530,119
531,119
532,119
533,119
534,119
535,119
536,119
537,119
538,119
539,119
540,119
541,119
542,119
543,119
544,119
545,119
546,119
547,119
548,119
549,119
550,119
551,119
552,119
553,119
554,119
555,119
556,119
557,119
558,119
559,120
560,121
561,121
562,121
563,121
564,121
565,121
566,121
567,121
568,121
569,121
570,121
571,121
572,121
573,121
574,121
575,121
576,121
577,121
578,121
579,121
580,121
581,121
582,121
583,122
584,122
585,122
586,122
587,122
588,122
589,122
590,122
591,122
592,122
593,122
594,122
595,122
596,122
597,122
598,122
599,122
600,122
601,122
602,122
603,122
604,122
605,122
606,122
607,122
608,122
609,122
610,122
611,122
612,122
613,122
614,122
615,122
616,122
617,122
618,122
619,122
620,122
621,122
622,122
623,122
624,122
625,122
626,122
627,122
628,122
629,122
630,122
631,122
632,122
633,122
634,122
635,122
636,122
637,122
638,122
639,122
640,122
641,122
642,122
643,122
644,122
645,122
646,122
647,122
648,122
649,122
650,122
651,122
652,122
653,122
654,122
655,122
656,122
657,122
658,122
659,123
660,124
661,124
662,124
663,124
664,124
665,124
666,124
667,124
668,124
669,124
670,124
671,124
672,124
673,124
674,124
675,124
676,124
677,124
678,124
679,124
680,124
681,124
682,124
683,124
684,124
685,124
686,124
687,124
688,124
689,124
690,124
691,124
692,124
693,124
694,124
695,124
696,124
697,124
698,124
699,124
700,124
701,124
702,124
703,124
704,124
705,124
706,124
707,124
708,124
709,124
710,124
711,124
712,124
713,124
714,124
715,124
716,124
717,124
718,124
719,124
720,124
721,124
722,124
723,124
724,124
725,124
726,124
727,124
728,124
729,124
730,124
731,124
732,124
733,124
734,124
735,124
736,124
737,124
738,124
739,124
740,124
741,124
742,124
743,124
744,124
745,124
746,124
747,124
748,124
749,124
750,124
751,124
752,124
753,124
754,124
755,124
756,124
757,124
758,124
759,124
760,124
761,124
762,124
763,124
764,124
765,124
766,124
767,124
768,124
769,124
770,124
771,124
772,124
773,124
774,124
775,124
776,124
777,124
778,124
779,124
780,124
781,124
782,124
783,124
784,124
785,124
786,124
787,124
788,124
789,124
790,124
791,124
792,124
793,124
794,124
795,124
796,124
797,124
798,124
799,124
800,124
801,124
802,124
803,124
804,124
805,124
806,124
807,124
808,124
809,124
810,124
811,124
812,124
813,124
814,124
815,124
816,124
817,124
818,124
819,124
820,124
821,124
822,124
823,124
824,124
825,124
826,124
827,124
828,124
829,124
830,124
831,124
832,124
833,124
834,124
835,124
836,124
837,124
838,124
839,124
840,124
841,124
842,124
843,124
844,124
845,124
846,124
847,124
848,124
849,124
850,124
851,124
852,124
853,124
854,124
855,124
856,124
857,124
858,124
859,124
860,124
861,124
862,124
863,124
864,124
865,124
866,124
867,124
868,124
869,124
870,124
871,124
872,124
873,124
874,124
875,124
876,124
877,124
878,124
879,125
880,125
881,125
882,125
883,125
884,125
885,125
886,125
887,125
888,125
889,125
890,125
891,125
892,125
893,125
894,125
895,125
896,125
897,125
898,125
899,125
900,125
901,125
902,125
903,125
904,125
905,125
906,125
907,125
908,125
909,125
910,125
911,125
912,125
913,125
914,125
915,125
916,125
917,125
918,125
919,125
920,125
921,125
922,125
923,125
924,125
925,126
926,126
927,126
928,126
929,126
930,126
931,126
932,126
933,126
934,126
935,126
936,126
937,126
938,126
939,126
940,126
941,126
942,126
943,126
944,126
945,126
946,126
947,126
948,126
949,126
950,126
951,126
952,126
953,126
954,126
955,126
956,126
957,126
958,126
959,126
960,126
961,126
962,126
963,126
964,126
965,126
966,126
967,126
968,126
969,126
970,126
971,126
972,126
973,126
974,126
975,126
976,126
977,126
978,126
979,126
980,126
981,126
982,126
983,126
984,126
985,126
986,126
987,126
988,126
989,126
990,126
991,126
992,126
993,126
994,126
995,126
996,126
997,126
998,126
999,126
1000,126
1001,126
1002,126
1003,126
1004,126
1005,126
1006,126
1007,126
1008,126
1009,126
1010,126
1011,126
1012,126
1013,126
1014,126
1015,126
1016,126
1017,126
1018,126
1019,126
1020,126
1021,126
1022,126
1023,126
1024,126
1025,126
1026,126
1027,126
1028,126
1029,126
1030,126
1031,126
1032,126
1033,126
1034,126
1035,126
1036,126
1037,126
1038,126
1039,126
1040,126
1041,126
1042,126
1043,126
1044,126
1045,126
1046,126
1047,126
1048,126
1049,126
1050,126
1051,126
1052,126
1053,126
1054,126
1055,126
1056,126
1057,126
1058,126
1059,126
1060,126
1061,126
1062,126
1063,126
1064,126
1065,126
1066,126
1067,126
1068,126
1069,126
1070,126
1071,126
1072,126
1073,126
1074,126
1075,126
1076,126
1077,126
1078,126
1079,126
1080,126
1081,126
1082,126
1083,126
1084,126
1085,126
1086,126
1087,126
1088,126
1089,126
1090,126
1091,126
1092,126
1093,126
1094,126
1095,126
1096,126
1097,126
1098,126
1099,126
1100,126
1101,126
1102,126
1103,126
1104,126
1105,126
1106,126
1107,127
1108,127
1109,127
1110,127
1111,127
1112,127
1113,127
1114,127
1115,127
1116,127
1117,127
1118,127
1119,127
1120,127
1121,127
1122,127
1123,127
1124,127
1125,127
1126,127
1127,127
1128,127
1129,127
1130,127
1131,127
1132,127
1133,127
1134,127
1135,127
1136,127
1137,127
1138,127
1139,127
1140,127
1141,127
1142,127
1143,127
1144,127
1145,127
1146,127
1147,127
1148,127
1149,127
1150,127
1151,127
1152,127
1153,127
1154,127
1155,127
1156,127
1157,127
1158,127
1159,127
1160,127
1161,127
1162,127
1163,127
1164,127
1165,127
1166,127
1167,127
1168,127
1169,127
1170,127
1171,127
1172,127
1173,127
1174,127
1175,127
1176,127
1177,127
1178,127
1179,127
1180,127
1181,127
1182,127
1183,128
1184,128
1185,128
1186,128
1187,128
1188,128
1189,128
1190,128
1191,128
1192,128
1193,128
1194,128
1195,128
1196,128
1197,128
1198,128
1199,128
1200,128
1201,128
1202,128
1203,128
1204,128
1205,128
1206,128
1207,128
1208,128
1209,128
1210,128
1211,128
1212,128
1213,128
1214,128
1215,128
1216,128
1217,128
1218,128
1219,128
1220,128
1221,128
1222,128
1223,128
1224,128
1225,128
1226,128
1227,128
1228,128
1229,128
1230,128
1231,128
1232,128
1233,128
1234,128
1235,128
1236,128
1237,128
1238,128
1239,128
1240,128
1241,128
1242,128
1243,128
1244,128
1245,128
1246,128
1247,128
1248,128
1249,128
1250,128
1251,128
1252,128
1253,128
1254,128
1255,128
1256,128
1257,128
1258,128
1259,128
1260,128
1261,128
1262,128
1263,128
1264,128
1265,128
1266,128
1267,128
1268,128
1269,128
1270,128
1271,128
1272,128
1273,128
1274,128
1275,128
1276,128
1277,128
1278,128
1279,128
1280,128
1281,128
1282,128
1283,128
1284,128
1285,128
1286,128
1287,128
1288,128
1289,128
1290,128
1291,128
1292,128
1293,128
1294,128
1295,128
1296,128
1297,128
1298,128
1299,128
1300,128
1301,128
1302,128
1303,128
1304,128
1305,128
1306,128
1307,128
1308,128
1309,128
1310,128
1311,128
1312,128
1313,128
1314,128
1315,128
1316,128
1317,128
1318,128
1319,128
1320,128
1321,128
1322,128
1323,128
1324,128
1325,128
1326,128
1327,128
1328,128
1329,128
1330,128
1331,128
1332,128
1333,128
1334,128
1335,128
1336,129
1337,129
1338,130
1339,131
1340,131
1341,131
1342,131
1343,131
1344,131
1345,131
1346,132
1347,132
1348,132
1349,132
1350,132
1351,132
1352,132
1353,132
1354,132
1355,132
1356,132
1357,132
1358,132
1359,132
1360,132
1361,132
1362,132
1363,132
1364,132
1365,132
1366,132
1367,132
1368,132
1369,132
1370,132
1371,132
1372,132
1373,132
1374,132
1375,132
1376,132
1377,132
1378,132
1379,132
1380,132
1381,132
1382,132
1383,132
1384,132
1385,132
1386,132
1387,132
1388,132
1389,132
1390,132
1391,132
1392,132
1393,132
1394,132
1395,132
1396,132
1397,132
1398,132
1399,132
1400,132
1401,132
1402,132
1403,132
1404,132
1405,132
1406,132
1407,132
1408,132
1409,132
1410,132
1411,132
1412,132
1413,132
1414,132
1415,132
1416,132
1417,132
1418,132
1419,132
1420,132
1421,132
1422,132
1423,132
1424,132
1425,132
1426,132
1427,132
1428,132
1429,132
1430,132
1431,132
1432,132
1433,132
1434,132
1435,132
1436,132
1437,132
1438,132
1439,132
1440,132
1441,132
1442,132
1443,132
1444,132
1445,132
1446,132
1447,132
1448,132
1449,132
1450,132
1451,132
1452,132
1453,132
1454,132
1455,132
1456,132
1457,132
1458,132
1459,132
1460,132
1461,132
1462,132
1463,132
1464,132
1465,132
1466,132
1467,132
1468,132
1469,132
1470,132
1471,132
1472,132
1473,132
1474,132
1475,132
1476,132
1477,132
1478,132
1479,132
1480,132
1481,132
1482,132
1483,132
1484,132
1485,132
1486,132
1487,132
1488,132
1489,132
1490,132
1491,132
1492,132
1493,132
1494,132
1495,132
1496,132
1497,133
1498,133
1499,133
1500,133
1501,133
1502,133
1503,133
1504,133
1505,133
1506,133
1507,133
1508,133
1509,133
1510,133
1511,133
1512,133
1513,133
1514,133
1515,133
1516,133
1517,133
1518,133
1519,133
1520,133
1521,133
1522,133
1523,133
1524,133
1525,133
1526,133
1527,133
1528,133
1529,133
1530,133
1531,133
1532,133
1533,133
1534,133
1535,133
1536,133
1537,133
1538,133
1539,133
1540,133
1541,133
1542,133
1543,133
1544,133
1545,133
1546,133
1547,133
1548,133
1549,133
1550,133
1551,133
1552,133
1553,133
1554,133
1555,133
1556,133
1557,133
1558,133
1559,133
1560,133
1561,133
1562,133
1563,133
1564,133
1565,133
1566,133
1567,133
1568,133
1569,133
1570,133
1571,133
1572,133
1573,133
1574,133
1575,133
1576,133
1577,133
1578,133
1579,133
1580,133
1581,133
1582,133
1583,133
1584,133
1585,133
1586,133
1587,133
1588,133
1589,133
1590,133
1591,133
1592,133
1593,133
1594,133
1595,133
1596,133
1597,133
1598,133
1599,133
1600,133
1601,133
1602,133
1603,133
1604,133
1605,133
1606,133
1607,133
1608,133
1609,133
1610,133
1611,133
1612,133
1613,133
1614,133
1615,133
1616,133
1617,133
1618,133
1619,133
1620,133
1621,133
1622,133
1623,133
1624,133
1625,133
1626,133
1627,133
1628,133
1629,133
1630,133
1631,133
1632,133
1633,133
1634,133
1635,133
1636,133
1637,133
1638,133
1639,133
1640,133
1641,133
1642,133
1643,133
1644,133
1645,134
1646,134
1647,134
1648,134
1649,134
1650,134
1651,134
1652,134
1653,134
1654,134
1655,134
1656,134
1657,134
1658,134
1659,134
1660,134
1661,134
1662,134
1663,134
1664,134
1665,134
1666,134
1667,134
1668,134
1669,134
1670,134
1671,134
1672,134
1673,134
1674,134
1675,134
1676,134
1677,134
1678,134
1679,134
1680,134
1681,134
1682,134
1683,134
1684,134
1685,134
1686,134
1687,134
1688,134
1689,134
1690,134
1691,134
1692,134
1693,134
1694,134
1695,134
1696,134
1697,134
1698,134
1699,134
1700,134
1701,134
1702,134
1703,134
1704,134
1705,134
1706,134
1707,134
1708,134
1709,134
1710,134
1711,134
1712,134
1713,134
1714,134
1715,134
1716,134
1717,134
1718,134
1719,134
1720,134
1721,134
1722,134
1723,134
1724,134
1725,134
1726,134
1727,134
1728,134
1729,134
1730,134
1731,134
1732,134
1733,134
1734,134
1735,134
1736,134
1737,134
1738,134
1739,134
1740,134
1741,134
1742,134
1743,134
1744,134
1745,134
1746,134
1747,134
1748,134
1749,134
1750,134
1751,134
1752,134
1753,134
1754,134
1755,134
1756,134
1757,134
1758,134
1759,134
1760,134
1761,134
1762,134
1763,134
1764,134
1765,134
1766,134
1767,134
1768,134
1769,134
1770,134
1771,134
1772,134
1773,134
1774,134
1775,134
1776,134
1777,134
1778,134
1779,134
1780,134
1781,134
1782,134
1783,134
1784,134
1785,134
1786,134
1787,134
1788,134
1789,134
1790,134
1791,134
1792,134
1793,134
1794,134
1795,134
1796,134
1797,134
1798,134
1799,134
1800,134
1801,135
1802,135
1803,135
1804,135
1805,135
1806,135
1807,135
1808,135
1809,135
1810,135
1811,135
1812,135
1813,135
1814,135
1815,135
1816,135
1817,135
1818,135
1819,135
1820,135
1821,135
1822,135
1823,135
1824,135
1825,135
1826,135
1827,135
1828,135
1829,135
1830,135
1831,135
1832,135
1833,135
1834,135
1835,135
1836,135
1837,135
1838,135
1839,135
1840,135
1841,135
1842,135
1843,135
1844,135
1845,135
1846,135
1847,135
1848,135
1849,135
1850,135
1851,135
1852,135
1853,135
1854,135
1855,135
1856,135
1857,135
1858,135
1859,135
1860,135
1861,135
1862,135
1863,135
1864,135
1865,135
1866,135
1867,135
1868,135
1869,135
1870,135
1871,135
1872,135
1873,135
1874,135
1875,135
1876,135
1877,135
1878,135
1879,135
1880,135
1881,135
1882,135
1883,135
1884,135
1885,135
1886,135
1887,135
1888,135
1889,135
1890,135
1891,135
1892,135
1893,135
1894,135
1895,135
1896,135
1897,135
1898,135
1899,135
1900,135
1901,135
1902,135
1903,135
1904,135
1905,135
1906,135
1907,135
1908,135
1909,135
1910,135
1911,135
1912,135
1913,135
1914,135
1915,135
1916,135
1917,135
1918,135
1919,135
1920,135
1921,135
1922,135
1923,135
1924,135
1925,135
1926,135
1927,135
1928,135
1929,135
1930,135
1931,135
1932,135
1933,135
1934,135
1935,135
1936,135
1937,135
1938,135
1939,135
1940,135
1941,135
1942,135
1943,135
1944,135
1945,135
1946,135
1947,135
1948,135
1949,135
1950,135
1951,135
1952,135
1953,135
1954,135
1955,135
1956,135
1957,135
1958,135
1959,135
1960,135
1961,135
1962,135
1963,135
1964,135
1965,135
1966,135
1967,135
1968,135
1969,135
1970,135
1971,135
1972,135
1973,135
1974,135
1975,135
1976,135
1977,135
1978,135
1979,135
1980,136
1981,137
1982,137
1983,137
1984,137
1985,137
1986,137
1987,137
1988,137
1989,137
1990,137
1991,137
1992,137
1993,137
1994,137
1995,137
1996,137
1997,137
1998,137
1999,137
2000,137
2001,137
2002,137
2003,137
2004,137
2005,137
2006,137
2007,137
2008,137
2009,137
2010,137
2011,137
2012,137
2013,137
2014,137
2015,137
2016,137
2017,137
2018,137
2019,137
2020,137
2021,137
2022,137
2023,137
2024,137
2025,137
2026,137
2027,137
2028,137
2029,137
2030,137
2031,137
2032,137
2033,137
2034,137
2035,137
2036,137
2037,137
2038,137
2039,137
2040,137
2041,137
2042,137
2043,137
2044,137
2045,137
2046,137
2047,137
2048,137
2049,137
2050,137
2051,137
2052,137
2053,137
2054,137
2055,137
2056,137
2057,137
2058,137
2059,137
2060,137
2061,137
2062,137
2063,137
2064,137
2065,137
2066,137
2067,137
2068,137
2069,137
2070,137
2071,137
2072,137
2073,137
2074,137
2075,137
2076,137
2077,137
2078,137
2079,137
2080,137
2081,137
2082,137
2083,137
2084,137
2085,137
2086,137
2087,137
2088,137
2089,137
2090,137
2091,137
2092,137
2093,137
2094,137
2095,137
2096,137
2097,137
2098,137
2099,137
2100,137
2101,137
2102,137
2103,137
2104,137
2105,137
2106,137
2107,137
2108,137
2109,137
2110,137
2111,137
2112,137
2113,137
2114,137
2115,137
2116,137
2117,137
2118,137
2119,137
2120,137
2121,137
2122,137
2123,137
2124,137
2125,137
2126,137
2127,137
2128,137
2129,137
2130,137
2131,137
2132,137
2133,137
2134,137
2135,137
2136,137
2137,137
2138,137
2139,137
2140,137
2141,137
2142,137
2143,137
2144,137
2145,137
2146,137
2147,137
2148,137
2149,137
2150,137
2151,137
2152,137
2153,137
2154,137
2155,137
2156,137
2157,137
2158,137
2159,137
2160,137
2161,137
2162,137
2163,137
2164,137
2165,137
2166,137
2167,137
2168,137
2169,137
2170,137
2171,137
2172,137
2173,137
2174,137
2175,137
2176,137
2177,137
2178,137
2179,137
2180,137
2181,137
2182,137
2183,137
2184,137
2185,137
2186,137
2187,137
2188,137
2189,137
2190,137
2191,137
2192,137
2193,137
2194,137
2195,137
2196,137
2197,137
2198,137
2199,137
2200,137
2201,137
2202,137
2203,137
2204,137
2205,137
2206,137
2207,137
2208,137
2209,137
2210,137
2211,137
2212,137
2213,137
2214,137
2215,137
2216,137
2217,137
2218,137
2219,137
2220,137
2221,137
2222,137
2223,137
2224,137
2225,137
2226,137
2227,137
2228,137
2229,137
2230,137
2231,137
2232,137
2233,137
2234,137
2235,137
2236,137
2237,137
2238,137
2239,137
2240,137
2241,137
2242,137
2243,137
2244,137
2245,137
2246,137
2247,137
2248,137
2249,137
2250,137
2251,137
2252,137
2253,137
2254,137
2255,137
2256,137
2257,137
2258,137
2259,137
2260,137
2261,137
2262,137
2263,137
2264,137
2265,137
2266,137
2267,137
2268,137
2269,137
2270,137
2271,137
2272,137
2273,137
2274,137
2275,137
2276,137
2277,137
2278,137
2279,137
2280,137
2281,137
2282,137
2283,137
2284,137
2285,137
2286,137
2287,138
2288,138
2289,138
2290,139
2291,140
2292,141
2293,142
2294,143
2295,143
2296,143
2297,143
2298,143
2299,143
2300,143
2301,143
2302,143
2303,143
2304,143
2305,143
2306,143
2307,143
2308,143
2309,143
2310,143
2311,143
2312,143
2313,143
2314,143
2315,143
2316,143
2317,143
2318,143
2319,143
2320,143
2321,143
2322,143
2323,143
2324,143
2325,143
2326,143
2327,143
2328,143
2329,143
2330,143
2331,143
2332,143
2333,143
2334,143
2335,143
2336,143
2337,143
2338,143
2339,143
2340,143
2341,143
2342,143
2343,143
2344,143
2345,143
2346,143
2347,143
2348,143
2349,143
2350,143
2351,143
2352,143
2353,143
2354,143
2355,143
2356,143
2357,143
2358,143
2359,143
2360,143
2361,143
2362,143
2363,143
2364,143
2365,143
2366,143
2367,143
2368,143
2369,143
2370,143
2371,143
2372,143
2373,143
2374,143
2375,143
2376,143
2377,143
2378,143
2379,143
2380,143
2381,143
2382,143
2383,143
2384,143
2385,143
2386,143
2387,143
2388,143
2389,143
2390,143
2391,143
2392,143
2393,143
2394,143
2395,143
2396,143
2397,143
2398,143
2399,143
2400,143
2401,143
2402,143
2403,143
2404,143
2405,143
2406,143
2407,143
2408,143
2409,143
2410,143
2411,143
2412,143
2413,143
2414,143
2415,143
2416,143
2417,143
2418,143
2419,143
2420,143
2421,143
2422,143
2423,143
2424,143
2425,143
2426,143
2427,143
2428,143
2429,143
2430,143
2431,143
2432,143
2433,143
2434,143
2435,143
2436,143
2437,143
2438,143
2439,143
2440,143
2441,143
2442,143
2443,143
2444,143
2445,143
2446,143
2447,143
2448,143
2449,143
2450,143
2451,143
2452,143
2453,143
2454,143
2455,143
2456,143
2457,143
2458,143
2459,143
2460,143
2461,143
2462,143
2463,143
2464,143
2465,143
2466,143
2467,143
2468,143
2469,143
2470,143
2471,143
2472,143
2473,143
2474,143
2475,143
2476,143
2477,143
2478,143
2479,143
2480,143
2481,143
2482,143
2483,143
2484,143
2485,143
2486,143
2487,143
2488,143
2489,143
2490,144
2491,145
