0,0
1,1
2,2
3,3
4,4
5,5
6,6
7,7
8,8
9,9
10,10
11,10
12,11
13,12
14,13
15,14
16,14
17,15
18,16
19,17
20,17
21,18
22,18
23,19
24,19
25,20
26,21
27,22
28,23
29,24
30,25
31,25
32,26
33,27
34,28
35,29
36,30
37,31
38,31
39,32
40,33
41,34
42,35
43,36
44,37
45,38
46,39
47,39
48,40
49,41
50,42
51,42
52,43
53,43
54,44
55,45
56,46
57,47
58,48
59,48
60,49
61,49
62,50
63,51
64,52
65,53
66,54
67,55
68,55
69,56
70,56
71,57
72,58
73,58
74,59
75,60
76,61
77,62
78,63
79,63
80,63
81,63
82,63
83,63
84,63
85,64
86,64
87,64
88,65
89,65
90,65
91,65
92,66
93,67
94,68
95,68
96,68
97,69
98,70
99,70
100,71
101,72
102,72
103,72
104,72
105,73
106,73
107,73
108,74
109,74
110,74
111,74
112,74
113,74
114,74
115,75
116,75
117,75
118,76
119,77
120,77
121,78
122,79
123,79
124,79
125,79
126,79
127,79
128,79
129,79
130,79
131,80
132,80
133,81
134,82
135,82
136,82
137,82
138,82
139,82
140,83
141,83
142,83
143,83
144,84
145,84
146,84
147,85
148,86
149,87
150,87
151,88
152,88
153,89
154,90
155,91
156,91
157,91
158,91
159,92
160,92
161,92
162,92
163,92
164,92
165,92
166,92
167,92
168,93
169,93
170,93
171,93
172,93
173,93
174,93
175,93
176,93
177,94
178,94
179,94
180,94
181,94
182,95
183,95
184,95
185,95
186,95
187,95
188,96
189,96
190,96
191,96
192,96
193,96
194,97
195,97
196,98
197,99
198,100
199,100
200,100
201,100
202,100
203,100
204,100
205,100
206,100
207,100
208,101
209,101
210,101
211,102
212,102
213,102
214,102
215,102
216,102
217,102
218,102
219,102
220,102
221,102
222,103
223,103
224,104
225,104
226,104
227,104
228,104
229,104
230,104
231,104
232,104
233,104
234,104
235,104
236,104
237,104
238,104
239,104
240,104
241,104
242,104
243,104
244,104
245,104
246,104
247,104
248,104
249,104
250,104
251,104
252,104
253,104
254,104
255,105
256,105
257,105
258,105
259,105
260,106
261,106
262,106
263,107
264,107
265,107
266,107
267,107
268,107
269,107
270,107
271,107
272,107
273,107
274,107
275,107
276,107
277,107
278,107
279,107
280,107
281,107
282,107
283,107
284,107
285,107
286,107
287,107
288,108
289,109
290,109
291,109
292,109
293,109
294,109
295,109
296,109
297,109
298,109
299,109
300,109
301,109
302,109
303,109
304,109
305,109
306,109
307,109
308,109
309,109
310,109
311,109
312,109
313,110
314,110
315,110
316,110
317,110
318,110
319,110
320,110
321,110
322,110
323,110
324,110
325,110
326,110
327,111
328,111
329,111
330,111
331,111
332,111
333,111
334,111
335,111
336,111
337,111
338,111
339,111
340,111
341,111
342,111
343,111
344,111
345,111
346,111
347,111
348,111
349,111
350,112
351,112
352,112
353,112
354,112
355,112
356,112
357,112
358,112
359,112
360,112
361,112
362,112
363,112
364,112
365,113
366,113
367,113
368,113
369,114
370,114
371,114
372,114
373,114
374,114
375,114
376,114
377,114
378,114
379,114
380,114
381,114
382,114
383,114
384,114
385,114
386,114
387,114
388,114
389,114
390,114
391,114
392,114
393,114
394,114
395,114
396,114
397,114
398,114
399,114
400,114
401,114
402,114
403,114
404,114
405,114
406,114
407,114
408,114
409,115
410,115
411,115
412,115
413,115
414,115
415,115
416,115
417,115
418,115
419,115
420,115
421,115
422,115
423,115
424,115
425,115
426,115
427,115
428,115
429,115
430,115
431,115
432,115
433,115
434,115
435,115
436,115
437,115
438,115
439,115
440,115
441,115
442,115
443,115
444,115
445,115
446,115
447,115
448,115
449,115
450,115
451,115
452,115
453,115
454,115
455,115
456,115
457,115
458,115
459,115
460,115
461,116
462,117
463,117
464,117
465,117
466,117
467,117
468,117
469,117
470,117
471,117
472,117
473,117
474,117
475,117
476,117
477,117
478,117
479,118
480,118
481,118
482,118
483,118
484,118
485,118
486,118
487,118
488,118
489,118
490,118
491,118
492,118
493,118
494,118
495,118
496,118
497,118
498,118
499,118
500,118
501,118
502,118
503,118
504,118
505,118
506,118
507,118
508,118
509,118
510,118
511,118
512,118
513,118
514,118
515,118
516,118
517,118
518,118
519,118
520,118
521,118
522,118
523,118
524,118
525,118
526,118
527,118
528,118
529,118
530,118
531,118
532,118
533,118
534,118
535,118
536,118
537,118
538,118
539,118
540,118
541,118
542,118
543,118
544,118
545,118
546,118
547,118
548,118
549,118
550,118
551,118
552,118
553,118
554,118
555,118
556,118
557,118
558,118
559,118
560,118
561,118
562,118
563,118
564,118
565,118
566,118
567,118
568,118
569,118
570,118
571,118
572,118
573,118
574,118
575,118
576,118
577,118
578,118
579,118
580,118
581,118
582,118
583,118
584,118
585,118
586,118
587,118
588,118
589,118
590,118
591,118
592,118
593,118
594,118
595,118
596,118
597,118
598,118
599,118
600,118
601,118
602,118
603,118
604,118
605,118
606,118
607,118
608,118
609,118
610,118
611,118
612,118
613,118
614,118
615,118
616,118
617,118
618,118
619,118
620,118
621,118
622,118
623,118
624,118
625,118
626,118
627,118
628,118
629,118
630,118
631,118
632,118
633,118
634,118
635,118
636,118
637,118
638,118
639,118
640,118
641,118
642,118
643,118
644,118
645,118
646,118
647,118
648,118
649,118
650,118
651,118
652,118
653,118
654,118
655,118
656,119
657,120
658,120
659,120
660,120
661,120
662,120
663,120
664,120
665,120
666,120
667,120
668,120
669,120
670,120
671,120
672,120
673,120
674,120
675,120
676,120
677,120
678,120
679,120
680,120
681,120
682,120
683,120
684,120
685,120
686,120
687,120
688,120
689,120
690,120
691,120
692,120
693,120
694,120
695,120
696,120
697,120
698,120
699,120
700,120
701,120
702,120
703,120
704,120
705,120
706,120
707,120
708,120
709,120
710,120
711,120
712,120
713,120
714,120
715,120
716,120
717,120
718,120
719,121
720,121
721,121
722,121
723,121
724,121
725,121
726,121
727,121
728,121
729,121
730,121
731,121
732,121
733,121
734,121
735,121
736,121
737,121
738,121
739,121
740,121
741,121
742,121
743,121
744,121
745,121
746,121
747,121
748,121
749,121
750,122
751,122
752,122
753,122
754,122
755,122
756,122
757,122
758,122
759,122
760,122
761,122
762,122
763,122
764,122
765,122
766,122
767,122
768,122
769,122
770,122
771,122
772,122
773,122
774,122
775,122
776,122
777,122
778,122
779,122
780,122
781,122
782,122
783,122
784,122
785,122
786,122
787,122
788,122
789,122
790,122
791,122
792,122
793,122
794,122
795,122
796,122
797,122
798,122
799,122
800,122
801,122
802,122
803,122
804,122
805,122
806,122
807,122
808,122
809,122
810,122
811,122
812,122
813,122
814,122
815,122
816,122
817,122
818,122
819,122
820,122
821,122
822,122
823,122
824,122
825,122
826,122
827,122
828,122
829,122
830,122
831,122
832,122
833,122
834,122
835,122
836,122
837,122
838,122
839,122
840,122
841,122
842,122
843,122
844,122
845,122
846,122
847,122
848,122
849,122
850,122
851,122
852,122
853,122
854,122
855,122
856,122
857,122
858,122
859,122
860,122
861,122
862,122
863,122
864,122
865,122
866,122
867,122
868,122
869,122
870,122
871,122
872,122
873,122
874,122
875,122
876,122
877,122
878,122
879,122
880,122
881,122
882,122
883,122
884,122
885,122
886,122
887,122
888,122
889,122
890,122
891,122
892,122
893,122
894,122
895,122
896,122
897,122
898,122
899,122
900,122
901,122
902,122
903,122
904,122
905,122
906,122
907,122
908,122
909,122
910,122
911,122
912,122
913,122
914,122
915,122
916,122
917,122
918,122
919,122
920,122
921,122
922,122
923,122
924,122
925,122
926,122
927,122
928,122
929,122
930,122
931,122
932,122
933,122
934,122
935,122
936,122
937,122
938,122
939,122
940,122
941,122
942,122
943,122
944,122
945,122
946,122
947,122
948,122
949,122
950,122
951,122
952,122
953,122
954,122
955,122
956,122
957,122
958,122
959,122
960,122
961,122
962,122
963,122
964,122
965,122
966,123
967,123
968,123
969,123
970,123
971,123
972,123
973,123
974,123
975,123
976,123
977,123
978,123
979,123
980,123
981,123
982,123
983,123
984,123
985,123
986,123
987,123
988,123
989,123
990,123
991,123
992,123
993,123
994,123
995,123
996,123
997,123
998,123
999,123
1000,123
1001,123
1002,123
1003,123
1004,123
1005,123
1006,124
1007,125
1008,126
1009,127
1010,127
1011,128
1012,129
1013,130
1014,130
1015,130
1016,130
1017,130
1018,130
1019,130
1020,130
1021,130
1022,130
1023,130
1024,130
1025,130
1026,130
1027,130
1028,130
1029,130
1030,130
1031,130
1032,130
1033,130
1034,130
1035,130
1036,130
1037,130
1038,130
1039,130
1040,130
1041,130
1042,130
1043,130
1044,130
1045,130
1046,130
1047,130
1048,130
1049,130
1050,130
1051,130
1052,130
1053,130
1054,130
1055,130
1056,130
1057,131
1058,131
1059,131
1060,131
1061,131
1062,131
1063,131
1064,131
1065,131
1066,131
1067,131
1068,131
1069,131
1070,131
1071,131
1072,131
1073,131
1074,131
1075,131
1076,131
1077,131
1078,131
1079,131
1080,131
1081,131
1082,131
1083,131
1084,131
1085,131
1086,131
1087,131
1088,131
1089,131
1090,131
1091,131
1092,131
1093,131
1094,131
1095,131
1096,131
1097,131
1098,131
1099,131
1100,131
1101,131
1102,131
1103,131
1104,131
1105,132
1106,132
1107,132
1108,132
1109,132
1110,132
1111,132
1112,132
1113,132
1114,132
1115,132
1116,132
1117,132
1118,132
1119,132
1120,132
1121,132
1122,132
1123,132
1124,132
1125,132
1126,132
1127,132
1128,132
1129,132
1130,132
1131,132
1132,132
1133,132
1134,132
1135,132
1136,132
1137,132
1138,132
1139,132
1140,132
1141,132
1142,132
1143,132
1144,132
1145,132
1146,132
1147,132
1148,132
1149,132
1150,132
1151,132
1152,132
1153,132
1154,132
1155,132
1156,132
1157,132
1158,132
1159,132
1160,132
1161,132
1162,132
1163,132
1164,132
1165,132
1166,132
1167,132
1168,132
1169,132
1170,132
1171,132
1172,132
1173,132
1174,132
1175,132
1176,132
1177,132
1178,132
1179,132
1180,132
1181,132
1182,132
1183,132
1184,132
1185,132
1186,132
1187,132
1188,132
1189,132
1190,132
1191,132
1192,132
1193,132
1194,132
1195,132
1196,132
1197,132
1198,132
1199,132
1200,132
1201,132
1202,132
1203,132
1204,132
1205,132
1206,132
1207,132
1208,132
1209,132
1210,132
1211,132
1212,132
1213,132
1214,132
1215,132
1216,132
1217,132
1218,132
1219,132
1220,132
1221,132
1222,132
1223,132
1224,132
1225,132
1226,132
1227,132
1228,132
1229,132
1230,132
1231,132
1232,132
1233,132
1234,132
1235,132
1236,132
1237,132
1238,132
1239,132
1240,132
1241,132
1242,132
1243,132
1244,132
1245,132
1246,132
1247,132
1248,132
1249,132
1250,132
1251,132
1252,132
1253,132
1254,132
1255,132
1256,132
1257,132
1258,132
1259,132
1260,132
1261,132
1262,132
1263,132
1264,132
1265,132
1266,132
1267,132
1268,132
1269,132
1270,132
1271,132
1272,132
1273,132
1274,132
1275,132
1276,132
1277,132
1278,132
1279,132
1280,132
1281,132
1282,132
1283,132
1284,132
1285,132
1286,132
1287,132
1288,132
1289,132
1290,132
1291,132
1292,132
1293,132
1294,132
1295,132
1296,132
1297,132
1298,132
1299,132
1300,132
1301,132
1302,132
1303,132
1304,132
1305,132
1306,132
1307,132
1308,132
1309,132
1310,132
1311,132
1312,132
1313,132
1314,132
1315,132
1316,132
1317,132
1318,132
1319,132
1320,132
1321,132
1322,132
1323,132
1324,132
1325,132
1326,132
1327,132
1328,132
1329,132
1330,132
1331,132
1332,132
1333,132
1334,132
1335,132
1336,132
1337,132
1338,132
1339,132
1340,132
1341,132
1342,132
1343,132
1344,132
1345,132
1346,132
1347,132
1348,132
1349,132
1350,133
1351,134
1352,134
1353,134
1354,134
1355,134
1356,134
1357,134
1358,134
1359,134
1360,134
1361,134
1362,134
1363,134
1364,134
1365,134
1366,134
1367,134
1368,134
1369,134
1370,134
1371,134
1372,134
1373,134
1374,134
1375,134
1376,134
1377,134
1378,134
1379,134
1380,134
1381,134
1382,134
1383,134
1384,134
1385,134
1386,134
1387,134
1388,134
1389,134
1390,134
1391,134
1392,134
1393,134
1394,134
1395,134
1396,134
1397,134
1398,134
1399,134
1400,134
1401,134
1402,134
1403,134
1404,134
1405,134
1406,134
1407,134
1408,134
1409,134
1410,134
1411,134
1412,134
1413,134
1414,134
1415,134
1416,134
1417,134
1418,134
1419,134
1420,134
1421,134
1422,134
1423,134
1424,134
1425,134
1426,134
1427,134
1428,134
1429,134
1430,134
1431,134
1432,134
1433,134
1434,134
1435,134
1436,134
1437,134
1438,134
1439,134
1440,134
1441,134
1442,134
1443,134
1444,134
1445,134
1446,134
1447,134
1448,134
1449,134
1450,134
1451,134
1452,134
1453,134
1454,134
1455,134
1456,134
1457,134
1458,134
1459,134
1460,134
1461,134
1462,134
1463,134
1464,134
1465,134
1466,134
1467,134
1468,134
1469,134
1470,134
1471,134
1472,134
1473,134
1474,134
1475,134
1476,134
1477,134
1478,134
1479,134
1480,134
1481,134
1482,134
1483,134
1484,134
1485,134
1486,134
1487,134
1488,134
1489,134
1490,134
1491,134
1492,134
1493,134
1494,134
1495,134
1496,134
1497,134
1498,134
1499,134
1500,134
1501,134
1502,134
1503,134
1504,134
1505,134
1506,134
1507,134
1508,134
1509,134
1510,134
1511,134
1512,134
1513,134
1514,134
1515,134
1516,134
1517,134
1518,134
1519,134
1520,134
1521,134
1522,134
1523,134
1524,134
1525,134
1526,134
1527,134
1528,134
1529,134
1530,134
1531,134
1532,134
1533,134
1534,134
1535,134
1536,134
1537,134
1538,134
1539,134
1540,134
1541,134
1542,134
1543,134
1544,134
1545,134
1546,134
1547,134
1548,134
1549,134
1550,134
1551,134
1552,134
1553,134
1554,134
1555,134
1556,134
1557,134
1558,134
1559,134
1560,134
1561,134
1562,134
1563,134
1564,134
1565,134
1566,134
1567,134
1568,134
1569,134
1570,134
1571,134
1572,134
1573,134
1574,134
1575,134
1576,134
1577,134
1578,134
1579,134
1580,134
1581,134
1582,134
1583,134
1584,134
1585,134
1586,134
1587,134
1588,134
1589,134
1590,134
1591,134
1592,134
1593,134
1594,134
1595,134
1596,134
1597,134
1598,134
1599,134
1600,134
1601,134
1602,134
1603,134
1604,134
1605,134
1606,134
1607,134
1608,134
1609,134
1610,134
1611,134
1612,134
1613,134
1614,134
1615,134
1616,134
1617,134
1618,134
1619,134
1620,134
1621,134
1622,134
1623,134
1624,134
1625,134
1626,134
1627,134
1628,134
1629,134
1630,134
1631,134
1632,134
1633,134
1634,134
1635,134
1636,134
1637,134
1638,134
1639,134
1640,134
1641,134
1642,134
1643,134
1644,134
1645,134
1646,134
1647,134
1648,134
1649,134
1650,134
1651,134
1652,134
1653,134
1654,134
1655,134
1656,134
1657,134
1658,134
1659,134
1660,134
1661,134
1662,134
1663,134
1664,134
1665,134
1666,134
1667,134
1668,134
1669,134
1670,134
1671,134
1672,134
1673,134
1674,134
1675,134
1676,134
1677,134
1678,134
1679,134
1680,134
1681,134
1682,134
1683,134
1684,134
1685,134
1686,134
1687,134
1688,134
1689,134
1690,134
1691,134
1692,134
1693,134
1694,134
1695,134
1696,134
1697,134
1698,134
1699,134
1700,134
1701,134
1702,134
1703,134
1704,134
1705,134
1706,134
1707,134
1708,134
1709,134
1710,134
1711,134
1712,134
1713,134
1714,134
1715,134
1716,134
1717,134
1718,134
1719,134
1720,134
1721,134
1722,134
1723,134
1724,134
1725,134
1726,134
1727,134
1728,134
1729,134
1730,134
1731,134
1732,134
1733,134
1734,134
1735,134
1736,134
1737,134
1738,134
1739,134
1740,134
1741,134
1742,134
1743,134
1744,134
1745,134
1746,134
1747,134
1748,134
1749,134
1750,134
1751,134
1752,134
1753,134
1754,134
1755,134
1756,134
1757,134
1758,134
1759,134
1760,134
1761,134
1762,134
1763,134
1764,134
1765,134
1766,134
1767,134
1768,134
1769,134
1770,134
1771,134
1772,134
1773,134
1774,134
1775,134
1776,134
1777,134
1778,134
1779,134
1780,134
1781,134
1782,134
1783,134
1784,134
1785,134
1786,134
1787,134
1788,134
1789,134
1790,134
1791,134
1792,134
1793,134
1794,134
1795,134
1796,134
1797,134
1798,134
1799,134
1800,134
1801,134
1802,134
1803,134
1804,134
1805,134
1806,134
1807,134
1808,134
1809,134
1810,134
1811,134
1812,134
1813,134
1814,134
1815,134
1816,134
1817,134
1818,134
1819,134
1820,134
1821,135
1822,135
1823,136
1824,137
1825,138
1826,139
1827,139
1828,139
1829,139
1830,139
1831,139
1832,139
1833,139
1834,139
1835,139
1836,139
1837,139
1838,139
1839,139
1840,139
1841,139
1842,139
1843,139
1844,139
1845,139
1846,139
1847,139
1848,139
1849,139
1850,139
1851,139
1852,139
1853,139
1854,139
1855,139
1856,139
1857,139
1858,139
1859,139
1860,139
1861,139
1862,139
1863,139
1864,139
1865,139
1866,139
1867,139
1868,139
1869,139
1870,139
1871,139
1872,139
1873,139
1874,139
1875,139
1876,139
1877,139
1878,139
1879,139
1880,139
1881,139
1882,139
1883,139
1884,139
1885,139
1886,139
1887,139
1888,139
1889,139
1890,139
1891,139
1892,139
1893,139
1894,139
1895,139
1896,139
1897,139
1898,139
1899,139
1900,139
1901,139
1902,139
1903,139
1904,139
1905,139
1906,139
1907,139
1908,139
1909,139
1910,139
1911,139
1912,139
1913,139
1914,139
1915,139
1916,139
1917,139
1918,139
1919,139
1920,139
1921,139
1922,139
1923,139
1924,139
1925,139
1926,139
1927,139
1928,139
1929,139
1930,139
1931,139
1932,139
1933,139
1934,139
1935,139
1936,139
1937,139
1938,139
1939,139
1940,139
1941,139
1942,139
1943,139
1944,139
1945,139
1946,139
1947,139
1948,139
1949,139
1950,139
1951,139
1952,139
1953,139
1954,139
1955,139
1956,139
1957,139
1958,139
1959,139
1960,139
1961,139
1962,139
1963,139
1964,139
1965,139
1966,139
1967,139
1968,139
1969,139
1970,139
1971,139
1972,139
1973,139
1974,139
1975,139
1976,139
1977,139
1978,139
1979,139
1980,139
1981,139
1982,139
1983,139
1984,139
1985,139
1986,139
1987,139
1988,139
1989,139
1990,139
1991,139
1992,139
1993,139
1994,139
1995,139
1996,139
1997,139
1998,139
1999,139
2000,139
2001,139
2002,139
2003,139
2004,139
2005,139
2006,139
2007,139
2008,139
2009,139
2010,139
2011,139
2012,139
2013,139
2014,139
2015,139
2016,139
2017,139
2018,139
2019,139
2020,139
2021,139
2022,139
2023,139
2024,139
2025,139
2026,139
2027,139
2028,139
2029,139
2030,139
2031,139
2032,139
2033,139
2034,139
2035,139
2036,139
2037,139
2038,139
2039,139
2040,139
2041,139
2042,139
2043,139
2044,139
2045,139
2046,139
2047,139
2048,139
2049,139
2050,139
2051,139
2052,139
2053,139
2054,140
2055,140
2056,141
2057,141
2058,141
2059,141
2060,141
2061,141
2062,141
2063,141
2064,141
2065,141
2066,141
2067,141
2068,141
2069,141
2070,141
2071,141
2072,141
2073,141
2074,141
2075,141
2076,141
2077,141
2078,141
2079,141
2080,141
2081,141
2082,141
2083,141
2084,141
2085,141
2086,141
2087,141
2088,141
2089,141
2090,141
2091,141
2092,141
2093,141
2094,141
2095,141
2096,141
2097,141
2098,141
2099,141
2100,141
2101,141
2102,141
2103,141
2104,141
2105,141
2106,141
2107,141
2108,141
2109,141
2110,141
2111,141
2112,141
2113,141
2114,141
2115,141
2116,141
2117,141
2118,141
2119,141
2120,141
2121,141
2122,141
2123,141
2124,141
2125,141
2126,141
2127,141
2128,141
2129,141
2130,141
2131,141
2132,141
2133,141
2134,141
2135,141
2136,142
2137,143
2138,143
2139,143
2140,143
2141,143
2142,143
2143,144
2144,144
2145,144
2146,144
2147,145
