0,0
1,1
2,2
3,3
4,4
5,5
6,6
7,6
8,7
9,8
10,9
11,10
12,11
13,12
14,13
15,13
16,14
17,14
18,14
19,15
20,15
21,15
22,16
23,17
24,17
25,18
26,19
27,20
28,21
29,22
30,23
31,24
32,25
33,26
34,27
35,28
36,29
37,30
38,31
39,31
40,32
41,32
42,33
43,34
44,35
45,36
46,36
47,37
48,37
49,38
50,38
51,39
52,40
53,40
54,40
55,40
56,40
57,41
58,42
59,43
60,43
61,44
62,45
63,46
64,46
65,47
66,48
67,49
68,50
69,51
70,52
71,52
72,52
73,52
74,52
75,52
76,53
77,53
78,54
79,55
80,55
81,56
82,57
83,58
84,58
85,59
86,59
87,59
88,59
89,59
90,60
91,60
92,60
93,61
94,62
95,63
96,64
97,65
98,66
99,66
100,66
101,67
102,67
103,68
104,69
105,69
106,70
107,71
108,72
109,72
110,72
111,72
112,72
113,72
114,72
115,73
116,73
117,73
118,74
119,74
120,75
121,76
122,76
123,76
124,76
125,76
126,76
127,76
128,76
129,77
130,78
131,78
132,78
133,78
134,78
135,78
136,78
137,78
138,78
139,78
140,78
141,78
142,78
143,78
144,79
145,79
146,79
147,80
148,80
149,80
150,80
151,81
152,81
153,81
154,82
155,82
156,82
157,82
158,82
159,82
160,82
161,82
162,82
163,82
164,83
165,83
166,84
167,84
168,84
169,85
170,86
171,86
172,86
173,86
174,86
175,86
176,87
177,87
178,87
179,87
180,87
181,87
182,87
183,87
184,87
185,87
186,87
187,87
188,87
189,88
190,88
191,89
192,89
193,89
194,89
195,89
196,89
197,89
198,89
199,89
200,89
201,89
202,89
203,89
204,89
205,90
206,90
207,90
208,90
209,91
210,91
211,91
212,91
213,91
214,91
215,91
216,91
217,91
218,91
219,91
220,91
221,91
222,91
223,91
224,91
225,91
226,91
227,91
228,91
229,91
230,91
231,91
232,91
233,91
234,91
235,91
236,91
237,91
238,91
239,91
240,91
241,91
242,91
243,91
244,91
245,91
246,91
247,91
248,91
249,91
250,91
251,91
252,91
253,91
254,92
255,92
256,92
257,92
258,92
259,92
260,92
261,92
262,92
263,93
264,93
265,93
266,93
267,93
268,93
269,93
270,93
271,93
272,93
273,93
274,93
275,93
276,93
277,93
278,93
279,93
280,93
281,93
282,94
283,94
284,94
285,95
286,96
287,97
288,98
289,99
290,100
291,100
292,100
293,100
294,100
295,100
296,100
297,100
298,100
299,101
300,101
301,101
302,101
303,101
304,101
305,101
306,101
307,101
308,101
309,101
310,101
311,101
312,102
313,102
314,103
315,103
316,104
317,104
318,105
319,105
320,106
321,106
322,107
323,107
324,108
325,108
326,109
327,109
328,109
329,109
330,109
331,109
332,109
333,109
334,109
335,109
336,109
337,109
338,109
339,109
340,109
341,109
342,109
343,109
344,109
345,109
346,109
347,109
348,109
349,109
350,109
351,109
352,109
353,109
354,109
355,109
356,109
357,109
358,109
359,109
360,109
361,109
362,109
363,109
364,110
365,110
366,110
367,111
368,111
369,111
370,112
371,113
372,113
373,113
374,113
375,113
376,113
377,113
378,113
379,113
380,113
381,113
382,113
383,113
384,113
385,113
386,113
387,113
388,113
389,113
390,113
391,113
392,113
393,113
394,113
395,113
396,113
397,113
398,113
399,114
400,114
401,114
402,114
403,114
404,114
405,114
406,114
407,114
408,114
409,114
410,114
411,114
412,114
413,114
414,114
415,114
416,114
417,114
418,115
419,115
420,115
421,115
422,115
423,115
424,115
425,115
426,115
427,115
428,115
429,115
430,115
431,115
432,115
433,115
434,115
435,115
436,115
437,115
438,115
439,115
440,115
441,115
442,115
443,115
444,115
445,115
446,115
447,115
448,115
449,115
450,115
451,116
452,116
453,116
454,116
455,116
456,116
457,116
458,116
459,116
460,116
461,116
462,116
463,116
464,116
465,116
466,116
467,116
468,116
469,116
470,116
471,116
472,116
473,116
474,116
475,116
476,116
477,116
478,116
479,116
480,117
481,117
482,118
483,118
484,118
485,118
486,118
487,118
488,118
489,118
490,118
491,118
492,118
493,118
494,118
495,118
496,118
497,118
498,118
499,118
500,118
501,118
502,118
503,118
504,118
505,118
506,118
507,118
508,118
509,118
510,118
511,118
512,118
513,118
514,118
515,118
516,118
517,118
518,118
519,118
520,118
521,118
522,118
523,118
524,118
525,118
526,118
527,118
528,118
529,118
530,118
531,118
532,118
533,118
534,118
535,118
536,118
537,118
538,118
539,118
540,118
541,118
542,118
543,118
544,118
545,118
546,118
547,118
548,118
549,118
550,118
551,118
552,118
553,118
554,118
555,118
556,118
557,118
558,118
559,118
560,118
561,118
562,118
563,118
564,118
565,118
566,118
567,118
568,118
569,118
570,118
571,118
572,118
573,118
574,118
575,118
576,118
577,118
578,118
579,119
580,119
581,119
582,119
583,119
584,119
585,119
586,119
587,119
588,119
589,119
590,119
591,119
592,119
593,119
594,119
595,119
596,119
597,119
598,119
599,119
600,119
601,119
602,119
603,119
604,119
605,119
606,119
607,119
608,119
609,119
610,119
611,119
612,119
613,119
614,119
615,119
616,119
617,119
618,119
619,119
620,119
621,119
622,119
623,119
624,119
625,119
626,119
627,119
628,119
629,119
630,119
631,119
632,119
633,119
634,119
635,119
636,119
637,119
638,119
639,119
640,119
641,119
642,119
643,119
644,119
645,119
646,119
647,119
648,119
649,119
650,119
651,119
652,119
653,119
654,119
655,119
656,119
657,119
658,119
659,119
660,119
661,119
662,120
663,120
664,120
665,120
666,120
667,120
668,120
669,120
670,120
671,120
672,120
673,120
674,120
675,120
676,120
677,120
678,120
679,120
680,120
681,121
682,121
683,121
684,121
685,121
686,121
687,121
688,121
689,121
690,121
691,122
692,122
693,122
694,122
695,122
696,122
697,122
698,122
699,122
700,122
701,122
702,122
703,122
704,122
705,122
706,122
707,122
708,122
709,122
710,122
711,122
712,122
713,122
714,122
715,122
716,122
717,122
718,122
719,122
720,122
721,122
722,122
723,122
724,122
725,122
726,122
727,122
728,122
729,122
730,122
731,122
732,122
733,122
734,122
735,122
736,122
737,122
738,122
739,122
740,122
741,122
742,122
743,122
744,122
745,122
746,122
747,122
748,122
749,122
750,122
751,122
752,122
753,122
754,122
755,122
756,122
757,122
758,122
759,122
760,122
761,122
762,122
763,122
764,122
765,122
766,122
767,122
768,122
769,122
770,122
771,122
772,122
773,123
774,123
775,123
776,123
777,123
778,123
779,123
780,123
781,123
782,123
783,123
784,123
785,123
786,123
787,123
788,123
789,123
790,123
791,123
792,123
793,123
794,123
795,123
796,123
797,123
798,123
799,123
800,123
801,124
802,124
803,124
804,124
805,124
806,125
807,125
808,125
809,125
810,126
811,126
812,126
813,126
814,126
815,126
816,126
817,126
818,126
819,126
820,126
821,126
822,126
823,126
824,126
825,126
826,126
827,126
828,126
829,126
830,126
831,126
832,126
833,126
834,126
835,126
836,126
837,126
838,126
839,126
840,126
841,126
842,126
843,126
844,126
845,126
846,126
847,126
848,126
849,126
850,126
851,126
852,126
853,126
854,126
855,126
856,126
857,126
858,126
859,126
860,126
861,126
862,126
863,126
864,126
865,126
866,126
867,126
868,126
869,126
870,126
871,126
872,126
873,126
874,126
875,126
876,126
877,126
878,126
879,126
880,126
881,126
882,126
883,126
884,126
885,126
886,126
887,126
888,126
889,126
890,126
891,126
892,126
893,126
894,126
895,126
896,126
897,126
898,126
899,126
900,126
901,126
902,126
903,126
904,126
905,126
906,126
907,126
908,126
909,126
910,126
911,126
912,126
913,126
914,126
915,126
916,126
917,126
918,126
919,126
920,126
921,126
922,126
923,126
924,126
925,126
926,126
927,126
928,126
929,126
930,126
931,126
932,126
933,126
934,126
935,126
936,126
937,126
938,126
939,126
940,126
941,126
942,126
943,126
944,126
945,126
946,126
947,126
948,126
949,126
950,126
951,126
952,126
953,126
954,126
955,126
956,126
957,126
958,126
959,126
960,126
961,126
962,126
963,126
964,126
965,126
966,126
967,126
968,126
969,126
970,126
971,126
972,126
973,126
974,126
975,126
976,126
977,126
978,126
979,126
980,126
981,126
982,126
983,126
984,126
985,126
986,126
987,126
988,126
989,126
990,126
991,126
992,126
993,126
994,126
995,126
996,126
997,126
998,126
999,126
1000,126
1001,126
1002,126
1003,126
1004,126
1005,126
1006,126
1007,126
1008,126
1009,126
1010,126
1011,126
1012,126
1013,126
1014,126
1015,126
1016,126
1017,126
1018,126
1019,126
1020,126
1021,126
1022,126
1023,126
1024,126
1025,126
1026,126
1027,126
1028,126
1029,126
1030,126
1031,126
1032,126
1033,126
1034,126
1035,126
1036,126
1037,126
1038,126
1039,126
1040,126
1041,126
1042,126
1043,126
1044,126
1045,126
1046,126
1047,126
1048,126
1049,126
1050,126
1051,126
1052,126
1053,126
1054,126
1055,126
1056,126
1057,126
1058,126
1059,126
1060,126
1061,126
1062,126
1063,126
1064,126
1065,126
1066,126
1067,126
1068,126
1069,126
1070,126
1071,126
1072,126
1073,126
1074,126
1075,126
1076,126
1077,126
1078,126
1079,126
1080,126
1081,126
1082,126
1083,126
1084,126
1085,126
1086,126
1087,126
1088,126
1089,126
1090,126
1091,126
1092,126
1093,126
1094,126
1095,126
1096,126
1097,126
1098,126
1099,126
1100,126
1101,126
1102,126
1103,126
1104,126
1105,126
1106,126
1107,126
1108,126
1109,126
1110,126
1111,126
1112,126
1113,126
1114,126
1115,126
1116,126
1117,126
1118,126
1119,126
1120,126
1121,127
1122,127
1123,127
1124,127
1125,127
1126,127
1127,127
1128,127
1129,127
1130,127
1131,127
1132,127
1133,127
1134,127
1135,127
1136,127
1137,127
1138,127
1139,127
1140,127
1141,127
1142,127
1143,127
1144,127
1145,127
1146,127
1147,127
1148,127
1149,127
1150,127
1151,127
1152,127
1153,127
1154,127
1155,127
1156,127
1157,127
1158,127
1159,127
1160,127
1161,127
1162,128
1163,128
1164,128
1165,128
1166,128
1167,128
1168,128
1169,128
1170,128
1171,128
1172,128
1173,128
1174,128
1175,128
1176,128
1177,128
1178,128
1179,128
1180,128
1181,128
1182,128
1183,128
1184,128
1185,128
1186,128
1187,128
1188,128
1189,128
1190,128
1191,128
1192,128
1193,128
1194,128
1195,128
1196,128
1197,128
1198,128
1199,128
1200,128
1201,128
1202,128
1203,128
1204,128
1205,128
1206,128
1207,128
1208,128
1209,128
1210,128
1211,129
1212,129
1213,129
1214,129
1215,129
1216,129
1217,129
1218,129
1219,129
1220,129
1221,129
1222,129
1223,129
1224,129
1225,129
1226,129
1227,129
1228,130
1229,130
1230,130
1231,130
1232,130
1233,130
1234,130
1235,130
1236,130
1237,130
1238,130
1239,130
1240,130
1241,130
1242,130
1243,130
1244,130
1245,130
1246,130
1247,130
1248,130
1249,130
1250,130
1251,130
1252,130
1253,130
1254,130
1255,130
1256,130
1257,130
1258,130
1259,130
1260,130
1261,130
1262,130
1263,130
1264,130
1265,130
1266,130
1267,130
1268,130
1269,130
1270,130
1271,130
1272,130
1273,130
1274,130
1275,130
1276,130
1277,130
1278,130
1279,130
1280,130
1281,130
1282,130
1283,130
1284,130
1285,130
1286,130
1287,130
1288,130
1289,130
1290,130
1291,130
1292,130
1293,130
1294,130
1295,130
1296,130
1297,130
1298,130
1299,130
1300,130
1301,130
1302,130
1303,130
1304,130
1305,130
1306,130
1307,130
1308,130
1309,130
1310,130
1311,130
1312,130
1313,130
1314,130
1315,130
1316,130
1317,130
1318,130
1319,130
1320,130
1321,130
1322,130
1323,130
1324,130
1325,130
1326,130
1327,130
1328,130
1329,130
1330,130
1331,130
1332,130
1333,130
1334,130
1335,130
1336,130
1337,130
1338,130
1339,130
1340,130
1341,130
1342,130
1343,130
1344,130
1345,130
1346,130
1347,130
1348,130
1349,130
1350,130
1351,130
1352,130
1353,130
1354,130
1355,130
1356,130
1357,130
1358,130
1359,130
1360,130
1361,130
1362,130
1363,130
1364,130
1365,130
1366,130
1367,130
1368,130
1369,130
1370,130
1371,130
1372,130
1373,130
1374,130
1375,130
1376,130
1377,130
1378,130
1379,130
1380,130
1381,130
1382,130
1383,130
1384,130
1385,130
1386,130
1387,130
1388,130
1389,130
1390,130
1391,130
1392,130
1393,130
1394,130
1395,130
1396,130
1397,130
1398,130
1399,130
1400,130
1401,130
1402,130
1403,130
1404,130
1405,130
1406,130
1407,130
1408,130
1409,130
1410,130
1411,130
1412,130
1413,130
1414,130
1415,130
1416,130
1417,130
1418,130
1419,130
1420,130
1421,130
1422,130
1423,130
1424,130
1425,130
1426,130
1427,130
1428,130
1429,130
1430,130
1431,130
1432,130
1433,130
1434,130
1435,130
1436,130
1437,130
1438,130
1439,130
1440,130
1441,130
1442,130
1443,130
1444,130
1445,130
1446,130
1447,130
1448,130
1449,130
1450,130
1451,130
1452,130
1453,130
1454,130
1455,130
1456,130
1457,130
1458,130
1459,130
1460,130
1461,130
1462,130
1463,130
1464,130
1465,130
1466,130
1467,130
1468,130
1469,130
1470,130
1471,130
1472,130
1473,130
1474,130
1475,130
1476,130
1477,130
1478,130
1479,130
1480,130
1481,130
1482,130
1483,130
1484,130
1485,130
1486,130
1487,130
1488,130
1489,130
1490,130
1491,130
1492,130
1493,130
1494,130
1495,130
1496,130
1497,130
1498,130
1499,130
1500,130
1501,130
1502,130
1503,130
1504,130
1505,130
1506,130
1507,130
1508,130
1509,130
1510,130
1511,130
1512,130
1513,130
1514,130
1515,130
1516,130
1517,130
1518,130
1519,130
1520,130
1521,130
1522,130
1523,130
1524,130
1525,130
1526,130
1527,130
1528,130
1529,130
1530,130
1531,130
1532,130
1533,130
1534,130
1535,130
1536,130
1537,130
1538,130
1539,130
1540,130
1541,130
1542,130
1543,130
1544,130
1545,130
1546,130
1547,130
1548,130
1549,130
1550,130
1551,130
1552,130
1553,130
1554,130
1555,130
1556,130
1557,130
1558,130
1559,130
1560,130
1561,130
1562,130
1563,130
1564,130
1565,130
1566,130
1567,130
1568,130
1569,130
1570,130
1571,130
1572,130
1573,130
1574,130
1575,130
1576,130
1577,130
1578,130
1579,130
1580,130
1581,130
1582,130
1583,130
1584,130
1585,130
1586,130
1587,130
1588,130
1589,130
1590,130
1591,130
1592,130
1593,130
1594,130
1595,130
1596,130
1597,130
1598,130
1599,130
1600,130
1601,130
1602,130
1603,130
1604,130
1605,130
1606,130
1607,130
1608,130
1609,130
1610,130
1611,130
1612,130
1613,130
1614,130
1615,130
1616,130
1617,130
1618,130
1619,130
1620,130
1621,130
1622,130
1623,130
1624,130
1625,130
1626,130
1627,130
1628,130
1629,130
1630,130
1631,130
1632,130
1633,130
1634,130
1635,130
1636,130
1637,130
1638,130
1639,130
1640,130
1641,130
1642,130
1643,130
1644,130
1645,130
1646,130
1647,130
1648,130
1649,130
1650,130
1651,131
1652,131
1653,131
1654,131
1655,131
1656,131
1657,131
1658,131
1659,131
1660,131
1661,131
1662,131
1663,131
1664,131
1665,131
1666,131
1667,131
1668,131
1669,131
1670,131
1671,131
1672,131
1673,131
1674,131
1675,131
1676,131
1677,131
1678,131
1679,131
1680,131
1681,131
1682,131
1683,131
1684,131
1685,131
1686,131
1687,131
1688,131
1689,131
1690,131
1691,131
1692,131
1693,131
1694,131
1695,131
1696,131
1697,131
1698,131
1699,131
1700,131
1701,131
1702,131
1703,131
1704,131
1705,131
1706,131
1707,131
1708,131
1709,131
1710,131
1711,131
1712,131
1713,131
1714,131
1715,131
1716,131
1717,131
1718,131
1719,131
1720,131
1721,131
1722,131
1723,131
1724,131
1725,131
1726,131
1727,131
1728,131
1729,131
1730,131
1731,131
1732,131
1733,131
1734,131
1735,131
1736,131
1737,131
1738,131
1739,131
1740,131
1741,131
1742,131
1743,131
1744,131
1745,131
1746,131
1747,131
1748,131
1749,131
1750,131
1751,131
1752,131
1753,131
1754,131
1755,131
1756,131
1757,131
1758,131
1759,131
1760,131
1761,131
1762,131
1763,131
1764,131
1765,131
1766,131
1767,131
1768,131
1769,131
1770,131
1771,131
1772,131
1773,131
1774,131
1775,131
1776,131
1777,131
1778,131
1779,131
1780,131
1781,131
1782,131
1783,131
1784,131
1785,131
1786,131
1787,131
1788,131
1789,131
1790,131
1791,131
1792,131
1793,131
1794,131
1795,131
1796,131
1797,131
1798,131
1799,131
1800,131
1801,131
1802,131
1803,131
1804,131
1805,131
1806,131
1807,131
1808,131
1809,131
1810,131
1811,131
1812,131
1813,131
1814,131
1815,131
1816,131
1817,131
1818,131
1819,131
1820,131
1821,131
1822,131
1823,131
1824,131
1825,131
1826,131
1827,131
1828,131
1829,131
1830,131
1831,131
1832,131
1833,131
1834,131
1835,131
1836,131
1837,131
1838,131
1839,131
1840,131
1841,131
1842,131
1843,131
1844,131
1845,131
1846,131
1847,131
1848,131
1849,131
1850,131
1851,131
1852,131
1853,131
1854,131
1855,131
1856,131
1857,131
1858,131
1859,131
1860,131
1861,131
1862,131
1863,131
1864,131
1865,131
1866,131
1867,131
1868,131
1869,131
1870,131
1871,131
1872,131
1873,131
1874,131
1875,131
1876,131
1877,131
1878,131
1879,131
1880,131
1881,131
1882,131
1883,131
1884,131
1885,131
1886,131
1887,131
1888,131
1889,131
1890,131
1891,131
1892,131
1893,131
1894,131
1895,131
1896,131
1897,131
1898,131
1899,131
1900,131
1901,131
1902,131
1903,131
1904,131
1905,131
1906,131
1907,131
1908,131
1909,131
1910,131
1911,131
1912,131
1913,131
1914,131
1915,131
1916,131
1917,131
1918,131
1919,131
1920,131
1921,131
1922,131
1923,131
1924,131
1925,131
1926,131
1927,131
1928,131
1929,131
1930,131
1931,131
1932,131
1933,131
1934,131
1935,131
1936,131
1937,131
1938,131
1939,131
1940,131
1941,131
1942,131
1943,131
1944,131
1945,131
1946,131
1947,131
1948,131
1949,131
1950,131
1951,131
1952,131
1953,131
1954,131
1955,131
1956,131
1957,131
1958,131
1959,131
1960,131
1961,131
1962,131
1963,131
1964,131
1965,131
1966,131
1967,131
1968,131
1969,131
1970,131
1971,131
1972,131
1973,131
1974,131
1975,131
1976,131
1977,131
1978,131
1979,131
1980,131
1981,131
1982,131
1983,131
1984,131
1985,131
1986,131
1987,131
1988,131
1989,131
1990,131
1991,131
1992,131
1993,131
1994,131
1995,131
1996,131
1997,131
1998,131
1999,131
2000,131
2001,131
2002,131
2003,131
2004,131
2005,131
2006,131
2007,131
2008,131
2009,131
2010,131
2011,131
2012,131
2013,131
2014,131
2015,131
2016,131
2017,131
2018,131
2019,131
2020,131
2021,131
2022,131
2023,131
2024,131
2025,131
2026,131
2027,131
2028,131
2029,131
2030,131
2031,131
2032,131
2033,131
2034,131
2035,132
2036,133
2037,133
2038,133
2039,133
2040,133
2041,133
2042,133
2043,133
2044,133
2045,133
2046,133
2047,133
2048,133
2049,133
2050,133
2051,133
2052,133
2053,133
2054,134
2055,134
2056,134
2057,134
2058,134
2059,135
2060,136
2061,137
2062,138
2063,139
2064,139
2065,139
2066,140
2067,140
2068,140
2069,140
2070,140
2071,140
2072,140
2073,140
2074,140
2075,140
2076,140
2077,140
2078,140
2079,140
2080,140
2081,140
2082,140
2083,140
2084,140
2085,140
2086,140
2087,140
2088,140
2089,140
2090,140
2091,140
2092,140
2093,140
2094,140
2095,140
2096,140
2097,140
2098,140
2099,140
2100,140
2101,140
2102,140
2103,140
2104,140
2105,140
2106,140
2107,140
2108,140
2109,140
2110,140
2111,140
2112,140
2113,140
2114,140
2115,140
2116,140
2117,140
2118,140
2119,141
2120,142
2121,143
2122,144
2123,144
2124,144
2125,144
2126,144
2127,144
2128,144
2129,144
2130,144
2131,144
2132,144
2133,144
2134,144
2135,144
2136,144
2137,144
2138,144
2139,144
2140,144
2141,144
2142,144
2143,144
2144,144
2145,144
2146,144
2147,144
2148,144
2149,144
2150,144
2151,144
2152,144
2153,144
2154,144
2155,144
2156,144
2157,144
2158,144
2159,144
2160,144
2161,144
2162,144
2163,144
2164,144
2165,144
2166,144
2167,144
2168,144
2169,144
2170,144
2171,144
2172,144
2173,144
2174,144
2175,144
2176,144
2177,144
2178,144
2179,144
2180,144
2181,144
2182,144
2183,144
2184,144
2185,144
2186,144
2187,144
2188,144
2189,144
2190,144
2191,144
2192,144
2193,144
2194,144
2195,144
2196,144
2197,144
2198,144
2199,144
2200,144
2201,144
2202,144
2203,144
2204,144
2205,144
2206,144
2207,144
2208,144
2209,144
2210,144
2211,144
2212,144
2213,144
2214,144
2215,144
2216,144
2217,144
2218,144
2219,144
2220,144
2221,144
2222,144
2223,144
2224,144
2225,144
2226,144
2227,144
2228,144
2229,144
2230,144
2231,144
2232,144
2233,144
2234,144
2235,144
2236,144
2237,144
2238,144
2239,144
2240,144
2241,144
2242,144
2243,144
2244,144
2245,144
2246,144
2247,144
2248,144
2249,144
2250,144
2251,144
2252,144
2253,144
2254,144
2255,144
2256,144
2257,144
2258,144
2259,144
2260,144
2261,144
2262,144
2263,144
2264,144
2265,144
2266,144
2267,144
2268,144
2269,144
2270,144
2271,144
2272,144
2273,144
2274,144
2275,144
2276,144
2277,144
2278,144
2279,144
2280,144
2281,144
2282,144
2283,144
2284,144
2285,144
2286,144
2287,144
2288,144
2289,144
2290,144
2291,144
2292,144
2293,144
2294,144
2295,144
2296,144
2297,144
2298,144
2299,144
2300,144
2301,144
2302,144
2303,144
2304,144
2305,144
2306,144
2307,144
2308,144
2309,144
2310,144
2311,144
2312,144
2313,144
2314,144
2315,144
2316,144
2317,144
2318,144
2319,144
2320,144
2321,144
2322,144
2323,144
2324,144
2325,144
2326,144
2327,144
2328,144
2329,144
2330,144
2331,144
2332,144
2333,144
2334,144
2335,144
2336,144
2337,144
2338,144
2339,144
2340,144
2341,144
2342,144
2343,144
2344,144
2345,144
2346,144
2347,144
2348,144
2349,144
2350,144
2351,144
2352,144
2353,144
2354,144
2355,144
2356,144
2357,144
2358,144
2359,144
2360,144
2361,144
2362,144
2363,144
2364,144
2365,144
2366,144
2367,144
2368,144
2369,144
2370,144
2371,144
2372,144
2373,144
2374,144
2375,144
2376,144
2377,144
2378,144
2379,144
2380,144
2381,144
2382,144
2383,144
2384,144
2385,144
2386,144
2387,144
2388,144
2389,144
2390,144
2391,144
2392,144
2393,144
2394,144
2395,144
2396,144
2397,144
2398,144
2399,144
2400,144
2401,144
2402,144
2403,144
2404,144
2405,144
2406,144
2407,144
2408,144
2409,144
2410,144
2411,144
2412,144
2413,144
2414,144
2415,144
2416,144
2417,145
