0,0
1,1
2,2
3,3
4,4
5,5
6,6
7,7
8,8
9,9
10,10
11,11
12,11
13,12
14,13
15,13
16,14
17,15
18,16
19,17
20,18
21,19
22,20
23,20
24,21
25,22
26,22
27,23
28,23
29,24
30,24
31,25
32,25
33,26
34,27
35,27
36,27
37,27
38,27
39,28
40,28
41,29
42,29
43,30
44,31
45,32
46,33
47,34
48,35
49,36
50,36
51,36
52,37
53,37
54,37
55,38
56,39
57,40
58,41
59,42
60,42
61,42
62,43
63,43
64,43
65,43
66,43
67,44
68,44
69,44
70,44
71,45
72,45
73,46
74,47
75,48
76,48
77,49
78,49
79,49
80,49
81,49
82,49
83,49
84,50
85,50
86,51
87,51
88,51
89,52
90,52
91,52
92,53
93,53
94,54
95,55
96,56
97,56
98,57
99,57
100,58
101,58
102,58
103,58
104,58
105,58
106,59
107,60
108,61
109,61
110,62
111,63
112,64
113,65
114,66
115,67
116,67
117,67
118,68
119,68
120,69
121,69
122,69
123,70
124,70
125,70
126,71
127,71
128,71
129,71
130,72
131,73
132,73
133,74
134,74
135,75
136,75
137,76
138,76
139,76
140,76
141,76
142,76
143,77
144,78
145,79
146,79
147,80
148,80
149,81
150,81
151,82
152,82
153,82
154,82
155,82
156,82
157,82
158,82
159,82
160,82
161,83
162,83
163,83
164,83
165,84
166,84
167,84
168,85
169,85
170,85
171,85
172,85
173,85
174,85
175,85
176,85
177,85
178,85
179,85
180,85
181,85
182,86
183,87
184,87
185,88
186,88
187,88
188,88
189,88
190,88
191,88
192,88
193,88
194,89
195,90
196,90
197,90
198,91
199,91
200,91
201,91
202,91
203,92
204,92
205,93
206,93
207,93
208,93
209,93
210,93
211,93
212,93
213,93
214,93
215,94
216,94
217,95
218,95
219,95
220,96
221,96
222,96
223,97
224,97
225,98
226,99
227,100
228,100
229,100
230,101
231,101
232,101
233,101
234,101
235,102
236,102
237,102
238,102
239,102
240,102
241,102
242,102
243,102
244,102
245,102
246,102
247,103
248,103
249,103
250,103
251,103
252,103
253,103
254,104
255,105
256,105
257,105
258,105
259,105
260,105
261,105
262,105
263,105
264,105
265,105
266,105
267,105
268,105
269,105
270,105
271,105
272,105
273,105
274,105
275,105
276,105
277,105
278,105
279,105
280,105
281,105
282,105
283,105
284,105
285,105
286,105
287,105
288,105
289,105
290,105
291,105
292,105
293,105
294,105
295,105
296,105
297,105
298,105
299,106
300,106
301,106
302,106
303,106
304,106
305,106
306,106
307,106
308,106
309,106
310,106
311,106
312,106
313,106
314,106
315,107
316,108
317,109
318,110
319,110
320,111
321,111
322,111
323,111
324,111
325,111
326,111
327,111
328,111
329,111
330,111
331,111
332,111
333,111
334,111
335,112
336,112
337,112
338,112
339,112
340,112
341,112
342,112
343,113
344,114
345,114
346,114
347,114
348,114
349,114
350,114
351,115
352,115
353,115
354,115
355,115
356,115
357,115
358,116
359,117
360,117
361,117
362,117
363,117
364,117
365,117
366,117
367,117
368,117
369,117
370,117
371,117
372,117
373,117
374,117
375,117
376,117
377,117
378,117
379,117
380,117
381,117
382,117
383,117
384,117
385,117
386,117
387,117
388,117
389,117
390,117
391,118
392,118
393,118
394,118
395,118
396,118
397,118
398,118
399,118
400,118
401,118
402,118
403,118
404,118
405,118
406,118
407,118
408,118
409,118
410,119
411,119
412,119
413,119
414,119
415,119
416,119
417,119
418,119
419,119
420,119
421,119
422,119
423,119
424,119
425,119
426,119
427,119
428,119
429,119
430,119
431,119
432,119
433,119
434,119
435,119
436,119
437,119
438,119
439,119
440,119
441,119
442,119
443,119
444,119
445,119
446,119
447,119
448,119
449,119
450,119
451,119
452,119
453,119
454,119
455,119
456,119
457,119
458,119
459,119
460,119
461,119
462,119
463,119
464,119
465,119
466,119
467,119
468,119
469,119
470,119
471,119
472,119
473,119
474,119
475,119
476,119
477,119
478,119
479,119
480,119
481,119
482,119
483,119
484,119
485,119
486,119
487,119
488,119
489,119
490,119
491,119
492,119
493,119
494,119
495,119
496,119
497,119
498,120
499,120
500,120
501,120
502,120
503,121
504,122
505,123
506,124
507,125
508,125
509,125
510,125
511,125
512,125
513,125
514,125
515,125
516,125
517,125
518,125
519,125
520,125
521,125
522,125
523,125
524,125
525,125
526,125
527,125
528,125
529,125
530,125
531,125
532,125
533,125
534,125
535,125
536,125
537,125
538,125
539,125
540,125
541,125
542,125
543,125
544,125
545,125
546,125
547,125
548,125
549,125
550,125
551,125
552,125
553,125
554,125
555,125
556,125
557,125
558,125
559,125
560,125
561,125
562,125
563,125
564,125
565,125
566,125
567,125
568,125
569,125
570,125
571,125
572,125
573,125
574,125
575,125
576,125
577,125
578,125
579,125
580,125
581,125
582,125
583,125
584,125
585,125
586,125
587,125
588,125
589,125
590,125
591,125
592,125
593,125
594,125
595,125
596,125
597,125
598,125
599,125
600,125
601,126
602,126
603,126
604,126
605,126
606,126
607,126
608,126
609,126
610,126
611,126
612,126
613,126
614,126
615,126
616,126
617,126
618,126
619,126
620,126
621,126
622,126
623,126
624,126
625,126
626,126
627,126
628,126
629,127
630,128
631,128
632,128
633,129
634,129
635,129
636,129
637,129
638,129
639,129
640,129
641,129
642,129
643,129
644,129
645,129
646,129
647,129
648,129
649,129
650,129
651,129
652,129
653,129
654,129
655,129
656,129
657,129
658,129
659,129
660,129
661,129
662,129
663,129
664,129
665,129
666,129
667,129
668,129
669,129
670,129
671,129
672,129
673,129
674,129
675,129
676,129
677,129
678,129
679,129
680,129
681,129
682,129
683,129
684,129
685,129
686,129
687,129
688,129
689,129
690,129
691,129
692,129
693,129
694,129
695,129
696,129
697,129
698,129
699,129
700,129
701,129
702,129
703,129
704,129
705,129
706,129
707,129
708,129
709,129
710,129
711,129
712,129
713,129
714,129
715,129
716,129
717,129
718,129
719,129
720,129
721,129
722,129
723,129
724,130
725,131
726,131
727,131
728,131
729,131
730,131
731,131
732,131
733,131
734,131
735,131
736,131
737,131
738,131
739,131
740,131
741,131
742,131
743,131
744,131
745,131
746,131
747,131
748,131
749,131
750,131
751,131
752,131
753,131
754,131
755,131
756,131
757,131
758,131
759,131
760,131
761,131
762,131
763,131
764,131
765,131
766,131
767,131
768,131
769,131
770,131
771,131
772,131
773,131
774,131
775,131
776,131
777,131
778,131
779,131
780,131
781,131
782,131
783,131
784,131
785,131
786,131
787,131
788,131
789,131
790,131
791,131
792,131
793,131
794,131
795,131
796,131
797,131
798,131
799,131
800,131
801,131
802,131
803,131
804,131
805,131
806,131
807,131
808,131
809,131
810,131
811,132
812,132
813,132
814,132
815,133
816,134
817,134
818,135
819,135
820,135
821,135
822,135
823,135
824,135
825,135
826,135
827,135
828,135
829,135
830,135
831,135
832,135
833,135
834,135
835,135
836,135
837,135
838,135
839,135
840,135
841,135
842,135
843,135
844,135
845,135
846,135
847,135
848,135
849,135
850,135
851,135
852,135
853,135
854,135
855,135
856,135
857,135
858,135
859,135
860,135
861,135
862,135
863,135
864,135
865,135
866,135
867,135
868,135
869,135
870,135
871,135
872,135
873,135
874,135
875,135
876,135
877,135
878,135
879,135
880,135
881,135
882,135
883,135
884,135
885,135
886,135
887,135
888,135
889,135
890,135
891,135
892,135
893,135
894,135
895,135
896,135
897,135
898,135
899,135
900,135
901,135
902,135
903,135
904,135
905,135
906,135
907,135
908,135
909,135
910,135
911,135
912,135
913,135
914,135
915,135
916,135
917,135
918,135
919,135
920,135
921,135
922,135
923,135
924,135
925,135
926,135
927,135
928,135
929,135
930,135
931,135
932,135
933,135
934,135
935,135
936,135
937,135
938,135
939,135
940,135
941,135
942,135
943,135
944,135
945,135
946,135
947,135
948,135
949,135
950,135
951,135
952,135
953,135
954,135
955,135
956,135
957,135
958,135
959,135
960,135
961,135
962,135
963,135
964,135
965,135
966,135
967,135
968,135
969,135
970,135
971,135
972,135
973,135
974,135
975,135
976,135
977,135
978,135
979,135
980,135
981,135
982,135
983,135
984,135
985,135
986,135
987,135
988,135
989,135
990,135
991,135
992,135
993,135
994,135
995,135
996,135
997,135
998,135
999,135
1000,135
1001,135
1002,135
1003,135
1004,135
1005,135
1006,135
1007,135
1008,135
1009,135
1010,135
1011,135
1012,135
1013,135
1014,135
1015,135
1016,135
1017,135
1018,135
1019,135
1020,135
1021,135
1022,135
1023,135
1024,135
1025,135
1026,135
1027,135
1028,135
1029,135
1030,135
1031,135
1032,135
1033,135
1034,135
1035,135
1036,135
1037,135
1038,135
1039,135
1040,135
1041,135
1042,135
1043,135
1044,135
1045,135
1046,135
1047,135
1048,135
1049,135
1050,135
1051,135
1052,135
1053,135
1054,135
1055,135
1056,135
1057,135
1058,135
1059,136
1060,136
1061,136
1062,136
1063,136
1064,136
1065,136
1066,136
1067,136
1068,136
1069,136
1070,136
1071,136
1072,136
1073,136
1074,136
1075,136
1076,136
1077,136
1078,136
1079,136
1080,136
1081,136
1082,136
1083,136
1084,136
1085,136
1086,136
1087,136
1088,136
1089,136
1090,136
1091,136
1092,136
1093,136
1094,136
1095,136
1096,136
1097,136
1098,136
1099,136
1100,136
1101,136
1102,136
1103,136
1104,136
1105,136
1106,136
1107,136
1108,136
1109,136
1110,136
1111,136
1112,136
1113,136
1114,136
1115,136
1116,136
1117,136
1118,136
1119,136
1120,136
1121,136
1122,136
1123,136
1124,136
1125,136
1126,136
1127,136
1128,136
1129,136
1130,136
1131,136
1132,136
1133,136
1134,136
1135,136
1136,136
1137,136
1138,136
1139,136
1140,136
1141,136
1142,136
1143,136
1144,136
1145,136
1146,136
1147,136
1148,136
1149,136
1150,136
1151,136
1152,136
1153,136
1154,136
1155,136
1156,136
1157,136
1158,136
1159,136
1160,136
1161,136
1162,136
1163,136
1164,136
1165,136
1166,136
1167,136
1168,136
1169,136
1170,136
1171,136
1172,136
1173,136
1174,136
1175,136
1176,136
1177,136
1178,136
1179,136
1180,136
1181,136
1182,136
1183,136
1184,136
1185,136
1186,136
1187,136
1188,136
1189,136
1190,136
1191,136
1192,136
1193,136
1194,136
1195,136
1196,136
1197,136
1198,136
1199,136
1200,136
1201,136
1202,136
1203,136
1204,136
1205,136
1206,136
1207,136
1208,136
1209,136
1210,136
1211,136
1212,136
1213,136
1214,136
1215,136
1216,136
1217,136
1218,136
1219,136
1220,136
1221,136
1222,136
1223,136
1224,136
1225,136
1226,136
1227,136
1228,136
1229,136
1230,136
1231,136
1232,136
1233,136
1234,136
1235,136
1236,136
1237,136
1238,136
1239,136
1240,136
1241,136
1242,136
1243,136
1244,136
1245,136
1246,136
1247,136
1248,136
1249,136
1250,136
1251,136
1252,136
1253,136
1254,136
1255,136
1256,136
1257,136
1258,136
1259,136
1260,136
1261,136
1262,136
1263,136
1264,136
1265,136
1266,136
1267,136
1268,136
1269,136
1270,136
1271,136
1272,136
1273,136
1274,136
1275,136
1276,136
1277,136
1278,136
1279,136
1280,136
1281,136
1282,136
1283,136
1284,136
1285,136
1286,136
1287,136
1288,136
1289,136
1290,136
1291,136
1292,136
1293,136
1294,136
1295,136
1296,136
1297,136
1298,136
1299,136
1300,136
1301,136
1302,136
1303,136
1304,136
1305,136
1306,137
1307,137
1308,137
1309,137
1310,137
1311,137
1312,137
1313,137
1314,137
1315,137
1316,137
1317,137
1318,137
1319,137
1320,137
1321,137
1322,137
1323,137
1324,137
1325,137
1326,137
1327,137
1328,137
1329,137
1330,137
1331,137
1332,137
1333,137
1334,137
1335,137
1336,137
1337,137
1338,137
1339,137
1340,137
1341,137
1342,137
1343,137
1344,137
1345,137
1346,137
1347,137
1348,137
1349,137
1350,137
1351,137
1352,137
1353,137
1354,137
1355,137
1356,137
1357,137
1358,137
1359,137
1360,137
1361,137
1362,137
1363,137
1364,137
1365,137
1366,137
1367,137
1368,137
1369,137
1370,137
1371,137
1372,137
1373,137
1374,137
1375,137
1376,137
1377,137
1378,137
1379,137
1380,137
1381,137
1382,137
1383,137
1384,137
1385,137
1386,137
1387,137
1388,137
1389,137
1390,137
1391,137
1392,137
1393,137
1394,137
1395,137
1396,137
1397,137
1398,137
1399,137
1400,137
1401,137
1402,137
1403,137
1404,137
1405,137
1406,137
1407,137
1408,137
1409,137
1410,137
1411,137
1412,137
1413,137
1414,137
1415,137
1416,137
1417,137
1418,137
1419,137
1420,137
1421,137
1422,137
1423,137
1424,137
1425,137
1426,137
1427,137
1428,137
1429,137
1430,137
1431,137
1432,137
1433,137
1434,137
1435,137
1436,137
1437,137
1438,137
1439,137
1440,137
1441,137
1442,137
1443,137
1444,137
1445,137
1446,137
1447,137
1448,137
1449,137
1450,137
1451,137
1452,137
1453,137
1454,137
1455,137
1456,137
1457,137
1458,137
1459,137
1460,137
1461,137
1462,137
1463,137
1464,137
1465,137
1466,137
1467,137
1468,137
1469,137
1470,137
1471,137
1472,137
1473,137
1474,137
1475,137
1476,137
1477,137
1478,137
1479,137
1480,137
1481,137
1482,137
1483,137
1484,137
1485,137
1486,137
1487,137
1488,137
1489,137
1490,137
1491,137
1492,137
1493,137
1494,137
1495,137
1496,137
1497,137
1498,137
1499,137
1500,137
1501,137
1502,137
1503,137
1504,137
1505,137
1506,137
1507,137
1508,137
1509,137
1510,137
1511,137
1512,137
1513,137
1514,137
1515,137
1516,137
1517,137
1518,137
1519,137
1520,137
1521,137
1522,137
1523,137
1524,137
1525,137
1526,137
1527,137
1528,137
1529,137
1530,137
1531,137
1532,137
1533,137
1534,137
1535,137
1536,137
1537,137
1538,137
1539,137
1540,137
1541,137
1542,137
1543,137
1544,137
1545,137
1546,137
1547,137
1548,137
1549,137
1550,137
1551,137
1552,137
1553,137
1554,137
1555,137
1556,137
1557,137
1558,137
1559,137
1560,137
1561,137
1562,137
1563,137
1564,137
1565,137
1566,137
1567,137
1568,137
1569,137
1570,137
1571,137
1572,137
1573,137
1574,137
1575,137
1576,137
1577,137
1578,137
1579,137
1580,137
1581,137
1582,137
1583,137
1584,137
1585,137
1586,137
1587,137
1588,137
1589,137
1590,137
1591,137
1592,137
1593,137
1594,137
1595,137
1596,137
1597,137
1598,137
1599,137
1600,137
1601,137
1602,137
1603,137
1604,137
1605,137
1606,137
1607,137
1608,137
1609,137
1610,137
1611,137
1612,137
1613,137
1614,137
1615,137
1616,137
1617,137
1618,137
1619,137
1620,137
1621,137
1622,137
1623,137
1624,137
1625,137
1626,137
1627,137
1628,137
1629,137
1630,137
1631,137
1632,137
1633,137
1634,137
1635,137
1636,137
1637,137
1638,137
1639,137
1640,137
1641,137
1642,137
1643,137
1644,137
1645,137
1646,137
1647,137
1648,137
1649,137
1650,137
1651,137
1652,137
1653,137
1654,137
1655,137
1656,137
1657,137
1658,137
1659,137
1660,137
1661,137
1662,137
1663,137
1664,137
1665,137
1666,137
1667,137
1668,137
1669,137
1670,137
1671,137
1672,137
1673,137
1674,137
1675,137
1676,137
1677,137
1678,137
1679,137
1680,137
1681,137
1682,137
1683,137
1684,137
1685,137
1686,137
1687,137
1688,137
1689,137
1690,137
1691,137
1692,137
1693,137
1694,137
1695,137
1696,137
1697,137
1698,137
1699,137
1700,137
1701,137
1702,137
1703,137
1704,137
1705,137
1706,137
1707,137
1708,137
1709,137
1710,137
1711,137
1712,137
1713,137
1714,137
1715,137
1716,137
1717,137
1718,137
1719,137
1720,137
1721,137
1722,137
1723,137
1724,137
1725,137
1726,137
1727,137
1728,137
1729,137
1730,137
1731,137
1732,137
1733,137
1734,137
1735,137
1736,137
1737,137
1738,137
1739,137
1740,137
1741,137
1742,137
1743,137
1744,137
1745,137
1746,137
1747,137
1748,137
1749,137
1750,137
1751,137
1752,137
1753,137
1754,137
1755,137
1756,137
1757,137
1758,137
1759,137
1760,137
1761,137
1762,137
1763,137
1764,137
1765,137
1766,137
1767,137
1768,137
1769,137
1770,137
1771,137
1772,137
1773,137
1774,137
1775,137
1776,137
1777,137
1778,137
1779,137
1780,137
1781,137
1782,137
1783,137
1784,137
1785,137
1786,137
1787,137
1788,137
1789,137
1790,137
1791,137
1792,137
1793,137
1794,137
1795,137
1796,137
1797,137
1798,137
1799,137
1800,137
1801,137
1802,137
1803,137
1804,137
1805,137
1806,137
1807,137
1808,137
1809,137
1810,137
1811,137
1812,137
1813,137
1814,137
1815,137
1816,137
1817,137
1818,137
1819,137
1820,137
1821,137
1822,137
1823,137
1824,137
1825,137
1826,137
1827,137
1828,137
1829,137
1830,137
1831,137
1832,137
1833,137
1834,137
1835,137
1836,137
1837,137
1838,137
1839,137
1840,137
1841,137
1842,137
1843,137
1844,137
1845,137
1846,137
1847,137
1848,137
1849,137
1850,137
1851,137
1852,137
1853,137
1854,137
1855,137
1856,137
1857,137
1858,137
1859,137
1860,137
1861,137
1862,137
1863,137
1864,137
1865,137
1866,137
1867,137
1868,137
1869,137
1870,137
1871,137
1872,137
1873,137
1874,137
1875,137
1876,137
1877,137
1878,137
1879,137
1880,137
1881,137
1882,137
1883,137
1884,137
1885,137
1886,137
1887,137
1888,137
1889,137
1890,138
1891,139
1892,139
1893,139
1894,140
1895,141
1896,141
1897,141
1898,141
1899,142
1900,142
1901,142
1902,143
1903,143
1904,143
1905,143
1906,143
1907,143
1908,143
1909,143
1910,143
1911,143
1912,143
1913,143
1914,143
1915,143
1916,143
1917,143
1918,143
1919,143
1920,143
1921,143
1922,143
1923,143
1924,143
1925,143
1926,143
1927,143
1928,143
1929,143
1930,143
1931,143
1932,143
1933,143
1934,143
1935,143
1936,143
1937,143
1938,143
1939,143
1940,143
1941,143
1942,143
1943,143
1944,143
1945,143
1946,143
1947,143
1948,143
1949,143
1950,143
1951,143
1952,143
1953,143
1954,143
1955,143
1956,143
1957,143
1958,143
1959,143
1960,143
1961,143
1962,143
1963,143
1964,143
1965,143
1966,143
1967,143
1968,143
1969,143
1970,143
1971,143
1972,143
1973,143
1974,143
1975,143
1976,143
1977,143
1978,143
1979,143
1980,143
1981,143
1982,143
1983,143
1984,143
1985,143
1986,143
1987,143
1988,143
1989,143
1990,143
1991,143
1992,143
1993,143
1994,143
1995,143
1996,143
1997,143
1998,143
1999,143
2000,143
2001,143
2002,143
2003,143
2004,143
2005,143
2006,143
2007,143
2008,143
2009,143
2010,143
2011,143
2012,143
2013,143
2014,143
2015,143
2016,143
2017,143
2018,143
2019,143
2020,143
2021,143
2022,143
2023,143
2024,143
2025,143
2026,143
2027,143
2028,143
2029,143
2030,143
2031,143
2032,143
2033,143
2034,143
2035,143
2036,143
2037,143
2038,143
2039,143
2040,143
2041,143
2042,143
2043,143
2044,143
2045,143
2046,143
2047,143
2048,143
2049,143
2050,143
2051,143
2052,143
2053,143
2054,143
2055,143
2056,143
2057,143
2058,143
2059,143
2060,143
2061,143
2062,143
2063,143
2064,143
2065,143
2066,143
2067,143
2068,143
2069,143
2070,143
2071,143
2072,143
2073,143
2074,143
2075,143
2076,143
2077,143
2078,143
2079,143
2080,143
2081,143
2082,143
2083,143
2084,143
2085,143
2086,143
2087,143
2088,143
2089,143
2090,143
2091,143
2092,143
2093,143
2094,143
2095,143
2096,143
2097,143
2098,143
2099,143
2100,143
2101,143
2102,143
2103,143
2104,143
2105,143
2106,143
2107,143
2108,143
2109,143
2110,143
2111,143
2112,143
2113,143
2114,143
2115,143
2116,143
2117,143
2118,143
2119,143
2120,143
2121,143
2122,143
2123,143
2124,143
2125,143
2126,143
2127,143
2128,143
2129,143
2130,143
2131,143
2132,143
2133,143
2134,143
2135,143
2136,143
2137,143
2138,143
2139,143
2140,143
2141,143
2142,143
2143,143
2144,143
2145,143
2146,143
2147,143
2148,143
2149,143
2150,143
2151,143
2152,143
2153,143
2154,143
2155,143
2156,143
2157,143
2158,143
2159,143
2160,143
2161,143
2162,143
2163,143
2164,143
2165,143
2166,143
2167,143
2168,143
2169,143
2170,143
2171,143
2172,143
2173,143
2174,143
2175,143
2176,143
2177,143
2178,143
2179,143
2180,143
2181,143
2182,143
2183,143
2184,143
2185,143
2186,143
2187,143
2188,143
2189,143
2190,143
2191,143
2192,143
2193,143
2194,143
2195,143
2196,143
2197,143
2198,143
2199,143
2200,143
2201,143
2202,143
2203,143
2204,143
2205,143
2206,143
2207,143
2208,143
2209,143
2210,143
2211,143
2212,143
2213,143
2214,143
2215,143
2216,143
2217,143
2218,143
2219,143
2220,143
2221,143
2222,143
2223,143
2224,143
2225,143
2226,143
2227,143
2228,143
2229,143
2230,143
2231,143
2232,143
2233,143
2234,143
2235,143
2236,143
2237,143
2238,143
2239,143
2240,143
2241,143
2242,143
2243,143
2244,143
2245,143
2246,143
2247,143
2248,143
2249,143
2250,143
2251,143
2252,143
2253,143
2254,143
2255,143
2256,143
2257,143
2258,143
2259,143
2260,143
2261,143
2262,143
2263,143
2264,143
2265,143
2266,143
2267,143
2268,143
2269,143
2270,143
2271,143
2272,143
2273,143
2274,143
2275,143
2276,143
2277,143
2278,143
2279,143
2280,143
2281,143
2282,143
2283,143
2284,143
2285,143
2286,143
2287,143
2288,143
2289,144
2290,144
2291,144
2292,144
2293,144
2294,144
2295,144
2296,144
2297,144
2298,144
2299,144
2300,144
2301,144
2302,144
2303,144
2304,144
2305,144
2306,144
2307,144
2308,144
2309,144
2310,144
2311,144
2312,144
2313,144
2314,144
2315,144
2316,144
2317,144
2318,144
2319,144
2320,144
2321,144
2322,144
2323,144
2324,144
2325,144
2326,144
2327,144
2328,144
2329,144
2330,144
2331,144
2332,144
2333,144
2334,144
2335,144
2336,144
2337,144
2338,144
2339,144
2340,144
2341,144
2342,144
2343,144
2344,144
2345,144
2346,144
2347,144
2348,144
2349,144
2350,144
2351,144
2352,144
2353,144
2354,144
2355,144
2356,144
2357,144
2358,144
2359,144
2360,144
2361,144
2362,144
2363,144
2364,144
2365,144
2366,144
2367,144
2368,144
2369,144
2370,144
2371,144
2372,144
2373,144
2374,144
2375,144
2376,144
2377,144
2378,144
2379,144
2380,144
2381,144
2382,144
2383,144
2384,144
2385,144
2386,144
2387,144
2388,144
2389,144
2390,144
2391,144
2392,144
2393,144
2394,144
2395,144
2396,144
2397,144
2398,144
2399,144
2400,144
2401,144
2402,144
2403,144
2404,144
2405,144
2406,144
2407,144
2408,144
2409,144
2410,144
2411,144
2412,144
2413,144
2414,144
2415,144
2416,144
2417,144
2418,144
2419,144
2420,144
2421,144
2422,144
2423,144
2424,144
2425,144
2426,144
2427,144
2428,144
2429,144
2430,144
2431,144
2432,144
2433,144
2434,144
2435,144
2436,144
2437,144
2438,144
2439,144
2440,144
2441,144
2442,144
2443,144
2444,144
2445,144
2446,144
2447,144
2448,144
2449,144
2450,144
2451,144
2452,144
2453,144
2454,144
2455,144
2456,144
2457,144
2458,144
2459,144
2460,144
2461,144
2462,144
2463,144
2464,144
2465,144
2466,144
2467,144
2468,144
2469,144
2470,144
2471,144
2472,144
2473,144
2474,144
2475,144
2476,144
2477,144
2478,144
2479,144
2480,144
2481,144
2482,144
2483,144
2484,144
2485,144
2486,144
2487,144
2488,144
2489,144
2490,144
2491,144
2492,144
2493,144
2494,144
2495,144
2496,144
2497,144
2498,144
2499,144
2500,144
2501,144
2502,144
2503,144
2504,144
2505,144
2506,144
2507,144
2508,144
2509,144
2510,144
2511,144
2512,144
2513,144
2514,144
2515,144
2516,144
2517,144
2518,144
2519,144
2520,144
2521,144
2522,144
2523,144
2524,144
2525,144
2526,144
2527,144
2528,144
2529,144
2530,144
2531,144
2532,144
2533,144
2534,144
2535,144
2536,144
2537,144
2538,144
2539,144
2540,144
2541,144
2542,144
2543,144
2544,144
2545,144
2546,144
2547,144
2548,144
2549,144
2550,144
2551,144
2552,144
2553,144
2554,144
2555,144
2556,144
2557,144
2558,144
2559,144
2560,144
2561,144
2562,144
2563,144
2564,144
2565,144
2566,144
2567,144
2568,144
2569,144
2570,144
2571,144
2572,144
2573,144
2574,144
2575,144
2576,144
2577,144
2578,144
2579,144
2580,144
2581,144
2582,144
2583,144
2584,144
2585,144
2586,144
2587,144
2588,144
2589,144
2590,144
2591,144
2592,144
2593,144
2594,144
2595,144
2596,144
2597,144
2598,144
2599,144
2600,144
2601,144
2602,144
2603,144
2604,144
2605,144
2606,144
2607,144
2608,144
2609,144
2610,144
2611,144
2612,144
2613,144
2614,144
2615,144
2616,144
2617,144
2618,144
2619,144
2620,144
2621,144
2622,144
2623,144
2624,144
2625,144
2626,144
2627,144
2628,144
2629,144
2630,144
2631,144
2632,144
2633,144
2634,144
2635,144
2636,144
2637,144
2638,144
2639,144
2640,144
2641,144
2642,144
2643,144
2644,144
2645,144
2646,144
2647,144
2648,144
2649,144
2650,144
2651,144
2652,144
2653,144
2654,144
2655,144
2656,144
2657,144
2658,144
2659,144
2660,144
2661,144
2662,144
2663,144
2664,144
2665,144
2666,144
2667,144
2668,144
2669,144
2670,144
2671,144
2672,144
2673,144
2674,144
2675,144
2676,144
2677,144
2678,144
2679,144
2680,144
2681,144
2682,144
2683,144
2684,144
2685,144
2686,144
2687,144
2688,144
2689,144
2690,144
2691,144
2692,144
2693,144
2694,144
2695,144
2696,144
2697,144
2698,144
2699,144
2700,144
2701,144
2702,144
2703,144
2704,144
2705,144
2706,144
2707,144
2708,144
2709,144
2710,144
2711,144
2712,144
2713,144
2714,144
2715,144
2716,144
2717,144
2718,144
2719,144
2720,144
2721,144
2722,144
2723,144
2724,144
2725,144
2726,144
2727,144
2728,144
2729,144
2730,144
2731,144
2732,144
2733,144
2734,144
2735,144
2736,144
2737,144
2738,144
2739,144
2740,144
2741,144
2742,144
2743,144
2744,144
2745,144
2746,144
2747,144
2748,144
2749,144
2750,144
2751,144
2752,144
2753,144
2754,144
2755,144
2756,144
2757,144
2758,144
2759,144
2760,144
2761,144
2762,144
2763,144
2764,144
2765,144
2766,144
2767,144
2768,144
2769,144
2770,144
2771,144
2772,144
2773,144
2774,144
2775,144
2776,144
2777,144
2778,144
2779,144
2780,144
2781,144
2782,144
2783,144
2784,144
2785,144
2786,144
2787,144
2788,144
2789,144
2790,144
2791,144
2792,144
2793,144
2794,144
2795,144
2796,144
2797,144
2798,144
2799,144
2800,144
2801,144
2802,144
2803,144
2804,144
2805,144
2806,144
2807,144
2808,144
2809,144
2810,144
2811,144
2812,144
2813,144
2814,144
2815,144
2816,144
2817,144
2818,144
2819,144
2820,144
2821,144
2822,144
2823,144
2824,144
2825,144
2826,144
2827,144
2828,144
2829,144
2830,144
2831,144
2832,144
2833,144
2834,144
2835,144
2836,144
2837,144
2838,144
2839,144
2840,144
2841,144
2842,144
2843,144
2844,144
2845,144
2846,144
2847,144
2848,144
2849,144
2850,144
2851,144
2852,144
2853,144
2854,144
2855,144
2856,144
2857,144
2858,144
2859,144
2860,144
2861,144
2862,144
2863,144
2864,144
2865,144
2866,144
2867,144
2868,144
2869,144
2870,144
2871,144
2872,144
2873,144
2874,144
2875,144
2876,144
2877,144
2878,144
2879,144
2880,144
2881,144
2882,144
2883,144
2884,144
2885,144
2886,144
2887,144
2888,144
2889,144
2890,144
2891,144
2892,144
2893,144
2894,144
2895,144
2896,144
2897,144
2898,144
2899,144
2900,144
2901,144
2902,144
2903,144
2904,144
2905,144
2906,144
2907,144
2908,144
2909,144
2910,144
2911,144
2912,144
2913,144
2914,144
2915,144
2916,144
2917,144
2918,144
2919,144
2920,144
2921,144
2922,144
2923,144
2924,144
2925,144
2926,144
2927,144
2928,144
2929,144
2930,144
2931,144
2932,144
2933,144
2934,144
2935,144
2936,144
2937,144
2938,144
2939,144
2940,144
2941,144
2942,144
2943,144
2944,144
2945,144
2946,144
2947,144
2948,144
2949,144
2950,144
2951,144
2952,144
2953,144
2954,144
2955,144
2956,144
2957,144
2958,144
2959,144
2960,144
2961,144
2962,144
2963,144
2964,144
2965,144
2966,144
2967,144
2968,144
2969,144
2970,144
2971,144
2972,144
2973,144
2974,144
2975,144
2976,144
2977,144
2978,144
2979,144
2980,144
2981,144
2982,144
2983,144
2984,144
2985,144
2986,144
2987,144
2988,144
2989,144
2990,144
2991,144
2992,144
2993,144
2994,144
2995,144
2996,144
2997,144
2998,144
2999,144
3000,144
3001,144
3002,144
3003,144
3004,144
3005,144
3006,144
3007,144
3008,144
3009,144
3010,144
3011,144
3012,144
3013,144
3014,144
3015,144
3016,144
3017,144
3018,144
3019,144
3020,144
3021,144
3022,144
3023,144
3024,144
3025,144
3026,144
3027,144
3028,144
3029,144
3030,144
3031,144
3032,144
3033,144
3034,144
3035,144
3036,144
3037,144
3038,144
3039,144
3040,144
3041,144
3042,144
3043,144
3044,144
3045,144
3046,144
3047,144
3048,144
3049,144
3050,144
3051,144
3052,144
3053,144
3054,144
3055,144
3056,144
3057,144
3058,144
3059,144
3060,144
3061,144
3062,144
3063,144
3064,144
3065,144
3066,144
3067,144
3068,144
3069,144
3070,144
3071,144
3072,144
3073,144
3074,144
3075,144
3076,144
3077,144
3078,144
3079,144
3080,144
3081,144
3082,144
3083,144
3084,144
3085,144
3086,144
3087,144
3088,144
3089,144
3090,144
3091,144
3092,144
3093,144
3094,144
3095,144
3096,144
3097,144
3098,144
3099,144
3100,144
3101,144
3102,144
3103,144
3104,144
3105,144
3106,144
3107,144
3108,144
3109,144
3110,144
3111,144
3112,144
3113,144
3114,144
3115,144
3116,144
3117,144
3118,144
3119,144
3120,144
3121,144
3122,144
3123,144
3124,144
3125,144
3126,144
3127,144
3128,144
3129,144
3130,144
3131,144
3132,144
3133,144
3134,144
3135,144
3136,144
3137,144
3138,144
3139,144
3140,144
3141,144
3142,144
3143,144
3144,144
3145,144
3146,144
3147,144
3148,144
3149,144
3150,144
3151,144
3152,144
3153,144
3154,144
3155,144
3156,144
3157,144
3158,144
3159,144
3160,144
3161,144
3162,144
3163,144
3164,144
3165,144
3166,144
3167,144
3168,144
3169,144
3170,144
3171,144
3172,144
3173,144
3174,144
3175,144
3176,144
3177,144
3178,144
3179,144
3180,144
3181,144
3182,144
3183,144
3184,144
3185,144
3186,144
3187,144
3188,144
3189,144
3190,144
3191,144
3192,144
3193,144
3194,144
3195,144
3196,144
3197,144
3198,144
3199,144
3200,144
3201,144
3202,144
3203,144
3204,144
3205,144
3206,144
3207,144
3208,144
3209,144
3210,144
3211,144
3212,144
3213,144
3214,144
3215,144
3216,144
3217,144
3218,144
3219,144
3220,144
3221,144
3222,144
3223,144
3224,144
3225,144
3226,144
3227,144
3228,144
3229,144
3230,144
3231,144
3232,144
3233,144
3234,144
3235,144
3236,144
3237,144
3238,144
3239,144
3240,144
3241,144
3242,144
3243,144
3244,144
3245,144
3246,144
3247,144
3248,144
3249,144
3250,144
3251,144
3252,144
3253,144
3254,144
3255,144
3256,144
3257,144
3258,144
3259,144
3260,144
3261,144
3262,144
3263,144
3264,144
3265,144
3266,144
3267,144
3268,144
3269,144
3270,144
3271,144
3272,144
3273,144
3274,144
3275,144
3276,144
3277,144
3278,144
3279,144
3280,144
3281,144
3282,144
3283,144
3284,144
3285,144
3286,144
3287,144
3288,144
3289,144
3290,144
3291,144
3292,144
3293,144
3294,144
3295,144
3296,144
3297,144
3298,144
3299,144
3300,144
3301,144
3302,144
3303,144
3304,144
3305,144
3306,144
3307,144
3308,144
3309,144
3310,144
3311,144
3312,144
3313,144
3314,144
3315,144
3316,144
3317,144
3318,144
3319,144
3320,145
