0,0
1,1
2,2
3,3
4,4
5,5
6,6
7,7
8,8
9,9
10,10
11,11
12,12
13,13
14,14
15,15
16,15
17,16
18,17
19,18
20,19
21,20
22,21
23,22
24,23
25,24
26,24
27,25
28,25
29,26
30,27
31,28
32,29
33,30
34,31
35,31
36,31
37,31
38,32
39,33
40,34
41,34
42,35
43,36
44,37
45,37
46,37
47,38
48,38
49,39
50,39
51,40
52,41
53,41
54,42
55,42
56,43
57,44
58,44
59,44
60,45
61,45
62,46
63,46
64,46
65,46
66,46
67,46
68,46
69,46
70,47
71,48
72,49
73,49
74,49
75,50
76,50
77,50
78,51
79,52
80,52
81,52
82,52
83,52
84,52
85,52
86,52
87,53
88,53
89,53
90,53
91,53
92,54
93,54
94,55
95,55
96,55
97,55
98,55
99,55
100,55
101,55
102,55
103,55
104,55
105,55
106,55
107,55
108,55
109,55
110,56
111,56
112,56
113,56
114,57
115,57
116,57
117,57
118,57
119,57
120,57
121,57
122,57
123,57
124,58
125,59
126,60
127,61
128,61
129,61
130,61
131,61
132,61
133,62
134,62
135,62
136,62
137,63
138,64
139,64
140,64
141,64
142,64
143,64
144,64
145,64
146,64
147,64
148,64
149,64
150,64
151,64
152,64
153,64
154,65
155,65
156,65
157,66
158,66
159,66
160,66
161,67
162,68
163,68
164,68
165,68
166,68
167,68
168,68
169,68
170,68
171,68
172,68
173,68
174,68
175,68
176,68
177,68
178,69
179,70
180,71
181,72
182,73
183,74
184,74
185,75
186,76
187,76
188,76
189,77
190,77
191,77
192,77
193,77
194,78
195,78
196,78
197,78
198,79
199,79
200,79
201,79
202,79
203,79
204,79
205,79
206,79
207,79
208,79
209,79
210,79
211,79
212,79
213,79
214,79
215,79
216,79
217,79
218,79
219,79
220,79
221,79
222,79
223,79
224,79
225,80
226,80
227,80
228,80
229,80
230,80
231,80
232,80
233,80
234,81
235,81
236,81
237,81
238,82
239,83
240,83
241,83
242,83
243,84
244,85
245,86
246,87
247,87
248,87
249,87
250,87
251,87
252,87
253,87
254,87
255,87
256,88
257,89
258,89
259,89
260,89
261,90
262,90
263,91
264,92
265,93
266,93
267,93
268,94
269,94
270,94
271,94
272,95
273,95
274,95
275,95
276,95
277,96
278,96
279,96
280,96
281,96
282,96
283,97
284,98
285,98
286,98
287,99
288,99
289,99
290,99
291,99
292,99
293,99
294,99
295,99
296,99
297,99
298,99
299,99
300,99
301,99
302,99
303,99
304,99
305,99
306,99
307,99
308,99
309,99
310,99
311,99
312,99
313,99
314,99
315,99
316,99
317,100
318,100
319,100
320,100
321,100
322,100
323,100
324,100
325,100
326,100
327,100
328,100
329,100
330,100
331,100
332,100
333,100
334,100
335,100
336,100
337,101
338,101
339,101
340,101
341,101
342,101
343,101
344,101
345,101
346,101
347,101
348,101
349,101
350,101
351,101
352,101
353,101
354,101
355,101
356,101
357,101
358,101
359,101
360,101
361,101
362,101
363,101
364,101
365,101
366,101
367,101
368,101
369,101
370,101
371,101
372,101
373,101
374,101
375,101
376,101
377,101
378,101
379,101
380,101
381,101
382,101
383,101
384,101
385,101
386,101
387,101
388,101
389,101
390,102
391,102
392,102
393,102
394,102
395,102
396,102
397,102
398,102
399,102
400,102
401,102
402,102
403,102
404,102
405,102
406,102
407,102
408,102
409,103
410,104
411,104
412,104
413,104
414,104
415,104
416,104
417,104
418,104
419,104
420,104
421,104
422,104
423,104
424,104
425,104
426,104
427,104
428,104
429,104
430,104
431,104
432,104
433,104
434,104
435,104
436,104
437,104
438,104
439,104
440,104
441,104
442,104
443,104
444,104
445,104
446,104
447,104
448,104
449,104
450,104
451,104
452,104
453,104
454,104
455,104
456,104
457,104
458,104
459,104
460,104
461,104
462,104
463,104
464,104
465,104
466,104
467,104
468,104
469,104
470,104
471,104
472,104
473,104
474,104
475,104
476,104
477,104
478,104
479,104
480,104
481,104
482,104
483,104
484,104
485,104
486,104
487,104
488,104
489,104
490,104
491,104
492,105
493,106
494,107
495,108
496,108
497,109
498,110
499,110
500,111
501,111
502,111
503,111
504,111
505,111
506,111
507,111
508,111
509,111
510,111
511,111
512,111
513,111
514,111
515,111
516,111
517,111
518,111
519,111
520,111
521,111
522,111
523,111
524,111
525,111
526,111
527,111
528,111
529,111
530,111
531,111
532,111
533,111
534,111
535,111
536,111
537,111
538,111
539,111
540,111
541,111
542,111
543,112
544,112
545,112
546,112
547,112
548,112
549,112
550,112
551,112
552,112
553,112
554,112
555,112
556,113
557,113
558,113
559,113
560,113
561,113
562,114
563,115
564,115
565,115
566,116
567,116
568,116
569,116
570,117
571,117
572,117
573,117
574,117
575,117
576,117
577,117
578,117
579,117
580,117
581,117
582,117
583,117
584,117
585,117
586,117
587,117
588,117
589,117
590,117
591,117
592,117
593,117
594,117
595,117
596,117
597,117
598,117
599,117
600,117
601,117
602,117
603,117
604,118
605,118
606,118
607,118
608,118
609,118
610,118
611,118
612,118
613,118
614,118
615,118
616,119
617,119
618,119
619,119
620,119
621,119
622,119
623,119
624,119
625,119
626,119
627,119
628,119
629,119
630,119
631,119
632,119
633,119
634,119
635,119
636,119
637,119
638,119
639,119
640,119
641,119
642,119
643,119
644,119
645,119
646,119
647,119
648,119
649,119
650,119
651,119
652,119
653,119
654,119
655,119
656,119
657,119
658,119
659,119
660,119
661,119
662,119
663,119
664,119
665,119
666,120
667,120
668,120
669,120
670,120
671,120
672,120
673,120
674,120
675,120
676,121
677,121
678,121
679,121
680,122
681,122
682,122
683,122
684,122
685,122
686,122
687,122
688,122
689,122
690,122
691,122
692,122
693,122
694,122
695,122
696,122
697,122
698,122
699,122
700,122
701,122
702,122
703,122
704,122
705,122
706,122
707,122
708,122
709,122
710,122
711,122
712,122
713,122
714,122
715,122
716,122
717,122
718,122
719,122
720,122
721,122
722,122
723,122
724,122
725,122
726,122
727,123
728,123
729,123
730,123
731,123
732,123
733,123
734,123
735,123
736,123
737,123
738,123
739,123
740,123
741,123
742,123
743,123
744,123
745,123
746,123
747,123
748,123
749,123
750,123
751,123
752,123
753,123
754,123
755,123
756,123
757,123
758,123
759,123
760,123
761,123
762,123
763,123
764,123
765,123
766,123
767,123
768,123
769,123
770,123
771,123
772,123
773,123
774,123
775,123
776,123
777,123
778,123
779,123
780,123
781,123
782,123
783,123
784,123
785,123
786,123
787,123
788,123
789,123
790,123
791,123
792,123
793,123
794,123
795,123
796,123
797,123
798,123
799,123
800,123
801,123
802,123
803,123
804,123
805,123
806,123
807,123
808,123
809,123
810,124
811,124
812,124
813,124
814,124
815,124
816,124
817,124
818,124
819,124
820,124
821,124
822,124
823,124
824,124
825,124
826,124
827,124
828,124
829,124
830,124
831,124
832,124
833,124
834,124
835,124
836,124
837,124
838,124
839,124
840,124
841,124
842,124
843,124
844,125
845,125
846,125
847,125
848,125
849,125
850,125
851,125
852,125
853,125
854,125
855,125
856,125
857,125
858,125
859,125
860,125
861,125
862,125
863,125
864,125
865,125
866,125
867,125
868,125
869,125
870,125
871,125
872,125
873,125
874,125
875,125
876,125
877,125
878,125
879,125
880,125
881,126
882,126
883,126
884,126
885,127
886,127
887,127
888,127
889,127
890,127
891,127
892,127
893,127
894,127
895,127
896,127
897,127
898,127
899,127
900,127
901,127
902,127
903,127
904,127
905,127
906,127
907,127
908,127
909,127
910,127
911,127
912,127
913,127
914,127
915,127
916,127
917,127
918,127
919,127
920,127
921,127
922,127
923,128
924,128
925,128
926,128
927,128
928,128
929,128
930,128
931,128
932,128
933,128
934,128
935,128
936,128
937,128
938,128
939,128
940,128
941,128
942,128
943,128
944,128
945,128
946,128
947,128
948,128
949,128
950,128
951,128
952,128
953,128
954,128
955,128
956,128
957,128
958,128
959,128
960,128
961,128
962,128
963,128
964,128
965,128
966,128
967,128
968,128
969,128
970,128
971,128
972,128
973,129
974,129
975,129
976,129
977,129
978,129
979,129
980,129
981,129
982,129
983,129
984,129
985,129
986,129
987,129
988,129
989,129
990,129
991,129
992,129
993,129
994,129
995,129
996,129
997,129
998,129
999,129
1000,129
1001,129
1002,129
1003,129
1004,129
1005,129
1006,129
1007,129
1008,129
1009,129
1010,129
1011,129
1012,129
1013,129
1014,129
1015,129
1016,129
1017,129
1018,129
1019,129
1020,129
1021,129
1022,129
1023,129
1024,129
1025,129
1026,129
1027,129
1028,129
1029,129
1030,129
1031,129
1032,129
1033,129
1034,129
1035,129
1036,129
1037,129
1038,129
1039,129
1040,129
1041,129
1042,129
1043,129
1044,129
1045,129
1046,129
1047,129
1048,129
1049,129
1050,129
1051,129
1052,129
1053,129
1054,129
1055,129
1056,129
1057,129
1058,129
1059,129
1060,129
1061,129
1062,129
1063,129
1064,129
1065,129
1066,129
1067,129
1068,129
1069,129
1070,129
1071,129
1072,129
1073,129
1074,129
1075,129
1076,129
1077,129
1078,129
1079,129
1080,129
1081,129
1082,129
1083,129
1084,129
1085,129
1086,129
1087,129
1088,129
1089,129
1090,129
1091,129
1092,129
1093,129
1094,129
1095,129
1096,129
1097,129
1098,129
1099,129
1100,129
1101,129
1102,129
1103,129
1104,129
1105,129
1106,129
1107,129
1108,129
1109,129
1110,129
1111,129
1112,129
1113,129
1114,129
1115,129
1116,129
1117,129
1118,129
1119,129
1120,129
1121,129
1122,129
1123,129
1124,129
1125,129
1126,129
1127,129
1128,129
1129,129
1130,129
1131,129
1132,129
1133,129
1134,129
1135,129
1136,129
1137,129
1138,129
1139,129
1140,129
1141,129
1142,129
1143,129
1144,129
1145,129
1146,129
1147,129
1148,129
1149,129
1150,129
1151,129
1152,129
1153,129
1154,129
1155,129
1156,129
1157,129
1158,129
1159,129
1160,129
1161,129
1162,129
1163,129
1164,129
1165,129
1166,129
1167,129
1168,129
1169,129
1170,129
1171,129
1172,129
1173,129
1174,129
1175,129
1176,129
1177,129
1178,129
1179,129
1180,129
1181,129
1182,129
1183,129
1184,129
1185,129
1186,129
1187,129
1188,129
1189,129
1190,129
1191,129
1192,129
1193,129
1194,129
1195,129
1196,129
1197,129
1198,129
1199,129
1200,129
1201,129
1202,129
1203,129
1204,129
1205,129
1206,129
1207,129
1208,129
1209,129
1210,129
1211,129
1212,129
1213,129
1214,129
1215,129
1216,129
1217,129
1218,129
1219,129
1220,129
1221,129
1222,129
1223,129
1224,129
1225,129
1226,129
1227,129
1228,129
1229,129
1230,129
1231,129
1232,129
1233,129
1234,129
1235,129
1236,129
1237,129
1238,129
1239,129
1240,129
1241,129
1242,129
1243,129
1244,129
1245,129
1246,129
1247,129
1248,129
1249,129
1250,129
1251,129
1252,129
1253,129
1254,130
1255,130
1256,130
1257,130
1258,130
1259,130
1260,130
1261,130
1262,130
1263,130
1264,130
1265,130
1266,130
1267,130
1268,130
1269,130
1270,130
1271,130
1272,130
1273,130
1274,130
1275,130
1276,130
1277,130
1278,130
1279,130
1280,130
1281,130
1282,130
1283,130
1284,130
1285,130
1286,130
1287,130
1288,130
1289,130
1290,130
1291,130
1292,130
1293,130
1294,130
1295,130
1296,130
1297,130
1298,130
1299,130
1300,130
1301,130
1302,130
1303,130
1304,130
1305,130
1306,130
1307,130
1308,130
1309,130
1310,130
1311,130
1312,130
1313,130
1314,130
1315,130
1316,130
1317,130
1318,130
1319,130
1320,130
1321,130
1322,130
1323,130
1324,130
1325,130
1326,130
1327,130
1328,130
1329,130
1330,130
1331,130
1332,130
1333,130
1334,130
1335,130
1336,130
1337,130
1338,130
1339,130
1340,130
1341,130
1342,130
1343,130
1344,130
1345,130
1346,130
1347,130
1348,130
1349,130
1350,130
1351,130
1352,130
1353,130
1354,131
1355,132
1356,132
1357,132
1358,132
1359,132
1360,132
1361,133
1362,133
1363,133
1364,133
1365,133
1366,133
1367,133
1368,133
1369,133
1370,133
1371,133
1372,133
1373,133
1374,133
1375,133
1376,133
1377,133
1378,133
1379,133
1380,133
1381,133
1382,133
1383,133
1384,133
1385,133
1386,133
1387,133
1388,133
1389,133
1390,133
1391,133
1392,133
1393,133
1394,133
1395,133
1396,133
1397,133
1398,133
1399,133
1400,133
1401,133
1402,133
1403,133
1404,133
1405,133
1406,133
1407,133
1408,133
1409,133
1410,133
1411,133
1412,133
1413,133
1414,133
1415,133
1416,133
1417,133
1418,133
1419,133
1420,133
1421,133
1422,133
1423,133
1424,133
1425,133
1426,133
1427,133
1428,133
1429,133
1430,133
1431,133
1432,133
1433,133
1434,133
1435,133
1436,133
1437,133
1438,133
1439,133
1440,133
1441,133
1442,133
1443,133
1444,133
1445,133
1446,133
1447,133
1448,133
1449,133
1450,133
1451,133
1452,133
1453,133
1454,133
1455,133
1456,133
1457,133
1458,133
1459,133
1460,133
1461,133
1462,133
1463,133
1464,133
1465,133
1466,133
1467,133
1468,133
1469,133
1470,133
1471,133
1472,133
1473,133
1474,133
1475,133
1476,133
1477,133
1478,133
1479,133
1480,133
1481,133
1482,133
1483,133
1484,133
1485,133
1486,133
1487,133
1488,133
1489,133
1490,133
1491,133
1492,133
1493,133
1494,133
1495,133
1496,133
1497,133
1498,133
1499,133
1500,133
1501,133
1502,133
1503,133
1504,133
1505,133
1506,133
1507,133
1508,133
1509,133
1510,133
1511,133
1512,133
1513,133
1514,133
1515,133
1516,133
1517,133
1518,133
1519,133
1520,133
1521,133
1522,133
1523,133
1524,133
1525,133
1526,133
1527,133
1528,133
1529,133
1530,133
1531,133
1532,133
1533,133
1534,133
1535,133
1536,133
1537,133
1538,133
1539,133
1540,133
1541,133
1542,133
1543,133
1544,133
1545,133
1546,133
1547,133
1548,133
1549,133
1550,133
1551,133
1552,133
1553,133
1554,133
1555,133
1556,133
1557,133
1558,133
1559,133
1560,133
1561,133
1562,133
1563,133
1564,133
1565,133
1566,133
1567,133
1568,133
1569,133
1570,133
1571,133
1572,133
1573,133
1574,133
1575,133
1576,133
1577,133
1578,133
1579,133
1580,133
1581,133
1582,133
1583,133
1584,133
1585,133
1586,133
1587,133
1588,133
1589,133
1590,133
1591,133
1592,133
1593,133
1594,133
1595,133
1596,133
1597,133
1598,133
1599,133
1600,133
1601,133
1602,133
1603,133
1604,133
1605,133
1606,133
1607,133
1608,133
1609,133
1610,133
1611,133
1612,133
1613,133
1614,133
1615,133
1616,133
1617,133
1618,133
1619,133
1620,133
1621,133
1622,134
1623,134
1624,135
1625,135
1626,135
1627,135
1628,135
1629,135
1630,135
1631,135
1632,135
1633,135
1634,135
1635,135
1636,135
1637,135
1638,135
1639,135
1640,135
1641,135
1642,135
1643,135
1644,135
1645,135
1646,135
1647,135
1648,135
1649,135
1650,135
1651,135
1652,135
1653,135
1654,135
1655,135
1656,135
1657,135
1658,135
1659,135
1660,135
1661,135
1662,135
1663,135
1664,135
1665,135
1666,135
1667,135
1668,135
1669,135
1670,135
1671,135
1672,135
1673,135
1674,135
1675,135
1676,135
1677,135
1678,135
1679,135
1680,135
1681,135
1682,135
1683,135
1684,135
1685,135
1686,135
1687,135
1688,135
1689,135
1690,135
1691,135
1692,135
1693,135
1694,135
1695,135
1696,135
1697,135
1698,135
1699,135
1700,135
1701,135
1702,135
1703,135
1704,135
1705,135
1706,135
1707,135
1708,135
1709,135
1710,135
1711,135
1712,135
1713,135
1714,135
1715,135
1716,135
1717,135
1718,135
1719,135
1720,135
1721,135
1722,135
1723,135
1724,135
1725,135
1726,135
1727,135
1728,135
1729,135
1730,135
1731,135
1732,135
1733,135
1734,135
1735,135
1736,135
1737,135
1738,135
1739,135
1740,135
1741,135
1742,135
1743,135
1744,135
1745,135
1746,135
1747,135
1748,135
1749,135
1750,135
1751,135
1752,135
1753,135
1754,135
1755,135
1756,135
1757,135
1758,135
1759,135
1760,135
1761,135
1762,135
1763,135
1764,135
1765,135
1766,135
1767,135
1768,135
1769,135
1770,135
1771,135
1772,135
1773,135
1774,135
1775,135
1776,135
1777,135
1778,135
1779,135
1780,135
1781,135
1782,135
1783,135
1784,135
1785,135
1786,135
1787,135
1788,135
1789,135
1790,135
1791,135
1792,135
1793,135
1794,135
1795,135
1796,135
1797,135
1798,135
1799,135
1800,135
1801,135
1802,135
1803,135
1804,135
1805,135
1806,135
1807,135
1808,135
1809,135
1810,135
1811,135
1812,135
1813,135
1814,135
1815,135
1816,135
1817,135
1818,135
1819,135
1820,135
1821,135
1822,135
1823,135
1824,135
1825,135
1826,135
1827,135
1828,135
1829,135
1830,135
1831,135
1832,135
1833,135
1834,135
1835,135
1836,135
1837,135
1838,135
1839,135
1840,135
1841,135
1842,135
1843,135
1844,135
1845,135
1846,135
1847,135
1848,135
1849,135
1850,135
1851,135
1852,135
1853,135
1854,135
1855,135
1856,135
1857,135
1858,135
1859,135
1860,135
1861,135
1862,135
1863,135
1864,135
1865,135
1866,135
1867,135
1868,135
1869,135
1870,135
1871,135
1872,135
1873,135
1874,135
1875,135
1876,135
1877,135
1878,135
1879,135
1880,135
1881,135
1882,135
1883,135
1884,135
1885,135
1886,135
1887,135
1888,135
1889,135
1890,135
1891,135
1892,135
1893,135
1894,135
1895,135
1896,135
1897,135
1898,135
1899,135
1900,135
1901,135
1902,135
1903,135
1904,135
1905,135
1906,135
1907,135
1908,135
1909,135
1910,135
1911,135
1912,135
1913,135
1914,135
1915,135
1916,135
1917,135
1918,135
1919,135
1920,135
1921,135
1922,135
1923,135
1924,135
1925,135
1926,135
1927,135
1928,135
1929,135
1930,135
1931,135
1932,135
1933,135
1934,135
1935,135
1936,135
1937,135
1938,135
1939,135
1940,135
1941,135
1942,135
1943,135
1944,135
1945,135
1946,135
1947,135
1948,135
1949,135
1950,135
1951,135
1952,135
1953,135
1954,135
1955,135
1956,135
1957,135
1958,135
1959,135
1960,135
1961,135
1962,135
1963,135
1964,135
1965,135
1966,135
1967,135
1968,135
1969,135
1970,135
1971,135
1972,135
1973,135
1974,135
1975,135
1976,135
1977,135
1978,135
1979,135
1980,135
1981,135
1982,135
1983,135
1984,135
1985,135
1986,135
1987,135
1988,135
1989,135
1990,135
1991,135
1992,135
1993,135
1994,135
1995,135
1996,135
1997,135
1998,135
1999,135
2000,135
2001,135
2002,135
2003,135
2004,135
2005,135
2006,135
2007,135
2008,135
2009,135
2010,135
2011,135
2012,135
2013,135
2014,135
2015,135
2016,135
2017,135
2018,135
2019,135
2020,135
2021,135
2022,135
2023,135
2024,135
2025,135
2026,135
2027,135
2028,135
2029,135
2030,135
2031,135
2032,135
2033,135
2034,135
2035,135
2036,135
2037,135
2038,135
2039,135
2040,135
2041,135
2042,135
2043,135
2044,135
2045,135
2046,135
2047,135
2048,135
2049,135
2050,135
2051,135
2052,135
2053,135
2054,135
2055,135
2056,135
2057,135
2058,135
2059,135
2060,135
2061,135
2062,135
2063,135
2064,135
2065,135
2066,135
2067,135
2068,135
2069,135
2070,135
2071,135
2072,135
2073,135
2074,135
2075,135
2076,135
2077,135
2078,135
2079,135
2080,135
2081,135
2082,135
2083,135
2084,135
2085,135
2086,135
2087,135
2088,135
2089,135
2090,135
2091,135
2092,135
2093,135
2094,135
2095,135
2096,135
2097,135
2098,135
2099,135
2100,135
2101,135
2102,135
2103,135
2104,135
2105,135
2106,135
2107,135
2108,135
2109,135
2110,135
2111,135
2112,135
2113,135
2114,135
2115,135
2116,135
2117,135
2118,135
2119,135
2120,135
2121,135
2122,135
2123,135
2124,135
2125,135
2126,135
2127,135
2128,135
2129,135
2130,135
2131,135
2132,135
2133,135
2134,135
2135,135
2136,135
2137,135
2138,135
2139,135
2140,135
2141,135
2142,135
2143,135
2144,135
2145,135
2146,135
2147,135
2148,135
2149,135
2150,135
2151,135
2152,135
2153,135
2154,135
2155,135
2156,135
2157,135
2158,135
2159,135
2160,135
2161,135
2162,135
2163,135
2164,135
2165,135
2166,135
2167,135
2168,135
2169,135
2170,135
2171,135
2172,135
2173,135
2174,135
2175,135
2176,135
2177,135
2178,135
2179,135
2180,135
2181,135
2182,135
2183,135
2184,135
2185,135
2186,135
2187,135
2188,135
2189,135
2190,135
2191,135
2192,135
2193,135
2194,135
2195,135
2196,135
2197,135
2198,135
2199,135
2200,135
2201,135
2202,135
2203,135
2204,135
2205,135
2206,135
2207,135
2208,135
2209,135
2210,135
2211,135
2212,135
2213,135
2214,135
2215,135
2216,135
2217,135
2218,135
2219,135
2220,135
2221,135
2222,135
2223,135
2224,135
2225,135
2226,135
2227,135
2228,135
2229,135
2230,135
2231,135
2232,135
2233,135
2234,135
2235,135
2236,135
2237,135
2238,135
2239,135
2240,135
2241,135
2242,135
2243,135
2244,135
2245,135
2246,135
2247,135
2248,135
2249,135
2250,135
2251,135
2252,135
2253,135
2254,135
2255,135
2256,135
2257,135
2258,135
2259,135
2260,135
2261,135
2262,135
2263,135
2264,135
2265,135
2266,135
2267,135
2268,135
2269,135
2270,135
2271,135
2272,135
2273,135
2274,135
2275,135
2276,135
2277,135
2278,135
2279,135
2280,135
2281,135
2282,135
2283,135
2284,135
2285,135
2286,135
2287,135
2288,135
2289,135
2290,135
2291,135
2292,135
2293,135
2294,135
2295,135
2296,135
2297,135
2298,135
2299,135
2300,135
2301,135
2302,135
2303,135
2304,135
2305,135
2306,135
2307,135
2308,135
2309,135
2310,135
2311,135
2312,135
2313,135
2314,135
2315,135
2316,135
2317,135
2318,135
2319,135
2320,135
2321,135
2322,135
2323,135
2324,135
2325,135
2326,135
2327,135
2328,135
2329,135
2330,135
2331,135
2332,135
2333,135
2334,135
2335,135
2336,135
2337,135
2338,135
2339,135
2340,135
2341,135
2342,135
2343,135
2344,135
2345,135
2346,135
2347,135
2348,135
2349,135
2350,135
2351,135
2352,135
2353,135
2354,135
2355,135
2356,135
2357,135
2358,135
2359,135
2360,135
2361,135
2362,135
2363,135
2364,135
2365,135
2366,135
2367,135
2368,135
2369,135
2370,135
2371,135
2372,135
2373,135
2374,135
2375,135
2376,135
2377,135
2378,135
2379,135
2380,135
2381,135
2382,135
2383,135
2384,135
2385,135
2386,135
2387,135
2388,135
2389,135
2390,135
2391,135
2392,135
2393,135
2394,135
2395,135
2396,135
2397,135
2398,135
2399,135
2400,135
2401,135
2402,135
2403,135
2404,135
2405,135
2406,135
2407,135
2408,135
2409,135
2410,135
2411,135
2412,135
2413,135
2414,135
2415,135
2416,135
2417,135
2418,135
2419,135
2420,135
2421,135
2422,135
2423,135
2424,135
2425,135
2426,135
2427,135
2428,135
2429,135
2430,135
2431,135
2432,135
2433,135
2434,135
2435,135
2436,135
2437,135
2438,135
2439,135
2440,135
2441,135
2442,135
2443,135
2444,135
2445,135
2446,135
2447,135
2448,135
2449,135
2450,135
2451,135
2452,135
2453,135
2454,135
2455,135
2456,135
2457,135
2458,135
2459,135
2460,135
2461,135
2462,135
2463,135
2464,135
2465,135
2466,135
2467,135
2468,135
2469,135
2470,135
2471,135
2472,135
2473,135
2474,135
2475,135
2476,135
2477,135
2478,135
2479,135
2480,135
2481,135
2482,135
2483,135
2484,135
2485,135
2486,135
2487,135
2488,135
2489,135
2490,135
2491,135
2492,135
2493,135
2494,135
2495,135
2496,135
2497,135
2498,135
2499,135
2500,135
2501,135
2502,135
2503,135
2504,135
2505,135
2506,135
2507,135
2508,135
2509,135
2510,135
2511,135
2512,135
2513,135
2514,135
2515,135
2516,135
2517,135
2518,135
2519,135
2520,135
2521,135
2522,135
2523,135
2524,135
2525,135
2526,135
2527,135
2528,135
2529,135
2530,135
2531,135
2532,135
2533,135
2534,135
2535,135
2536,135
2537,135
2538,135
2539,135
2540,135
2541,135
2542,135
2543,135
2544,135
2545,135
2546,135
2547,135
2548,135
2549,135
2550,135
2551,135
2552,135
2553,135
2554,135
2555,135
2556,135
2557,135
2558,135
2559,135
2560,135
2561,135
2562,135
2563,135
2564,135
2565,135
2566,135
2567,135
2568,135
2569,135
2570,135
2571,135
2572,135
2573,135
2574,135
2575,135
2576,135
2577,135
2578,135
2579,135
2580,135
2581,135
2582,135
2583,135
2584,135
2585,135
2586,135
2587,135
2588,135
2589,135
2590,136
2591,136
2592,136
2593,136
2594,136
2595,136
2596,136
2597,136
2598,136
2599,136
2600,136
2601,136
2602,136
2603,136
2604,136
2605,136
2606,136
2607,136
2608,136
2609,136
2610,136
2611,136
2612,136
2613,136
2614,136
2615,136
2616,136
2617,136
2618,136
2619,136
2620,136
2621,136
2622,136
2623,136
2624,136
2625,136
2626,136
2627,136
2628,136
2629,136
2630,136
2631,136
2632,136
2633,136
2634,136
2635,136
2636,136
2637,136
2638,136
2639,136
2640,136
2641,136
2642,136
2643,136
2644,136
2645,136
2646,136
2647,136
2648,136
2649,136
2650,136
2651,136
2652,136
2653,136
2654,136
2655,136
2656,136
2657,136
2658,136
2659,136
2660,136
2661,136
2662,136
2663,136
2664,136
2665,136
2666,136
2667,136
2668,136
2669,136
2670,136
2671,136
2672,136
2673,136
2674,136
2675,136
2676,136
2677,136
2678,136
2679,136
2680,136
2681,136
2682,136
2683,136
2684,136
2685,136
2686,136
2687,136
2688,136
2689,136
2690,136
2691,136
2692,136
2693,136
2694,136
2695,136
2696,136
2697,136
2698,136
2699,136
2700,136
2701,136
2702,136
2703,136
2704,136
2705,136
2706,136
2707,136
2708,136
2709,136
2710,136
2711,136
2712,136
2713,137
2714,138
2715,138
2716,138
2717,139
2718,139
2719,139
2720,139
2721,140
2722,140
2723,140
2724,140
2725,140
2726,140
2727,140
2728,140
2729,140
2730,140
2731,140
2732,140
2733,140
2734,140
2735,140
2736,140
2737,140
2738,140
2739,140
2740,140
2741,140
2742,140
2743,140
2744,140
2745,140
2746,140
2747,140
2748,140
2749,140
2750,140
2751,140
2752,140
2753,140
2754,140
2755,140
2756,140
2757,140
2758,140
2759,140
2760,140
2761,140
2762,140
2763,140
2764,140
2765,140
2766,140
2767,140
2768,140
2769,140
2770,140
2771,140
2772,140
2773,140
2774,140
2775,140
2776,140
2777,140
2778,140
2779,140
2780,140
2781,140
2782,140
2783,140
2784,140
2785,140
2786,140
2787,140
2788,140
2789,140
2790,140
2791,140
2792,140
2793,140
2794,140
2795,140
2796,140
2797,140
2798,140
2799,140
2800,140
2801,140
2802,140
2803,140
2804,140
2805,140
2806,140
2807,140
2808,140
2809,140
2810,140
2811,140
2812,140
2813,140
2814,140
2815,140
2816,140
2817,140
2818,140
2819,140
2820,140
2821,140
2822,140
2823,140
2824,140
2825,140
2826,140
2827,140
2828,140
2829,140
2830,140
2831,140
2832,140
2833,140
2834,140
2835,140
2836,140
2837,140
2838,140
2839,140
2840,140
2841,140
2842,140
2843,140
2844,140
2845,140
2846,140
2847,140
2848,140
2849,140
2850,140
2851,140
2852,140
2853,140
2854,140
2855,140
2856,140
2857,140
2858,140
2859,140
2860,140
2861,140
2862,140
2863,140
2864,140
2865,140
2866,140
2867,140
2868,140
2869,140
2870,140
2871,140
2872,140
2873,140
2874,140
2875,140
2876,140
2877,140
2878,140
2879,140
2880,140
2881,140
2882,140
2883,140
2884,140
2885,140
2886,140
2887,140
2888,140
2889,140
2890,140
2891,140
2892,140
2893,140
2894,140
2895,140
2896,140
2897,140
2898,140
2899,140
2900,140
2901,140
2902,140
2903,140
2904,140
2905,140
2906,140
2907,140
2908,140
2909,140
2910,140
2911,140
2912,140
2913,140
2914,140
2915,140
2916,140
2917,140
2918,140
2919,140
2920,140
2921,140
2922,141
2923,142
2924,143
2925,143
2926,143
2927,143
2928,143
2929,143
2930,143
2931,143
2932,143
2933,144
2934,144
2935,144
2936,144
2937,144
2938,144
2939,144
2940,144
2941,144
2942,144
2943,144
2944,144
2945,144
2946,144
2947,144
2948,144
2949,144
2950,144
2951,144
2952,144
2953,144
2954,144
2955,144
2956,144
2957,144
2958,144
2959,144
2960,144
2961,144
2962,144
2963,144
2964,144
2965,144
2966,144
2967,144
2968,144
2969,144
2970,144
2971,144
2972,144
2973,144
2974,144
2975,144
2976,144
2977,144
2978,144
2979,144
2980,144
2981,144
2982,144
2983,144
2984,144
2985,144
2986,144
2987,144
2988,144
2989,144
2990,144
2991,144
2992,144
2993,144
2994,144
2995,144
2996,144
2997,144
2998,144
2999,144
3000,144
3001,144
3002,144
3003,144
3004,144
3005,144
3006,144
3007,144
3008,144
3009,144
3010,144
3011,144
3012,144
3013,144
3014,144
3015,144
3016,144
3017,144
3018,144
3019,144
3020,144
3021,144
3022,145
