0,0
1,1
2,2
3,3
4,4
5,5
6,6
7,7
8,8
9,9
10,10
11,11
12,11
13,12
14,12
15,13
16,14
17,15
18,16
19,17
20,18
21,18
22,19
23,20
24,21
25,21
26,22
27,23
28,24
29,25
30,25
31,26
32,27
33,28
34,29
35,30
36,31
37,32
38,33
39,34
40,35
41,36
42,36
43,36
44,37
45,37
46,38
47,38
48,39
49,40
50,40
51,40
52,41
53,41
54,42
55,42
56,43
57,44
58,45
59,46
60,47
61,48
62,48
63,49
64,49
65,49
66,50
67,51
68,51
69,51
70,51
71,51
72,51
73,51
74,51
75,51
76,51
77,51
78,51
79,52
80,52
81,53
82,53
83,54
84,54
85,54
86,55
87,55
88,56
89,56
90,57
91,57
92,57
93,57
94,58
95,58
96,58
97,59
98,59
99,59
100,59
101,60
102,61
103,61
104,62
105,62
106,62
107,62
108,62
109,62
110,62
111,62
112,63
113,63
114,63
115,63
116,63
117,64
118,65
119,65
120,65
121,66
122,66
123,66
124,66
125,66
126,66
127,66
128,66
129,66
130,66
131,66
132,67
133,67
134,67
135,67
136,67
137,68
138,68
139,68
140,68
141,68
142,68
143,68
144,69
145,70
146,71
147,71
148,72
149,72
150,72
151,72
152,72
153,72
154,72
155,72
156,72
157,73
158,73
159,73
160,73
161,73
162,74
163,74
164,74
165,74
166,74
167,74
168,74
169,75
170,75
171,75
172,75
173,75
174,76
175,76
176,77
177,78
178,78
179,78
180,78
181,78
182,78
183,78
184,78
185,78
186,79
187,79
188,79
189,80
190,80
191,81
192,81
193,81
194,81
195,82
196,82
197,83
198,83
199,83
200,83
201,84
202,84
203,84
204,84
205,84
206,84
207,84
208,84
209,84
210,84
211,84
212,84
213,84
214,84
215,84
216,84
217,84
218,84
219,84
220,84
221,85
222,85
223,85
224,85
225,85
226,86
227,87
228,87
229,87
230,87
231,87
232,87
233,87
234,87
235,87
236,87
237,87
238,87
239,87
240,87
241,87
242,87
243,87
244,87
245,87
246,87
247,87
248,87
249,87
250,87
251,87
252,87
253,87
254,87
255,87
256,87
257,87
258,87
259,87
260,87
261,87
262,87
263,87
264,87
265,87
266,87
267,87
268,87
269,87
270,87
271,87
272,87
273,87
274,87
275,87
276,87
277,87
278,87
279,87
280,87
281,87
282,87
283,87
284,87
285,87
286,87
287,87
288,87
289,87
290,87
291,87
292,87
293,87
294,87
295,87
296,87
297,87
298,87
299,87
300,87
301,87
302,87
303,87
304,87
305,87
306,87
307,87
308,87
309,87
310,87
311,87
312,87
313,87
314,87
315,87
316,87
317,87
318,87
319,87
320,88
321,88
322,88
323,89
324,90
325,91
326,91
327,91
328,91
329,91
330,91
331,91
332,91
333,91
334,91
335,91
336,91
337,91
338,91
339,91
340,91
341,91
342,91
343,92
344,92
345,92
346,92
347,92
348,92
349,92
350,92
351,92
352,92
353,92
354,92
355,93
356,93
357,93
358,93
359,93
360,93
361,93
362,93
363,94
364,94
365,94
366,94
367,94
368,94
369,94
370,94
371,94
372,94
373,94
374,94
375,94
376,94
377,94
378,94
379,94
380,94
381,94
382,94
383,94
384,94
385,94
386,95
387,96
388,96
389,96
390,96
391,97
392,97
393,97
394,97
395,97
396,97
397,97
398,97
399,98
400,98
401,98
402,98
403,98
404,98
405,98
406,98
407,98
408,98
409,98
410,98
411,98
412,98
413,98
414,98
415,98
416,98
417,98
418,98
419,98
420,98
421,98
422,98
423,98
424,98
425,98
426,98
427,98
428,98
429,98
430,99
431,100
432,100
433,101
434,101
435,102
436,103
437,103
438,103
439,103
440,104
441,104
442,105
443,106
444,107
445,107
446,107
447,107
448,107
449,107
450,107
451,107
452,107
453,107
454,108
455,108
456,108
457,108
458,108
459,108
460,108
461,108
462,108
463,108
464,108
465,108
466,108
467,108
468,108
469,108
470,108
471,108
472,108
473,108
474,108
475,109
476,110
477,110
478,110
479,110
480,110
481,110
482,110
483,110
484,110
485,110
486,110
487,110
488,110
489,111
490,111
491,111
492,111
493,111
494,111
495,111
496,111
497,111
498,111
499,111
500,111
501,111
502,111
503,111
504,111
505,111
506,111
507,111
508,111
509,111
510,111
511,111
512,111
513,111
514,111
515,111
516,111
517,111
518,111
519,111
520,111
521,111
522,111
523,111
524,111
525,111
526,111
527,111
528,111
529,111
530,111
531,111
532,111
533,111
534,111
535,111
536,111
537,111
538,111
539,111
540,111
541,111
542,111
543,111
544,111
545,111
546,112
547,112
548,112
549,112
550,112
551,112
552,112
553,112
554,112
555,112
556,112
557,112
558,112
559,112
560,112
561,113
562,113
563,113
564,113
565,113
566,113
567,113
568,113
569,113
570,113
571,113
572,113
573,113
574,113
575,113
576,113
577,113
578,113
579,114
580,114
581,114
582,114
583,114
584,114
585,114
586,114
587,114
588,114
589,114
590,114
591,114
592,114
593,114
594,114
595,114
596,114
597,114
598,114
599,114
600,114
601,114
602,114
603,114
604,114
605,114
606,114
607,114
608,114
609,114
610,115
611,115
612,115
613,115
614,115
615,115
616,115
617,115
618,115
619,115
620,115
621,115
622,115
623,115
624,115
625,115
626,115
627,115
628,115
629,115
630,115
631,115
632,115
633,115
634,115
635,116
636,116
637,117
638,118
639,119
640,120
641,120
642,120
643,120
644,121
645,121
646,121
647,121
648,121
649,121
650,121
651,121
652,121
653,121
654,121
655,121
656,121
657,121
658,121
659,121
660,121
661,121
662,121
663,122
664,122
665,122
666,122
667,122
668,122
669,122
670,122
671,122
672,122
673,122
674,122
675,122
676,122
677,122
678,122
679,122
680,122
681,122
682,122
683,122
684,122
685,122
686,122
687,122
688,122
689,122
690,122
691,122
692,122
693,122
694,122
695,122
696,122
697,122
698,122
699,122
700,122
701,122
702,122
703,122
704,122
705,122
706,122
707,122
708,122
709,122
710,122
711,122
712,122
713,122
714,122
715,122
716,122
717,122
718,122
719,122
720,122
721,122
722,122
723,122
724,122
725,122
726,122
727,122
728,122
729,122
730,122
731,122
732,122
733,122
734,122
735,122
736,122
737,122
738,122
739,122
740,122
741,122
742,122
743,122
744,122
745,122
746,122
747,122
748,122
749,122
750,122
751,122
752,122
753,122
754,122
755,122
756,122
757,122
758,122
759,122
760,122
761,122
762,122
763,122
764,122
765,122
766,122
767,122
768,122
769,122
770,122
771,122
772,122
773,123
774,123
775,123
776,123
777,123
778,123
779,123
780,123
781,123
782,123
783,123
784,123
785,123
786,123
787,124
788,124
789,124
790,124
791,124
792,124
793,124
794,124
795,124
796,124
797,124
798,124
799,124
800,124
801,124
802,124
803,124
804,124
805,124
806,124
807,124
808,124
809,124
810,124
811,124
812,124
813,124
814,124
815,124
816,124
817,124
818,124
819,124
820,124
821,124
822,124
823,124
824,124
825,124
826,124
827,124
828,124
829,124
830,124
831,124
832,124
833,124
834,124
835,124
836,124
837,124
838,124
839,124
840,124
841,124
842,124
843,124
844,124
845,124
846,124
847,124
848,124
849,124
850,124
851,124
852,124
853,124
854,124
855,124
856,124
857,124
858,124
859,124
860,124
861,124
862,124
863,124
864,124
865,124
866,124
867,124
868,124
869,124
870,124
871,124
872,124
873,124
874,124
875,124
876,124
877,124
878,124
879,124
880,124
881,124
882,124
883,124
884,124
885,124
886,124
887,124
888,124
889,124
890,124
891,124
892,124
893,124
894,124
895,124
896,124
897,124
898,124
899,124
900,124
901,124
902,124
903,124
904,124
905,124
906,124
907,124
908,124
909,124
910,124
911,124
912,124
913,124
914,124
915,124
916,124
917,124
918,124
919,124
920,124
921,124
922,124
923,124
924,124
925,124
926,124
927,124
928,124
929,124
930,124
931,124
932,124
933,124
934,124
935,124
936,124
937,124
938,124
939,124
940,124
941,124
942,124
943,124
944,124
945,124
946,124
947,124
948,124
949,124
950,124
951,124
952,124
953,124
954,124
955,124
956,124
957,124
958,124
959,124
960,124
961,124
962,124
963,124
964,124
965,124
966,124
967,124
968,124
969,124
970,124
971,124
972,124
973,124
974,124
975,124
976,124
977,124
978,124
979,124
980,124
981,124
982,124
983,124
984,124
985,124
986,124
987,124
988,124
989,124
990,124
991,124
992,124
993,124
994,124
995,124
996,124
997,124
998,124
999,124
1000,124
1001,124
1002,124
1003,124
1004,124
1005,124
1006,124
1007,124
1008,124
1009,124
1010,124
1011,124
1012,124
1013,124
1014,124
1015,124
1016,124
1017,124
1018,124
1019,124
1020,124
1021,124
1022,124
1023,124
1024,124
1025,124
1026,124
1027,124
1028,124
1029,124
1030,124
1031,124
1032,124
1033,124
1034,124
1035,124
1036,124
1037,124
1038,124
1039,124
1040,124
1041,124
1042,125
1043,125
1044,125
1045,125
1046,125
1047,125
1048,125
1049,125
1050,126
1051,127
1052,127
1053,127
1054,127
1055,127
1056,127
1057,127
1058,127
1059,127
1060,127
1061,127
1062,127
1063,127
1064,127
1065,127
1066,127
1067,127
1068,127
1069,127
1070,127
1071,127
1072,127
1073,127
1074,127
1075,127
1076,127
1077,127
1078,127
1079,127
1080,127
1081,127
1082,127
1083,127
1084,127
1085,127
1086,127
1087,127
1088,127
1089,127
1090,127
1091,127
1092,127
1093,127
1094,127
1095,127
1096,127
1097,127
1098,127
1099,127
1100,127
1101,127
1102,127
1103,127
1104,127
1105,127
1106,127
1107,127
1108,127
1109,127
1110,127
1111,127
1112,127
1113,127
1114,127
1115,127
1116,127
1117,127
1118,127
1119,127
1120,127
1121,127
1122,127
1123,127
1124,127
1125,127
1126,127
1127,127
1128,127
1129,127
1130,127
1131,127
1132,127
1133,127
1134,127
1135,127
1136,127
1137,127
1138,127
1139,127
1140,127
1141,127
1142,127
1143,127
1144,127
1145,127
1146,127
1147,128
1148,128
1149,128
1150,128
1151,128
1152,128
1153,128
1154,128
1155,128
1156,128
1157,128
1158,128
1159,128
1160,128
1161,128
1162,128
1163,128
1164,128
1165,128
1166,128
1167,128
1168,128
1169,128
1170,128
1171,128
1172,128
1173,128
1174,128
1175,128
1176,128
1177,128
1178,128
1179,128
1180,128
1181,128
1182,128
1183,128
1184,128
1185,128
1186,128
1187,128
1188,128
1189,128
1190,128
1191,128
1192,128
1193,128
1194,128
1195,128
1196,128
1197,128
1198,128
1199,128
1200,128
1201,128
1202,128
1203,128
1204,128
1205,128
1206,128
1207,128
1208,128
1209,128
1210,128
1211,128
1212,128
1213,128
1214,128
1215,128
1216,128
1217,128
1218,128
1219,128
1220,128
1221,128
1222,128
1223,128
1224,128
1225,128
1226,128
1227,128
1228,128
1229,128
1230,128
1231,128
1232,128
1233,128
1234,128
1235,128
1236,128
1237,128
1238,128
1239,128
1240,128
1241,128
1242,128
1243,128
1244,128
1245,128
1246,128
1247,128
1248,128
1249,128
1250,128
1251,128
1252,128
1253,128
1254,128
1255,128
1256,128
1257,128
1258,128
1259,128
1260,128
1261,128
1262,128
1263,128
1264,128
1265,128
1266,128
1267,128
1268,128
1269,128
1270,128
1271,128
1272,128
1273,128
1274,128
1275,128
1276,128
1277,128
1278,128
1279,128
1280,128
1281,128
1282,128
1283,128
1284,128
1285,128
1286,128
1287,128
1288,128
1289,128
1290,128
1291,128
1292,128
1293,128
1294,128
1295,128
1296,128
1297,128
1298,129
1299,129
1300,130
1301,130
1302,130
1303,130
1304,130
1305,130
1306,130
1307,130
1308,130
1309,130
1310,130
1311,130
1312,130
1313,130
1314,130
1315,130
1316,130
1317,130
1318,130
1319,130
1320,130
1321,130
1322,130
1323,130
1324,130
1325,130
1326,130
1327,130
1328,130
1329,130
1330,130
1331,130
1332,130
1333,130
1334,130
1335,130
1336,130
1337,130
1338,130
1339,130
1340,131
1341,132
1342,133
1343,133
1344,134
1345,134
1346,135
1347,136
1348,137
1349,137
1350,137
1351,138
1352,138
1353,138
1354,138
1355,138
1356,138
1357,138
1358,138
1359,138
1360,138
1361,138
1362,138
1363,138
1364,138
1365,138
1366,138
1367,138
1368,138
1369,138
1370,138
1371,138
1372,138
1373,138
1374,138
1375,138
1376,138
1377,138
1378,138
1379,138
1380,138
1381,138
1382,138
1383,138
1384,138
1385,138
1386,138
1387,138
1388,138
1389,138
1390,138
1391,138
1392,138
1393,138
1394,138
1395,138
1396,138
1397,138
1398,138
1399,138
1400,138
1401,138
1402,138
1403,138
1404,138
1405,138
1406,138
1407,138
1408,138
1409,138
1410,138
1411,138
1412,138
1413,138
1414,138
1415,138
1416,138
1417,138
1418,138
1419,138
1420,138
1421,138
1422,138
1423,138
1424,138
1425,138
1426,138
1427,138
1428,138
1429,138
1430,138
1431,138
1432,138
1433,138
1434,138
1435,138
1436,138
1437,138
1438,138
1439,138
1440,138
1441,138
1442,138
1443,138
1444,138
1445,138
1446,138
1447,138
1448,138
1449,138
1450,138
1451,138
1452,138
1453,138
1454,138
1455,138
1456,138
1457,138
1458,138
1459,138
1460,138
1461,138
1462,138
1463,138
1464,138
1465,138
1466,138
1467,138
1468,138
1469,138
1470,138
1471,138
1472,138
1473,138
1474,138
1475,138
1476,138
1477,138
1478,138
1479,138
1480,138
1481,138
1482,138
1483,138
1484,138
1485,138
1486,138
1487,138
1488,138
1489,138
1490,138
1491,138
1492,138
1493,138
1494,138
1495,138
1496,138
1497,138
1498,138
1499,138
1500,138
1501,138
1502,138
1503,138
1504,138
1505,138
1506,138
1507,138
1508,138
1509,138
1510,138
1511,138
1512,138
1513,138
1514,138
1515,138
1516,138
1517,138
1518,138
1519,138
1520,138
1521,138
1522,138
1523,138
1524,138
1525,138
1526,138
1527,138
1528,138
1529,138
1530,138
1531,138
1532,138
1533,138
1534,138
1535,138
1536,138
1537,138
1538,138
1539,138
1540,138
1541,138
1542,138
1543,138
1544,138
1545,138
1546,138
1547,138
1548,138
1549,138
1550,138
1551,138
1552,138
1553,138
1554,138
1555,138
1556,138
1557,138
1558,138
1559,138
1560,138
1561,138
1562,138
1563,138
1564,138
1565,138
1566,138
1567,138
1568,138
1569,138
1570,138
1571,138
1572,138
1573,138
1574,138
1575,138
1576,138
1577,138
1578,138
1579,138
1580,138
1581,138
1582,138
1583,138
1584,138
1585,138
1586,138
1587,138
1588,138
1589,138
1590,138
1591,138
1592,138
1593,138
1594,138
1595,138
1596,138
1597,138
1598,138
1599,138
1600,138
1601,138
1602,138
1603,138
1604,138
1605,138
1606,138
1607,138
1608,138
1609,138
1610,138
1611,138
1612,138
1613,138
1614,138
1615,138
1616,138
1617,138
1618,138
1619,138
1620,138
1621,138
1622,138
1623,138
1624,138
1625,138
1626,138
1627,138
1628,138
1629,138
1630,138
1631,138
1632,138
1633,138
1634,138
1635,138
1636,138
1637,138
1638,138
1639,138
1640,138
1641,138
1642,138
1643,138
1644,138
1645,138
1646,138
1647,138
1648,138
1649,138
1650,138
1651,138
1652,138
1653,138
1654,138
1655,138
1656,138
1657,138
1658,138
1659,138
1660,138
1661,138
1662,138
1663,138
1664,138
1665,138
1666,138
1667,138
1668,138
1669,138
1670,138
1671,138
1672,138
1673,138
1674,138
1675,138
1676,138
1677,138
1678,138
1679,138
1680,138
1681,138
1682,138
1683,138
1684,138
1685,138
1686,138
1687,138
1688,138
1689,138
1690,138
1691,138
1692,138
1693,138
1694,138
1695,138
1696,138
1697,138
1698,138
1699,138
1700,138
1701,138
1702,138
1703,138
1704,138
1705,138
1706,138
1707,138
1708,138
1709,138
1710,138
1711,138
1712,138
1713,138
1714,138
1715,138
1716,138
1717,138
1718,138
1719,138
1720,138
1721,138
1722,138
1723,139
1724,139
1725,139
1726,139
1727,139
1728,139
1729,139
1730,139
1731,139
1732,139
1733,139
1734,139
1735,139
1736,139
1737,139
1738,139
1739,139
1740,139
1741,139
1742,139
1743,139
1744,139
1745,139
1746,139
1747,139
1748,139
1749,139
1750,139
1751,139
1752,139
1753,139
1754,139
1755,139
1756,139
1757,139
1758,139
1759,139
1760,139
1761,139
1762,139
1763,139
1764,139
1765,139
1766,139
1767,139
1768,139
1769,139
1770,139
1771,139
1772,139
1773,139
1774,139
1775,139
1776,139
1777,139
1778,139
1779,139
1780,139
1781,139
1782,139
1783,139
1784,139
1785,139
1786,139
1787,139
1788,139
1789,139
1790,139
1791,139
1792,139
1793,139
1794,139
1795,139
1796,139
1797,139
1798,139
1799,139
1800,139
1801,139
1802,139
1803,139
1804,139
1805,139
1806,139
1807,139
1808,139
1809,139
1810,139
1811,139
1812,139
1813,139
1814,139
1815,139
1816,139
1817,139
1818,139
1819,139
1820,139
1821,139
1822,139
1823,139
1824,139
1825,139
1826,139
1827,139
1828,139
1829,139
1830,139
1831,139
1832,139
1833,139
1834,139
1835,139
1836,139
1837,139
1838,139
1839,139
1840,139
1841,139
1842,139
1843,139
1844,139
1845,139
1846,139
1847,139
1848,139
1849,139
1850,139
1851,139
1852,139
1853,139
1854,139
1855,139
1856,139
1857,139
1858,139
1859,139
1860,139
1861,139
1862,139
1863,139
1864,139
1865,139
1866,139
1867,139
1868,139
1869,139
1870,139
1871,139
1872,139
1873,139
1874,139
1875,139
1876,139
1877,139
1878,139
1879,139
1880,139
1881,139
1882,139
1883,139
1884,139
1885,139
1886,139
1887,139
1888,139
1889,139
1890,139
1891,139
1892,139
1893,139
1894,139
1895,139
1896,139
1897,139
1898,139
1899,139
1900,139
1901,139
1902,139
1903,139
1904,139
1905,139
1906,139
1907,139
1908,139
1909,139
1910,139
1911,139
1912,139
1913,139
1914,139
1915,139
1916,139
1917,139
1918,139
1919,139
1920,139
1921,139
1922,139
1923,139
1924,139
1925,139
1926,139
1927,139
1928,139
1929,139
1930,139
1931,139
1932,139
1933,139
1934,139
1935,139
1936,139
1937,139
1938,139
1939,139
1940,139
1941,139
1942,139
1943,139
1944,139
1945,139
1946,139
1947,139
1948,139
1949,139
1950,139
1951,139
1952,139
1953,139
1954,139
1955,139
1956,139
1957,139
1958,139
1959,139
1960,139
1961,139
1962,139
1963,139
1964,139
1965,139
1966,139
1967,139
1968,139
1969,139
1970,139
1971,139
1972,139
1973,139
1974,139
1975,139
1976,139
1977,139
1978,139
1979,139
1980,139
1981,139
1982,139
1983,139
1984,139
1985,139
1986,139
1987,139
1988,139
1989,139
1990,139
1991,139
1992,139
1993,139
1994,139
1995,139
1996,139
1997,139
1998,139
1999,139
2000,139
2001,139
2002,139
2003,139
2004,139
2005,139
2006,139
2007,139
2008,139
2009,139
2010,139
2011,139
2012,139
2013,139
2014,139
2015,139
2016,139
2017,139
2018,139
2019,139
2020,139
2021,139
2022,139
2023,139
2024,139
2025,139
2026,139
2027,139
2028,139
2029,139
2030,139
2031,139
2032,139
2033,139
2034,139
2035,139
2036,139
2037,139
2038,139
2039,139
2040,139
2041,139
2042,139
2043,139
2044,139
2045,139
2046,139
2047,139
2048,139
2049,139
2050,139
2051,139
2052,139
2053,139
2054,139
2055,139
2056,139
2057,139
2058,139
2059,139
2060,139
2061,139
2062,139
2063,139
2064,139
2065,139
2066,139
2067,139
2068,139
2069,139
2070,139
2071,139
2072,139
2073,139
2074,139
2075,139
2076,139
2077,139
2078,139
2079,139
2080,139
2081,139
2082,139
2083,139
2084,139
2085,139
2086,139
2087,139
2088,139
2089,139
2090,139
2091,139
2092,139
2093,139
2094,139
2095,139
2096,139
2097,139
2098,139
2099,139
2100,139
2101,139
2102,139
2103,139
2104,139
2105,139
2106,139
2107,139
2108,139
2109,139
2110,139
2111,139
2112,139
2113,139
2114,139
2115,139
2116,139
2117,139
2118,139
2119,139
2120,139
2121,139
2122,139
2123,139
2124,139
2125,139
2126,139
2127,139
2128,139
2129,139
2130,139
2131,139
2132,139
2133,139
2134,139
2135,139
2136,139
2137,139
2138,139
2139,139
2140,139
2141,139
2142,139
2143,139
2144,139
2145,139
2146,139
2147,139
2148,139
2149,139
2150,139
2151,139
2152,139
2153,139
2154,139
2155,139
2156,139
2157,139
2158,139
2159,139
2160,139
2161,139
2162,139
2163,139
2164,139
2165,139
2166,139
2167,139
2168,139
2169,139
2170,139
2171,139
2172,139
2173,139
2174,139
2175,139
2176,139
2177,139
2178,139
2179,139
2180,139
2181,139
2182,139
2183,139
2184,139
2185,139
2186,139
2187,139
2188,139
2189,139
2190,139
2191,139
2192,139
2193,139
2194,139
2195,139
2196,139
2197,139
2198,139
2199,139
2200,139
2201,139
2202,139
2203,139
2204,139
2205,139
2206,139
2207,139
2208,139
2209,139
2210,139
2211,139
2212,139
2213,139
2214,139
2215,139
2216,139
2217,139
2218,139
2219,139
2220,139
2221,139
2222,139
2223,139
2224,139
2225,139
2226,139
2227,139
2228,139
2229,139
2230,139
2231,139
2232,139
2233,139
2234,139
2235,140
2236,141
2237,141
2238,141
2239,141
2240,141
2241,141
2242,141
2243,141
2244,141
2245,141
2246,141
2247,141
2248,141
2249,141
2250,141
2251,141
2252,141
2253,141
2254,141
2255,141
2256,141
2257,141
2258,141
2259,141
2260,141
2261,141
2262,141
2263,141
2264,141
2265,141
2266,141
2267,141
2268,141
2269,141
2270,141
2271,141
2272,141
2273,141
2274,141
2275,141
2276,141
2277,141
2278,141
2279,141
2280,141
2281,141
2282,141
2283,141
2284,141
2285,141
2286,141
2287,141
2288,141
2289,141
2290,141
2291,141
2292,141
2293,141
2294,141
2295,141
2296,141
2297,141
2298,141
2299,141
2300,141
2301,141
2302,141
2303,141
2304,141
2305,141
2306,141
2307,141
2308,141
2309,141
2310,141
2311,141
2312,141
2313,141
2314,141
2315,141
2316,141
2317,141
2318,141
2319,141
2320,141
2321,141
2322,141
2323,141
2324,141
2325,141
2326,141
2327,141
2328,141
2329,141
2330,141
2331,141
2332,141
2333,141
2334,141
2335,141
2336,141
2337,141
2338,141
2339,141
2340,141
2341,141
2342,141
2343,141
2344,141
2345,141
2346,141
2347,141
2348,141
2349,141
2350,141
2351,141
2352,141
2353,141
2354,141
2355,141
2356,141
2357,141
2358,141
2359,141
2360,141
2361,141
2362,141
2363,141
2364,141
2365,141
2366,141
2367,141
2368,141
2369,141
2370,141
2371,141
2372,141
2373,141
2374,141
2375,141
2376,141
2377,141
2378,141
2379,141
2380,141
2381,141
2382,141
2383,141
2384,141
2385,141
2386,141
2387,141
2388,141
2389,141
2390,141
2391,141
2392,141
2393,141
2394,141
2395,141
2396,141
2397,141
2398,141
2399,141
2400,141
2401,141
2402,141
2403,141
2404,141
2405,141
2406,141
2407,141
2408,141
2409,141
2410,141
2411,141
2412,141
2413,141
2414,141
2415,141
2416,141
2417,141
2418,141
2419,141
2420,141
2421,141
2422,141
2423,141
2424,141
2425,141
2426,141
2427,141
2428,141
2429,141
2430,141
2431,141
2432,141
2433,141
2434,141
2435,141
2436,141
2437,141
2438,141
2439,141
2440,141
2441,141
2442,141
2443,141
2444,141
2445,141
2446,141
2447,141
2448,141
2449,141
2450,141
2451,141
2452,141
2453,141
2454,141
2455,141
2456,141
2457,141
2458,141
2459,141
2460,141
2461,141
2462,141
2463,141
2464,141
2465,141
2466,141
2467,141
2468,141
2469,141
2470,141
2471,141
2472,141
2473,141
2474,141
2475,141
2476,141
2477,141
2478,141
2479,141
2480,141
2481,141
2482,141
2483,141
2484,141
2485,141
2486,141
2487,141
2488,141
2489,141
2490,141
2491,141
2492,141
2493,141
2494,141
2495,141
2496,141
2497,141
2498,141
2499,141
2500,141
2501,141
2502,141
2503,141
2504,141
2505,141
2506,141
2507,141
2508,141
2509,141
2510,141
2511,141
2512,141
2513,141
2514,141
2515,141
2516,141
2517,141
2518,141
2519,141
2520,141
2521,141
2522,141
2523,141
2524,141
2525,141
2526,141
2527,141
2528,141
2529,141
2530,141
2531,141
2532,141
2533,141
2534,141
2535,141
2536,141
2537,141
2538,141
2539,141
2540,141
2541,141
2542,141
2543,141
2544,141
2545,141
2546,141
2547,141
2548,141
2549,141
2550,141
2551,141
2552,141
2553,141
2554,141
2555,141
2556,141
2557,141
2558,141
2559,141
2560,141
2561,141
2562,141
2563,141
2564,141
2565,141
2566,141
2567,141
2568,141
2569,141
2570,141
2571,141
2572,141
2573,141
2574,141
2575,141
2576,141
2577,141
2578,141
2579,141
2580,141
2581,141
2582,141
2583,141
2584,141
2585,141
2586,141
2587,141
2588,141
2589,141
2590,141
2591,141
2592,141
2593,141
2594,141
2595,141
2596,141
2597,141
2598,141
2599,141
2600,141
2601,141
2602,141
2603,141
2604,141
2605,141
2606,141
2607,141
2608,141
2609,141
2610,141
2611,141
2612,141
2613,141
2614,141
2615,141
2616,141
2617,141
2618,141
2619,141
2620,141
2621,141
2622,141
2623,141
2624,141
2625,141
2626,141
2627,141
2628,141
2629,141
2630,141
2631,141
2632,142
2633,142
2634,142
2635,142
2636,142
2637,142
2638,142
2639,142
2640,142
2641,142
2642,142
2643,142
2644,142
2645,142
2646,142
2647,142
2648,142
2649,142
2650,142
2651,142
2652,142
2653,142
2654,142
2655,142
2656,142
2657,142
2658,142
2659,142
2660,142
2661,142
2662,142
2663,142
2664,142
2665,142
2666,142
2667,142
2668,142
2669,142
2670,142
2671,142
2672,142
2673,142
2674,142
2675,142
2676,142
2677,142
2678,142
2679,142
2680,142
2681,142
2682,142
2683,142
2684,142
2685,142
2686,142
2687,142
2688,142
2689,142
2690,142
2691,142
2692,142
2693,142
2694,142
2695,142
2696,142
2697,142
2698,142
2699,142
2700,142
2701,142
2702,142
2703,142
2704,142
2705,142
2706,142
2707,142
2708,142
2709,142
2710,143
2711,143
2712,143
2713,143
2714,143
2715,143
2716,143
2717,143
2718,143
2719,143
2720,143
2721,143
2722,143
2723,143
2724,143
2725,143
2726,143
2727,143
2728,143
2729,143
2730,143
2731,143
2732,143
2733,143
2734,143
2735,143
2736,143
2737,143
2738,143
2739,143
2740,143
2741,143
2742,143
2743,143
2744,143
2745,143
2746,143
2747,143
2748,143
2749,143
2750,143
2751,143
2752,143
2753,143
2754,143
2755,143
2756,143
2757,143
2758,143
2759,143
2760,143
2761,143
2762,143
2763,143
2764,143
2765,143
2766,143
2767,143
2768,143
2769,143
2770,143
2771,143
2772,143
2773,143
2774,143
2775,143
2776,143
2777,143
2778,143
2779,143
2780,143
2781,143
2782,143
2783,143
2784,143
2785,143
2786,143
2787,143
2788,143
2789,143
2790,143
2791,143
2792,143
2793,143
2794,143
2795,143
2796,143
2797,143
2798,143
2799,143
2800,143
2801,143
2802,143
2803,143
2804,143
2805,143
2806,143
2807,143
2808,143
2809,143
2810,143
2811,143
2812,143
2813,143
2814,143
2815,143
2816,143
2817,143
2818,143
2819,143
2820,143
2821,143
2822,143
2823,143
2824,143
2825,143
2826,143
2827,143
2828,143
2829,143
2830,143
2831,143
2832,143
2833,143
2834,143
2835,143
2836,144
2837,144
2838,144
2839,144
2840,144
2841,144
2842,144
2843,144
2844,144
2845,144
2846,144
2847,144
2848,144
2849,144
2850,144
2851,144
2852,144
2853,144
2854,144
2855,144
2856,144
2857,144
2858,144
2859,144
2860,144
2861,144
2862,144
2863,144
2864,144
2865,144
2866,144
2867,144
2868,144
2869,144
2870,144
2871,144
2872,144
2873,144
2874,144
2875,144
2876,144
2877,144
2878,144
2879,144
2880,144
2881,144
2882,144
2883,144
2884,144
2885,144
2886,144
2887,144
2888,144
2889,144
2890,144
2891,144
2892,144
2893,144
2894,144
2895,144
2896,144
2897,144
2898,144
2899,144
2900,144
2901,144
2902,144
2903,144
2904,144
2905,144
2906,144
2907,144
2908,144
2909,144
2910,144
2911,144
2912,144
2913,144
2914,144
2915,144
2916,144
2917,144
2918,144
2919,144
2920,144
2921,144
2922,144
2923,144
2924,144
2925,144
2926,144
2927,144
2928,144
2929,144
2930,144
2931,144
2932,144
2933,144
2934,144
2935,144
2936,144
2937,144
2938,144
2939,144
2940,144
2941,144
2942,144
2943,144
2944,144
2945,144
2946,144
2947,144
2948,144
2949,144
2950,144
2951,144
2952,144
2953,144
2954,144
2955,144
2956,144
2957,144
2958,144
2959,144
2960,144
2961,144
2962,144
2963,144
2964,144
2965,144
2966,144
2967,144
2968,144
2969,144
2970,144
2971,144
2972,144
2973,144
2974,144
2975,144
2976,144
2977,144
2978,144
2979,144
2980,144
2981,144
2982,144
2983,144
2984,144
2985,144
2986,144
2987,144
2988,144
2989,144
2990,144
2991,144
2992,144
2993,144
2994,144
2995,144
2996,144
2997,144
2998,144
2999,144
3000,144
3001,144
3002,144
3003,144
3004,144
3005,144
3006,144
3007,144
3008,144
3009,144
3010,144
3011,144
3012,144
3013,144
3014,144
3015,144
3016,144
3017,144
3018,144
3019,144
3020,144
3021,144
3022,144
3023,144
3024,144
3025,144
3026,144
3027,144
3028,144
3029,144
3030,144
3031,144
3032,144
3033,144
3034,144
3035,144
3036,144
3037,144
3038,144
3039,144
3040,144
3041,144
3042,144
3043,144
3044,144
3045,144
3046,144
3047,144
3048,144
3049,144
3050,144
3051,144
3052,144
3053,144
3054,144
3055,144
3056,144
3057,144
3058,144
3059,144
3060,144
3061,144
3062,144
3063,144
3064,144
3065,144
3066,144
3067,144
3068,144
3069,144
3070,144
3071,144
3072,144
3073,144
3074,144
3075,144
3076,144
3077,144
3078,144
3079,144
3080,144
3081,144
3082,144
3083,144
3084,144
3085,144
3086,144
3087,144
3088,144
3089,144
3090,144
3091,144
3092,144
3093,144
3094,144
3095,144
3096,144
3097,144
3098,144
3099,144
3100,144
3101,144
3102,144
3103,144
3104,144
3105,144
3106,144
3107,144
3108,144
3109,144
3110,144
3111,144
3112,144
3113,144
3114,144
3115,144
3116,144
3117,144
3118,144
3119,144
3120,144
3121,144
3122,144
3123,144
3124,144
3125,144
3126,144
3127,144
3128,144
3129,144
3130,144
3131,144
3132,144
3133,144
3134,144
3135,144
3136,144
3137,144
3138,144
3139,144
3140,144
3141,144
3142,144
3143,144
3144,144
3145,144
3146,144
3147,144
3148,144
3149,144
3150,144
3151,144
3152,144
3153,144
3154,144
3155,144
3156,144
3157,144
3158,144
3159,144
3160,144
3161,144
3162,144
3163,144
3164,144
3165,144
3166,144
3167,144
3168,144
3169,144
3170,144
3171,144
3172,144
3173,144
3174,144
3175,144
3176,144
3177,144
3178,144
3179,144
3180,144
3181,144
3182,144
3183,144
3184,144
3185,144
3186,144
3187,144
3188,144
3189,144
3190,144
3191,144
3192,144
3193,144
3194,144
3195,144
3196,144
3197,144
3198,144
3199,144
3200,144
3201,144
3202,144
3203,144
3204,144
3205,144
3206,144
3207,144
3208,144
3209,144
3210,144
3211,144
3212,144
3213,144
3214,144
3215,144
3216,144
3217,144
3218,144
3219,144
3220,144
3221,144
3222,144
3223,144
3224,144
3225,144
3226,144
3227,144
3228,144
3229,144
3230,144
3231,144
3232,144
3233,144
3234,144
3235,144
3236,144
3237,144
3238,144
3239,144
3240,144
3241,144
3242,144
3243,144
3244,144
3245,144
3246,144
3247,144
3248,144
3249,144
3250,144
3251,144
3252,144
3253,144
3254,144
3255,144
3256,144
3257,144
3258,144
3259,144
3260,144
3261,144
3262,144
3263,144
3264,144
3265,144
3266,144
3267,144
3268,144
3269,144
3270,144
3271,144
3272,144
3273,144
3274,144
3275,144
3276,144
3277,144
3278,144
3279,144
3280,144
3281,144
3282,144
3283,144
3284,144
3285,144
3286,144
3287,144
3288,144
3289,144
3290,144
3291,144
3292,144
3293,144
3294,144
3295,144
3296,144
3297,144
3298,144
3299,144
3300,144
3301,144
3302,144
3303,144
3304,144
3305,144
3306,144
3307,144
3308,144
3309,144
3310,144
3311,144
3312,144
3313,144
3314,144
3315,144
3316,144
3317,144
3318,144
3319,144
3320,144
3321,144
3322,144
3323,144
3324,144
3325,144
3326,144
3327,144
3328,144
3329,144
3330,144
3331,144
3332,144
3333,144
3334,144
3335,144
3336,144
3337,144
3338,144
3339,144
3340,144
3341,144
3342,144
3343,144
3344,144
3345,144
3346,144
3347,144
3348,144
3349,144
3350,144
3351,144
3352,144
3353,144
3354,144
3355,144
3356,144
3357,144
3358,144
3359,144
3360,144
3361,144
3362,144
3363,144
3364,144
3365,144
3366,144
3367,144
3368,144
3369,144
3370,144
3371,144
3372,144
3373,144
3374,144
3375,144
3376,144
3377,144
3378,144
3379,144
3380,144
3381,144
3382,144
3383,144
3384,144
3385,144
3386,144
3387,144
3388,144
3389,144
3390,144
3391,144
3392,144
3393,144
3394,144
3395,144
3396,144
3397,144
3398,144
3399,144
3400,144
3401,144
3402,144
3403,144
3404,144
3405,144
3406,144
3407,144
3408,144
3409,144
3410,144
3411,144
3412,144
3413,144
3414,144
3415,144
3416,144
3417,144
3418,144
3419,144
3420,144
3421,144
3422,144
3423,144
3424,144
3425,144
3426,144
3427,144
3428,144
3429,144
3430,144
3431,144
3432,144
3433,144
3434,144
3435,144
3436,144
3437,144
3438,144
3439,144
3440,144
3441,145
