0,0
1,1
2,2
3,3
4,4
5,5
6,6
7,7
8,8
9,8
10,9
11,9
12,10
13,11
14,12
15,13
16,14
17,15
18,16
19,17
20,17
21,17
22,18
23,19
24,20
25,21
26,22
27,23
28,24
29,25
30,25
31,26
32,26
33,27
34,28
35,28
36,29
37,30
38,30
39,30
40,31
41,32
42,33
43,34
44,35
45,36
46,36
47,36
48,37
49,38
50,38
51,38
52,38
53,39
54,39
55,40
56,40
57,40
58,41
59,42
60,43
61,44
62,45
63,46
64,46
65,46
66,47
67,48
68,48
69,48
70,48
71,48
72,49
73,50
74,51
75,52
76,52
77,53
78,54
79,54
80,54
81,55
82,55
83,55
84,55
85,56
86,56
87,57
88,58
89,59
90,60
91,60
92,60
93,60
94,60
95,61
96,62
97,63
98,63
99,63
100,63
101,63
102,63
103,64
104,64
105,64
106,65
107,65
108,65
109,65
110,65
111,65
112,65
113,65
114,66
115,67
116,67
117,67
118,67
119,67
120,67
121,68
122,68
123,68
124,68
125,69
126,70
127,70
128,71
129,72
130,73
131,73
132,74
133,74
134,74
135,74
136,75
137,75
138,75
139,75
140,76
141,77
142,78
143,79
144,79
145,79
146,80
147,81
148,81
149,81
150,82
151,82
152,82
153,82
154,82
155,83
156,83
157,83
158,83
159,83
160,83
161,83
162,83
163,83
164,83
165,83
166,84
167,84
168,84
169,84
170,85
171,85
172,86
173,86
174,86
175,86
176,86
177,87
178,87
179,87
180,87
181,87
182,87
183,87
184,87
185,87
186,87
187,87
188,87
189,87
190,87
191,87
192,87
193,87
194,87
195,87
196,87
197,88
198,88
199,89
200,89
201,89
202,89
203,89
204,89
205,89
206,89
207,89
208,89
209,89
210,90
211,91
212,91
213,91
214,91
215,91
216,91
217,91
218,91
219,91
220,91
221,91
222,91
223,91
224,91
225,91
226,91
227,91
228,91
229,91
230,92
231,92
232,92
233,93
234,93
235,93
236,93
237,93
238,93
239,93
240,93
241,93
242,93
243,93
244,93
245,93
246,93
247,93
248,93
249,94
250,94
251,94
252,94
253,94
254,94
255,94
256,94
257,94
258,94
259,94
260,94
261,94
262,94
263,94
264,94
265,94
266,94
267,94
268,94
269,94
270,94
271,94
272,94
273,94
274,94
275,94
276,94
277,94
278,94
279,94
280,94
281,94
282,94
283,94
284,94
285,94
286,94
287,95
288,95
289,96
290,96
291,96
292,96
293,96
294,96
295,96
296,96
297,96
298,97
299,97
300,97
301,97
302,97
303,97
304,97
305,97
306,97
307,97
308,97
309,97
310,97
311,97
312,97
313,97
314,97
315,97
316,97
317,97
318,97
319,97
320,97
321,97
322,97
323,97
324,97
325,98
326,99
327,100
328,101
329,102
330,102
331,103
332,103
333,103
334,103
335,103
336,103
337,103
338,103
339,103
340,103
341,103
342,103
343,104
344,104
345,104
346,104
347,104
348,104
349,104
350,104
351,104
352,104
353,104
354,104
355,104
356,104
357,104
358,104
359,104
360,104
361,104
362,104
363,104
364,104
365,104
366,104
367,104
368,104
369,104
370,104
371,104
372,104
373,104
374,104
375,104
376,104
377,104
378,104
379,104
380,104
381,104
382,104
383,104
384,104
385,104
386,104
387,104
388,104
389,104
390,104
391,104
392,104
393,104
394,104
395,104
396,104
397,104
398,104
399,104
400,104
401,104
402,104
403,104
404,104
405,104
406,104
407,104
408,104
409,104
410,104
411,104
412,104
413,104
414,104
415,104
416,104
417,104
418,104
419,104
420,104
421,104
422,104
423,104
424,104
425,104
426,104
427,104
428,104
429,104
430,104
431,104
432,104
433,104
434,104
435,104
436,104
437,104
438,104
439,104
440,104
441,104
442,104
443,104
444,104
445,104
446,104
447,104
448,104
449,104
450,104
451,104
452,104
453,104
454,104
455,104
456,104
457,104
458,104
459,104
460,104
461,104
462,104
463,105
464,105
465,106
466,106
467,106
468,106
469,106
470,106
471,106
472,106
473,106
474,106
475,106
476,106
477,106
478,106
479,106
480,106
481,106
482,106
483,106
484,106
485,106
486,106
487,106
488,106
489,106
490,106
491,106
492,106
493,106
494,106
495,106
496,106
497,106
498,106
499,106
500,106
501,106
502,106
503,106
504,106
505,106
506,106
507,106
508,106
509,106
510,106
511,106
512,106
513,106
514,106
515,106
516,106
517,106
518,106
519,106
520,106
521,106
522,106
523,106
524,106
525,106
526,106
527,107
528,107
529,107
530,107
531,107
532,108
533,108
534,108
535,108
536,108
537,108
538,108
539,108
540,109
541,109
542,109
543,109
544,109
545,109
546,109
547,109
548,109
549,109
550,109
551,109
552,109
553,109
554,109
555,109
556,109
557,109
558,109
559,109
560,109
561,109
562,109
563,109
564,109
565,109
566,109
567,109
568,109
569,109
570,109
571,109
572,109
573,109
574,109
575,109
576,109
577,109
578,109
579,109
580,109
581,109
582,109
583,109
584,109
585,109
586,109
587,109
588,109
589,109
590,109
591,109
592,109
593,109
594,109
595,109
596,109
597,109
598,109
599,109
600,109
601,109
602,109
603,109
604,109
605,109
606,109
607,109
608,109
609,109
610,109
611,109
612,109
613,109
614,109
615,109
616,109
617,109
618,109
619,109
620,109
621,109
622,109
623,109
624,109
625,109
626,109
627,109
628,109
629,109
630,109
631,109
632,109
633,109
634,109
635,109
636,109
637,109
638,109
639,109
640,109
641,109
642,109
643,109
644,109
645,109
646,109
647,109
648,109
649,109
650,109
651,109
652,109
653,109
654,109
655,109
656,109
657,109
658,109
659,109
660,109
661,109
662,109
663,109
664,109
665,109
666,109
667,109
668,109
669,109
670,109
671,109
672,109
673,109
674,109
675,109
676,109
677,109
678,109
679,109
680,109
681,109
682,109
683,109
684,109
685,109
686,109
687,109
688,109
689,110
690,111
691,111
692,111
693,112
694,113
695,113
696,113
697,113
698,113
699,113
700,113
701,114
702,114
703,114
704,114
705,114
706,114
707,114
708,114
709,114
710,114
711,115
712,115
713,115
714,115
715,115
716,115
717,115
718,115
719,115
720,115
721,115
722,115
723,115
724,115
725,115
726,115
727,115
728,115
729,115
730,115
731,115
732,115
733,115
734,115
735,115
736,115
737,115
738,115
739,115
740,115
741,115
742,115
743,115
744,115
745,115
746,115
747,115
748,115
749,115
750,115
751,115
752,115
753,115
754,115
755,115
756,115
757,115
758,115
759,115
760,115
761,115
762,115
763,115
764,115
765,115
766,115
767,115
768,115
769,115
770,115
771,115
772,115
773,115
774,115
775,115
776,115
777,115
778,115
779,115
780,115
781,115
782,115
783,115
784,115
785,115
786,115
787,115
788,115
789,115
790,115
791,115
792,115
793,115
794,115
795,115
796,115
797,115
798,115
799,115
800,116
801,116
802,116
803,116
804,116
805,116
806,117
807,117
808,117
809,117
810,117
811,117
812,117
813,117
814,117
815,117
816,117
817,117
818,117
819,117
820,117
821,117
822,117
823,117
824,117
825,117
826,117
827,118
828,119
829,119
830,119
831,119
832,119
833,119
834,119
835,119
836,119
837,119
838,119
839,119
840,119
841,119
842,119
843,119
844,119
845,119
846,119
847,119
848,119
849,119
850,119
851,119
852,119
853,119
854,119
855,119
856,119
857,119
858,119
859,119
860,119
861,119
862,119
863,119
864,119
865,119
866,119
867,119
868,119
869,119
870,119
871,119
872,119
873,119
874,119
875,119
876,119
877,119
878,119
879,119
880,119
881,119
882,119
883,119
884,119
885,119
886,119
887,119
888,119
889,119
890,119
891,119
892,119
893,119
894,119
895,119
896,119
897,119
898,119
899,119
900,119
901,119
902,119
903,119
904,119
905,119
906,119
907,119
908,119
909,119
910,120
911,120
912,120
913,120
914,120
915,120
916,120
917,120
918,120
919,120
920,120
921,120
922,120
923,120
924,120
925,120
926,120
927,120
928,120
929,120
930,120
931,120
932,120
933,120
934,120
935,120
936,120
937,120
938,120
939,120
940,120
941,120
942,120
943,120
944,120
945,120
946,120
947,120
948,120
949,120
950,120
951,120
952,120
953,120
954,120
955,120
956,120
957,120
958,120
959,120
960,120
961,120
962,120
963,120
964,120
965,120
966,120
967,120
968,120
969,120
970,120
971,120
972,120
973,120
974,120
975,120
976,120
977,120
978,120
979,120
980,120
981,120
982,120
983,120
984,120
985,120
986,120
987,120
988,120
989,120
990,120
991,120
992,120
993,120
994,120
995,120
996,120
997,120
998,120
999,120
1000,120
1001,120
1002,120
1003,120
1004,120
1005,120
1006,120
1007,120
1008,120
1009,120
1010,120
1011,120
1012,120
1013,120
1014,120
1015,120
1016,120
1017,120
1018,120
1019,120
1020,120
1021,120
1022,120
1023,120
1024,120
1025,120
1026,120
1027,120
1028,120
1029,120
1030,120
1031,120
1032,120
1033,120
1034,120
1035,120
1036,120
1037,120
1038,120
1039,120
1040,120
1041,120
1042,120
1043,120
1044,120
1045,120
1046,120
1047,120
1048,120
1049,120
1050,120
1051,120
1052,120
1053,120
1054,120
1055,120
1056,120
1057,120
1058,120
1059,120
1060,120
1061,120
1062,120
1063,120
1064,120
1065,120
1066,120
1067,120
1068,120
1069,120
1070,120
1071,120
1072,120
1073,120
1074,120
1075,120
1076,120
1077,120
1078,120
1079,120
1080,120
1081,120
1082,120
1083,120
1084,120
1085,120
1086,120
1087,120
1088,120
1089,120
1090,120
1091,120
1092,120
1093,120
1094,120
1095,120
1096,120
1097,120
1098,120
1099,120
1100,120
1101,120
1102,120
1103,120
1104,120
1105,120
1106,120
1107,120
1108,120
1109,121
1110,121
1111,121
1112,121
1113,121
1114,121
1115,121
1116,121
1117,121
1118,121
1119,121
1120,121
1121,121
1122,121
1123,121
1124,121
1125,121
1126,121
1127,121
1128,121
1129,121
1130,121
1131,121
1132,121
1133,121
1134,121
1135,121
1136,121
1137,121
1138,121
1139,121
1140,121
1141,121
1142,121
1143,121
1144,121
1145,121
1146,121
1147,121
1148,121
1149,121
1150,121
1151,121
1152,121
1153,121
1154,121
1155,121
1156,121
1157,121
1158,121
1159,121
1160,121
1161,121
1162,121
1163,121
1164,121
1165,121
1166,121
1167,121
1168,121
1169,121
1170,121
1171,121
1172,121
1173,121
1174,121
1175,121
1176,121
1177,121
1178,121
1179,121
1180,121
1181,121
1182,121
1183,121
1184,121
1185,121
1186,121
1187,121
1188,121
1189,121
1190,121
1191,121
1192,121
1193,121
1194,121
1195,121
1196,121
1197,121
1198,121
1199,122
1200,122
1201,123
1202,123
1203,123
1204,124
1205,125
1206,126
1207,126
1208,126
1209,126
1210,126
1211,126
1212,126
1213,126
1214,126
1215,126
1216,126
1217,126
1218,127
1219,127
1220,127
1221,127
1222,127
1223,127
1224,127
1225,127
1226,127
1227,127
1228,127
1229,127
1230,127
1231,127
1232,127
1233,127
1234,127
1235,128
1236,128
1237,128
1238,128
1239,128
1240,128
1241,128
1242,128
1243,128
1244,128
1245,128
1246,128
1247,128
1248,128
1249,128
1250,128
1251,128
1252,128
1253,128
1254,128
1255,128
1256,128
1257,128
1258,128
1259,129
1260,130
1261,130
1262,130
1263,130
1264,130
1265,130
1266,130
1267,130
1268,130
1269,130
1270,130
1271,130
1272,130
1273,130
1274,130
1275,130
1276,130
1277,130
1278,130
1279,130
1280,130
1281,130
1282,130
1283,130
1284,130
1285,130
1286,130
1287,130
1288,130
1289,130
1290,130
1291,130
1292,130
1293,130
1294,130
1295,130
1296,130
1297,130
1298,130
1299,130
1300,130
1301,130
1302,130
1303,130
1304,130
1305,130
1306,130
1307,130
1308,130
1309,130
1310,130
1311,130
1312,130
1313,130
1314,130
1315,130
1316,130
1317,130
1318,130
1319,130
1320,130
1321,130
1322,130
1323,130
1324,130
1325,130
1326,130
1327,130
1328,130
1329,130
1330,130
1331,130
1332,130
1333,130
1334,130
1335,130
1336,130
1337,130
1338,130
1339,130
1340,130
1341,130
1342,130
1343,130
1344,130
1345,130
1346,130
1347,130
1348,130
1349,130
1350,130
1351,130
1352,130
1353,130
1354,130
1355,130
1356,130
1357,130
1358,130
1359,130
1360,130
1361,130
1362,130
1363,130
1364,130
1365,130
1366,130
1367,130
1368,130
1369,130
1370,130
1371,130
1372,130
1373,130
1374,130
1375,130
1376,130
1377,130
1378,130
1379,130
1380,130
1381,130
1382,131
1383,131
1384,131
1385,131
1386,131
1387,131
1388,131
1389,131
1390,131
1391,131
1392,131
1393,131
1394,131
1395,131
1396,131
1397,131
1398,131
1399,131
1400,131
1401,131
1402,131
1403,131
1404,131
1405,131
1406,131
1407,131
1408,131
1409,131
1410,131
1411,131
1412,131
1413,131
1414,131
1415,131
1416,131
1417,131
1418,131
1419,131
1420,131
1421,131
1422,131
1423,131
1424,131
1425,131
1426,131
1427,131
1428,131
1429,131
1430,131
1431,131
1432,132
1433,132
1434,133
1435,133
1436,133
1437,133
1438,133
1439,133
1440,133
1441,133
1442,133
1443,133
1444,133
1445,133
1446,133
1447,133
1448,134
1449,135
1450,135
1451,135
1452,135
1453,135
1454,135
1455,135
1456,136
1457,136
1458,136
1459,136
1460,136
1461,136
1462,136
1463,136
1464,136
1465,136
1466,136
1467,136
1468,136
1469,136
1470,136
1471,136
1472,137
1473,137
1474,137
1475,137
1476,137
1477,137
1478,137
1479,137
1480,137
1481,137
1482,137
1483,137
1484,137
1485,137
1486,137
1487,137
1488,137
1489,137
1490,137
1491,137
1492,137
1493,137
1494,137
1495,137
1496,137
1497,137
1498,137
1499,137
1500,137
1501,137
1502,137
1503,137
1504,137
1505,137
1506,137
1507,137
1508,137
1509,137
1510,137
1511,137
1512,137
1513,137
1514,137
1515,137
1516,137
1517,137
1518,137
1519,137
1520,137
1521,137
1522,137
1523,137
1524,137
1525,137
1526,137
1527,137
1528,137
1529,137
1530,137
1531,137
1532,137
1533,137
1534,137
1535,137
1536,137
1537,137
1538,137
1539,137
1540,137
1541,137
1542,137
1543,137
1544,137
1545,137
1546,137
1547,137
1548,137
1549,137
1550,137
1551,137
1552,137
1553,137
1554,137
1555,137
1556,137
1557,137
1558,137
1559,137
1560,137
1561,137
1562,137
1563,137
1564,137
1565,137
1566,137
1567,137
1568,137
1569,137
1570,137
1571,137
1572,137
1573,137
1574,137
1575,137
1576,137
1577,137
1578,137
1579,137
1580,137
1581,137
1582,137
1583,137
1584,137
1585,137
1586,137
1587,137
1588,137
1589,137
1590,137
1591,137
1592,137
1593,137
1594,137
1595,137
1596,137
1597,137
1598,137
1599,137
1600,137
1601,137
1602,137
1603,137
1604,137
1605,137
1606,137
1607,137
1608,137
1609,137
1610,137
1611,137
1612,137
1613,137
1614,137
1615,137
1616,137
1617,137
1618,137
1619,137
1620,137
1621,137
1622,137
1623,137
1624,137
1625,137
1626,137
1627,137
1628,137
1629,137
1630,137
1631,137
1632,137
1633,137
1634,137
1635,137
1636,137
1637,137
1638,137
1639,137
1640,137
1641,137
1642,137
1643,137
1644,137
1645,137
1646,137
1647,137
1648,137
1649,137
1650,137
1651,137
1652,137
1653,137
1654,137
1655,137
1656,137
1657,137
1658,137
1659,137
1660,137
1661,137
1662,137
1663,137
1664,137
1665,137
1666,137
1667,137
1668,137
1669,137
1670,137
1671,137
1672,137
1673,137
1674,137
1675,137
1676,137
1677,137
1678,137
1679,137
1680,137
1681,137
1682,137
1683,137
1684,137
1685,137
1686,137
1687,137
1688,137
1689,137
1690,137
1691,137
1692,137
1693,137
1694,137
1695,137
1696,137
1697,137
1698,137
1699,137
1700,137
1701,137
1702,137
1703,137
1704,137
1705,137
1706,137
1707,137
1708,137
1709,137
1710,137
1711,137
1712,137
1713,137
1714,137
1715,137
1716,137
1717,137
1718,137
1719,137
1720,137
1721,137
1722,137
1723,137
1724,137
1725,137
1726,137
1727,137
1728,137
1729,137
1730,137
1731,137
1732,137
1733,138
1734,138
1735,138
1736,138
1737,138
1738,138
1739,138
1740,138
1741,138
1742,138
1743,138
1744,138
1745,138
1746,138
1747,138
1748,138
1749,138
1750,138
1751,138
1752,138
1753,138
1754,138
1755,138
1756,138
1757,138
1758,138
1759,138
1760,138
1761,138
1762,138
1763,138
1764,138
1765,138
1766,138
1767,138
1768,138
1769,138
1770,138
1771,138
1772,138
1773,138
1774,138
1775,138
1776,138
1777,138
1778,138
1779,138
1780,138
1781,138
1782,138
1783,138
1784,138
1785,138
1786,138
1787,138
1788,138
1789,138
1790,138
1791,138
1792,138
1793,138
1794,138
1795,138
1796,138
1797,138
1798,138
1799,138
1800,138
1801,138
1802,138
1803,138
1804,138
1805,138
1806,138
1807,138
1808,138
1809,138
1810,138
1811,138
1812,138
1813,138
1814,138
1815,138
1816,138
1817,138
1818,138
1819,138
1820,138
1821,138
1822,138
1823,138
1824,138
1825,138
1826,138
1827,138
1828,138
1829,138
1830,138
1831,138
1832,138
1833,138
1834,138
1835,138
1836,138
1837,138
1838,138
1839,138
1840,138
1841,138
1842,138
1843,138
1844,138
1845,138
1846,138
1847,138
1848,138
1849,138
1850,138
1851,138
1852,138
1853,138
1854,138
1855,138
1856,138
1857,138
1858,138
1859,138
1860,138
1861,138
1862,138
1863,138
1864,138
1865,138
1866,138
1867,138
1868,138
1869,138
1870,138
1871,138
1872,138
1873,138
1874,138
1875,138
1876,138
1877,138
1878,138
1879,138
1880,138
1881,138
1882,138
1883,138
1884,138
1885,138
1886,138
1887,138
1888,138
1889,138
1890,138
1891,138
1892,138
1893,138
1894,138
1895,138
1896,138
1897,138
1898,138
1899,138
1900,138
1901,138
1902,138
1903,138
1904,138
1905,138
1906,138
1907,138
1908,138
1909,138
1910,138
1911,138
1912,138
1913,138
1914,138
1915,138
1916,138
1917,138
1918,138
1919,138
1920,138
1921,138
1922,138
1923,138
1924,138
1925,138
1926,138
1927,138
1928,138
1929,138
1930,138
1931,138
1932,138
1933,138
1934,138
1935,138
1936,138
1937,138
1938,138
1939,138
1940,138
1941,138
1942,138
1943,138
1944,138
1945,138
1946,138
1947,138
1948,138
1949,138
1950,138
1951,138
1952,138
1953,138
1954,138
1955,138
1956,138
1957,138
1958,138
1959,138
1960,138
1961,138
1962,138
1963,138
1964,138
1965,138
1966,138
1967,138
1968,138
1969,138
1970,138
1971,138
1972,138
1973,138
1974,138
1975,138
1976,138
1977,138
1978,138
1979,138
1980,138
1981,138
1982,138
1983,138
1984,138
1985,138
1986,138
1987,138
1988,138
1989,138
1990,138
1991,138
1992,138
1993,138
1994,138
1995,138
1996,138
1997,138
1998,138
1999,138
2000,138
2001,138
2002,138
2003,138
2004,138
2005,138
2006,138
2007,138
2008,138
2009,138
2010,138
2011,138
2012,138
2013,138
2014,138
2015,138
2016,138
2017,138
2018,138
2019,138
2020,138
2021,138
2022,138
2023,138
2024,138
2025,138
2026,138
2027,138
2028,138
2029,138
2030,138
2031,138
2032,138
2033,138
2034,138
2035,138
2036,138
2037,138
2038,138
2039,138
2040,138
2041,138
2042,138
2043,138
2044,138
2045,138
2046,138
2047,138
2048,138
2049,138
2050,138
2051,138
2052,138
2053,138
2054,138
2055,138
2056,138
2057,138
2058,138
2059,138
2060,138
2061,138
2062,138
2063,138
2064,138
2065,138
2066,138
2067,138
2068,138
2069,138
2070,138
2071,138
2072,138
2073,138
2074,138
2075,138
2076,138
2077,139
2078,140
2079,140
2080,140
2081,140
2082,140
2083,140
2084,140
2085,140
2086,140
2087,140
2088,140
2089,140
2090,140
2091,140
2092,140
2093,140
2094,140
2095,140
2096,140
2097,140
2098,140
2099,140
2100,140
2101,140
2102,140
2103,140
2104,140
2105,140
2106,140
2107,140
2108,140
2109,140
2110,140
2111,140
2112,140
2113,140
2114,140
2115,140
2116,140
2117,140
2118,140
2119,140
2120,140
2121,140
2122,140
2123,140
2124,140
2125,140
2126,140
2127,140
2128,140
2129,140
2130,140
2131,140
2132,140
2133,140
2134,140
2135,140
2136,140
2137,140
2138,140
2139,140
2140,140
2141,140
2142,140
2143,140
2144,140
2145,140
2146,140
2147,140
2148,140
2149,140
2150,140
2151,140
2152,140
2153,140
2154,140
2155,140
2156,140
2157,140
2158,140
2159,140
2160,140
2161,140
2162,140
2163,140
2164,140
2165,140
2166,140
2167,140
2168,140
2169,140
2170,140
2171,140
2172,140
2173,140
2174,140
2175,140
2176,140
2177,140
2178,140
2179,140
2180,140
2181,140
2182,140
2183,140
2184,140
2185,140
2186,140
2187,140
2188,140
2189,140
2190,140
2191,140
2192,140
2193,140
2194,140
2195,140
2196,140
2197,140
2198,140
2199,140
2200,140
2201,140
2202,140
2203,140
2204,140
2205,140
2206,140
2207,140
2208,140
2209,140
2210,140
2211,140
2212,140
2213,140
2214,140
2215,140
2216,140
2217,140
2218,140
2219,140
2220,140
2221,140
2222,140
2223,140
2224,140
2225,140
2226,140
2227,140
2228,140
2229,140
2230,140
2231,140
2232,140
2233,140
2234,140
2235,140
2236,140
2237,140
2238,140
2239,140
2240,140
2241,140
2242,140
2243,140
2244,140
2245,140
2246,140
2247,140
2248,140
2249,140
2250,140
2251,140
2252,140
2253,140
2254,140
2255,140
2256,140
2257,140
2258,140
2259,140
2260,140
2261,140
2262,140
2263,140
2264,140
2265,140
2266,140
2267,140
2268,140
2269,140
2270,140
2271,140
2272,140
2273,140
2274,140
2275,140
2276,140
2277,140
2278,140
2279,140
2280,140
2281,140
2282,140
2283,140
2284,140
2285,140
2286,140
2287,140
2288,140
2289,140
2290,140
2291,140
2292,140
2293,140
2294,140
2295,140
2296,140
2297,140
2298,140
2299,140
2300,140
2301,140
2302,140
2303,140
2304,140
2305,140
2306,140
2307,140
2308,140
2309,140
2310,140
2311,140
2312,140
2313,140
2314,140
2315,140
2316,140
2317,140
2318,140
2319,140
2320,140
2321,140
2322,140
2323,140
2324,140
2325,140
2326,140
2327,140
2328,140
2329,140
2330,140
2331,140
2332,140
2333,140
2334,140
2335,140
2336,140
2337,140
2338,140
2339,140
2340,140
2341,140
2342,140
2343,140
2344,140
2345,140
2346,140
2347,140
2348,140
2349,140
2350,140
2351,140
2352,140
2353,140
2354,140
2355,140
2356,140
2357,140
2358,140
2359,140
2360,140
2361,140
2362,140
2363,140
2364,140
2365,140
2366,140
2367,140
2368,140
2369,140
2370,140
2371,140
2372,140
2373,140
2374,140
2375,140
2376,140
2377,140
2378,140
2379,140
2380,140
2381,140
2382,140
2383,140
2384,140
2385,140
2386,140
2387,140
2388,140
2389,140
2390,140
2391,140
2392,140
2393,140
2394,140
2395,140
2396,140
2397,140
2398,140
2399,140
2400,140
2401,140
2402,140
2403,140
2404,140
2405,140
2406,140
2407,140
2408,140
2409,140
2410,140
2411,140
2412,140
2413,140
2414,140
2415,140
2416,140
2417,140
2418,140
2419,140
2420,140
2421,140
2422,140
2423,140
2424,140
2425,140
2426,140
2427,140
2428,140
2429,140
2430,140
2431,140
2432,140
2433,140
2434,140
2435,140
2436,140
2437,140
2438,140
2439,140
2440,140
2441,140
2442,140
2443,140
2444,140
2445,140
2446,140
2447,140
2448,140
2449,140
2450,140
2451,140
2452,140
2453,140
2454,140
2455,140
2456,140
2457,140
2458,140
2459,140
2460,140
2461,140
2462,140
2463,140
2464,141
2465,141
2466,141
2467,141
2468,141
2469,141
2470,141
2471,141
2472,141
2473,141
2474,141
2475,141
2476,141
2477,141
2478,141
2479,141
2480,141
2481,141
2482,141
2483,141
2484,141
2485,141
2486,141
2487,141
2488,141
2489,141
2490,141
2491,141
2492,141
2493,141
2494,141
2495,141
2496,141
2497,141
2498,141
2499,141
2500,141
2501,141
2502,141
2503,141
2504,141
2505,141
2506,141
2507,141
2508,141
2509,141
2510,141
2511,141
2512,141
2513,141
2514,141
2515,141
2516,141
2517,141
2518,141
2519,141
2520,141
2521,141
2522,141
2523,141
2524,141
2525,141
2526,141
2527,141
2528,141
2529,141
2530,141
2531,141
2532,141
2533,141
2534,141
2535,141
2536,141
2537,141
2538,141
2539,141
2540,141
2541,141
2542,141
2543,141
2544,141
2545,141
2546,141
2547,141
2548,141
2549,141
2550,141
2551,141
2552,141
2553,141
2554,141
2555,141
2556,141
2557,141
2558,141
2559,141
2560,141
2561,141
2562,141
2563,141
2564,141
2565,141
2566,141
2567,141
2568,141
2569,141
2570,141
2571,141
2572,141
2573,141
2574,141
2575,141
2576,141
2577,141
2578,141
2579,141
2580,141
2581,141
2582,141
2583,141
2584,141
2585,141
2586,141
2587,141
2588,141
2589,141
2590,141
2591,141
2592,141
2593,141
2594,141
2595,141
2596,141
2597,141
2598,141
2599,141
2600,141
2601,141
2602,141
2603,141
2604,141
2605,141
2606,141
2607,142
2608,142
2609,142
2610,142
2611,142
2612,142
2613,142
2614,142
2615,142
2616,142
2617,142
2618,142
2619,142
2620,142
2621,142
2622,142
2623,142
2624,142
2625,142
2626,142
2627,142
2628,142
2629,142
2630,142
2631,142
2632,142
2633,142
2634,142
2635,142
2636,142
2637,142
2638,142
2639,142
2640,142
2641,142
2642,142
2643,142
2644,142
2645,142
2646,142
2647,142
2648,142
2649,142
2650,142
2651,142
2652,142
2653,142
2654,142
2655,142
2656,142
2657,142
2658,142
2659,142
2660,142
2661,142
2662,142
2663,142
2664,142
2665,142
2666,142
2667,142
2668,142
2669,142
2670,142
2671,142
2672,142
2673,142
2674,142
2675,142
2676,142
2677,142
2678,142
2679,142
2680,142
2681,142
2682,142
2683,142
2684,142
2685,142
2686,142
2687,142
2688,142
2689,142
2690,142
2691,142
2692,142
2693,142
2694,142
2695,142
2696,142
2697,142
2698,142
2699,142
2700,142
2701,142
2702,142
2703,142
2704,142
2705,142
2706,142
2707,142
2708,142
2709,142
2710,142
2711,142
2712,142
2713,142
2714,142
2715,142
2716,142
2717,142
2718,143
2719,143
2720,143
2721,143
2722,143
2723,143
2724,143
2725,143
2726,143
2727,143
2728,143
2729,143
2730,143
2731,143
2732,143
2733,143
2734,143
2735,143
2736,143
2737,143
2738,143
2739,143
2740,143
2741,143
2742,143
2743,143
2744,143
2745,143
2746,143
2747,143
2748,143
2749,143
2750,143
2751,143
2752,143
2753,143
2754,143
2755,143
2756,143
2757,143
2758,143
2759,143
2760,143
2761,143
2762,143
2763,143
2764,143
2765,143
2766,143
2767,143
2768,143
2769,143
2770,143
2771,143
2772,143
2773,143
2774,143
2775,143
2776,143
2777,143
2778,143
2779,143
2780,143
2781,143
2782,143
2783,143
2784,143
2785,143
2786,143
2787,143
2788,143
2789,143
2790,143
2791,143
2792,143
2793,143
2794,143
2795,143
2796,143
2797,143
2798,143
2799,143
2800,143
2801,143
2802,143
2803,143
2804,143
2805,143
2806,143
2807,143
2808,143
2809,143
2810,143
2811,143
2812,143
2813,143
2814,143
2815,143
2816,143
2817,143
2818,143
2819,143
2820,143
2821,143
2822,143
2823,143
2824,143
2825,143
2826,143
2827,143
2828,143
2829,143
2830,143
2831,143
2832,143
2833,143
2834,143
2835,143
2836,143
2837,143
2838,143
2839,143
2840,143
2841,143
2842,143
2843,143
2844,143
2845,143
2846,143
2847,143
2848,143
2849,143
2850,143
2851,143
2852,143
2853,143
2854,143
2855,143
2856,143
2857,143
2858,143
2859,143
2860,143
2861,143
2862,143
2863,143
2864,143
2865,143
2866,143
2867,143
2868,143
2869,143
2870,143
2871,143
2872,143
2873,143
2874,143
2875,143
2876,143
2877,143
2878,143
2879,143
2880,143
2881,143
2882,143
2883,143
2884,143
2885,143
2886,143
2887,143
2888,143
2889,143
2890,143
2891,143
2892,143
2893,143
2894,143
2895,143
2896,143
2897,143
2898,143
2899,143
2900,143
2901,143
2902,143
2903,143
2904,143
2905,143
2906,143
2907,143
2908,143
2909,143
2910,143
2911,143
2912,143
2913,143
2914,143
2915,143
2916,143
2917,143
2918,143
2919,143
2920,143
2921,143
2922,143
2923,143
2924,143
2925,143
2926,143
2927,143
2928,143
2929,143
2930,143
2931,143
2932,143
2933,143
2934,143
2935,143
2936,143
2937,143
2938,143
2939,143
2940,143
2941,143
2942,143
2943,143
2944,143
2945,143
2946,143
2947,143
2948,143
2949,143
2950,143
2951,143
2952,143
2953,143
2954,144
2955,144
2956,144
2957,144
2958,144
2959,144
2960,144
2961,144
2962,144
2963,144
2964,144
2965,144
2966,144
2967,144
2968,144
2969,144
2970,144
2971,144
2972,144
2973,144
2974,144
2975,144
2976,144
2977,144
2978,144
2979,144
2980,144
2981,144
2982,144
2983,144
2984,144
2985,144
2986,144
2987,144
2988,145
