0,0
1,1
2,2
3,3
4,4
5,5
6,6
7,7
8,8
9,8
10,9
11,10
12,11
13,12
14,12
15,12
16,13
17,14
18,15
19,16
20,17
21,17
22,18
23,18
24,18
25,19
26,20
27,21
28,22
29,22
30,22
31,22
32,23
33,24
34,25
35,26
36,26
37,26
38,26
39,26
40,27
41,27
42,28
43,29
44,30
45,31
46,32
47,33
48,34
49,34
50,34
51,34
52,35
53,36
54,37
55,37
56,38
57,39
58,40
59,40
60,41
61,42
62,43
63,44
64,45
65,45
66,46
67,46
68,46
69,46
70,47
71,48
72,49
73,49
74,50
75,51
76,51
77,51
78,51
79,51
80,52
81,52
82,53
83,54
84,55
85,55
86,55
87,56
88,57
89,57
90,58
91,58
92,58
93,58
94,59
95,60
96,61
97,62
98,63
99,63
100,64
101,64
102,64
103,64
104,64
105,64
106,65
107,66
108,66
109,66
110,66
111,67
112,68
113,69
114,69
115,69
116,69
117,69
118,69
119,69
120,69
121,70
122,71
123,71
124,71
125,71
126,72
127,72
128,72
129,72
130,72
131,72
132,72
133,72
134,73
135,74
136,75
137,75
138,75
139,75
140,75
141,76
142,77
143,77
144,77
145,77
146,78
147,78
148,78
149,78
150,78
151,78
152,78
153,78
154,78
155,79
156,79
157,79
158,80
159,80
160,80
161,80
162,80
163,80
164,80
165,80
166,81
167,81
168,81
169,81
170,81
171,81
172,82
173,83
174,83
175,83
176,83
177,84
178,84
179,84
180,84
181,85
182,85
183,85
184,85
185,85
186,85
187,85
188,85
189,85
190,85
191,85
192,85
193,85
194,85
195,86
196,87
197,87
198,88
199,88
200,89
201,90
202,91
203,92
204,93
205,93
206,94
207,95
208,96
209,97
210,97
211,98
212,99
213,100
214,100
215,100
216,101
217,101
218,101
219,102
220,102
221,103
222,103
223,103
224,104
225,104
226,104
227,105
228,105
229,105
230,105
231,105
232,106
233,106
234,106
235,107
236,107
237,107
238,108
239,108
240,108
241,108
242,109
243,109
244,109
245,109
246,109
247,109
248,109
249,110
250,110
251,110
252,110
253,111
254,112
255,112
256,112
257,112
258,112
259,112
260,112
261,112
262,112
263,112
264,112
265,112
266,112
267,112
268,112
269,112
270,112
271,112
272,112
273,112
274,112
275,112
276,112
277,112
278,112
279,112
280,112
281,112
282,113
283,113
284,114
285,114
286,114
287,114
288,114
289,114
290,114
291,114
292,114
293,114
294,114
295,114
296,114
297,114
298,114
299,114
300,114
301,114
302,114
303,114
304,114
305,114
306,114
307,115
308,115
309,115
310,115
311,115
312,115
313,115
314,115
315,115
316,115
317,115
318,115
319,116
320,116
321,116
322,116
323,116
324,116
325,116
326,116
327,116
328,116
329,116
330,116
331,116
332,116
333,116
334,116
335,116
336,116
337,116
338,116
339,116
340,116
341,116
342,116
343,116
344,116
345,116
346,116
347,116
348,116
349,116
350,116
351,116
352,116
353,116
354,116
355,116
356,116
357,116
358,116
359,117
360,117
361,117
362,117
363,117
364,117
365,117
366,117
367,117
368,117
369,117
370,117
371,117
372,117
373,117
374,117
375,117
376,117
377,117
378,117
379,117
380,117
381,117
382,117
383,117
384,117
385,118
386,118
387,118
388,118
389,118
390,118
391,118
392,118
393,118
394,118
395,118
396,118
397,118
398,118
399,118
400,118
401,118
402,118
403,118
404,118
405,119
406,119
407,119
408,120
409,120
410,120
411,120
412,120
413,120
414,120
415,120
416,120
417,120
418,120
419,120
420,120
421,120
422,120
423,120
424,120
425,120
426,120
427,120
428,120
429,120
430,120
431,121
432,121
433,121
434,121
435,121
436,121
437,121
438,121
439,121
440,121
441,121
442,121
443,121
444,121
445,121
446,121
447,121
448,121
449,121
450,121
451,121
452,121
453,121
454,121
455,121
456,121
457,121
458,121
459,121
460,121
461,121
462,121
463,121
464,121
465,121
466,121
467,121
468,121
469,121
470,121
471,121
472,121
473,121
474,121
475,121
476,121
477,121
478,121
479,121
480,121
481,121
482,121
483,121
484,121
485,121
486,121
487,121
488,121
489,121
490,121
491,121
492,121
493,121
494,121
495,121
496,121
497,121
498,121
499,121
500,121
501,121
502,121
503,121
504,121
505,121
506,121
507,121
508,121
509,121
510,121
511,121
512,121
513,121
514,121
515,121
516,121
517,121
518,121
519,121
520,121
521,121
522,121
523,121
524,122
525,122
526,122
527,122
528,122
529,122
530,122
531,122
532,122
533,122
534,122
535,122
536,122
537,123
538,123
539,123
540,123
541,123
542,123
543,123
544,123
545,123
546,123
547,123
548,123
549,123
550,123
551,123
552,123
553,123
554,123
555,123
556,123
557,123
558,123
559,123
560,123
561,123
562,123
563,123
564,123
565,123
566,123
567,123
568,123
569,123
570,123
571,123
572,123
573,123
574,123
575,123
576,123
577,123
578,123
579,123
580,123
581,123
582,123
583,123
584,123
585,123
586,123
587,123
588,123
589,123
590,123
591,123
592,123
593,123
594,123
595,123
596,123
597,123
598,123
599,123
600,123
601,123
602,123
603,123
604,123
605,123
606,123
607,123
608,123
609,123
610,123
611,123
612,123
613,123
614,123
615,123
616,123
617,123
618,123
619,123
620,124
621,124
622,124
623,124
624,124
625,124
626,124
627,124
628,124
629,124
630,124
631,124
632,124
633,124
634,124
635,125
636,125
637,125
638,125
639,125
640,125
641,125
642,125
643,125
644,126
645,126
646,126
647,126
648,126
649,126
650,126
651,127
652,127
653,127
654,127
655,127
656,127
657,127
658,127
659,127
660,127
661,127
662,127
663,127
664,127
665,127
666,127
667,127
668,127
669,127
670,128
671,128
672,128
673,128
674,129
675,129
676,129
677,129
678,129
679,129
680,129
681,129
682,129
683,129
684,129
685,129
686,129
687,129
688,129
689,129
690,129
691,129
692,129
693,129
694,129
695,129
696,129
697,129
698,129
699,129
700,129
701,129
702,129
703,129
704,129
705,129
706,129
707,129
708,129
709,129
710,129
711,129
712,129
713,129
714,129
715,129
716,129
717,129
718,129
719,129
720,129
721,129
722,129
723,129
724,129
725,129
726,129
727,129
728,129
729,129
730,129
731,129
732,129
733,129
734,129
735,129
736,129
737,129
738,129
739,129
740,129
741,129
742,129
743,129
744,129
745,129
746,129
747,129
748,129
749,129
750,129
751,129
752,129
753,129
754,129
755,129
756,129
757,129
758,129
759,129
760,129
761,129
762,129
763,129
764,129
765,129
766,129
767,129
768,129
769,129
770,129
771,129
772,129
773,129
774,129
775,129
776,129
777,129
778,129
779,129
780,129
781,129
782,129
783,129
784,129
785,129
786,129
787,129
788,129
789,129
790,129
791,129
792,129
793,129
794,129
795,129
796,129
797,129
798,129
799,129
800,129
801,129
802,129
803,129
804,129
805,129
806,129
807,129
808,129
809,129
810,129
811,129
812,129
813,129
814,129
815,129
816,129
817,129
818,129
819,129
820,129
821,129
822,129
823,129
824,129
825,129
826,129
827,129
828,129
829,129
830,129
831,129
832,129
833,129
834,129
835,129
836,129
837,129
838,129
839,129
840,129
841,129
842,129
843,129
844,129
845,129
846,129
847,129
848,129
849,129
850,129
851,129
852,129
853,129
854,129
855,129
856,129
857,129
858,129
859,129
860,129
861,129
862,129
863,129
864,129
865,129
866,129
867,129
868,129
869,129
870,129
871,129
872,130
873,130
874,130
875,130
876,130
877,130
878,130
879,130
880,130
881,130
882,130
883,130
884,130
885,130
886,130
887,130
888,130
889,130
890,130
891,130
892,130
893,130
894,130
895,130
896,130
897,130
898,130
899,130
900,130
901,130
902,130
903,130
904,130
905,130
906,130
907,130
908,130
909,130
910,130
911,130
912,130
913,130
914,130
915,130
916,130
917,130
918,130
919,130
920,130
921,130
922,130
923,130
924,130
925,130
926,130
927,130
928,130
929,130
930,130
931,130
932,130
933,130
934,130
935,130
936,130
937,130
938,130
939,130
940,130
941,130
942,130
943,130
944,130
945,130
946,130
947,130
948,130
949,130
950,130
951,130
952,130
953,130
954,130
955,130
956,130
957,130
958,130
959,130
960,130
961,130
962,130
963,130
964,130
965,130
966,130
967,130
968,130
969,130
970,130
971,130
972,130
973,130
974,130
975,130
976,130
977,130
978,130
979,130
980,130
981,130
982,130
983,130
984,130
985,130
986,130
987,130
988,130
989,130
990,130
991,130
992,130
993,130
994,130
995,130
996,130
997,130
998,130
999,130
1000,130
1001,130
1002,130
1003,130
1004,130
1005,130
1006,130
1007,130
1008,130
1009,130
1010,130
1011,130
1012,130
1013,130
1014,130
1015,130
1016,130
1017,130
1018,130
1019,130
1020,130
1021,130
1022,130
1023,130
1024,130
1025,130
1026,130
1027,130
1028,130
1029,130
1030,130
1031,130
1032,130
1033,130
1034,130
1035,130
1036,130
1037,130
1038,130
1039,130
1040,130
1041,130
1042,130
1043,130
1044,130
1045,130
1046,130
1047,130
1048,130
1049,130
1050,130
1051,130
1052,130
1053,130
1054,130
1055,130
1056,130
1057,130
1058,130
1059,130
1060,130
1061,130
1062,130
1063,130
1064,130
1065,130
1066,130
1067,130
1068,130
1069,130
1070,130
1071,130
1072,130
1073,130
1074,130
1075,130
1076,130
1077,130
1078,130
1079,130
1080,130
1081,130
1082,130
1083,130
1084,130
1085,130
1086,130
1087,130
1088,130
1089,130
1090,130
1091,130
1092,130
1093,130
1094,130
1095,130
1096,130
1097,130
1098,130
1099,130
1100,130
1101,130
1102,130
1103,130
1104,130
1105,130
1106,130
1107,130
1108,130
1109,130
1110,130
1111,130
1112,130
1113,130
1114,130
1115,130
1116,130
1117,130
1118,130
1119,130
1120,130
1121,130
1122,130
1123,130
1124,130
1125,130
1126,130
1127,130
1128,130
1129,130
1130,130
1131,130
1132,130
1133,130
1134,130
1135,130
1136,130
1137,130
1138,130
1139,130
1140,130
1141,130
1142,130
1143,130
1144,130
1145,130
1146,130
1147,131
1148,132
1149,132
1150,132
1151,132
1152,133
1153,134
1154,135
1155,135
1156,135
1157,136
1158,137
1159,137
1160,138
1161,138
1162,138
1163,138
1164,138
1165,138
1166,138
1167,138
1168,138
1169,138
1170,138
1171,138
1172,138
1173,138
1174,138
1175,138
1176,138
1177,138
1178,138
1179,138
1180,138
1181,138
1182,138
1183,138
1184,138
1185,138
1186,138
1187,138
1188,138
1189,138
1190,138
1191,138
1192,138
1193,138
1194,138
1195,138
1196,138
1197,138
1198,138
1199,138
1200,138
1201,138
1202,138
1203,138
1204,138
1205,138
1206,138
1207,138
1208,138
1209,138
1210,138
1211,138
1212,138
1213,138
1214,138
1215,138
1216,138
1217,138
1218,138
1219,138
1220,138
1221,138
1222,138
1223,138
1224,138
1225,138
1226,138
1227,138
1228,138
1229,138
1230,138
1231,138
1232,138
1233,138
1234,138
1235,138
1236,138
1237,138
1238,138
1239,138
1240,138
1241,138
1242,138
1243,138
1244,138
1245,138
1246,138
1247,138
1248,138
1249,138
1250,138
1251,138
1252,138
1253,138
1254,138
1255,138
1256,138
1257,138
1258,138
1259,138
1260,138
1261,138
1262,138
1263,138
1264,138
1265,138
1266,138
1267,138
1268,138
1269,138
1270,138
1271,138
1272,138
1273,138
1274,138
1275,138
1276,138
1277,138
1278,138
1279,138
1280,138
1281,138
1282,138
1283,138
1284,138
1285,138
1286,138
1287,138
1288,138
1289,138
1290,138
1291,138
1292,138
1293,138
1294,138
1295,138
1296,138
1297,138
1298,138
1299,138
1300,138
1301,138
1302,138
1303,138
1304,138
1305,138
1306,138
1307,138
1308,138
1309,138
1310,138
1311,138
1312,138
1313,138
1314,138
1315,138
1316,138
1317,138
1318,138
1319,138
1320,138
1321,138
1322,138
1323,138
1324,138
1325,138
1326,138
1327,138
1328,138
1329,138
1330,138
1331,138
1332,138
1333,138
1334,138
1335,138
1336,138
1337,138
1338,138
1339,138
1340,138
1341,138
1342,138
1343,138
1344,138
1345,138
1346,138
1347,138
1348,138
1349,138
1350,138
1351,138
1352,138
1353,138
1354,138
1355,138
1356,138
1357,138
1358,138
1359,138
1360,138
1361,138
1362,138
1363,138
1364,138
1365,138
1366,138
1367,138
1368,138
1369,138
1370,138
1371,138
1372,138
1373,138
1374,138
1375,138
1376,138
1377,138
1378,138
1379,138
1380,138
1381,138
1382,138
1383,138
1384,138
1385,138
1386,138
1387,138
1388,138
1389,138
1390,138
1391,138
1392,138
1393,138
1394,138
1395,138
1396,138
1397,138
1398,138
1399,138
1400,138
1401,138
1402,138
1403,138
1404,138
1405,138
1406,138
1407,138
1408,138
1409,138
1410,138
1411,138
1412,138
1413,138
1414,138
1415,138
1416,138
1417,138
1418,138
1419,138
1420,138
1421,138
1422,138
1423,138
1424,138
1425,138
1426,138
1427,138
1428,138
1429,138
1430,138
1431,138
1432,138
1433,139
1434,140
1435,140
1436,140
1437,140
1438,140
1439,140
1440,140
1441,140
1442,140
1443,140
1444,140
1445,140
1446,140
1447,140
1448,140
1449,140
1450,140
1451,140
1452,140
1453,140
1454,140
1455,140
1456,140
1457,140
1458,140
1459,140
1460,140
1461,140
1462,140
1463,140
1464,140
1465,140
1466,140
1467,140
1468,140
1469,140
1470,140
1471,140
1472,140
1473,140
1474,140
1475,140
1476,140
1477,140
1478,140
1479,140
1480,140
1481,140
1482,140
1483,140
1484,140
1485,140
1486,140
1487,140
1488,140
1489,140
1490,140
1491,140
1492,140
1493,140
1494,140
1495,140
1496,140
1497,140
1498,140
1499,140
1500,140
1501,140
1502,140
1503,140
1504,140
1505,140
1506,140
1507,140
1508,140
1509,140
1510,140
1511,140
1512,140
1513,140
1514,140
1515,140
1516,140
1517,140
1518,140
1519,140
1520,140
1521,140
1522,140
1523,140
1524,140
1525,140
1526,140
1527,140
1528,140
1529,140
1530,140
1531,140
1532,140
1533,140
1534,140
1535,140
1536,140
1537,140
1538,140
1539,140
1540,140
1541,140
1542,140
1543,140
1544,140
1545,140
1546,140
1547,140
1548,140
1549,140
1550,140
1551,140
1552,140
1553,140
1554,140
1555,140
1556,140
1557,140
1558,140
1559,140
1560,140
1561,140
1562,140
1563,140
1564,140
1565,140
1566,140
1567,140
1568,140
1569,140
1570,140
1571,140
1572,140
1573,140
1574,140
1575,140
1576,140
1577,140
1578,140
1579,140
1580,140
1581,140
1582,140
1583,140
1584,140
1585,140
1586,140
1587,140
1588,140
1589,140
1590,140
1591,140
1592,140
1593,140
1594,140
1595,140
1596,140
1597,140
1598,140
1599,140
1600,140
1601,140
1602,140
1603,140
1604,140
1605,140
1606,140
1607,140
1608,140
1609,140
1610,140
1611,140
1612,140
1613,140
1614,140
1615,140
1616,140
1617,140
1618,140
1619,140
1620,140
1621,140
1622,140
1623,140
1624,140
1625,140
1626,140
1627,140
1628,140
1629,140
1630,140
1631,140
1632,140
1633,140
1634,140
1635,140
1636,140
1637,140
1638,140
1639,140
1640,140
1641,140
1642,140
1643,140
1644,140
1645,140
1646,140
1647,140
1648,140
1649,140
1650,140
1651,140
1652,140
1653,140
1654,140
1655,140
1656,140
1657,140
1658,140
1659,140
1660,140
1661,140
1662,140
1663,140
1664,140
1665,140
1666,140
1667,140
1668,140
1669,140
1670,140
1671,140
1672,140
1673,140
1674,140
1675,140
1676,140
1677,140
1678,140
1679,140
1680,140
1681,140
1682,140
1683,140
1684,140
1685,140
1686,140
1687,140
1688,140
1689,140
1690,140
1691,140
1692,140
1693,140
1694,140
1695,140
1696,140
1697,140
1698,140
1699,140
1700,140
1701,140
1702,140
1703,140
1704,140
1705,140
1706,140
1707,140
1708,140
1709,140
1710,140
1711,140
1712,140
1713,140
1714,140
1715,140
1716,140
1717,140
1718,140
1719,140
1720,140
1721,140
1722,140
1723,140
1724,140
1725,140
1726,140
1727,140
1728,140
1729,140
1730,140
1731,140
1732,140
1733,140
1734,140
1735,140
1736,140
1737,140
1738,140
1739,140
1740,140
1741,140
1742,140
1743,140
1744,140
1745,140
1746,140
1747,140
1748,140
1749,140
1750,140
1751,140
1752,140
1753,140
1754,140
1755,140
1756,140
1757,140
1758,140
1759,140
1760,140
1761,140
1762,140
1763,140
1764,140
1765,140
1766,140
1767,140
1768,140
1769,140
1770,140
1771,140
1772,140
1773,140
1774,140
1775,140
1776,140
1777,140
1778,140
1779,140
1780,140
1781,140
1782,140
1783,140
1784,140
1785,140
1786,140
1787,140
1788,140
1789,140
1790,140
1791,140
1792,140
1793,140
1794,140
1795,140
1796,140
1797,140
1798,140
1799,140
1800,140
1801,140
1802,140
1803,141
1804,141
1805,141
1806,141
1807,141
1808,141
1809,141
1810,141
1811,141
1812,141
1813,141
1814,141
1815,141
1816,141
1817,141
1818,141
1819,141
1820,141
1821,141
1822,141
1823,141
1824,141
1825,141
1826,141
1827,141
1828,141
1829,141
1830,141
1831,141
1832,141
1833,141
1834,141
1835,141
1836,141
1837,141
1838,141
1839,141
1840,141
1841,141
1842,141
1843,141
1844,141
1845,141
1846,141
1847,141
1848,141
1849,141
1850,141
1851,141
1852,141
1853,141
1854,141
1855,141
1856,141
1857,141
1858,141
1859,141
1860,141
1861,141
1862,141
1863,141
1864,141
1865,141
1866,141
1867,141
1868,141
1869,141
1870,141
1871,141
1872,141
1873,141
1874,141
1875,141
1876,141
1877,141
1878,141
1879,141
1880,141
1881,141
1882,141
1883,141
1884,141
1885,141
1886,141
1887,141
1888,141
1889,141
1890,141
1891,141
1892,141
1893,141
1894,141
1895,141
1896,141
1897,141
1898,141
1899,141
1900,141
1901,141
1902,141
1903,141
1904,141
1905,141
1906,141
1907,141
1908,141
1909,141
1910,141
1911,141
1912,141
1913,141
1914,141
1915,141
1916,141
1917,141
1918,141
1919,141
1920,141
1921,141
1922,141
1923,141
1924,141
1925,141
1926,141
1927,141
1928,141
1929,141
1930,141
1931,141
1932,141
1933,141
1934,141
1935,141
1936,141
1937,141
1938,141
1939,141
1940,141
1941,141
1942,141
1943,141
1944,141
1945,141
1946,141
1947,141
1948,141
1949,141
1950,141
1951,141
1952,141
1953,141
1954,141
1955,141
1956,141
1957,141
1958,141
1959,141
1960,141
1961,141
1962,141
1963,141
1964,141
1965,141
1966,141
1967,141
1968,141
1969,141
1970,141
1971,141
1972,141
1973,141
1974,141
1975,141
1976,141
1977,141
1978,141
1979,141
1980,141
1981,141
1982,141
1983,141
1984,141
1985,141
1986,141
1987,141
1988,141
1989,141
1990,141
1991,141
1992,141
1993,141
1994,141
1995,141
1996,141
1997,141
1998,141
1999,141
2000,141
2001,141
2002,141
2003,141
2004,141
2005,141
2006,141
2007,141
2008,141
2009,141
2010,141
2011,141
2012,141
2013,141
2014,141
2015,141
2016,141
2017,141
2018,141
2019,141
2020,141
2021,141
2022,141
2023,141
2024,141
2025,141
2026,141
2027,141
2028,141
2029,141
2030,141
2031,141
2032,141
2033,141
2034,141
2035,141
2036,141
2037,142
2038,142
2039,142
2040,142
2041,142
2042,142
2043,142
2044,142
2045,142
2046,142
2047,142
2048,142
2049,142
2050,142
2051,142
2052,142
2053,142
2054,142
2055,142
2056,142
2057,142
2058,142
2059,142
2060,142
2061,142
2062,142
2063,142
2064,142
2065,142
2066,142
2067,142
2068,142
2069,142
2070,142
2071,142
2072,142
2073,142
2074,142
2075,142
2076,142
2077,142
2078,142
2079,142
2080,142
2081,142
2082,142
2083,142
2084,142
2085,142
2086,142
2087,142
2088,142
2089,142
2090,142
2091,142
2092,142
2093,142
2094,142
2095,142
2096,142
2097,142
2098,142
2099,142
2100,142
2101,142
2102,142
2103,142
2104,142
2105,142
2106,142
2107,142
2108,142
2109,142
2110,142
2111,142
2112,142
2113,142
2114,142
2115,142
2116,142
2117,142
2118,142
2119,142
2120,142
2121,142
2122,142
2123,142
2124,142
2125,142
2126,142
2127,142
2128,142
2129,142
2130,142
2131,142
2132,142
2133,142
2134,142
2135,142
2136,142
2137,142
2138,142
2139,142
2140,142
2141,142
2142,142
2143,142
2144,142
2145,142
2146,142
2147,142
2148,142
2149,142
2150,142
2151,142
2152,142
2153,142
2154,142
2155,142
2156,142
2157,142
2158,142
2159,142
2160,142
2161,142
2162,142
2163,142
2164,142
2165,142
2166,142
2167,142
2168,142
2169,142
2170,142
2171,142
2172,142
2173,142
2174,142
2175,142
2176,142
2177,142
2178,142
2179,142
2180,142
2181,142
2182,142
2183,142
2184,142
2185,142
2186,142
2187,142
2188,142
2189,142
2190,142
2191,142
2192,142
2193,142
2194,142
2195,142
2196,142
2197,142
2198,142
2199,142
2200,142
2201,142
2202,142
2203,142
2204,142
2205,142
2206,142
2207,142
2208,142
2209,142
2210,142
2211,142
2212,142
2213,142
2214,142
2215,142
2216,142
2217,142
2218,142
2219,142
2220,142
2221,142
2222,142
2223,142
2224,142
2225,142
2226,142
2227,142
2228,142
2229,142
2230,142
2231,142
2232,142
2233,142
2234,142
2235,142
2236,142
2237,142
2238,142
2239,142
2240,142
2241,142
2242,142
2243,142
2244,142
2245,142
2246,142
2247,142
2248,142
2249,142
2250,142
2251,142
2252,142
2253,142
2254,142
2255,142
2256,142
2257,142
2258,142
2259,142
2260,142
2261,142
2262,142
2263,142
2264,142
2265,142
2266,142
2267,142
2268,142
2269,142
2270,142
2271,142
2272,142
2273,142
2274,142
2275,142
2276,142
2277,142
2278,142
2279,142
2280,142
2281,142
2282,142
2283,142
2284,142
2285,142
2286,142
2287,142
2288,142
2289,142
2290,142
2291,142
2292,142
2293,142
2294,142
2295,142
2296,142
2297,142
2298,142
2299,142
2300,142
2301,142
2302,142
2303,142
2304,142
2305,142
2306,142
2307,142
2308,142
2309,142
2310,142
2311,142
2312,142
2313,142
2314,142
2315,142
2316,142
2317,142
2318,142
2319,142
2320,142
2321,142
2322,142
2323,142
2324,142
2325,142
2326,142
2327,142
2328,142
2329,142
2330,142
2331,142
2332,142
2333,142
2334,142
2335,142
2336,142
2337,142
2338,142
2339,142
2340,142
2341,142
2342,142
2343,142
2344,142
2345,142
2346,142
2347,142
2348,142
2349,142
2350,142
2351,142
2352,142
2353,142
2354,142
2355,142
2356,142
2357,142
2358,142
2359,142
2360,142
2361,142
2362,142
2363,142
2364,142
2365,142
2366,142
2367,142
2368,142
2369,142
2370,142
2371,142
2372,142
2373,142
2374,142
2375,142
2376,142
2377,142
2378,142
2379,142
2380,142
2381,142
2382,142
2383,142
2384,142
2385,142
2386,142
2387,142
2388,142
2389,142
2390,142
2391,142
2392,142
2393,142
2394,142
2395,142
2396,142
2397,142
2398,142
2399,142
2400,142
2401,142
2402,142
2403,142
2404,142
2405,142
2406,142
2407,142
2408,142
2409,142
2410,142
2411,142
2412,142
2413,142
2414,142
2415,142
2416,142
2417,142
2418,142
2419,142
2420,142
2421,142
2422,142
2423,142
2424,142
2425,142
2426,142
2427,142
2428,142
2429,142
2430,142
2431,142
2432,142
2433,142
2434,142
2435,142
2436,142
2437,142
2438,142
2439,142
2440,142
2441,142
2442,142
2443,142
2444,142
2445,142
2446,142
2447,142
2448,142
2449,142
2450,142
2451,142
2452,142
2453,142
2454,142
2455,142
2456,142
2457,142
2458,142
2459,142
2460,142
2461,142
2462,142
2463,142
2464,142
2465,142
2466,142
2467,142
2468,142
2469,142
2470,142
2471,142
2472,142
2473,142
2474,142
2475,142
2476,142
2477,142
2478,142
2479,142
2480,142
2481,142
2482,142
2483,142
2484,142
2485,142
2486,142
2487,142
2488,142
2489,142
2490,142
2491,142
2492,142
2493,142
2494,142
2495,142
2496,142
2497,142
2498,142
2499,142
2500,142
2501,142
2502,142
2503,142
2504,142
2505,142
2506,142
2507,142
2508,142
2509,142
2510,142
2511,142
2512,142
2513,142
2514,142
2515,142
2516,142
2517,142
2518,142
2519,142
2520,142
2521,142
2522,142
2523,142
2524,142
2525,142
2526,142
2527,142
2528,142
2529,142
2530,142
2531,142
2532,142
2533,142
2534,142
2535,142
2536,142
2537,142
2538,142
2539,142
2540,142
2541,142
2542,142
2543,142
2544,142
2545,142
2546,142
2547,142
2548,142
2549,142
2550,142
2551,142
2552,142
2553,142
2554,142
2555,142
2556,142
2557,142
2558,142
2559,142
2560,142
2561,142
2562,142
2563,142
2564,142
2565,142
2566,142
2567,142
2568,142
2569,142
2570,142
2571,142
2572,142
2573,142
2574,142
2575,142
2576,142
2577,142
2578,142
2579,142
2580,142
2581,142
2582,142
2583,142
2584,142
2585,142
2586,142
2587,142
2588,142
2589,142
2590,142
2591,142
2592,142
2593,142
2594,142
2595,142
2596,142
2597,142
2598,142
2599,142
2600,142
2601,142
2602,142
2603,142
2604,142
2605,142
2606,142
2607,142
2608,142
2609,142
2610,142
2611,142
2612,142
2613,142
2614,142
2615,142
2616,142
2617,142
2618,142
2619,142
2620,142
2621,142
2622,142
2623,142
2624,142
2625,142
2626,142
2627,142
2628,142
2629,142
2630,142
2631,142
2632,142
2633,142
2634,142
2635,142
2636,142
2637,142
2638,142
2639,142
2640,142
2641,142
2642,142
2643,142
2644,142
2645,142
2646,142
2647,142
2648,142
2649,142
2650,142
2651,142
2652,142
2653,142
2654,142
2655,142
2656,142
2657,142
2658,142
2659,142
2660,142
2661,142
2662,142
2663,142
2664,142
2665,142
2666,142
2667,142
2668,142
2669,142
2670,142
2671,142
2672,142
2673,142
2674,142
2675,142
2676,142
2677,142
2678,142
2679,142
2680,142
2681,142
2682,142
2683,142
2684,142
2685,142
2686,142
2687,142
2688,142
2689,142
2690,142
2691,142
2692,142
2693,142
2694,142
2695,142
2696,142
2697,142
2698,142
2699,142
2700,142
2701,142
2702,142
2703,142
2704,142
2705,142
2706,142
2707,142
2708,142
2709,142
2710,142
2711,142
2712,142
2713,142
2714,142
2715,142
2716,142
2717,142
2718,142
2719,142
2720,142
2721,142
2722,142
2723,142
2724,142
2725,142
2726,142
2727,142
2728,142
2729,142
2730,142
2731,142
2732,142
2733,142
2734,142
2735,142
2736,142
2737,142
2738,142
2739,142
2740,142
2741,142
2742,142
2743,142
2744,142
2745,142
2746,142
2747,142
2748,142
2749,142
2750,142
2751,142
2752,142
2753,142
2754,142
2755,142
2756,142
2757,142
2758,142
2759,142
2760,142
2761,142
2762,142
2763,142
2764,142
2765,142
2766,142
2767,142
2768,142
2769,142
2770,142
2771,142
2772,142
2773,142
2774,142
2775,142
2776,142
2777,142
2778,142
2779,142
2780,142
2781,142
2782,142
2783,142
2784,142
2785,142
2786,142
2787,142
2788,142
2789,142
2790,142
2791,142
2792,142
2793,142
2794,142
2795,142
2796,142
2797,142
2798,142
2799,142
2800,142
2801,142
2802,142
2803,142
2804,142
2805,142
2806,142
2807,142
2808,142
2809,142
2810,142
2811,142
2812,142
2813,142
2814,142
2815,142
2816,142
2817,142
2818,142
2819,142
2820,142
2821,142
2822,142
2823,142
2824,142
2825,142
2826,142
2827,142
2828,142
2829,142
2830,142
2831,142
2832,142
2833,142
2834,142
2835,142
2836,142
2837,142
2838,142
2839,142
2840,142
2841,142
2842,142
2843,142
2844,142
2845,142
2846,142
2847,142
2848,142
2849,142
2850,142
2851,142
2852,142
2853,142
2854,142
2855,142
2856,142
2857,142
2858,142
2859,142
2860,142
2861,142
2862,142
2863,142
2864,142
2865,142
2866,142
2867,142
2868,142
2869,142
2870,142
2871,142
2872,142
2873,142
2874,142
2875,142
2876,142
2877,142
2878,142
2879,142
2880,142
2881,142
2882,142
2883,142
2884,142
2885,142
2886,142
2887,142
2888,142
2889,142
2890,142
2891,142
2892,142
2893,142
2894,142
2895,142
2896,142
2897,142
2898,142
2899,142
2900,142
2901,142
2902,142
2903,142
2904,142
2905,142
2906,142
2907,142
2908,142
2909,142
2910,142
2911,142
2912,142
2913,142
2914,142
2915,142
2916,142
2917,142
2918,142
2919,142
2920,142
2921,142
2922,142
2923,142
2924,142
2925,142
2926,142
2927,142
2928,142
2929,142
2930,142
2931,142
2932,142
2933,142
2934,142
2935,142
2936,142
2937,142
2938,142
2939,142
2940,142
2941,142
2942,142
2943,142
2944,142
2945,142
2946,142
2947,142
2948,142
2949,142
2950,142
2951,142
2952,142
2953,142
2954,142
2955,142
2956,142
2957,142
2958,142
2959,142
2960,142
2961,143
2962,143
2963,144
2964,145
