0,0
1,1
2,2
3,3
4,4
5,5
6,6
7,7
8,8
9,9
10,9
11,10
12,11
13,12
14,13
15,13
16,14
17,15
18,16
19,17
20,18
21,19
22,20
23,21
24,22
25,23
26,24
27,25
28,26
29,27
30,27
31,28
32,29
33,30
34,30
35,31
36,32
37,33
38,34
39,35
40,36
41,37
42,38
43,39
44,40
45,41
46,41
47,41
48,41
49,42
50,43
51,43
52,44
53,44
54,45
55,45
56,46
57,47
58,47
59,47
60,48
61,48
62,48
63,48
64,48
65,48
66,49
67,49
68,50
69,51
70,52
71,52
72,52
73,53
74,53
75,54
76,54
77,54
78,54
79,54
80,54
81,55
82,55
83,56
84,56
85,57
86,57
87,57
88,58
89,58
90,58
91,59
92,59
93,59
94,59
95,60
96,60
97,60
98,60
99,60
100,61
101,62
102,62
103,62
104,62
105,62
106,62
107,62
108,62
109,62
110,63
111,64
112,64
113,64
114,65
115,65
116,66
117,66
118,66
119,66
120,66
121,66
122,66
123,66
124,66
125,67
126,67
127,67
128,67
129,67
130,67
131,67
132,67
133,67
134,67
135,67
136,68
137,69
138,69
139,69
140,69
141,69
142,69
143,69
144,69
145,69
146,69
147,70
148,70
149,70
150,70
151,70
152,70
153,70
154,70
155,70
156,71
157,71
158,71
159,72
160,72
161,72
162,72
163,72
164,72
165,72
166,72
167,72
168,72
169,72
170,72
171,72
172,72
173,73
174,73
175,73
176,73
177,73
178,73
179,73
180,73
181,73
182,73
183,73
184,73
185,73
186,73
187,73
188,73
189,73
190,73
191,73
192,73
193,73
194,73
195,74
196,74
197,74
198,74
199,74
200,74
201,74
202,74
203,74
204,74
205,74
206,74
207,74
208,74
209,74
210,74
211,74
212,74
213,74
214,74
215,74
216,74
217,74
218,74
219,74
220,74
221,74
222,74
223,74
224,74
225,74
226,74
227,74
228,74
229,74
230,74
231,74
232,74
233,74
234,74
235,74
236,74
237,74
238,74
239,74
240,74
241,74
242,74
243,74
244,74
245,74
246,74
247,74
248,74
249,74
250,74
251,74
252,74
253,74
254,74
255,74
256,74
257,74
258,74
259,74
260,74
261,74
262,74
263,74
264,74
265,74
266,74
267,74
268,74
269,74
270,74
271,74
272,74
273,74
274,74
275,74
276,74
277,74
278,74
279,74
280,74
281,74
282,74
283,74
284,74
285,74
286,74
287,74
288,74
289,74
290,74
291,74
292,74
293,74
294,74
295,75
296,75
297,76
298,77
299,78
300,79
301,80
302,81
303,82
304,83
305,83
306,84
307,84
308,85
309,85
310,85
311,86
312,87
313,88
314,88
315,89
316,89
317,90
318,91
319,91
320,91
321,92
322,93
323,93
324,93
325,93
326,93
327,94
328,94
329,94
330,95
331,96
332,96
333,96
334,96
335,96
336,96
337,96
338,96
339,96
340,96
341,96
342,96
343,96
344,96
345,96
346,96
347,96
348,96
349,96
350,96
351,96
352,96
353,96
354,96
355,96
356,96
357,96
358,96
359,96
360,96
361,96
362,96
363,96
364,96
365,96
366,96
367,96
368,96
369,96
370,96
371,96
372,96
373,96
374,96
375,96
376,96
377,96
378,96
379,96
380,96
381,96
382,96
383,96
384,96
385,96
386,97
387,98
388,98
389,98
390,99
391,99
392,99
393,99
394,99
395,99
396,99
397,99
398,99
399,99
400,99
401,99
402,100
403,100
404,100
405,100
406,100
407,100
408,100
409,100
410,100
411,100
412,100
413,100
414,100
415,100
416,100
417,100
418,100
419,100
420,100
421,100
422,100
423,100
424,100
425,100
426,100
427,100
428,100
429,100
430,100
431,100
432,100
433,101
434,101
435,101
436,101
437,101
438,101
439,102
440,102
441,102
442,102
443,102
444,102
445,102
446,102
447,102
448,102
449,102
450,102
451,102
452,102
453,102
454,102
455,102
456,102
457,102
458,102
459,102
460,102
461,102
462,102
463,102
464,102
465,102
466,102
467,102
468,102
469,102
470,102
471,102
472,102
473,102
474,102
475,102
476,102
477,102
478,103
479,103
480,103
481,103
482,103
483,103
484,103
485,103
486,104
487,104
488,104
489,104
490,104
491,104
492,104
493,104
494,104
495,104
496,104
497,104
498,104
499,105
500,105
501,106
502,106
503,106
504,106
505,106
506,106
507,106
508,106
509,106
510,106
511,106
512,106
513,106
514,106
515,106
516,106
517,106
518,106
519,106
520,106
521,106
522,106
523,106
524,106
525,106
526,106
527,106
528,106
529,106
530,106
531,107
532,107
533,107
534,107
535,107
536,107
537,107
538,107
539,107
540,107
541,107
542,107
543,107
544,107
545,107
546,107
547,107
548,107
549,107
550,107
551,107
552,107
553,107
554,107
555,107
556,107
557,107
558,107
559,107
560,107
561,107
562,107
563,107
564,107
565,107
566,107
567,107
568,107
569,107
570,107
571,107
572,107
573,107
574,107
575,107
576,107
577,107
578,107
579,107
580,107
581,107
582,107
583,107
584,107
585,107
586,107
587,107
588,107
589,107
590,107
591,107
592,107
593,107
594,107
595,107
596,107
597,107
598,107
599,107
600,107
601,107
602,107
603,108
604,108
605,109
606,110
607,110
608,111
609,112
610,112
611,112
612,112
613,112
614,112
615,112
616,112
617,112
618,112
619,112
620,112
621,112
622,112
623,112
624,112
625,112
626,112
627,112
628,112
629,112
630,112
631,112
632,112
633,112
634,112
635,112
636,112
637,112
638,112
639,112
640,112
641,112
642,112
643,112
644,112
645,112
646,112
647,113
648,113
649,113
650,113
651,113
652,113
653,113
654,113
655,113
656,113
657,113
658,113
659,113
660,113
661,113
662,113
663,113
664,113
665,113
666,113
667,113
668,113
669,113
670,113
671,113
672,113
673,113
674,113
675,113
676,113
677,113
678,113
679,113
680,113
681,113
682,113
683,113
684,113
685,113
686,113
687,113
688,114
689,114
690,114
691,115
692,115
693,115
694,115
695,115
696,115
697,115
698,115
699,116
700,116
701,117
702,118
703,119
704,119
705,119
706,119
707,120
708,120
709,120
710,120
711,120
712,120
713,120
714,120
715,120
716,121
717,121
718,121
719,121
720,122
721,122
722,122
723,122
724,122
725,122
726,122
727,122
728,123
729,123
730,123
731,123
732,123
733,123
734,123
735,123
736,123
737,123
738,123
739,123
740,123
741,123
742,123
743,123
744,123
745,123
746,123
747,123
748,123
749,123
750,123
751,123
752,123
753,123
754,123
755,123
756,123
757,123
758,123
759,123
760,123
761,123
762,123
763,123
764,123
765,123
766,123
767,123
768,123
769,123
770,123
771,123
772,123
773,123
774,123
775,123
776,123
777,123
778,123
779,123
780,123
781,123
782,123
783,123
784,123
785,123
786,123
787,123
788,123
789,123
790,123
791,123
792,123
793,123
794,123
795,123
796,123
797,123
798,123
799,123
800,123
801,123
802,123
803,123
804,123
805,123
806,123
807,123
808,123
809,123
810,123
811,123
812,123
813,123
814,123
815,123
816,123
817,123
818,123
819,123
820,123
821,123
822,123
823,123
824,123
825,123
826,123
827,123
828,123
829,123
830,123
831,123
832,123
833,123
834,123
835,123
836,123
837,123
838,123
839,123
840,123
841,123
842,123
843,123
844,123
845,123
846,123
847,123
848,123
849,123
850,123
851,123
852,123
853,123
854,123
855,123
856,123
857,123
858,123
859,123
860,123
861,123
862,123
863,123
864,123
865,123
866,123
867,123
868,123
869,123
870,123
871,123
872,123
873,123
874,123
875,123
876,123
877,123
878,123
879,123
880,123
881,123
882,123
883,123
884,123
885,123
886,123
887,123
888,123
889,123
890,123
891,123
892,123
893,123
894,123
895,123
896,123
897,123
898,123
899,123
900,123
901,123
902,123
903,123
904,123
905,123
906,123
907,123
908,123
909,123
910,123
911,123
912,123
913,123
914,123
915,123
916,123
917,123
918,123
919,123
920,123
921,123
922,123
923,123
924,123
925,123
926,123
927,123
928,123
929,123
930,123
931,123
932,123
933,123
934,123
935,123
936,123
937,123
938,123
939,123
940,123
941,123
942,123
943,123
944,123
945,123
946,123
947,123
948,123
949,123
950,123
951,123
952,123
953,123
954,123
955,123
956,123
957,123
958,123
959,123
960,123
961,123
962,123
963,123
964,123
965,123
966,123
967,123
968,123
969,123
970,123
971,123
972,123
973,123
974,123
975,123
976,123
977,123
978,123
979,124
980,124
981,124
982,124
983,124
984,124
985,124
986,124
987,124
988,124
989,124
990,124
991,124
992,124
993,124
994,124
995,124
996,124
997,124
998,124
999,124
1000,124
1001,124
1002,124
1003,124
1004,124
1005,124
1006,124
1007,124
1008,124
1009,124
1010,124
1011,124
1012,124
1013,124
1014,124
1015,124
1016,124
1017,124
1018,124
1019,124
1020,124
1021,124
1022,124
1023,124
1024,124
1025,124
1026,124
1027,124
1028,124
1029,124
1030,124
1031,124
1032,124
1033,124
1034,124
1035,124
1036,124
1037,124
1038,124
1039,124
1040,124
1041,124
1042,124
1043,124
1044,124
1045,124
1046,124
1047,124
1048,124
1049,125
1050,126
1051,126
1052,126
1053,126
1054,126
1055,126
1056,126
1057,126
1058,126
1059,126
1060,126
1061,126
1062,126
1063,127
1064,128
1065,128
1066,128
1067,128
1068,128
1069,128
1070,128
1071,128
1072,128
1073,128
1074,128
1075,129
1076,129
1077,129
1078,129
1079,129
1080,129
1081,129
1082,129
1083,129
1084,129
1085,129
1086,129
1087,129
1088,129
1089,129
1090,129
1091,129
1092,129
1093,129
1094,129
1095,129
1096,129
1097,129
1098,129
1099,129
1100,129
1101,129
1102,129
1103,129
1104,129
1105,129
1106,129
1107,129
1108,129
1109,129
1110,129
1111,129
1112,129
1113,129
1114,130
1115,130
1116,130
1117,130
1118,130
1119,130
1120,130
1121,130
1122,130
1123,130
1124,130
1125,130
1126,130
1127,130
1128,130
1129,130
1130,130
1131,130
1132,130
1133,130
1134,130
1135,130
1136,130
1137,130
1138,130
1139,130
1140,130
1141,130
1142,130
1143,130
1144,130
1145,130
1146,130
1147,130
1148,130
1149,130
1150,130
1151,130
1152,130
1153,130
1154,130
1155,130
1156,130
1157,130
1158,130
1159,130
1160,130
1161,130
1162,130
1163,130
1164,131
1165,131
1166,131
1167,131
1168,131
1169,131
1170,131
1171,131
1172,131
1173,131
1174,131
1175,131
1176,131
1177,131
1178,131
1179,131
1180,131
1181,131
1182,131
1183,131
1184,131
1185,131
1186,131
1187,131
1188,131
1189,131
1190,131
1191,131
1192,131
1193,131
1194,131
1195,131
1196,131
1197,131
1198,131
1199,131
1200,131
1201,131
1202,131
1203,131
1204,131
1205,131
1206,131
1207,131
1208,131
1209,131
1210,131
1211,131
1212,131
1213,131
1214,131
1215,131
1216,131
1217,131
1218,131
1219,131
1220,131
1221,131
1222,131
1223,131
1224,131
1225,131
1226,131
1227,131
1228,131
1229,131
1230,131
1231,131
1232,131
1233,131
1234,131
1235,131
1236,131
1237,131
1238,131
1239,131
1240,131
1241,131
1242,131
1243,131
1244,131
1245,131
1246,131
1247,131
1248,131
1249,131
1250,131
1251,131
1252,131
1253,131
1254,131
1255,131
1256,131
1257,131
1258,131
1259,131
1260,131
1261,131
1262,131
1263,131
1264,131
1265,131
1266,131
1267,131
1268,131
1269,131
1270,131
1271,131
1272,131
1273,131
1274,131
1275,131
1276,131
1277,131
1278,131
1279,131
1280,131
1281,131
1282,131
1283,131
1284,131
1285,131
1286,131
1287,131
1288,131
1289,131
1290,131
1291,131
1292,131
1293,131
1294,131
1295,131
1296,131
1297,131
1298,131
1299,131
1300,131
1301,131
1302,131
1303,131
1304,131
1305,131
1306,131
1307,131
1308,131
1309,131
1310,131
1311,131
1312,131
1313,131
1314,131
1315,131
1316,131
1317,131
1318,131
1319,131
1320,131
1321,131
1322,131
1323,131
1324,131
1325,131
1326,131
1327,131
1328,131
1329,131
1330,131
1331,131
1332,131
1333,131
1334,131
1335,131
1336,131
1337,131
1338,131
1339,131
1340,131
1341,131
1342,131
1343,131
1344,131
1345,131
1346,131
1347,131
1348,131
1349,131
1350,131
1351,131
1352,131
1353,131
1354,131
1355,131
1356,131
1357,131
1358,131
1359,131
1360,131
1361,131
1362,131
1363,131
1364,131
1365,131
1366,131
1367,131
1368,131
1369,131
1370,131
1371,131
1372,131
1373,131
1374,131
1375,131
1376,131
1377,131
1378,131
1379,131
1380,131
1381,131
1382,131
1383,131
1384,131
1385,131
1386,131
1387,131
1388,131
1389,131
1390,131
1391,131
1392,131
1393,131
1394,131
1395,131
1396,131
1397,131
1398,131
1399,131
1400,131
1401,131
1402,131
1403,131
1404,131
1405,131
1406,131
1407,131
1408,131
1409,131
1410,131
1411,131
1412,131
1413,131
1414,131
1415,131
1416,131
1417,131
1418,131
1419,131
1420,131
1421,131
1422,131
1423,131
1424,131
1425,131
1426,131
1427,131
1428,131
1429,131
1430,131
1431,131
1432,131
1433,131
1434,131
1435,131
1436,131
1437,131
1438,131
1439,131
1440,131
1441,131
1442,131
1443,131
1444,131
1445,131
1446,131
1447,131
1448,131
1449,131
1450,131
1451,131
1452,131
1453,131
1454,131
1455,131
1456,131
1457,131
1458,131
1459,131
1460,131
1461,131
1462,131
1463,131
1464,131
1465,131
1466,131
1467,131
1468,131
1469,131
1470,131
1471,131
1472,131
1473,131
1474,131
1475,131
1476,131
1477,131
1478,131
1479,131
1480,131
1481,131
1482,131
1483,131
1484,131
1485,131
1486,131
1487,131
1488,131
1489,131
1490,131
1491,131
1492,131
1493,131
1494,131
1495,131
1496,131
1497,131
1498,131
1499,131
1500,131
1501,131
1502,131
1503,131
1504,131
1505,131
1506,131
1507,131
1508,131
1509,131
1510,131
1511,131
1512,131
1513,131
1514,131
1515,131
1516,131
1517,131
1518,131
1519,131
1520,131
1521,131
1522,131
1523,131
1524,131
1525,131
1526,131
1527,131
1528,131
1529,131
1530,131
1531,131
1532,131
1533,131
1534,131
1535,131
1536,131
1537,131
1538,131
1539,131
1540,131
1541,131
1542,131
1543,131
1544,131
1545,131
1546,131
1547,131
1548,131
1549,131
1550,131
1551,131
1552,131
1553,131
1554,131
1555,131
1556,131
1557,131
1558,131
1559,131
1560,131
1561,131
1562,131
1563,131
1564,131
1565,131
1566,131
1567,131
1568,131
1569,131
1570,131
1571,131
1572,131
1573,131
1574,131
1575,131
1576,131
1577,131
1578,131
1579,131
1580,131
1581,131
1582,131
1583,131
1584,131
1585,131
1586,131
1587,131
1588,131
1589,131
1590,131
1591,131
1592,131
1593,131
1594,131
1595,131
1596,131
1597,131
1598,131
1599,131
1600,131
1601,131
1602,131
1603,131
1604,131
1605,131
1606,131
1607,131
1608,131
1609,131
1610,131
1611,131
1612,131
1613,131
1614,131
1615,131
1616,131
1617,131
1618,131
1619,131
1620,131
1621,131
1622,131
1623,131
1624,131
1625,131
1626,131
1627,131
1628,131
1629,131
1630,131
1631,131
1632,131
1633,131
1634,131
1635,131
1636,131
1637,131
1638,131
1639,131
1640,131
1641,131
1642,131
1643,131
1644,131
1645,131
1646,131
1647,131
1648,131
1649,131
1650,131
1651,131
1652,131
1653,131
1654,131
1655,131
1656,131
1657,132
1658,133
1659,134
1660,135
1661,135
1662,135
1663,135
1664,135
1665,135
1666,135
1667,135
1668,135
1669,135
1670,135
1671,135
1672,135
1673,135
1674,135
1675,135
1676,135
1677,135
1678,135
1679,135
1680,135
1681,135
1682,135
1683,135
1684,135
1685,135
1686,135
1687,135
1688,135
1689,135
1690,135
1691,135
1692,135
1693,135
1694,135
1695,135
1696,135
1697,135
1698,135
1699,135
1700,135
1701,135
1702,135
1703,135
1704,135
1705,135
1706,135
1707,135
1708,135
1709,135
1710,135
1711,135
1712,135
1713,135
1714,135
1715,135
1716,135
1717,135
1718,135
1719,135
1720,135
1721,135
1722,135
1723,135
1724,135
1725,135
1726,135
1727,135
1728,135
1729,135
1730,135
1731,135
1732,135
1733,135
1734,135
1735,135
1736,135
1737,135
1738,135
1739,135
1740,135
1741,135
1742,135
1743,135
1744,135
1745,135
1746,135
1747,135
1748,135
1749,135
1750,135
1751,135
1752,135
1753,135
1754,135
1755,135
1756,135
1757,135
1758,135
1759,135
1760,135
1761,135
1762,135
1763,135
1764,135
1765,135
1766,135
1767,135
1768,135
1769,135
1770,135
1771,135
1772,135
1773,135
1774,135
1775,135
1776,135
1777,135
1778,135
1779,135
1780,135
1781,135
1782,135
1783,135
1784,135
1785,135
1786,135
1787,135
1788,135
1789,135
1790,135
1791,135
1792,135
1793,135
1794,135
1795,135
1796,135
1797,135
1798,135
1799,135
1800,135
1801,135
1802,135
1803,135
1804,135
1805,135
1806,135
1807,135
1808,135
1809,135
1810,135
1811,135
1812,135
1813,135
1814,135
1815,135
1816,135
1817,135
1818,135
1819,135
1820,135
1821,135
1822,135
1823,135
1824,135
1825,135
1826,135
1827,135
1828,135
1829,135
1830,135
1831,135
1832,135
1833,135
1834,135
1835,135
1836,135
1837,135
1838,135
1839,135
1840,135
1841,135
1842,135
1843,135
1844,135
1845,135
1846,135
1847,135
1848,135
1849,135
1850,135
1851,135
1852,135
1853,135
1854,135
1855,135
1856,135
1857,135
1858,135
1859,135
1860,135
1861,135
1862,135
1863,135
1864,135
1865,135
1866,135
1867,135
1868,135
1869,135
1870,135
1871,135
1872,135
1873,135
1874,135
1875,135
1876,135
1877,135
1878,135
1879,135
1880,135
1881,135
1882,135
1883,135
1884,135
1885,135
1886,135
1887,135
1888,135
1889,135
1890,135
1891,135
1892,135
1893,135
1894,135
1895,135
1896,135
1897,135
1898,135
1899,135
1900,135
1901,135
1902,135
1903,135
1904,135
1905,135
1906,135
1907,135
1908,135
1909,135
1910,135
1911,135
1912,135
1913,135
1914,135
1915,135
1916,135
1917,135
1918,135
1919,135
1920,135
1921,135
1922,135
1923,135
1924,135
1925,135
1926,135
1927,135
1928,135
1929,135
1930,135
1931,135
1932,135
1933,135
1934,135
1935,135
1936,135
1937,135
1938,135
1939,135
1940,135
1941,135
1942,135
1943,135
1944,135
1945,135
1946,135
1947,135
1948,135
1949,135
1950,135
1951,135
1952,135
1953,135
1954,135
1955,135
1956,135
1957,135
1958,135
1959,135
1960,135
1961,135
1962,135
1963,135
1964,135
1965,135
1966,135
1967,135
1968,135
1969,135
1970,135
1971,135
1972,135
1973,135
1974,135
1975,135
1976,135
1977,135
1978,135
1979,135
1980,135
1981,135
1982,135
1983,135
1984,135
1985,135
1986,135
1987,135
1988,135
1989,135
1990,135
1991,135
1992,135
1993,136
1994,136
1995,136
1996,136
1997,136
1998,136
1999,136
2000,136
2001,136
2002,136
2003,136
2004,136
2005,136
2006,136
2007,136
2008,136
2009,136
2010,136
2011,136
2012,136
2013,136
2014,136
2015,136
2016,136
2017,136
2018,136
2019,136
2020,136
2021,136
2022,136
2023,136
2024,136
2025,136
2026,136
2027,136
2028,136
2029,136
2030,136
2031,136
2032,136
2033,136
2034,136
2035,136
2036,136
2037,136
2038,136
2039,136
2040,136
2041,136
2042,136
2043,136
2044,136
2045,136
2046,136
2047,136
2048,136
2049,136
2050,136
2051,136
2052,136
2053,136
2054,136
2055,136
2056,136
2057,136
2058,136
2059,136
2060,136
2061,136
2062,136
2063,136
2064,136
2065,136
2066,136
2067,136
2068,136
2069,136
2070,136
2071,136
2072,136
2073,136
2074,136
2075,136
2076,136
2077,136
2078,136
2079,136
2080,136
2081,136
2082,136
2083,136
2084,136
2085,136
2086,136
2087,136
2088,136
2089,136
2090,136
2091,136
2092,136
2093,136
2094,136
2095,136
2096,136
2097,136
2098,136
2099,136
2100,136
2101,136
2102,136
2103,136
2104,136
2105,136
2106,136
2107,136
2108,136
2109,136
2110,136
2111,136
2112,136
2113,136
2114,136
2115,136
2116,136
2117,136
2118,136
2119,136
2120,136
2121,136
2122,136
2123,136
2124,136
2125,136
2126,136
2127,136
2128,136
2129,136
2130,136
2131,136
2132,136
2133,136
2134,136
2135,136
2136,136
2137,136
2138,136
2139,136
2140,136
2141,136
2142,136
2143,136
2144,136
2145,136
2146,136
2147,136
2148,136
2149,136
2150,136
2151,136
2152,136
2153,136
2154,136
2155,136
2156,136
2157,136
2158,136
2159,136
2160,136
2161,136
2162,136
2163,136
2164,136
2165,136
2166,136
2167,136
2168,136
2169,136
2170,136
2171,136
2172,136
2173,136
2174,136
2175,136
2176,136
2177,136
2178,136
2179,136
2180,136
2181,136
2182,136
2183,136
2184,136
2185,136
2186,136
2187,136
2188,136
2189,136
2190,136
2191,136
2192,136
2193,136
2194,136
2195,136
2196,136
2197,136
2198,136
2199,136
2200,136
2201,136
2202,136
2203,137
2204,137
2205,137
2206,137
2207,138
2208,138
2209,138
2210,138
2211,138
2212,138
2213,138
2214,139
2215,139
2216,140
2217,140
2218,140
2219,140
2220,140
2221,140
2222,141
2223,141
2224,141
2225,141
2226,141
2227,141
2228,141
2229,141
2230,141
2231,141
2232,141
2233,141
2234,141
2235,141
2236,141
2237,141
2238,141
2239,141
2240,141
2241,141
2242,141
2243,141
2244,141
2245,141
2246,141
2247,141
2248,141
2249,141
2250,141
2251,141
2252,141
2253,141
2254,141
2255,141
2256,141
2257,141
2258,141
2259,141
2260,141
2261,141
2262,141
2263,141
2264,141
2265,141
2266,141
2267,141
2268,141
2269,141
2270,141
2271,141
2272,141
2273,141
2274,141
2275,141
2276,141
2277,141
2278,141
2279,141
2280,141
2281,141
2282,141
2283,141
2284,141
2285,141
2286,141
2287,141
2288,141
2289,141
2290,141
2291,141
2292,141
2293,141
2294,141
2295,141
2296,141
2297,141
2298,141
2299,141
2300,141
2301,141
2302,141
2303,141
2304,141
2305,141
2306,141
2307,141
2308,141
2309,141
2310,141
2311,141
2312,141
2313,141
2314,141
2315,141
2316,141
2317,141
2318,141
2319,141
2320,141
2321,141
2322,141
2323,141
2324,141
2325,141
2326,141
2327,141
2328,141
2329,141
2330,141
2331,141
2332,141
2333,141
2334,141
2335,141
2336,141
2337,141
2338,141
2339,141
2340,141
2341,141
2342,141
2343,141
2344,141
2345,141
2346,141
2347,141
2348,141
2349,141
2350,141
2351,141
2352,141
2353,141
2354,141
2355,141
2356,141
2357,141
2358,141
2359,141
2360,141
2361,141
2362,141
2363,141
2364,141
2365,141
2366,141
2367,141
2368,141
2369,141
2370,141
2371,141
2372,141
2373,141
2374,141
2375,141
2376,141
2377,141
2378,141
2379,141
2380,141
2381,141
2382,141
2383,141
2384,141
2385,141
2386,141
2387,141
2388,141
2389,141
2390,141
2391,141
2392,141
2393,141
2394,141
2395,141
2396,141
2397,141
2398,141
2399,141
2400,141
2401,141
2402,141
2403,141
2404,141
2405,141
2406,141
2407,141
2408,141
2409,141
2410,141
2411,141
2412,141
2413,141
2414,141
2415,141
2416,141
2417,141
2418,141
2419,141
2420,141
2421,141
2422,141
2423,141
2424,141
2425,141
2426,141
2427,141
2428,141
2429,141
2430,141
2431,141
2432,141
2433,141
2434,141
2435,141
2436,141
2437,141
2438,141
2439,141
2440,141
2441,141
2442,141
2443,141
2444,141
2445,141
2446,141
2447,141
2448,141
2449,141
2450,141
2451,141
2452,141
2453,141
2454,141
2455,141
2456,141
2457,141
2458,141
2459,141
2460,141
2461,141
2462,141
2463,141
2464,141
2465,141
2466,141
2467,141
2468,141
2469,141
2470,141
2471,141
2472,141
2473,141
2474,141
2475,141
2476,141
2477,141
2478,141
2479,141
2480,141
2481,141
2482,141
2483,141
2484,141
2485,141
2486,141
2487,141
2488,141
2489,141
2490,141
2491,141
2492,141
2493,141
2494,141
2495,141
2496,141
2497,141
2498,141
2499,141
2500,141
2501,141
2502,141
2503,141
2504,141
2505,141
2506,141
2507,141
2508,141
2509,141
2510,141
2511,141
2512,141
2513,141
2514,141
2515,141
2516,141
2517,141
2518,141
2519,141
2520,141
2521,141
2522,141
2523,141
2524,141
2525,141
2526,141
2527,141
2528,141
2529,141
2530,141
2531,141
2532,141
2533,141
2534,141
2535,141
2536,141
2537,141
2538,141
2539,141
2540,141
2541,141
2542,141
2543,141
2544,141
2545,141
2546,141
2547,141
2548,141
2549,141
2550,141
2551,141
2552,141
2553,141
2554,141
2555,141
2556,141
2557,141
2558,141
2559,141
2560,141
2561,141
2562,141
2563,141
2564,141
2565,141
2566,141
2567,141
2568,141
2569,141
2570,141
2571,141
2572,141
2573,141
2574,141
2575,141
2576,141
2577,141
2578,141
2579,141
2580,141
2581,141
2582,141
2583,141
2584,141
2585,141
2586,141
2587,141
2588,141
2589,141
2590,141
2591,141
2592,141
2593,141
2594,141
2595,141
2596,141
2597,141
2598,141
2599,141
2600,141
2601,141
2602,141
2603,141
2604,141
2605,141
2606,141
2607,141
2608,141
2609,141
2610,141
2611,141
2612,141
2613,141
2614,141
2615,141
2616,141
2617,141
2618,141
2619,141
2620,141
2621,141
2622,141
2623,141
2624,141
2625,141
2626,141
2627,141
2628,141
2629,141
2630,141
2631,141
2632,141
2633,141
2634,141
2635,141
2636,141
2637,141
2638,141
2639,141
2640,141
2641,141
2642,141
2643,141
2644,141
2645,141
2646,141
2647,141
2648,141
2649,141
2650,141
2651,141
2652,141
2653,141
2654,141
2655,141
2656,141
2657,141
2658,141
2659,141
2660,141
2661,141
2662,141
2663,141
2664,141
2665,141
2666,141
2667,141
2668,141
2669,141
2670,141
2671,141
2672,141
2673,141
2674,141
2675,141
2676,141
2677,141
2678,141
2679,141
2680,141
2681,141
2682,141
2683,141
2684,141
2685,141
2686,141
2687,141
2688,141
2689,141
2690,141
2691,141
2692,141
2693,141
2694,141
2695,141
2696,141
2697,141
2698,141
2699,141
2700,141
2701,141
2702,141
2703,141
2704,141
2705,141
2706,141
2707,141
2708,141
2709,141
2710,141
2711,141
2712,141
2713,141
2714,141
2715,141
2716,141
2717,141
2718,141
2719,141
2720,141
2721,141
2722,141
2723,141
2724,141
2725,141
2726,141
2727,141
2728,141
2729,141
2730,141
2731,141
2732,141
2733,141
2734,141
2735,141
2736,141
2737,141
2738,141
2739,141
2740,141
2741,141
2742,141
2743,141
2744,141
2745,141
2746,141
2747,141
2748,141
2749,141
2750,141
2751,141
2752,141
2753,141
2754,141
2755,141
2756,141
2757,141
2758,141
2759,141
2760,141
2761,141
2762,141
2763,141
2764,141
2765,141
2766,141
2767,141
2768,141
2769,141
2770,141
2771,141
2772,141
2773,141
2774,141
2775,141
2776,141
2777,141
2778,141
2779,141
2780,141
2781,141
2782,141
2783,141
2784,141
2785,141
2786,141
2787,141
2788,141
2789,141
2790,141
2791,141
2792,141
2793,141
2794,141
2795,141
2796,141
2797,141
2798,141
2799,141
2800,141
2801,141
2802,141
2803,141
2804,141
2805,141
2806,141
2807,141
2808,141
2809,141
2810,141
2811,141
2812,141
2813,141
2814,141
2815,141
2816,141
2817,141
2818,141
2819,141
2820,141
2821,141
2822,141
2823,141
2824,141
2825,141
2826,141
2827,141
2828,141
2829,141
2830,141
2831,141
2832,141
2833,141
2834,141
2835,141
2836,141
2837,141
2838,141
2839,141
2840,141
2841,141
2842,141
2843,141
2844,141
2845,141
2846,141
2847,141
2848,141
2849,141
2850,141
2851,141
2852,141
2853,141
2854,141
2855,141
2856,141
2857,141
2858,141
2859,141
2860,141
2861,141
2862,141
2863,141
2864,141
2865,141
2866,141
2867,141
2868,141
2869,141
2870,141
2871,141
2872,141
2873,141
2874,141
2875,141
2876,141
2877,141
2878,141
2879,141
2880,141
2881,141
2882,141
2883,141
2884,141
2885,141
2886,141
2887,141
2888,141
2889,141
2890,141
2891,141
2892,141
2893,141
2894,141
2895,141
2896,141
2897,141
2898,141
2899,141
2900,141
2901,141
2902,141
2903,141
2904,141
2905,141
2906,141
2907,141
2908,141
2909,141
2910,141
2911,141
2912,141
2913,141
2914,141
2915,141
2916,141
2917,141
2918,141
2919,141
2920,141
2921,141
2922,141
2923,141
2924,141
2925,141
2926,141
2927,141
2928,141
2929,141
2930,141
2931,141
2932,141
2933,141
2934,141
2935,141
2936,141
2937,141
2938,141
2939,141
2940,141
2941,141
2942,141
2943,141
2944,141
2945,141
2946,141
2947,141
2948,141
2949,141
2950,141
2951,141
2952,141
2953,141
2954,141
2955,141
2956,141
2957,141
2958,141
2959,141
2960,141
2961,141
2962,141
2963,141
2964,141
2965,141
2966,141
2967,141
2968,141
2969,141
2970,141
2971,141
2972,141
2973,141
2974,141
2975,141
2976,141
2977,141
2978,141
2979,141
2980,141
2981,141
2982,141
2983,141
2984,141
2985,141
2986,141
2987,141
2988,141
2989,141
2990,141
2991,141
2992,141
2993,141
2994,141
2995,141
2996,141
2997,141
2998,141
2999,141
3000,141
3001,141
3002,141
3003,141
3004,141
3005,141
3006,141
3007,141
3008,141
3009,141
3010,141
3011,141
3012,141
3013,141
3014,141
3015,141
3016,141
3017,141
3018,141
3019,141
3020,141
3021,141
3022,141
3023,141
3024,141
3025,141
3026,141
3027,141
3028,141
3029,141
3030,141
3031,141
3032,141
3033,141
3034,141
3035,141
3036,141
3037,141
3038,141
3039,141
3040,141
3041,141
3042,141
3043,141
3044,141
3045,141
3046,141
3047,141
3048,141
3049,141
3050,141
3051,141
3052,141
3053,141
3054,141
3055,141
3056,141
3057,141
3058,141
3059,141
3060,141
3061,141
3062,141
3063,141
3064,141
3065,141
3066,141
3067,141
3068,141
3069,141
3070,141
3071,141
3072,141
3073,141
3074,141
3075,141
3076,141
3077,141
3078,141
3079,141
3080,141
3081,141
3082,141
3083,141
3084,141
3085,141
3086,141
3087,141
3088,141
3089,141
3090,141
3091,141
3092,141
3093,141
3094,141
3095,141
3096,141
3097,141
3098,141
3099,141
3100,141
3101,141
3102,141
3103,141
3104,141
3105,141
3106,141
3107,141
3108,141
3109,141
3110,141
3111,141
3112,141
3113,141
3114,141
3115,141
3116,141
3117,141
3118,141
3119,141
3120,141
3121,141
3122,141
3123,141
3124,141
3125,141
3126,141
3127,141
3128,141
3129,141
3130,141
3131,141
3132,141
3133,141
3134,141
3135,141
3136,141
3137,141
3138,141
3139,141
3140,141
3141,141
3142,141
3143,141
3144,141
3145,141
3146,141
3147,141
3148,141
3149,141
3150,141
3151,141
3152,141
3153,141
3154,141
3155,141
3156,141
3157,141
3158,141
3159,141
3160,141
3161,141
3162,141
3163,141
3164,141
3165,142
3166,142
3167,142
3168,142
3169,142
3170,142
3171,142
3172,142
3173,142
3174,142
3175,142
3176,142
3177,142
3178,142
3179,142
3180,142
3181,142
3182,142
3183,142
3184,142
3185,142
3186,142
3187,142
3188,142
3189,142
3190,142
3191,142
3192,142
3193,142
3194,142
3195,142
3196,142
3197,142
3198,142
3199,142
3200,142
3201,142
3202,142
3203,142
3204,142
3205,142
3206,142
3207,142
3208,142
3209,142
3210,142
3211,142
3212,142
3213,142
3214,142
3215,142
3216,142
3217,142
3218,142
3219,142
3220,142
3221,142
3222,142
3223,142
3224,142
3225,142
3226,142
3227,142
3228,142
3229,142
3230,142
3231,142
3232,142
3233,142
3234,142
3235,142
3236,142
3237,142
3238,142
3239,142
3240,142
3241,142
3242,142
3243,142
3244,142
3245,142
3246,142
3247,142
3248,142
3249,142
3250,142
3251,142
3252,142
3253,142
3254,142
3255,142
3256,142
3257,142
3258,142
3259,142
3260,142
3261,142
3262,142
3263,142
3264,142
3265,142
3266,142
3267,142
3268,142
3269,142
3270,142
3271,142
3272,142
3273,142
3274,142
3275,142
3276,142
3277,142
3278,142
3279,142
3280,142
3281,142
3282,142
3283,142
3284,142
3285,142
3286,142
3287,142
3288,142
3289,142
3290,142
3291,142
3292,142
3293,142
3294,142
3295,142
3296,142
3297,142
3298,142
3299,142
3300,142
3301,142
3302,142
3303,142
3304,142
3305,142
3306,142
3307,142
3308,142
3309,142
3310,142
3311,142
3312,142
3313,142
3314,142
3315,142
3316,142
3317,142
3318,142
3319,142
3320,142
3321,142
3322,142
3323,142
3324,142
3325,142
3326,142
3327,142
3328,142
3329,142
3330,142
3331,142
3332,142
3333,142
3334,142
3335,142
3336,142
3337,142
3338,142
3339,142
3340,142
3341,142
3342,142
3343,142
3344,142
3345,142
3346,142
3347,142
3348,142
3349,142
3350,142
3351,142
3352,142
3353,142
3354,142
3355,142
3356,142
3357,142
3358,142
3359,142
3360,142
3361,142
3362,142
3363,142
3364,142
3365,142
3366,142
3367,142
3368,142
3369,142
3370,142
3371,142
3372,142
3373,142
3374,142
3375,142
3376,142
3377,142
3378,142
3379,142
3380,142
3381,142
3382,142
3383,142
3384,142
3385,142
3386,142
3387,142
3388,142
3389,142
3390,142
3391,142
3392,142
3393,142
3394,142
3395,142
3396,142
3397,142
3398,142
3399,142
3400,142
3401,142
3402,142
3403,142
3404,142
3405,142
3406,142
3407,142
3408,142
3409,142
3410,142
3411,142
3412,142
3413,142
3414,142
3415,142
3416,142
3417,142
3418,142
3419,142
3420,142
3421,142
3422,142
3423,142
3424,142
3425,142
3426,142
3427,142
3428,142
3429,142
3430,142
3431,142
3432,142
3433,142
3434,142
3435,142
3436,142
3437,142
3438,142
3439,143
3440,143
3441,143
3442,143
3443,143
3444,143
3445,143
3446,143
3447,143
3448,143
3449,143
3450,143
3451,143
3452,143
3453,143
3454,143
3455,143
3456,143
3457,143
3458,143
3459,143
3460,143
3461,143
3462,143
3463,143
3464,143
3465,143
3466,143
3467,143
3468,143
3469,143
3470,143
3471,143
3472,143
3473,143
3474,143
3475,143
3476,143
3477,143
3478,143
3479,143
3480,143
3481,143
3482,143
3483,143
3484,143
3485,143
3486,143
3487,143
3488,143
3489,143
3490,143
3491,143
3492,143
3493,143
3494,143
3495,143
3496,143
3497,143
3498,143
3499,143
3500,143
3501,143
3502,143
3503,143
3504,143
3505,143
3506,143
3507,143
3508,143
3509,143
3510,143
3511,143
3512,143
3513,143
3514,143
3515,143
3516,143
3517,143
3518,143
3519,143
3520,143
3521,143
3522,143
3523,143
3524,143
3525,143
3526,143
3527,143
3528,143
3529,143
3530,143
3531,143
3532,143
3533,143
3534,143
3535,143
3536,143
3537,143
3538,143
3539,143
3540,143
3541,143
3542,143
3543,143
3544,143
3545,143
3546,143
3547,143
3548,143
3549,143
3550,143
3551,143
3552,143
3553,143
3554,143
3555,143
3556,143
3557,143
3558,143
3559,143
3560,143
3561,143
3562,143
3563,143
3564,143
3565,143
3566,143
3567,143
3568,143
3569,143
3570,143
3571,143
3572,143
3573,143
3574,143
3575,143
3576,143
3577,143
3578,143
3579,143
3580,143
3581,143
3582,143
3583,143
3584,143
3585,143
3586,143
3587,143
3588,143
3589,143
3590,143
3591,143
3592,143
3593,143
3594,143
3595,143
3596,143
3597,143
3598,143
3599,143
3600,143
3601,143
3602,143
3603,143
3604,143
3605,143
3606,143
3607,143
3608,143
3609,143
3610,143
3611,143
3612,143
3613,143
3614,143
3615,143
3616,143
3617,143
3618,143
3619,143
3620,143
3621,143
3622,143
3623,143
3624,143
3625,143
3626,143
3627,143
3628,143
3629,143
3630,143
3631,143
3632,143
3633,143
3634,143
3635,143
3636,143
3637,143
3638,143
3639,143
3640,143
3641,143
3642,143
3643,143
3644,143
3645,143
3646,143
3647,143
3648,143
3649,143
3650,143
3651,143
3652,143
3653,143
3654,143
3655,143
3656,143
3657,143
3658,143
3659,143
3660,143
3661,143
3662,143
3663,143
3664,143
3665,143
3666,143
3667,143
3668,143
3669,143
3670,143
3671,143
3672,143
3673,143
3674,143
3675,143
3676,143
3677,143
3678,143
3679,143
3680,143
3681,143
3682,143
3683,143
3684,143
3685,143
3686,143
3687,143
3688,143
3689,143
3690,143
3691,143
3692,143
3693,143
3694,143
3695,143
3696,143
3697,143
3698,143
3699,143
3700,143
3701,143
3702,143
3703,143
3704,143
3705,143
3706,143
3707,143
3708,143
3709,143
3710,144
3711,144
3712,144
3713,144
3714,144
3715,144
3716,144
3717,144
3718,144
3719,144
3720,144
3721,144
3722,144
3723,144
3724,144
3725,144
3726,144
3727,144
3728,144
3729,144
3730,144
3731,144
3732,144
3733,144
3734,144
3735,144
3736,144
3737,144
3738,144
3739,144
3740,144
3741,144
3742,144
3743,144
3744,144
3745,144
3746,144
3747,144
3748,144
3749,144
3750,144
3751,144
3752,144
3753,144
3754,144
3755,144
3756,144
3757,144
3758,144
3759,144
3760,144
3761,144
3762,144
3763,144
3764,144
3765,144
3766,144
3767,144
3768,144
3769,144
3770,144
3771,144
3772,144
3773,144
3774,144
3775,144
3776,144
3777,144
3778,144
3779,144
3780,144
3781,144
3782,144
3783,144
3784,144
3785,144
3786,144
3787,144
3788,144
3789,144
3790,144
3791,144
3792,144
3793,144
3794,144
3795,144
3796,144
3797,144
3798,144
3799,144
3800,144
3801,144
3802,144
3803,144
3804,144
3805,144
3806,144
3807,144
3808,144
3809,144
3810,144
3811,144
3812,144
3813,144
3814,144
3815,144
3816,144
3817,144
3818,144
3819,144
3820,144
3821,144
3822,144
3823,144
3824,144
3825,144
3826,144
3827,144
3828,144
3829,144
3830,144
3831,144
3832,144
3833,144
3834,144
3835,144
3836,144
3837,144
3838,144
3839,144
3840,144
3841,144
3842,144
3843,144
3844,144
3845,144
3846,144
3847,144
3848,144
3849,144
3850,144
3851,144
3852,144
3853,144
3854,144
3855,144
3856,144
3857,144
3858,144
3859,144
3860,144
3861,144
3862,144
3863,144
3864,144
3865,144
3866,144
3867,144
3868,144
3869,144
3870,144
3871,144
3872,144
3873,144
3874,144
3875,144
3876,144
3877,144
3878,144
3879,144
3880,144
3881,144
3882,144
3883,144
3884,144
3885,144
3886,144
3887,144
3888,144
3889,144
3890,144
3891,144
3892,144
3893,144
3894,144
3895,144
3896,144
3897,144
3898,144
3899,144
3900,144
3901,144
3902,144
3903,144
3904,144
3905,144
3906,144
3907,144
3908,144
3909,144
3910,144
3911,144
3912,144
3913,144
3914,144
3915,144
3916,144
3917,144
3918,144
3919,144
3920,144
3921,144
3922,144
3923,144
3924,144
3925,144
3926,144
3927,144
3928,144
3929,144
3930,144
3931,144
3932,144
3933,144
3934,144
3935,144
3936,144
3937,144
3938,144
3939,144
3940,144
3941,144
3942,144
3943,144
3944,144
3945,144
3946,144
3947,144
3948,144
3949,144
3950,144
3951,144
3952,144
3953,144
3954,144
3955,144
3956,144
3957,144
3958,144
3959,144
3960,144
3961,144
3962,144
3963,144
3964,144
3965,144
3966,144
3967,144
3968,144
3969,144
3970,144
3971,144
3972,144
3973,144
3974,144
3975,144
3976,144
3977,144
3978,144
3979,144
3980,144
3981,144
3982,144
3983,144
3984,144
3985,144
3986,144
3987,144
3988,144
3989,144
3990,144
3991,144
3992,144
3993,144
3994,144
3995,144
3996,144
3997,144
3998,144
3999,144
4000,144
4001,144
4002,144
4003,144
4004,144
4005,144
4006,144
4007,144
4008,144
4009,144
4010,144
4011,144
4012,144
4013,144
4014,144
4015,144
4016,144
4017,144
4018,144
4019,144
4020,144
4021,144
4022,144
4023,144
4024,144
4025,144
4026,144
4027,144
4028,144
4029,144
4030,144
4031,144
4032,144
4033,144
4034,144
4035,144
4036,144
4037,144
4038,144
4039,144
4040,144
4041,144
4042,144
4043,144
4044,144
4045,144
4046,144
4047,144
4048,144
4049,144
4050,144
4051,144
4052,144
4053,144
4054,144
4055,144
4056,144
4057,144
4058,144
4059,144
4060,144
4061,144
4062,144
4063,144
4064,144
4065,144
4066,144
4067,144
4068,144
4069,144
4070,144
4071,144
4072,144
4073,144
4074,144
4075,144
4076,144
4077,144
4078,144
4079,144
4080,144
4081,144
4082,144
4083,144
4084,144
4085,144
4086,144
4087,144
4088,144
4089,144
4090,144
4091,144
4092,144
4093,144
4094,144
4095,144
4096,144
4097,144
4098,144
4099,144
4100,144
4101,144
4102,144
4103,144
4104,144
4105,144
4106,144
4107,144
4108,144
4109,144
4110,144
4111,144
4112,144
4113,144
4114,144
4115,144
4116,144
4117,144
4118,144
4119,144
4120,144
4121,144
4122,144
4123,144
4124,144
4125,144
4126,144
4127,144
4128,144
4129,144
4130,144
4131,144
4132,144
4133,144
4134,144
4135,144
4136,144
4137,144
4138,144
4139,144
4140,144
4141,144
4142,144
4143,144
4144,144
4145,144
4146,144
4147,144
4148,144
4149,144
4150,144
4151,144
4152,144
4153,144
4154,144
4155,144
4156,144
4157,144
4158,144
4159,144
4160,144
4161,144
4162,144
4163,144
4164,144
4165,144
4166,144
4167,144
4168,144
4169,144
4170,144
4171,144
4172,144
4173,144
4174,144
4175,144
4176,144
4177,144
4178,144
4179,144
4180,144
4181,144
4182,144
4183,145
