0,0
1,1
2,2
3,3
4,4
5,5
6,6
7,7
8,8
9,9
10,10
11,11
12,12
13,13
14,14
15,15
16,16
17,17
18,17
19,18
20,19
21,20
22,21
23,22
24,23
25,24
26,25
27,25
28,26
29,27
30,28
31,29
32,30
33,30
34,31
35,32
36,33
37,34
38,35
39,35
40,36
41,36
42,36
43,37
44,38
45,39
46,39
47,39
48,40
49,41
50,41
51,41
52,41
53,41
54,42
55,43
56,43
57,44
58,45
59,46
60,47
61,48
62,49
63,50
64,51
65,52
66,53
67,54
68,54
69,54
70,55
71,55
72,56
73,56
74,56
75,57
76,57
77,58
78,58
79,59
80,59
81,59
82,59
83,60
84,61
85,61
86,62
87,63
88,64
89,65
90,65
91,66
92,67
93,68
94,68
95,69
96,69
97,69
98,69
99,70
100,70
101,70
102,70
103,70
104,70
105,70
106,70
107,71
108,71
109,71
110,71
111,72
112,72
113,72
114,73
115,73
116,74
117,74
118,74
119,75
120,76
121,77
122,78
123,79
124,79
125,79
126,79
127,79
128,79
129,79
130,79
131,79
132,79
133,79
134,80
135,80
136,81
137,81
138,81
139,81
140,81
141,81
142,81
143,81
144,81
145,81
146,81
147,81
148,81
149,82
150,82
151,82
152,82
153,83
154,83
155,83
156,83
157,84
158,84
159,84
160,84
161,84
162,84
163,84
164,84
165,84
166,84
167,84
168,85
169,85
170,85
171,85
172,85
173,85
174,85
175,85
176,85
177,85
178,85
179,85
180,85
181,85
182,85
183,85
184,85
185,85
186,85
187,85
188,86
189,87
190,87
191,87
192,88
193,88
194,89
195,90
196,90
197,90
198,90
199,90
200,91
201,91
202,91
203,91
204,91
205,91
206,92
207,92
208,92
209,92
210,92
211,93
212,94
213,94
214,94
215,94
216,95
217,95
218,96
219,96
220,96
221,96
222,96
223,96
224,96
225,96
226,96
227,96
228,96
229,96
230,96
231,96
232,96
233,96
234,96
235,96
236,96
237,96
238,96
239,96
240,96
241,96
242,96
243,96
244,96
245,96
246,96
247,96
248,96
249,96
250,96
251,96
252,96
253,96
254,96
255,96
256,96
257,96
258,96
259,96
260,96
261,96
262,96
263,96
264,96
265,96
266,96
267,96
268,96
269,97
270,97
271,97
272,97
273,97
274,97
275,97
276,97
277,97
278,97
279,97
280,97
281,98
282,98
283,98
284,99
285,100
286,100
287,100
288,100
289,100
290,100
291,100
292,100
293,100
294,100
295,100
296,100
297,100
298,100
299,100
300,100
301,100
302,100
303,100
304,100
305,100
306,100
307,100
308,101
309,101
310,101
311,101
312,102
313,102
314,102
315,103
316,103
317,103
318,103
319,103
320,103
321,103
322,103
323,103
324,103
325,103
326,103
327,103
328,104
329,104
330,104
331,104
332,104
333,104
334,104
335,104
336,104
337,104
338,104
339,104
340,104
341,104
342,104
343,104
344,104
345,104
346,104
347,104
348,104
349,104
350,104
351,104
352,104
353,104
354,104
355,104
356,104
357,104
358,104
359,104
360,104
361,104
362,104
363,104
364,104
365,104
366,104
367,104
368,104
369,104
370,104
371,104
372,104
373,104
374,104
375,104
376,104
377,104
378,104
379,104
380,104
381,104
382,104
383,104
384,104
385,104
386,104
387,104
388,104
389,104
390,104
391,104
392,104
393,104
394,104
395,104
396,104
397,104
398,104
399,104
400,104
401,104
402,104
403,104
404,104
405,104
406,104
407,104
408,104
409,104
410,104
411,104
412,104
413,104
414,104
415,104
416,104
417,104
418,104
419,104
420,104
421,104
422,104
423,104
424,104
425,104
426,104
427,104
428,104
429,104
430,104
431,104
432,104
433,104
434,104
435,104
436,104
437,104
438,104
439,105
440,105
441,105
442,105
443,105
444,105
445,105
446,105
447,105
448,105
449,105
450,105
451,105
452,105
453,105
454,105
455,105
456,105
457,105
458,105
459,105
460,105
461,105
462,105
463,105
464,105
465,105
466,105
467,105
468,105
469,105
470,105
471,105
472,105
473,105
474,105
475,105
476,105
477,105
478,105
479,105
480,105
481,105
482,105
483,105
484,105
485,105
486,105
487,105
488,105
489,105
490,105
491,105
492,105
493,105
494,105
495,105
496,105
497,105
498,105
499,105
500,105
501,105
502,105
503,105
504,105
505,105
506,105
507,105
508,105
509,105
510,105
511,105
512,105
513,105
514,105
515,105
516,105
517,105
518,105
519,105
520,105
521,105
522,105
523,105
524,105
525,105
526,105
527,105
528,105
529,105
530,105
531,105
532,105
533,106
534,106
535,106
536,107
537,108
538,108
539,109
540,109
541,110
542,110
543,110
544,110
545,111
546,111
547,111
548,111
549,111
550,111
551,111
552,111
553,111
554,111
555,111
556,111
557,111
558,111
559,111
560,111
561,111
562,111
563,111
564,111
565,111
566,111
567,111
568,111
569,111
570,111
571,111
572,111
573,111
574,111
575,111
576,111
577,111
578,111
579,111
580,111
581,111
582,111
583,111
584,111
585,111
586,111
587,111
588,111
589,111
590,111
591,111
592,111
593,111
594,111
595,111
596,111
597,111
598,111
599,111
600,111
601,111
602,111
603,111
604,111
605,111
606,111
607,111
608,112
609,112
610,112
611,112
612,112
613,112
614,112
615,112
616,112
617,112
618,112
619,112
620,112
621,112
622,112
623,112
624,112
625,112
626,112
627,112
628,112
629,112
630,112
631,112
632,112
633,112
634,112
635,112
636,112
637,112
638,112
639,112
640,112
641,112
642,112
643,112
644,112
645,112
646,112
647,112
648,112
649,112
650,112
651,112
652,112
653,112
654,112
655,112
656,112
657,112
658,112
659,112
660,112
661,112
662,112
663,112
664,112
665,112
666,112
667,112
668,112
669,112
670,112
671,113
672,113
673,113
674,113
675,113
676,113
677,113
678,113
679,113
680,113
681,113
682,113
683,113
684,113
685,113
686,113
687,113
688,113
689,113
690,113
691,113
692,113
693,113
694,113
695,113
696,113
697,113
698,113
699,113
700,113
701,113
702,113
703,113
704,113
705,113
706,113
707,113
708,113
709,113
710,113
711,113
712,113
713,113
714,113
715,113
716,113
717,113
718,113
719,113
720,113
721,113
722,113
723,113
724,113
725,113
726,113
727,113
728,113
729,113
730,113
731,113
732,113
733,113
734,114
735,115
736,115
737,116
738,117
739,118
740,118
741,118
742,118
743,118
744,118
745,118
746,118
747,118
748,118
749,118
750,118
751,118
752,118
753,118
754,118
755,118
756,118
757,118
758,118
759,118
760,118
761,118
762,118
763,119
764,119
765,119
766,119
767,119
768,119
769,119
770,119
771,119
772,119
773,119
774,119
775,119
776,119
777,119
778,119
779,119
780,119
781,119
782,119
783,119
784,120
785,120
786,120
787,120
788,120
789,120
790,120
791,120
792,120
793,120
794,120
795,120
796,120
797,120
798,120
799,121
800,121
801,121
802,121
803,121
804,121
805,121
806,121
807,121
808,121
809,122
810,122
811,122
812,122
813,122
814,122
815,122
816,122
817,122
818,122
819,122
820,122
821,122
822,122
823,122
824,122
825,122
826,122
827,122
828,122
829,122
830,122
831,122
832,122
833,122
834,122
835,122
836,122
837,122
838,122
839,122
840,122
841,122
842,122
843,122
844,122
845,122
846,122
847,122
848,122
849,122
850,122
851,122
852,122
853,122
854,122
855,122
856,122
857,122
858,122
859,122
860,122
861,122
862,122
863,122
864,122
865,122
866,122
867,122
868,122
869,122
870,122
871,122
872,122
873,122
874,122
875,122
876,122
877,122
878,122
879,122
880,122
881,122
882,122
883,122
884,122
885,122
886,122
887,122
888,122
889,122
890,122
891,122
892,122
893,122
894,122
895,122
896,122
897,122
898,122
899,122
900,122
901,122
902,122
903,122
904,122
905,122
906,122
907,122
908,122
909,122
910,122
911,122
912,122
913,122
914,122
915,122
916,122
917,122
918,122
919,122
920,122
921,122
922,122
923,122
924,122
925,122
926,122
927,122
928,122
929,122
930,122
931,122
932,122
933,122
934,122
935,122
936,122
937,122
938,122
939,122
940,122
941,122
942,122
943,122
944,122
945,122
946,122
947,122
948,122
949,122
950,122
951,122
952,122
953,122
954,122
955,122
956,122
957,122
958,122
959,122
960,122
961,122
962,122
963,122
964,122
965,122
966,122
967,122
968,122
969,122
970,122
971,122
972,122
973,122
974,122
975,122
976,122
977,122
978,122
979,122
980,122
981,122
982,122
983,122
984,122
985,122
986,122
987,122
988,122
989,122
990,122
991,122
992,122
993,122
994,122
995,122
996,122
997,122
998,122
999,122
1000,122
1001,122
1002,122
1003,122
1004,122
1005,122
1006,122
1007,122
1008,122
1009,122
1010,122
1011,122
1012,122
1013,122
1014,122
1015,122
1016,122
1017,122
1018,122
1019,122
1020,122
1021,122
1022,122
1023,122
1024,122
1025,122
1026,122
1027,122
1028,122
1029,122
1030,122
1031,122
1032,122
1033,122
1034,122
1035,122
1036,122
1037,122
1038,122
1039,122
1040,122
1041,122
1042,122
1043,122
1044,122
1045,122
1046,122
1047,122
1048,122
1049,122
1050,122
1051,122
1052,122
1053,122
1054,122
1055,122
1056,122
1057,122
1058,122
1059,122
1060,122
1061,122
1062,122
1063,122
1064,122
1065,122
1066,122
1067,122
1068,122
1069,122
1070,122
1071,122
1072,122
1073,122
1074,122
1075,122
1076,122
1077,122
1078,122
1079,122
1080,122
1081,122
1082,122
1083,122
1084,122
1085,122
1086,122
1087,122
1088,122
1089,122
1090,122
1091,122
1092,122
1093,122
1094,122
1095,122
1096,122
1097,122
1098,122
1099,122
1100,122
1101,122
1102,122
1103,122
1104,122
1105,122
1106,122
1107,122
1108,122
1109,122
1110,122
1111,122
1112,122
1113,122
1114,122
1115,122
1116,122
1117,122
1118,122
1119,122
1120,122
1121,122
1122,122
1123,122
1124,122
1125,122
1126,122
1127,122
1128,122
1129,122
1130,122
1131,122
1132,122
1133,122
1134,122
1135,122
1136,122
1137,122
1138,122
1139,122
1140,122
1141,122
1142,122
1143,122
1144,122
1145,122
1146,122
1147,122
1148,122
1149,122
1150,122
1151,122
1152,122
1153,122
1154,122
1155,122
1156,122
1157,122
1158,122
1159,122
1160,122
1161,122
1162,122
1163,122
1164,122
1165,122
1166,122
1167,122
1168,122
1169,122
1170,122
1171,122
1172,122
1173,122
1174,122
1175,122
1176,122
1177,122
1178,122
1179,122
1180,122
1181,122
1182,122
1183,122
1184,122
1185,122
1186,122
1187,122
1188,122
1189,122
1190,122
1191,122
1192,122
1193,122
1194,122
1195,122
1196,122
1197,122
1198,122
1199,122
1200,122
1201,122
1202,122
1203,122
1204,122
1205,122
1206,122
1207,122
1208,122
1209,122
1210,122
1211,122
1212,122
1213,122
1214,122
1215,122
1216,122
1217,122
1218,122
1219,122
1220,122
1221,122
1222,122
1223,122
1224,122
1225,122
1226,122
1227,122
1228,122
1229,122
1230,122
1231,122
1232,122
1233,122
1234,122
1235,122
1236,122
1237,122
1238,122
1239,122
1240,122
1241,122
1242,122
1243,122
1244,122
1245,122
1246,122
1247,122
1248,122
1249,122
1250,122
1251,122
1252,122
1253,122
1254,122
1255,122
1256,122
1257,122
1258,122
1259,122
1260,122
1261,122
1262,122
1263,122
1264,122
1265,122
1266,122
1267,122
1268,122
1269,122
1270,122
1271,122
1272,122
1273,122
1274,122
1275,122
1276,122
1277,122
1278,122
1279,122
1280,122
1281,122
1282,122
1283,122
1284,122
1285,122
1286,122
1287,122
1288,122
1289,122
1290,122
1291,122
1292,122
1293,122
1294,122
1295,122
1296,122
1297,122
1298,122
1299,122
1300,122
1301,122
1302,122
1303,122
1304,122
1305,122
1306,122
1307,122
1308,122
1309,122
1310,122
1311,122
1312,122
1313,122
1314,122
1315,122
1316,122
1317,122
1318,122
1319,122
1320,122
1321,122
1322,122
1323,122
1324,122
1325,122
1326,122
1327,122
1328,122
1329,122
1330,122
1331,122
1332,122
1333,122
1334,122
1335,122
1336,122
1337,122
1338,122
1339,122
1340,122
1341,122
1342,122
1343,122
1344,122
1345,122
1346,122
1347,122
1348,122
1349,122
1350,122
1351,122
1352,122
1353,122
1354,122
1355,122
1356,122
1357,122
1358,122
1359,122
1360,122
1361,122
1362,122
1363,122
1364,122
1365,122
1366,122
1367,122
1368,122
1369,122
1370,122
1371,122
1372,122
1373,122
1374,122
1375,122
1376,122
1377,122
1378,122
1379,122
1380,122
1381,122
1382,122
1383,122
1384,122
1385,122
1386,122
1387,122
1388,122
1389,122
1390,122
1391,122
1392,122
1393,122
1394,122
1395,122
1396,122
1397,122
1398,122
1399,122
1400,122
1401,123
1402,123
1403,123
1404,123
1405,123
1406,123
1407,123
1408,123
1409,123
1410,123
1411,123
1412,123
1413,123
1414,123
1415,123
1416,123
1417,123
1418,123
1419,123
1420,123
1421,123
1422,123
1423,123
1424,123
1425,123
1426,123
1427,123
1428,123
1429,123
1430,123
1431,123
1432,123
1433,123
1434,123
1435,123
1436,123
1437,123
1438,123
1439,123
1440,123
1441,123
1442,123
1443,123
1444,123
1445,123
1446,123
1447,123
1448,123
1449,123
1450,123
1451,123
1452,123
1453,123
1454,123
1455,123
1456,123
1457,123
1458,123
1459,123
1460,123
1461,123
1462,124
1463,125
1464,126
1465,127
1466,128
1467,128
1468,128
1469,128
1470,128
1471,128
1472,128
1473,128
1474,128
1475,128
1476,128
1477,128
1478,128
1479,128
1480,128
1481,128
1482,128
1483,128
1484,128
1485,128
1486,129
1487,130
1488,130
1489,131
1490,131
1491,131
1492,131
1493,131
1494,131
1495,131
1496,131
1497,131
1498,131
1499,131
1500,131
1501,131
1502,131
1503,131
1504,131
1505,131
1506,131
1507,131
1508,131
1509,131
1510,131
1511,131
1512,131
1513,131
1514,131
1515,131
1516,131
1517,131
1518,131
1519,131
1520,131
1521,131
1522,131
1523,131
1524,131
1525,131
1526,131
1527,131
1528,131
1529,131
1530,131
1531,131
1532,131
1533,131
1534,131
1535,131
1536,131
1537,131
1538,131
1539,131
1540,131
1541,131
1542,131
1543,131
1544,131
1545,131
1546,131
1547,131
1548,131
1549,131
1550,131
1551,131
1552,131
1553,131
1554,131
1555,131
1556,131
1557,131
1558,131
1559,131
1560,131
1561,131
1562,131
1563,131
1564,131
1565,131
1566,131
1567,131
1568,131
1569,131
1570,131
1571,131
1572,131
1573,131
1574,131
1575,131
1576,131
1577,131
1578,131
1579,131
1580,131
1581,131
1582,131
1583,131
1584,131
1585,131
1586,131
1587,131
1588,131
1589,131
1590,131
1591,131
1592,131
1593,131
1594,131
1595,131
1596,131
1597,131
1598,131
1599,131
1600,131
1601,131
1602,131
1603,131
1604,131
1605,131
1606,131
1607,131
1608,131
1609,131
1610,131
1611,131
1612,131
1613,131
1614,131
1615,131
1616,131
1617,131
1618,131
1619,131
1620,131
1621,131
1622,131
1623,131
1624,131
1625,131
1626,131
1627,131
1628,131
1629,131
1630,131
1631,131
1632,131
1633,131
1634,131
1635,131
1636,131
1637,131
1638,131
1639,131
1640,131
1641,131
1642,131
1643,131
1644,131
1645,131
1646,131
1647,131
1648,131
1649,131
1650,131
1651,131
1652,131
1653,131
1654,131
1655,131
1656,131
1657,131
1658,131
1659,131
1660,131
1661,131
1662,131
1663,131
1664,131
1665,131
1666,131
1667,131
1668,131
1669,131
1670,131
1671,131
1672,131
1673,131
1674,131
1675,131
1676,131
1677,131
1678,131
1679,131
1680,131
1681,131
1682,131
1683,131
1684,131
1685,131
1686,131
1687,131
1688,131
1689,131
1690,131
1691,131
1692,131
1693,132
1694,132
1695,132
1696,132
1697,132
1698,132
1699,132
1700,132
1701,132
1702,132
1703,132
1704,132
1705,132
1706,132
1707,132
1708,132
1709,132
1710,132
1711,132
1712,132
1713,132
1714,132
1715,132
1716,132
1717,132
1718,132
1719,132
1720,132
1721,132
1722,132
1723,132
1724,132
1725,132
1726,132
1727,132
1728,132
1729,132
1730,132
1731,132
1732,132
1733,132
1734,132
1735,132
1736,132
1737,132
1738,132
1739,132
1740,132
1741,132
1742,132
1743,132
1744,132
1745,132
1746,132
1747,132
1748,132
1749,132
1750,132
1751,132
1752,132
1753,132
1754,132
1755,132
1756,132
1757,132
1758,132
1759,132
1760,132
1761,132
1762,132
1763,132
1764,132
1765,132
1766,132
1767,132
1768,132
1769,132
1770,132
1771,132
1772,132
1773,132
1774,132
1775,132
1776,132
1777,132
1778,132
1779,132
1780,132
1781,132
1782,132
1783,132
1784,132
1785,132
1786,132
1787,132
1788,132
1789,132
1790,132
1791,132
1792,132
1793,132
1794,132
1795,132
1796,132
1797,132
1798,132
1799,132
1800,132
1801,132
1802,132
1803,132
1804,132
1805,132
1806,132
1807,132
1808,132
1809,132
1810,133
1811,133
1812,133
1813,133
1814,133
1815,133
1816,133
1817,133
1818,133
1819,133
1820,133
1821,133
1822,133
1823,133
1824,133
1825,133
1826,133
1827,133
1828,133
1829,133
1830,133
1831,133
1832,133
1833,133
1834,133
1835,133
1836,133
1837,133
1838,133
1839,133
1840,133
1841,133
1842,133
1843,133
1844,133
1845,133
1846,133
1847,133
1848,133
1849,133
1850,133
1851,133
1852,133
1853,133
1854,133
1855,133
1856,133
1857,133
1858,133
1859,133
1860,133
1861,133
1862,133
1863,133
1864,133
1865,133
1866,133
1867,133
1868,133
1869,133
1870,133
1871,133
1872,133
1873,133
1874,133
1875,133
1876,133
1877,133
1878,133
1879,133
1880,133
1881,133
1882,133
1883,133
1884,133
1885,133
1886,133
1887,133
1888,133
1889,133
1890,133
1891,133
1892,133
1893,133
1894,133
1895,133
1896,133
1897,133
1898,133
1899,133
1900,133
1901,133
1902,133
1903,133
1904,133
1905,133
1906,133
1907,133
1908,133
1909,133
1910,133
1911,133
1912,133
1913,133
1914,133
1915,133
1916,133
1917,133
1918,133
1919,133
1920,133
1921,133
1922,133
1923,133
1924,133
1925,133
1926,133
1927,133
1928,133
1929,133
1930,133
1931,133
1932,133
1933,133
1934,133
1935,133
1936,133
1937,133
1938,133
1939,133
1940,133
1941,133
1942,133
1943,133
1944,133
1945,133
1946,133
1947,133
1948,133
1949,133
1950,133
1951,133
1952,133
1953,133
1954,133
1955,133
1956,133
1957,133
1958,133
1959,133
1960,133
1961,133
1962,133
1963,133
1964,133
1965,133
1966,133
1967,133
1968,133
1969,133
1970,133
1971,133
1972,133
1973,133
1974,133
1975,133
1976,133
1977,133
1978,133
1979,133
1980,133
1981,133
1982,133
1983,133
1984,133
1985,133
1986,133
1987,133
1988,133
1989,133
1990,133
1991,133
1992,133
1993,133
1994,133
1995,133
1996,133
1997,133
1998,133
1999,133
2000,133
2001,133
2002,133
2003,133
2004,133
2005,133
2006,133
2007,133
2008,133
2009,133
2010,133
2011,133
2012,133
2013,133
2014,133
2015,133
2016,133
2017,133
2018,133
2019,133
2020,133
2021,133
2022,133
2023,133
2024,133
2025,133
2026,133
2027,133
2028,133
2029,133
2030,133
2031,133
2032,133
2033,133
2034,133
2035,133
2036,133
2037,133
2038,133
2039,133
2040,133
2041,133
2042,133
2043,133
2044,133
2045,133
2046,133
2047,133
2048,133
2049,133
2050,133
2051,133
2052,133
2053,133
2054,133
2055,133
2056,133
2057,133
2058,133
2059,133
2060,133
2061,133
2062,133
2063,133
2064,133
2065,133
2066,133
2067,133
2068,133
2069,133
2070,133
2071,133
2072,133
2073,133
2074,133
2075,133
2076,133
2077,133
2078,133
2079,133
2080,133
2081,133
2082,133
2083,133
2084,133
2085,133
2086,133
2087,133
2088,133
2089,133
2090,133
2091,133
2092,133
2093,133
2094,133
2095,133
2096,133
2097,133
2098,133
2099,133
2100,133
2101,133
2102,133
2103,133
2104,133
2105,133
2106,133
2107,133
2108,133
2109,133
2110,133
2111,133
2112,133
2113,133
2114,133
2115,133
2116,133
2117,133
2118,133
2119,133
2120,133
2121,133
2122,133
2123,133
2124,133
2125,133
2126,133
2127,133
2128,133
2129,133
2130,133
2131,133
2132,133
2133,133
2134,133
2135,133
2136,133
2137,133
2138,133
2139,133
2140,133
2141,133
2142,133
2143,133
2144,133
2145,133
2146,133
2147,133
2148,133
2149,133
2150,133
2151,133
2152,133
2153,133
2154,133
2155,133
2156,133
2157,133
2158,133
2159,133
2160,133
2161,133
2162,133
2163,133
2164,133
2165,133
2166,133
2167,133
2168,133
2169,133
2170,133
2171,133
2172,133
2173,133
2174,133
2175,133
2176,133
2177,133
2178,133
2179,133
2180,133
2181,133
2182,133
2183,133
2184,133
2185,133
2186,133
2187,133
2188,133
2189,133
2190,133
2191,133
2192,133
2193,133
2194,133
2195,133
2196,133
2197,133
2198,133
2199,133
2200,133
2201,133
2202,133
2203,133
2204,133
2205,133
2206,133
2207,133
2208,133
2209,133
2210,133
2211,133
2212,133
2213,133
2214,133
2215,133
2216,133
2217,133
2218,133
2219,133
2220,133
2221,133
2222,133
2223,133
2224,133
2225,133
2226,133
2227,133
2228,133
2229,133
2230,133
2231,133
2232,133
2233,133
2234,133
2235,133
2236,133
2237,133
2238,133
2239,133
2240,133
2241,133
2242,133
2243,134
2244,135
2245,136
2246,136
2247,137
2248,137
2249,137
2250,137
2251,138
2252,139
2253,139
2254,139
2255,139
2256,139
2257,139
2258,139
2259,139
2260,139
2261,139
2262,139
2263,139
2264,139
2265,139
2266,139
2267,139
2268,139
2269,139
2270,139
2271,139
2272,139
2273,139
2274,139
2275,139
2276,139
2277,139
2278,139
2279,139
2280,139
2281,139
2282,139
2283,139
2284,139
2285,139
2286,139
2287,139
2288,139
2289,139
2290,139
2291,139
2292,139
2293,139
2294,139
2295,139
2296,139
2297,139
2298,139
2299,139
2300,139
2301,139
2302,139
2303,139
2304,139
2305,139
2306,139
2307,139
2308,139
2309,139
2310,139
2311,139
2312,139
2313,139
2314,139
2315,139
2316,139
2317,139
2318,139
2319,139
2320,139
2321,139
2322,139
2323,139
2324,139
2325,139
2326,139
2327,139
2328,139
2329,139
2330,139
2331,139
2332,139
2333,139
2334,139
2335,139
2336,139
2337,139
2338,139
2339,139
2340,139
2341,139
2342,139
2343,139
2344,139
2345,139
2346,139
2347,139
2348,139
2349,139
2350,139
2351,139
2352,139
2353,139
2354,139
2355,139
2356,139
2357,139
2358,139
2359,139
2360,139
2361,139
2362,139
2363,139
2364,139
2365,139
2366,139
2367,139
2368,139
2369,139
2370,139
2371,139
2372,139
2373,139
2374,139
2375,139
2376,139
2377,139
2378,139
2379,139
2380,139
2381,139
2382,139
2383,139
2384,139
2385,139
2386,139
2387,139
2388,139
2389,139
2390,139
2391,139
2392,139
2393,139
2394,139
2395,139
2396,139
2397,139
2398,139
2399,139
2400,139
2401,139
2402,139
2403,139
2404,139
2405,139
2406,139
2407,139
2408,139
2409,139
2410,139
2411,139
2412,139
2413,139
2414,139
2415,139
2416,139
2417,139
2418,139
2419,139
2420,139
2421,139
2422,139
2423,139
2424,139
2425,139
2426,139
2427,139
2428,139
2429,139
2430,139
2431,139
2432,139
2433,139
2434,139
2435,139
2436,139
2437,139
2438,139
2439,139
2440,139
2441,139
2442,139
2443,139
2444,139
2445,139
2446,139
2447,139
2448,139
2449,139
2450,139
2451,139
2452,139
2453,139
2454,139
2455,139
2456,139
2457,139
2458,139
2459,139
2460,139
2461,139
2462,139
2463,139
2464,139
2465,139
2466,139
2467,139
2468,139
2469,139
2470,139
2471,139
2472,139
2473,139
2474,139
2475,139
2476,139
2477,139
2478,139
2479,139
2480,139
2481,139
2482,139
2483,139
2484,139
2485,139
2486,139
2487,139
2488,139
2489,139
2490,139
2491,139
2492,139
2493,139
2494,139
2495,139
2496,139
2497,139
2498,139
2499,139
2500,139
2501,139
2502,139
2503,139
2504,139
2505,139
2506,139
2507,139
2508,139
2509,139
2510,139
2511,139
2512,139
2513,139
2514,139
2515,139
2516,139
2517,139
2518,139
2519,139
2520,139
2521,139
2522,139
2523,139
2524,139
2525,139
2526,139
2527,139
2528,139
2529,139
2530,139
2531,139
2532,139
2533,139
2534,139
2535,139
2536,139
2537,139
2538,139
2539,139
2540,139
2541,139
2542,139
2543,139
2544,139
2545,139
2546,139
2547,139
2548,139
2549,139
2550,139
2551,139
2552,139
2553,139
2554,139
2555,139
2556,139
2557,139
2558,139
2559,139
2560,139
2561,139
2562,139
2563,139
2564,139
2565,139
2566,139
2567,139
2568,139
2569,139
2570,139
2571,139
2572,139
2573,139
2574,139
2575,139
2576,139
2577,139
2578,139
2579,139
2580,139
2581,139
2582,139
2583,139
2584,139
2585,139
2586,139
2587,139
2588,139
2589,139
2590,139
2591,139
2592,139
2593,139
2594,139
2595,139
2596,139
2597,139
2598,139
2599,139
2600,139
2601,139
2602,139
2603,139
2604,139
2605,139
2606,139
2607,139
2608,139
2609,139
2610,139
2611,139
2612,139
2613,139
2614,139
2615,139
2616,139
2617,139
2618,139
2619,139
2620,139
2621,139
2622,139
2623,139
2624,139
2625,139
2626,139
2627,139
2628,139
2629,139
2630,139
2631,139
2632,139
2633,139
2634,139
2635,139
2636,139
2637,139
2638,139
2639,139
2640,139
2641,139
2642,139
2643,139
2644,139
2645,139
2646,139
2647,139
2648,139
2649,139
2650,139
2651,139
2652,139
2653,139
2654,139
2655,139
2656,139
2657,139
2658,139
2659,139
2660,139
2661,139
2662,139
2663,139
2664,139
2665,139
2666,139
2667,139
2668,139
2669,139
2670,139
2671,139
2672,139
2673,139
2674,139
2675,139
2676,139
2677,139
2678,139
2679,139
2680,139
2681,139
2682,139
2683,139
2684,139
2685,139
2686,139
2687,139
2688,139
2689,139
2690,139
2691,139
2692,139
2693,139
2694,139
2695,139
2696,139
2697,139
2698,139
2699,139
2700,139
2701,139
2702,139
2703,139
2704,139
2705,139
2706,139
2707,139
2708,139
2709,139
2710,139
2711,139
2712,139
2713,139
2714,139
2715,139
2716,139
2717,139
2718,139
2719,139
2720,139
2721,139
2722,139
2723,139
2724,139
2725,139
2726,139
2727,139
2728,139
2729,139
2730,139
2731,139
2732,139
2733,139
2734,139
2735,139
2736,139
2737,139
2738,139
2739,139
2740,139
2741,139
2742,139
2743,139
2744,139
2745,139
2746,139
2747,139
2748,139
2749,139
2750,139
2751,139
2752,139
2753,139
2754,139
2755,139
2756,139
2757,139
2758,139
2759,139
2760,139
2761,139
2762,139
2763,139
2764,139
2765,139
2766,139
2767,139
2768,139
2769,139
2770,139
2771,139
2772,139
2773,139
2774,139
2775,139
2776,139
2777,139
2778,139
2779,139
2780,139
2781,139
2782,139
2783,139
2784,139
2785,139
2786,139
2787,139
2788,139
2789,139
2790,139
2791,139
2792,139
2793,139
2794,139
2795,139
2796,139
2797,139
2798,139
2799,139
2800,139
2801,139
2802,139
2803,139
2804,139
2805,139
2806,139
2807,139
2808,139
2809,139
2810,139
2811,139
2812,139
2813,139
2814,139
2815,139
2816,139
2817,139
2818,139
2819,139
2820,139
2821,139
2822,139
2823,139
2824,139
2825,139
2826,139
2827,139
2828,139
2829,139
2830,139
2831,139
2832,139
2833,139
2834,139
2835,139
2836,139
2837,139
2838,139
2839,139
2840,139
2841,139
2842,139
2843,139
2844,139
2845,139
2846,139
2847,139
2848,139
2849,139
2850,139
2851,139
2852,139
2853,139
2854,139
2855,139
2856,139
2857,139
2858,139
2859,139
2860,139
2861,139
2862,139
2863,139
2864,139
2865,139
2866,139
2867,139
2868,139
2869,139
2870,139
2871,139
2872,139
2873,139
2874,139
2875,139
2876,139
2877,139
2878,139
2879,139
2880,139
2881,139
2882,139
2883,139
2884,139
2885,139
2886,139
2887,139
2888,139
2889,139
2890,139
2891,139
2892,139
2893,139
2894,139
2895,139
2896,139
2897,139
2898,139
2899,139
2900,139
2901,139
2902,139
2903,139
2904,139
2905,139
2906,139
2907,139
2908,139
2909,139
2910,139
2911,139
2912,139
2913,139
2914,139
2915,139
2916,139
2917,139
2918,139
2919,139
2920,139
2921,139
2922,139
2923,139
2924,139
2925,139
2926,139
2927,139
2928,139
2929,139
2930,139
2931,139
2932,139
2933,139
2934,139
2935,139
2936,139
2937,139
2938,139
2939,139
2940,139
2941,139
2942,139
2943,139
2944,139
2945,139
2946,139
2947,139
2948,139
2949,139
2950,139
2951,139
2952,139
2953,139
2954,139
2955,139
2956,139
2957,139
2958,139
2959,139
2960,139
2961,139
2962,139
2963,139
2964,139
2965,139
2966,139
2967,139
2968,139
2969,139
2970,139
2971,139
2972,139
2973,139
2974,139
2975,139
2976,139
2977,139
2978,139
2979,139
2980,139
2981,139
2982,139
2983,139
2984,139
2985,139
2986,139
2987,139
2988,139
2989,139
2990,139
2991,139
2992,139
2993,139
2994,139
2995,139
2996,139
2997,139
2998,139
2999,139
3000,139
3001,139
3002,139
3003,139
3004,139
3005,139
3006,139
3007,139
3008,139
3009,139
3010,139
3011,139
3012,139
3013,139
3014,139
3015,139
3016,139
3017,139
3018,139
3019,139
3020,139
3021,139
3022,139
3023,139
3024,139
3025,139
3026,139
3027,139
3028,139
3029,139
3030,139
3031,139
3032,139
3033,139
3034,139
3035,139
3036,139
3037,139
3038,139
3039,139
3040,139
3041,139
3042,139
3043,139
3044,139
3045,139
3046,140
3047,140
3048,141
3049,141
3050,142
3051,142
3052,142
3053,142
3054,142
3055,142
3056,142
3057,142
3058,142
3059,142
3060,142
3061,142
3062,142
3063,142
3064,142
3065,142
3066,142
3067,142
3068,142
3069,142
3070,142
3071,142
3072,142
3073,142
3074,142
3075,142
3076,142
3077,142
3078,142
3079,142
3080,142
3081,142
3082,142
3083,142
3084,142
3085,142
3086,142
3087,142
3088,142
3089,142
3090,142
3091,142
3092,142
3093,142
3094,142
3095,142
3096,142
3097,142
3098,142
3099,142
3100,142
3101,142
3102,142
3103,142
3104,142
3105,142
3106,142
3107,142
3108,142
3109,142
3110,142
3111,142
3112,142
3113,142
3114,142
3115,142
3116,142
3117,142
3118,142
3119,142
3120,142
3121,142
3122,142
3123,142
3124,142
3125,142
3126,142
3127,142
3128,142
3129,142
3130,142
3131,142
3132,142
3133,142
3134,142
3135,142
3136,142
3137,142
3138,142
3139,142
3140,142
3141,142
3142,142
3143,142
3144,142
3145,142
3146,142
3147,142
3148,142
3149,142
3150,142
3151,142
3152,142
3153,142
3154,142
3155,142
3156,142
3157,142
3158,142
3159,142
3160,142
3161,142
3162,142
3163,142
3164,142
3165,142
3166,142
3167,142
3168,142
3169,142
3170,142
3171,142
3172,142
3173,142
3174,142
3175,142
3176,142
3177,142
3178,142
3179,142
3180,142
3181,142
3182,143
3183,143
3184,143
3185,143
3186,143
3187,144
3188,144
3189,144
3190,144
3191,145
