0,0
1,1
2,2
3,3
4,4
5,5
6,6
7,7
8,8
9,9
10,10
11,11
12,12
13,13
14,14
15,15
16,15
17,16
18,17
19,18
20,19
21,20
22,21
23,22
24,23
25,24
26,25
27,25
28,25
29,25
30,26
31,27
32,28
33,29
34,30
35,31
36,32
37,33
38,34
39,34
40,34
41,35
42,36
43,36
44,37
45,38
46,39
47,40
48,41
49,42
50,42
51,43
52,44
53,45
54,45
55,45
56,45
57,46
58,46
59,46
60,46
61,47
62,47
63,48
64,49
65,50
66,50
67,50
68,51
69,51
70,52
71,53
72,53
73,54
74,54
75,54
76,54
77,54
78,54
79,54
80,54
81,55
82,56
83,57
84,58
85,58
86,58
87,58
88,59
89,59
90,60
91,60
92,61
93,62
94,62
95,62
96,63
97,63
98,64
99,64
100,64
101,64
102,64
103,64
104,64
105,65
106,66
107,67
108,67
109,67
110,67
111,67
112,67
113,67
114,67
115,67
116,67
117,67
118,68
119,68
120,68
121,68
122,68
123,68
124,68
125,69
126,70
127,70
128,70
129,70
130,71
131,71
132,71
133,71
134,71
135,71
136,71
137,71
138,71
139,71
140,71
141,71
142,71
143,71
144,71
145,71
146,72
147,72
148,72
149,72
150,72
151,72
152,72
153,72
154,72
155,73
156,74
157,75
158,76
159,77
160,78
161,79
162,79
163,80
164,80
165,81
166,82
167,82
168,83
169,84
170,84
171,84
172,85
173,86
174,87
175,88
176,89
177,90
178,91
179,91
180,91
181,91
182,91
183,91
184,91
185,91
186,91
187,91
188,91
189,92
190,93
191,93
192,93
193,93
194,94
195,95
196,95
197,95
198,95
199,95
200,95
201,95
202,96
203,96
204,96
205,96
206,97
207,98
208,99
209,100
210,100
211,100
212,100
213,100
214,100
215,100
216,101
217,101
218,101
219,102
220,102
221,102
222,102
223,103
224,103
225,103
226,103
227,103
228,103
229,103
230,104
231,104
232,104
233,104
234,104
235,104
236,104
237,104
238,104
239,104
240,104
241,104
242,104
243,104
244,104
245,104
246,104
247,104
248,104
249,104
250,105
251,105
252,105
253,105
254,105
255,105
256,105
257,105
258,105
259,105
260,105
261,105
262,105
263,105
264,105
265,105
266,105
267,105
268,105
269,105
270,105
271,105
272,105
273,105
274,105
275,105
276,105
277,105
278,105
279,105
280,105
281,105
282,105
283,105
284,105
285,105
286,105
287,105
288,105
289,105
290,105
291,105
292,105
293,106
294,106
295,106
296,107
297,107
298,107
299,107
300,107
301,107
302,107
303,107
304,107
305,107
306,107
307,107
308,107
309,107
310,107
311,108
312,108
313,108
314,109
315,110
316,110
317,110
318,110
319,110
320,110
321,110
322,110
323,110
324,111
325,111
326,111
327,111
328,111
329,111
330,111
331,111
332,111
333,111
334,111
335,111
336,111
337,111
338,111
339,111
340,111
341,111
342,112
343,112
344,112
345,112
346,112
347,112
348,112
349,112
350,113
351,113
352,113
353,113
354,113
355,113
356,114
357,114
358,114
359,114
360,114
361,114
362,114
363,114
364,115
365,115
366,116
367,116
368,116
369,116
370,116
371,116
372,116
373,116
374,116
375,116
376,116
377,116
378,116
379,116
380,116
381,116
382,116
383,116
384,116
385,116
386,116
387,116
388,116
389,117
390,117
391,117
392,117
393,117
394,117
395,117
396,117
397,117
398,117
399,117
400,117
401,117
402,117
403,117
404,117
405,118
406,118
407,118
408,118
409,118
410,118
411,118
412,118
413,118
414,118
415,118
416,118
417,118
418,118
419,118
420,118
421,118
422,118
423,118
424,118
425,118
426,118
427,118
428,118
429,118
430,118
431,119
432,119
433,120
434,120
435,120
436,120
437,120
438,120
439,120
440,120
441,121
442,121
443,121
444,121
445,121
446,121
447,121
448,121
449,121
450,121
451,121
452,121
453,121
454,121
455,121
456,121
457,121
458,121
459,121
460,121
461,121
462,121
463,121
464,121
465,121
466,121
467,121
468,121
469,121
470,121
471,121
472,121
473,121
474,121
475,121
476,121
477,121
478,121
479,121
480,121
481,121
482,121
483,121
484,121
485,121
486,121
487,121
488,121
489,121
490,121
491,121
492,121
493,121
494,121
495,121
496,121
497,121
498,121
499,121
500,121
501,121
502,121
503,121
504,121
505,121
506,121
507,121
508,121
509,121
510,121
511,121
512,122
513,122
514,122
515,122
516,122
517,122
518,122
519,122
520,122
521,122
522,122
523,122
524,122
525,122
526,122
527,122
528,122
529,122
530,122
531,122
532,122
533,122
534,122
535,122
536,122
537,122
538,122
539,122
540,122
541,122
542,122
543,122
544,122
545,122
546,122
547,122
548,122
549,122
550,122
551,122
552,122
553,122
554,122
555,122
556,122
557,122
558,122
559,122
560,122
561,122
562,122
563,122
564,122
565,122
566,122
567,122
568,122
569,122
570,122
571,122
572,122
573,122
574,122
575,122
576,122
577,122
578,122
579,122
580,122
581,122
582,122
583,122
584,122
585,122
586,122
587,122
588,122
589,122
590,122
591,122
592,122
593,122
594,122
595,122
596,122
597,122
598,122
599,122
600,122
601,122
602,122
603,122
604,122
605,122
606,122
607,122
608,123
609,123
610,123
611,123
612,123
613,123
614,123
615,123
616,123
617,123
618,123
619,123
620,124
621,124
622,124
623,124
624,124
625,124
626,124
627,124
628,124
629,124
630,124
631,124
632,124
633,124
634,124
635,124
636,124
637,124
638,124
639,124
640,124
641,124
642,124
643,124
644,124
645,124
646,124
647,124
648,124
649,124
650,124
651,124
652,124
653,124
654,124
655,124
656,124
657,124
658,124
659,124
660,124
661,124
662,124
663,124
664,124
665,124
666,124
667,124
668,124
669,124
670,124
671,125
672,125
673,125
674,125
675,125
676,125
677,125
678,125
679,125
680,125
681,125
682,125
683,125
684,125
685,125
686,125
687,125
688,125
689,125
690,125
691,125
692,125
693,125
694,125
695,125
696,125
697,125
698,125
699,125
700,125
701,125
702,125
703,125
704,125
705,125
706,125
707,125
708,125
709,125
710,125
711,125
712,125
713,125
714,125
715,125
716,125
717,125
718,125
719,125
720,125
721,125
722,125
723,125
724,125
725,125
726,125
727,125
728,125
729,125
730,125
731,125
732,125
733,125
734,125
735,125
736,125
737,125
738,125
739,125
740,125
741,125
742,125
743,125
744,125
745,125
746,125
747,125
748,125
749,125
750,125
751,125
752,125
753,125
754,125
755,125
756,125
757,125
758,125
759,125
760,125
761,125
762,125
763,125
764,125
765,125
766,125
767,125
768,125
769,125
770,125
771,125
772,125
773,125
774,125
775,125
776,125
777,125
778,125
779,125
780,125
781,125
782,125
783,125
784,125
785,125
786,125
787,125
788,125
789,125
790,125
791,125
792,125
793,125
794,125
795,125
796,125
797,125
798,125
799,125
800,125
801,125
802,125
803,125
804,125
805,125
806,125
807,125
808,125
809,125
810,125
811,125
812,125
813,125
814,125
815,125
816,125
817,125
818,125
819,126
820,126
821,126
822,126
823,126
824,126
825,126
826,126
827,126
828,126
829,126
830,126
831,126
832,126
833,126
834,126
835,126
836,126
837,126
838,126
839,126
840,126
841,126
842,126
843,126
844,126
845,126
846,126
847,126
848,126
849,126
850,126
851,126
852,126
853,126
854,126
855,126
856,126
857,126
858,126
859,126
860,126
861,126
862,126
863,126
864,126
865,126
866,126
867,126
868,126
869,127
870,128
871,129
872,130
873,131
874,131
875,131
876,131
877,132
878,132
879,132
880,132
881,132
882,132
883,132
884,132
885,132
886,133
887,133
888,133
889,133
890,133
891,133
892,133
893,133
894,133
895,133
896,133
897,133
898,133
899,133
900,133
901,133
902,133
903,133
904,133
905,133
906,133
907,133
908,133
909,133
910,133
911,133
912,133
913,133
914,133
915,133
916,133
917,133
918,133
919,133
920,133
921,133
922,133
923,133
924,133
925,133
926,133
927,133
928,133
929,133
930,133
931,133
932,133
933,133
934,133
935,133
936,133
937,133
938,133
939,133
940,133
941,133
942,133
943,133
944,133
945,133
946,133
947,133
948,133
949,133
950,133
951,133
952,133
953,133
954,133
955,133
956,133
957,133
958,133
959,133
960,133
961,133
962,133
963,133
964,133
965,133
966,133
967,133
968,133
969,133
970,133
971,133
972,133
973,133
974,133
975,133
976,133
977,133
978,133
979,133
980,133
981,133
982,133
983,133
984,133
985,133
986,133
987,133
988,133
989,133
990,133
991,133
992,133
993,133
994,133
995,133
996,133
997,133
998,133
999,133
1000,133
1001,133
1002,133
1003,133
1004,133
1005,133
1006,133
1007,133
1008,133
1009,133
1010,133
1011,133
1012,133
1013,133
1014,133
1015,133
1016,133
1017,133
1018,133
1019,133
1020,133
1021,133
1022,133
1023,133
1024,133
1025,133
1026,133
1027,133
1028,133
1029,133
1030,133
1031,133
1032,133
1033,133
1034,133
1035,133
1036,133
1037,133
1038,133
1039,133
1040,133
1041,133
1042,133
1043,133
1044,133
1045,133
1046,133
1047,133
1048,133
1049,133
1050,133
1051,133
1052,133
1053,133
1054,133
1055,133
1056,133
1057,133
1058,133
1059,133
1060,133
1061,133
1062,133
1063,133
1064,133
1065,133
1066,133
1067,133
1068,133
1069,133
1070,133
1071,133
1072,133
1073,133
1074,133
1075,133
1076,133
1077,133
1078,133
1079,133
1080,133
1081,133
1082,133
1083,133
1084,133
1085,133
1086,133
1087,133
1088,133
1089,133
1090,133
1091,133
1092,133
1093,133
1094,133
1095,133
1096,133
1097,133
1098,133
1099,133
1100,133
1101,133
1102,133
1103,133
1104,133
1105,133
1106,133
1107,133
1108,133
1109,133
1110,133
1111,133
1112,133
1113,133
1114,133
1115,133
1116,133
1117,133
1118,133
1119,133
1120,133
1121,133
1122,133
1123,133
1124,133
1125,133
1126,133
1127,133
1128,133
1129,133
1130,133
1131,133
1132,133
1133,133
1134,133
1135,133
1136,133
1137,133
1138,133
1139,133
1140,133
1141,133
1142,133
1143,133
1144,133
1145,133
1146,133
1147,133
1148,133
1149,134
1150,134
1151,134
1152,134
1153,134
1154,134
1155,134
1156,134
1157,134
1158,134
1159,134
1160,134
1161,134
1162,134
1163,134
1164,134
1165,134
1166,134
1167,134
1168,134
1169,134
1170,134
1171,134
1172,134
1173,134
1174,134
1175,134
1176,134
1177,134
1178,134
1179,134
1180,134
1181,134
1182,134
1183,134
1184,134
1185,134
1186,134
1187,134
1188,134
1189,134
1190,134
1191,134
1192,134
1193,134
1194,134
1195,134
1196,134
1197,134
1198,134
1199,134
1200,134
1201,134
1202,134
1203,134
1204,134
1205,134
1206,134
1207,134
1208,134
1209,134
1210,134
1211,134
1212,134
1213,134
1214,134
1215,134
1216,134
1217,134
1218,134
1219,134
1220,134
1221,134
1222,134
1223,134
1224,134
1225,134
1226,134
1227,134
1228,134
1229,134
1230,134
1231,134
1232,134
1233,134
1234,134
1235,134
1236,134
1237,134
1238,134
1239,134
1240,134
1241,134
1242,134
1243,134
1244,134
1245,134
1246,134
1247,134
1248,134
1249,134
1250,134
1251,134
1252,134
1253,134
1254,134
1255,134
1256,134
1257,134
1258,134
1259,134
1260,134
1261,134
1262,134
1263,134
1264,134
1265,134
1266,134
1267,134
1268,134
1269,134
1270,134
1271,134
1272,134
1273,134
1274,134
1275,134
1276,134
1277,134
1278,134
1279,134
1280,134
1281,134
1282,134
1283,134
1284,134
1285,134
1286,134
1287,134
1288,134
1289,134
1290,134
1291,134
1292,134
1293,134
1294,134
1295,134
1296,134
1297,134
1298,134
1299,134
1300,134
1301,134
1302,134
1303,134
1304,134
1305,134
1306,134
1307,134
1308,134
1309,134
1310,134
1311,134
1312,134
1313,134
1314,134
1315,134
1316,134
1317,134
1318,134
1319,134
1320,134
1321,134
1322,134
1323,134
1324,134
1325,134
1326,134
1327,134
1328,134
1329,134
1330,134
1331,134
1332,134
1333,134
1334,134
1335,134
1336,134
1337,134
1338,134
1339,134
1340,134
1341,134
1342,134
1343,134
1344,134
1345,134
1346,134
1347,134
1348,134
1349,134
1350,134
1351,134
1352,134
1353,134
1354,134
1355,134
1356,134
1357,134
1358,134
1359,134
1360,134
1361,134
1362,134
1363,134
1364,134
1365,134
1366,134
1367,134
1368,134
1369,134
1370,134
1371,134
1372,134
1373,134
1374,134
1375,134
1376,134
1377,134
1378,134
1379,134
1380,134
1381,134
1382,134
1383,134
1384,134
1385,134
1386,134
1387,134
1388,134
1389,134
1390,134
1391,134
1392,134
1393,134
1394,134
1395,134
1396,134
1397,134
1398,134
1399,134
1400,134
1401,134
1402,134
1403,134
1404,134
1405,134
1406,134
1407,134
1408,134
1409,134
1410,134
1411,134
1412,134
1413,134
1414,134
1415,134
1416,134
1417,134
1418,134
1419,134
1420,134
1421,134
1422,134
1423,134
1424,134
1425,134
1426,134
1427,134
1428,134
1429,134
1430,134
1431,134
1432,134
1433,134
1434,134
1435,134
1436,134
1437,134
1438,134
1439,134
1440,135
1441,135
1442,135
1443,135
1444,135
1445,135
1446,135
1447,135
1448,135
1449,135
1450,135
1451,135
1452,135
1453,135
1454,135
1455,135
1456,135
1457,135
1458,135
1459,135
1460,135
1461,135
1462,135
1463,135
1464,135
1465,135
1466,135
1467,135
1468,135
1469,135
1470,135
1471,135
1472,135
1473,135
1474,135
1475,135
1476,135
1477,135
1478,135
1479,135
1480,135
1481,135
1482,135
1483,135
1484,135
1485,135
1486,135
1487,135
1488,135
1489,135
1490,135
1491,135
1492,135
1493,135
1494,135
1495,135
1496,135
1497,135
1498,135
1499,135
1500,135
1501,135
1502,135
1503,135
1504,135
1505,135
1506,135
1507,135
1508,135
1509,135
1510,135
1511,135
1512,135
1513,135
1514,135
1515,135
1516,135
1517,135
1518,135
1519,135
1520,135
1521,135
1522,135
1523,135
1524,135
1525,135
1526,135
1527,135
1528,135
1529,135
1530,135
1531,135
1532,135
1533,135
1534,135
1535,135
1536,135
1537,135
1538,135
1539,135
1540,135
1541,135
1542,135
1543,135
1544,135
1545,135
1546,135
1547,135
1548,135
1549,135
1550,135
1551,135
1552,135
1553,135
1554,135
1555,135
1556,135
1557,135
1558,135
1559,135
1560,135
1561,135
1562,135
1563,135
1564,135
1565,135
1566,135
1567,135
1568,135
1569,135
1570,135
1571,135
1572,135
1573,135
1574,135
1575,135
1576,135
1577,135
1578,135
1579,135
1580,135
1581,135
1582,135
1583,135
1584,135
1585,135
1586,135
1587,135
1588,135
1589,135
1590,135
1591,135
1592,135
1593,135
1594,135
1595,135
1596,135
1597,135
1598,135
1599,135
1600,135
1601,135
1602,135
1603,135
1604,135
1605,135
1606,135
1607,135
1608,135
1609,135
1610,135
1611,135
1612,135
1613,135
1614,135
1615,135
1616,135
1617,135
1618,135
1619,135
1620,135
1621,135
1622,135
1623,135
1624,135
1625,135
1626,135
1627,135
1628,135
1629,135
1630,135
1631,135
1632,135
1633,135
1634,135
1635,135
1636,135
1637,135
1638,135
1639,135
1640,135
1641,135
1642,135
1643,135
1644,135
1645,135
1646,135
1647,135
1648,135
1649,135
1650,135
1651,135
1652,135
1653,135
1654,135
1655,135
1656,135
1657,135
1658,135
1659,135
1660,135
1661,135
1662,135
1663,135
1664,135
1665,135
1666,135
1667,135
1668,135
1669,135
1670,135
1671,135
1672,135
1673,135
1674,135
1675,135
1676,135
1677,135
1678,135
1679,135
1680,135
1681,135
1682,135
1683,135
1684,135
1685,135
1686,135
1687,135
1688,135
1689,135
1690,135
1691,135
1692,135
1693,135
1694,135
1695,135
1696,135
1697,135
1698,135
1699,135
1700,135
1701,135
1702,135
1703,135
1704,135
1705,135
1706,135
1707,135
1708,135
1709,135
1710,135
1711,135
1712,135
1713,135
1714,135
1715,135
1716,135
1717,135
1718,135
1719,135
1720,135
1721,135
1722,135
1723,135
1724,135
1725,135
1726,135
1727,135
1728,135
1729,135
1730,135
1731,135
1732,135
1733,135
1734,135
1735,135
1736,135
1737,135
1738,135
1739,135
1740,135
1741,135
1742,135
1743,135
1744,135
1745,135
1746,135
1747,135
1748,135
1749,135
1750,135
1751,135
1752,135
1753,135
1754,135
1755,135
1756,135
1757,135
1758,135
1759,135
1760,135
1761,135
1762,135
1763,135
1764,135
1765,135
1766,135
1767,135
1768,135
1769,135
1770,135
1771,135
1772,135
1773,135
1774,135
1775,135
1776,135
1777,135
1778,135
1779,135
1780,135
1781,135
1782,135
1783,135
1784,135
1785,135
1786,135
1787,135
1788,135
1789,135
1790,135
1791,135
1792,135
1793,135
1794,135
1795,135
1796,135
1797,135
1798,135
1799,135
1800,135
1801,135
1802,135
1803,135
1804,135
1805,135
1806,135
1807,135
1808,135
1809,135
1810,135
1811,135
1812,135
1813,135
1814,135
1815,135
1816,135
1817,135
1818,135
1819,135
1820,135
1821,135
1822,135
1823,135
1824,135
1825,135
1826,135
1827,135
1828,135
1829,135
1830,135
1831,135
1832,135
1833,135
1834,135
1835,135
1836,135
1837,135
1838,135
1839,135
1840,135
1841,135
1842,135
1843,135
1844,135
1845,135
1846,135
1847,135
1848,135
1849,135
1850,135
1851,135
1852,135
1853,135
1854,135
1855,135
1856,135
1857,135
1858,135
1859,135
1860,135
1861,135
1862,135
1863,135
1864,135
1865,135
1866,135
1867,135
1868,135
1869,135
1870,135
1871,135
1872,135
1873,135
1874,135
1875,135
1876,135
1877,135
1878,135
1879,135
1880,135
1881,135
1882,135
1883,135
1884,135
1885,135
1886,135
1887,135
1888,135
1889,135
1890,135
1891,135
1892,135
1893,135
1894,135
1895,135
1896,135
1897,135
1898,135
1899,135
1900,135
1901,135
1902,135
1903,135
1904,135
1905,135
1906,135
1907,135
1908,135
1909,135
1910,135
1911,135
1912,135
1913,135
1914,135
1915,135
1916,135
1917,135
1918,135
1919,135
1920,135
1921,135
1922,135
1923,135
1924,135
1925,135
1926,135
1927,135
1928,135
1929,135
1930,135
1931,135
1932,135
1933,135
1934,135
1935,135
1936,135
1937,135
1938,135
1939,135
1940,135
1941,135
1942,135
1943,135
1944,135
1945,135
1946,135
1947,135
1948,135
1949,135
1950,135
1951,135
1952,135
1953,135
1954,135
1955,135
1956,135
1957,135
1958,135
1959,135
1960,135
1961,135
1962,135
1963,135
1964,135
1965,135
1966,135
1967,135
1968,135
1969,135
1970,135
1971,135
1972,135
1973,135
1974,135
1975,135
1976,135
1977,135
1978,135
1979,135
1980,135
1981,135
1982,135
1983,135
1984,135
1985,135
1986,135
1987,135
1988,135
1989,135
1990,135
1991,135
1992,135
1993,135
1994,135
1995,135
1996,135
1997,135
1998,135
1999,135
2000,135
2001,135
2002,135
2003,135
2004,135
2005,135
2006,135
2007,135
2008,135
2009,135
2010,135
2011,135
2012,135
2013,135
2014,135
2015,135
2016,135
2017,135
2018,135
2019,135
2020,135
2021,135
2022,135
2023,135
2024,135
2025,135
2026,135
2027,135
2028,135
2029,135
2030,135
2031,135
2032,135
2033,135
2034,135
2035,135
2036,135
2037,135
2038,135
2039,135
2040,135
2041,135
2042,135
2043,135
2044,135
2045,135
2046,135
2047,135
2048,135
2049,135
2050,135
2051,135
2052,135
2053,135
2054,135
2055,135
2056,135
2057,135
2058,135
2059,135
2060,135
2061,135
2062,135
2063,135
2064,135
2065,135
2066,135
2067,135
2068,135
2069,135
2070,135
2071,135
2072,135
2073,135
2074,135
2075,135
2076,135
2077,135
2078,135
2079,135
2080,135
2081,135
2082,135
2083,135
2084,135
2085,135
2086,135
2087,135
2088,135
2089,135
2090,135
2091,135
2092,135
2093,135
2094,135
2095,135
2096,135
2097,135
2098,135
2099,135
2100,135
2101,135
2102,135
2103,135
2104,135
2105,135
2106,135
2107,135
2108,135
2109,135
2110,135
2111,135
2112,135
2113,135
2114,135
2115,135
2116,135
2117,135
2118,135
2119,135
2120,135
2121,135
2122,135
2123,135
2124,135
2125,135
2126,135
2127,135
2128,135
2129,135
2130,135
2131,135
2132,135
2133,135
2134,135
2135,135
2136,135
2137,135
2138,135
2139,135
2140,135
2141,135
2142,135
2143,135
2144,135
2145,135
2146,135
2147,135
2148,135
2149,135
2150,135
2151,135
2152,135
2153,135
2154,135
2155,135
2156,135
2157,135
2158,135
2159,135
2160,135
2161,135
2162,135
2163,135
2164,135
2165,135
2166,135
2167,135
2168,135
2169,135
2170,135
2171,135
2172,135
2173,135
2174,135
2175,135
2176,135
2177,135
2178,135
2179,135
2180,135
2181,135
2182,135
2183,135
2184,135
2185,135
2186,135
2187,135
2188,135
2189,135
2190,135
2191,135
2192,135
2193,135
2194,135
2195,135
2196,135
2197,135
2198,135
2199,135
2200,135
2201,135
2202,135
2203,135
2204,135
2205,135
2206,135
2207,135
2208,135
2209,135
2210,135
2211,135
2212,135
2213,135
2214,135
2215,135
2216,135
2217,135
2218,135
2219,135
2220,135
2221,135
2222,135
2223,135
2224,135
2225,135
2226,135
2227,135
2228,135
2229,135
2230,135
2231,135
2232,135
2233,135
2234,135
2235,135
2236,135
2237,135
2238,135
2239,135
2240,135
2241,135
2242,135
2243,135
2244,135
2245,135
2246,135
2247,135
2248,135
2249,135
2250,135
2251,135
2252,135
2253,135
2254,135
2255,135
2256,135
2257,135
2258,135
2259,135
2260,135
2261,135
2262,135
2263,135
2264,135
2265,135
2266,135
2267,135
2268,135
2269,135
2270,135
2271,135
2272,135
2273,135
2274,135
2275,135
2276,135
2277,135
2278,135
2279,135
2280,135
2281,135
2282,135
2283,135
2284,135
2285,135
2286,135
2287,135
2288,135
2289,135
2290,135
2291,135
2292,135
2293,135
2294,135
2295,135
2296,135
2297,135
2298,135
2299,135
2300,135
2301,135
2302,135
2303,135
2304,135
2305,135
2306,135
2307,135
2308,135
2309,135
2310,135
2311,135
2312,135
2313,135
2314,135
2315,135
2316,135
2317,135
2318,135
2319,135
2320,135
2321,135
2322,135
2323,135
2324,135
2325,135
2326,135
2327,135
2328,135
2329,135
2330,135
2331,135
2332,135
2333,135
2334,135
2335,135
2336,135
2337,135
2338,135
2339,135
2340,135
2341,135
2342,135
2343,135
2344,135
2345,135
2346,135
2347,135
2348,135
2349,135
2350,135
2351,135
2352,135
2353,135
2354,135
2355,135
2356,135
2357,135
2358,135
2359,135
2360,135
2361,135
2362,135
2363,135
2364,135
2365,135
2366,135
2367,135
2368,135
2369,135
2370,135
2371,135
2372,135
2373,135
2374,135
2375,135
2376,135
2377,135
2378,135
2379,135
2380,135
2381,135
2382,135
2383,135
2384,135
2385,135
2386,135
2387,135
2388,135
2389,135
2390,135
2391,135
2392,135
2393,135
2394,135
2395,135
2396,135
2397,135
2398,135
2399,135
2400,135
2401,135
2402,135
2403,135
2404,135
2405,135
2406,135
2407,135
2408,135
2409,135
2410,135
2411,135
2412,135
2413,135
2414,135
2415,135
2416,135
2417,135
2418,135
2419,135
2420,135
2421,135
2422,135
2423,135
2424,135
2425,135
2426,135
2427,135
2428,135
2429,135
2430,135
2431,135
2432,135
2433,135
2434,135
2435,135
2436,135
2437,135
2438,135
2439,135
2440,135
2441,135
2442,135
2443,135
2444,135
2445,135
2446,135
2447,135
2448,135
2449,135
2450,135
2451,135
2452,135
2453,135
2454,135
2455,135
2456,135
2457,135
2458,135
2459,135
2460,135
2461,135
2462,135
2463,135
2464,135
2465,135
2466,135
2467,135
2468,135
2469,135
2470,135
2471,135
2472,135
2473,135
2474,135
2475,135
2476,135
2477,135
2478,135
2479,135
2480,135
2481,135
2482,135
2483,135
2484,135
2485,135
2486,135
2487,135
2488,135
2489,135
2490,135
2491,135
2492,135
2493,135
2494,135
2495,135
2496,135
2497,135
2498,135
2499,135
2500,135
2501,135
2502,135
2503,135
2504,135
2505,135
2506,135
2507,135
2508,135
2509,135
2510,135
2511,135
2512,135
2513,135
2514,135
2515,135
2516,135
2517,135
2518,135
2519,135
2520,135
2521,135
2522,135
2523,135
2524,135
2525,135
2526,135
2527,135
2528,135
2529,135
2530,135
2531,135
2532,135
2533,135
2534,135
2535,135
2536,135
2537,135
2538,135
2539,135
2540,135
2541,135
2542,135
2543,135
2544,135
2545,135
2546,135
2547,135
2548,135
2549,135
2550,135
2551,135
2552,135
2553,135
2554,135
2555,135
2556,135
2557,135
2558,135
2559,135
2560,135
2561,135
2562,135
2563,135
2564,135
2565,135
2566,135
2567,135
2568,135
2569,135
2570,135
2571,135
2572,135
2573,135
2574,135
2575,135
2576,135
2577,135
2578,135
2579,135
2580,135
2581,135
2582,135
2583,135
2584,135
2585,135
2586,135
2587,135
2588,135
2589,135
2590,135
2591,135
2592,135
2593,135
2594,135
2595,135
2596,135
2597,135
2598,135
2599,135
2600,135
2601,135
2602,136
2603,137
2604,137
2605,137
2606,137
2607,137
2608,137
2609,137
2610,137
2611,137
2612,137
2613,137
2614,137
2615,137
2616,137
2617,137
2618,137
2619,137
2620,137
2621,137
2622,137
2623,137
2624,137
2625,137
2626,137
2627,137
2628,137
2629,137
2630,137
2631,137
2632,137
2633,137
2634,137
2635,137
2636,137
2637,137
2638,137
2639,137
2640,137
2641,137
2642,137
2643,137
2644,137
2645,137
2646,137
2647,137
2648,137
2649,137
2650,137
2651,137
2652,137
2653,137
2654,137
2655,137
2656,137
2657,137
2658,137
2659,137
2660,137
2661,137
2662,137
2663,137
2664,137
2665,137
2666,137
2667,137
2668,137
2669,137
2670,137
2671,137
2672,137
2673,137
2674,137
2675,137
2676,137
2677,137
2678,137
2679,137
2680,137
2681,137
2682,137
2683,137
2684,137
2685,137
2686,137
2687,137
2688,137
2689,137
2690,137
2691,137
2692,137
2693,137
2694,137
2695,137
2696,137
2697,137
2698,137
2699,137
2700,137
2701,137
2702,137
2703,137
2704,137
2705,137
2706,137
2707,137
2708,137
2709,137
2710,137
2711,137
2712,137
2713,137
2714,137
2715,137
2716,137
2717,137
2718,137
2719,137
2720,137
2721,137
2722,137
2723,137
2724,137
2725,137
2726,137
2727,137
2728,137
2729,137
2730,137
2731,137
2732,137
2733,137
2734,137
2735,137
2736,137
2737,137
2738,137
2739,137
2740,137
2741,137
2742,137
2743,137
2744,137
2745,137
2746,137
2747,137
2748,137
2749,137
2750,137
2751,137
2752,137
2753,137
2754,137
2755,137
2756,137
2757,137
2758,137
2759,137
2760,137
2761,137
2762,137
2763,137
2764,137
2765,137
2766,137
2767,137
2768,137
2769,137
2770,137
2771,137
2772,137
2773,137
2774,137
2775,137
2776,137
2777,137
2778,137
2779,137
2780,137
2781,137
2782,137
2783,137
2784,137
2785,137
2786,137
2787,137
2788,137
2789,137
2790,137
2791,137
2792,137
2793,137
2794,137
2795,137
2796,137
2797,137
2798,137
2799,137
2800,137
2801,137
2802,137
2803,137
2804,137
2805,137
2806,137
2807,137
2808,137
2809,137
2810,137
2811,137
2812,137
2813,137
2814,137
2815,137
2816,137
2817,137
2818,137
2819,137
2820,137
2821,137
2822,137
2823,137
2824,137
2825,137
2826,137
2827,137
2828,137
2829,137
2830,137
2831,137
2832,137
2833,137
2834,137
2835,137
2836,137
2837,137
2838,137
2839,137
2840,137
2841,137
2842,137
2843,137
2844,137
2845,137
2846,137
2847,137
2848,137
2849,137
2850,137
2851,137
2852,137
2853,137
2854,137
2855,137
2856,137
2857,137
2858,137
2859,137
2860,137
2861,137
2862,137
2863,137
2864,137
2865,137
2866,137
2867,137
2868,137
2869,137
2870,137
2871,137
2872,137
2873,137
2874,137
2875,137
2876,137
2877,137
2878,137
2879,137
2880,137
2881,137
2882,137
2883,137
2884,137
2885,137
2886,137
2887,137
2888,137
2889,137
2890,137
2891,137
2892,137
2893,137
2894,137
2895,137
2896,137
2897,137
2898,137
2899,137
2900,137
2901,137
2902,137
2903,137
2904,137
2905,137
2906,137
2907,137
2908,137
2909,137
2910,137
2911,137
2912,137
2913,137
2914,137
2915,137
2916,137
2917,137
2918,137
2919,137
2920,137
2921,137
2922,137
2923,137
2924,137
2925,137
2926,137
2927,137
2928,137
2929,137
2930,137
2931,137
2932,137
2933,137
2934,137
2935,137
2936,137
2937,137
2938,137
2939,137
2940,137
2941,137
2942,137
2943,137
2944,137
2945,137
2946,137
2947,137
2948,137
2949,137
2950,137
2951,137
2952,137
2953,137
2954,137
2955,138
2956,138
2957,138
2958,138
2959,138
2960,138
2961,138
2962,138
2963,138
2964,139
2965,140
2966,140
2967,140
2968,140
2969,140
2970,140
2971,140
2972,140
2973,140
2974,140
2975,140
2976,140
2977,140
2978,140
2979,140
2980,140
2981,140
2982,140
2983,140
2984,140
2985,140
2986,140
2987,140
2988,140
2989,140
2990,140
2991,140
2992,140
2993,140
2994,140
2995,140
2996,140
2997,140
2998,140
2999,140
3000,140
3001,140
3002,140
3003,140
3004,140
3005,140
3006,140
3007,140
3008,140
3009,140
3010,140
3011,140
3012,140
3013,140
3014,140
3015,140
3016,140
3017,140
3018,140
3019,140
3020,140
3021,140
3022,140
3023,140
3024,140
3025,140
3026,140
3027,140
3028,140
3029,140
3030,140
3031,140
3032,140
3033,140
3034,140
3035,140
3036,140
3037,140
3038,140
3039,140
3040,140
3041,140
3042,140
3043,140
3044,140
3045,140
3046,140
3047,140
3048,140
3049,140
3050,140
3051,141
3052,141
3053,141
3054,141
3055,141
3056,141
3057,141
3058,141
3059,141
3060,141
3061,141
3062,141
3063,141
3064,141
3065,141
3066,141
3067,141
3068,141
3069,141
3070,141
3071,141
3072,141
3073,141
3074,141
3075,141
3076,141
3077,141
3078,141
3079,141
3080,141
3081,141
3082,141
3083,141
3084,141
3085,141
3086,141
3087,141
3088,141
3089,141
3090,141
3091,141
3092,141
3093,141
3094,141
3095,141
3096,141
3097,141
3098,141
3099,141
3100,141
3101,141
3102,141
3103,141
3104,141
3105,141
3106,141
3107,141
3108,141
3109,141
3110,141
3111,141
3112,141
3113,141
3114,141
3115,141
3116,141
3117,141
3118,141
3119,141
3120,141
3121,141
3122,141
3123,141
3124,141
3125,141
3126,141
3127,141
3128,141
3129,141
3130,141
3131,141
3132,141
3133,141
3134,141
3135,141
3136,141
3137,141
3138,141
3139,141
3140,141
3141,141
3142,141
3143,141
3144,141
3145,141
3146,141
3147,141
3148,141
3149,141
3150,141
3151,141
3152,141
3153,141
3154,141
3155,141
3156,141
3157,141
3158,141
3159,141
3160,141
3161,141
3162,141
3163,141
3164,141
3165,141
3166,141
3167,141
3168,141
3169,141
3170,141
3171,141
3172,141
3173,141
3174,141
3175,141
3176,141
3177,141
3178,141
3179,141
3180,141
3181,141
3182,141
3183,141
3184,141
3185,141
3186,141
3187,141
3188,141
3189,141
3190,141
3191,141
3192,141
3193,141
3194,141
3195,141
3196,141
3197,141
3198,141
3199,141
3200,141
3201,141
3202,141
3203,141
3204,141
3205,141
3206,141
3207,141
3208,141
3209,141
3210,141
3211,141
3212,141
3213,141
3214,141
3215,141
3216,141
3217,141
3218,141
3219,141
3220,141
3221,141
3222,141
3223,141
3224,141
3225,141
3226,141
3227,141
3228,141
3229,141
3230,141
3231,141
3232,141
3233,141
3234,141
3235,141
3236,141
3237,141
3238,141
3239,141
3240,141
3241,141
3242,141
3243,141
3244,141
3245,141
3246,141
3247,141
3248,141
3249,141
3250,141
3251,141
3252,141
3253,141
3254,141
3255,141
3256,141
3257,141
3258,141
3259,141
3260,141
3261,141
3262,141
3263,141
3264,141
3265,141
3266,141
3267,141
3268,141
3269,141
3270,141
3271,141
3272,141
3273,141
3274,141
3275,141
3276,141
3277,141
3278,141
3279,141
3280,141
3281,141
3282,141
3283,141
3284,141
3285,141
3286,141
3287,141
3288,141
3289,141
3290,141
3291,141
3292,141
3293,141
3294,141
3295,141
3296,141
3297,141
3298,141
3299,141
3300,141
3301,141
3302,141
3303,141
3304,141
3305,141
3306,141
3307,141
3308,141
3309,141
3310,141
3311,141
3312,141
3313,141
3314,141
3315,141
3316,141
3317,141
3318,141
3319,141
3320,141
3321,141
3322,141
3323,141
3324,141
3325,141
3326,141
3327,141
3328,141
3329,141
3330,141
3331,141
3332,141
3333,141
3334,141
3335,141
3336,141
3337,141
3338,141
3339,141
3340,141
3341,141
3342,141
3343,141
3344,141
3345,141
3346,141
3347,141
3348,141
3349,141
3350,141
3351,141
3352,141
3353,141
3354,141
3355,141
3356,141
3357,141
3358,141
3359,141
3360,141
3361,141
3362,141
3363,141
3364,141
3365,141
3366,141
3367,141
3368,141
3369,141
3370,141
3371,141
3372,141
3373,141
3374,141
3375,141
3376,141
3377,141
3378,141
3379,141
3380,141
3381,141
3382,141
3383,141
3384,141
3385,141
3386,141
3387,141
3388,141
3389,141
3390,141
3391,141
3392,141
3393,141
3394,141
3395,141
3396,141
3397,141
3398,141
3399,141
3400,141
3401,141
3402,141
3403,141
3404,141
3405,141
3406,141
3407,141
3408,141
3409,141
3410,141
3411,141
3412,141
3413,141
3414,141
3415,141
3416,141
3417,141
3418,141
3419,141
3420,141
3421,141
3422,141
3423,141
3424,141
3425,141
3426,141
3427,141
3428,141
3429,141
3430,141
3431,141
3432,141
3433,141
3434,141
3435,141
3436,141
3437,141
3438,141
3439,141
3440,141
3441,141
3442,141
3443,141
3444,141
3445,141
3446,141
3447,141
3448,141
3449,141
3450,141
3451,141
3452,141
3453,141
3454,141
3455,141
3456,141
3457,141
3458,141
3459,141
3460,141
3461,141
3462,141
3463,141
3464,141
3465,141
3466,141
3467,141
3468,141
3469,141
3470,141
3471,141
3472,141
3473,141
3474,141
3475,141
3476,141
3477,141
3478,141
3479,141
3480,141
3481,141
3482,141
3483,141
3484,141
3485,141
3486,141
3487,141
3488,141
3489,141
3490,141
3491,141
3492,141
3493,141
3494,141
3495,141
3496,141
3497,141
3498,141
3499,141
3500,141
3501,141
3502,141
3503,141
3504,141
3505,141
3506,141
3507,141
3508,141
3509,141
3510,141
3511,141
3512,141
3513,141
3514,141
3515,141
3516,141
3517,141
3518,141
3519,141
3520,141
3521,141
3522,141
3523,141
3524,141
3525,141
3526,141
3527,141
3528,141
3529,141
3530,141
3531,141
3532,141
3533,141
3534,141
3535,141
3536,141
3537,141
3538,141
3539,141
3540,141
3541,141
3542,141
3543,141
3544,141
3545,141
3546,141
3547,141
3548,141
3549,141
3550,141
3551,141
3552,141
3553,141
3554,141
3555,141
3556,141
3557,141
3558,141
3559,141
3560,141
3561,141
3562,141
3563,141
3564,141
3565,141
3566,141
3567,141
3568,141
3569,141
3570,141
3571,141
3572,141
3573,141
3574,141
3575,141
3576,141
3577,141
3578,141
3579,141
3580,141
3581,141
3582,141
3583,141
3584,141
3585,141
3586,141
3587,141
3588,141
3589,141
3590,141
3591,141
3592,141
3593,141
3594,141
3595,141
3596,141
3597,141
3598,141
3599,141
3600,141
3601,141
3602,141
3603,141
3604,141
3605,141
3606,141
3607,141
3608,141
3609,141
3610,141
3611,141
3612,141
3613,141
3614,141
3615,141
3616,141
3617,141
3618,141
3619,141
3620,141
3621,141
3622,141
3623,141
3624,141
3625,141
3626,141
3627,141
3628,141
3629,141
3630,141
3631,141
3632,141
3633,141
3634,141
3635,141
3636,141
3637,141
3638,141
3639,141
3640,141
3641,141
3642,141
3643,141
3644,141
3645,141
3646,141
3647,141
3648,141
3649,141
3650,141
3651,141
3652,141
3653,141
3654,141
3655,141
3656,141
3657,141
3658,141
3659,141
3660,141
3661,141
3662,141
3663,141
3664,141
3665,141
3666,141
3667,141
3668,141
3669,141
3670,141
3671,141
3672,141
3673,141
3674,141
3675,141
3676,141
3677,141
3678,141
3679,141
3680,141
3681,141
3682,141
3683,141
3684,141
3685,141
3686,141
3687,141
3688,141
3689,141
3690,141
3691,141
3692,141
3693,141
3694,141
3695,141
3696,141
3697,141
3698,141
3699,141
3700,141
3701,141
3702,141
3703,141
3704,141
3705,141
3706,141
3707,141
3708,141
3709,141
3710,141
3711,141
3712,141
3713,141
3714,141
3715,141
3716,141
3717,141
3718,141
3719,141
3720,141
3721,141
3722,141
3723,141
3724,141
3725,141
3726,141
3727,141
3728,141
3729,141
3730,141
3731,141
3732,141
3733,141
3734,141
3735,141
3736,141
3737,141
3738,141
3739,141
3740,141
3741,141
3742,141
3743,141
3744,141
3745,141
3746,141
3747,141
3748,141
3749,141
3750,141
3751,141
3752,141
3753,141
3754,141
3755,141
3756,141
3757,141
3758,141
3759,141
3760,141
3761,141
3762,141
3763,141
3764,141
3765,141
3766,141
3767,141
3768,141
3769,141
3770,141
3771,141
3772,141
3773,141
3774,141
3775,141
3776,141
3777,141
3778,141
3779,141
3780,141
3781,141
3782,141
3783,141
3784,141
3785,141
3786,141
3787,141
3788,141
3789,141
3790,141
3791,141
3792,141
3793,141
3794,141
3795,141
3796,141
3797,141
3798,141
3799,141
3800,141
3801,141
3802,141
3803,141
3804,141
3805,141
3806,141
3807,141
3808,141
3809,141
3810,141
3811,141
3812,141
3813,141
3814,141
3815,141
3816,141
3817,141
3818,141
3819,141
3820,141
3821,141
3822,141
3823,141
3824,141
3825,141
3826,141
3827,141
3828,141
3829,141
3830,141
3831,141
3832,141
3833,141
3834,141
3835,141
3836,141
3837,141
3838,141
3839,141
3840,141
3841,141
3842,141
3843,141
3844,141
3845,141
3846,141
3847,141
3848,141
3849,141
3850,141
3851,141
3852,141
3853,141
3854,141
3855,141
3856,141
3857,141
3858,141
3859,141
3860,141
3861,141
3862,141
3863,141
3864,141
3865,141
3866,141
3867,141
3868,141
3869,141
3870,141
3871,141
3872,141
3873,141
3874,141
3875,141
3876,141
3877,141
3878,141
3879,141
3880,141
3881,141
3882,141
3883,141
3884,141
3885,141
3886,141
3887,141
3888,141
3889,141
3890,141
3891,141
3892,141
3893,141
3894,141
3895,141
3896,141
3897,141
3898,141
3899,141
3900,141
3901,141
3902,141
3903,141
3904,141
3905,141
3906,141
3907,141
3908,141
3909,141
3910,141
3911,141
3912,141
3913,141
3914,141
3915,141
3916,141
3917,141
3918,141
3919,141
3920,141
3921,141
3922,141
3923,141
3924,141
3925,141
3926,141
3927,141
3928,141
3929,141
3930,141
3931,141
3932,141
3933,141
3934,141
3935,141
3936,141
3937,141
3938,141
3939,141
3940,141
3941,141
3942,141
3943,141
3944,141
3945,141
3946,141
3947,141
3948,141
3949,141
3950,141
3951,141
3952,141
3953,141
3954,141
3955,141
3956,141
3957,141
3958,141
3959,141
3960,141
3961,141
3962,141
3963,141
3964,141
3965,141
3966,141
3967,141
3968,141
3969,141
3970,141
3971,141
3972,141
3973,141
3974,141
3975,141
3976,141
3977,141
3978,141
3979,141
3980,141
3981,141
3982,141
3983,141
3984,141
3985,141
3986,141
3987,141
3988,141
3989,141
3990,141
3991,141
3992,141
3993,141
3994,141
3995,141
3996,141
3997,141
3998,141
3999,141
4000,141
4001,141
4002,141
4003,141
4004,141
4005,141
4006,141
4007,141
4008,141
4009,141
4010,141
4011,141
4012,141
4013,141
4014,141
4015,141
4016,141
4017,141
4018,141
4019,141
4020,141
4021,141
4022,141
4023,141
4024,141
4025,141
4026,141
4027,141
4028,141
4029,141
4030,141
4031,141
4032,141
4033,141
4034,141
4035,141
4036,141
4037,141
4038,141
4039,141
4040,141
4041,141
4042,141
4043,141
4044,141
4045,141
4046,141
4047,141
4048,141
4049,141
4050,141
4051,141
4052,141
4053,141
4054,141
4055,141
4056,141
4057,141
4058,141
4059,141
4060,141
4061,141
4062,141
4063,141
4064,141
4065,141
4066,141
4067,141
4068,141
4069,141
4070,141
4071,141
4072,141
4073,141
4074,141
4075,141
4076,141
4077,141
4078,141
4079,141
4080,141
4081,141
4082,141
4083,141
4084,141
4085,141
4086,141
4087,141
4088,141
4089,141
4090,141
4091,141
4092,141
4093,141
4094,141
4095,141
4096,141
4097,141
4098,141
4099,141
4100,141
4101,141
4102,141
4103,141
4104,141
4105,141
4106,141
4107,141
4108,141
4109,141
4110,141
4111,141
4112,141
4113,141
4114,141
4115,141
4116,141
4117,141
4118,141
4119,141
4120,141
4121,141
4122,141
4123,141
4124,141
4125,141
4126,141
4127,141
4128,141
4129,141
4130,141
4131,141
4132,141
4133,141
4134,141
4135,141
4136,141
4137,141
4138,141
4139,141
4140,141
4141,141
4142,141
4143,141
4144,141
4145,141
4146,141
4147,141
4148,141
4149,141
4150,141
4151,141
4152,141
4153,141
4154,141
4155,141
4156,141
4157,141
4158,141
4159,141
4160,141
4161,141
4162,141
4163,141
4164,141
4165,141
4166,141
4167,141
4168,141
4169,141
4170,141
4171,141
4172,141
4173,141
4174,141
4175,141
4176,141
4177,141
4178,141
4179,141
4180,141
4181,141
4182,141
4183,141
4184,141
4185,141
4186,141
4187,141
4188,141
4189,141
4190,141
4191,141
4192,141
4193,141
4194,141
4195,141
4196,141
4197,141
4198,141
4199,141
4200,141
4201,141
4202,141
4203,141
4204,141
4205,141
4206,141
4207,141
4208,141
4209,141
4210,141
4211,141
4212,141
4213,141
4214,141
4215,141
4216,141
4217,141
4218,141
4219,141
4220,141
4221,141
4222,141
4223,141
4224,141
4225,141
4226,141
4227,141
4228,141
4229,141
4230,141
4231,141
4232,141
4233,141
4234,141
4235,141
4236,141
4237,141
4238,141
4239,141
4240,141
4241,141
4242,141
4243,141
4244,141
4245,141
4246,141
4247,141
4248,141
4249,141
4250,141
4251,141
4252,141
4253,141
4254,141
4255,141
4256,141
4257,141
4258,141
4259,141
4260,141
4261,141
4262,141
4263,141
4264,141
4265,141
4266,141
4267,141
4268,141
4269,141
4270,141
4271,141
4272,141
4273,141
4274,141
4275,141
4276,141
4277,141
4278,141
4279,141
4280,141
4281,141
4282,141
4283,141
4284,141
4285,141
4286,141
4287,141
4288,141
4289,141
4290,141
4291,141
4292,141
4293,141
4294,141
4295,141
4296,141
4297,141
4298,141
4299,141
4300,141
4301,141
4302,141
4303,141
4304,141
4305,141
4306,141
4307,141
4308,141
4309,141
4310,141
4311,141
4312,141
4313,141
4314,141
4315,141
4316,141
4317,141
4318,141
4319,141
4320,141
4321,141
4322,141
4323,141
4324,141
4325,141
4326,141
4327,141
4328,141
4329,141
4330,141
4331,141
4332,141
4333,141
4334,141
4335,141
4336,141
4337,141
4338,141
4339,141
4340,141
4341,141
4342,141
4343,141
4344,141
4345,141
4346,141
4347,141
4348,141
4349,141
4350,141
4351,141
4352,141
4353,141
4354,141
4355,141
4356,141
4357,141
4358,141
4359,141
4360,141
4361,141
4362,141
4363,141
4364,141
4365,141
4366,141
4367,141
4368,141
4369,141
4370,141
4371,141
4372,141
4373,141
4374,141
4375,141
4376,141
4377,141
4378,141
4379,141
4380,141
4381,141
4382,141
4383,141
4384,141
4385,141
4386,141
4387,141
4388,141
4389,141
4390,141
4391,141
4392,141
4393,141
4394,141
4395,141
4396,141
4397,141
4398,141
4399,141
4400,141
4401,141
4402,141
4403,141
4404,141
4405,141
4406,141
4407,141
4408,141
4409,141
4410,141
4411,141
4412,141
4413,141
4414,141
4415,141
4416,141
4417,141
4418,141
4419,141
4420,141
4421,141
4422,141
4423,141
4424,141
4425,141
4426,141
4427,141
4428,141
4429,141
4430,141
4431,141
4432,141
4433,141
4434,141
4435,141
4436,141
4437,141
4438,141
4439,141
4440,141
4441,141
4442,141
4443,141
4444,141
4445,141
4446,141
4447,141
4448,141
4449,141
4450,141
4451,141
4452,141
4453,141
4454,141
4455,141
4456,141
4457,141
4458,141
4459,141
4460,141
4461,141
4462,141
4463,141
4464,141
4465,141
4466,141
4467,141
4468,141
4469,141
4470,141
4471,141
4472,141
4473,141
4474,141
4475,141
4476,141
4477,141
4478,141
4479,141
4480,141
4481,141
4482,141
4483,141
4484,141
4485,141
4486,141
4487,141
4488,141
4489,141
4490,141
4491,141
4492,141
4493,141
4494,141
4495,141
4496,141
4497,141
4498,141
4499,141
4500,141
4501,141
4502,141
4503,141
4504,141
4505,141
4506,141
4507,141
4508,141
4509,141
4510,141
4511,141
4512,141
4513,141
4514,141
4515,141
4516,141
4517,141
4518,141
4519,141
4520,141
4521,141
4522,141
4523,141
4524,141
4525,141
4526,141
4527,141
4528,141
4529,141
4530,141
4531,141
4532,141
4533,141
4534,141
4535,141
4536,141
4537,141
4538,141
4539,141
4540,141
4541,141
4542,141
4543,141
4544,141
4545,141
4546,141
4547,141
4548,141
4549,141
4550,141
4551,141
4552,141
4553,141
4554,141
4555,141
4556,141
4557,141
4558,141
4559,141
4560,141
4561,141
4562,141
4563,141
4564,141
4565,141
4566,141
4567,141
4568,141
4569,141
4570,141
4571,141
4572,141
4573,141
4574,141
4575,141
4576,141
4577,141
4578,141
4579,141
4580,141
4581,141
4582,141
4583,141
4584,141
4585,141
4586,141
4587,141
4588,141
4589,141
4590,141
4591,141
4592,141
4593,141
4594,141
4595,141
4596,141
4597,141
4598,141
4599,141
4600,141
4601,141
4602,141
4603,141
4604,141
4605,141
4606,141
4607,141
4608,141
4609,141
4610,141
4611,141
4612,141
4613,141
4614,141
4615,141
4616,141
4617,141
4618,141
4619,141
4620,141
4621,141
4622,141
4623,141
4624,141
4625,141
4626,141
4627,141
4628,141
4629,141
4630,141
4631,141
4632,141
4633,141
4634,141
4635,141
4636,141
4637,141
4638,141
4639,141
4640,141
4641,141
4642,141
4643,141
4644,141
4645,141
4646,141
4647,141
4648,141
4649,141
4650,141
4651,141
4652,141
4653,141
4654,141
4655,141
4656,141
4657,141
4658,141
4659,141
4660,141
4661,141
4662,141
4663,141
4664,141
4665,141
4666,141
4667,141
4668,141
4669,141
4670,141
4671,141
4672,141
4673,141
4674,141
4675,141
4676,141
4677,141
4678,141
4679,141
4680,141
4681,141
4682,141
4683,141
4684,141
4685,141
4686,141
4687,141
4688,141
4689,141
4690,141
4691,141
4692,141
4693,141
4694,141
4695,141
4696,141
4697,141
4698,141
4699,141
4700,141
4701,141
4702,141
4703,141
4704,141
4705,141
4706,141
4707,141
4708,141
4709,141
4710,141
4711,141
4712,141
4713,141
4714,141
4715,141
4716,141
4717,141
4718,141
4719,141
4720,141
4721,141
4722,141
4723,141
4724,141
4725,141
4726,141
4727,141
4728,141
4729,141
4730,141
4731,141
4732,141
4733,141
4734,141
4735,141
4736,141
4737,141
4738,141
4739,141
4740,141
4741,141
4742,141
4743,141
4744,141
4745,141
4746,141
4747,141
4748,141
4749,141
4750,141
4751,141
4752,141
4753,141
4754,141
4755,141
4756,141
4757,141
4758,141
4759,141
4760,141
4761,141
4762,141
4763,141
4764,141
4765,141
4766,141
4767,141
4768,141
4769,141
4770,141
4771,141
4772,141
4773,141
4774,141
4775,141
4776,141
4777,141
4778,141
4779,141
4780,141
4781,141
4782,141
4783,141
4784,141
4785,141
4786,141
4787,141
4788,141
4789,141
4790,141
4791,141
4792,141
4793,141
4794,141
4795,141
4796,141
4797,141
4798,141
4799,141
4800,141
4801,141
4802,141
4803,141
4804,141
4805,141
4806,141
4807,141
4808,141
4809,141
4810,141
4811,141
4812,141
4813,141
4814,141
4815,141
4816,141
4817,141
4818,141
4819,141
4820,141
4821,141
4822,141
4823,141
4824,141
4825,141
4826,141
4827,141
4828,141
4829,141
4830,141
4831,141
4832,141
4833,141
4834,141
4835,141
4836,141
4837,141
4838,141
4839,141
4840,141
4841,141
4842,141
4843,141
4844,141
4845,141
4846,141
4847,141
4848,141
4849,141
4850,141
4851,141
4852,141
4853,141
4854,141
4855,141
4856,141
4857,141
4858,141
4859,141
4860,141
4861,141
4862,141
4863,141
4864,141
4865,141
4866,141
4867,141
4868,141
4869,141
4870,141
4871,141
4872,141
4873,141
4874,141
4875,141
4876,141
4877,141
4878,141
4879,141
4880,141
4881,141
4882,141
4883,141
4884,141
4885,141
4886,141
4887,141
4888,141
4889,141
4890,141
4891,141
4892,141
4893,141
4894,141
4895,141
4896,141
4897,141
4898,141
4899,141
4900,141
4901,141
4902,141
4903,141
4904,141
4905,141
4906,141
4907,141
4908,141
4909,141
4910,141
4911,141
4912,141
4913,141
4914,141
4915,141
4916,141
4917,141
4918,141
4919,141
4920,141
4921,141
4922,141
4923,141
4924,141
4925,141
4926,141
4927,141
4928,141
4929,141
4930,141
4931,141
4932,141
4933,141
4934,141
4935,141
4936,141
4937,141
4938,141
4939,141
4940,141
4941,141
4942,141
4943,141
4944,141
4945,141
4946,141
4947,141
4948,141
4949,141
4950,141
4951,141
4952,141
4953,141
4954,141
4955,141
4956,141
4957,141
4958,141
4959,141
4960,141
4961,141
4962,141
4963,141
4964,141
4965,141
4966,141
4967,141
4968,141
4969,141
4970,141
4971,141
4972,141
4973,141
4974,141
4975,141
4976,141
4977,141
4978,141
4979,141
4980,141
4981,141
4982,141
4983,141
4984,141
4985,141
4986,141
4987,141
4988,141
4989,141
4990,141
4991,141
4992,141
4993,141
4994,141
4995,141
4996,141
4997,141
4998,141
4999,141
5000,141
5001,141
5002,141
5003,141
5004,141
5005,141
5006,141
5007,141
5008,141
5009,141
5010,141
5011,141
5012,141
5013,141
5014,141
5015,141
5016,141
5017,141
5018,141
5019,141
5020,141
5021,141
5022,141
5023,141
5024,141
5025,141
5026,141
5027,141
5028,141
5029,141
5030,141
5031,141
5032,141
5033,141
5034,141
5035,141
5036,141
5037,141
5038,141
5039,141
5040,141
5041,141
5042,141
5043,141
5044,141
5045,141
5046,141
5047,141
5048,141
5049,141
5050,141
5051,141
5052,141
5053,141
5054,141
5055,141
5056,141
5057,141
5058,141
5059,141
5060,141
5061,141
5062,141
5063,141
5064,141
5065,141
5066,141
5067,141
5068,141
5069,141
5070,141
5071,141
5072,141
5073,141
5074,141
5075,141
5076,141
5077,141
5078,141
5079,141
5080,141
5081,141
5082,141
5083,141
5084,141
5085,141
5086,141
5087,141
5088,141
5089,141
5090,141
5091,141
5092,141
5093,141
5094,141
5095,141
5096,141
5097,141
5098,141
5099,141
5100,141
5101,141
5102,141
5103,141
5104,141
5105,141
5106,141
5107,141
5108,141
5109,141
5110,141
5111,141
5112,141
5113,141
5114,141
5115,141
5116,141
5117,141
5118,141
5119,141
5120,141
5121,141
5122,141
5123,141
5124,141
5125,141
5126,141
5127,141
5128,141
5129,141
5130,141
5131,141
5132,141
5133,141
5134,141
5135,141
5136,141
5137,141
5138,141
5139,141
5140,141
5141,141
5142,141
5143,141
5144,141
5145,141
5146,141
5147,141
5148,141
5149,141
5150,141
5151,141
5152,141
5153,141
5154,141
5155,141
5156,141
5157,141
5158,141
5159,141
5160,141
5161,141
5162,141
5163,141
5164,141
5165,141
5166,141
5167,141
5168,141
5169,141
5170,141
5171,141
5172,141
5173,141
5174,141
5175,141
5176,141
5177,141
5178,141
5179,141
5180,141
5181,141
5182,141
5183,141
5184,141
5185,141
5186,141
5187,141
5188,141
5189,141
5190,141
5191,141
5192,141
5193,141
5194,141
5195,141
5196,141
5197,141
5198,141
5199,141
5200,141
5201,141
5202,141
5203,141
5204,141
5205,141
5206,141
5207,141
5208,141
5209,141
5210,141
5211,141
5212,141
5213,141
5214,141
5215,141
5216,141
5217,141
5218,141
5219,141
5220,141
5221,141
5222,141
5223,141
5224,141
5225,141
5226,141
5227,141
5228,141
5229,141
5230,141
5231,141
5232,141
5233,141
5234,141
5235,141
5236,141
5237,141
5238,141
5239,141
5240,141
5241,141
5242,141
5243,141
5244,141
5245,141
5246,141
5247,141
5248,141
5249,141
5250,141
5251,141
5252,141
5253,141
5254,141
5255,141
5256,141
5257,141
5258,141
5259,141
5260,141
5261,141
5262,141
5263,141
5264,141
5265,141
5266,141
5267,141
5268,141
5269,141
5270,141
5271,141
5272,141
5273,141
5274,141
5275,141
5276,141
5277,141
5278,141
5279,141
5280,141
5281,141
5282,141
5283,141
5284,141
5285,141
5286,141
5287,141
5288,141
5289,141
5290,141
5291,141
5292,141
5293,141
5294,141
5295,141
5296,141
5297,141
5298,141
5299,141
5300,141
5301,141
5302,141
5303,141
5304,141
5305,141
5306,141
5307,141
5308,141
5309,141
5310,141
5311,141
5312,141
5313,141
5314,141
5315,141
5316,141
5317,141
5318,141
5319,141
5320,141
5321,141
5322,141
5323,141
5324,141
5325,141
5326,141
5327,141
5328,141
5329,141
5330,141
5331,141
5332,141
5333,141
5334,141
5335,141
5336,141
5337,141
5338,141
5339,141
5340,141
5341,141
5342,141
5343,141
5344,141
5345,141
5346,141
5347,141
5348,141
5349,141
5350,141
5351,141
5352,141
5353,141
5354,141
5355,141
5356,141
5357,141
5358,141
5359,141
5360,141
5361,141
5362,141
5363,141
5364,141
5365,141
5366,141
5367,141
5368,141
5369,141
5370,141
5371,141
5372,141
5373,141
5374,141
5375,141
5376,141
5377,141
5378,141
5379,141
5380,141
5381,141
5382,141
5383,141
5384,141
5385,141
5386,141
5387,141
5388,141
5389,141
5390,141
5391,141
5392,141
5393,141
5394,141
5395,141
5396,141
5397,141
5398,141
5399,141
5400,141
5401,141
5402,141
5403,141
5404,141
5405,141
5406,141
5407,141
5408,141
5409,141
5410,141
5411,141
5412,141
5413,141
5414,141
5415,141
5416,141
5417,141
5418,141
5419,141
5420,141
5421,141
5422,141
5423,141
5424,141
5425,141
5426,141
5427,141
5428,141
5429,141
5430,141
5431,141
5432,141
5433,141
5434,141
5435,141
5436,141
5437,141
5438,141
5439,141
5440,141
5441,141
5442,141
5443,141
5444,141
5445,141
5446,141
5447,141
5448,141
5449,141
5450,141
5451,141
5452,141
5453,141
5454,141
5455,141
5456,141
5457,141
5458,141
5459,141
5460,141
5461,141
5462,141
5463,141
5464,141
5465,141
5466,141
5467,141
5468,141
5469,141
5470,141
5471,141
5472,141
5473,141
5474,141
5475,141
5476,141
5477,141
5478,141
5479,141
5480,141
5481,141
5482,141
5483,141
5484,141
5485,141
5486,141
5487,141
5488,141
5489,141
5490,141
5491,141
5492,141
5493,141
5494,141
5495,141
5496,141
5497,141
5498,141
5499,141
5500,141
5501,141
5502,141
5503,141
5504,141
5505,141
5506,141
5507,141
5508,141
5509,141
5510,141
5511,141
5512,141
5513,141
5514,141
5515,141
5516,141
5517,141
5518,141
5519,141
5520,141
5521,141
5522,141
5523,141
5524,141
5525,141
5526,141
5527,141
5528,141
5529,141
5530,141
5531,141
5532,141
5533,141
5534,141
5535,141
5536,141
5537,141
5538,141
5539,141
5540,141
5541,141
5542,141
5543,141
5544,141
5545,141
5546,141
5547,141
5548,141
5549,141
5550,141
5551,141
5552,141
5553,141
5554,141
5555,141
5556,141
5557,141
5558,141
5559,141
5560,141
5561,141
5562,141
5563,141
5564,141
5565,141
5566,141
5567,141
5568,141
5569,141
5570,141
5571,141
5572,141
5573,141
5574,141
5575,141
5576,141
5577,141
5578,141
5579,141
5580,141
5581,141
5582,141
5583,141
5584,141
5585,141
5586,141
5587,141
5588,141
5589,141
5590,141
5591,141
5592,141
5593,141
5594,141
5595,141
5596,141
5597,141
5598,141
5599,141
5600,141
5601,141
5602,141
5603,141
5604,141
5605,141
5606,141
5607,141
5608,141
5609,141
5610,141
5611,141
5612,141
5613,141
5614,141
5615,141
5616,141
5617,141
5618,141
5619,141
5620,141
5621,141
5622,141
5623,141
5624,141
5625,141
5626,141
5627,141
5628,141
5629,141
5630,141
5631,141
5632,141
5633,141
5634,141
5635,141
5636,141
5637,141
5638,141
5639,141
5640,141
5641,141
5642,141
5643,141
5644,141
5645,141
5646,141
5647,141
5648,141
5649,141
5650,141
5651,141
5652,141
5653,141
5654,141
5655,141
5656,141
5657,141
5658,141
5659,141
5660,141
5661,141
5662,141
5663,141
5664,141
5665,141
5666,141
5667,141
5668,141
5669,141
5670,141
5671,141
5672,141
5673,141
5674,141
5675,141
5676,141
5677,141
5678,141
5679,141
5680,141
5681,141
5682,141
5683,141
5684,141
5685,141
5686,141
5687,141
5688,141
5689,141
5690,141
5691,141
5692,141
5693,141
5694,141
5695,141
5696,141
5697,141
5698,141
5699,141
5700,141
5701,141
5702,141
5703,141
5704,141
5705,141
5706,141
5707,141
5708,141
5709,141
5710,141
5711,141
5712,141
5713,141
5714,141
5715,141
5716,141
5717,141
5718,141
5719,141
5720,141
5721,141
5722,141
5723,141
5724,141
5725,141
5726,141
5727,141
5728,141
5729,141
5730,141
5731,141
5732,141
5733,141
5734,141
5735,141
5736,141
5737,141
5738,141
5739,141
5740,141
5741,141
5742,141
5743,141
5744,141
5745,141
5746,141
5747,141
5748,141
5749,141
5750,141
5751,141
5752,141
5753,141
5754,141
5755,141
5756,141
5757,141
5758,141
5759,141
5760,141
5761,141
5762,141
5763,141
5764,141
5765,141
5766,141
5767,141
5768,141
5769,141
5770,141
5771,141
5772,141
5773,141
5774,141
5775,141
5776,141
5777,141
5778,141
5779,141
5780,141
5781,141
5782,141
5783,141
5784,141
5785,141
5786,141
5787,141
5788,141
5789,141
5790,141
5791,141
5792,141
5793,141
5794,141
5795,141
5796,141
5797,141
5798,141
5799,141
5800,141
5801,141
5802,141
5803,141
5804,141
5805,141
5806,141
5807,141
5808,141
5809,141
5810,141
5811,141
5812,141
5813,141
5814,141
5815,141
5816,141
5817,141
5818,141
5819,141
5820,141
5821,141
5822,141
5823,141
5824,141
5825,141
5826,141
5827,141
5828,141
5829,141
5830,141
5831,141
5832,141
5833,141
5834,141
5835,141
5836,141
5837,141
5838,141
5839,141
5840,141
5841,141
5842,141
5843,141
5844,141
5845,141
5846,141
5847,141
5848,141
5849,141
5850,141
5851,141
5852,141
5853,141
5854,141
5855,141
5856,141
5857,141
5858,141
5859,141
5860,141
5861,141
5862,141
5863,141
5864,141
5865,141
5866,141
5867,141
5868,141
5869,141
5870,141
5871,141
5872,141
5873,141
5874,141
5875,141
5876,141
5877,141
5878,141
5879,141
5880,141
5881,141
5882,141
5883,141
5884,141
5885,141
5886,141
5887,141
5888,141
5889,141
5890,141
5891,141
5892,141
5893,141
5894,141
5895,141
5896,141
5897,141
5898,141
5899,141
5900,141
5901,141
5902,141
5903,141
5904,141
5905,141
5906,141
5907,141
5908,141
5909,141
5910,141
5911,141
5912,141
5913,141
5914,141
5915,141
5916,141
5917,141
5918,141
5919,141
5920,141
5921,141
5922,141
5923,141
5924,141
5925,141
5926,141
5927,141
5928,141
5929,141
5930,141
5931,141
5932,141
5933,141
5934,141
5935,141
5936,141
5937,141
5938,141
5939,141
5940,141
5941,141
5942,141
5943,141
5944,141
5945,141
5946,141
5947,141
5948,141
5949,141
5950,141
5951,141
5952,141
5953,141
5954,141
5955,141
5956,141
5957,141
5958,141
5959,141
5960,141
5961,141
5962,141
5963,141
5964,141
5965,141
5966,141
5967,141
5968,141
5969,141
5970,141
5971,141
5972,141
5973,141
5974,141
5975,141
5976,141
5977,141
5978,141
5979,141
5980,141
5981,141
5982,141
5983,141
5984,141
5985,141
5986,141
5987,141
5988,141
5989,141
5990,141
5991,141
5992,141
5993,141
5994,141
5995,141
5996,141
5997,141
5998,141
5999,141
6000,141
6001,141
6002,141
6003,141
6004,141
6005,141
6006,141
6007,141
6008,141
6009,141
6010,141
6011,141
6012,141
6013,141
6014,141
6015,141
6016,141
6017,141
6018,141
6019,141
6020,141
6021,141
6022,141
6023,141
6024,141
6025,141
6026,141
6027,141
6028,141
6029,141
6030,141
6031,141
6032,141
6033,141
6034,141
6035,141
6036,141
6037,141
6038,141
6039,141
6040,141
6041,141
6042,141
6043,141
6044,141
6045,141
6046,141
6047,141
6048,141
6049,141
6050,141
6051,141
6052,141
6053,141
6054,141
6055,141
6056,141
6057,141
6058,141
6059,141
6060,141
6061,141
6062,141
6063,141
6064,141
6065,141
6066,141
6067,141
6068,141
6069,141
6070,141
6071,141
6072,141
6073,141
6074,141
6075,141
6076,141
6077,141
6078,141
6079,141
6080,141
6081,141
6082,141
6083,141
6084,141
6085,141
6086,141
6087,141
6088,141
6089,141
6090,141
6091,141
6092,141
6093,141
6094,141
6095,141
6096,141
6097,141
6098,141
6099,141
6100,141
6101,141
6102,141
6103,141
6104,141
6105,141
6106,141
6107,141
6108,141
6109,141
6110,141
6111,141
6112,141
6113,141
6114,141
6115,141
6116,141
6117,141
6118,141
6119,141
6120,141
6121,141
6122,141
6123,141
6124,141
6125,141
6126,141
6127,141
6128,141
6129,141
6130,141
6131,141
6132,141
6133,141
6134,141
6135,141
6136,141
6137,141
6138,141
6139,141
6140,141
6141,141
6142,141
6143,141
6144,141
6145,141
6146,141
6147,141
6148,141
6149,141
6150,141
6151,141
6152,141
6153,141
6154,141
6155,141
6156,141
6157,141
6158,141
6159,141
6160,141
6161,141
6162,141
6163,141
6164,141
6165,141
6166,141
6167,141
6168,141
6169,141
6170,141
6171,141
6172,141
6173,141
6174,141
6175,141
6176,141
6177,141
6178,141
6179,141
6180,141
6181,141
6182,141
6183,141
6184,141
6185,141
6186,141
6187,141
6188,141
6189,141
6190,141
6191,141
6192,141
6193,141
6194,141
6195,141
6196,141
6197,141
6198,141
6199,141
6200,141
6201,141
6202,141
6203,141
6204,141
6205,141
6206,141
6207,141
6208,141
6209,141
6210,141
6211,141
6212,141
6213,141
6214,141
6215,141
6216,141
6217,141
6218,141
6219,141
6220,141
6221,141
6222,141
6223,141
6224,141
6225,141
6226,141
6227,141
6228,141
6229,141
6230,141
6231,141
6232,141
6233,141
6234,141
6235,141
6236,141
6237,141
6238,141
6239,141
6240,141
6241,141
6242,141
6243,141
6244,141
6245,141
6246,141
6247,141
6248,141
6249,141
6250,141
6251,141
6252,141
6253,141
6254,141
6255,141
6256,141
6257,141
6258,141
6259,141
6260,141
6261,141
6262,141
6263,141
6264,141
6265,141
6266,141
6267,141
6268,141
6269,141
6270,141
6271,141
6272,141
6273,141
6274,141
6275,141
6276,141
6277,141
6278,141
6279,141
6280,141
6281,141
6282,141
6283,141
6284,141
6285,141
6286,141
6287,141
6288,141
6289,141
6290,141
6291,141
6292,141
6293,141
6294,141
6295,141
6296,141
6297,141
6298,141
6299,141
6300,141
6301,141
6302,141
6303,141
6304,141
6305,141
6306,141
6307,141
6308,141
6309,141
6310,141
6311,141
6312,141
6313,141
6314,141
6315,141
6316,141
6317,141
6318,141
6319,141
6320,141
6321,141
6322,141
6323,141
6324,141
6325,141
6326,141
6327,141
6328,141
6329,141
6330,141
6331,141
6332,141
6333,141
6334,141
6335,141
6336,141
6337,141
6338,141
6339,141
6340,141
6341,141
6342,141
6343,141
6344,141
6345,141
6346,141
6347,141
6348,141
6349,141
6350,141
6351,141
6352,141
6353,141
6354,141
6355,141
6356,141
6357,141
6358,141
6359,141
6360,141
6361,141
6362,141
6363,141
6364,141
6365,141
6366,141
6367,141
6368,141
6369,141
6370,141
6371,141
6372,141
6373,141
6374,141
6375,141
6376,141
6377,141
6378,141
6379,141
6380,141
6381,141
6382,141
6383,141
6384,141
6385,141
6386,141
6387,141
6388,141
6389,141
6390,141
6391,141
6392,141
6393,141
6394,141
6395,141
6396,141
6397,141
6398,141
6399,141
6400,141
6401,141
6402,141
6403,141
6404,141
6405,141
6406,141
6407,141
6408,141
6409,141
6410,141
6411,141
6412,141
6413,141
6414,141
6415,141
6416,141
6417,141
6418,141
6419,141
6420,141
6421,141
6422,141
6423,141
6424,141
6425,141
6426,141
6427,141
6428,141
6429,141
6430,141
6431,141
6432,141
6433,141
6434,141
6435,141
6436,141
6437,141
6438,141
6439,141
6440,141
6441,141
6442,141
6443,141
6444,141
6445,141
6446,141
6447,141
6448,141
6449,141
6450,141
6451,141
6452,141
6453,141
6454,141
6455,141
6456,141
6457,141
6458,141
6459,141
6460,141
6461,141
6462,141
6463,141
6464,141
6465,141
6466,141
6467,141
6468,141
6469,141
6470,141
6471,141
6472,141
6473,141
6474,141
6475,141
6476,141
6477,141
6478,141
6479,141
6480,141
6481,141
6482,141
6483,141
6484,141
6485,141
6486,141
6487,141
6488,141
6489,141
6490,141
6491,141
6492,141
6493,141
6494,141
6495,141
6496,141
6497,141
6498,141
6499,141
6500,141
6501,141
6502,141
6503,141
6504,141
6505,141
6506,141
6507,141
6508,141
6509,141
6510,141
6511,141
6512,141
6513,141
6514,141
6515,141
6516,141
6517,141
6518,141
6519,141
6520,141
6521,141
6522,141
6523,141
6524,141
6525,141
6526,141
6527,141
6528,141
6529,141
6530,141
6531,141
6532,141
6533,141
6534,141
6535,141
6536,141
6537,141
6538,141
6539,141
6540,141
6541,141
6542,141
6543,141
6544,141
6545,141
6546,141
6547,141
6548,141
6549,141
6550,141
6551,141
6552,141
6553,141
6554,141
6555,141
6556,141
6557,141
6558,141
6559,141
6560,141
6561,141
6562,141
6563,141
6564,141
6565,141
6566,141
6567,141
6568,141
6569,141
6570,141
6571,141
6572,141
6573,141
6574,141
6575,141
6576,141
6577,141
6578,141
6579,141
6580,141
6581,141
6582,141
6583,141
6584,141
6585,141
6586,141
6587,141
6588,141
6589,141
6590,141
6591,141
6592,141
6593,141
6594,141
6595,141
6596,141
6597,141
6598,141
6599,141
6600,141
6601,141
6602,141
6603,141
6604,141
6605,141
6606,141
6607,141
6608,141
6609,141
6610,141
6611,141
6612,141
6613,141
6614,141
6615,141
6616,141
6617,141
6618,141
6619,141
6620,141
6621,141
6622,141
6623,141
6624,141
6625,141
6626,141
6627,141
6628,141
6629,141
6630,141
6631,141
6632,141
6633,141
6634,141
6635,141
6636,141
6637,141
6638,141
6639,141
6640,141
6641,141
6642,141
6643,141
6644,141
6645,141
6646,141
6647,141
6648,141
6649,141
6650,141
6651,141
6652,141
6653,141
6654,141
6655,141
6656,141
6657,141
6658,141
6659,141
6660,141
6661,141
6662,141
6663,141
6664,141
6665,141
6666,141
6667,141
6668,141
6669,141
6670,141
6671,141
6672,141
6673,141
6674,141
6675,141
6676,141
6677,141
6678,141
6679,141
6680,141
6681,141
6682,141
6683,141
6684,141
6685,141
6686,141
6687,141
6688,141
6689,141
6690,141
6691,141
6692,141
6693,141
6694,141
6695,141
6696,141
6697,141
6698,141
6699,141
6700,141
6701,141
6702,141
6703,141
6704,141
6705,141
6706,141
6707,141
6708,141
6709,141
6710,141
6711,141
6712,141
6713,141
6714,141
6715,141
6716,141
6717,141
6718,141
6719,141
6720,141
6721,141
6722,141
6723,141
6724,141
6725,141
6726,141
6727,141
6728,141
6729,141
6730,141
6731,141
6732,141
6733,141
6734,141
6735,141
6736,141
6737,141
6738,141
6739,141
6740,141
6741,141
6742,141
6743,141
6744,141
6745,141
6746,141
6747,141
6748,141
6749,141
6750,141
6751,141
6752,141
6753,141
6754,141
6755,141
6756,141
6757,141
6758,141
6759,141
6760,141
6761,141
6762,141
6763,141
6764,141
6765,141
6766,141
6767,141
6768,141
6769,141
6770,141
6771,141
6772,141
6773,141
6774,141
6775,141
6776,141
6777,141
6778,141
6779,141
6780,141
6781,141
6782,141
6783,141
6784,141
6785,141
6786,141
6787,141
6788,141
6789,141
6790,141
6791,141
6792,141
6793,141
6794,141
6795,141
6796,141
6797,141
6798,141
6799,141
6800,141
6801,141
6802,141
6803,141
6804,141
6805,141
6806,141
6807,141
6808,141
6809,141
6810,141
6811,141
6812,141
6813,141
6814,141
6815,141
6816,141
6817,141
6818,141
6819,141
6820,141
6821,141
6822,141
6823,141
6824,141
6825,141
6826,141
6827,141
6828,141
6829,141
6830,141
6831,141
6832,141
6833,141
6834,141
6835,141
6836,141
6837,141
6838,141
6839,141
6840,141
6841,141
6842,141
6843,141
6844,141
6845,141
6846,141
6847,141
6848,141
6849,141
6850,141
6851,141
6852,141
6853,141
6854,141
6855,141
6856,141
6857,141
6858,141
6859,141
6860,141
6861,141
6862,141
6863,141
6864,141
6865,141
6866,141
6867,141
6868,141
6869,141
6870,141
6871,141
6872,141
6873,141
6874,141
6875,141
6876,141
6877,141
6878,141
6879,141
6880,141
6881,141
6882,141
6883,141
6884,141
6885,141
6886,141
6887,141
6888,141
6889,141
6890,141
6891,141
6892,141
6893,141
6894,141
6895,141
6896,141
6897,141
6898,141
6899,141
6900,141
6901,141
6902,141
6903,141
6904,141
6905,141
6906,141
6907,141
6908,141
6909,141
6910,141
6911,141
6912,141
6913,141
6914,141
6915,141
6916,141
6917,141
6918,141
6919,141
6920,141
6921,141
6922,141
6923,141
6924,141
6925,141
6926,141
6927,141
6928,141
6929,141
6930,141
6931,141
6932,141
6933,141
6934,141
6935,141
6936,141
6937,141
6938,141
6939,141
6940,141
6941,141
6942,141
6943,141
6944,141
6945,141
6946,141
6947,141
6948,141
6949,141
6950,141
6951,141
6952,141
6953,141
6954,141
6955,141
6956,141
6957,141
6958,141
6959,141
6960,141
6961,141
6962,141
6963,141
6964,141
6965,141
6966,141
6967,141
6968,141
6969,141
6970,141
6971,141
6972,141
6973,141
6974,141
6975,141
6976,141
6977,141
6978,141
6979,141
6980,141
6981,141
6982,141
6983,141
6984,141
6985,141
6986,141
6987,141
6988,141
6989,141
6990,141
6991,141
6992,141
6993,141
6994,141
6995,141
6996,141
6997,141
6998,141
6999,141
7000,141
7001,141
7002,141
7003,141
7004,141
7005,141
7006,141
7007,141
7008,141
7009,141
7010,141
7011,141
7012,141
7013,141
7014,141
7015,141
7016,141
7017,141
7018,141
7019,141
7020,141
7021,141
7022,141
7023,141
7024,141
7025,141
7026,141
7027,141
7028,141
7029,141
7030,141
7031,141
7032,141
7033,141
7034,141
7035,141
7036,141
7037,141
7038,141
7039,141
7040,141
7041,141
7042,141
7043,141
7044,141
7045,141
7046,141
7047,141
7048,141
7049,141
7050,141
7051,141
7052,141
7053,141
7054,141
7055,141
7056,141
7057,141
7058,141
7059,141
7060,141
7061,141
7062,141
7063,141
7064,141
7065,141
7066,141
7067,141
7068,141
7069,141
7070,141
7071,141
7072,141
7073,141
7074,141
7075,141
7076,141
7077,141
7078,141
7079,141
7080,141
7081,141
7082,141
7083,141
7084,141
7085,141
7086,141
7087,141
7088,141
7089,141
7090,141
7091,141
7092,141
7093,141
7094,141
7095,141
7096,141
7097,141
7098,141
7099,141
7100,141
7101,141
7102,141
7103,141
7104,141
7105,141
7106,141
7107,141
7108,141
7109,141
7110,141
7111,141
7112,141
7113,141
7114,141
7115,141
7116,141
7117,141
7118,141
7119,141
7120,141
7121,141
7122,141
7123,141
7124,141
7125,141
7126,141
7127,141
7128,141
7129,141
7130,141
7131,141
7132,141
7133,141
7134,141
7135,141
7136,141
7137,141
7138,141
7139,141
7140,141
7141,141
7142,141
7143,141
7144,141
7145,141
7146,141
7147,141
7148,141
7149,141
7150,141
7151,141
7152,141
7153,141
7154,141
7155,141
7156,141
7157,141
7158,141
7159,141
7160,141
7161,141
7162,141
7163,141
7164,141
7165,141
7166,141
7167,141
7168,141
7169,141
7170,141
7171,141
7172,141
7173,141
7174,141
7175,141
7176,141
7177,141
7178,141
7179,141
7180,141
7181,141
7182,141
7183,141
7184,141
7185,141
7186,141
7187,141
7188,141
7189,141
7190,141
7191,141
7192,141
7193,141
7194,141
7195,141
7196,141
7197,141
7198,141
7199,141
7200,141
7201,141
7202,141
7203,141
7204,141
7205,141
7206,141
7207,141
7208,141
7209,141
7210,141
7211,141
7212,141
7213,141
7214,141
7215,141
7216,141
7217,141
7218,141
7219,141
7220,141
7221,141
7222,141
7223,141
7224,141
7225,141
7226,141
7227,141
7228,141
7229,141
7230,141
7231,141
7232,141
7233,141
7234,141
7235,141
7236,141
7237,141
7238,141
7239,141
7240,141
7241,141
7242,141
7243,141
7244,141
7245,141
7246,141
7247,141
7248,141
7249,141
7250,141
7251,141
7252,141
7253,141
7254,141
7255,141
7256,141
7257,141
7258,141
7259,141
7260,141
7261,141
7262,141
7263,141
7264,141
7265,141
7266,141
7267,141
7268,141
7269,141
7270,141
7271,141
7272,141
7273,141
7274,141
7275,141
7276,141
7277,141
7278,141
7279,141
7280,141
7281,141
7282,141
7283,141
7284,141
7285,141
7286,141
7287,141
7288,141
7289,141
7290,141
7291,141
7292,141
7293,141
7294,141
7295,141
7296,141
7297,141
7298,141
7299,141
7300,141
7301,141
7302,141
7303,141
7304,141
7305,141
7306,141
7307,141
7308,141
7309,141
7310,141
7311,141
7312,141
7313,141
7314,141
7315,141
7316,141
7317,141
7318,141
7319,141
7320,141
7321,141
7322,141
7323,141
7324,142
7325,142
7326,142
7327,142
7328,142
7329,142
7330,142
7331,142
7332,142
7333,142
7334,142
7335,142
7336,142
7337,142
7338,142
7339,142
7340,142
7341,142
7342,142
7343,142
7344,142
7345,142
7346,142
7347,142
7348,142
7349,142
7350,142
7351,142
7352,142
7353,142
7354,142
7355,142
7356,142
7357,142
7358,142
7359,142
7360,142
7361,142
7362,142
7363,142
7364,142
7365,142
7366,142
7367,142
7368,142
7369,142
7370,142
7371,142
7372,142
7373,142
7374,142
7375,142
7376,142
7377,142
7378,142
7379,142
7380,142
7381,142
7382,142
7383,142
7384,142
7385,142
7386,142
7387,142
7388,142
7389,142
7390,142
7391,142
7392,142
7393,142
7394,142
7395,142
7396,142
7397,142
7398,142
7399,142
7400,142
7401,142
7402,142
7403,142
7404,142
7405,142
7406,142
7407,142
7408,142
7409,142
7410,142
7411,142
7412,142
7413,142
7414,142
7415,142
7416,142
7417,142
7418,142
7419,142
7420,142
7421,142
7422,142
7423,142
7424,142
7425,142
7426,142
7427,142
7428,142
7429,142
7430,142
7431,142
7432,142
7433,142
7434,142
7435,142
7436,142
7437,142
7438,142
7439,142
7440,142
7441,142
7442,142
7443,142
7444,142
7445,142
7446,142
7447,142
7448,142
7449,142
7450,142
7451,142
7452,142
7453,142
7454,142
7455,142
7456,142
7457,142
7458,142
7459,142
7460,142
7461,142
7462,142
7463,142
7464,142
7465,142
7466,142
7467,142
7468,142
7469,142
7470,142
7471,142
7472,142
7473,142
7474,142
7475,142
7476,142
7477,142
7478,142
7479,142
7480,142
7481,142
7482,142
7483,142
7484,142
7485,142
7486,142
7487,142
7488,142
7489,142
7490,142
7491,142
7492,142
7493,142
7494,142
7495,142
7496,142
7497,142
7498,142
7499,142
7500,142
7501,142
7502,142
7503,142
7504,142
7505,142
7506,142
7507,142
7508,142
7509,142
7510,142
7511,142
7512,142
7513,142
7514,142
7515,142
7516,142
7517,142
7518,142
7519,142
7520,142
7521,142
7522,142
7523,142
7524,142
7525,142
7526,142
7527,142
7528,142
7529,142
7530,142
7531,142
7532,142
7533,142
7534,142
7535,142
7536,142
7537,142
7538,142
7539,142
7540,142
7541,142
7542,142
7543,142
7544,142
7545,142
7546,142
7547,142
7548,142
7549,142
7550,142
7551,142
7552,142
7553,142
7554,142
7555,142
7556,142
7557,142
7558,142
7559,142
7560,142
7561,142
7562,142
7563,142
7564,142
7565,142
7566,142
7567,142
7568,142
7569,142
7570,142
7571,142
7572,142
7573,142
7574,142
7575,142
7576,142
7577,142
7578,142
7579,142
7580,142
7581,142
7582,142
7583,142
7584,142
7585,142
7586,142
7587,142
7588,142
7589,142
7590,142
7591,142
7592,142
7593,142
7594,142
7595,142
7596,142
7597,142
7598,142
7599,142
7600,142
7601,142
7602,142
7603,142
7604,142
7605,142
7606,142
7607,142
7608,142
7609,142
7610,142
7611,142
7612,142
7613,142
7614,142
7615,142
7616,142
7617,142
7618,142
7619,142
7620,142
7621,142
7622,142
7623,142
7624,142
7625,142
7626,142
7627,142
7628,142
7629,142
7630,142
7631,142
7632,142
7633,142
7634,142
7635,142
7636,142
7637,142
7638,142
7639,142
7640,142
7641,142
7642,142
7643,142
7644,142
7645,142
7646,142
7647,142
7648,142
7649,142
7650,142
7651,142
7652,142
7653,142
7654,142
7655,142
7656,142
7657,142
7658,142
7659,142
7660,142
7661,142
7662,142
7663,142
7664,142
7665,142
7666,142
7667,142
7668,142
7669,142
7670,142
7671,142
7672,142
7673,142
7674,142
7675,142
7676,142
7677,142
7678,142
7679,142
7680,142
7681,142
7682,142
7683,142
7684,142
7685,142
7686,142
7687,142
7688,142
7689,142
7690,142
7691,142
7692,142
7693,142
7694,142
7695,142
7696,142
7697,142
7698,142
7699,142
7700,142
7701,142
7702,142
7703,142
7704,142
7705,142
7706,142
7707,142
7708,142
7709,142
7710,142
7711,142
7712,142
7713,142
7714,142
7715,142
7716,142
7717,142
7718,142
7719,142
7720,142
7721,142
7722,142
7723,142
7724,142
7725,142
7726,142
7727,142
7728,142
7729,142
7730,142
7731,142
7732,142
7733,142
7734,142
7735,142
7736,142
7737,142
7738,142
7739,142
7740,142
7741,142
7742,142
7743,142
7744,142
7745,142
7746,142
7747,142
7748,142
7749,142
7750,142
7751,142
7752,142
7753,142
7754,142
7755,142
7756,142
7757,142
7758,142
7759,142
7760,142
7761,142
7762,142
7763,142
7764,142
7765,142
7766,142
7767,142
7768,142
7769,142
7770,142
7771,142
7772,142
7773,142
7774,142
7775,142
7776,142
7777,142
7778,142
7779,142
7780,142
7781,142
7782,142
7783,142
7784,142
7785,142
7786,142
7787,142
7788,142
7789,142
7790,142
7791,142
7792,142
7793,142
7794,142
7795,142
7796,142
7797,142
7798,142
7799,142
7800,142
7801,142
7802,142
7803,142
7804,142
7805,142
7806,142
7807,142
7808,142
7809,142
7810,142
7811,142
7812,142
7813,142
7814,142
7815,142
7816,142
7817,142
7818,142
7819,142
7820,142
7821,142
7822,142
7823,142
7824,142
7825,142
7826,142
7827,142
7828,142
7829,142
7830,142
7831,142
7832,142
7833,142
7834,142
7835,142
7836,142
7837,142
7838,142
7839,142
7840,142
7841,142
7842,142
7843,142
7844,142
7845,142
7846,142
7847,142
7848,142
7849,142
7850,142
7851,142
7852,142
7853,142
7854,142
7855,142
7856,142
7857,142
7858,142
7859,142
7860,142
7861,142
7862,142
7863,142
7864,142
7865,142
7866,142
7867,142
7868,142
7869,142
7870,142
7871,142
7872,142
7873,142
7874,142
7875,142
7876,142
7877,142
7878,142
7879,142
7880,142
7881,142
7882,142
7883,142
7884,142
7885,142
7886,142
7887,142
7888,142
7889,142
7890,142
7891,142
7892,142
7893,142
7894,142
7895,142
7896,142
7897,142
7898,142
7899,142
7900,142
7901,142
7902,142
7903,142
7904,142
7905,142
7906,142
7907,142
7908,142
7909,142
7910,142
7911,142
7912,142
7913,142
7914,142
7915,142
7916,142
7917,142
7918,142
7919,142
7920,142
7921,142
7922,142
7923,142
7924,142
7925,142
7926,142
7927,142
7928,142
7929,142
7930,142
7931,142
7932,142
7933,142
7934,142
7935,142
7936,142
7937,142
7938,142
7939,142
7940,142
7941,142
7942,142
7943,142
7944,142
7945,142
7946,142
7947,142
7948,142
7949,142
7950,142
7951,142
7952,142
7953,142
7954,142
7955,142
7956,142
7957,142
7958,142
7959,142
7960,142
7961,142
7962,142
7963,142
7964,142
7965,142
7966,142
7967,142
7968,142
7969,142
7970,142
7971,142
7972,142
7973,142
7974,142
7975,142
7976,142
7977,142
7978,142
7979,142
7980,142
7981,142
7982,142
7983,142
7984,142
7985,142
7986,142
7987,142
7988,142
7989,142
7990,142
7991,142
7992,142
7993,142
7994,142
7995,142
7996,142
7997,142
7998,142
7999,142
8000,142
8001,142
8002,142
8003,142
8004,142
8005,142
8006,142
8007,142
8008,142
8009,142
8010,143
8011,144
8012,145
