0,0
1,1
2,2
3,3
4,4
5,5
6,6
7,7
8,8
9,9
10,10
11,11
12,12
13,13
14,14
15,15
16,16
17,17
18,18
19,19
20,20
21,21
22,21
23,21
24,22
25,23
26,24
27,24
28,25
29,26
30,26
31,27
32,28
33,29
34,29
35,30
36,30
37,30
38,31
39,32
40,33
41,34
42,35
43,36
44,36
45,36
46,37
47,38
48,38
49,38
50,38
51,39
52,39
53,39
54,40
55,41
56,42
57,43
58,43
59,43
60,44
61,45
62,45
63,45
64,46
65,46
66,46
67,47
68,47
69,47
70,47
71,47
72,48
73,49
74,50
75,50
76,51
77,52
78,53
79,53
80,54
81,55
82,56
83,57
84,57
85,57
86,58
87,58
88,58
89,58
90,58
91,58
92,59
93,59
94,59
95,59
96,59
97,59
98,59
99,59
100,59
101,60
102,60
103,61
104,61
105,61
106,62
107,62
108,62
109,62
110,62
111,62
112,63
113,63
114,63
115,64
116,64
117,64
118,64
119,64
120,64
121,65
122,65
123,65
124,66
125,67
126,67
127,68
128,68
129,68
130,69
131,69
132,69
133,69
134,69
135,69
136,69
137,69
138,70
139,70
140,70
141,70
142,70
143,70
144,70
145,70
146,70
147,70
148,70
149,70
150,70
151,71
152,71
153,71
154,71
155,72
156,72
157,72
158,72
159,73
160,74
161,75
162,76
163,77
164,78
165,78
166,79
167,79
168,79
169,79
170,79
171,79
172,79
173,79
174,79
175,79
176,79
177,79
178,79
179,79
180,79
181,79
182,79
183,79
184,79
185,79
186,79
187,79
188,79
189,79
190,79
191,80
192,80
193,80
194,80
195,80
196,80
197,80
198,80
199,80
200,80
201,80
202,80
203,80
204,80
205,80
206,80
207,80
208,80
209,80
210,80
211,80
212,80
213,80
214,80
215,80
216,80
217,80
218,80
219,80
220,80
221,80
222,80
223,80
224,80
225,80
226,80
227,80
228,80
229,80
230,80
231,80
232,80
233,80
234,80
235,80
236,81
237,81
238,82
239,82
240,82
241,83
242,83
243,84
244,85
245,85
246,85
247,85
248,86
249,86
250,87
251,88
252,89
253,89
254,89
255,89
256,89
257,90
258,90
259,90
260,90
261,90
262,90
263,90
264,91
265,91
266,91
267,91
268,91
269,91
270,91
271,91
272,91
273,91
274,91
275,91
276,92
277,92
278,92
279,92
280,92
281,92
282,92
283,93
284,94
285,95
286,95
287,95
288,95
289,96
290,97
291,97
292,98
293,99
294,99
295,99
296,100
297,101
298,102
299,102
300,102
301,103
302,104
303,104
304,104
305,104
306,104
307,104
308,104
309,105
310,106
311,106
312,106
313,106
314,107
315,107
316,107
317,107
318,107
319,107
320,107
321,107
322,107
323,107
324,107
325,107
326,107
327,108
328,108
329,109
330,109
331,109
332,109
333,109
334,109
335,109
336,109
337,109
338,109
339,109
340,109
341,109
342,109
343,109
344,109
345,109
346,109
347,109
348,109
349,109
350,109
351,109
352,109
353,109
354,109
355,109
356,109
357,109
358,109
359,109
360,109
361,109
362,109
363,109
364,109
365,109
366,109
367,109
368,109
369,109
370,109
371,109
372,109
373,109
374,109
375,109
376,109
377,109
378,109
379,109
380,109
381,109
382,109
383,109
384,109
385,109
386,109
387,109
388,109
389,109
390,109
391,109
392,109
393,109
394,109
395,109
396,109
397,109
398,109
399,109
400,109
401,109
402,109
403,109
404,109
405,109
406,109
407,109
408,109
409,109
410,109
411,109
412,109
413,109
414,109
415,109
416,109
417,109
418,109
419,109
420,109
421,109
422,109
423,109
424,109
425,109
426,109
427,110
428,110
429,111
430,111
431,111
432,111
433,111
434,111
435,111
436,111
437,111
438,111
439,111
440,111
441,111
442,111
443,111
444,111
445,111
446,111
447,111
448,111
449,111
450,111
451,111
452,111
453,111
454,111
455,111
456,111
457,111
458,111
459,111
460,111
461,111
462,111
463,111
464,111
465,111
466,111
467,111
468,111
469,111
470,111
471,111
472,111
473,111
474,111
475,111
476,111
477,111
478,111
479,111
480,111
481,111
482,111
483,111
484,111
485,111
486,111
487,112
488,112
489,112
490,112
491,112
492,112
493,112
494,112
495,112
496,112
497,112
498,112
499,112
500,112
501,112
502,112
503,112
504,112
505,112
506,112
507,112
508,112
509,112
510,112
511,112
512,112
513,112
514,112
515,112
516,112
517,112
518,112
519,112
520,112
521,112
522,112
523,112
524,112
525,112
526,112
527,112
528,112
529,112
530,112
531,112
532,112
533,112
534,112
535,112
536,112
537,112
538,112
539,112
540,112
541,112
542,112
543,112
544,112
545,112
546,112
547,112
548,112
549,112
550,112
551,112
552,112
553,112
554,112
555,112
556,112
557,112
558,112
559,112
560,112
561,113
562,114
563,115
564,115
565,116
566,117
567,117
568,117
569,117
570,117
571,117
572,117
573,117
574,118
575,118
576,118
577,118
578,118
579,118
580,118
581,118
582,118
583,118
584,118
585,118
586,118
587,118
588,118
589,118
590,118
591,118
592,118
593,118
594,118
595,118
596,118
597,118
598,118
599,118
600,118
601,118
602,118
603,118
604,118
605,118
606,118
607,118
608,118
609,118
610,118
611,118
612,118
613,118
614,118
615,118
616,118
617,118
618,118
619,118
620,118
621,118
622,118
623,118
624,118
625,118
626,118
627,118
628,118
629,118
630,119
631,120
632,120
633,121
634,121
635,121
636,121
637,121
638,121
639,121
640,121
641,121
642,121
643,121
644,121
645,121
646,121
647,121
648,121
649,121
650,121
651,121
652,121
653,121
654,121
655,121
656,121
657,121
658,121
659,121
660,121
661,121
662,121
663,121
664,121
665,121
666,121
667,121
668,121
669,121
670,121
671,121
672,121
673,121
674,121
675,121
676,121
677,121
678,121
679,121
680,121
681,121
682,121
683,121
684,121
685,121
686,121
687,121
688,121
689,121
690,121
691,121
692,121
693,121
694,121
695,121
696,121
697,121
698,121
699,121
700,121
701,121
702,121
703,121
704,121
705,121
706,121
707,121
708,121
709,121
710,121
711,121
712,121
713,121
714,121
715,121
716,121
717,121
718,121
719,121
720,121
721,121
722,121
723,121
724,121
725,121
726,121
727,121
728,121
729,121
730,121
731,121
732,121
733,121
734,121
735,121
736,121
737,121
738,121
739,121
740,121
741,121
742,121
743,121
744,121
745,121
746,121
747,121
748,121
749,121
750,121
751,121
752,121
753,121
754,121
755,121
756,121
757,121
758,121
759,121
760,121
761,121
762,121
763,121
764,121
765,121
766,121
767,121
768,121
769,121
770,121
771,121
772,121
773,121
774,121
775,121
776,121
777,121
778,121
779,121
780,121
781,121
782,121
783,121
784,121
785,121
786,121
787,121
788,121
789,121
790,121
791,121
792,121
793,121
794,121
795,121
796,121
797,121
798,121
799,121
800,121
801,121
802,121
803,121
804,121
805,121
806,121
807,121
808,121
809,121
810,121
811,121
812,121
813,121
814,121
815,121
816,121
817,121
818,121
819,121
820,121
821,121
822,121
823,121
824,121
825,121
826,121
827,121
828,121
829,121
830,121
831,121
832,121
833,121
834,121
835,121
836,121
837,121
838,121
839,121
840,121
841,121
842,121
843,121
844,121
845,121
846,121
847,121
848,121
849,121
850,121
851,121
852,121
853,121
854,121
855,121
856,121
857,121
858,121
859,121
860,121
861,121
862,121
863,121
864,121
865,121
866,121
867,121
868,121
869,121
870,121
871,121
872,121
873,121
874,121
875,121
876,121
877,121
878,121
879,121
880,121
881,121
882,121
883,121
884,121
885,121
886,121
887,121
888,121
889,121
890,121
891,121
892,121
893,121
894,121
895,121
896,121
897,121
898,121
899,121
900,121
901,121
902,121
903,121
904,121
905,121
906,121
907,121
908,121
909,121
910,121
911,121
912,121
913,121
914,121
915,121
916,121
917,121
918,121
919,121
920,121
921,121
922,121
923,121
924,121
925,121
926,121
927,121
928,121
929,121
930,121
931,121
932,121
933,121
934,121
935,121
936,121
937,121
938,121
939,121
940,121
941,121
942,121
943,121
944,121
945,121
946,121
947,121
948,121
949,121
950,121
951,121
952,121
953,121
954,122
955,122
956,122
957,122
958,122
959,122
960,122
961,122
962,122
963,122
964,122
965,122
966,122
967,122
968,122
969,122
970,122
971,122
972,122
973,122
974,122
975,122
976,122
977,122
978,122
979,122
980,122
981,122
982,122
983,122
984,122
985,122
986,122
987,122
988,122
989,122
990,122
991,122
992,122
993,122
994,122
995,122
996,122
997,122
998,122
999,122
1000,122
1001,122
1002,122
1003,122
1004,122
1005,122
1006,122
1007,122
1008,122
1009,122
1010,122
1011,122
1012,122
1013,122
1014,122
1015,122
1016,122
1017,122
1018,122
1019,122
1020,122
1021,122
1022,122
1023,123
1024,123
1025,123
1026,124
1027,124
1028,124
1029,124
1030,124
1031,124
1032,124
1033,124
1034,124
1035,124
1036,124
1037,124
1038,124
1039,124
1040,124
1041,124
1042,124
1043,124
1044,124
1045,124
1046,124
1047,124
1048,124
1049,124
1050,124
1051,124
1052,124
1053,124
1054,124
1055,124
1056,124
1057,124
1058,124
1059,124
1060,124
1061,124
1062,124
1063,124
1064,124
1065,124
1066,124
1067,124
1068,124
1069,124
1070,124
1071,124
1072,124
1073,124
1074,124
1075,124
1076,124
1077,124
1078,124
1079,124
1080,124
1081,124
1082,124
1083,124
1084,124
1085,124
1086,124
1087,124
1088,124
1089,124
1090,124
1091,124
1092,124
1093,124
1094,124
1095,124
1096,124
1097,124
1098,124
1099,124
1100,124
1101,124
1102,124
1103,124
1104,124
1105,124
1106,124
1107,124
1108,124
1109,124
1110,124
1111,124
1112,124
1113,124
1114,124
1115,124
1116,124
1117,124
1118,124
1119,124
1120,125
1121,126
1122,126
1123,126
1124,126
1125,126
1126,126
1127,126
1128,126
1129,126
1130,126
1131,126
1132,126
1133,126
1134,126
1135,126
1136,126
1137,126
1138,126
1139,126
1140,126
1141,126
1142,126
1143,126
1144,126
1145,126
1146,126
1147,126
1148,126
1149,126
1150,126
1151,126
1152,126
1153,126
1154,126
1155,126
1156,126
1157,126
1158,126
1159,126
1160,126
1161,126
1162,126
1163,126
1164,126
1165,126
1166,126
1167,126
1168,126
1169,126
1170,126
1171,126
1172,126
1173,126
1174,126
1175,126
1176,126
1177,126
1178,126
1179,126
1180,126
1181,126
1182,126
1183,126
1184,126
1185,126
1186,126
1187,126
1188,126
1189,126
1190,126
1191,127
1192,127
1193,127
1194,127
1195,127
1196,127
1197,127
1198,127
1199,127
1200,127
1201,127
1202,127
1203,127
1204,127
1205,127
1206,127
1207,127
1208,127
1209,127
1210,127
1211,127
1212,127
1213,127
1214,127
1215,127
1216,127
1217,127
1218,127
1219,127
1220,127
1221,127
1222,127
1223,127
1224,127
1225,127
1226,127
1227,127
1228,127
1229,127
1230,127
1231,127
1232,127
1233,127
1234,127
1235,127
1236,127
1237,127
1238,127
1239,127
1240,127
1241,127
1242,127
1243,127
1244,127
1245,127
1246,127
1247,127
1248,127
1249,127
1250,127
1251,127
1252,127
1253,127
1254,127
1255,127
1256,128
1257,128
1258,128
1259,128
1260,128
1261,128
1262,128
1263,128
1264,128
1265,128
1266,128
1267,128
1268,128
1269,128
1270,128
1271,128
1272,128
1273,128
1274,128
1275,128
1276,128
1277,128
1278,128
1279,128
1280,128
1281,128
1282,128
1283,128
1284,128
1285,128
1286,128
1287,128
1288,128
1289,128
1290,128
1291,128
1292,128
1293,128
1294,128
1295,128
1296,128
1297,128
1298,128
1299,128
1300,128
1301,128
1302,128
1303,128
1304,128
1305,128
1306,128
1307,128
1308,128
1309,128
1310,128
1311,128
1312,128
1313,128
1314,128
1315,128
1316,128
1317,128
1318,128
1319,128
1320,128
1321,128
1322,128
1323,128
1324,128
1325,128
1326,128
1327,128
1328,128
1329,128
1330,128
1331,128
1332,128
1333,128
1334,128
1335,128
1336,128
1337,128
1338,128
1339,128
1340,129
1341,129
1342,129
1343,129
1344,129
1345,129
1346,129
1347,129
1348,129
1349,129
1350,129
1351,129
1352,129
1353,129
1354,129
1355,129
1356,129
1357,129
1358,129
1359,129
1360,129
1361,129
1362,129
1363,129
1364,129
1365,129
1366,129
1367,129
1368,129
1369,129
1370,129
1371,129
1372,129
1373,129
1374,129
1375,129
1376,129
1377,129
1378,129
1379,129
1380,129
1381,129
1382,129
1383,129
1384,129
1385,129
1386,129
1387,129
1388,129
1389,129
1390,129
1391,129
1392,129
1393,129
1394,129
1395,129
1396,129
1397,129
1398,129
1399,129
1400,129
1401,129
1402,129
1403,129
1404,129
1405,129
1406,129
1407,129
1408,129
1409,129
1410,129
1411,129
1412,129
1413,129
1414,129
1415,129
1416,129
1417,129
1418,129
1419,129
1420,129
1421,129
1422,129
1423,129
1424,129
1425,129
1426,129
1427,129
1428,129
1429,129
1430,129
1431,129
1432,129
1433,129
1434,129
1435,129
1436,129
1437,129
1438,129
1439,129
1440,129
1441,129
1442,129
1443,129
1444,129
1445,129
1446,129
1447,129
1448,129
1449,129
1450,129
1451,129
1452,129
1453,129
1454,129
1455,129
1456,129
1457,129
1458,129
1459,129
1460,129
1461,129
1462,129
1463,129
1464,129
1465,129
1466,129
1467,129
1468,129
1469,129
1470,129
1471,129
1472,129
1473,129
1474,129
1475,129
1476,129
1477,129
1478,129
1479,129
1480,129
1481,129
1482,129
1483,129
1484,129
1485,129
1486,129
1487,129
1488,129
1489,129
1490,129
1491,129
1492,129
1493,129
1494,129
1495,129
1496,129
1497,129
1498,129
1499,129
1500,129
1501,129
1502,129
1503,129
1504,129
1505,129
1506,129
1507,129
1508,129
1509,129
1510,129
1511,129
1512,129
1513,129
1514,129
1515,129
1516,129
1517,129
1518,129
1519,129
1520,129
1521,129
1522,129
1523,129
1524,129
1525,129
1526,129
1527,129
1528,129
1529,129
1530,129
1531,129
1532,129
1533,129
1534,129
1535,129
1536,129
1537,129
1538,129
1539,129
1540,129
1541,129
1542,129
1543,129
1544,129
1545,129
1546,129
1547,129
1548,129
1549,129
1550,129
1551,129
1552,129
1553,129
1554,129
1555,129
1556,129
1557,129
1558,129
1559,129
1560,129
1561,129
1562,129
1563,129
1564,129
1565,129
1566,129
1567,129
1568,129
1569,130
1570,130
1571,131
1572,131
1573,131
1574,131
1575,131
1576,131
1577,131
1578,131
1579,131
1580,131
1581,131
1582,131
1583,131
1584,131
1585,131
1586,131
1587,131
1588,131
1589,131
1590,131
1591,131
1592,131
1593,131
1594,131
1595,131
1596,131
1597,131
1598,131
1599,131
1600,131
1601,131
1602,131
1603,131
1604,131
1605,131
1606,131
1607,131
1608,131
1609,131
1610,131
1611,131
1612,131
1613,131
1614,131
1615,131
1616,131
1617,131
1618,131
1619,131
1620,131
1621,131
1622,131
1623,131
1624,131
1625,131
1626,131
1627,131
1628,131
1629,131
1630,131
1631,131
1632,131
1633,131
1634,131
1635,131
1636,131
1637,131
1638,131
1639,131
1640,131
1641,131
1642,131
1643,131
1644,131
1645,131
1646,131
1647,131
1648,131
1649,131
1650,131
1651,131
1652,131
1653,131
1654,131
1655,131
1656,131
1657,131
1658,131
1659,131
1660,131
1661,131
1662,131
1663,131
1664,131
1665,131
1666,131
1667,131
1668,131
1669,131
1670,131
1671,131
1672,131
1673,131
1674,131
1675,131
1676,131
1677,131
1678,131
1679,131
1680,131
1681,131
1682,131
1683,131
1684,131
1685,131
1686,131
1687,131
1688,131
1689,131
1690,131
1691,131
1692,131
1693,131
1694,131
1695,131
1696,131
1697,131
1698,131
1699,131
1700,131
1701,131
1702,131
1703,131
1704,131
1705,131
1706,131
1707,131
1708,131
1709,131
1710,131
1711,131
1712,131
1713,131
1714,131
1715,131
1716,131
1717,131
1718,131
1719,131
1720,131
1721,131
1722,131
1723,131
1724,131
1725,131
1726,131
1727,131
1728,131
1729,131
1730,131
1731,131
1732,131
1733,131
1734,131
1735,131
1736,131
1737,131
1738,131
1739,131
1740,131
1741,131
1742,131
1743,131
1744,131
1745,131
1746,131
1747,131
1748,131
1749,131
1750,131
1751,131
1752,131
1753,131
1754,131
1755,131
1756,131
1757,131
1758,131
1759,131
1760,131
1761,131
1762,131
1763,131
1764,131
1765,131
1766,131
1767,131
1768,131
1769,131
1770,131
1771,131
1772,131
1773,131
1774,131
1775,131
1776,131
1777,131
1778,131
1779,131
1780,131
1781,131
1782,131
1783,131
1784,131
1785,131
1786,131
1787,131
1788,131
1789,131
1790,131
1791,131
1792,131
1793,131
1794,131
1795,131
1796,131
1797,131
1798,131
1799,131
1800,131
1801,131
1802,131
1803,131
1804,131
1805,131
1806,131
1807,131
1808,131
1809,131
1810,131
1811,131
1812,131
1813,131
1814,131
1815,131
1816,131
1817,131
1818,131
1819,131
1820,131
1821,131
1822,131
1823,131
1824,131
1825,131
1826,131
1827,131
1828,131
1829,131
1830,131
1831,131
1832,131
1833,131
1834,131
1835,131
1836,131
1837,131
1838,131
1839,131
1840,131
1841,131
1842,131
1843,131
1844,131
1845,131
1846,131
1847,131
1848,131
1849,131
1850,131
1851,131
1852,131
1853,131
1854,131
1855,131
1856,131
1857,131
1858,131
1859,131
1860,131
1861,131
1862,131
1863,131
1864,131
1865,131
1866,131
1867,131
1868,131
1869,131
1870,131
1871,131
1872,131
1873,131
1874,131
1875,131
1876,131
1877,131
1878,131
1879,131
1880,131
1881,131
1882,131
1883,131
1884,131
1885,131
1886,131
1887,131
1888,131
1889,131
1890,131
1891,132
1892,133
1893,133
1894,133
1895,133
1896,133
1897,133
1898,133
1899,133
1900,133
1901,133
1902,133
1903,133
1904,133
1905,133
1906,133
1907,133
1908,133
1909,133
1910,133
1911,133
1912,133
1913,133
1914,133
1915,133
1916,133
1917,133
1918,133
1919,133
1920,133
1921,133
1922,133
1923,133
1924,133
1925,133
1926,133
1927,133
1928,133
1929,133
1930,133
1931,133
1932,133
1933,133
1934,133
1935,133
1936,133
1937,133
1938,133
1939,133
1940,133
1941,133
1942,133
1943,133
1944,133
1945,133
1946,133
1947,133
1948,133
1949,133
1950,133
1951,133
1952,133
1953,133
1954,133
1955,133
1956,133
1957,133
1958,133
1959,133
1960,133
1961,133
1962,133
1963,133
1964,133
1965,133
1966,133
1967,133
1968,133
1969,133
1970,133
1971,133
1972,133
1973,133
1974,133
1975,133
1976,133
1977,133
1978,133
1979,133
1980,133
1981,133
1982,133
1983,133
1984,133
1985,133
1986,133
1987,133
1988,133
1989,133
1990,133
1991,133
1992,133
1993,133
1994,133
1995,133
1996,133
1997,133
1998,133
1999,133
2000,133
2001,133
2002,133
2003,133
2004,133
2005,133
2006,133
2007,133
2008,133
2009,133
2010,133
2011,133
2012,133
2013,133
2014,133
2015,133
2016,133
2017,133
2018,133
2019,133
2020,133
2021,133
2022,133
2023,133
2024,133
2025,133
2026,133
2027,133
2028,133
2029,133
2030,133
2031,133
2032,133
2033,133
2034,133
2035,133
2036,133
2037,133
2038,133
2039,133
2040,133
2041,133
2042,133
2043,133
2044,133
2045,133
2046,133
2047,133
2048,133
2049,133
2050,133
2051,133
2052,133
2053,133
2054,133
2055,133
2056,133
2057,133
2058,133
2059,133
2060,133
2061,133
2062,133
2063,133
2064,133
2065,133
2066,133
2067,133
2068,133
2069,133
2070,133
2071,133
2072,133
2073,133
2074,133
2075,133
2076,133
2077,133
2078,133
2079,133
2080,133
2081,133
2082,133
2083,133
2084,133
2085,133
2086,133
2087,133
2088,134
2089,135
2090,135
2091,135
2092,135
2093,135
2094,135
2095,135
2096,135
2097,135
2098,135
2099,135
2100,135
2101,135
2102,135
2103,135
2104,135
2105,135
2106,135
2107,135
2108,135
2109,135
2110,135
2111,135
2112,135
2113,135
2114,135
2115,135
2116,135
2117,135
2118,135
2119,135
2120,135
2121,135
2122,135
2123,135
2124,135
2125,135
2126,135
2127,135
2128,135
2129,135
2130,135
2131,135
2132,135
2133,135
2134,135
2135,135
2136,135
2137,135
2138,135
2139,135
2140,135
2141,135
2142,135
2143,135
2144,135
2145,135
2146,135
2147,135
2148,135
2149,135
2150,135
2151,135
2152,135
2153,135
2154,135
2155,135
2156,135
2157,135
2158,135
2159,135
2160,135
2161,135
2162,135
2163,135
2164,135
2165,135
2166,135
2167,135
2168,135
2169,135
2170,135
2171,135
2172,135
2173,135
2174,135
2175,135
2176,135
2177,135
2178,135
2179,135
2180,135
2181,135
2182,135
2183,135
2184,135
2185,135
2186,135
2187,135
2188,135
2189,135
2190,135
2191,135
2192,135
2193,135
2194,135
2195,135
2196,135
2197,135
2198,135
2199,135
2200,135
2201,135
2202,135
2203,135
2204,135
2205,135
2206,135
2207,135
2208,135
2209,135
2210,135
2211,135
2212,135
2213,135
2214,135
2215,135
2216,135
2217,135
2218,135
2219,135
2220,135
2221,135
2222,135
2223,135
2224,135
2225,135
2226,135
2227,135
2228,135
2229,135
2230,135
2231,135
2232,135
2233,135
2234,135
2235,135
2236,135
2237,135
2238,135
2239,135
2240,135
2241,135
2242,135
2243,135
2244,135
2245,135
2246,135
2247,135
2248,135
2249,135
2250,135
2251,135
2252,135
2253,135
2254,135
2255,135
2256,135
2257,135
2258,135
2259,135
2260,135
2261,135
2262,135
2263,135
2264,135
2265,135
2266,135
2267,135
2268,135
2269,135
2270,135
2271,135
2272,135
2273,135
2274,135
2275,135
2276,135
2277,135
2278,135
2279,135
2280,135
2281,135
2282,135
2283,135
2284,135
2285,135
2286,135
2287,135
2288,135
2289,135
2290,135
2291,135
2292,135
2293,135
2294,135
2295,135
2296,135
2297,135
2298,135
2299,135
2300,135
2301,135
2302,135
2303,135
2304,135
2305,135
2306,135
2307,135
2308,135
2309,135
2310,135
2311,135
2312,135
2313,135
2314,135
2315,135
2316,135
2317,135
2318,135
2319,135
2320,135
2321,135
2322,135
2323,135
2324,135
2325,135
2326,135
2327,135
2328,135
2329,135
2330,135
2331,135
2332,135
2333,135
2334,135
2335,135
2336,135
2337,135
2338,135
2339,135
2340,135
2341,135
2342,135
2343,135
2344,135
2345,135
2346,135
2347,135
2348,135
2349,135
2350,135
2351,135
2352,135
2353,135
2354,135
2355,135
2356,135
2357,135
2358,135
2359,135
2360,135
2361,135
2362,135
2363,135
2364,135
2365,135
2366,135
2367,135
2368,135
2369,135
2370,135
2371,135
2372,135
2373,135
2374,135
2375,135
2376,135
2377,135
2378,135
2379,135
2380,135
2381,135
2382,135
2383,135
2384,135
2385,135
2386,135
2387,135
2388,135
2389,135
2390,135
2391,135
2392,135
2393,135
2394,135
2395,135
2396,135
2397,135
2398,135
2399,135
2400,135
2401,135
2402,135
2403,135
2404,135
2405,135
2406,135
2407,135
2408,135
2409,135
2410,135
2411,135
2412,135
2413,135
2414,135
2415,135
2416,135
2417,135
2418,135
2419,135
2420,135
2421,135
2422,135
2423,135
2424,135
2425,135
2426,135
2427,135
2428,135
2429,135
2430,135
2431,135
2432,135
2433,135
2434,135
2435,135
2436,135
2437,135
2438,135
2439,135
2440,135
2441,135
2442,135
2443,135
2444,135
2445,135
2446,135
2447,135
2448,135
2449,135
2450,135
2451,135
2452,135
2453,135
2454,135
2455,135
2456,135
2457,135
2458,135
2459,135
2460,135
2461,135
2462,135
2463,135
2464,135
2465,135
2466,135
2467,135
2468,135
2469,135
2470,135
2471,135
2472,135
2473,135
2474,135
2475,135
2476,135
2477,135
2478,135
2479,135
2480,135
2481,135
2482,135
2483,135
2484,135
2485,135
2486,135
2487,135
2488,135
2489,135
2490,135
2491,135
2492,135
2493,135
2494,135
2495,135
2496,135
2497,135
2498,135
2499,135
2500,135
2501,135
2502,135
2503,135
2504,135
2505,135
2506,135
2507,135
2508,135
2509,135
2510,135
2511,135
2512,135
2513,135
2514,135
2515,135
2516,135
2517,135
2518,135
2519,135
2520,135
2521,135
2522,135
2523,135
2524,135
2525,135
2526,135
2527,135
2528,135
2529,135
2530,135
2531,135
2532,135
2533,135
2534,135
2535,135
2536,135
2537,135
2538,135
2539,135
2540,135
2541,135
2542,135
2543,135
2544,135
2545,135
2546,135
2547,135
2548,135
2549,135
2550,135
2551,135
2552,135
2553,135
2554,135
2555,135
2556,135
2557,135
2558,135
2559,135
2560,135
2561,135
2562,135
2563,135
2564,135
2565,135
2566,135
2567,135
2568,135
2569,135
2570,135
2571,135
2572,135
2573,135
2574,135
2575,135
2576,135
2577,135
2578,135
2579,135
2580,135
2581,135
2582,135
2583,135
2584,135
2585,135
2586,135
2587,135
2588,135
2589,135
2590,135
2591,135
2592,135
2593,135
2594,135
2595,135
2596,135
2597,135
2598,135
2599,135
2600,135
2601,135
2602,135
2603,135
2604,135
2605,135
2606,135
2607,135
2608,135
2609,135
2610,135
2611,135
2612,135
2613,135
2614,135
2615,135
2616,135
2617,135
2618,135
2619,135
2620,135
2621,135
2622,135
2623,135
2624,135
2625,135
2626,135
2627,135
2628,135
2629,135
2630,135
2631,135
2632,135
2633,135
2634,135
2635,135
2636,135
2637,135
2638,135
2639,135
2640,135
2641,135
2642,135
2643,135
2644,135
2645,135
2646,135
2647,135
2648,135
2649,135
2650,135
2651,135
2652,135
2653,135
2654,135
2655,135
2656,135
2657,135
2658,135
2659,135
2660,135
2661,135
2662,135
2663,135
2664,135
2665,135
2666,135
2667,135
2668,135
2669,135
2670,135
2671,135
2672,135
2673,135
2674,135
2675,135
2676,135
2677,135
2678,135
2679,135
2680,135
2681,135
2682,135
2683,135
2684,135
2685,135
2686,135
2687,135
2688,135
2689,135
2690,135
2691,135
2692,135
2693,135
2694,135
2695,135
2696,135
2697,135
2698,135
2699,135
2700,135
2701,135
2702,135
2703,135
2704,135
2705,135
2706,135
2707,135
2708,135
2709,135
2710,135
2711,135
2712,135
2713,135
2714,135
2715,135
2716,135
2717,135
2718,135
2719,135
2720,135
2721,135
2722,135
2723,135
2724,135
2725,135
2726,135
2727,135
2728,135
2729,135
2730,135
2731,135
2732,135
2733,135
2734,135
2735,135
2736,135
2737,135
2738,135
2739,135
2740,135
2741,135
2742,135
2743,135
2744,135
2745,135
2746,135
2747,135
2748,135
2749,135
2750,135
2751,135
2752,135
2753,135
2754,135
2755,135
2756,135
2757,135
2758,135
2759,135
2760,135
2761,135
2762,135
2763,135
2764,135
2765,135
2766,135
2767,135
2768,135
2769,135
2770,135
2771,135
2772,135
2773,135
2774,135
2775,135
2776,135
2777,135
2778,135
2779,135
2780,135
2781,135
2782,135
2783,135
2784,135
2785,135
2786,135
2787,135
2788,135
2789,135
2790,135
2791,135
2792,135
2793,135
2794,135
2795,135
2796,135
2797,135
2798,135
2799,135
2800,135
2801,135
2802,135
2803,135
2804,135
2805,135
2806,135
2807,135
2808,135
2809,135
2810,135
2811,135
2812,135
2813,135
2814,135
2815,135
2816,135
2817,135
2818,135
2819,135
2820,135
2821,135
2822,135
2823,135
2824,135
2825,135
2826,135
2827,135
2828,135
2829,135
2830,135
2831,135
2832,135
2833,135
2834,135
2835,135
2836,135
2837,135
2838,135
2839,135
2840,135
2841,135
2842,135
2843,135
2844,135
2845,135
2846,135
2847,135
2848,135
2849,135
2850,135
2851,135
2852,135
2853,135
2854,135
2855,135
2856,135
2857,135
2858,135
2859,135
2860,135
2861,135
2862,135
2863,135
2864,135
2865,135
2866,135
2867,135
2868,135
2869,135
2870,135
2871,135
2872,135
2873,135
2874,135
2875,135
2876,135
2877,135
2878,135
2879,135
2880,135
2881,135
2882,135
2883,135
2884,135
2885,135
2886,135
2887,135
2888,135
2889,135
2890,135
2891,135
2892,135
2893,135
2894,135
2895,135
2896,135
2897,135
2898,135
2899,135
2900,135
2901,135
2902,135
2903,135
2904,135
2905,135
2906,135
2907,135
2908,135
2909,135
2910,135
2911,135
2912,135
2913,135
2914,135
2915,135
2916,135
2917,135
2918,135
2919,135
2920,135
2921,135
2922,135
2923,135
2924,135
2925,135
2926,135
2927,135
2928,135
2929,135
2930,135
2931,135
2932,135
2933,135
2934,135
2935,135
2936,135
2937,135
2938,135
2939,135
2940,135
2941,135
2942,135
2943,135
2944,135
2945,135
2946,135
2947,135
2948,135
2949,135
2950,135
2951,135
2952,135
2953,135
2954,135
2955,135
2956,135
2957,135
2958,135
2959,135
2960,135
2961,135
2962,135
2963,135
2964,135
2965,135
2966,135
2967,135
2968,135
2969,135
2970,135
2971,135
2972,135
2973,135
2974,135
2975,135
2976,135
2977,135
2978,135
2979,135
2980,135
2981,135
2982,135
2983,135
2984,135
2985,135
2986,135
2987,135
2988,135
2989,135
2990,135
2991,135
2992,135
2993,135
2994,135
2995,135
2996,135
2997,135
2998,135
2999,135
3000,135
3001,135
3002,135
3003,135
3004,135
3005,135
3006,135
3007,135
3008,135
3009,135
3010,135
3011,135
3012,135
3013,135
3014,135
3015,135
3016,135
3017,135
3018,135
3019,135
3020,135
3021,135
3022,135
3023,135
3024,135
3025,135
3026,135
3027,135
3028,135
3029,135
3030,135
3031,135
3032,135
3033,135
3034,135
3035,135
3036,135
3037,135
3038,135
3039,135
3040,135
3041,135
3042,135
3043,135
3044,135
3045,135
3046,135
3047,135
3048,135
3049,135
3050,135
3051,135
3052,135
3053,135
3054,135
3055,135
3056,135
3057,135
3058,135
3059,135
3060,135
3061,135
3062,135
3063,135
3064,135
3065,135
3066,135
3067,135
3068,135
3069,135
3070,135
3071,135
3072,135
3073,135
3074,135
3075,135
3076,135
3077,135
3078,135
3079,135
3080,135
3081,135
3082,135
3083,135
3084,135
3085,135
3086,135
3087,135
3088,135
3089,135
3090,135
3091,135
3092,135
3093,135
3094,135
3095,135
3096,135
3097,135
3098,135
3099,135
3100,135
3101,135
3102,135
3103,135
3104,135
3105,135
3106,135
3107,135
3108,135
3109,135
3110,135
3111,135
3112,135
3113,135
3114,135
3115,135
3116,135
3117,135
3118,135
3119,135
3120,135
3121,135
3122,135
3123,135
3124,135
3125,135
3126,135
3127,135
3128,135
3129,135
3130,135
3131,135
3132,135
3133,135
3134,135
3135,135
3136,135
3137,135
3138,135
3139,135
3140,135
3141,135
3142,135
3143,135
3144,135
3145,135
3146,135
3147,135
3148,135
3149,135
3150,135
3151,135
3152,135
3153,135
3154,135
3155,135
3156,135
3157,135
3158,135
3159,135
3160,135
3161,135
3162,135
3163,135
3164,135
3165,135
3166,135
3167,135
3168,135
3169,135
3170,135
3171,135
3172,135
3173,135
3174,135
3175,135
3176,135
3177,135
3178,135
3179,135
3180,135
3181,135
3182,135
3183,135
3184,135
3185,135
3186,135
3187,135
3188,135
3189,135
3190,135
3191,135
3192,135
3193,135
3194,135
3195,135
3196,135
3197,135
3198,135
3199,135
3200,135
3201,135
3202,135
3203,135
3204,135
3205,135
3206,135
3207,135
3208,135
3209,135
3210,135
3211,135
3212,135
3213,135
3214,135
3215,135
3216,135
3217,135
3218,135
3219,135
3220,135
3221,135
3222,135
3223,135
3224,135
3225,135
3226,135
3227,135
3228,135
3229,135
3230,135
3231,135
3232,135
3233,135
3234,135
3235,135
3236,135
3237,135
3238,135
3239,135
3240,135
3241,135
3242,135
3243,135
3244,135
3245,135
3246,135
3247,135
3248,135
3249,135
3250,135
3251,135
3252,135
3253,135
3254,135
3255,135
3256,135
3257,135
3258,135
3259,135
3260,135
3261,135
3262,135
3263,135
3264,135
3265,135
3266,135
3267,135
3268,135
3269,135
3270,135
3271,135
3272,135
3273,135
3274,135
3275,135
3276,135
3277,135
3278,135
3279,135
3280,135
3281,135
3282,135
3283,135
3284,135
3285,135
3286,135
3287,135
3288,135
3289,135
3290,135
3291,135
3292,135
3293,135
3294,135
3295,135
3296,135
3297,135
3298,135
3299,135
3300,135
3301,135
3302,135
3303,135
3304,135
3305,135
3306,135
3307,135
3308,135
3309,135
3310,135
3311,135
3312,135
3313,135
3314,135
3315,135
3316,135
3317,135
3318,135
3319,135
3320,135
3321,135
3322,135
3323,135
3324,135
3325,135
3326,135
3327,135
3328,135
3329,135
3330,135
3331,135
3332,135
3333,135
3334,135
3335,135
3336,135
3337,135
3338,135
3339,135
3340,135
3341,135
3342,135
3343,135
3344,135
3345,135
3346,135
3347,135
3348,135
3349,135
3350,135
3351,135
3352,135
3353,135
3354,135
3355,135
3356,135
3357,135
3358,135
3359,135
3360,135
3361,135
3362,135
3363,135
3364,135
3365,135
3366,135
3367,135
3368,135
3369,135
3370,135
3371,135
3372,135
3373,135
3374,135
3375,135
3376,135
3377,135
3378,135
3379,135
3380,135
3381,135
3382,135
3383,135
3384,135
3385,135
3386,135
3387,135
3388,135
3389,135
3390,135
3391,135
3392,135
3393,135
3394,135
3395,135
3396,135
3397,135
3398,135
3399,135
3400,135
3401,135
3402,135
3403,135
3404,135
3405,135
3406,135
3407,135
3408,135
3409,135
3410,135
3411,135
3412,135
3413,135
3414,135
3415,135
3416,135
3417,135
3418,135
3419,135
3420,135
3421,135
3422,135
3423,135
3424,135
3425,135
3426,135
3427,135
3428,135
3429,135
3430,135
3431,135
3432,135
3433,135
3434,135
3435,135
3436,135
3437,135
3438,135
3439,135
3440,135
3441,135
3442,135
3443,135
3444,135
3445,135
3446,135
3447,135
3448,135
3449,135
3450,135
3451,135
3452,135
3453,135
3454,135
3455,135
3456,135
3457,135
3458,135
3459,135
3460,135
3461,135
3462,135
3463,135
3464,135
3465,135
3466,135
3467,135
3468,135
3469,135
3470,135
3471,135
3472,135
3473,135
3474,135
3475,135
3476,135
3477,135
3478,135
3479,135
3480,135
3481,135
3482,135
3483,135
3484,135
3485,135
3486,135
3487,135
3488,135
3489,135
3490,135
3491,135
3492,135
3493,135
3494,135
3495,135
3496,135
3497,135
3498,135
3499,135
3500,135
3501,135
3502,135
3503,135
3504,135
3505,135
3506,135
3507,135
3508,135
3509,135
3510,135
3511,135
3512,135
3513,135
3514,135
3515,135
3516,135
3517,135
3518,135
3519,135
3520,135
3521,135
3522,135
3523,135
3524,135
3525,135
3526,135
3527,135
3528,135
3529,135
3530,135
3531,135
3532,135
3533,135
3534,135
3535,135
3536,135
3537,135
3538,135
3539,135
3540,135
3541,135
3542,135
3543,135
3544,135
3545,135
3546,135
3547,135
3548,135
3549,135
3550,135
3551,135
3552,135
3553,135
3554,135
3555,135
3556,135
3557,135
3558,135
3559,135
3560,135
3561,135
3562,135
3563,135
3564,135
3565,135
3566,135
3567,135
3568,135
3569,135
3570,135
3571,135
3572,135
3573,135
3574,135
3575,135
3576,135
3577,135
3578,135
3579,135
3580,135
3581,135
3582,135
3583,135
3584,135
3585,135
3586,135
3587,135
3588,135
3589,135
3590,135
3591,135
3592,135
3593,135
3594,135
3595,135
3596,135
3597,135
3598,135
3599,135
3600,135
3601,135
3602,135
3603,135
3604,135
3605,135
3606,135
3607,135
3608,135
3609,135
3610,135
3611,135
3612,135
3613,135
3614,135
3615,135
3616,135
3617,135
3618,135
3619,135
3620,135
3621,135
3622,135
3623,135
3624,135
3625,135
3626,135
3627,135
3628,135
3629,135
3630,135
3631,135
3632,135
3633,135
3634,135
3635,135
3636,135
3637,135
3638,135
3639,135
3640,135
3641,135
3642,135
3643,136
3644,137
3645,138
3646,139
3647,139
3648,139
3649,139
3650,140
3651,140
3652,140
3653,140
3654,140
3655,140
3656,140
3657,140
3658,140
3659,140
3660,140
3661,140
3662,140
3663,140
3664,140
3665,140
3666,140
3667,140
3668,140
3669,140
3670,140
3671,140
3672,140
3673,140
3674,140
3675,140
3676,140
3677,140
3678,140
3679,140
3680,140
3681,140
3682,140
3683,140
3684,140
3685,140
3686,140
3687,140
3688,140
3689,140
3690,140
3691,140
3692,140
3693,140
3694,140
3695,140
3696,140
3697,140
3698,140
3699,140
3700,140
3701,140
3702,140
3703,140
3704,140
3705,140
3706,140
3707,140
3708,140
3709,140
3710,140
3711,140
3712,140
3713,140
3714,140
3715,140
3716,140
3717,140
3718,140
3719,140
3720,140
3721,140
3722,140
3723,140
3724,140
3725,140
3726,140
3727,140
3728,140
3729,140
3730,140
3731,140
3732,140
3733,140
3734,140
3735,140
3736,140
3737,140
3738,140
3739,140
3740,140
3741,140
3742,140
3743,140
3744,140
3745,140
3746,140
3747,140
3748,140
3749,140
3750,140
3751,140
3752,140
3753,140
3754,140
3755,140
3756,140
3757,140
3758,140
3759,140
3760,140
3761,140
3762,140
3763,140
3764,140
3765,140
3766,140
3767,140
3768,140
3769,140
3770,140
3771,140
3772,140
3773,140
3774,140
3775,140
3776,140
3777,140
3778,140
3779,140
3780,140
3781,140
3782,140
3783,140
3784,140
3785,140
3786,140
3787,140
3788,140
3789,140
3790,140
3791,140
3792,140
3793,140
3794,140
3795,140
3796,140
3797,140
3798,140
3799,140
3800,140
3801,140
3802,140
3803,140
3804,140
3805,140
3806,140
3807,140
3808,140
3809,140
3810,140
3811,140
3812,140
3813,140
3814,140
3815,140
3816,140
3817,140
3818,140
3819,140
3820,140
3821,140
3822,140
3823,140
3824,140
3825,140
3826,140
3827,140
3828,140
3829,140
3830,140
3831,140
3832,140
3833,140
3834,140
3835,140
3836,140
3837,140
3838,140
3839,140
3840,140
3841,140
3842,140
3843,140
3844,140
3845,140
3846,140
3847,140
3848,140
3849,140
3850,140
3851,140
3852,140
3853,140
3854,140
3855,140
3856,140
3857,140
3858,140
3859,140
3860,140
3861,140
3862,140
3863,140
3864,140
3865,140
3866,140
3867,140
3868,140
3869,140
3870,140
3871,140
3872,140
3873,140
3874,140
3875,140
3876,140
3877,140
3878,140
3879,140
3880,140
3881,140
3882,140
3883,140
3884,140
3885,140
3886,140
3887,140
3888,140
3889,140
3890,140
3891,140
3892,140
3893,140
3894,140
3895,140
3896,140
3897,140
3898,140
3899,140
3900,140
3901,140
3902,140
3903,140
3904,140
3905,140
3906,140
3907,140
3908,140
3909,140
3910,140
3911,140
3912,140
3913,140
3914,140
3915,140
3916,140
3917,140
3918,140
3919,140
3920,140
3921,140
3922,140
3923,140
3924,140
3925,140
3926,140
3927,140
3928,140
3929,140
3930,140
3931,140
3932,140
3933,140
3934,140
3935,140
3936,140
3937,140
3938,140
3939,140
3940,140
3941,140
3942,140
3943,140
3944,140
3945,140
3946,140
3947,140
3948,140
3949,140
3950,140
3951,140
3952,140
3953,140
3954,140
3955,140
3956,140
3957,140
3958,140
3959,140
3960,140
3961,140
3962,140
3963,140
3964,140
3965,140
3966,140
3967,140
3968,140
3969,140
3970,140
3971,140
3972,140
3973,140
3974,140
3975,140
3976,140
3977,140
3978,140
3979,140
3980,140
3981,140
3982,140
3983,140
3984,140
3985,140
3986,140
3987,140
3988,140
3989,140
3990,140
3991,140
3992,140
3993,140
3994,140
3995,140
3996,140
3997,140
3998,140
3999,140
4000,140
4001,140
4002,140
4003,140
4004,140
4005,140
4006,140
4007,140
4008,140
4009,140
4010,140
4011,140
4012,140
4013,140
4014,140
4015,140
4016,140
4017,140
4018,140
4019,140
4020,140
4021,140
4022,140
4023,140
4024,140
4025,140
4026,140
4027,140
4028,140
4029,140
4030,140
4031,140
4032,140
4033,140
4034,140
4035,140
4036,140
4037,140
4038,140
4039,140
4040,140
4041,140
4042,140
4043,140
4044,140
4045,140
4046,140
4047,140
4048,140
4049,140
4050,140
4051,140
4052,140
4053,140
4054,140
4055,140
4056,140
4057,140
4058,140
4059,140
4060,140
4061,140
4062,140
4063,140
4064,140
4065,140
4066,140
4067,140
4068,140
4069,140
4070,140
4071,140
4072,140
4073,140
4074,140
4075,140
4076,140
4077,140
4078,140
4079,140
4080,140
4081,140
4082,140
4083,140
4084,140
4085,140
4086,140
4087,140
4088,140
4089,140
4090,140
4091,140
4092,140
4093,140
4094,140
4095,140
4096,140
4097,140
4098,140
4099,140
4100,140
4101,140
4102,140
4103,140
4104,140
4105,140
4106,140
4107,140
4108,140
4109,140
4110,140
4111,140
4112,140
4113,140
4114,140
4115,140
4116,140
4117,140
4118,140
4119,140
4120,140
4121,140
4122,140
4123,140
4124,140
4125,140
4126,140
4127,140
4128,140
4129,140
4130,140
4131,140
4132,140
4133,140
4134,140
4135,140
4136,140
4137,140
4138,140
4139,140
4140,140
4141,140
4142,140
4143,140
4144,140
4145,140
4146,140
4147,140
4148,140
4149,140
4150,140
4151,140
4152,140
4153,140
4154,140
4155,140
4156,140
4157,140
4158,140
4159,140
4160,140
4161,140
4162,140
4163,140
4164,140
4165,140
4166,140
4167,140
4168,140
4169,140
4170,140
4171,140
4172,140
4173,140
4174,140
4175,140
4176,140
4177,140
4178,140
4179,140
4180,140
4181,140
4182,140
4183,140
4184,140
4185,140
4186,140
4187,140
4188,140
4189,140
4190,140
4191,140
4192,140
4193,140
4194,140
4195,140
4196,140
4197,140
4198,140
4199,140
4200,140
4201,140
4202,140
4203,140
4204,140
4205,140
4206,140
4207,140
4208,140
4209,140
4210,140
4211,140
4212,140
4213,140
4214,140
4215,140
4216,140
4217,140
4218,140
4219,140
4220,140
4221,140
4222,140
4223,140
4224,140
4225,140
4226,140
4227,140
4228,140
4229,140
4230,140
4231,140
4232,140
4233,140
4234,140
4235,140
4236,140
4237,140
4238,140
4239,140
4240,140
4241,140
4242,140
4243,140
4244,140
4245,140
4246,140
4247,140
4248,140
4249,140
4250,140
4251,140
4252,140
4253,140
4254,140
4255,140
4256,140
4257,140
4258,140
4259,140
4260,140
4261,140
4262,140
4263,140
4264,140
4265,140
4266,140
4267,140
4268,140
4269,140
4270,140
4271,140
4272,140
4273,140
4274,140
4275,140
4276,140
4277,140
4278,140
4279,140
4280,140
4281,140
4282,140
4283,140
4284,140
4285,140
4286,140
4287,140
4288,140
4289,140
4290,140
4291,140
4292,140
4293,140
4294,140
4295,140
4296,140
4297,140
4298,140
4299,140
4300,140
4301,140
4302,140
4303,140
4304,140
4305,140
4306,140
4307,140
4308,140
4309,140
4310,140
4311,140
4312,140
4313,140
4314,140
4315,140
4316,140
4317,140
4318,140
4319,140
4320,140
4321,140
4322,140
4323,140
4324,140
4325,140
4326,140
4327,140
4328,140
4329,140
4330,140
4331,140
4332,140
4333,140
4334,140
4335,140
4336,140
4337,140
4338,140
4339,140
4340,140
4341,140
4342,140
4343,140
4344,140
4345,140
4346,140
4347,140
4348,140
4349,140
4350,140
4351,140
4352,140
4353,140
4354,140
4355,140
4356,140
4357,140
4358,140
4359,140
4360,140
4361,140
4362,140
4363,140
4364,140
4365,140
4366,140
4367,140
4368,140
4369,140
4370,140
4371,140
4372,140
4373,140
4374,140
4375,140
4376,140
4377,140
4378,140
4379,140
4380,140
4381,140
4382,140
4383,140
4384,140
4385,140
4386,140
4387,140
4388,140
4389,140
4390,140
4391,140
4392,140
4393,140
4394,140
4395,140
4396,140
4397,140
4398,140
4399,140
4400,140
4401,140
4402,140
4403,140
4404,140
4405,140
4406,140
4407,140
4408,140
4409,140
4410,140
4411,140
4412,140
4413,140
4414,140
4415,140
4416,140
4417,140
4418,140
4419,140
4420,140
4421,140
4422,140
4423,140
4424,140
4425,140
4426,140
4427,140
4428,140
4429,140
4430,140
4431,140
4432,140
4433,140
4434,140
4435,140
4436,140
4437,140
4438,140
4439,140
4440,140
4441,140
4442,140
4443,140
4444,140
4445,140
4446,140
4447,140
4448,140
4449,140
4450,140
4451,140
4452,140
4453,140
4454,140
4455,140
4456,140
4457,140
4458,140
4459,140
4460,140
4461,140
4462,140
4463,140
4464,140
4465,140
4466,140
4467,140
4468,140
4469,140
4470,140
4471,140
4472,140
4473,140
4474,140
4475,140
4476,140
4477,140
4478,140
4479,140
4480,140
4481,140
4482,140
4483,140
4484,140
4485,140
4486,140
4487,140
4488,140
4489,140
4490,140
4491,140
4492,140
4493,140
4494,140
4495,140
4496,140
4497,140
4498,140
4499,140
4500,140
4501,140
4502,140
4503,140
4504,140
4505,140
4506,140
4507,140
4508,140
4509,140
4510,140
4511,140
4512,140
4513,140
4514,140
4515,140
4516,140
4517,140
4518,140
4519,140
4520,140
4521,140
4522,140
4523,140
4524,140
4525,140
4526,140
4527,140
4528,140
4529,140
4530,140
4531,140
4532,140
4533,140
4534,140
4535,140
4536,140
4537,140
4538,140
4539,140
4540,140
4541,140
4542,140
4543,140
4544,140
4545,140
4546,141
4547,141
4548,141
4549,141
4550,141
4551,141
4552,141
4553,141
4554,141
4555,141
4556,141
4557,141
4558,141
4559,141
4560,141
4561,141
4562,141
4563,141
4564,141
4565,141
4566,141
4567,141
4568,141
4569,141
4570,141
4571,141
4572,141
4573,141
4574,141
4575,141
4576,141
4577,141
4578,141
4579,141
4580,141
4581,141
4582,141
4583,141
4584,141
4585,141
4586,141
4587,141
4588,141
4589,141
4590,141
4591,141
4592,141
4593,141
4594,141
4595,141
4596,141
4597,141
4598,141
4599,141
4600,141
4601,141
4602,141
4603,141
4604,141
4605,141
4606,141
4607,141
4608,141
4609,141
4610,141
4611,141
4612,141
4613,141
4614,141
4615,141
4616,141
4617,141
4618,141
4619,141
4620,141
4621,141
4622,141
4623,141
4624,141
4625,141
4626,141
4627,141
4628,141
4629,141
4630,141
4631,141
4632,141
4633,141
4634,141
4635,141
4636,141
4637,141
4638,141
4639,141
4640,141
4641,141
4642,141
4643,141
4644,141
4645,141
4646,141
4647,141
4648,141
4649,141
4650,141
4651,141
4652,141
4653,141
4654,141
4655,141
4656,141
4657,141
4658,141
4659,141
4660,141
4661,141
4662,141
4663,141
4664,141
4665,141
4666,141
4667,141
4668,141
4669,141
4670,141
4671,141
4672,141
4673,141
4674,141
4675,141
4676,141
4677,141
4678,141
4679,141
4680,141
4681,141
4682,141
4683,141
4684,141
4685,141
4686,141
4687,141
4688,141
4689,141
4690,141
4691,141
4692,141
4693,141
4694,141
4695,141
4696,141
4697,141
4698,141
4699,141
4700,141
4701,141
4702,141
4703,141
4704,141
4705,141
4706,141
4707,141
4708,141
4709,141
4710,141
4711,141
4712,141
4713,141
4714,141
4715,141
4716,141
4717,141
4718,141
4719,141
4720,141
4721,141
4722,141
4723,141
4724,141
4725,141
4726,141
4727,141
4728,141
4729,141
4730,141
4731,141
4732,141
4733,141
4734,141
4735,141
4736,141
4737,141
4738,141
4739,141
4740,141
4741,141
4742,141
4743,141
4744,141
4745,141
4746,141
4747,141
4748,141
4749,141
4750,141
4751,141
4752,141
4753,141
4754,141
4755,141
4756,141
4757,141
4758,141
4759,141
4760,141
4761,141
4762,141
4763,141
4764,141
4765,141
4766,141
4767,141
4768,141
4769,141
4770,141
4771,141
4772,141
4773,141
4774,141
4775,141
4776,141
4777,141
4778,141
4779,141
4780,141
4781,141
4782,141
4783,141
4784,141
4785,141
4786,141
4787,141
4788,141
4789,141
4790,141
4791,141
4792,141
4793,141
4794,141
4795,141
4796,141
4797,141
4798,141
4799,141
4800,141
4801,141
4802,141
4803,141
4804,141
4805,141
4806,141
4807,141
4808,141
4809,141
4810,141
4811,141
4812,141
4813,141
4814,141
4815,141
4816,141
4817,141
4818,141
4819,141
4820,141
4821,141
4822,141
4823,141
4824,141
4825,141
4826,141
4827,141
4828,141
4829,141
4830,141
4831,141
4832,141
4833,141
4834,141
4835,141
4836,141
4837,141
4838,141
4839,141
4840,141
4841,141
4842,141
4843,141
4844,141
4845,141
4846,141
4847,141
4848,141
4849,141
4850,141
4851,141
4852,141
4853,141
4854,141
4855,141
4856,141
4857,141
4858,141
4859,141
4860,141
4861,141
4862,141
4863,141
4864,141
4865,141
4866,141
4867,141
4868,141
4869,141
4870,141
4871,141
4872,141
4873,141
4874,141
4875,141
4876,141
4877,141
4878,141
4879,141
4880,141
4881,141
4882,141
4883,141
4884,141
4885,141
4886,141
4887,141
4888,141
4889,141
4890,141
4891,141
4892,141
4893,141
4894,141
4895,141
4896,141
4897,141
4898,141
4899,141
4900,141
4901,141
4902,141
4903,141
4904,141
4905,141
4906,141
4907,141
4908,141
4909,141
4910,141
4911,141
4912,141
4913,141
4914,141
4915,141
4916,141
4917,141
4918,141
4919,141
4920,141
4921,141
4922,141
4923,141
4924,141
4925,141
4926,141
4927,141
4928,141
4929,141
4930,141
4931,141
4932,141
4933,141
4934,141
4935,141
4936,141
4937,141
4938,141
4939,141
4940,141
4941,141
4942,141
4943,141
4944,141
4945,141
4946,141
4947,141
4948,141
4949,141
4950,141
4951,141
4952,141
4953,141
4954,141
4955,141
4956,141
4957,141
4958,141
4959,141
4960,141
4961,141
4962,141
4963,141
4964,141
4965,141
4966,141
4967,141
4968,141
4969,141
4970,141
4971,141
4972,141
4973,141
4974,141
4975,141
4976,141
4977,141
4978,141
4979,141
4980,141
4981,141
4982,141
4983,141
4984,141
4985,141
4986,141
4987,141
4988,141
4989,141
4990,141
4991,141
4992,141
4993,141
4994,141
4995,141
4996,141
4997,141
4998,141
4999,141
5000,141
5001,141
5002,141
5003,141
5004,141
5005,141
5006,141
5007,141
5008,141
5009,141
5010,141
5011,141
5012,141
5013,141
5014,141
5015,141
5016,141
5017,141
5018,141
5019,141
5020,141
5021,141
5022,141
5023,141
5024,141
5025,141
5026,141
5027,141
5028,141
5029,141
5030,141
5031,141
5032,141
5033,141
5034,141
5035,141
5036,141
5037,141
5038,141
5039,141
5040,141
5041,141
5042,141
5043,141
5044,141
5045,141
5046,141
5047,141
5048,141
5049,141
5050,141
5051,141
5052,142
5053,143
5054,143
5055,143
5056,143
5057,143
5058,143
5059,143
5060,143
5061,143
5062,143
5063,143
5064,143
5065,143
5066,143
5067,143
5068,143
5069,143
5070,143
5071,143
5072,143
5073,143
5074,143
5075,143
5076,143
5077,143
5078,143
5079,143
5080,143
5081,143
5082,143
5083,143
5084,143
5085,143
5086,143
5087,143
5088,143
5089,143
5090,143
5091,143
5092,143
5093,143
5094,143
5095,143
5096,143
5097,143
5098,143
5099,143
5100,143
5101,143
5102,143
5103,143
5104,143
5105,143
5106,143
5107,143
5108,143
5109,143
5110,143
5111,143
5112,143
5113,143
5114,143
5115,143
5116,143
5117,143
5118,143
5119,143
5120,143
5121,143
5122,143
5123,143
5124,143
5125,143
5126,143
5127,143
5128,143
5129,143
5130,143
5131,143
5132,143
5133,143
5134,143
5135,143
5136,143
5137,143
5138,143
5139,143
5140,143
5141,143
5142,143
5143,143
5144,143
5145,143
5146,143
5147,143
5148,143
5149,143
5150,143
5151,143
5152,143
5153,143
5154,143
5155,143
5156,143
5157,143
5158,143
5159,143
5160,143
5161,143
5162,143
5163,143
5164,143
5165,143
5166,143
5167,143
5168,143
5169,143
5170,143
5171,143
5172,143
5173,143
5174,143
5175,143
5176,143
5177,143
5178,143
5179,143
5180,143
5181,143
5182,143
5183,143
5184,143
5185,143
5186,143
5187,143
5188,143
5189,143
5190,143
5191,143
5192,143
5193,143
5194,143
5195,143
5196,143
5197,143
5198,143
5199,143
5200,143
5201,143
5202,143
5203,143
5204,143
5205,143
5206,143
5207,143
5208,143
5209,143
5210,143
5211,143
5212,143
5213,143
5214,143
5215,143
5216,143
5217,143
5218,143
5219,143
5220,143
5221,143
5222,143
5223,143
5224,143
5225,143
5226,143
5227,143
5228,143
5229,143
5230,143
5231,143
5232,143
5233,143
5234,143
5235,143
5236,143
5237,143
5238,143
5239,143
5240,143
5241,143
5242,143
5243,143
5244,143
5245,143
5246,143
5247,143
5248,143
5249,143
5250,143
5251,143
5252,143
5253,143
5254,143
5255,143
5256,143
5257,143
5258,143
5259,143
5260,143
5261,143
5262,143
5263,143
5264,143
5265,143
5266,143
5267,143
5268,143
5269,143
5270,143
5271,143
5272,143
5273,143
5274,143
5275,143
5276,143
5277,143
5278,143
5279,143
5280,143
5281,143
5282,143
5283,143
5284,143
5285,143
5286,143
5287,143
5288,143
5289,143
5290,143
5291,143
5292,143
5293,143
5294,143
5295,143
5296,143
5297,143
5298,143
5299,143
5300,143
5301,143
5302,143
5303,143
5304,143
5305,143
5306,143
5307,143
5308,143
5309,143
5310,143
5311,143
5312,143
5313,143
5314,143
5315,143
5316,143
5317,143
5318,143
5319,143
5320,143
5321,143
5322,143
5323,143
5324,143
5325,143
5326,143
5327,143
5328,143
5329,143
5330,143
5331,143
5332,143
5333,143
5334,143
5335,143
5336,143
5337,143
5338,143
5339,143
5340,143
5341,143
5342,143
5343,143
5344,143
5345,143
5346,143
5347,143
5348,143
5349,143
5350,143
5351,143
5352,143
5353,143
5354,143
5355,143
5356,143
5357,143
5358,143
5359,143
5360,143
5361,143
5362,143
5363,143
5364,143
5365,143
5366,143
5367,143
5368,143
5369,143
5370,143
5371,143
5372,143
5373,143
5374,143
5375,143
5376,143
5377,143
5378,143
5379,143
5380,143
5381,143
5382,143
5383,143
5384,143
5385,143
5386,143
5387,143
5388,143
5389,143
5390,143
5391,143
5392,143
5393,143
5394,143
5395,143
5396,143
5397,143
5398,143
5399,143
5400,143
5401,143
5402,143
5403,143
5404,143
5405,143
5406,143
5407,143
5408,143
5409,143
5410,143
5411,143
5412,143
5413,143
5414,143
5415,143
5416,143
5417,143
5418,143
5419,143
5420,143
5421,143
5422,143
5423,143
5424,143
5425,143
5426,143
5427,143
5428,143
5429,143
5430,143
5431,143
5432,143
5433,143
5434,143
5435,143
5436,143
5437,143
5438,143
5439,143
5440,143
5441,143
5442,143
5443,143
5444,143
5445,143
5446,143
5447,143
5448,143
5449,143
5450,143
5451,143
5452,143
5453,143
5454,143
5455,143
5456,143
5457,143
5458,143
5459,143
5460,143
5461,143
5462,143
5463,143
5464,143
5465,143
5466,143
5467,143
5468,143
5469,143
5470,143
5471,143
5472,143
5473,143
5474,143
5475,143
5476,143
5477,143
5478,143
5479,143
5480,143
5481,143
5482,143
5483,143
5484,143
5485,143
5486,143
5487,143
5488,143
5489,143
5490,143
5491,143
5492,143
5493,143
5494,143
5495,143
5496,143
5497,143
5498,143
5499,143
5500,143
5501,143
5502,143
5503,143
5504,143
5505,143
5506,143
5507,143
5508,143
5509,143
5510,143
5511,143
5512,143
5513,143
5514,143
5515,143
5516,143
5517,143
5518,143
5519,143
5520,143
5521,143
5522,143
5523,143
5524,143
5525,143
5526,143
5527,143
5528,143
5529,143
5530,143
5531,143
5532,143
5533,143
5534,143
5535,143
5536,143
5537,143
5538,143
5539,143
5540,143
5541,143
5542,143
5543,143
5544,143
5545,143
5546,143
5547,143
5548,143
5549,143
5550,143
5551,143
5552,143
5553,143
5554,143
5555,143
5556,143
5557,143
5558,143
5559,143
5560,143
5561,143
5562,143
5563,143
5564,143
5565,143
5566,143
5567,143
5568,143
5569,143
5570,143
5571,143
5572,143
5573,143
5574,143
5575,143
5576,143
5577,143
5578,143
5579,143
5580,143
5581,143
5582,143
5583,143
5584,143
5585,143
5586,143
5587,143
5588,143
5589,143
5590,143
5591,143
5592,143
5593,143
5594,143
5595,143
5596,143
5597,143
5598,143
5599,143
5600,143
5601,143
5602,143
5603,143
5604,143
5605,143
5606,143
5607,143
5608,143
5609,143
5610,143
5611,143
5612,143
5613,143
5614,143
5615,143
5616,143
5617,143
5618,143
5619,143
5620,143
5621,143
5622,143
5623,143
5624,143
5625,143
5626,143
5627,143
5628,143
5629,143
5630,143
5631,143
5632,143
5633,143
5634,143
5635,143
5636,143
5637,143
5638,143
5639,143
5640,143
5641,143
5642,143
5643,143
5644,143
5645,143
5646,143
5647,143
5648,143
5649,143
5650,143
5651,143
5652,143
5653,143
5654,143
5655,143
5656,143
5657,143
5658,143
5659,143
5660,143
5661,143
5662,143
5663,143
5664,143
5665,143
5666,143
5667,143
5668,143
5669,143
5670,143
5671,143
5672,143
5673,143
5674,143
5675,143
5676,143
5677,143
5678,143
5679,143
5680,143
5681,143
5682,143
5683,143
5684,143
5685,143
5686,143
5687,143
5688,143
5689,143
5690,143
5691,143
5692,143
5693,143
5694,143
5695,143
5696,143
5697,143
5698,143
5699,143
5700,143
5701,143
5702,143
5703,143
5704,143
5705,143
5706,143
5707,143
5708,143
5709,143
5710,143
5711,143
5712,143
5713,143
5714,143
5715,143
5716,143
5717,143
5718,143
5719,143
5720,143
5721,143
5722,143
5723,143
5724,143
5725,143
5726,143
5727,143
5728,143
5729,143
5730,143
5731,143
5732,143
5733,143
5734,143
5735,143
5736,143
5737,143
5738,143
5739,143
5740,143
5741,143
5742,143
5743,143
5744,143
5745,143
5746,143
5747,143
5748,143
5749,143
5750,143
5751,143
5752,143
5753,143
5754,143
5755,143
5756,143
5757,143
5758,143
5759,143
5760,143
5761,143
5762,143
5763,143
5764,143
5765,143
5766,143
5767,143
5768,143
5769,143
5770,143
5771,143
5772,143
5773,143
5774,143
5775,143
5776,143
5777,143
5778,143
5779,143
5780,143
5781,143
5782,143
5783,143
5784,143
5785,143
5786,143
5787,143
5788,143
5789,143
5790,143
5791,143
5792,143
5793,143
5794,143
5795,143
5796,143
5797,143
5798,143
5799,143
5800,143
5801,143
5802,143
5803,143
5804,143
5805,143
5806,143
5807,143
5808,143
5809,143
5810,143
5811,143
5812,143
5813,143
5814,143
5815,143
5816,143
5817,143
5818,143
5819,143
5820,143
5821,143
5822,143
5823,143
5824,143
5825,143
5826,143
5827,143
5828,143
5829,143
5830,143
5831,143
5832,143
5833,143
5834,143
5835,143
5836,143
5837,143
5838,143
5839,143
5840,143
5841,143
5842,143
5843,143
5844,143
5845,143
5846,143
5847,143
5848,143
5849,143
5850,143
5851,143
5852,143
5853,143
5854,143
5855,143
5856,143
5857,143
5858,143
5859,143
5860,143
5861,143
5862,143
5863,143
5864,143
5865,143
5866,143
5867,143
5868,143
5869,143
5870,143
5871,143
5872,143
5873,143
5874,143
5875,143
5876,143
5877,143
5878,143
5879,143
5880,143
5881,143
5882,143
5883,143
5884,143
5885,143
5886,143
5887,143
5888,143
5889,143
5890,143
5891,143
5892,143
5893,143
5894,143
5895,143
5896,143
5897,143
5898,143
5899,143
5900,143
5901,143
5902,143
5903,143
5904,143
5905,143
5906,143
5907,143
5908,143
5909,143
5910,143
5911,143
5912,143
5913,143
5914,143
5915,143
5916,143
5917,143
5918,143
5919,143
5920,143
5921,143
5922,143
5923,143
5924,143
5925,143
5926,143
5927,143
5928,143
5929,143
5930,143
5931,143
5932,143
5933,143
5934,143
5935,143
5936,143
5937,143
5938,143
5939,143
5940,143
5941,143
5942,143
5943,143
5944,143
5945,143
5946,143
5947,143
5948,143
5949,143
5950,143
5951,143
5952,143
5953,143
5954,143
5955,143
5956,143
5957,143
5958,143
5959,143
5960,143
5961,143
5962,143
5963,143
5964,143
5965,143
5966,143
5967,143
5968,143
5969,143
5970,143
5971,143
5972,143
5973,143
5974,143
5975,143
5976,143
5977,143
5978,143
5979,143
5980,143
5981,143
5982,143
5983,143
5984,143
5985,143
5986,143
5987,143
5988,143
5989,143
5990,143
5991,143
5992,143
5993,143
5994,143
5995,143
5996,143
5997,143
5998,143
5999,143
6000,143
6001,143
6002,143
6003,143
6004,143
6005,143
6006,143
6007,143
6008,143
6009,143
6010,143
6011,143
6012,143
6013,143
6014,143
6015,143
6016,143
6017,143
6018,143
6019,143
6020,143
6021,143
6022,143
6023,143
6024,143
6025,143
6026,143
6027,143
6028,143
6029,143
6030,143
6031,143
6032,143
6033,143
6034,143
6035,143
6036,143
6037,143
6038,143
6039,143
6040,143
6041,143
6042,143
6043,143
6044,143
6045,143
6046,143
6047,143
6048,143
6049,143
6050,143
6051,143
6052,143
6053,143
6054,143
6055,143
6056,143
6057,143
6058,143
6059,143
6060,143
6061,143
6062,143
6063,143
6064,143
6065,143
6066,143
6067,143
6068,143
6069,143
6070,143
6071,143
6072,143
6073,143
6074,143
6075,143
6076,143
6077,143
6078,143
6079,143
6080,143
6081,143
6082,143
6083,143
6084,143
6085,143
6086,143
6087,143
6088,143
6089,143
6090,143
6091,143
6092,143
6093,143
6094,143
6095,143
6096,143
6097,143
6098,143
6099,143
6100,143
6101,143
6102,143
6103,143
6104,143
6105,143
6106,143
6107,143
6108,143
6109,143
6110,143
6111,143
6112,143
6113,143
6114,143
6115,143
6116,143
6117,143
6118,143
6119,143
6120,143
6121,143
6122,143
6123,143
6124,143
6125,143
6126,143
6127,143
6128,143
6129,143
6130,143
6131,143
6132,143
6133,143
6134,143
6135,143
6136,143
6137,143
6138,143
6139,143
6140,143
6141,143
6142,143
6143,143
6144,143
6145,143
6146,143
6147,143
6148,143
6149,143
6150,143
6151,143
6152,143
6153,143
6154,143
6155,143
6156,143
6157,143
6158,143
6159,143
6160,143
6161,143
6162,143
6163,143
6164,143
6165,143
6166,143
6167,143
6168,143
6169,143
6170,143
6171,143
6172,143
6173,143
6174,143
6175,143
6176,143
6177,143
6178,143
6179,143
6180,143
6181,143
6182,143
6183,143
6184,143
6185,143
6186,143
6187,143
6188,143
6189,143
6190,143
6191,143
6192,143
6193,143
6194,143
6195,143
6196,143
6197,143
6198,143
6199,143
6200,143
6201,143
6202,143
6203,143
6204,143
6205,143
6206,143
6207,143
6208,143
6209,143
6210,143
6211,143
6212,143
6213,143
6214,143
6215,143
6216,143
6217,143
6218,143
6219,143
6220,143
6221,143
6222,143
6223,143
6224,143
6225,143
6226,143
6227,143
6228,143
6229,143
6230,143
6231,143
6232,143
6233,143
6234,143
6235,143
6236,143
6237,143
6238,143
6239,143
6240,143
6241,143
6242,143
6243,143
6244,143
6245,143
6246,143
6247,143
6248,143
6249,143
6250,143
6251,143
6252,143
6253,143
6254,143
6255,143
6256,143
6257,143
6258,143
6259,143
6260,143
6261,143
6262,143
6263,143
6264,143
6265,143
6266,143
6267,143
6268,143
6269,143
6270,143
6271,143
6272,143
6273,143
6274,143
6275,143
6276,143
6277,143
6278,143
6279,143
6280,143
6281,143
6282,143
6283,143
6284,143
6285,143
6286,143
6287,143
6288,143
6289,143
6290,143
6291,143
6292,143
6293,143
6294,143
6295,143
6296,143
6297,143
6298,143
6299,143
6300,143
6301,143
6302,143
6303,143
6304,143
6305,143
6306,143
6307,143
6308,143
6309,143
6310,143
6311,143
6312,143
6313,143
6314,143
6315,143
6316,143
6317,143
6318,143
6319,143
6320,143
6321,143
6322,143
6323,143
6324,143
6325,143
6326,143
6327,143
6328,143
6329,143
6330,143
6331,143
6332,143
6333,143
6334,143
6335,143
6336,143
6337,143
6338,143
6339,143
6340,143
6341,143
6342,143
6343,143
6344,143
6345,143
6346,143
6347,143
6348,143
6349,143
6350,143
6351,143
6352,143
6353,143
6354,143
6355,143
6356,143
6357,143
6358,143
6359,143
6360,143
6361,143
6362,143
6363,143
6364,143
6365,143
6366,143
6367,143
6368,143
6369,143
6370,143
6371,143
6372,143
6373,143
6374,143
6375,143
6376,143
6377,143
6378,143
6379,143
6380,143
6381,143
6382,143
6383,143
6384,143
6385,143
6386,143
6387,143
6388,143
6389,143
6390,143
6391,143
6392,143
6393,143
6394,143
6395,143
6396,143
6397,143
6398,143
6399,143
6400,143
6401,143
6402,143
6403,143
6404,143
6405,143
6406,143
6407,143
6408,143
6409,143
6410,143
6411,143
6412,143
6413,143
6414,143
6415,143
6416,143
6417,143
6418,143
6419,143
6420,143
6421,143
6422,143
6423,143
6424,143
6425,143
6426,143
6427,143
6428,143
6429,143
6430,143
6431,143
6432,143
6433,143
6434,143
6435,143
6436,143
6437,143
6438,143
6439,143
6440,143
6441,143
6442,143
6443,143
6444,143
6445,143
6446,143
6447,143
6448,143
6449,143
6450,143
6451,143
6452,143
6453,143
6454,143
6455,143
6456,143
6457,143
6458,143
6459,143
6460,143
6461,143
6462,143
6463,143
6464,143
6465,143
6466,143
6467,143
6468,143
6469,143
6470,143
6471,143
6472,143
6473,143
6474,143
6475,143
6476,143
6477,143
6478,143
6479,143
6480,143
6481,143
6482,143
6483,143
6484,143
6485,143
6486,143
6487,143
6488,143
6489,143
6490,143
6491,143
6492,143
6493,143
6494,143
6495,143
6496,143
6497,143
6498,143
6499,143
6500,143
6501,143
6502,143
6503,143
6504,143
6505,143
6506,143
6507,143
6508,143
6509,143
6510,143
6511,143
6512,143
6513,143
6514,143
6515,143
6516,143
6517,143
6518,143
6519,143
6520,143
6521,143
6522,143
6523,143
6524,143
6525,143
6526,143
6527,143
6528,143
6529,143
6530,143
6531,143
6532,143
6533,143
6534,143
6535,143
6536,143
6537,143
6538,143
6539,143
6540,143
6541,143
6542,143
6543,143
6544,143
6545,143
6546,143
6547,143
6548,143
6549,143
6550,143
6551,143
6552,143
6553,143
6554,143
6555,143
6556,143
6557,143
6558,143
6559,143
6560,143
6561,143
6562,143
6563,143
6564,143
6565,143
6566,143
6567,143
6568,143
6569,143
6570,143
6571,143
6572,143
6573,143
6574,143
6575,143
6576,143
6577,143
6578,143
6579,143
6580,143
6581,143
6582,143
6583,143
6584,143
6585,143
6586,143
6587,143
6588,143
6589,143
6590,143
6591,143
6592,143
6593,143
6594,143
6595,143
6596,143
6597,143
6598,143
6599,143
6600,143
6601,143
6602,143
6603,143
6604,143
6605,143
6606,143
6607,143
6608,143
6609,143
6610,143
6611,143
6612,143
6613,143
6614,143
6615,143
6616,143
6617,143
6618,143
6619,143
6620,143
6621,143
6622,143
6623,143
6624,143
6625,143
6626,143
6627,143
6628,143
6629,143
6630,143
6631,143
6632,143
6633,143
6634,143
6635,143
6636,143
6637,143
6638,143
6639,143
6640,143
6641,143
6642,143
6643,143
6644,143
6645,143
6646,143
6647,143
6648,143
6649,143
6650,143
6651,143
6652,143
6653,143
6654,143
6655,143
6656,143
6657,143
6658,143
6659,143
6660,143
6661,143
6662,143
6663,143
6664,143
6665,143
6666,143
6667,143
6668,143
6669,143
6670,143
6671,143
6672,143
6673,143
6674,143
6675,143
6676,143
6677,143
6678,143
6679,143
6680,143
6681,143
6682,143
6683,143
6684,143
6685,143
6686,143
6687,143
6688,143
6689,143
6690,143
6691,143
6692,143
6693,143
6694,143
6695,143
6696,143
6697,143
6698,143
6699,143
6700,143
6701,143
6702,143
6703,143
6704,143
6705,143
6706,143
6707,143
6708,143
6709,143
6710,143
6711,143
6712,143
6713,143
6714,143
6715,143
6716,143
6717,143
6718,143
6719,143
6720,143
6721,143
6722,143
6723,143
6724,143
6725,143
6726,143
6727,143
6728,143
6729,143
6730,143
6731,143
6732,143
6733,143
6734,143
6735,143
6736,143
6737,143
6738,143
6739,143
6740,143
6741,143
6742,143
6743,143
6744,143
6745,143
6746,143
6747,143
6748,143
6749,143
6750,143
6751,143
6752,143
6753,143
6754,143
6755,143
6756,143
6757,143
6758,143
6759,143
6760,143
6761,143
6762,143
6763,143
6764,143
6765,143
6766,143
6767,143
6768,143
6769,143
6770,143
6771,143
6772,143
6773,143
6774,143
6775,143
6776,143
6777,143
6778,143
6779,143
6780,143
6781,143
6782,143
6783,143
6784,143
6785,143
6786,143
6787,143
6788,143
6789,143
6790,143
6791,143
6792,143
6793,143
6794,143
6795,143
6796,143
6797,143
6798,143
6799,143
6800,143
6801,143
6802,143
6803,143
6804,143
6805,143
6806,143
6807,143
6808,143
6809,143
6810,143
6811,143
6812,143
6813,143
6814,143
6815,143
6816,143
6817,143
6818,143
6819,143
6820,143
6821,143
6822,143
6823,143
6824,143
6825,143
6826,143
6827,143
6828,143
6829,143
6830,143
6831,143
6832,143
6833,143
6834,143
6835,143
6836,143
6837,143
6838,143
6839,143
6840,143
6841,143
6842,143
6843,143
6844,143
6845,143
6846,143
6847,143
6848,143
6849,143
6850,143
6851,143
6852,143
6853,143
6854,143
6855,143
6856,143
6857,143
6858,143
6859,143
6860,143
6861,143
6862,143
6863,143
6864,143
6865,143
6866,143
6867,143
6868,143
6869,143
6870,143
6871,143
6872,143
6873,143
6874,143
6875,143
6876,143
6877,143
6878,143
6879,143
6880,143
6881,143
6882,143
6883,143
6884,143
6885,143
6886,143
6887,143
6888,143
6889,143
6890,143
6891,143
6892,143
6893,143
6894,143
6895,143
6896,143
6897,143
6898,143
6899,143
6900,143
6901,143
6902,143
6903,143
6904,143
6905,143
6906,143
6907,143
6908,143
6909,143
6910,143
6911,143
6912,143
6913,143
6914,143
6915,143
6916,143
6917,143
6918,143
6919,143
6920,143
6921,143
6922,143
6923,143
6924,143
6925,143
6926,143
6927,143
6928,143
6929,143
6930,143
6931,143
6932,143
6933,143
6934,143
6935,143
6936,143
6937,143
6938,143
6939,143
6940,143
6941,143
6942,143
6943,143
6944,143
6945,143
6946,143
6947,143
6948,143
6949,143
6950,143
6951,143
6952,143
6953,143
6954,143
6955,143
6956,143
6957,143
6958,143
6959,143
6960,143
6961,143
6962,143
6963,143
6964,143
6965,143
6966,143
6967,143
6968,143
6969,143
6970,143
6971,143
6972,143
6973,143
6974,143
6975,143
6976,143
6977,143
6978,143
6979,143
6980,143
6981,143
6982,143
6983,143
6984,143
6985,143
6986,143
6987,143
6988,143
6989,143
6990,143
6991,143
6992,143
6993,143
6994,143
6995,143
6996,143
6997,143
6998,143
6999,143
7000,143
7001,143
7002,143
7003,143
7004,143
7005,143
7006,143
7007,143
7008,143
7009,143
7010,143
7011,143
7012,143
7013,143
7014,143
7015,143
7016,143
7017,143
7018,143
7019,143
7020,143
7021,143
7022,143
7023,143
7024,143
7025,143
7026,143
7027,143
7028,143
7029,143
7030,143
7031,143
7032,143
7033,143
7034,143
7035,143
7036,143
7037,143
7038,143
7039,143
7040,143
7041,143
7042,143
7043,143
7044,143
7045,143
7046,143
7047,143
7048,143
7049,143
7050,143
7051,143
7052,143
7053,143
7054,143
7055,143
7056,143
7057,143
7058,143
7059,143
7060,143
7061,143
7062,143
7063,143
7064,143
7065,143
7066,143
7067,143
7068,143
7069,143
7070,143
7071,143
7072,143
7073,143
7074,143
7075,143
7076,143
7077,143
7078,143
7079,143
7080,143
7081,143
7082,143
7083,143
7084,143
7085,143
7086,143
7087,143
7088,143
7089,143
7090,143
7091,143
7092,143
7093,143
7094,143
7095,143
7096,143
7097,143
7098,143
7099,143
7100,143
7101,143
7102,143
7103,143
7104,143
7105,143
7106,143
7107,143
7108,143
7109,143
7110,143
7111,143
7112,143
7113,143
7114,143
7115,143
7116,143
7117,143
7118,143
7119,143
7120,143
7121,143
7122,143
7123,143
7124,143
7125,143
7126,143
7127,143
7128,143
7129,143
7130,143
7131,143
7132,143
7133,143
7134,143
7135,143
7136,143
7137,143
7138,143
7139,143
7140,143
7141,143
7142,143
7143,143
7144,143
7145,143
7146,143
7147,143
7148,143
7149,143
7150,143
7151,143
7152,143
7153,143
7154,143
7155,143
7156,143
7157,143
7158,143
7159,143
7160,143
7161,143
7162,143
7163,143
7164,143
7165,143
7166,143
7167,143
7168,143
7169,143
7170,143
7171,143
7172,143
7173,143
7174,143
7175,143
7176,143
7177,143
7178,143
7179,143
7180,143
7181,143
7182,143
7183,144
7184,144
7185,144
7186,144
7187,144
7188,144
7189,144
7190,144
7191,144
7192,144
7193,144
7194,144
7195,144
7196,144
7197,144
7198,144
7199,144
7200,144
7201,144
7202,144
7203,144
7204,144
7205,144
7206,144
7207,144
7208,144
7209,144
7210,144
7211,144
7212,144
7213,144
7214,144
7215,144
7216,144
7217,144
7218,144
7219,144
7220,144
7221,144
7222,144
7223,144
7224,144
7225,144
7226,144
7227,144
7228,144
7229,144
7230,144
7231,144
7232,144
7233,144
7234,144
7235,144
7236,144
7237,144
7238,144
7239,144
7240,144
7241,144
7242,144
7243,144
7244,144
7245,144
7246,144
7247,144
7248,144
7249,144
7250,144
7251,144
7252,144
7253,144
7254,144
7255,144
7256,144
7257,144
7258,144
7259,144
7260,144
7261,144
7262,144
7263,144
7264,144
7265,144
7266,144
7267,144
7268,144
7269,144
7270,144
7271,144
7272,144
7273,144
7274,144
7275,144
7276,144
7277,144
7278,144
7279,144
7280,144
7281,144
7282,144
7283,144
7284,144
7285,144
7286,144
7287,144
7288,144
7289,144
7290,144
7291,144
7292,144
7293,144
7294,144
7295,144
7296,144
7297,144
7298,144
7299,144
7300,144
7301,144
7302,144
7303,144
7304,144
7305,144
7306,144
7307,144
7308,144
7309,144
7310,144
7311,144
7312,144
7313,144
7314,144
7315,144
7316,144
7317,144
7318,144
7319,144
7320,144
7321,144
7322,144
7323,144
7324,144
7325,144
7326,144
7327,144
7328,144
7329,144
7330,144
7331,144
7332,144
7333,144
7334,144
7335,144
7336,144
7337,144
7338,144
7339,144
7340,144
7341,144
7342,144
7343,144
7344,144
7345,144
7346,144
7347,144
7348,144
7349,144
7350,144
7351,144
7352,144
7353,144
7354,144
7355,144
7356,144
7357,144
7358,144
7359,144
7360,144
7361,144
7362,144
7363,144
7364,144
7365,144
7366,144
7367,144
7368,144
7369,144
7370,144
7371,144
7372,144
7373,144
7374,144
7375,144
7376,144
7377,144
7378,144
7379,144
7380,144
7381,144
7382,144
7383,144
7384,144
7385,144
7386,144
7387,144
7388,144
7389,144
7390,144
7391,144
7392,144
7393,144
7394,144
7395,144
7396,144
7397,144
7398,144
7399,144
7400,144
7401,144
7402,144
7403,144
7404,144
7405,144
7406,144
7407,144
7408,144
7409,144
7410,144
7411,144
7412,144
7413,144
7414,144
7415,144
7416,144
7417,144
7418,144
7419,144
7420,144
7421,144
7422,144
7423,144
7424,144
7425,144
7426,144
7427,144
7428,144
7429,144
7430,144
7431,144
7432,144
7433,144
7434,144
7435,144
7436,144
7437,144
7438,144
7439,144
7440,144
7441,144
7442,144
7443,144
7444,144
7445,144
7446,144
7447,144
7448,144
7449,144
7450,144
7451,144
7452,144
7453,144
7454,144
7455,144
7456,144
7457,144
7458,144
7459,144
7460,144
7461,144
7462,144
7463,144
7464,144
7465,144
7466,144
7467,144
7468,144
7469,144
7470,144
7471,144
7472,144
7473,144
7474,144
7475,144
7476,144
7477,144
7478,144
7479,144
7480,144
7481,144
7482,144
7483,144
7484,144
7485,144
7486,144
7487,144
7488,144
7489,144
7490,144
7491,144
7492,144
7493,144
7494,144
7495,144
7496,144
7497,144
7498,144
7499,144
7500,144
7501,144
7502,144
7503,144
7504,144
7505,144
7506,144
7507,144
7508,144
7509,144
7510,144
7511,144
7512,144
7513,144
7514,144
7515,144
7516,144
7517,144
7518,144
7519,144
7520,144
7521,144
7522,144
7523,144
7524,144
7525,144
7526,144
7527,144
7528,144
7529,144
7530,144
7531,144
7532,144
7533,144
7534,144
7535,144
7536,144
7537,144
7538,144
7539,144
7540,144
7541,144
7542,144
7543,144
7544,144
7545,144
7546,144
7547,144
7548,144
7549,144
7550,144
7551,144
7552,144
7553,144
7554,144
7555,144
7556,144
7557,144
7558,144
7559,144
7560,144
7561,144
7562,144
7563,144
7564,144
7565,144
7566,144
7567,144
7568,144
7569,144
7570,144
7571,144
7572,144
7573,144
7574,144
7575,144
7576,144
7577,144
7578,144
7579,144
7580,144
7581,144
7582,144
7583,144
7584,144
7585,144
7586,144
7587,144
7588,144
7589,144
7590,144
7591,144
7592,144
7593,144
7594,144
7595,144
7596,144
7597,144
7598,144
7599,144
7600,144
7601,144
7602,144
7603,144
7604,144
7605,144
7606,144
7607,144
7608,144
7609,144
7610,144
7611,144
7612,144
7613,144
7614,144
7615,144
7616,144
7617,144
7618,144
7619,144
7620,144
7621,144
7622,144
7623,144
7624,144
7625,144
7626,144
7627,144
7628,144
7629,144
7630,144
7631,144
7632,144
7633,144
7634,144
7635,144
7636,144
7637,144
7638,144
7639,144
7640,144
7641,144
7642,144
7643,144
7644,144
7645,144
7646,144
7647,144
7648,144
7649,144
7650,144
7651,144
7652,144
7653,144
7654,144
7655,144
7656,144
7657,144
7658,144
7659,144
7660,144
7661,144
7662,144
7663,144
7664,144
7665,144
7666,144
7667,144
7668,144
7669,144
7670,144
7671,144
7672,144
7673,144
7674,144
7675,144
7676,144
7677,144
7678,144
7679,144
7680,144
7681,144
7682,144
7683,144
7684,144
7685,144
7686,144
7687,144
7688,144
7689,144
7690,144
7691,144
7692,144
7693,144
7694,144
7695,144
7696,144
7697,144
7698,144
7699,144
7700,144
7701,144
7702,144
7703,144
7704,144
7705,144
7706,144
7707,144
7708,144
7709,144
7710,144
7711,144
7712,144
7713,144
7714,144
7715,144
7716,144
7717,144
7718,144
7719,144
7720,144
7721,144
7722,144
7723,144
7724,144
7725,144
7726,144
7727,144
7728,144
7729,144
7730,144
7731,144
7732,144
7733,144
7734,144
7735,144
7736,144
7737,144
7738,144
7739,144
7740,144
7741,144
7742,144
7743,144
7744,144
7745,144
7746,144
7747,144
7748,144
7749,144
7750,144
7751,144
7752,144
7753,144
7754,144
7755,144
7756,144
7757,144
7758,144
7759,144
7760,144
7761,144
7762,144
7763,144
7764,144
7765,144
7766,144
7767,144
7768,144
7769,144
7770,144
7771,144
7772,144
7773,144
7774,144
7775,144
7776,144
7777,144
7778,144
7779,144
7780,144
7781,144
7782,144
7783,144
7784,144
7785,144
7786,144
7787,144
7788,144
7789,144
7790,144
7791,144
7792,144
7793,144
7794,144
7795,144
7796,144
7797,144
7798,144
7799,144
7800,144
7801,144
7802,144
7803,144
7804,144
7805,144
7806,144
7807,144
7808,144
7809,144
7810,144
7811,144
7812,144
7813,144
7814,144
7815,144
7816,144
7817,144
7818,144
7819,144
7820,144
7821,144
7822,144
7823,144
7824,144
7825,144
7826,144
7827,144
7828,144
7829,144
7830,144
7831,144
7832,144
7833,144
7834,144
7835,144
7836,144
7837,144
7838,144
7839,144
7840,144
7841,144
7842,144
7843,144
7844,144
7845,144
7846,144
7847,144
7848,144
7849,144
7850,144
7851,144
7852,144
7853,144
7854,144
7855,144
7856,144
7857,144
7858,144
7859,144
7860,144
7861,144
7862,144
7863,144
7864,144
7865,144
7866,144
7867,144
7868,144
7869,144
7870,144
7871,144
7872,144
7873,144
7874,144
7875,144
7876,144
7877,144
7878,144
7879,144
7880,144
7881,144
7882,144
7883,144
7884,144
7885,144
7886,144
7887,144
7888,144
7889,144
7890,144
7891,144
7892,144
7893,144
7894,144
7895,144
7896,144
7897,144
7898,144
7899,144
7900,144
7901,144
7902,144
7903,144
7904,144
7905,144
7906,144
7907,144
7908,144
7909,144
7910,144
7911,144
7912,144
7913,144
7914,144
7915,144
7916,144
7917,144
7918,144
7919,144
7920,144
7921,144
7922,144
7923,144
7924,144
7925,144
7926,144
7927,144
7928,144
7929,144
7930,144
7931,144
7932,144
7933,144
7934,144
7935,144
7936,144
7937,144
7938,144
7939,144
7940,144
7941,144
7942,144
7943,144
7944,144
7945,144
7946,144
7947,144
7948,144
7949,144
7950,144
7951,144
7952,144
7953,144
7954,144
7955,144
7956,144
7957,144
7958,144
7959,144
7960,144
7961,144
7962,144
7963,144
7964,144
7965,144
7966,144
7967,144
7968,144
7969,144
7970,144
7971,144
7972,144
7973,144
7974,144
7975,144
7976,144
7977,144
7978,144
7979,144
7980,144
7981,144
7982,144
7983,144
7984,144
7985,144
7986,144
7987,144
7988,144
7989,144
7990,144
7991,144
7992,144
7993,144
7994,144
7995,144
7996,144
7997,144
7998,144
7999,144
8000,144
8001,144
8002,144
8003,144
8004,144
8005,144
8006,144
8007,144
8008,144
8009,144
8010,144
8011,144
8012,144
8013,144
8014,144
8015,144
8016,144
8017,144
8018,144
8019,144
8020,144
8021,144
8022,144
8023,144
8024,144
8025,144
8026,144
8027,144
8028,144
8029,144
8030,144
8031,144
8032,144
8033,144
8034,144
8035,144
8036,144
8037,144
8038,144
8039,144
8040,144
8041,144
8042,144
8043,144
8044,144
8045,144
8046,144
8047,144
8048,144
8049,144
8050,144
8051,144
8052,144
8053,144
8054,144
8055,144
8056,144
8057,144
8058,144
8059,144
8060,144
8061,144
8062,144
8063,144
8064,144
8065,144
8066,144
8067,144
8068,144
8069,144
8070,144
8071,144
8072,144
8073,144
8074,144
8075,144
8076,144
8077,144
8078,144
8079,144
8080,144
8081,144
8082,144
8083,144
8084,144
8085,144
8086,144
8087,144
8088,144
8089,144
8090,144
8091,144
8092,144
8093,144
8094,144
8095,144
8096,144
8097,144
8098,144
8099,144
8100,144
8101,144
8102,144
8103,144
8104,144
8105,144
8106,144
8107,144
8108,144
8109,144
8110,144
8111,144
8112,144
8113,144
8114,144
8115,144
8116,144
8117,144
8118,144
8119,144
8120,144
8121,144
8122,144
8123,144
8124,144
8125,144
8126,144
8127,144
8128,144
8129,144
8130,144
8131,144
8132,144
8133,144
8134,144
8135,144
8136,144
8137,144
8138,144
8139,144
8140,144
8141,144
8142,144
8143,144
8144,144
8145,144
8146,144
8147,144
8148,144
8149,144
8150,144
8151,144
8152,144
8153,144
8154,144
8155,144
8156,144
8157,144
8158,144
8159,144
8160,144
8161,144
8162,144
8163,144
8164,144
8165,144
8166,144
8167,144
8168,144
8169,144
8170,144
8171,144
8172,144
8173,144
8174,144
8175,144
8176,144
8177,144
8178,144
8179,144
8180,144
8181,144
8182,144
8183,144
8184,144
8185,144
8186,144
8187,144
8188,144
8189,144
8190,144
8191,144
8192,144
8193,144
8194,144
8195,144
8196,144
8197,144
8198,144
8199,144
8200,144
8201,144
8202,144
8203,144
8204,144
8205,144
8206,144
8207,144
8208,144
8209,144
8210,144
8211,144
8212,144
8213,144
8214,144
8215,144
8216,144
8217,144
8218,144
8219,144
8220,144
8221,144
8222,144
8223,144
8224,144
8225,144
8226,144
8227,144
8228,144
8229,144
8230,144
8231,144
8232,144
8233,144
8234,144
8235,144
8236,144
8237,144
8238,144
8239,144
8240,144
8241,144
8242,144
8243,144
8244,144
8245,144
8246,144
8247,144
8248,144
8249,144
8250,144
8251,144
8252,144
8253,144
8254,144
8255,144
8256,144
8257,144
8258,144
8259,144
8260,144
8261,144
8262,144
8263,144
8264,144
8265,144
8266,144
8267,144
8268,144
8269,144
8270,144
8271,144
8272,144
8273,144
8274,144
8275,144
8276,144
8277,144
8278,144
8279,144
8280,144
8281,144
8282,144
8283,144
8284,144
8285,144
8286,144
8287,144
8288,144
8289,144
8290,144
8291,144
8292,144
8293,144
8294,144
8295,144
8296,144
8297,144
8298,144
8299,144
8300,144
8301,144
8302,144
8303,144
8304,144
8305,144
8306,144
8307,144
8308,144
8309,144
8310,144
8311,144
8312,144
8313,144
8314,144
8315,144
8316,144
8317,144
8318,144
8319,144
8320,144
8321,144
8322,144
8323,144
8324,144
8325,144
8326,144
8327,144
8328,144
8329,144
8330,144
8331,144
8332,144
8333,144
8334,144
8335,144
8336,144
8337,144
8338,144
8339,144
8340,144
8341,144
8342,144
8343,144
8344,144
8345,144
8346,144
8347,144
8348,144
8349,144
8350,144
8351,144
8352,144
8353,144
8354,144
8355,144
8356,144
8357,144
8358,144
8359,144
8360,144
8361,144
8362,144
8363,144
8364,144
8365,144
8366,144
8367,144
8368,144
8369,144
8370,144
8371,144
8372,144
8373,144
8374,144
8375,144
8376,144
8377,144
8378,144
8379,144
8380,144
8381,144
8382,144
8383,144
8384,144
8385,144
8386,144
8387,144
8388,144
8389,144
8390,144
8391,144
8392,144
8393,144
8394,144
8395,144
8396,144
8397,144
8398,144
8399,144
8400,144
8401,144
8402,144
8403,144
8404,144
8405,144
8406,144
8407,144
8408,144
8409,144
8410,144
8411,144
8412,144
8413,144
8414,144
8415,144
8416,144
8417,144
8418,144
8419,144
8420,144
8421,144
8422,144
8423,144
8424,144
8425,144
8426,144
8427,144
8428,144
8429,144
8430,144
8431,144
8432,144
8433,144
8434,144
8435,144
8436,144
8437,144
8438,144
8439,144
8440,144
8441,144
8442,144
8443,144
8444,144
8445,144
8446,144
8447,144
8448,144
8449,144
8450,144
8451,144
8452,144
8453,144
8454,144
8455,144
8456,144
8457,144
8458,144
8459,144
8460,144
8461,144
8462,144
8463,144
8464,144
8465,144
8466,144
8467,144
8468,144
8469,144
8470,144
8471,144
8472,144
8473,144
8474,144
8475,144
8476,144
8477,144
8478,144
8479,144
8480,144
8481,144
8482,144
8483,144
8484,144
8485,144
8486,144
8487,144
8488,144
8489,144
8490,144
8491,144
8492,144
8493,144
8494,144
8495,144
8496,144
8497,144
8498,144
8499,144
8500,144
8501,144
8502,144
8503,144
8504,144
8505,144
8506,144
8507,144
8508,144
8509,144
8510,144
8511,144
8512,144
8513,144
8514,144
8515,144
8516,144
8517,144
8518,144
8519,144
8520,144
8521,144
8522,144
8523,144
8524,144
8525,144
8526,144
8527,144
8528,144
8529,144
8530,144
8531,144
8532,144
8533,144
8534,144
8535,144
8536,144
8537,144
8538,144
8539,144
8540,144
8541,144
8542,144
8543,144
8544,144
8545,144
8546,144
8547,144
8548,144
8549,144
8550,144
8551,144
8552,144
8553,144
8554,144
8555,144
8556,144
8557,144
8558,144
8559,144
8560,144
8561,144
8562,144
8563,144
8564,144
8565,144
8566,144
8567,144
8568,144
8569,144
8570,144
8571,144
8572,144
8573,144
8574,144
8575,144
8576,144
8577,144
8578,144
8579,144
8580,144
8581,144
8582,144
8583,144
8584,144
8585,144
8586,144
8587,144
8588,144
8589,144
8590,144
8591,144
8592,144
8593,144
8594,144
8595,144
8596,144
8597,144
8598,144
8599,144
8600,144
8601,144
8602,144
8603,144
8604,144
8605,144
8606,144
8607,144
8608,144
8609,144
8610,144
8611,144
8612,144
8613,144
8614,144
8615,144
8616,144
8617,144
8618,144
8619,144
8620,144
8621,144
8622,144
8623,144
8624,144
8625,144
8626,144
8627,144
8628,144
8629,144
8630,144
8631,144
8632,144
8633,144
8634,144
8635,144
8636,144
8637,144
8638,144
8639,144
8640,144
8641,144
8642,144
8643,144
8644,144
8645,144
8646,144
8647,144
8648,144
8649,144
8650,144
8651,144
8652,144
8653,144
8654,144
8655,144
8656,144
8657,144
8658,144
8659,144
8660,144
8661,144
8662,144
8663,144
8664,144
8665,144
8666,144
8667,144
8668,144
8669,144
8670,144
8671,144
8672,144
8673,144
8674,144
8675,144
8676,144
8677,144
8678,144
8679,144
8680,144
8681,144
8682,144
8683,144
8684,144
8685,144
8686,144
8687,144
8688,144
8689,144
8690,144
8691,144
8692,144
8693,144
8694,144
8695,144
8696,144
8697,144
8698,144
8699,144
8700,144
8701,144
8702,144
8703,144
8704,144
8705,144
8706,144
8707,144
8708,144
8709,144
8710,144
8711,144
8712,144
8713,144
8714,144
8715,144
8716,144
8717,144
8718,144
8719,144
8720,144
8721,144
8722,144
8723,144
8724,144
8725,144
8726,144
8727,144
8728,144
8729,144
8730,144
8731,144
8732,144
8733,144
8734,144
8735,144
8736,144
8737,144
8738,144
8739,144
8740,144
8741,144
8742,144
8743,144
8744,144
8745,144
8746,144
8747,144
8748,144
8749,144
8750,144
8751,144
8752,144
8753,144
8754,144
8755,144
8756,144
8757,144
8758,144
8759,144
8760,144
8761,144
8762,144
8763,144
8764,144
8765,144
8766,144
8767,144
8768,144
8769,144
8770,144
8771,144
8772,144
8773,144
8774,144
8775,144
8776,144
8777,144
8778,144
8779,144
8780,144
8781,144
8782,144
8783,144
8784,144
8785,144
8786,144
8787,144
8788,144
8789,144
8790,144
8791,144
8792,144
8793,144
8794,144
8795,144
8796,144
8797,144
8798,144
8799,144
8800,144
8801,144
8802,144
8803,144
8804,144
8805,144
8806,144
8807,144
8808,144
8809,144
8810,144
8811,144
8812,144
8813,144
8814,144
8815,144
8816,144
8817,144
8818,144
8819,144
8820,144
8821,144
8822,144
8823,144
8824,144
8825,144
8826,144
8827,144
8828,144
8829,144
8830,144
8831,144
8832,144
8833,144
8834,144
8835,144
8836,144
8837,144
8838,144
8839,144
8840,144
8841,144
8842,144
8843,144
8844,144
8845,144
8846,144
8847,144
8848,144
8849,144
8850,144
8851,144
8852,144
8853,144
8854,144
8855,144
8856,144
8857,144
8858,144
8859,144
8860,144
8861,144
8862,144
8863,144
8864,144
8865,144
8866,144
8867,144
8868,144
8869,144
8870,144
8871,144
8872,144
8873,144
8874,144
8875,144
8876,144
8877,144
8878,144
8879,144
8880,144
8881,144
8882,144
8883,144
8884,144
8885,144
8886,144
8887,144
8888,144
8889,144
8890,144
8891,144
8892,144
8893,144
8894,144
8895,144
8896,144
8897,144
8898,144
8899,144
8900,144
8901,144
8902,144
8903,144
8904,144
8905,144
8906,144
8907,144
8908,144
8909,144
8910,144
8911,144
8912,144
8913,144
8914,144
8915,144
8916,144
8917,144
8918,144
8919,144
8920,144
8921,144
8922,144
8923,144
8924,144
8925,144
8926,144
8927,144
8928,144
8929,144
8930,144
8931,144
8932,144
8933,144
8934,144
8935,144
8936,144
8937,144
8938,144
8939,144
8940,144
8941,144
8942,144
8943,144
8944,144
8945,144
8946,144
8947,144
8948,144
8949,144
8950,144
8951,144
8952,144
8953,144
8954,144
8955,144
8956,144
8957,144
8958,144
8959,144
8960,144
8961,144
8962,144
8963,144
8964,144
8965,144
8966,144
8967,144
8968,144
8969,144
8970,144
8971,144
8972,144
8973,144
8974,144
8975,144
8976,144
8977,144
8978,144
8979,144
8980,144
8981,144
8982,144
8983,144
8984,144
8985,144
8986,144
8987,144
8988,144
8989,144
8990,144
8991,144
8992,144
8993,144
8994,144
8995,144
8996,144
8997,144
8998,144
8999,144
9000,144
9001,144
9002,144
9003,144
9004,144
9005,144
9006,144
9007,144
9008,144
9009,144
9010,144
9011,144
9012,144
9013,144
9014,144
9015,144
9016,144
9017,144
9018,144
9019,144
9020,144
9021,144
9022,144
9023,144
9024,144
9025,144
9026,144
9027,144
9028,144
9029,144
9030,144
9031,144
9032,144
9033,144
9034,144
9035,144
9036,144
9037,144
9038,144
9039,144
9040,144
9041,144
9042,144
9043,144
9044,144
9045,144
9046,144
9047,144
9048,144
9049,144
9050,144
9051,144
9052,144
9053,144
9054,144
9055,144
9056,144
9057,144
9058,144
9059,144
9060,144
9061,144
9062,144
9063,144
9064,144
9065,144
9066,144
9067,144
9068,144
9069,144
9070,144
9071,144
9072,144
9073,144
9074,144
9075,144
9076,144
9077,144
9078,144
9079,144
9080,144
9081,144
9082,144
9083,144
9084,144
9085,144
9086,144
9087,144
9088,144
9089,144
9090,144
9091,144
9092,144
9093,144
9094,144
9095,144
9096,144
9097,144
9098,144
9099,144
9100,144
9101,144
9102,144
9103,144
9104,144
9105,144
9106,144
9107,144
9108,144
9109,144
9110,144
9111,144
9112,144
9113,144
9114,144
9115,144
9116,144
9117,144
9118,144
9119,144
9120,144
9121,144
9122,144
9123,144
9124,144
9125,144
9126,144
9127,144
9128,144
9129,144
9130,144
9131,144
9132,144
9133,144
9134,144
9135,144
9136,144
9137,144
9138,144
9139,144
9140,144
9141,144
9142,144
9143,144
9144,144
9145,144
9146,144
9147,144
9148,144
9149,144
9150,144
9151,144
9152,144
9153,144
9154,144
9155,144
9156,144
9157,144
9158,144
9159,144
9160,144
9161,144
9162,144
9163,144
9164,144
9165,144
9166,144
9167,144
9168,144
9169,144
9170,144
9171,144
9172,144
9173,144
9174,144
9175,144
9176,144
9177,144
9178,144
9179,144
9180,144
9181,144
9182,144
9183,144
9184,144
9185,144
9186,144
9187,144
9188,144
9189,144
9190,144
9191,144
9192,144
9193,144
9194,144
9195,144
9196,144
9197,144
9198,144
9199,144
9200,144
9201,144
9202,144
9203,144
9204,144
9205,144
9206,144
9207,144
9208,144
9209,144
9210,144
9211,144
9212,144
9213,144
9214,144
9215,144
9216,144
9217,144
9218,144
9219,144
9220,144
9221,144
9222,144
9223,144
9224,144
9225,144
9226,144
9227,144
9228,144
9229,144
9230,144
9231,144
9232,144
9233,144
9234,144
9235,144
9236,144
9237,144
9238,144
9239,144
9240,144
9241,144
9242,144
9243,144
9244,144
9245,144
9246,144
9247,144
9248,144
9249,144
9250,144
9251,144
9252,144
9253,144
9254,144
9255,144
9256,144
9257,144
9258,144
9259,144
9260,144
9261,144
9262,144
9263,144
9264,144
9265,144
9266,144
9267,144
9268,144
9269,144
9270,144
9271,144
9272,144
9273,144
9274,144
9275,144
9276,144
9277,144
9278,144
9279,144
9280,144
9281,144
9282,144
9283,144
9284,144
9285,144
9286,144
9287,144
9288,144
9289,144
9290,144
9291,144
9292,144
9293,144
9294,144
9295,144
9296,144
9297,144
9298,144
9299,144
9300,144
9301,144
9302,144
9303,144
9304,144
9305,144
9306,144
9307,144
9308,144
9309,144
9310,144
9311,144
9312,144
9313,144
9314,144
9315,144
9316,144
9317,144
9318,144
9319,144
9320,144
9321,144
9322,144
9323,144
9324,144
9325,144
9326,144
9327,144
9328,144
9329,144
9330,144
9331,144
9332,144
9333,144
9334,144
9335,144
9336,144
9337,144
9338,144
9339,144
9340,144
9341,144
9342,144
9343,144
9344,144
9345,144
9346,144
9347,144
9348,144
9349,144
9350,144
9351,144
9352,144
9353,144
9354,144
9355,144
9356,144
9357,144
9358,144
9359,144
9360,144
9361,144
9362,144
9363,144
9364,144
9365,144
9366,144
9367,144
9368,144
9369,144
9370,144
9371,144
9372,144
9373,144
9374,144
9375,144
9376,144
9377,144
9378,144
9379,144
9380,144
9381,144
9382,144
9383,144
9384,144
9385,144
9386,144
9387,144
9388,144
9389,144
9390,144
9391,144
9392,144
9393,144
9394,144
9395,144
9396,144
9397,144
9398,144
9399,144
9400,144
9401,144
9402,144
9403,144
9404,144
9405,144
9406,144
9407,144
9408,144
9409,144
9410,144
9411,144
9412,144
9413,144
9414,144
9415,144
9416,144
9417,144
9418,144
9419,144
9420,144
9421,144
9422,144
9423,144
9424,144
9425,144
9426,144
9427,144
9428,144
9429,145
