0,0
1,1
2,2
3,3
4,4
5,5
6,6
7,7
8,7
9,8
10,9
11,9
12,10
13,11
14,12
15,13
16,14
17,15
18,16
19,17
20,18
21,19
22,20
23,20
24,21
25,22
26,22
27,23
28,24
29,25
30,26
31,27
32,28
33,29
34,30
35,31
36,32
37,33
38,33
39,34
40,35
41,35
42,35
43,36
44,36
45,36
46,36
47,37
48,38
49,39
50,39
51,39
52,39
53,40
54,41
55,41
56,42
57,43
58,43
59,44
60,45
61,45
62,45
63,45
64,46
65,46
66,46
67,46
68,47
69,47
70,48
71,48
72,48
73,49
74,50
75,51
76,51
77,52
78,53
79,53
80,54
81,54
82,55
83,55
84,55
85,56
86,56
87,56
88,56
89,56
90,56
91,57
92,57
93,58
94,58
95,59
96,59
97,60
98,60
99,60
100,60
101,60
102,61
103,62
104,63
105,64
106,64
107,64
108,65
109,66
110,66
111,66
112,66
113,67
114,67
115,68
116,68
117,68
118,68
119,68
120,68
121,68
122,69
123,70
124,70
125,70
126,71
127,71
128,71
129,71
130,71
131,71
132,71
133,72
134,73
135,74
136,75
137,76
138,76
139,77
140,77
141,78
142,78
143,79
144,80
145,81
146,82
147,83
148,84
149,85
150,85
151,86
152,87
153,88
154,89
155,90
156,90
157,90
158,90
159,90
160,90
161,91
162,92
163,92
164,93
165,94
166,95
167,95
168,95
169,95
170,95
171,96
172,96
173,96
174,96
175,96
176,97
177,97
178,97
179,97
180,97
181,97
182,97
183,97
184,97
185,97
186,97
187,97
188,97
189,98
190,99
191,99
192,100
193,100
194,100
195,100
196,100
197,100
198,100
199,100
200,100
201,100
202,100
203,100
204,101
205,101
206,102
207,102
208,102
209,102
210,102
211,102
212,102
213,102
214,102
215,102
216,102
217,102
218,102
219,102
220,102
221,102
222,102
223,102
224,103
225,103
226,103
227,103
228,103
229,103
230,103
231,103
232,103
233,103
234,103
235,103
236,103
237,103
238,103
239,104
240,104
241,104
242,104
243,104
244,104
245,104
246,104
247,104
248,104
249,104
250,104
251,104
252,104
253,104
254,104
255,104
256,104
257,104
258,104
259,105
260,105
261,105
262,105
263,105
264,105
265,105
266,105
267,105
268,105
269,105
270,105
271,105
272,105
273,105
274,105
275,105
276,105
277,105
278,105
279,105
280,105
281,106
282,106
283,106
284,106
285,106
286,106
287,106
288,106
289,106
290,106
291,106
292,106
293,106
294,106
295,106
296,106
297,106
298,107
299,107
300,108
301,108
302,108
303,108
304,108
305,108
306,108
307,108
308,108
309,108
310,108
311,108
312,108
313,108
314,108
315,108
316,108
317,108
318,108
319,108
320,108
321,108
322,108
323,108
324,108
325,108
326,108
327,108
328,108
329,108
330,108
331,108
332,108
333,108
334,108
335,108
336,108
337,108
338,108
339,108
340,108
341,108
342,108
343,108
344,108
345,108
346,108
347,108
348,108
349,108
350,108
351,109
352,110
353,110
354,110
355,110
356,110
357,110
358,110
359,111
360,111
361,111
362,111
363,111
364,111
365,111
366,111
367,111
368,111
369,111
370,111
371,111
372,111
373,111
374,111
375,111
376,111
377,111
378,111
379,111
380,111
381,111
382,111
383,111
384,111
385,111
386,111
387,111
388,111
389,111
390,111
391,111
392,111
393,111
394,111
395,111
396,111
397,111
398,111
399,111
400,111
401,111
402,111
403,111
404,111
405,111
406,111
407,111
408,111
409,111
410,111
411,111
412,111
413,111
414,111
415,111
416,111
417,111
418,111
419,111
420,111
421,111
422,111
423,111
424,111
425,111
426,111
427,111
428,111
429,111
430,111
431,111
432,111
433,111
434,111
435,111
436,111
437,111
438,111
439,111
440,111
441,111
442,111
443,111
444,111
445,111
446,111
447,111
448,111
449,111
450,111
451,111
452,111
453,111
454,111
455,111
456,111
457,111
458,111
459,111
460,111
461,111
462,111
463,111
464,111
465,111
466,111
467,111
468,111
469,111
470,111
471,111
472,112
473,112
474,112
475,112
476,113
477,113
478,113
479,113
480,113
481,113
482,113
483,113
484,113
485,113
486,113
487,113
488,113
489,113
490,113
491,113
492,113
493,113
494,113
495,113
496,113
497,113
498,113
499,113
500,113
501,113
502,113
503,113
504,113
505,113
506,113
507,113
508,113
509,113
510,113
511,113
512,113
513,113
514,113
515,113
516,113
517,113
518,113
519,113
520,113
521,113
522,113
523,113
524,113
525,113
526,113
527,113
528,113
529,113
530,113
531,113
532,113
533,113
534,113
535,113
536,113
537,113
538,113
539,113
540,113
541,113
542,113
543,113
544,113
545,113
546,113
547,113
548,113
549,113
550,113
551,113
552,113
553,113
554,113
555,113
556,113
557,113
558,113
559,113
560,113
561,113
562,113
563,113
564,113
565,113
566,113
567,113
568,113
569,113
570,113
571,113
572,113
573,113
574,113
575,113
576,113
577,113
578,113
579,113
580,113
581,113
582,113
583,113
584,113
585,113
586,113
587,113
588,113
589,113
590,113
591,113
592,113
593,113
594,113
595,113
596,113
597,113
598,113
599,113
600,113
601,113
602,113
603,113
604,113
605,113
606,113
607,113
608,113
609,113
610,113
611,113
612,113
613,113
614,114
615,115
616,115
617,115
618,115
619,115
620,115
621,115
622,115
623,115
624,115
625,115
626,115
627,115
628,115
629,115
630,115
631,115
632,115
633,115
634,115
635,115
636,115
637,115
638,115
639,115
640,115
641,115
642,115
643,115
644,115
645,115
646,115
647,115
648,115
649,115
650,115
651,115
652,115
653,115
654,115
655,115
656,115
657,115
658,115
659,115
660,115
661,115
662,115
663,115
664,115
665,115
666,115
667,115
668,115
669,115
670,115
671,115
672,115
673,115
674,115
675,115
676,115
677,115
678,115
679,115
680,115
681,115
682,115
683,115
684,115
685,115
686,115
687,115
688,115
689,115
690,115
691,115
692,115
693,115
694,115
695,115
696,115
697,115
698,115
699,115
700,115
701,115
702,115
703,115
704,115
705,115
706,115
707,115
708,115
709,115
710,115
711,115
712,115
713,115
714,115
715,115
716,115
717,115
718,115
719,115
720,115
721,115
722,115
723,115
724,115
725,115
726,115
727,115
728,115
729,115
730,115
731,115
732,115
733,115
734,115
735,115
736,115
737,115
738,115
739,115
740,115
741,115
742,115
743,115
744,115
745,115
746,115
747,115
748,115
749,115
750,115
751,115
752,115
753,116
754,116
755,116
756,116
757,116
758,116
759,116
760,116
761,116
762,116
763,116
764,116
765,116
766,116
767,116
768,116
769,116
770,116
771,116
772,116
773,116
774,116
775,116
776,116
777,116
778,116
779,116
780,116
781,116
782,116
783,116
784,116
785,116
786,116
787,116
788,116
789,116
790,116
791,116
792,116
793,116
794,116
795,116
796,116
797,116
798,116
799,116
800,116
801,116
802,116
803,116
804,116
805,116
806,116
807,116
808,116
809,116
810,116
811,116
812,116
813,116
814,116
815,116
816,116
817,116
818,116
819,116
820,116
821,116
822,116
823,116
824,116
825,116
826,116
827,116
828,116
829,116
830,116
831,116
832,116
833,116
834,116
835,116
836,116
837,116
838,116
839,116
840,116
841,116
842,116
843,116
844,116
845,116
846,116
847,116
848,116
849,116
850,116
851,116
852,116
853,116
854,116
855,116
856,116
857,116
858,116
859,116
860,116
861,116
862,116
863,116
864,116
865,116
866,116
867,116
868,116
869,116
870,116
871,117
872,117
873,117
874,117
875,117
876,117
877,117
878,117
879,117
880,117
881,117
882,117
883,117
884,117
885,117
886,117
887,117
888,117
889,117
890,117
891,117
892,117
893,117
894,117
895,117
896,117
897,117
898,117
899,117
900,117
901,117
902,117
903,117
904,117
905,117
906,117
907,117
908,117
909,117
910,118
911,118
912,118
913,118
914,118
915,119
916,119
917,119
918,119
919,119
920,119
921,119
922,119
923,119
924,119
925,119
926,119
927,119
928,119
929,119
930,119
931,119
932,119
933,119
934,119
935,119
936,119
937,119
938,119
939,119
940,119
941,119
942,119
943,119
944,119
945,119
946,119
947,119
948,119
949,119
950,119
951,119
952,119
953,119
954,119
955,119
956,119
957,119
958,119
959,119
960,119
961,119
962,119
963,119
964,119
965,119
966,119
967,119
968,119
969,119
970,119
971,119
972,120
973,120
974,120
975,120
976,120
977,120
978,120
979,120
980,120
981,121
982,121
983,121
984,121
985,121
986,121
987,121
988,121
989,121
990,121
991,121
992,121
993,121
994,121
995,121
996,121
997,121
998,121
999,121
1000,121
1001,121
1002,121
1003,121
1004,121
1005,121
1006,121
1007,121
1008,121
1009,122
1010,122
1011,122
1012,122
1013,122
1014,122
1015,123
1016,123
1017,123
1018,123
1019,123
1020,123
1021,123
1022,123
1023,123
1024,123
1025,123
1026,123
1027,123
1028,123
1029,123
1030,123
1031,123
1032,123
1033,123
1034,123
1035,123
1036,123
1037,123
1038,123
1039,123
1040,123
1041,123
1042,123
1043,123
1044,123
1045,123
1046,123
1047,123
1048,123
1049,123
1050,123
1051,123
1052,123
1053,123
1054,123
1055,123
1056,123
1057,123
1058,123
1059,123
1060,123
1061,123
1062,123
1063,123
1064,123
1065,123
1066,123
1067,123
1068,123
1069,123
1070,123
1071,123
1072,123
1073,123
1074,123
1075,123
1076,123
1077,123
1078,123
1079,123
1080,123
1081,123
1082,123
1083,123
1084,123
1085,123
1086,123
1087,123
1088,123
1089,123
1090,123
1091,123
1092,123
1093,123
1094,123
1095,123
1096,123
1097,123
1098,123
1099,123
1100,123
1101,123
1102,123
1103,123
1104,123
1105,123
1106,123
1107,123
1108,123
1109,123
1110,123
1111,123
1112,123
1113,123
1114,123
1115,123
1116,123
1117,123
1118,123
1119,123
1120,123
1121,123
1122,123
1123,123
1124,123
1125,123
1126,123
1127,123
1128,123
1129,123
1130,123
1131,123
1132,123
1133,123
1134,123
1135,123
1136,123
1137,123
1138,123
1139,123
1140,123
1141,123
1142,123
1143,123
1144,123
1145,123
1146,123
1147,123
1148,123
1149,123
1150,123
1151,123
1152,123
1153,123
1154,123
1155,123
1156,123
1157,123
1158,123
1159,123
1160,123
1161,123
1162,123
1163,123
1164,123
1165,123
1166,123
1167,123
1168,123
1169,123
1170,123
1171,123
1172,123
1173,123
1174,123
1175,123
1176,123
1177,123
1178,123
1179,123
1180,123
1181,123
1182,123
1183,123
1184,123
1185,123
1186,123
1187,123
1188,123
1189,123
1190,123
1191,123
1192,123
1193,123
1194,123
1195,123
1196,123
1197,123
1198,123
1199,123
1200,123
1201,123
1202,123
1203,123
1204,123
1205,123
1206,123
1207,123
1208,123
1209,123
1210,123
1211,123
1212,123
1213,123
1214,123
1215,123
1216,123
1217,123
1218,123
1219,123
1220,123
1221,123
1222,123
1223,123
1224,123
1225,123
1226,123
1227,123
1228,123
1229,123
1230,123
1231,123
1232,123
1233,123
1234,123
1235,123
1236,123
1237,123
1238,123
1239,123
1240,123
1241,123
1242,123
1243,123
1244,123
1245,123
1246,123
1247,123
1248,123
1249,123
1250,123
1251,123
1252,123
1253,123
1254,123
1255,123
1256,123
1257,123
1258,123
1259,123
1260,123
1261,123
1262,123
1263,123
1264,123
1265,123
1266,123
1267,123
1268,123
1269,123
1270,123
1271,123
1272,123
1273,123
1274,123
1275,123
1276,123
1277,123
1278,123
1279,123
1280,123
1281,123
1282,123
1283,123
1284,123
1285,123
1286,123
1287,123
1288,123
1289,123
1290,123
1291,123
1292,123
1293,123
1294,123
1295,123
1296,123
1297,123
1298,123
1299,123
1300,123
1301,123
1302,123
1303,123
1304,123
1305,123
1306,123
1307,123
1308,123
1309,123
1310,123
1311,123
1312,123
1313,124
1314,125
1315,126
1316,127
1317,128
1318,128
1319,128
1320,128
1321,128
1322,128
1323,128
1324,128
1325,128
1326,128
1327,128
1328,128
1329,128
1330,128
1331,128
1332,128
1333,128
1334,128
1335,128
1336,128
1337,128
1338,128
1339,128
1340,128
1341,128
1342,128
1343,128
1344,128
1345,128
1346,128
1347,128
1348,128
1349,128
1350,128
1351,128
1352,128
1353,128
1354,128
1355,128
1356,128
1357,128
1358,128
1359,128
1360,128
1361,128
1362,128
1363,128
1364,128
1365,128
1366,128
1367,128
1368,128
1369,128
1370,128
1371,128
1372,128
1373,128
1374,128
1375,128
1376,128
1377,128
1378,128
1379,128
1380,128
1381,128
1382,128
1383,128
1384,128
1385,128
1386,128
1387,128
1388,128
1389,128
1390,128
1391,128
1392,128
1393,128
1394,128
1395,128
1396,128
1397,128
1398,128
1399,128
1400,128
1401,128
1402,128
1403,128
1404,128
1405,128
1406,128
1407,128
1408,128
1409,128
1410,128
1411,128
1412,128
1413,128
1414,128
1415,128
1416,128
1417,128
1418,128
1419,128
1420,128
1421,128
1422,128
1423,128
1424,128
1425,128
1426,128
1427,128
1428,128
1429,128
1430,128
1431,128
1432,128
1433,128
1434,128
1435,128
1436,128
1437,128
1438,128
1439,128
1440,128
1441,128
1442,128
1443,128
1444,128
1445,129
1446,130
1447,130
1448,130
1449,130
1450,130
1451,130
1452,130
1453,130
1454,130
1455,130
1456,130
1457,130
1458,130
1459,130
1460,130
1461,130
1462,130
1463,130
1464,130
1465,130
1466,130
1467,130
1468,130
1469,130
1470,130
1471,130
1472,130
1473,130
1474,130
1475,130
1476,130
1477,130
1478,130
1479,130
1480,130
1481,130
1482,130
1483,130
1484,130
1485,130
1486,130
1487,130
1488,130
1489,130
1490,130
1491,130
1492,130
1493,130
1494,130
1495,130
1496,130
1497,130
1498,130
1499,130
1500,130
1501,130
1502,130
1503,130
1504,130
1505,130
1506,130
1507,130
1508,130
1509,130
1510,130
1511,130
1512,130
1513,130
1514,130
1515,130
1516,130
1517,130
1518,130
1519,130
1520,130
1521,130
1522,130
1523,130
1524,130
1525,130
1526,130
1527,130
1528,130
1529,130
1530,130
1531,130
1532,130
1533,130
1534,130
1535,130
1536,130
1537,130
1538,130
1539,130
1540,130
1541,130
1542,130
1543,130
1544,130
1545,130
1546,130
1547,130
1548,130
1549,130
1550,130
1551,130
1552,130
1553,130
1554,130
1555,130
1556,130
1557,130
1558,130
1559,131
1560,132
1561,133
1562,134
1563,134
1564,134
1565,134
1566,134
1567,135
1568,135
1569,135
1570,135
1571,135
1572,135
1573,135
1574,135
1575,135
1576,135
1577,135
1578,135
1579,135
1580,135
1581,135
1582,135
1583,135
1584,135
1585,135
1586,135
1587,135
1588,135
1589,135
1590,135
1591,135
1592,135
1593,135
1594,135
1595,135
1596,135
1597,135
1598,135
1599,135
1600,135
1601,135
1602,135
1603,135
1604,135
1605,135
1606,135
1607,135
1608,135
1609,135
1610,135
1611,135
1612,135
1613,135
1614,135
1615,135
1616,135
1617,135
1618,135
1619,135
1620,135
1621,135
1622,135
1623,135
1624,135
1625,135
1626,135
1627,135
1628,135
1629,135
1630,135
1631,135
1632,135
1633,135
1634,135
1635,135
1636,135
1637,135
1638,135
1639,135
1640,135
1641,135
1642,135
1643,135
1644,135
1645,135
1646,135
1647,135
1648,135
1649,135
1650,135
1651,135
1652,135
1653,135
1654,135
1655,135
1656,135
1657,135
1658,135
1659,135
1660,135
1661,135
1662,135
1663,135
1664,135
1665,135
1666,135
1667,135
1668,135
1669,135
1670,135
1671,135
1672,135
1673,135
1674,135
1675,135
1676,135
1677,135
1678,135
1679,135
1680,135
1681,135
1682,135
1683,135
1684,135
1685,135
1686,135
1687,135
1688,135
1689,135
1690,135
1691,135
1692,135
1693,135
1694,135
1695,135
1696,135
1697,135
1698,135
1699,135
1700,135
1701,135
1702,135
1703,135
1704,135
1705,135
1706,135
1707,135
1708,135
1709,135
1710,135
1711,135
1712,135
1713,135
1714,135
1715,135
1716,135
1717,135
1718,136
1719,136
1720,137
1721,137
1722,137
1723,137
1724,138
1725,139
1726,139
1727,139
1728,139
1729,139
1730,139
1731,139
1732,139
1733,139
1734,139
1735,139
1736,139
1737,139
1738,139
1739,139
1740,139
1741,139
1742,139
1743,139
1744,139
1745,139
1746,139
1747,139
1748,139
1749,139
1750,139
1751,139
1752,139
1753,139
1754,139
1755,139
1756,139
1757,139
1758,139
1759,139
1760,139
1761,139
1762,139
1763,139
1764,139
1765,139
1766,139
1767,139
1768,139
1769,139
1770,139
1771,139
1772,139
1773,139
1774,139
1775,139
1776,139
1777,139
1778,139
1779,139
1780,139
1781,139
1782,139
1783,139
1784,139
1785,139
1786,139
1787,139
1788,139
1789,139
1790,139
1791,139
1792,139
1793,139
1794,139
1795,139
1796,139
1797,139
1798,139
1799,139
1800,139
1801,139
1802,139
1803,139
1804,139
1805,139
1806,139
1807,139
1808,139
1809,139
1810,139
1811,139
1812,139
1813,139
1814,139
1815,139
1816,139
1817,139
1818,139
1819,139
1820,139
1821,139
1822,139
1823,139
1824,139
1825,139
1826,139
1827,139
1828,139
1829,139
1830,139
1831,139
1832,139
1833,139
1834,139
1835,139
1836,139
1837,139
1838,139
1839,139
1840,139
1841,139
1842,139
1843,139
1844,139
1845,139
1846,139
1847,139
1848,139
1849,139
1850,139
1851,139
1852,139
1853,139
1854,139
1855,139
1856,139
1857,139
1858,139
1859,139
1860,139
1861,139
1862,139
1863,139
1864,139
1865,139
1866,139
1867,139
1868,139
1869,139
1870,139
1871,139
1872,139
1873,139
1874,139
1875,139
1876,139
1877,139
1878,139
1879,139
1880,139
1881,139
1882,139
1883,139
1884,139
1885,139
1886,139
1887,139
1888,139
1889,139
1890,139
1891,139
1892,139
1893,139
1894,139
1895,139
1896,139
1897,139
1898,139
1899,139
1900,139
1901,139
1902,139
1903,139
1904,139
1905,139
1906,139
1907,139
1908,139
1909,139
1910,139
1911,139
1912,139
1913,139
1914,139
1915,139
1916,139
1917,139
1918,139
1919,139
1920,139
1921,139
1922,139
1923,139
1924,139
1925,139
1926,139
1927,139
1928,139
1929,139
1930,139
1931,139
1932,139
1933,139
1934,139
1935,139
1936,139
1937,139
1938,139
1939,139
1940,139
1941,139
1942,139
1943,139
1944,139
1945,139
1946,139
1947,139
1948,139
1949,139
1950,139
1951,139
1952,139
1953,139
1954,139
1955,139
1956,139
1957,139
1958,139
1959,139
1960,139
1961,139
1962,139
1963,139
1964,139
1965,139
1966,139
1967,139
1968,139
1969,139
1970,139
1971,139
1972,139
1973,139
1974,139
1975,139
1976,139
1977,139
1978,139
1979,139
1980,139
1981,139
1982,139
1983,139
1984,139
1985,139
1986,139
1987,139
1988,139
1989,139
1990,139
1991,139
1992,139
1993,139
1994,139
1995,139
1996,139
1997,139
1998,139
1999,139
2000,139
2001,139
2002,139
2003,139
2004,139
2005,139
2006,139
2007,139
2008,139
2009,139
2010,139
2011,139
2012,139
2013,139
2014,139
2015,139
2016,139
2017,139
2018,139
2019,139
2020,139
2021,139
2022,139
2023,139
2024,139
2025,139
2026,139
2027,139
2028,139
2029,139
2030,139
2031,139
2032,139
2033,139
2034,139
2035,139
2036,139
2037,139
2038,139
2039,139
2040,139
2041,139
2042,139
2043,139
2044,139
2045,139
2046,139
2047,139
2048,139
2049,139
2050,139
2051,139
2052,139
2053,139
2054,139
2055,139
2056,139
2057,139
2058,139
2059,139
2060,139
2061,139
2062,139
2063,139
2064,139
2065,139
2066,139
2067,139
2068,139
2069,139
2070,139
2071,139
2072,139
2073,139
2074,139
2075,139
2076,139
2077,139
2078,139
2079,139
2080,139
2081,139
2082,139
2083,139
2084,139
2085,139
2086,139
2087,139
2088,139
2089,139
2090,139
2091,139
2092,139
2093,139
2094,139
2095,139
2096,139
2097,139
2098,139
2099,139
2100,139
2101,139
2102,139
2103,139
2104,139
2105,139
2106,139
2107,139
2108,139
2109,139
2110,139
2111,139
2112,139
2113,139
2114,139
2115,139
2116,139
2117,139
2118,139
2119,139
2120,139
2121,139
2122,139
2123,139
2124,139
2125,139
2126,139
2127,139
2128,139
2129,139
2130,139
2131,139
2132,139
2133,139
2134,139
2135,139
2136,139
2137,139
2138,139
2139,139
2140,139
2141,139
2142,139
2143,139
2144,139
2145,139
2146,139
2147,139
2148,139
2149,139
2150,139
2151,139
2152,139
2153,139
2154,139
2155,139
2156,139
2157,139
2158,139
2159,139
2160,139
2161,139
2162,139
2163,139
2164,139
2165,139
2166,139
2167,139
2168,139
2169,139
2170,139
2171,139
2172,139
2173,139
2174,139
2175,139
2176,139
2177,139
2178,139
2179,139
2180,139
2181,139
2182,139
2183,139
2184,139
2185,139
2186,139
2187,139
2188,139
2189,139
2190,139
2191,139
2192,139
2193,139
2194,139
2195,139
2196,139
2197,139
2198,139
2199,139
2200,139
2201,139
2202,139
2203,139
2204,139
2205,139
2206,139
2207,139
2208,139
2209,139
2210,139
2211,139
2212,139
2213,139
2214,139
2215,139
2216,139
2217,139
2218,139
2219,139
2220,139
2221,139
2222,139
2223,139
2224,139
2225,139
2226,139
2227,139
2228,139
2229,139
2230,139
2231,139
2232,139
2233,139
2234,139
2235,139
2236,139
2237,139
2238,139
2239,139
2240,139
2241,139
2242,139
2243,139
2244,139
2245,139
2246,139
2247,139
2248,139
2249,139
2250,139
2251,139
2252,139
2253,139
2254,139
2255,139
2256,139
2257,139
2258,139
2259,139
2260,139
2261,139
2262,139
2263,139
2264,139
2265,139
2266,139
2267,139
2268,139
2269,139
2270,139
2271,139
2272,139
2273,139
2274,139
2275,139
2276,139
2277,139
2278,139
2279,139
2280,139
2281,139
2282,139
2283,139
2284,139
2285,139
2286,139
2287,139
2288,139
2289,139
2290,139
2291,139
2292,139
2293,139
2294,139
2295,139
2296,139
2297,139
2298,139
2299,139
2300,139
2301,139
2302,139
2303,139
2304,139
2305,139
2306,139
2307,139
2308,139
2309,139
2310,139
2311,139
2312,139
2313,139
2314,139
2315,139
2316,139
2317,139
2318,139
2319,139
2320,139
2321,139
2322,139
2323,139
2324,139
2325,139
2326,139
2327,139
2328,139
2329,139
2330,139
2331,139
2332,139
2333,139
2334,139
2335,139
2336,139
2337,139
2338,139
2339,139
2340,139
2341,139
2342,139
2343,139
2344,139
2345,139
2346,139
2347,139
2348,139
2349,139
2350,139
2351,139
2352,139
2353,139
2354,139
2355,139
2356,139
2357,139
2358,139
2359,139
2360,139
2361,139
2362,139
2363,139
2364,139
2365,139
2366,139
2367,139
2368,139
2369,139
2370,139
2371,139
2372,139
2373,139
2374,139
2375,139
2376,139
2377,139
2378,139
2379,139
2380,139
2381,139
2382,139
2383,139
2384,139
2385,139
2386,139
2387,139
2388,139
2389,139
2390,139
2391,139
2392,139
2393,139
2394,139
2395,139
2396,139
2397,139
2398,139
2399,139
2400,139
2401,139
2402,139
2403,139
2404,139
2405,139
2406,139
2407,139
2408,139
2409,139
2410,139
2411,139
2412,139
2413,139
2414,139
2415,139
2416,139
2417,139
2418,139
2419,139
2420,139
2421,139
2422,139
2423,139
2424,139
2425,139
2426,139
2427,139
2428,139
2429,139
2430,139
2431,139
2432,139
2433,139
2434,139
2435,139
2436,139
2437,139
2438,139
2439,139
2440,139
2441,139
2442,139
2443,139
2444,139
2445,139
2446,139
2447,139
2448,139
2449,139
2450,139
2451,139
2452,139
2453,139
2454,139
2455,139
2456,139
2457,139
2458,139
2459,139
2460,139
2461,139
2462,139
2463,139
2464,139
2465,139
2466,139
2467,139
2468,139
2469,139
2470,139
2471,139
2472,139
2473,139
2474,139
2475,139
2476,139
2477,139
2478,139
2479,139
2480,139
2481,139
2482,139
2483,139
2484,139
2485,139
2486,139
2487,139
2488,139
2489,139
2490,139
2491,139
2492,139
2493,139
2494,139
2495,139
2496,139
2497,139
2498,139
2499,139
2500,139
2501,139
2502,139
2503,139
2504,139
2505,139
2506,139
2507,139
2508,139
2509,139
2510,139
2511,139
2512,139
2513,139
2514,139
2515,139
2516,139
2517,139
2518,139
2519,139
2520,139
2521,139
2522,139
2523,139
2524,139
2525,139
2526,139
2527,139
2528,139
2529,139
2530,139
2531,139
2532,139
2533,139
2534,139
2535,139
2536,139
2537,139
2538,139
2539,139
2540,139
2541,139
2542,139
2543,139
2544,139
2545,139
2546,139
2547,139
2548,139
2549,139
2550,139
2551,139
2552,139
2553,139
2554,139
2555,139
2556,139
2557,139
2558,139
2559,139
2560,139
2561,139
2562,139
2563,139
2564,139
2565,139
2566,139
2567,139
2568,139
2569,139
2570,139
2571,139
2572,139
2573,139
2574,139
2575,139
2576,139
2577,139
2578,139
2579,139
2580,139
2581,139
2582,139
2583,139
2584,139
2585,139
2586,139
2587,139
2588,139
2589,139
2590,139
2591,139
2592,139
2593,139
2594,139
2595,139
2596,139
2597,139
2598,139
2599,139
2600,139
2601,139
2602,139
2603,139
2604,139
2605,139
2606,139
2607,139
2608,139
2609,139
2610,139
2611,139
2612,139
2613,139
2614,139
2615,139
2616,139
2617,139
2618,139
2619,139
2620,139
2621,139
2622,139
2623,139
2624,139
2625,139
2626,139
2627,139
2628,139
2629,139
2630,139
2631,139
2632,139
2633,139
2634,139
2635,139
2636,139
2637,139
2638,139
2639,139
2640,139
2641,139
2642,139
2643,139
2644,139
2645,139
2646,139
2647,139
2648,139
2649,139
2650,139
2651,139
2652,139
2653,139
2654,139
2655,139
2656,139
2657,139
2658,139
2659,139
2660,139
2661,139
2662,139
2663,139
2664,139
2665,139
2666,139
2667,139
2668,139
2669,139
2670,139
2671,139
2672,139
2673,139
2674,139
2675,139
2676,139
2677,139
2678,139
2679,139
2680,139
2681,139
2682,139
2683,139
2684,139
2685,139
2686,139
2687,139
2688,139
2689,139
2690,139
2691,139
2692,139
2693,139
2694,139
2695,139
2696,139
2697,139
2698,139
2699,139
2700,139
2701,139
2702,139
2703,139
2704,139
2705,139
2706,139
2707,139
2708,139
2709,139
2710,139
2711,139
2712,139
2713,139
2714,139
2715,139
2716,139
2717,139
2718,139
2719,139
2720,139
2721,139
2722,139
2723,139
2724,139
2725,139
2726,139
2727,139
2728,139
2729,139
2730,139
2731,139
2732,139
2733,139
2734,139
2735,139
2736,139
2737,139
2738,139
2739,139
2740,139
2741,139
2742,139
2743,139
2744,139
2745,139
2746,139
2747,139
2748,139
2749,139
2750,139
2751,139
2752,139
2753,139
2754,139
2755,139
2756,139
2757,139
2758,139
2759,139
2760,139
2761,139
2762,139
2763,139
2764,139
2765,139
2766,139
2767,139
2768,139
2769,139
2770,139
2771,139
2772,139
2773,139
2774,139
2775,139
2776,139
2777,139
2778,139
2779,139
2780,139
2781,139
2782,139
2783,139
2784,139
2785,139
2786,139
2787,139
2788,139
2789,139
2790,139
2791,139
2792,139
2793,139
2794,139
2795,139
2796,139
2797,139
2798,139
2799,139
2800,139
2801,139
2802,139
2803,139
2804,139
2805,139
2806,139
2807,139
2808,139
2809,139
2810,139
2811,139
2812,139
2813,139
2814,139
2815,139
2816,139
2817,139
2818,139
2819,139
2820,139
2821,139
2822,139
2823,139
2824,139
2825,139
2826,139
2827,139
2828,139
2829,139
2830,139
2831,139
2832,139
2833,139
2834,139
2835,139
2836,139
2837,139
2838,139
2839,139
2840,139
2841,139
2842,139
2843,139
2844,139
2845,139
2846,139
2847,139
2848,139
2849,139
2850,139
2851,139
2852,139
2853,139
2854,139
2855,139
2856,139
2857,139
2858,139
2859,139
2860,139
2861,139
2862,139
2863,139
2864,139
2865,139
2866,139
2867,139
2868,139
2869,139
2870,139
2871,139
2872,139
2873,139
2874,139
2875,139
2876,139
2877,139
2878,139
2879,139
2880,139
2881,139
2882,139
2883,139
2884,139
2885,139
2886,139
2887,139
2888,139
2889,139
2890,139
2891,139
2892,139
2893,139
2894,139
2895,139
2896,139
2897,139
2898,139
2899,139
2900,139
2901,139
2902,139
2903,139
2904,139
2905,139
2906,139
2907,139
2908,139
2909,139
2910,139
2911,139
2912,139
2913,139
2914,139
2915,139
2916,139
2917,139
2918,139
2919,139
2920,139
2921,139
2922,139
2923,139
2924,139
2925,139
2926,139
2927,139
2928,139
2929,139
2930,139
2931,139
2932,139
2933,139
2934,139
2935,139
2936,139
2937,139
2938,139
2939,139
2940,139
2941,139
2942,139
2943,139
2944,139
2945,139
2946,139
2947,139
2948,139
2949,139
2950,139
2951,139
2952,139
2953,139
2954,139
2955,139
2956,139
2957,139
2958,139
2959,139
2960,139
2961,139
2962,139
2963,139
2964,139
2965,139
2966,139
2967,139
2968,139
2969,139
2970,139
2971,139
2972,139
2973,139
2974,139
2975,139
2976,139
2977,139
2978,139
2979,139
2980,139
2981,139
2982,139
2983,139
2984,139
2985,139
2986,139
2987,139
2988,139
2989,139
2990,139
2991,139
2992,139
2993,139
2994,139
2995,139
2996,139
2997,139
2998,139
2999,139
3000,139
3001,139
3002,139
3003,139
3004,139
3005,139
3006,139
3007,139
3008,139
3009,139
3010,139
3011,139
3012,139
3013,139
3014,139
3015,139
3016,139
3017,139
3018,139
3019,139
3020,139
3021,139
3022,139
3023,139
3024,139
3025,139
3026,139
3027,139
3028,139
3029,139
3030,139
3031,139
3032,139
3033,139
3034,139
3035,139
3036,139
3037,139
3038,139
3039,139
3040,139
3041,139
3042,139
3043,139
3044,139
3045,139
3046,139
3047,139
3048,139
3049,139
3050,139
3051,139
3052,139
3053,139
3054,139
3055,139
3056,139
3057,139
3058,139
3059,139
3060,139
3061,139
3062,139
3063,139
3064,139
3065,139
3066,139
3067,139
3068,139
3069,139
3070,139
3071,139
3072,139
3073,139
3074,139
3075,139
3076,139
3077,139
3078,139
3079,139
3080,139
3081,139
3082,139
3083,139
3084,139
3085,139
3086,139
3087,139
3088,139
3089,139
3090,139
3091,139
3092,139
3093,139
3094,139
3095,139
3096,139
3097,139
3098,139
3099,139
3100,139
3101,139
3102,139
3103,140
3104,141
3105,142
3106,143
3107,143
3108,143
3109,143
3110,143
3111,143
3112,143
3113,143
3114,143
3115,143
3116,143
3117,143
3118,143
3119,143
3120,143
3121,143
3122,143
3123,143
3124,143
3125,143
3126,143
3127,143
3128,143
3129,143
3130,143
3131,143
3132,143
3133,143
3134,143
3135,143
3136,143
3137,143
3138,143
3139,143
3140,143
3141,143
3142,143
3143,143
3144,143
3145,143
3146,143
3147,143
3148,143
3149,143
3150,143
3151,143
3152,143
3153,143
3154,143
3155,143
3156,143
3157,143
3158,143
3159,143
3160,143
3161,143
3162,143
3163,143
3164,143
3165,143
3166,143
3167,143
3168,143
3169,143
3170,143
3171,143
3172,143
3173,143
3174,143
3175,143
3176,144
3177,144
3178,144
3179,144
3180,144
3181,144
3182,144
3183,144
3184,144
3185,144
3186,144
3187,144
3188,144
3189,144
3190,144
3191,144
3192,144
3193,144
3194,144
3195,144
3196,144
3197,144
3198,144
3199,144
3200,144
3201,144
3202,144
3203,144
3204,144
3205,144
3206,144
3207,144
3208,144
3209,144
3210,144
3211,144
3212,144
3213,144
3214,144
3215,144
3216,144
3217,144
3218,144
3219,144
3220,144
3221,144
3222,144
3223,144
3224,144
3225,144
3226,144
3227,144
3228,144
3229,144
3230,144
3231,144
3232,144
3233,144
3234,144
3235,144
3236,144
3237,144
3238,144
3239,144
3240,144
3241,144
3242,144
3243,144
3244,144
3245,144
3246,144
3247,144
3248,144
3249,144
3250,144
3251,144
3252,144
3253,144
3254,144
3255,144
3256,144
3257,144
3258,144
3259,144
3260,144
3261,144
3262,144
3263,144
3264,144
3265,144
3266,144
3267,144
3268,144
3269,144
3270,144
3271,144
3272,144
3273,144
3274,144
3275,144
3276,144
3277,144
3278,144
3279,144
3280,144
3281,144
3282,144
3283,144
3284,144
3285,144
3286,144
3287,144
3288,144
3289,144
3290,144
3291,144
3292,144
3293,144
3294,144
3295,144
3296,144
3297,144
3298,144
3299,144
3300,144
3301,144
3302,144
3303,144
3304,144
3305,144
3306,144
3307,144
3308,144
3309,144
3310,144
3311,144
3312,144
3313,144
3314,144
3315,144
3316,144
3317,144
3318,144
3319,144
3320,144
3321,144
3322,144
3323,144
3324,144
3325,144
3326,144
3327,144
3328,144
3329,144
3330,144
3331,144
3332,144
3333,144
3334,144
3335,144
3336,144
3337,144
3338,144
3339,144
3340,144
3341,144
3342,144
3343,144
3344,144
3345,144
3346,144
3347,144
3348,144
3349,144
3350,144
3351,144
3352,144
3353,144
3354,144
3355,144
3356,144
3357,144
3358,144
3359,144
3360,144
3361,144
3362,144
3363,144
3364,144
3365,144
3366,144
3367,144
3368,144
3369,144
3370,144
3371,144
3372,144
3373,144
3374,144
3375,144
3376,144
3377,144
3378,144
3379,144
3380,144
3381,144
3382,144
3383,144
3384,144
3385,144
3386,144
3387,144
3388,144
3389,144
3390,144
3391,144
3392,144
3393,144
3394,144
3395,144
3396,144
3397,144
3398,144
3399,144
3400,144
3401,144
3402,144
3403,144
3404,144
3405,144
3406,144
3407,144
3408,144
3409,144
3410,144
3411,144
3412,144
3413,144
3414,144
3415,144
3416,144
3417,144
3418,144
3419,144
3420,144
3421,144
3422,144
3423,144
3424,144
3425,144
3426,144
3427,144
3428,144
3429,144
3430,144
3431,144
3432,144
3433,144
3434,144
3435,144
3436,144
3437,144
3438,144
3439,144
3440,144
3441,144
3442,144
3443,144
3444,144
3445,144
3446,144
3447,144
3448,144
3449,144
3450,144
3451,144
3452,144
3453,144
3454,144
3455,144
3456,144
3457,144
3458,144
3459,144
3460,144
3461,144
3462,144
3463,144
3464,144
3465,144
3466,144
3467,144
3468,144
3469,144
3470,144
3471,144
3472,144
3473,144
3474,144
3475,144
3476,144
3477,144
3478,144
3479,144
3480,144
3481,144
3482,144
3483,144
3484,144
3485,144
3486,144
3487,144
3488,144
3489,144
3490,144
3491,144
3492,144
3493,144
3494,144
3495,144
3496,144
3497,144
3498,144
3499,144
3500,144
3501,144
3502,144
3503,144
3504,144
3505,144
3506,144
3507,144
3508,144
3509,144
3510,144
3511,144
3512,144
3513,144
3514,144
3515,144
3516,144
3517,144
3518,144
3519,144
3520,144
3521,144
3522,144
3523,144
3524,144
3525,144
3526,144
3527,144
3528,144
3529,144
3530,144
3531,144
3532,144
3533,144
3534,144
3535,144
3536,144
3537,144
3538,144
3539,144
3540,144
3541,144
3542,144
3543,144
3544,144
3545,144
3546,144
3547,144
3548,144
3549,144
3550,144
3551,144
3552,144
3553,144
3554,144
3555,144
3556,144
3557,144
3558,144
3559,144
3560,144
3561,144
3562,144
3563,144
3564,144
3565,144
3566,144
3567,144
3568,144
3569,144
3570,144
3571,144
3572,144
3573,144
3574,144
3575,144
3576,144
3577,144
3578,144
3579,144
3580,144
3581,144
3582,144
3583,144
3584,144
3585,144
3586,144
3587,144
3588,144
3589,144
3590,144
3591,144
3592,144
3593,144
3594,144
3595,144
3596,144
3597,144
3598,144
3599,144
3600,144
3601,144
3602,144
3603,144
3604,144
3605,144
3606,144
3607,144
3608,144
3609,144
3610,144
3611,144
3612,144
3613,144
3614,144
3615,144
3616,144
3617,144
3618,144
3619,144
3620,144
3621,144
3622,144
3623,144
3624,144
3625,144
3626,144
3627,144
3628,144
3629,144
3630,144
3631,144
3632,144
3633,144
3634,144
3635,144
3636,144
3637,144
3638,144
3639,144
3640,144
3641,144
3642,144
3643,144
3644,144
3645,144
3646,144
3647,144
3648,144
3649,144
3650,144
3651,144
3652,144
3653,144
3654,144
3655,144
3656,144
3657,144
3658,144
3659,144
3660,144
3661,144
3662,144
3663,144
3664,144
3665,144
3666,144
3667,144
3668,144
3669,144
3670,144
3671,144
3672,144
3673,144
3674,144
3675,144
3676,144
3677,144
3678,144
3679,144
3680,144
3681,144
3682,144
3683,144
3684,144
3685,144
3686,144
3687,144
3688,144
3689,144
3690,144
3691,144
3692,144
3693,144
3694,144
3695,144
3696,144
3697,144
3698,144
3699,144
3700,144
3701,144
3702,144
3703,144
3704,144
3705,144
3706,144
3707,144
3708,144
3709,144
3710,144
3711,144
3712,144
3713,144
3714,144
3715,144
3716,144
3717,144
3718,144
3719,144
3720,144
3721,144
3722,144
3723,144
3724,144
3725,144
3726,144
3727,144
3728,144
3729,144
3730,144
3731,144
3732,144
3733,144
3734,144
3735,144
3736,144
3737,144
3738,144
3739,144
3740,144
3741,144
3742,144
3743,144
3744,144
3745,144
3746,144
3747,144
3748,144
3749,144
3750,144
3751,144
3752,144
3753,144
3754,144
3755,144
3756,144
3757,144
3758,144
3759,144
3760,144
3761,144
3762,144
3763,144
3764,144
3765,144
3766,144
3767,144
3768,144
3769,144
3770,144
3771,144
3772,144
3773,144
3774,144
3775,144
3776,144
3777,144
3778,144
3779,144
3780,144
3781,144
3782,144
3783,144
3784,144
3785,144
3786,144
3787,144
3788,144
3789,144
3790,144
3791,144
3792,144
3793,144
3794,144
3795,144
3796,144
3797,144
3798,144
3799,144
3800,144
3801,144
3802,144
3803,144
3804,144
3805,144
3806,144
3807,144
3808,144
3809,144
3810,144
3811,144
3812,144
3813,144
3814,144
3815,144
3816,144
3817,144
3818,144
3819,144
3820,144
3821,144
3822,144
3823,144
3824,144
3825,144
3826,144
3827,144
3828,144
3829,144
3830,144
3831,144
3832,144
3833,144
3834,144
3835,144
3836,144
3837,144
3838,144
3839,144
3840,144
3841,144
3842,144
3843,144
3844,144
3845,144
3846,144
3847,144
3848,144
3849,144
3850,144
3851,144
3852,144
3853,144
3854,144
3855,144
3856,144
3857,144
3858,144
3859,144
3860,144
3861,144
3862,144
3863,144
3864,144
3865,144
3866,144
3867,144
3868,144
3869,144
3870,144
3871,144
3872,144
3873,144
3874,144
3875,144
3876,144
3877,144
3878,144
3879,144
3880,144
3881,144
3882,144
3883,144
3884,144
3885,144
3886,144
3887,144
3888,144
3889,144
3890,144
3891,144
3892,144
3893,144
3894,144
3895,144
3896,144
3897,144
3898,144
3899,144
3900,144
3901,144
3902,144
3903,144
3904,144
3905,144
3906,144
3907,144
3908,144
3909,144
3910,144
3911,144
3912,144
3913,144
3914,144
3915,144
3916,144
3917,144
3918,144
3919,144
3920,144
3921,144
3922,144
3923,144
3924,144
3925,144
3926,144
3927,144
3928,144
3929,144
3930,144
3931,144
3932,144
3933,144
3934,144
3935,144
3936,144
3937,144
3938,144
3939,144
3940,144
3941,144
3942,144
3943,144
3944,144
3945,144
3946,144
3947,144
3948,144
3949,144
3950,144
3951,144
3952,144
3953,144
3954,144
3955,144
3956,144
3957,144
3958,144
3959,144
3960,144
3961,144
3962,144
3963,144
3964,144
3965,144
3966,144
3967,144
3968,144
3969,144
3970,144
3971,144
3972,144
3973,144
3974,144
3975,144
3976,144
3977,144
3978,144
3979,144
3980,144
3981,144
3982,144
3983,144
3984,144
3985,144
3986,144
3987,144
3988,144
3989,144
3990,144
3991,144
3992,144
3993,144
3994,144
3995,144
3996,144
3997,144
3998,144
3999,144
4000,144
4001,144
4002,144
4003,144
4004,144
4005,144
4006,144
4007,144
4008,144
4009,144
4010,144
4011,144
4012,144
4013,144
4014,144
4015,144
4016,144
4017,144
4018,144
4019,144
4020,144
4021,144
4022,144
4023,144
4024,144
4025,144
4026,144
4027,144
4028,144
4029,144
4030,144
4031,144
4032,144
4033,144
4034,144
4035,144
4036,144
4037,144
4038,144
4039,144
4040,144
4041,144
4042,144
4043,144
4044,144
4045,144
4046,144
4047,144
4048,144
4049,144
4050,144
4051,144
4052,144
4053,144
4054,144
4055,144
4056,144
4057,144
4058,144
4059,144
4060,144
4061,144
4062,144
4063,144
4064,144
4065,144
4066,144
4067,144
4068,144
4069,144
4070,144
4071,144
4072,144
4073,144
4074,144
4075,144
4076,144
4077,144
4078,144
4079,144
4080,144
4081,144
4082,144
4083,144
4084,144
4085,144
4086,144
4087,144
4088,144
4089,144
4090,144
4091,144
4092,144
4093,144
4094,144
4095,144
4096,144
4097,144
4098,144
4099,144
4100,144
4101,144
4102,144
4103,144
4104,144
4105,144
4106,144
4107,144
4108,144
4109,144
4110,144
4111,144
4112,144
4113,144
4114,144
4115,144
4116,144
4117,144
4118,144
4119,144
4120,144
4121,144
4122,144
4123,144
4124,144
4125,144
4126,144
4127,144
4128,144
4129,144
4130,144
4131,144
4132,144
4133,144
4134,144
4135,144
4136,144
4137,144
4138,144
4139,144
4140,144
4141,144
4142,144
4143,144
4144,144
4145,144
4146,144
4147,144
4148,144
4149,144
4150,144
4151,144
4152,144
4153,144
4154,144
4155,144
4156,144
4157,144
4158,144
4159,144
4160,144
4161,144
4162,144
4163,144
4164,144
4165,144
4166,144
4167,144
4168,144
4169,144
4170,144
4171,144
4172,144
4173,144
4174,144
4175,144
4176,144
4177,144
4178,144
4179,144
4180,144
4181,144
4182,144
4183,144
4184,144
4185,144
4186,144
4187,144
4188,144
4189,144
4190,144
4191,144
4192,144
4193,144
4194,144
4195,144
4196,144
4197,144
4198,144
4199,144
4200,144
4201,144
4202,144
4203,144
4204,144
4205,144
4206,144
4207,144
4208,144
4209,144
4210,144
4211,144
4212,144
4213,144
4214,144
4215,144
4216,144
4217,144
4218,144
4219,144
4220,144
4221,144
4222,144
4223,144
4224,144
4225,144
4226,144
4227,144
4228,144
4229,144
4230,144
4231,144
4232,144
4233,144
4234,144
4235,144
4236,144
4237,144
4238,144
4239,144
4240,144
4241,144
4242,144
4243,144
4244,144
4245,144
4246,144
4247,144
4248,144
4249,144
4250,144
4251,144
4252,144
4253,144
4254,144
4255,144
4256,144
4257,144
4258,144
4259,144
4260,144
4261,144
4262,144
4263,144
4264,144
4265,144
4266,144
4267,144
4268,144
4269,144
4270,144
4271,144
4272,144
4273,144
4274,144
4275,144
4276,144
4277,144
4278,144
4279,144
4280,144
4281,144
4282,144
4283,144
4284,144
4285,144
4286,144
4287,144
4288,144
4289,144
4290,144
4291,144
4292,144
4293,144
4294,144
4295,144
4296,144
4297,144
4298,144
4299,144
4300,144
4301,144
4302,144
4303,144
4304,144
4305,144
4306,144
4307,144
4308,144
4309,144
4310,144
4311,144
4312,144
4313,144
4314,144
4315,144
4316,144
4317,144
4318,144
4319,144
4320,144
4321,144
4322,144
4323,144
4324,144
4325,144
4326,144
4327,144
4328,144
4329,144
4330,144
4331,144
4332,144
4333,144
4334,144
4335,144
4336,144
4337,144
4338,144
4339,144
4340,144
4341,144
4342,144
4343,144
4344,144
4345,144
4346,144
4347,144
4348,144
4349,144
4350,144
4351,144
4352,144
4353,144
4354,144
4355,144
4356,144
4357,144
4358,144
4359,144
4360,144
4361,144
4362,144
4363,144
4364,144
4365,144
4366,144
4367,144
4368,144
4369,144
4370,144
4371,144
4372,144
4373,144
4374,144
4375,144
4376,144
4377,144
4378,144
4379,144
4380,144
4381,144
4382,144
4383,144
4384,144
4385,144
4386,144
4387,144
4388,144
4389,144
4390,144
4391,144
4392,144
4393,144
4394,144
4395,144
4396,144
4397,144
4398,144
4399,144
4400,144
4401,144
4402,144
4403,144
4404,144
4405,144
4406,144
4407,144
4408,144
4409,144
4410,144
4411,144
4412,144
4413,144
4414,144
4415,144
4416,144
4417,144
4418,144
4419,144
4420,144
4421,144
4422,144
4423,144
4424,144
4425,144
4426,144
4427,144
4428,144
4429,144
4430,144
4431,144
4432,144
4433,144
4434,144
4435,144
4436,144
4437,144
4438,144
4439,144
4440,144
4441,144
4442,144
4443,144
4444,144
4445,144
4446,144
4447,144
4448,144
4449,144
4450,144
4451,144
4452,144
4453,144
4454,144
4455,144
4456,144
4457,144
4458,144
4459,144
4460,144
4461,144
4462,144
4463,144
4464,144
4465,144
4466,144
4467,144
4468,144
4469,144
4470,144
4471,144
4472,144
4473,144
4474,144
4475,144
4476,144
4477,144
4478,144
4479,144
4480,144
4481,144
4482,144
4483,144
4484,144
4485,144
4486,144
4487,144
4488,144
4489,144
4490,144
4491,144
4492,144
4493,144
4494,144
4495,144
4496,144
4497,144
4498,144
4499,144
4500,144
4501,144
4502,144
4503,144
4504,144
4505,144
4506,144
4507,144
4508,144
4509,144
4510,144
4511,144
4512,144
4513,144
4514,144
4515,144
4516,144
4517,144
4518,144
4519,144
4520,144
4521,144
4522,144
4523,144
4524,144
4525,144
4526,144
4527,144
4528,144
4529,144
4530,144
4531,144
4532,144
4533,144
4534,144
4535,144
4536,144
4537,144
4538,144
4539,144
4540,144
4541,144
4542,144
4543,144
4544,144
4545,144
4546,144
4547,144
4548,144
4549,144
4550,144
4551,144
4552,144
4553,144
4554,144
4555,144
4556,144
4557,144
4558,144
4559,144
4560,144
4561,144
4562,144
4563,144
4564,144
4565,144
4566,144
4567,144
4568,144
4569,144
4570,144
4571,144
4572,144
4573,144
4574,144
4575,144
4576,144
4577,144
4578,144
4579,144
4580,144
4581,144
4582,144
4583,144
4584,144
4585,144
4586,144
4587,144
4588,144
4589,144
4590,144
4591,144
4592,144
4593,144
4594,144
4595,144
4596,144
4597,144
4598,144
4599,144
4600,144
4601,144
4602,144
4603,144
4604,144
4605,144
4606,144
4607,144
4608,144
4609,144
4610,144
4611,144
4612,144
4613,144
4614,144
4615,144
4616,144
4617,144
4618,144
4619,144
4620,144
4621,144
4622,144
4623,144
4624,144
4625,144
4626,144
4627,144
4628,144
4629,144
4630,144
4631,144
4632,144
4633,144
4634,144
4635,144
4636,144
4637,144
4638,144
4639,144
4640,144
4641,144
4642,144
4643,144
4644,144
4645,144
4646,144
4647,144
4648,144
4649,144
4650,144
4651,144
4652,144
4653,144
4654,144
4655,144
4656,144
4657,144
4658,144
4659,144
4660,144
4661,144
4662,144
4663,144
4664,144
4665,144
4666,144
4667,144
4668,144
4669,144
4670,144
4671,144
4672,144
4673,144
4674,144
4675,144
4676,144
4677,144
4678,144
4679,144
4680,144
4681,144
4682,144
4683,144
4684,144
4685,144
4686,144
4687,144
4688,144
4689,144
4690,144
4691,144
4692,144
4693,144
4694,144
4695,144
4696,144
4697,144
4698,144
4699,144
4700,144
4701,144
4702,144
4703,144
4704,144
4705,144
4706,144
4707,144
4708,144
4709,144
4710,144
4711,144
4712,144
4713,144
4714,144
4715,144
4716,144
4717,144
4718,144
4719,144
4720,144
4721,144
4722,144
4723,144
4724,144
4725,144
4726,144
4727,144
4728,144
4729,144
4730,144
4731,144
4732,144
4733,144
4734,144
4735,144
4736,144
4737,144
4738,144
4739,144
4740,144
4741,144
4742,144
4743,144
4744,144
4745,144
4746,144
4747,144
4748,144
4749,144
4750,144
4751,144
4752,144
4753,144
4754,144
4755,144
4756,144
4757,144
4758,144
4759,144
4760,144
4761,144
4762,144
4763,144
4764,144
4765,144
4766,144
4767,144
4768,144
4769,144
4770,144
4771,144
4772,144
4773,144
4774,144
4775,144
4776,144
4777,144
4778,144
4779,144
4780,144
4781,144
4782,144
4783,144
4784,144
4785,144
4786,144
4787,144
4788,144
4789,144
4790,144
4791,144
4792,144
4793,144
4794,144
4795,144
4796,144
4797,144
4798,144
4799,144
4800,144
4801,144
4802,144
4803,144
4804,144
4805,144
4806,144
4807,144
4808,144
4809,144
4810,144
4811,144
4812,144
4813,144
4814,144
4815,144
4816,144
4817,144
4818,144
4819,144
4820,144
4821,144
4822,144
4823,144
4824,144
4825,144
4826,144
4827,144
4828,144
4829,144
4830,144
4831,144
4832,144
4833,144
4834,144
4835,144
4836,144
4837,144
4838,144
4839,144
4840,144
4841,144
4842,144
4843,144
4844,144
4845,144
4846,144
4847,144
4848,144
4849,144
4850,144
4851,144
4852,144
4853,144
4854,144
4855,144
4856,144
4857,144
4858,144
4859,144
4860,144
4861,144
4862,144
4863,144
4864,144
4865,144
4866,144
4867,144
4868,144
4869,144
4870,144
4871,144
4872,144
4873,144
4874,144
4875,144
4876,144
4877,144
4878,144
4879,144
4880,144
4881,144
4882,144
4883,144
4884,144
4885,144
4886,144
4887,144
4888,144
4889,144
4890,144
4891,144
4892,144
4893,144
4894,144
4895,144
4896,144
4897,144
4898,144
4899,144
4900,144
4901,144
4902,144
4903,144
4904,144
4905,144
4906,144
4907,144
4908,144
4909,144
4910,144
4911,144
4912,144
4913,144
4914,144
4915,144
4916,144
4917,144
4918,144
4919,144
4920,144
4921,144
4922,144
4923,144
4924,144
4925,144
4926,144
4927,144
4928,144
4929,144
4930,144
4931,144
4932,144
4933,144
4934,144
4935,144
4936,144
4937,144
4938,144
4939,144
4940,144
4941,144
4942,144
4943,144
4944,144
4945,144
4946,144
4947,144
4948,144
4949,144
4950,144
4951,144
4952,144
4953,144
4954,144
4955,144
4956,144
4957,144
4958,144
4959,144
4960,144
4961,144
4962,144
4963,144
4964,144
4965,144
4966,144
4967,144
4968,144
4969,144
4970,144
4971,144
4972,144
4973,144
4974,144
4975,144
4976,144
4977,144
4978,144
4979,144
4980,144
4981,144
4982,144
4983,144
4984,144
4985,144
4986,144
4987,144
4988,144
4989,144
4990,144
4991,144
4992,144
4993,144
4994,144
4995,144
4996,144
4997,144
4998,144
4999,144
5000,144
5001,144
5002,144
5003,144
5004,144
5005,144
5006,144
5007,144
5008,144
5009,144
5010,144
5011,144
5012,144
5013,144
5014,144
5015,144
5016,144
5017,144
5018,144
5019,144
5020,144
5021,144
5022,144
5023,144
5024,144
5025,144
5026,144
5027,144
5028,144
5029,144
5030,144
5031,144
5032,144
5033,144
5034,144
5035,144
5036,144
5037,144
5038,144
5039,144
5040,144
5041,144
5042,144
5043,144
5044,144
5045,144
5046,144
5047,144
5048,144
5049,144
5050,144
5051,144
5052,144
5053,144
5054,144
5055,144
5056,144
5057,144
5058,144
5059,144
5060,144
5061,144
5062,144
5063,144
5064,144
5065,144
5066,144
5067,144
5068,144
5069,144
5070,144
5071,144
5072,144
5073,144
5074,144
5075,144
5076,144
5077,144
5078,144
5079,144
5080,144
5081,144
5082,144
5083,144
5084,144
5085,144
5086,144
5087,144
5088,144
5089,144
5090,144
5091,144
5092,144
5093,144
5094,144
5095,144
5096,144
5097,144
5098,144
5099,144
5100,144
5101,144
5102,144
5103,144
5104,144
5105,144
5106,144
5107,144
5108,144
5109,144
5110,144
5111,144
5112,144
5113,144
5114,144
5115,144
5116,144
5117,144
5118,144
5119,144
5120,144
5121,144
5122,144
5123,144
5124,144
5125,144
5126,144
5127,144
5128,144
5129,144
5130,144
5131,144
5132,144
5133,144
5134,144
5135,144
5136,144
5137,144
5138,144
5139,144
5140,144
5141,144
5142,144
5143,144
5144,144
5145,144
5146,144
5147,144
5148,144
5149,144
5150,144
5151,144
5152,144
5153,144
5154,144
5155,144
5156,144
5157,144
5158,144
5159,144
5160,144
5161,144
5162,144
5163,144
5164,144
5165,144
5166,144
5167,144
5168,144
5169,144
5170,144
5171,144
5172,144
5173,144
5174,144
5175,144
5176,144
5177,144
5178,144
5179,144
5180,144
5181,144
5182,144
5183,144
5184,144
5185,144
5186,144
5187,144
5188,144
5189,144
5190,144
5191,144
5192,144
5193,144
5194,144
5195,144
5196,144
5197,144
5198,144
5199,144
5200,144
5201,144
5202,144
5203,144
5204,144
5205,144
5206,144
5207,144
5208,144
5209,144
5210,144
5211,144
5212,144
5213,144
5214,144
5215,144
5216,144
5217,144
5218,144
5219,144
5220,144
5221,144
5222,144
5223,144
5224,144
5225,144
5226,144
5227,144
5228,144
5229,144
5230,144
5231,144
5232,144
5233,144
5234,144
5235,144
5236,144
5237,144
5238,144
5239,144
5240,144
5241,144
5242,144
5243,144
5244,144
5245,144
5246,144
5247,144
5248,144
5249,144
5250,144
5251,144
5252,144
5253,144
5254,144
5255,144
5256,144
5257,144
5258,144
5259,144
5260,144
5261,144
5262,144
5263,144
5264,144
5265,144
5266,144
5267,144
5268,144
5269,144
5270,144
5271,144
5272,144
5273,144
5274,144
5275,144
5276,144
5277,144
5278,144
5279,144
5280,144
5281,144
5282,144
5283,144
5284,144
5285,144
5286,144
5287,144
5288,144
5289,144
5290,144
5291,144
5292,144
5293,144
5294,144
5295,144
5296,144
5297,144
5298,144
5299,144
5300,144
5301,144
5302,144
5303,144
5304,144
5305,144
5306,144
5307,144
5308,144
5309,144
5310,144
5311,144
5312,144
5313,144
5314,144
5315,144
5316,144
5317,144
5318,144
5319,144
5320,144
5321,144
5322,144
5323,144
5324,144
5325,144
5326,144
5327,144
5328,144
5329,144
5330,144
5331,144
5332,144
5333,144
5334,144
5335,144
5336,144
5337,144
5338,144
5339,144
5340,144
5341,144
5342,144
5343,144
5344,144
5345,144
5346,144
5347,144
5348,144
5349,144
5350,144
5351,144
5352,144
5353,144
5354,144
5355,144
5356,144
5357,144
5358,144
5359,144
5360,144
5361,144
5362,144
5363,144
5364,144
5365,144
5366,144
5367,144
5368,144
5369,144
5370,144
5371,144
5372,144
5373,144
5374,144
5375,144
5376,144
5377,144
5378,144
5379,144
5380,144
5381,144
5382,144
5383,144
5384,144
5385,144
5386,144
5387,144
5388,144
5389,144
5390,144
5391,144
5392,144
5393,144
5394,144
5395,144
5396,144
5397,144
5398,144
5399,144
5400,144
5401,144
5402,144
5403,144
5404,144
5405,144
5406,144
5407,144
5408,144
5409,144
5410,144
5411,144
5412,144
5413,144
5414,144
5415,144
5416,144
5417,144
5418,144
5419,144
5420,144
5421,144
5422,144
5423,144
5424,144
5425,144
5426,144
5427,144
5428,144
5429,144
5430,144
5431,144
5432,144
5433,144
5434,144
5435,144
5436,144
5437,144
5438,144
5439,144
5440,144
5441,144
5442,144
5443,144
5444,144
5445,144
5446,144
5447,144
5448,144
5449,144
5450,144
5451,144
5452,144
5453,144
5454,144
5455,144
5456,144
5457,144
5458,144
5459,144
5460,144
5461,144
5462,144
5463,144
5464,144
5465,144
5466,144
5467,144
5468,144
5469,144
5470,144
5471,144
5472,144
5473,144
5474,144
5475,144
5476,144
5477,144
5478,144
5479,144
5480,144
5481,144
5482,144
5483,144
5484,144
5485,144
5486,144
5487,144
5488,144
5489,144
5490,144
5491,144
5492,144
5493,144
5494,144
5495,144
5496,144
5497,144
5498,144
5499,144
5500,144
5501,144
5502,144
5503,144
5504,144
5505,144
5506,144
5507,144
5508,144
5509,144
5510,144
5511,144
5512,144
5513,144
5514,144
5515,144
5516,144
5517,144
5518,144
5519,144
5520,144
5521,144
5522,144
5523,144
5524,144
5525,144
5526,144
5527,144
5528,144
5529,144
5530,144
5531,144
5532,144
5533,144
5534,144
5535,144
5536,144
5537,144
5538,144
5539,144
5540,144
5541,144
5542,144
5543,144
5544,144
5545,144
5546,144
5547,144
5548,144
5549,144
5550,144
5551,144
5552,144
5553,144
5554,144
5555,144
5556,144
5557,144
5558,144
5559,144
5560,144
5561,144
5562,144
5563,144
5564,144
5565,144
5566,144
5567,144
5568,144
5569,144
5570,144
5571,144
5572,144
5573,144
5574,144
5575,144
5576,144
5577,144
5578,144
5579,144
5580,144
5581,144
5582,144
5583,144
5584,144
5585,144
5586,144
5587,144
5588,144
5589,144
5590,144
5591,144
5592,144
5593,144
5594,144
5595,144
5596,144
5597,144
5598,144
5599,144
5600,144
5601,144
5602,144
5603,144
5604,144
5605,144
5606,144
5607,144
5608,144
5609,144
5610,144
5611,144
5612,144
5613,144
5614,144
5615,144
5616,144
5617,144
5618,144
5619,144
5620,144
5621,144
5622,144
5623,144
5624,144
5625,144
5626,144
5627,144
5628,144
5629,144
5630,144
5631,144
5632,144
5633,144
5634,144
5635,144
5636,144
5637,144
5638,144
5639,144
5640,144
5641,144
5642,144
5643,144
5644,144
5645,144
5646,144
5647,144
5648,144
5649,144
5650,144
5651,144
5652,144
5653,144
5654,144
5655,144
5656,144
5657,144
5658,144
5659,144
5660,144
5661,144
5662,144
5663,144
5664,144
5665,144
5666,144
5667,144
5668,144
5669,144
5670,144
5671,144
5672,144
5673,144
5674,144
5675,144
5676,144
5677,144
5678,144
5679,144
5680,144
5681,144
5682,144
5683,144
5684,144
5685,144
5686,144
5687,144
5688,144
5689,144
5690,144
5691,144
5692,144
5693,144
5694,144
5695,144
5696,144
5697,144
5698,144
5699,144
5700,144
5701,144
5702,144
5703,144
5704,144
5705,144
5706,144
5707,144
5708,144
5709,144
5710,144
5711,144
5712,144
5713,144
5714,144
5715,144
5716,144
5717,144
5718,144
5719,144
5720,144
5721,144
5722,144
5723,144
5724,144
5725,144
5726,144
5727,144
5728,144
5729,144
5730,144
5731,144
5732,144
5733,144
5734,144
5735,144
5736,144
5737,144
5738,144
5739,144
5740,144
5741,144
5742,144
5743,144
5744,144
5745,144
5746,144
5747,144
5748,144
5749,144
5750,144
5751,144
5752,144
5753,144
5754,144
5755,144
5756,144
5757,144
5758,144
5759,144
5760,144
5761,144
5762,144
5763,144
5764,144
5765,144
5766,144
5767,144
5768,144
5769,144
5770,144
5771,144
5772,144
5773,144
5774,144
5775,144
5776,144
5777,144
5778,144
5779,144
5780,144
5781,144
5782,144
5783,144
5784,144
5785,144
5786,144
5787,144
5788,144
5789,144
5790,144
5791,144
5792,144
5793,144
5794,144
5795,144
5796,144
5797,144
5798,144
5799,144
5800,144
5801,144
5802,144
5803,144
5804,144
5805,144
5806,144
5807,144
5808,144
5809,144
5810,144
5811,144
5812,144
5813,144
5814,144
5815,144
5816,144
5817,144
5818,144
5819,144
5820,144
5821,144
5822,144
5823,144
5824,144
5825,144
5826,144
5827,144
5828,144
5829,144
5830,144
5831,144
5832,144
5833,144
5834,144
5835,144
5836,144
5837,144
5838,144
5839,144
5840,144
5841,144
5842,144
5843,144
5844,144
5845,144
5846,144
5847,144
5848,144
5849,144
5850,144
5851,144
5852,144
5853,144
5854,144
5855,144
5856,144
5857,144
5858,144
5859,144
5860,144
5861,144
5862,144
5863,144
5864,144
5865,144
5866,144
5867,144
5868,144
5869,144
5870,144
5871,144
5872,144
5873,144
5874,144
5875,144
5876,144
5877,144
5878,144
5879,144
5880,144
5881,144
5882,144
5883,144
5884,144
5885,144
5886,144
5887,144
5888,144
5889,144
5890,144
5891,144
5892,144
5893,144
5894,144
5895,144
5896,144
5897,144
5898,144
5899,144
5900,144
5901,144
5902,144
5903,144
5904,144
5905,144
5906,144
5907,144
5908,144
5909,144
5910,144
5911,144
5912,144
5913,144
5914,144
5915,144
5916,144
5917,144
5918,144
5919,144
5920,144
5921,144
5922,144
5923,144
5924,144
5925,144
5926,144
5927,144
5928,144
5929,144
5930,144
5931,144
5932,144
5933,144
5934,144
5935,144
5936,144
5937,144
5938,144
5939,144
5940,144
5941,144
5942,144
5943,144
5944,144
5945,144
5946,144
5947,144
5948,144
5949,144
5950,144
5951,144
5952,144
5953,144
5954,144
5955,144
5956,144
5957,144
5958,144
5959,144
5960,144
5961,144
5962,144
5963,144
5964,144
5965,144
5966,144
5967,144
5968,144
5969,144
5970,144
5971,144
5972,144
5973,144
5974,144
5975,144
5976,144
5977,144
5978,144
5979,144
5980,144
5981,144
5982,144
5983,144
5984,144
5985,144
5986,144
5987,144
5988,144
5989,144
5990,144
5991,144
5992,144
5993,144
5994,144
5995,144
5996,144
5997,144
5998,144
5999,144
6000,144
6001,144
6002,144
6003,144
6004,144
6005,144
6006,144
6007,144
6008,144
6009,144
6010,144
6011,144
6012,144
6013,144
6014,144
6015,144
6016,144
6017,144
6018,144
6019,144
6020,144
6021,144
6022,144
6023,144
6024,144
6025,144
6026,144
6027,144
6028,144
6029,144
6030,144
6031,144
6032,144
6033,144
6034,144
6035,144
6036,144
6037,144
6038,144
6039,144
6040,144
6041,144
6042,144
6043,144
6044,144
6045,144
6046,144
6047,144
6048,144
6049,144
6050,144
6051,144
6052,144
6053,144
6054,144
6055,144
6056,144
6057,144
6058,144
6059,144
6060,144
6061,144
6062,144
6063,144
6064,144
6065,144
6066,144
6067,144
6068,144
6069,144
6070,144
6071,144
6072,144
6073,144
6074,144
6075,144
6076,144
6077,144
6078,144
6079,144
6080,144
6081,144
6082,144
6083,144
6084,144
6085,144
6086,144
6087,144
6088,144
6089,144
6090,144
6091,144
6092,144
6093,144
6094,144
6095,144
6096,144
6097,144
6098,144
6099,144
6100,144
6101,144
6102,144
6103,144
6104,144
6105,144
6106,144
6107,144
6108,144
6109,144
6110,144
6111,144
6112,144
6113,144
6114,144
6115,144
6116,144
6117,144
6118,144
6119,144
6120,144
6121,144
6122,144
6123,144
6124,144
6125,144
6126,144
6127,144
6128,144
6129,144
6130,144
6131,144
6132,144
6133,144
6134,144
6135,144
6136,144
6137,144
6138,144
6139,144
6140,144
6141,144
6142,144
6143,144
6144,144
6145,144
6146,144
6147,144
6148,144
6149,144
6150,144
6151,144
6152,144
6153,144
6154,144
6155,144
6156,144
6157,144
6158,144
6159,144
6160,144
6161,144
6162,144
6163,144
6164,144
6165,144
6166,144
6167,144
6168,144
6169,144
6170,144
6171,144
6172,144
6173,144
6174,144
6175,144
6176,144
6177,144
6178,144
6179,144
6180,144
6181,144
6182,144
6183,144
6184,144
6185,144
6186,144
6187,144
6188,144
6189,144
6190,144
6191,144
6192,144
6193,144
6194,144
6195,144
6196,144
6197,144
6198,144
6199,144
6200,144
6201,144
6202,144
6203,144
6204,144
6205,144
6206,144
6207,144
6208,144
6209,144
6210,144
6211,144
6212,144
6213,144
6214,144
6215,144
6216,144
6217,144
6218,144
6219,144
6220,144
6221,144
6222,144
6223,144
6224,144
6225,144
6226,144
6227,144
6228,144
6229,144
6230,144
6231,144
6232,144
6233,144
6234,144
6235,144
6236,144
6237,144
6238,144
6239,144
6240,144
6241,144
6242,144
6243,144
6244,144
6245,144
6246,144
6247,144
6248,144
6249,144
6250,144
6251,144
6252,144
6253,144
6254,144
6255,144
6256,144
6257,144
6258,144
6259,144
6260,144
6261,144
6262,144
6263,144
6264,144
6265,144
6266,144
6267,144
6268,144
6269,144
6270,144
6271,144
6272,144
6273,144
6274,144
6275,144
6276,144
6277,144
6278,144
6279,144
6280,144
6281,144
6282,144
6283,144
6284,144
6285,144
6286,144
6287,144
6288,144
6289,144
6290,144
6291,144
6292,144
6293,144
6294,144
6295,144
6296,144
6297,144
6298,144
6299,144
6300,144
6301,144
6302,144
6303,144
6304,144
6305,144
6306,144
6307,144
6308,144
6309,144
6310,144
6311,144
6312,144
6313,144
6314,144
6315,144
6316,144
6317,144
6318,144
6319,144
6320,144
6321,144
6322,144
6323,144
6324,144
6325,144
6326,144
6327,144
6328,144
6329,144
6330,144
6331,144
6332,144
6333,144
6334,144
6335,144
6336,144
6337,144
6338,144
6339,144
6340,144
6341,144
6342,144
6343,144
6344,144
6345,144
6346,144
6347,144
6348,144
6349,144
6350,144
6351,144
6352,144
6353,144
6354,144
6355,144
6356,144
6357,144
6358,144
6359,144
6360,144
6361,144
6362,144
6363,144
6364,144
6365,144
6366,144
6367,144
6368,144
6369,144
6370,144
6371,144
6372,144
6373,144
6374,144
6375,144
6376,144
6377,144
6378,144
6379,144
6380,144
6381,144
6382,144
6383,144
6384,144
6385,144
6386,144
6387,144
6388,144
6389,144
6390,144
6391,144
6392,144
6393,144
6394,144
6395,144
6396,144
6397,144
6398,144
6399,144
6400,144
6401,144
6402,144
6403,144
6404,144
6405,144
6406,144
6407,144
6408,144
6409,144
6410,144
6411,144
6412,144
6413,144
6414,144
6415,144
6416,144
6417,144
6418,144
6419,144
6420,144
6421,144
6422,144
6423,144
6424,144
6425,144
6426,144
6427,144
6428,144
6429,144
6430,144
6431,144
6432,144
6433,144
6434,144
6435,144
6436,144
6437,144
6438,144
6439,144
6440,144
6441,144
6442,144
6443,144
6444,144
6445,144
6446,144
6447,144
6448,144
6449,144
6450,144
6451,144
6452,144
6453,144
6454,144
6455,144
6456,144
6457,144
6458,144
6459,144
6460,144
6461,144
6462,144
6463,144
6464,144
6465,144
6466,144
6467,144
6468,144
6469,144
6470,144
6471,144
6472,144
6473,144
6474,144
6475,144
6476,144
6477,144
6478,144
6479,144
6480,144
6481,144
6482,144
6483,144
6484,144
6485,144
6486,144
6487,144
6488,144
6489,144
6490,144
6491,144
6492,144
6493,144
6494,144
6495,144
6496,144
6497,144
6498,144
6499,144
6500,144
6501,144
6502,144
6503,144
6504,144
6505,144
6506,144
6507,144
6508,144
6509,144
6510,144
6511,144
6512,144
6513,144
6514,144
6515,144
6516,144
6517,144
6518,144
6519,144
6520,144
6521,144
6522,144
6523,144
6524,144
6525,144
6526,144
6527,144
6528,144
6529,144
6530,144
6531,144
6532,144
6533,144
6534,144
6535,144
6536,144
6537,144
6538,144
6539,144
6540,144
6541,144
6542,144
6543,144
6544,144
6545,144
6546,144
6547,144
6548,144
6549,144
6550,144
6551,144
6552,144
6553,144
6554,144
6555,144
6556,144
6557,144
6558,144
6559,144
6560,144
6561,144
6562,144
6563,144
6564,144
6565,144
6566,144
6567,144
6568,144
6569,144
6570,144
6571,144
6572,144
6573,144
6574,144
6575,144
6576,144
6577,144
6578,144
6579,144
6580,144
6581,144
6582,144
6583,144
6584,144
6585,144
6586,144
6587,144
6588,144
6589,144
6590,144
6591,144
6592,144
6593,144
6594,144
6595,144
6596,144
6597,144
6598,144
6599,144
6600,144
6601,144
6602,144
6603,144
6604,144
6605,144
6606,144
6607,144
6608,144
6609,144
6610,144
6611,144
6612,144
6613,144
6614,144
6615,144
6616,144
6617,144
6618,144
6619,144
6620,144
6621,144
6622,144
6623,144
6624,144
6625,144
6626,144
6627,144
6628,144
6629,144
6630,144
6631,144
6632,144
6633,144
6634,144
6635,144
6636,144
6637,144
6638,144
6639,144
6640,144
6641,144
6642,144
6643,144
6644,144
6645,144
6646,144
6647,144
6648,144
6649,144
6650,144
6651,144
6652,144
6653,144
6654,144
6655,144
6656,144
6657,144
6658,144
6659,144
6660,144
6661,144
6662,144
6663,144
6664,144
6665,144
6666,144
6667,144
6668,144
6669,144
6670,144
6671,144
6672,144
6673,144
6674,144
6675,144
6676,144
6677,144
6678,144
6679,144
6680,144
6681,144
6682,144
6683,144
6684,144
6685,144
6686,144
6687,144
6688,144
6689,144
6690,144
6691,144
6692,144
6693,144
6694,144
6695,144
6696,144
6697,144
6698,144
6699,144
6700,144
6701,144
6702,144
6703,144
6704,144
6705,144
6706,144
6707,144
6708,144
6709,144
6710,144
6711,144
6712,144
6713,144
6714,144
6715,144
6716,144
6717,144
6718,144
6719,144
6720,144
6721,144
6722,144
6723,144
6724,144
6725,144
6726,144
6727,144
6728,144
6729,144
6730,144
6731,144
6732,144
6733,144
6734,144
6735,144
6736,144
6737,144
6738,144
6739,144
6740,144
6741,144
6742,144
6743,144
6744,144
6745,144
6746,144
6747,144
6748,144
6749,144
6750,144
6751,144
6752,144
6753,144
6754,144
6755,144
6756,144
6757,144
6758,144
6759,144
6760,144
6761,144
6762,144
6763,144
6764,144
6765,144
6766,144
6767,144
6768,144
6769,144
6770,144
6771,144
6772,144
6773,144
6774,144
6775,144
6776,144
6777,144
6778,144
6779,144
6780,144
6781,144
6782,144
6783,144
6784,144
6785,144
6786,144
6787,144
6788,144
6789,144
6790,144
6791,144
6792,144
6793,144
6794,144
6795,144
6796,144
6797,144
6798,144
6799,144
6800,144
6801,144
6802,144
6803,144
6804,144
6805,144
6806,144
6807,144
6808,144
6809,144
6810,144
6811,144
6812,144
6813,144
6814,144
6815,144
6816,144
6817,144
6818,144
6819,144
6820,144
6821,144
6822,144
6823,144
6824,144
6825,144
6826,144
6827,144
6828,144
6829,144
6830,144
6831,144
6832,144
6833,144
6834,144
6835,144
6836,144
6837,144
6838,144
6839,144
6840,144
6841,144
6842,144
6843,144
6844,144
6845,144
6846,144
6847,144
6848,144
6849,144
6850,144
6851,144
6852,144
6853,144
6854,144
6855,144
6856,144
6857,144
6858,144
6859,144
6860,144
6861,144
6862,144
6863,144
6864,144
6865,144
6866,144
6867,144
6868,144
6869,144
6870,144
6871,144
6872,144
6873,144
6874,144
6875,144
6876,144
6877,144
6878,144
6879,144
6880,144
6881,144
6882,144
6883,144
6884,144
6885,144
6886,144
6887,144
6888,144
6889,144
6890,144
6891,144
6892,144
6893,144
6894,144
6895,144
6896,144
6897,144
6898,144
6899,144
6900,144
6901,144
6902,144
6903,144
6904,144
6905,144
6906,144
6907,144
6908,144
6909,144
6910,144
6911,144
6912,144
6913,144
6914,144
6915,144
6916,144
6917,144
6918,144
6919,144
6920,144
6921,144
6922,144
6923,144
6924,144
6925,144
6926,144
6927,144
6928,144
6929,144
6930,144
6931,144
6932,144
6933,144
6934,144
6935,144
6936,144
6937,144
6938,144
6939,144
6940,144
6941,144
6942,144
6943,144
6944,144
6945,144
6946,144
6947,144
6948,144
6949,144
6950,144
6951,144
6952,144
6953,144
6954,144
6955,144
6956,144
6957,144
6958,144
6959,144
6960,144
6961,144
6962,144
6963,144
6964,144
6965,144
6966,144
6967,144
6968,144
6969,144
6970,144
6971,144
6972,144
6973,144
6974,144
6975,144
6976,144
6977,144
6978,144
6979,144
6980,144
6981,144
6982,144
6983,144
6984,144
6985,144
6986,144
6987,144
6988,144
6989,144
6990,144
6991,144
6992,144
6993,144
6994,144
6995,144
6996,144
6997,144
6998,144
6999,144
7000,144
7001,144
7002,144
7003,144
7004,144
7005,144
7006,144
7007,144
7008,144
7009,144
7010,144
7011,144
7012,144
7013,144
7014,144
7015,144
7016,144
7017,144
7018,144
7019,144
7020,144
7021,144
7022,144
7023,144
7024,144
7025,144
7026,144
7027,144
7028,144
7029,144
7030,144
7031,144
7032,144
7033,144
7034,144
7035,144
7036,144
7037,144
7038,144
7039,144
7040,144
7041,144
7042,144
7043,144
7044,144
7045,144
7046,144
7047,144
7048,144
7049,144
7050,144
7051,144
7052,144
7053,144
7054,144
7055,144
7056,144
7057,144
7058,144
7059,144
7060,144
7061,144
7062,144
7063,144
7064,144
7065,144
7066,144
7067,144
7068,144
7069,144
7070,144
7071,144
7072,144
7073,144
7074,144
7075,144
7076,144
7077,144
7078,144
7079,144
7080,144
7081,144
7082,144
7083,144
7084,144
7085,144
7086,144
7087,144
7088,144
7089,144
7090,144
7091,144
7092,144
7093,144
7094,144
7095,144
7096,144
7097,144
7098,144
7099,144
7100,144
7101,144
7102,144
7103,144
7104,144
7105,144
7106,144
7107,144
7108,144
7109,144
7110,144
7111,144
7112,144
7113,144
7114,144
7115,144
7116,144
7117,144
7118,144
7119,144
7120,144
7121,144
7122,144
7123,144
7124,144
7125,144
7126,144
7127,144
7128,144
7129,144
7130,144
7131,144
7132,144
7133,144
7134,144
7135,144
7136,144
7137,144
7138,144
7139,144
7140,144
7141,144
7142,144
7143,144
7144,144
7145,144
7146,144
7147,144
7148,144
7149,144
7150,144
7151,144
7152,144
7153,144
7154,144
7155,144
7156,144
7157,144
7158,144
7159,144
7160,144
7161,144
7162,144
7163,144
7164,144
7165,144
7166,144
7167,144
7168,144
7169,144
7170,144
7171,144
7172,144
7173,144
7174,144
7175,144
7176,144
7177,144
7178,144
7179,144
7180,144
7181,144
7182,144
7183,144
7184,144
7185,144
7186,144
7187,144
7188,144
7189,144
7190,144
7191,144
7192,144
7193,144
7194,144
7195,144
7196,144
7197,144
7198,144
7199,144
7200,144
7201,144
7202,144
7203,144
7204,144
7205,144
7206,144
7207,144
7208,144
7209,144
7210,144
7211,144
7212,144
7213,144
7214,144
7215,144
7216,144
7217,144
7218,144
7219,144
7220,144
7221,144
7222,144
7223,144
7224,144
7225,144
7226,144
7227,144
7228,144
7229,144
7230,144
7231,144
7232,144
7233,144
7234,144
7235,144
7236,144
7237,144
7238,144
7239,144
7240,144
7241,144
7242,144
7243,144
7244,144
7245,144
7246,144
7247,144
7248,144
7249,144
7250,144
7251,144
7252,144
7253,144
7254,144
7255,144
7256,144
7257,144
7258,144
7259,144
7260,144
7261,144
7262,144
7263,144
7264,144
7265,144
7266,144
7267,144
7268,144
7269,144
7270,144
7271,144
7272,144
7273,144
7274,144
7275,144
7276,144
7277,144
7278,144
7279,144
7280,144
7281,144
7282,144
7283,144
7284,144
7285,144
7286,144
7287,144
7288,144
7289,144
7290,144
7291,144
7292,144
7293,144
7294,144
7295,144
7296,144
7297,144
7298,144
7299,144
7300,144
7301,144
7302,144
7303,144
7304,144
7305,144
7306,144
7307,144
7308,144
7309,144
7310,144
7311,144
7312,144
7313,144
7314,144
7315,144
7316,144
7317,144
7318,144
7319,144
7320,144
7321,144
7322,144
7323,144
7324,144
7325,144
7326,144
7327,144
7328,144
7329,144
7330,144
7331,144
7332,144
7333,144
7334,144
7335,144
7336,144
7337,144
7338,144
7339,144
7340,144
7341,144
7342,144
7343,144
7344,144
7345,144
7346,144
7347,144
7348,144
7349,144
7350,144
7351,144
7352,144
7353,144
7354,144
7355,144
7356,144
7357,144
7358,144
7359,144
7360,144
7361,144
7362,144
7363,144
7364,144
7365,144
7366,144
7367,144
7368,144
7369,144
7370,144
7371,144
7372,144
7373,144
7374,144
7375,144
7376,144
7377,144
7378,144
7379,144
7380,144
7381,144
7382,144
7383,144
7384,144
7385,144
7386,144
7387,144
7388,144
7389,144
7390,144
7391,144
7392,144
7393,144
7394,144
7395,144
7396,144
7397,144
7398,144
7399,144
7400,144
7401,144
7402,144
7403,144
7404,144
7405,144
7406,144
7407,144
7408,144
7409,144
7410,144
7411,144
7412,144
7413,144
7414,144
7415,144
7416,144
7417,144
7418,144
7419,144
7420,144
7421,144
7422,144
7423,144
7424,144
7425,144
7426,144
7427,144
7428,144
7429,144
7430,144
7431,144
7432,144
7433,144
7434,144
7435,144
7436,144
7437,144
7438,144
7439,144
7440,144
7441,144
7442,144
7443,144
7444,144
7445,144
7446,144
7447,144
7448,144
7449,144
7450,144
7451,144
7452,144
7453,144
7454,144
7455,144
7456,144
7457,144
7458,144
7459,144
7460,144
7461,144
7462,144
7463,144
7464,144
7465,144
7466,144
7467,144
7468,144
7469,144
7470,144
7471,144
7472,144
7473,144
7474,144
7475,144
7476,144
7477,144
7478,144
7479,144
7480,144
7481,144
7482,144
7483,144
7484,144
7485,144
7486,144
7487,144
7488,144
7489,144
7490,144
7491,144
7492,144
7493,144
7494,144
7495,144
7496,144
7497,144
7498,144
7499,144
7500,144
7501,144
7502,144
7503,144
7504,144
7505,144
7506,144
7507,144
7508,144
7509,144
7510,144
7511,144
7512,144
7513,144
7514,144
7515,144
7516,144
7517,144
7518,144
7519,144
7520,144
7521,144
7522,144
7523,144
7524,144
7525,144
7526,144
7527,144
7528,144
7529,144
7530,144
7531,144
7532,144
7533,144
7534,144
7535,144
7536,144
7537,144
7538,144
7539,144
7540,144
7541,144
7542,144
7543,144
7544,144
7545,144
7546,144
7547,144
7548,144
7549,144
7550,144
7551,144
7552,144
7553,144
7554,144
7555,144
7556,144
7557,144
7558,144
7559,144
7560,144
7561,144
7562,144
7563,144
7564,144
7565,144
7566,144
7567,144
7568,144
7569,144
7570,144
7571,144
7572,144
7573,144
7574,144
7575,144
7576,144
7577,144
7578,144
7579,144
7580,144
7581,144
7582,144
7583,144
7584,144
7585,144
7586,144
7587,144
7588,144
7589,144
7590,144
7591,144
7592,144
7593,144
7594,144
7595,144
7596,144
7597,144
7598,144
7599,144
7600,144
7601,144
7602,144
7603,144
7604,144
7605,144
7606,144
7607,144
7608,144
7609,144
7610,144
7611,144
7612,144
7613,144
7614,144
7615,144
7616,144
7617,144
7618,144
7619,144
7620,144
7621,144
7622,144
7623,144
7624,144
7625,144
7626,144
7627,144
7628,144
7629,144
7630,144
7631,144
7632,144
7633,144
7634,144
7635,144
7636,144
7637,144
7638,144
7639,144
7640,144
7641,144
7642,144
7643,144
7644,144
7645,144
7646,144
7647,144
7648,144
7649,144
7650,144
7651,144
7652,144
7653,144
7654,144
7655,144
7656,144
7657,144
7658,144
7659,144
7660,144
7661,144
7662,144
7663,144
7664,144
7665,144
7666,144
7667,144
7668,144
7669,144
7670,144
7671,144
7672,144
7673,144
7674,144
7675,144
7676,144
7677,144
7678,144
7679,144
7680,144
7681,144
7682,144
7683,144
7684,144
7685,144
7686,144
7687,144
7688,144
7689,144
7690,144
7691,144
7692,144
7693,144
7694,144
7695,144
7696,144
7697,144
7698,144
7699,144
7700,144
7701,144
7702,144
7703,144
7704,144
7705,144
7706,144
7707,144
7708,144
7709,144
7710,144
7711,144
7712,144
7713,144
7714,144
7715,144
7716,144
7717,144
7718,144
7719,144
7720,144
7721,144
7722,144
7723,144
7724,144
7725,144
7726,144
7727,144
7728,144
7729,144
7730,144
7731,144
7732,144
7733,144
7734,144
7735,144
7736,144
7737,144
7738,144
7739,144
7740,144
7741,144
7742,144
7743,144
7744,144
7745,144
7746,144
7747,144
7748,144
7749,144
7750,144
7751,144
7752,144
7753,144
7754,144
7755,144
7756,144
7757,144
7758,144
7759,144
7760,144
7761,144
7762,144
7763,144
7764,144
7765,144
7766,144
7767,144
7768,144
7769,144
7770,144
7771,144
7772,144
7773,144
7774,144
7775,144
7776,144
7777,144
7778,144
7779,144
7780,144
7781,144
7782,144
7783,144
7784,144
7785,144
7786,144
7787,144
7788,144
7789,144
7790,144
7791,144
7792,144
7793,144
7794,144
7795,144
7796,144
7797,144
7798,144
7799,144
7800,144
7801,144
7802,144
7803,144
7804,144
7805,144
7806,144
7807,144
7808,144
7809,144
7810,144
7811,144
7812,144
7813,144
7814,144
7815,144
7816,144
7817,144
7818,144
7819,144
7820,144
7821,144
7822,144
7823,144
7824,144
7825,144
7826,144
7827,144
7828,144
7829,144
7830,144
7831,144
7832,144
7833,144
7834,144
7835,144
7836,144
7837,144
7838,144
7839,144
7840,144
7841,144
7842,144
7843,144
7844,144
7845,144
7846,144
7847,144
7848,144
7849,144
7850,144
7851,144
7852,144
7853,144
7854,144
7855,144
7856,144
7857,144
7858,144
7859,144
7860,144
7861,144
7862,144
7863,144
7864,144
7865,144
7866,144
7867,144
7868,144
7869,144
7870,144
7871,144
7872,144
7873,144
7874,144
7875,144
7876,144
7877,144
7878,144
7879,144
7880,144
7881,144
7882,144
7883,144
7884,144
7885,144
7886,144
7887,144
7888,144
7889,144
7890,144
7891,144
7892,144
7893,144
7894,144
7895,144
7896,144
7897,144
7898,144
7899,144
7900,144
7901,144
7902,144
7903,144
7904,144
7905,144
7906,144
7907,144
7908,144
7909,144
7910,144
7911,144
7912,144
7913,144
7914,144
7915,144
7916,144
7917,144
7918,144
7919,144
7920,144
7921,144
7922,144
7923,144
7924,144
7925,144
7926,144
7927,144
7928,144
7929,144
7930,144
7931,144
7932,144
7933,144
7934,144
7935,144
7936,144
7937,144
7938,144
7939,144
7940,144
7941,144
7942,144
7943,144
7944,144
7945,144
7946,144
7947,144
7948,144
7949,144
7950,144
7951,144
7952,144
7953,144
7954,144
7955,144
7956,144
7957,144
7958,144
7959,144
7960,144
7961,144
7962,144
7963,144
7964,144
7965,144
7966,144
7967,144
7968,144
7969,144
7970,144
7971,144
7972,144
7973,144
7974,144
7975,144
7976,144
7977,144
7978,144
7979,144
7980,144
7981,144
7982,144
7983,144
7984,144
7985,144
7986,144
7987,144
7988,144
7989,144
7990,144
7991,144
7992,144
7993,144
7994,144
7995,144
7996,144
7997,144
7998,144
7999,144
8000,144
8001,144
8002,144
8003,144
8004,144
8005,144
8006,144
8007,144
8008,144
8009,144
8010,144
8011,144
8012,144
8013,144
8014,144
8015,144
8016,144
8017,144
8018,144
8019,144
8020,144
8021,144
8022,144
8023,144
8024,144
8025,144
8026,144
8027,144
8028,144
8029,144
8030,144
8031,144
8032,144
8033,144
8034,144
8035,144
8036,144
8037,144
8038,144
8039,144
8040,144
8041,144
8042,144
8043,144
8044,144
8045,144
8046,144
8047,144
8048,144
8049,144
8050,144
8051,144
8052,144
8053,144
8054,144
8055,144
8056,144
8057,144
8058,144
8059,144
8060,144
8061,144
8062,144
8063,144
8064,144
8065,144
8066,144
8067,144
8068,144
8069,144
8070,144
8071,144
8072,144
8073,144
8074,144
8075,144
8076,144
8077,144
8078,144
8079,144
8080,144
8081,144
8082,144
8083,144
8084,144
8085,144
8086,144
8087,144
8088,144
8089,144
8090,144
8091,144
8092,144
8093,144
8094,144
8095,144
8096,144
8097,144
8098,144
8099,144
8100,144
8101,144
8102,144
8103,144
8104,144
8105,144
8106,144
8107,144
8108,144
8109,144
8110,144
8111,144
8112,144
8113,144
8114,144
8115,144
8116,144
8117,144
8118,144
8119,144
8120,144
8121,144
8122,144
8123,144
8124,144
8125,144
8126,144
8127,144
8128,144
8129,144
8130,144
8131,144
8132,144
8133,144
8134,144
8135,144
8136,144
8137,144
8138,144
8139,144
8140,144
8141,144
8142,144
8143,144
8144,144
8145,144
8146,144
8147,144
8148,144
8149,144
8150,144
8151,144
8152,144
8153,144
8154,144
8155,144
8156,144
8157,144
8158,144
8159,144
8160,144
8161,144
8162,144
8163,144
8164,144
8165,144
8166,144
8167,144
8168,144
8169,144
8170,144
8171,144
8172,144
8173,144
8174,144
8175,144
8176,144
8177,144
8178,144
8179,144
8180,144
8181,144
8182,144
8183,144
8184,144
8185,144
8186,144
8187,144
8188,144
8189,144
8190,144
8191,144
8192,144
8193,144
8194,144
8195,144
8196,144
8197,144
8198,144
8199,144
8200,144
8201,144
8202,144
8203,144
8204,144
8205,144
8206,144
8207,144
8208,144
8209,144
8210,144
8211,144
8212,144
8213,144
8214,144
8215,144
8216,144
8217,144
8218,144
8219,144
8220,144
8221,144
8222,144
8223,144
8224,144
8225,144
8226,144
8227,144
8228,144
8229,144
8230,144
8231,144
8232,144
8233,144
8234,144
8235,144
8236,144
8237,144
8238,144
8239,144
8240,144
8241,144
8242,144
8243,144
8244,144
8245,144
8246,144
8247,144
8248,144
8249,144
8250,144
8251,144
8252,144
8253,144
8254,144
8255,144
8256,144
8257,144
8258,144
8259,144
8260,144
8261,144
8262,144
8263,144
8264,144
8265,144
8266,144
8267,144
8268,144
8269,144
8270,144
8271,144
8272,144
8273,144
8274,144
8275,144
8276,144
8277,144
8278,144
8279,144
8280,144
8281,144
8282,144
8283,144
8284,144
8285,144
8286,144
8287,144
8288,144
8289,144
8290,144
8291,144
8292,144
8293,144
8294,144
8295,144
8296,144
8297,144
8298,144
8299,144
8300,144
8301,144
8302,144
8303,144
8304,144
8305,144
8306,144
8307,144
8308,144
8309,144
8310,144
8311,144
8312,144
8313,144
8314,144
8315,144
8316,144
8317,144
8318,144
8319,144
8320,144
8321,144
8322,144
8323,144
8324,144
8325,144
8326,144
8327,144
8328,144
8329,144
8330,144
8331,144
8332,144
8333,144
8334,144
8335,144
8336,144
8337,144
8338,144
8339,144
8340,144
8341,144
8342,144
8343,144
8344,144
8345,144
8346,144
8347,144
8348,144
8349,144
8350,144
8351,144
8352,144
8353,144
8354,144
8355,144
8356,144
8357,144
8358,144
8359,144
8360,144
8361,144
8362,144
8363,144
8364,144
8365,144
8366,144
8367,144
8368,144
8369,144
8370,144
8371,144
8372,144
8373,144
8374,144
8375,144
8376,144
8377,144
8378,144
8379,144
8380,144
8381,144
8382,144
8383,144
8384,144
8385,144
8386,144
8387,144
8388,144
8389,144
8390,144
8391,144
8392,144
8393,144
8394,144
8395,144
8396,144
8397,144
8398,144
8399,144
8400,144
8401,144
8402,144
8403,144
8404,144
8405,144
8406,144
8407,144
8408,144
8409,144
8410,144
8411,144
8412,144
8413,144
8414,144
8415,144
8416,144
8417,144
8418,144
8419,144
8420,144
8421,144
8422,144
8423,144
8424,144
8425,144
8426,144
8427,144
8428,144
8429,144
8430,144
8431,144
8432,144
8433,144
8434,144
8435,144
8436,144
8437,144
8438,144
8439,144
8440,144
8441,144
8442,144
8443,144
8444,144
8445,144
8446,144
8447,144
8448,144
8449,144
8450,144
8451,144
8452,144
8453,144
8454,144
8455,144
8456,144
8457,144
8458,144
8459,144
8460,144
8461,144
8462,144
8463,144
8464,144
8465,144
8466,144
8467,144
8468,144
8469,144
8470,144
8471,144
8472,144
8473,144
8474,144
8475,144
8476,144
8477,144
8478,144
8479,144
8480,144
8481,144
8482,144
8483,144
8484,144
8485,144
8486,144
8487,144
8488,144
8489,144
8490,144
8491,144
8492,144
8493,144
8494,144
8495,144
8496,144
8497,144
8498,144
8499,144
8500,144
8501,144
8502,144
8503,144
8504,144
8505,144
8506,144
8507,144
8508,144
8509,144
8510,144
8511,144
8512,144
8513,144
8514,144
8515,144
8516,144
8517,144
8518,144
8519,144
8520,144
8521,144
8522,144
8523,144
8524,144
8525,144
8526,144
8527,144
8528,144
8529,144
8530,144
8531,144
8532,144
8533,144
8534,144
8535,144
8536,144
8537,144
8538,144
8539,144
8540,144
8541,144
8542,144
8543,144
8544,144
8545,144
8546,144
8547,144
8548,144
8549,144
8550,144
8551,144
8552,144
8553,144
8554,144
8555,144
8556,144
8557,144
8558,144
8559,144
8560,144
8561,144
8562,144
8563,144
8564,144
8565,144
8566,144
8567,144
8568,144
8569,144
8570,144
8571,144
8572,144
8573,144
8574,144
8575,144
8576,144
8577,144
8578,144
8579,144
8580,144
8581,144
8582,144
8583,144
8584,144
8585,144
8586,144
8587,144
8588,144
8589,144
8590,144
8591,144
8592,144
8593,144
8594,144
8595,144
8596,144
8597,144
8598,144
8599,144
8600,144
8601,144
8602,144
8603,144
8604,144
8605,144
8606,144
8607,144
8608,144
8609,144
8610,144
8611,144
8612,144
8613,144
8614,144
8615,144
8616,144
8617,144
8618,144
8619,144
8620,144
8621,144
8622,144
8623,144
8624,144
8625,144
8626,144
8627,144
8628,144
8629,144
8630,144
8631,144
8632,144
8633,144
8634,144
8635,144
8636,144
8637,144
8638,144
8639,144
8640,144
8641,144
8642,144
8643,144
8644,144
8645,144
8646,144
8647,144
8648,144
8649,144
8650,144
8651,144
8652,144
8653,144
8654,144
8655,144
8656,144
8657,144
8658,144
8659,144
8660,144
8661,144
8662,144
8663,144
8664,144
8665,144
8666,144
8667,144
8668,144
8669,144
8670,144
8671,144
8672,144
8673,144
8674,144
8675,144
8676,144
8677,144
8678,144
8679,144
8680,144
8681,144
8682,144
8683,144
8684,144
8685,144
8686,144
8687,144
8688,144
8689,144
8690,144
8691,144
8692,144
8693,144
8694,144
8695,144
8696,144
8697,144
8698,144
8699,144
8700,144
8701,144
8702,144
8703,144
8704,144
8705,144
8706,144
8707,144
8708,144
8709,144
8710,144
8711,144
8712,144
8713,144
8714,144
8715,144
8716,144
8717,144
8718,144
8719,144
8720,144
8721,144
8722,144
8723,144
8724,144
8725,144
8726,144
8727,144
8728,144
8729,144
8730,144
8731,144
8732,144
8733,144
8734,144
8735,144
8736,144
8737,144
8738,144
8739,144
8740,144
8741,144
8742,144
8743,144
8744,144
8745,144
8746,144
8747,144
8748,144
8749,144
8750,144
8751,144
8752,144
8753,144
8754,144
8755,144
8756,144
8757,144
8758,144
8759,144
8760,144
8761,144
8762,144
8763,144
8764,144
8765,144
8766,144
8767,144
8768,144
8769,144
8770,144
8771,144
8772,144
8773,144
8774,144
8775,144
8776,144
8777,144
8778,144
8779,144
8780,144
8781,144
8782,144
8783,144
8784,144
8785,144
8786,144
8787,144
8788,144
8789,144
8790,144
8791,144
8792,144
8793,144
8794,144
8795,144
8796,144
8797,144
8798,144
8799,144
8800,144
8801,144
8802,144
8803,144
8804,144
8805,144
8806,144
8807,144
8808,144
8809,144
8810,144
8811,144
8812,144
8813,144
8814,144
8815,144
8816,144
8817,144
8818,144
8819,144
8820,144
8821,144
8822,144
8823,144
8824,144
8825,144
8826,144
8827,144
8828,144
8829,144
8830,144
8831,144
8832,144
8833,144
8834,144
8835,144
8836,144
8837,144
8838,144
8839,144
8840,144
8841,144
8842,144
8843,144
8844,144
8845,144
8846,144
8847,144
8848,144
8849,144
8850,144
8851,144
8852,144
8853,144
8854,144
8855,144
8856,144
8857,144
8858,144
8859,144
8860,144
8861,144
8862,144
8863,144
8864,144
8865,144
8866,144
8867,144
8868,144
8869,144
8870,144
8871,144
8872,144
8873,144
8874,144
8875,144
8876,144
8877,144
8878,144
8879,144
8880,144
8881,144
8882,144
8883,144
8884,144
8885,144
8886,144
8887,144
8888,144
8889,144
8890,144
8891,144
8892,144
8893,144
8894,144
8895,144
8896,144
8897,144
8898,144
8899,144
8900,144
8901,144
8902,144
8903,144
8904,144
8905,144
8906,144
8907,144
8908,144
8909,144
8910,144
8911,144
8912,144
8913,144
8914,144
8915,144
8916,144
8917,144
8918,144
8919,144
8920,144
8921,144
8922,144
8923,144
8924,144
8925,144
8926,144
8927,144
8928,144
8929,144
8930,144
8931,144
8932,144
8933,144
8934,144
8935,144
8936,144
8937,144
8938,144
8939,144
8940,144
8941,144
8942,144
8943,144
8944,144
8945,144
8946,144
8947,144
8948,144
8949,144
8950,144
8951,144
8952,144
8953,144
8954,144
8955,144
8956,144
8957,144
8958,144
8959,144
8960,144
8961,144
8962,144
8963,144
8964,144
8965,144
8966,144
8967,144
8968,144
8969,144
8970,144
8971,144
8972,144
8973,144
8974,144
8975,144
8976,144
8977,144
8978,144
8979,144
8980,144
8981,144
8982,144
8983,144
8984,144
8985,144
8986,144
8987,144
8988,144
8989,144
8990,144
8991,144
8992,144
8993,144
8994,144
8995,144
8996,144
8997,144
8998,144
8999,144
9000,144
9001,144
9002,144
9003,144
9004,144
9005,144
9006,144
9007,144
9008,144
9009,144
9010,144
9011,144
9012,144
9013,144
9014,144
9015,144
9016,144
9017,144
9018,144
9019,144
9020,144
9021,144
9022,144
9023,144
9024,144
9025,144
9026,144
9027,144
9028,144
9029,144
9030,144
9031,144
9032,144
9033,144
9034,144
9035,144
9036,144
9037,144
9038,144
9039,144
9040,144
9041,144
9042,144
9043,144
9044,144
9045,144
9046,144
9047,144
9048,144
9049,144
9050,144
9051,144
9052,144
9053,144
9054,144
9055,144
9056,144
9057,144
9058,144
9059,144
9060,144
9061,144
9062,144
9063,144
9064,144
9065,144
9066,144
9067,144
9068,144
9069,144
9070,144
9071,144
9072,144
9073,144
9074,144
9075,144
9076,144
9077,144
9078,144
9079,144
9080,144
9081,144
9082,144
9083,144
9084,144
9085,144
9086,144
9087,144
9088,144
9089,144
9090,144
9091,144
9092,144
9093,144
9094,144
9095,144
9096,144
9097,144
9098,144
9099,144
9100,144
9101,144
9102,144
9103,144
9104,144
9105,145
