0,0
1,5
2,10
3,14
4,18
5,22
6,25
7,27
8,29
9,30
10,30
11,32
12,33
13,34
14,35
15,38
16,38
17,39
18,39
19,39
20,40
21,41
22,41
23,41
24,41
25,41
26,41
27,41
28,41
29,42
30,44
31,44
32,45
33,45
34,47
35,47
36,47
37,47
38,47
39,47
40,47
41,47
42,47
43,47
44,47
45,47
46,47
47,47
48,47
49,47
50,47
51,47
52,47
53,47
54,47
55,47
56,47
57,47
58,47
59,47
60,47
61,47
62,47
63,47
64,47
65,47
66,47
67,47
68,47
69,47
70,47
71,47
72,47
73,47
74,47
75,47
76,47
77,47
78,47
79,47
80,47
81,47
82,47
83,47
84,47
85,48
86,48
87,48
88,48
89,48
90,48
91,48
92,48
93,48
94,48
95,48
96,48
97,48
98,49
99,49
100,49
101,49
102,49
103,49
104,49
105,49
106,49
107,49
108,49
109,49
110,49
111,49
112,49
113,49
114,49
115,49
116,49
117,49
118,49
119,49
120,49
121,49
122,49
123,49
124,49
125,49
126,49
127,49
128,49
129,49
130,49
131,49
132,49
133,49
134,49
135,49
136,49
137,49
138,49
139,49
140,49
141,49
142,49
143,49
144,49
145,49
146,49
147,49
148,49
149,49
150,49
151,49
152,49
153,49
154,49
155,49
156,49
157,49
158,49
159,49
160,49
161,49
162,49
163,49
164,49
165,50
