0,0
1,1
2,2
3,3
4,4
5,5
6,6
7,6
8,7
9,8
10,9
11,10
12,11
13,11
14,11
15,11
16,12
17,12
18,13
19,13
20,14
21,15
22,15
23,16
24,16
25,16
26,16
27,16
28,16
29,16
30,17
31,18
32,18
33,19
34,20
35,21
36,22
37,23
38,23
39,23
40,24
41,25
42,26
43,27
44,27
45,27
46,27
47,27
48,28
49,29
50,29
51,30
52,30
53,31
54,31
55,32
56,32
57,32
58,33
59,34
60,35
61,35
62,36
63,36
64,37
65,37
66,37
67,37
68,38
69,38
70,40
71,41
72,42
73,42
74,42
75,42
76,42
77,42
78,42
79,42
80,43
81,43
82,43
83,43
84,43
85,44
86,45
87,45
88,45
89,45
90,45
91,45
92,45
93,45
94,45
95,46
96,46
97,47
98,47
99,47
100,47
101,47
102,47
103,47
104,48
105,48
106,48
107,48
108,49
109,49
110,49
111,49
112,49
113,50
