0,0
1,1
2,2
3,3
4,4
5,5
6,6
7,7
8,8
9,9
10,10
11,11
12,12
13,13
14,14
15,15
16,16
17,17
18,18
19,19
20,19
21,20
22,21
23,21
24,22
25,23
26,23
27,23
28,24
29,25
30,26
31,27
32,28
33,28
34,29
35,30
36,31
37,32
38,33
39,33
40,33
41,33
42,33
43,33
44,33
45,33
46,33
47,33
48,33
49,33
50,33
51,33
52,33
53,34
54,35
55,36
56,37
57,37
58,37
59,37
60,38
61,38
62,39
63,39
64,39
65,39
66,39
67,39
68,39
69,39
70,39
71,39
72,40
73,41
74,42
75,43
76,43
77,43
78,43
79,43
80,43
81,43
82,43
83,43
84,43
85,43
86,43
87,43
88,43
89,43
90,44
91,45
92,46
93,47
94,48
95,49
96,50
97,51
98,52
99,53
100,53
101,54
102,55
103,56
104,57
105,57
106,57
107,57
108,57
109,58
110,59
111,59
112,59
113,59
114,59
115,59
116,59
117,59
118,59
119,59
120,60
121,60
122,60
123,60
124,60
125,60
126,60
127,60
128,60
129,60
130,61
131,61
132,61
133,61
134,61
135,62
136,62
137,63
138,64
139,64
140,64
141,65
142,66
143,67
144,68
145,68
146,68
147,69
148,69
149,69
150,69
151,69
152,69
153,69
154,69
155,70
156,70
157,70
158,70
159,71
160,71
161,71
162,71
163,71
164,71
165,71
166,71
167,71
168,71
169,71
170,71
171,71
172,71
173,71
174,71
175,71
176,71
177,71
178,72
179,73
180,74
181,74
182,74
183,74
184,74
185,75
186,76
187,76
188,77
189,78
190,78
191,78
192,78
193,78
194,79
195,79
196,80
197,80
198,80
199,80
200,80
201,80
202,81
203,82
204,82
205,82
206,82
207,82
208,82
209,82
210,82
211,82
212,82
213,82
214,82
215,82
216,82
217,82
218,82
219,82
220,82
221,82
222,82
223,82
224,82
225,82
226,82
227,82
228,82
229,82
230,82
231,82
232,82
233,82
234,82
235,82
236,82
237,82
238,82
239,82
240,82
241,82
242,82
243,82
244,82
245,82
246,82
247,82
248,82
249,82
250,82
251,82
252,82
253,82
254,82
255,82
256,82
257,82
258,82
259,82
260,82
261,82
262,82
263,82
264,82
265,82
266,82
267,82
268,82
269,82
270,82
271,82
272,82
273,82
274,82
275,82
276,82
277,82
278,82
279,82
280,82
281,82
282,82
283,82
284,82
285,82
286,82
287,82
288,82
289,82
290,82
291,82
292,82
293,82
294,82
295,82
296,82
297,82
298,82
299,82
300,82
301,83
302,83
303,84
304,84
305,84
306,84
307,84
308,84
309,85
310,85
311,85
312,86
313,86
314,87
315,88
316,89
317,90
318,90
319,90
320,90
321,90
322,90
323,90
324,90
325,90
326,91
327,92
328,93
329,93
330,93
331,93
332,93
333,93
334,93
335,93
336,93
337,93
338,93
339,93
340,93
341,93
342,93
343,93
344,93
345,93
346,93
347,93
348,93
349,93
350,93
351,93
352,93
353,93
354,93
355,93
356,93
357,93
358,93
359,93
360,93
361,94
362,94
363,94
364,94
365,94
366,94
367,94
368,94
369,94
370,94
371,94
372,94
373,94
374,94
375,94
376,94
377,94
378,94
379,94
380,94
381,94
382,94
383,94
384,94
385,95
386,95
387,95
388,95
389,95
390,95
391,95
392,95
393,95
394,95
395,95
396,95
397,95
398,95
399,95
400,95
401,95
402,95
403,95
404,95
405,95
406,95
407,95
408,95
409,95
410,95
411,95
412,95
413,95
414,95
415,95
416,95
417,95
418,95
419,95
420,95
421,95
422,95
423,95
424,95
425,95
426,95
427,95
428,95
429,95
430,95
431,95
432,95
433,95
434,95
435,95
436,95
437,95
438,95
439,95
440,95
441,95
442,95
443,95
444,95
445,95
446,95
447,95
448,95
449,95
450,95
451,95
452,95
453,95
454,95
455,95
456,95
457,95
458,95
459,95
460,95
461,95
462,95
463,95
464,95
465,95
466,95
467,95
468,95
469,95
470,95
471,95
472,95
473,95
474,95
475,95
476,95
477,95
478,95
479,95
480,95
481,95
482,95
483,95
484,95
485,95
486,95
487,95
488,95
489,95
490,95
491,95
492,95
493,95
494,95
495,95
496,95
497,95
498,96
499,97
500,97
501,97
502,97
503,97
504,97
505,97
506,97
507,97
508,97
509,97
510,97
511,97
512,97
513,97
514,97
515,97
516,97
517,97
518,97
519,97
520,97
521,97
522,97
523,97
524,97
525,97
526,97
527,97
528,97
529,97
530,97
531,97
532,97
533,97
534,97
535,97
536,97
537,97
538,97
539,97
540,97
541,97
542,97
543,97
544,97
545,98
546,98
547,98
548,98
549,98
550,98
551,98
552,98
553,98
554,98
555,98
556,98
557,98
558,98
559,98
560,98
561,98
562,98
563,98
564,98
565,98
566,98
567,98
568,98
569,98
570,98
571,98
572,98
573,98
574,98
575,98
576,98
577,98
578,98
579,98
580,98
581,98
582,98
583,98
584,98
585,98
586,98
587,98
588,98
589,98
590,98
591,99
592,99
593,99
594,99
595,99
596,99
597,99
598,99
599,99
600,99
601,99
602,99
603,99
604,99
605,99
606,99
607,99
608,99
609,99
610,99
611,99
612,99
613,99
614,99
615,99
616,99
617,99
618,99
619,99
620,99
621,99
622,99
623,99
624,99
625,99
626,99
627,99
628,99
629,99
630,99
631,99
632,99
633,99
634,99
635,99
636,99
637,99
638,99
639,99
640,99
641,99
642,99
643,99
644,99
645,99
646,99
647,99
648,99
649,99
650,99
651,99
652,99
653,99
654,99
655,99
656,99
657,99
658,99
659,99
660,99
661,99
662,99
663,99
664,99
665,99
666,99
667,99
668,99
669,99
670,99
671,99
672,99
673,99
674,99
675,99
676,99
677,99
678,99
679,99
680,99
681,99
682,99
683,99
684,99
685,99
686,99
687,99
688,99
689,99
690,99
691,99
692,99
693,99
694,99
695,99
696,99
697,99
698,99
699,99
700,99
701,99
702,99
703,99
704,99
705,99
706,99
707,99
708,99
709,99
710,99
711,99
712,99
713,99
714,99
715,99
716,99
717,99
718,99
719,99
720,99
721,99
722,99
723,99
724,99
725,99
726,99
727,99
728,99
729,99
730,99
731,99
732,99
733,99
734,99
735,99
736,99
737,99
738,99
739,99
740,99
741,99
742,99
743,99
744,99
745,99
746,99
747,99
748,99
749,99
750,99
751,99
752,99
753,99
754,99
755,99
756,99
757,99
758,99
759,99
760,99
761,99
762,99
763,99
764,99
765,99
766,99
767,99
768,99
769,99
770,99
771,99
772,99
773,99
774,99
775,99
776,99
777,99
778,99
779,99
780,99
781,99
782,99
783,99
784,99
785,99
786,99
787,99
788,99
789,99
790,99
791,99
792,99
793,99
794,99
795,99
796,99
797,99
798,99
799,99
800,99
801,99
802,99
803,99
804,99
805,99
806,99
807,99
808,99
809,99
810,99
811,99
812,99
813,99
814,99
815,99
816,99
817,99
818,99
819,99
820,99
821,99
822,99
823,99
824,99
825,99
826,99
827,99
828,99
829,99
830,99
831,99
832,99
833,99
834,99
835,99
836,99
837,99
838,99
839,99
840,99
841,99
842,99
843,99
844,99
845,99
846,99
847,99
848,99
849,99
850,99
851,99
852,99
853,99
854,99
855,99
856,99
857,99
858,99
859,99
860,99
861,99
862,99
863,99
864,99
865,99
866,99
867,99
868,99
869,99
870,99
871,99
872,99
873,99
874,99
875,99
876,99
877,99
878,99
879,99
880,99
881,99
882,99
883,99
884,99
885,99
886,99
887,99
888,99
889,99
890,99
891,99
892,99
893,99
894,99
895,99
896,99
897,99
898,99
899,99
900,99
901,99
902,99
903,99
904,99
905,99
906,99
907,99
908,99
909,99
910,99
911,99
912,99
913,99
914,99
915,99
916,99
917,99
918,99
919,99
920,99
921,99
922,99
923,99
924,99
925,99
926,99
927,99
928,99
929,99
930,99
931,99
932,99
933,99
934,99
935,99
936,99
937,99
938,99
939,99
940,99
941,99
942,99
943,99
944,99
945,99
946,99
947,99
948,99
949,99
950,99
951,99
952,99
953,99
954,99
955,99
956,99
957,99
958,99
959,99
960,99
961,99
962,99
963,99
964,99
965,99
966,99
967,99
968,99
969,99
970,99
971,99
972,99
973,99
974,99
975,99
976,99
977,99
978,99
979,99
980,99
981,99
982,99
983,99
984,99
985,99
986,99
987,99
988,99
989,99
990,99
991,99
992,99
993,99
994,99
995,99
996,99
997,99
998,99
999,99
1000,99
1001,99
1002,99
1003,99
1004,99
1005,99
1006,99
1007,99
1008,99
1009,99
1010,99
1011,99
1012,99
1013,99
1014,99
1015,99
1016,99
1017,99
1018,99
1019,99
1020,99
1021,99
1022,99
1023,99
1024,99
1025,99
1026,99
1027,99
1028,99
1029,99
1030,99
1031,99
1032,99
1033,99
1034,99
1035,99
1036,99
1037,99
1038,99
1039,99
1040,99
1041,99
1042,99
1043,99
1044,99
1045,99
1046,99
1047,99
1048,99
1049,99
1050,99
1051,99
1052,99
1053,99
1054,99
1055,99
1056,99
1057,99
1058,99
1059,99
1060,99
1061,99
1062,99
1063,99
1064,99
1065,99
1066,99
1067,99
1068,99
1069,99
1070,99
1071,99
1072,99
1073,99
1074,99
1075,99
1076,99
1077,99
1078,99
1079,99
1080,99
1081,99
1082,99
1083,99
1084,99
1085,99
1086,99
1087,99
1088,99
1089,99
1090,99
1091,99
1092,99
1093,99
1094,99
1095,99
1096,99
1097,99
1098,99
1099,99
1100,99
1101,99
1102,99
1103,99
1104,99
1105,99
1106,99
1107,99
1108,99
1109,99
1110,99
1111,99
1112,99
1113,99
1114,99
1115,99
1116,99
1117,99
1118,99
1119,99
1120,99
1121,99
1122,99
1123,99
1124,99
1125,99
1126,99
1127,99
1128,99
1129,99
1130,99
1131,99
1132,99
1133,99
1134,99
1135,99
1136,99
1137,99
1138,99
1139,99
1140,99
1141,99
1142,99
1143,99
1144,99
1145,99
1146,99
1147,99
1148,99
1149,99
1150,99
1151,99
1152,99
1153,99
1154,99
1155,99
1156,99
1157,99
1158,99
1159,99
1160,99
1161,99
1162,99
1163,99
1164,99
1165,99
1166,99
1167,99
1168,99
1169,99
1170,99
1171,99
1172,99
1173,99
1174,99
1175,99
1176,99
1177,99
1178,99
1179,99
1180,99
1181,99
1182,99
1183,99
1184,99
1185,99
1186,99
1187,99
1188,99
1189,99
1190,99
1191,99
1192,99
1193,99
1194,99
1195,99
1196,99
1197,99
1198,99
1199,99
1200,99
1201,99
1202,99
1203,99
1204,99
1205,99
1206,99
1207,99
1208,99
1209,99
1210,99
1211,99
1212,99
1213,99
1214,99
1215,99
1216,99
1217,99
1218,99
1219,99
1220,99
1221,99
1222,99
1223,99
1224,99
1225,99
1226,99
1227,99
1228,99
1229,99
1230,99
1231,99
1232,99
1233,99
1234,99
1235,99
1236,99
1237,99
1238,99
1239,99
1240,99
1241,99
1242,99
1243,99
1244,99
1245,99
1246,99
1247,99
1248,99
1249,99
1250,99
1251,99
1252,99
1253,99
1254,99
1255,100
