0,0
1,1
2,2
3,3
4,4
5,5
6,6
7,7
8,8
9,8
10,9
11,9
12,10
13,11
14,12
15,12
16,13
17,13
18,14
19,15
20,15
21,15
22,15
23,16
24,17
25,18
26,19
27,20
28,20
29,21
30,22
31,23
32,23
33,23
34,23
35,23
36,24
37,24
38,25
39,25
40,25
41,25
42,25
43,25
44,25
45,25
46,26
47,26
48,27
49,28
50,28
51,28
52,28
53,29
54,29
55,30
56,30
57,31
58,31
59,31
60,32
61,32
62,32
63,32
64,32
65,32
66,32
67,32
68,32
69,32
70,32
71,32
72,32
73,32
74,32
75,32
76,32
77,33
78,33
79,33
80,34
81,35
82,36
83,37
84,38
85,39
86,40
87,41
88,42
89,43
90,44
91,45
92,45
93,46
94,46
95,46
96,47
97,48
98,49
99,50
100,51
101,52
102,52
103,53
104,53
105,54
106,54
107,54
108,54
109,54
110,55
111,56
112,57
113,58
114,59
115,59
116,59
117,60
118,60
119,60
120,60
121,61
122,61
123,62
124,62
125,63
126,63
127,63
128,63
129,64
130,64
131,64
132,65
133,66
134,67
135,67
136,67
137,67
138,67
139,68
140,68
141,68
142,68
143,68
144,68
145,69
146,70
147,71
148,71
149,71
150,71
151,71
152,71
153,71
154,71
155,71
156,71
157,71
158,71
159,71
160,71
161,72
162,72
163,72
164,72
165,72
166,72
167,73
168,74
169,74
170,74
171,74
172,74
173,75
174,75
175,75
176,75
177,75
178,75
179,75
180,75
181,75
182,75
183,75
184,75
185,76
186,76
187,76
188,76
189,76
190,77
191,78
192,79
193,80
194,81
195,82
196,83
197,84
198,84
199,84
200,84
201,84
202,84
203,84
204,84
205,84
206,85
207,86
208,86
209,86
210,86
211,86
212,86
213,86
214,86
215,86
216,86
217,86
218,86
219,86
220,86
221,86
222,86
223,86
224,86
225,86
226,86
227,86
228,86
229,86
230,86
231,86
232,86
233,86
234,86
235,86
236,86
237,86
238,86
239,86
240,87
241,87
242,87
243,87
244,87
245,87
246,87
247,87
248,87
249,87
250,87
251,88
252,88
253,88
254,88
255,88
256,88
257,88
258,88
259,88
260,88
261,88
262,88
263,88
264,88
265,88
266,88
267,88
268,88
269,88
270,88
271,88
272,88
273,88
274,88
275,88
276,89
277,89
278,89
279,89
280,89
281,89
282,89
283,89
284,89
285,89
286,89
287,89
288,89
289,89
290,89
291,89
292,89
293,89
294,89
295,89
296,89
297,89
298,89
299,89
300,89
301,89
302,89
303,89
304,89
305,89
306,89
307,89
308,89
309,89
310,89
311,89
312,89
313,89
314,89
315,89
316,89
317,90
318,90
319,90
320,90
321,90
322,90
323,90
324,90
325,90
326,90
327,90
328,90
329,90
330,90
331,90
332,91
333,91
334,91
335,91
336,91
337,91
338,92
339,92
340,92
341,92
342,92
343,92
344,92
345,92
346,92
347,92
348,92
349,92
350,92
351,92
352,92
353,92
354,92
355,92
356,92
357,92
358,92
359,92
360,92
361,92
362,92
363,92
364,92
365,92
366,92
367,92
368,92
369,92
370,92
371,92
372,92
373,92
374,92
375,92
376,92
377,92
378,92
379,92
380,92
381,92
382,92
383,92
384,92
385,92
386,92
387,92
388,92
389,92
390,92
391,92
392,92
393,92
394,92
395,92
396,92
397,92
398,92
399,92
400,92
401,92
402,93
403,93
404,94
405,94
406,94
407,94
408,94
409,94
410,94
411,94
412,94
413,94
414,94
415,94
416,94
417,94
418,95
419,95
420,95
421,95
422,95
423,95
424,95
425,95
426,96
427,96
428,96
429,96
430,96
431,96
432,96
433,96
434,96
435,96
436,96
437,96
438,96
439,96
440,96
441,96
442,96
443,96
444,96
445,96
446,96
447,96
448,96
449,96
450,96
451,96
452,96
453,96
454,96
455,96
456,96
457,96
458,96
459,96
460,96
461,96
462,96
463,96
464,96
465,96
466,96
467,96
468,96
469,96
470,96
471,96
472,96
473,96
474,96
475,96
476,96
477,96
478,96
479,96
480,96
481,96
482,96
483,96
484,96
485,96
486,96
487,96
488,96
489,96
490,96
491,96
492,96
493,96
494,96
495,96
496,96
497,96
498,96
499,96
500,96
501,96
502,96
503,96
504,96
505,96
506,96
507,96
508,96
509,96
510,96
511,96
512,96
513,96
514,96
515,96
516,96
517,96
518,96
519,96
520,96
521,96
522,96
523,96
524,96
525,96
526,96
527,96
528,96
529,96
530,96
531,96
532,96
533,96
534,96
535,96
536,96
537,96
538,96
539,96
540,96
541,96
542,96
543,96
544,96
545,97
546,97
547,97
548,97
549,97
550,97
551,97
552,97
553,97
554,97
555,97
556,97
557,97
558,97
559,97
560,97
561,97
562,97
563,97
564,97
565,97
566,97
567,97
568,97
569,97
570,97
571,97
572,97
573,97
574,97
575,97
576,97
577,98
578,98
579,98
580,98
581,98
582,98
583,98
584,98
585,98
586,98
587,98
588,98
589,98
590,98
591,98
592,98
593,98
594,98
595,98
596,98
597,98
598,98
599,98
600,98
601,98
602,98
603,98
604,98
605,98
606,98
607,98
608,98
609,98
610,98
611,98
612,98
613,98
614,98
615,98
616,98
617,98
618,98
619,98
620,98
621,98
622,98
623,98
624,98
625,98
626,98
627,98
628,98
629,98
630,98
631,99
632,99
633,99
634,99
635,99
636,99
637,99
638,99
639,99
640,99
641,99
642,99
643,99
644,99
645,99
646,100
