0,0
1,1
2,2
3,3
4,4
5,5
6,6
7,7
8,8
9,9
10,10
11,11
12,12
13,13
14,14
15,15
16,16
17,17
18,18
19,19
20,20
21,20
22,21
23,21
24,21
25,22
26,23
27,23
28,24
29,24
30,25
31,25
32,25
33,25
34,25
35,25
36,26
37,27
38,28
39,29
40,29
41,29
42,29
43,29
44,29
45,30
46,30
47,30
48,30
49,30
50,30
51,31
52,32
53,33
54,34
55,34
56,35
57,35
58,36
59,37
60,38
61,39
62,40
63,40
64,41
65,42
66,43
67,44
68,44
69,45
70,46
71,47
72,48
73,48
74,49
75,49
76,49
77,49
78,49
79,49
80,49
81,49
82,49
83,50
84,50
85,50
86,50
87,51
88,51
89,51
90,51
91,51
92,51
93,51
94,51
95,52
96,53
97,53
98,53
99,53
100,54
101,54
102,55
103,56
104,57
105,58
106,58
107,58
108,58
109,58
110,59
111,59
112,59
113,60
114,60
115,60
116,60
117,61
118,61
119,61
120,62
121,62
122,62
123,63
124,63
125,63
126,63
127,63
128,64
129,64
130,64
131,64
132,64
133,64
134,64
135,64
136,64
137,64
138,64
139,64
140,64
141,64
142,64
143,64
144,64
145,64
146,65
147,65
148,66
149,66
150,66
151,66
152,66
153,66
154,66
155,66
156,66
157,66
158,66
159,66
160,66
161,66
162,66
163,66
164,67
165,67
166,67
167,67
168,67
169,68
170,68
171,69
172,70
173,70
174,71
175,71
176,71
177,71
178,71
179,71
180,71
181,71
182,71
183,71
184,72
185,72
186,72
187,73
188,73
189,74
190,74
191,75
192,75
193,75
194,75
195,75
196,76
197,76
198,76
199,76
200,76
201,76
202,76
203,76
204,76
205,76
206,76
207,76
208,76
209,76
210,77
211,77
212,77
213,77
214,77
215,77
216,78
217,78
218,78
219,78
220,78
221,78
222,78
223,78
224,78
225,78
226,79
227,79
228,79
229,79
230,80
231,80
232,81
233,81
234,81
235,81
236,81
237,81
238,81
239,81
240,81
241,81
242,81
243,81
244,82
245,82
246,82
247,82
248,82
249,82
250,82
251,82
252,82
253,82
254,82
255,82
256,82
257,82
258,82
259,82
260,82
261,82
262,82
263,82
264,82
265,82
266,82
267,82
268,82
269,82
270,82
271,82
272,82
273,82
274,82
275,82
276,82
277,82
278,83
279,83
280,83
281,83
282,83
283,83
284,83
285,83
286,83
287,83
288,83
289,83
290,83
291,83
292,83
293,83
294,83
295,83
296,83
297,83
298,84
299,85
300,86
301,86
302,86
303,86
304,86
305,86
306,86
307,86
308,86
309,86
310,86
311,86
312,86
313,86
314,86
315,86
316,86
317,86
318,86
319,86
320,86
321,86
322,86
323,86
324,86
325,86
326,86
327,86
328,86
329,86
330,86
331,86
332,86
333,86
334,86
335,86
336,86
337,86
338,86
339,86
340,86
341,86
342,86
343,86
344,86
345,86
346,86
347,86
348,86
349,86
350,86
351,86
352,86
353,86
354,86
355,86
356,86
357,86
358,86
359,87
360,87
361,87
362,87
363,87
364,87
365,87
366,88
367,89
368,90
369,91
370,92
371,92
372,92
373,92
374,92
375,92
376,93
377,94
378,95
379,95
380,96
381,96
382,96
383,96
384,96
385,96
386,96
387,96
388,96
389,96
390,96
391,96
392,96
393,96
394,96
395,96
396,96
397,96
398,96
399,96
400,96
401,96
402,96
403,96
404,96
405,96
406,96
407,96
408,96
409,96
410,96
411,96
412,96
413,96
414,96
415,96
416,96
417,96
418,96
419,96
420,96
421,96
422,96
423,96
424,96
425,96
426,96
427,96
428,96
429,96
430,96
431,96
432,96
433,96
434,96
435,96
436,96
437,96
438,96
439,96
440,96
441,96
442,96
443,96
444,96
445,96
446,96
447,96
448,96
449,96
450,96
451,96
452,96
453,96
454,96
455,96
456,96
457,96
458,96
459,96
460,96
461,96
462,96
463,96
464,96
465,96
466,96
467,96
468,96
469,96
470,96
471,96
472,96
473,96
474,96
475,96
476,96
477,96
478,96
479,96
480,96
481,96
482,96
483,96
484,96
485,96
486,96
487,96
488,96
489,96
490,96
491,96
492,96
493,96
494,96
495,96
496,97
497,97
498,97
499,97
500,97
501,97
502,97
503,97
504,97
505,97
506,97
507,97
508,97
509,97
510,97
511,97
512,97
513,97
514,97
515,97
516,97
517,97
518,97
519,97
520,97
521,97
522,97
523,97
524,97
525,97
526,97
527,97
528,97
529,97
530,97
531,97
532,97
533,97
534,97
535,97
536,97
537,97
538,97
539,97
540,97
541,97
542,97
543,97
544,97
545,97
546,97
547,97
548,97
549,97
550,97
551,97
552,97
553,97
554,97
555,97
556,97
557,97
558,97
559,97
560,97
561,97
562,97
563,97
564,97
565,97
566,97
567,97
568,97
569,97
570,97
571,97
572,97
573,97
574,97
575,97
576,97
577,97
578,97
579,97
580,97
581,97
582,97
583,97
584,97
585,97
586,97
587,97
588,97
589,97
590,97
591,97
592,97
593,97
594,97
595,97
596,97
597,97
598,97
599,97
600,97
601,97
602,97
603,97
604,97
605,97
606,97
607,97
608,97
609,97
610,97
611,97
612,97
613,97
614,97
615,97
616,97
617,97
618,97
619,97
620,97
621,97
622,97
623,97
624,97
625,97
626,97
627,97
628,97
629,97
630,98
631,98
632,98
633,98
634,98
635,98
636,98
637,98
638,98
639,98
640,98
641,98
642,98
643,98
644,98
645,98
646,98
647,98
648,98
649,98
650,98
651,98
652,98
653,98
654,98
655,98
656,98
657,98
658,98
659,98
660,98
661,98
662,98
663,98
664,98
665,98
666,98
667,98
668,98
669,98
670,98
671,98
672,98
673,98
674,98
675,98
676,98
677,98
678,98
679,98
680,98
681,98
682,98
683,99
684,100
