0,0
1,3
2,6
3,8
4,10
5,13
6,15
7,17
8,20
9,22
10,23
11,26
12,28
13,30
14,32
15,33
16,35
17,37
18,39
19,39
20,41
21,41
22,42
23,44
24,45
25,46
26,47
27,49
28,50
29,52
30,55
31,57
32,58
33,58
34,58
35,58
36,59
37,59
38,59
39,59
40,59
41,61
42,63
43,64
44,66
45,67
46,67
47,68
48,69
49,70
50,71
51,71
52,71
53,72
54,73
55,73
56,75
57,76
58,77
59,77
60,78
61,78
62,78
63,79
64,80
65,80
66,80
67,80
68,80
69,80
70,80
71,81
72,82
73,82
74,82
75,83
76,85
77,85
78,86
79,87
80,88
81,88
82,88
83,89
84,89
85,89
86,89
87,89
88,89
89,89
90,89
91,89
92,90
93,90
94,90
95,90
96,90
97,90
98,90
99,90
100,90
101,90
102,90
103,90
104,90
105,90
106,90
107,90
108,90
109,90
110,90
111,90
112,90
113,90
114,90
115,90
116,90
117,90
118,90
119,90
120,90
121,90
122,90
123,90
124,90
125,90
126,90
127,90
128,90
129,90
130,90
131,90
132,90
133,90
134,90
135,90
136,90
137,91
138,91
139,91
140,92
141,92
142,92
143,92
144,92
145,92
146,92
147,92
148,92
149,92
150,92
151,92
152,92
153,92
154,92
155,92
156,92
157,92
158,92
159,92
160,92
161,92
162,92
163,92
164,92
165,92
166,92
167,92
168,92
169,92
170,92
171,92
172,92
173,92
174,92
175,92
176,93
177,94
178,95
179,95
180,96
181,97
182,98
183,98
184,99
185,100
186,101
187,102
188,102
189,102
190,103
191,104
192,105
193,105
194,105
195,105
196,105
197,105
198,105
199,106
200,106
201,106
202,106
203,108
204,109
205,110
206,110
207,110
208,110
209,110
210,110
211,110
212,110
213,110
214,110
215,110
216,110
217,110
218,110
219,110
220,110
221,110
222,110
223,110
224,110
225,110
226,110
227,110
228,110
229,110
230,110
231,110
232,110
233,110
234,111
235,111
236,112
237,112
238,112
239,112
240,112
241,112
242,112
243,112
244,112
245,113
246,113
247,113
248,113
249,113
250,113
251,113
252,113
253,113
254,113
255,113
256,113
257,113
258,113
259,113
260,113
261,114
262,114
263,114
264,114
265,114
266,114
267,114
268,115
269,115
270,115
271,115
272,115
273,115
274,115
275,115
276,115
277,115
278,115
279,115
280,115
281,115
282,115
283,115
284,115
285,115
286,115
287,115
288,115
289,115
290,115
291,115
292,115
293,115
294,115
295,115
296,115
297,115
298,115
299,115
300,115
301,115
302,115
303,116
304,116
305,116
306,116
307,116
308,116
309,116
310,116
311,116
312,116
313,116
314,116
315,116
316,116
317,116
318,116
319,116
320,116
321,116
322,116
323,116
324,117
325,118
326,119
327,120
328,121
329,122
330,123
331,124
332,124
333,124
334,125
335,125
336,125
337,125
338,126
339,126
340,126
341,126
342,126
343,126
344,126
345,126
346,126
347,126
348,127
349,127
350,127
351,127
352,127
353,127
354,127
355,127
356,127
357,127
358,127
359,127
360,127
361,127
362,127
363,127
364,127
365,127
366,127
367,127
368,127
369,127
370,127
371,127
372,127
373,127
374,127
375,127
376,127
377,127
378,127
379,127
380,127
381,127
382,127
383,127
384,127
385,127
386,127
387,127
388,127
389,127
390,127
391,127
392,127
393,127
394,127
395,127
396,127
397,127
398,127
399,127
400,127
401,127
402,127
403,127
404,127
405,127
406,127
407,127
408,127
409,127
410,127
411,127
412,127
413,127
414,127
415,127
416,127
417,127
418,127
419,127
420,127
421,127
422,127
423,127
424,127
425,127
426,127
427,127
428,127
429,127
430,127
431,127
432,127
433,127
434,127
435,127
436,127
437,127
438,128
439,128
440,128
441,128
442,128
443,128
444,128
445,128
446,128
447,129
448,129
449,129
450,129
451,129
452,129
453,129
454,129
455,129
456,129
457,129
458,130
459,130
460,130
461,130
462,130
463,130
464,130
465,130
466,130
467,130
468,130
469,130
470,130
471,131
472,132
473,132
474,132
475,132
476,132
477,132
478,132
479,132
480,132
481,132
482,132
483,132
484,132
485,132
486,132
487,132
488,132
489,132
490,132
491,132
492,132
493,132
494,132
495,132
496,132
497,132
498,132
499,132
500,132
501,132
502,132
503,132
504,132
505,132
506,132
507,132
508,132
509,132
510,132
511,132
512,132
513,132
514,132
515,132
516,132
517,132
518,132
519,132
520,132
521,132
522,132
523,132
524,132
525,132
526,132
527,132
528,132
529,132
530,132
531,132
532,132
533,132
534,132
535,132
536,132
537,132
538,132
539,132
540,132
541,132
542,132
543,132
544,132
545,132
546,132
547,132
548,132
549,132
550,132
551,132
552,132
553,132
554,132
555,132
556,132
557,132
558,133
559,133
560,133
561,133
562,133
563,133
564,133
565,133
566,133
567,133
568,133
569,133
570,133
571,133
572,133
573,133
574,133
575,133
576,133
577,133
578,133
579,133
580,133
581,133
582,133
583,134
584,134
585,134
586,134
587,134
588,134
589,134
590,135
591,135
592,135
593,135
594,135
595,135
596,135
597,135
598,135
599,135
600,135
601,135
602,135
603,135
604,135
605,135
606,135
607,135
608,135
609,135
610,135
611,135
612,135
613,135
614,136
615,136
616,136
617,136
618,136
619,136
620,136
621,136
622,136
623,136
624,136
625,136
626,136
627,136
628,136
629,136
630,136
631,136
632,136
633,136
634,136
635,136
636,136
637,136
638,136
639,136
640,136
641,136
642,136
643,136
644,136
645,136
646,137
647,137
648,137
649,137
650,137
651,137
652,137
653,137
654,137
655,137
656,137
657,137
658,137
659,137
660,137
661,137
662,137
663,137
664,137
665,137
666,137
667,137
668,137
669,137
670,137
671,137
672,137
673,137
674,137
675,137
676,137
677,137
678,137
679,137
680,137
681,137
682,137
683,137
684,137
685,137
686,137
687,137
688,137
689,137
690,137
691,137
692,137
693,137
694,137
695,137
696,137
697,137
698,137
699,137
700,137
701,137
702,137
703,137
704,137
705,137
706,137
707,137
708,137
709,137
710,137
711,137
712,137
713,137
714,137
715,137
716,137
717,137
718,137
719,137
720,137
721,137
722,137
723,137
724,137
725,137
726,137
727,137
728,137
729,137
730,137
731,137
732,137
733,137
734,137
735,137
736,137
737,137
738,137
739,137
740,137
741,137
742,137
743,137
744,137
745,137
746,137
747,137
748,137
749,137
750,137
751,137
752,137
753,137
754,137
755,137
756,137
757,137
758,137
759,137
760,137
761,137
762,137
763,137
764,137
765,137
766,137
767,137
768,137
769,137
770,137
771,137
772,137
773,137
774,137
775,137
776,137
777,137
778,137
779,137
780,137
781,137
782,137
783,137
784,137
785,137
786,137
787,137
788,137
789,137
790,137
791,137
792,137
793,137
794,137
795,137
796,137
797,137
798,137
799,137
800,137
801,137
802,137
803,137
804,137
805,137
806,137
807,137
808,137
809,137
810,137
811,137
812,137
813,137
814,137
815,137
816,137
817,137
818,137
819,137
820,137
821,137
822,137
823,137
824,137
825,137
826,137
827,137
828,137
829,137
830,137
831,137
832,137
833,137
834,137
835,137
836,137
837,137
838,137
839,137
840,137
841,137
842,137
843,137
844,137
845,137
846,137
847,137
848,137
849,137
850,137
851,137
852,137
853,137
854,137
855,137
856,137
857,137
858,137
859,137
860,137
861,137
862,137
863,137
864,137
865,137
866,137
867,137
868,137
869,137
870,137
871,137
872,137
873,137
874,137
875,137
876,137
877,137
878,137
879,137
880,137
881,137
882,137
883,137
884,137
885,137
886,137
887,137
888,137
889,137
890,137
891,137
892,137
893,137
894,137
895,138
896,138
897,138
898,138
899,138
900,138
901,138
902,138
903,138
904,138
905,138
906,138
907,138
908,138
909,138
910,138
911,138
912,138
913,138
914,138
915,138
916,138
917,138
918,138
919,138
920,138
921,138
922,138
923,138
924,138
925,138
926,138
927,138
928,138
929,138
930,138
931,138
932,138
933,138
934,138
935,138
936,138
937,138
938,138
939,138
940,138
941,138
942,138
943,138
944,138
945,138
946,138
947,138
948,138
949,138
950,138
951,138
952,138
953,138
954,138
955,138
956,138
957,138
958,138
959,138
960,138
961,138
962,138
963,138
964,138
965,138
966,138
967,138
968,138
969,138
970,138
971,138
972,138
973,138
974,138
975,138
976,138
977,138
978,138
979,138
980,138
981,138
982,138
983,138
984,138
985,138
986,138
987,138
988,138
989,138
990,138
991,138
992,138
993,138
994,138
995,138
996,138
997,138
998,138
999,138
1000,138
1001,138
1002,138
1003,138
1004,138
1005,138
1006,138
1007,138
1008,138
1009,138
1010,138
1011,138
1012,138
1013,138
1014,138
1015,138
1016,138
1017,138
1018,138
1019,138
1020,138
1021,138
1022,138
1023,138
1024,138
1025,138
1026,138
1027,138
1028,138
1029,138
1030,138
1031,138
1032,138
1033,138
1034,138
1035,138
1036,138
1037,138
1038,138
1039,138
1040,138
1041,138
1042,138
1043,138
1044,138
1045,138
1046,138
1047,138
1048,138
1049,138
1050,138
1051,138
1052,138
1053,138
1054,138
1055,138
1056,138
1057,138
1058,138
1059,138
1060,138
1061,138
1062,138
1063,138
1064,138
1065,138
1066,138
1067,138
1068,138
1069,138
1070,138
1071,138
1072,138
1073,138
1074,138
1075,138
1076,138
1077,138
1078,138
1079,138
1080,138
1081,138
1082,138
1083,138
1084,138
1085,138
1086,138
1087,138
1088,138
1089,138
1090,138
1091,138
1092,138
1093,138
1094,138
1095,138
1096,138
1097,138
1098,138
1099,138
1100,138
1101,138
1102,138
1103,138
1104,138
1105,138
1106,138
1107,138
1108,138
1109,138
1110,138
1111,138
1112,138
1113,138
1114,138
1115,138
1116,138
1117,138
1118,138
1119,138
1120,138
1121,138
1122,138
1123,138
1124,138
1125,138
1126,138
1127,138
1128,138
1129,138
1130,138
1131,138
1132,138
1133,138
1134,138
1135,138
1136,138
1137,138
1138,138
1139,138
1140,138
1141,138
1142,138
1143,138
1144,138
1145,138
1146,138
1147,138
1148,138
1149,138
1150,138
1151,138
1152,138
1153,138
1154,138
1155,138
1156,138
1157,138
1158,138
1159,138
1160,138
1161,138
1162,138
1163,138
1164,138
1165,138
1166,138
1167,138
1168,138
1169,138
1170,138
1171,138
1172,138
1173,138
1174,138
1175,138
1176,138
1177,138
1178,138
1179,138
1180,138
1181,138
1182,138
1183,138
1184,138
1185,138
1186,138
1187,138
1188,138
1189,138
1190,138
1191,138
1192,138
1193,138
1194,138
1195,138
1196,138
1197,138
1198,138
1199,138
1200,138
1201,138
1202,138
1203,138
1204,138
1205,138
1206,138
1207,138
1208,138
1209,138
1210,138
1211,138
1212,138
1213,138
1214,138
1215,138
1216,138
1217,138
1218,138
1219,138
1220,138
1221,138
1222,138
1223,138
1224,138
1225,139
1226,140
1227,141
1228,141
1229,141
1230,141
1231,141
1232,141
1233,141
1234,141
1235,141
1236,141
1237,141
1238,141
1239,141
1240,141
1241,141
1242,141
1243,141
1244,141
1245,141
1246,141
1247,141
1248,141
1249,141
1250,141
1251,141
1252,141
1253,141
1254,141
1255,141
1256,141
1257,141
1258,141
1259,141
1260,141
1261,141
1262,142
1263,142
1264,142
1265,142
1266,142
1267,142
1268,142
1269,142
1270,142
1271,142
1272,142
1273,142
1274,142
1275,142
1276,142
1277,142
1278,142
1279,142
1280,142
1281,142
1282,142
1283,142
1284,142
1285,142
1286,142
1287,142
1288,142
1289,142
1290,142
1291,142
1292,142
1293,142
1294,142
1295,142
1296,142
1297,142
1298,142
1299,142
1300,142
1301,142
1302,142
1303,142
1304,142
1305,142
1306,142
1307,142
1308,142
1309,142
1310,142
1311,142
1312,142
1313,142
1314,142
1315,142
1316,142
1317,142
1318,142
1319,142
1320,142
1321,142
1322,142
1323,142
1324,142
1325,142
1326,142
1327,142
1328,142
1329,142
1330,142
1331,142
1332,142
1333,142
1334,142
1335,142
1336,142
1337,142
1338,142
1339,142
1340,142
1341,142
1342,142
1343,142
1344,142
1345,142
1346,142
1347,142
1348,142
1349,142
1350,142
1351,142
1352,142
1353,142
1354,142
1355,142
1356,142
1357,142
1358,142
1359,142
1360,142
1361,142
1362,142
1363,142
1364,142
1365,142
1366,142
1367,142
1368,142
1369,142
1370,142
1371,142
1372,142
1373,142
1374,142
1375,142
1376,142
1377,142
1378,142
1379,142
1380,142
1381,142
1382,142
1383,142
1384,142
1385,142
1386,142
1387,142
1388,142
1389,142
1390,142
1391,142
1392,142
1393,142
1394,142
1395,142
1396,142
1397,142
1398,142
1399,142
1400,142
1401,142
1402,142
1403,142
1404,142
1405,142
1406,142
1407,142
1408,142
1409,142
1410,142
1411,142
1412,142
1413,142
1414,142
1415,142
1416,142
1417,142
1418,142
1419,142
1420,142
1421,142
1422,142
1423,142
1424,142
1425,142
1426,142
1427,142
1428,142
1429,142
1430,142
1431,142
1432,142
1433,142
1434,142
1435,142
1436,142
1437,142
1438,142
1439,142
1440,142
1441,142
1442,142
1443,142
1444,142
1445,142
1446,142
1447,142
1448,142
1449,142
1450,142
1451,142
1452,142
1453,142
1454,142
1455,142
1456,142
1457,142
1458,142
1459,142
1460,142
1461,142
1462,142
1463,142
1464,142
1465,142
1466,142
1467,142
1468,142
1469,142
1470,142
1471,142
1472,142
1473,142
1474,142
1475,142
1476,142
1477,142
1478,142
1479,142
1480,142
1481,142
1482,142
1483,142
1484,142
1485,142
1486,142
1487,142
1488,142
1489,142
1490,142
1491,142
1492,142
1493,142
1494,142
1495,142
1496,142
1497,142
1498,142
1499,142
1500,142
1501,142
1502,142
1503,142
1504,142
1505,142
1506,142
1507,142
1508,142
1509,142
1510,142
1511,142
1512,142
1513,142
1514,142
1515,142
1516,142
1517,142
1518,142
1519,142
1520,142
1521,142
1522,142
1523,142
1524,142
1525,142
1526,142
1527,142
1528,142
1529,142
1530,142
1531,142
1532,142
1533,142
1534,142
1535,142
1536,142
1537,142
1538,142
1539,142
1540,142
1541,142
1542,142
1543,142
1544,142
1545,142
1546,142
1547,142
1548,142
1549,142
1550,142
1551,142
1552,142
1553,142
1554,142
1555,142
1556,142
1557,142
1558,142
1559,142
1560,142
1561,142
1562,142
1563,142
1564,142
1565,142
1566,142
1567,142
1568,142
1569,142
1570,142
1571,142
1572,142
1573,142
1574,142
1575,142
1576,142
1577,142
1578,142
1579,142
1580,142
1581,142
1582,142
1583,142
1584,142
1585,142
1586,142
1587,142
1588,142
1589,142
1590,142
1591,142
1592,142
1593,142
1594,142
1595,142
1596,142
1597,142
1598,142
1599,142
1600,142
1601,142
1602,142
1603,142
1604,142
1605,142
1606,142
1607,142
1608,142
1609,142
1610,142
1611,142
1612,142
1613,142
1614,142
1615,142
1616,142
1617,142
1618,142
1619,142
1620,142
1621,142
1622,142
1623,142
1624,142
1625,142
1626,142
1627,142
1628,142
1629,142
1630,142
1631,142
1632,142
1633,142
1634,142
1635,142
1636,142
1637,142
1638,142
1639,142
1640,142
1641,142
1642,142
1643,142
1644,142
1645,142
1646,142
1647,142
1648,142
1649,142
1650,142
1651,142
1652,142
1653,142
1654,142
1655,142
1656,142
1657,142
1658,142
1659,142
1660,142
1661,142
1662,142
1663,142
1664,142
1665,142
1666,142
1667,142
1668,142
1669,142
1670,142
1671,142
1672,142
1673,142
1674,142
1675,142
1676,142
1677,142
1678,142
1679,142
1680,142
1681,142
1682,142
1683,142
1684,142
1685,142
1686,142
1687,142
1688,142
1689,142
1690,142
1691,142
1692,142
1693,142
1694,142
1695,142
1696,142
1697,142
1698,142
1699,142
1700,142
1701,142
1702,142
1703,142
1704,142
1705,142
1706,142
1707,142
1708,142
1709,142
1710,142
1711,142
1712,142
1713,142
1714,142
1715,142
1716,142
1717,142
1718,142
1719,142
1720,142
1721,142
1722,142
1723,142
1724,142
1725,142
1726,142
1727,142
1728,142
1729,142
1730,142
1731,142
1732,142
1733,142
1734,142
1735,142
1736,142
1737,142
1738,142
1739,142
1740,142
1741,142
1742,142
1743,142
1744,142
1745,142
1746,142
1747,142
1748,142
1749,142
1750,142
1751,142
1752,142
1753,142
1754,142
1755,142
1756,142
1757,142
1758,142
1759,142
1760,142
1761,142
1762,142
1763,142
1764,142
1765,142
1766,142
1767,142
1768,142
1769,142
1770,142
1771,142
1772,142
1773,142
1774,142
1775,142
1776,142
1777,142
1778,142
1779,142
1780,142
1781,142
1782,142
1783,142
1784,142
1785,142
1786,142
1787,142
1788,142
1789,142
1790,142
1791,142
1792,142
1793,142
1794,142
1795,142
1796,142
1797,142
1798,142
1799,142
1800,142
1801,142
1802,142
1803,142
1804,142
1805,142
1806,142
1807,142
1808,142
1809,142
1810,142
1811,142
1812,142
1813,142
1814,142
1815,142
1816,142
1817,142
1818,142
1819,142
1820,142
1821,142
1822,142
1823,142
1824,142
1825,142
1826,142
1827,142
1828,142
1829,142
1830,142
1831,142
1832,142
1833,142
1834,142
1835,142
1836,142
1837,142
1838,142
1839,142
1840,142
1841,142
1842,142
1843,142
1844,142
1845,142
1846,142
1847,142
1848,142
1849,142
1850,142
1851,142
1852,142
1853,143
1854,144
1855,144
1856,145
