0,0
1,3
2,6
3,9
4,12
5,14
6,17
7,20
8,23
9,26
10,29
11,31
12,32
13,34
14,37
15,38
16,40
17,41
18,44
19,47
20,48
21,49
22,51
23,52
24,54
25,56
26,58
27,59
28,59
29,60
30,60
31,63
32,64
33,65
34,66
35,69
36,71
37,73
38,74
39,75
40,76
41,77
42,78
43,80
44,80
45,81
46,82
47,82
48,83
49,83
50,85
51,86
52,88
53,90
54,91
55,91
56,91
57,91
58,91
59,92
60,92
61,92
62,92
63,92
64,92
65,92
66,93
67,93
68,94
69,94
70,94
71,96
72,97
73,97
74,97
75,98
76,98
77,99
78,99
79,102
80,103
81,103
82,103
83,104
84,104
85,104
86,104
87,104
88,104
89,104
90,104
91,105
92,105
93,105
94,105
95,105
96,105
97,105
98,105
99,105
100,105
101,105
102,105
103,105
104,106
105,106
106,106
107,106
108,106
109,106
110,107
111,107
112,107
113,107
114,107
115,107
116,107
117,107
118,107
119,107
120,107
121,107
122,107
123,107
124,109
125,110
126,111
127,111
128,111
129,111
130,111
131,112
132,112
133,112
134,112
135,112
136,113
137,114
138,115
139,116
140,117
141,118
142,118
143,118
144,118
145,118
146,118
147,119
148,120
149,120
150,120
151,121
152,123
153,123
154,123
155,123
156,123
157,123
158,123
159,123
160,123
161,123
162,123
163,123
164,123
165,123
166,123
167,123
168,123
169,123
170,123
171,123
172,123
173,123
174,123
175,123
176,123
177,123
178,123
179,123
180,123
181,123
182,123
183,123
184,123
185,123
186,123
187,123
188,123
189,123
190,123
191,123
192,123
193,123
194,123
195,123
196,123
197,123
198,123
199,124
200,124
201,124
202,124
203,124
204,124
205,124
206,125
207,125
208,125
209,125
210,125
211,126
212,126
213,126
214,126
215,127
216,127
217,127
218,127
219,127
220,127
221,127
222,127
223,127
224,127
225,127
226,127
227,127
228,127
229,127
230,127
231,127
232,127
233,127
234,128
235,128
236,128
237,128
238,128
239,128
240,128
241,128
242,128
243,128
244,128
245,128
246,128
247,128
248,128
249,128
250,128
251,128
252,128
253,128
254,128
255,128
256,128
257,128
258,128
259,128
260,128
261,128
262,128
263,128
264,128
265,128
266,128
267,128
268,128
269,128
270,128
271,128
272,128
273,128
274,128
275,128
276,128
277,128
278,128
279,128
280,128
281,128
282,128
283,128
284,128
285,128
286,128
287,128
288,128
289,128
290,128
291,128
292,128
293,128
294,128
295,128
296,128
297,128
298,128
299,128
300,128
301,128
302,128
303,128
304,128
305,128
306,128
307,128
308,128
309,128
310,128
311,128
312,128
313,128
314,128
315,128
316,128
317,128
318,128
319,128
320,128
321,128
322,128
323,128
324,128
325,128
326,128
327,128
328,128
329,128
330,128
331,128
332,128
333,128
334,128
335,128
336,128
337,128
338,128
339,128
340,128
341,128
342,128
343,128
344,128
345,128
346,128
347,128
348,128
349,128
350,128
351,128
352,128
353,128
354,128
355,128
356,128
357,128
358,128
359,128
360,128
361,128
362,128
363,128
364,128
365,128
366,128
367,128
368,128
369,128
370,128
371,128
372,128
373,128
374,128
375,128
376,128
377,128
378,128
379,128
380,128
381,128
382,128
383,128
384,128
385,128
386,128
387,128
388,128
389,128
390,128
391,128
392,128
393,128
394,128
395,128
396,128
397,128
398,128
399,128
400,128
401,128
402,129
403,129
404,129
405,129
406,129
407,129
408,129
409,129
410,129
411,129
412,129
413,129
414,129
415,129
416,129
417,129
418,129
419,129
420,129
421,129
422,129
423,129
424,129
425,129
426,129
427,129
428,129
429,129
430,129
431,129
432,129
433,129
434,129
435,129
436,129
437,129
438,129
439,129
440,129
441,129
442,129
443,129
444,129
445,130
446,130
447,130
448,130
449,130
450,130
451,130
452,130
453,130
454,130
455,130
456,130
457,130
458,130
459,130
460,130
461,130
462,130
463,130
464,130
465,130
466,130
467,130
468,130
469,130
470,130
471,130
472,130
473,130
474,130
475,130
476,130
477,130
478,130
479,130
480,130
481,130
482,130
483,130
484,130
485,130
486,130
487,130
488,130
489,130
490,130
491,130
492,130
493,130
494,130
495,130
496,130
497,130
498,130
499,130
500,130
501,130
502,130
503,130
504,130
505,130
506,130
507,130
508,130
509,130
510,130
511,130
512,130
513,131
514,131
515,131
516,131
517,131
518,131
519,131
520,131
521,131
522,131
523,131
524,131
525,131
526,131
527,131
528,131
529,131
530,131
531,131
532,131
533,131
534,131
535,131
536,131
537,131
538,131
539,131
540,131
541,131
542,131
543,131
544,131
545,131
546,131
547,131
548,131
549,131
550,131
551,131
552,131
553,131
554,131
555,131
556,131
557,131
558,131
559,131
560,131
561,131
562,131
563,131
564,131
565,131
566,131
567,131
568,131
569,131
570,131
571,131
572,131
573,131
574,131
575,131
576,131
577,131
578,131
579,131
580,131
581,131
582,131
583,131
584,131
585,131
586,131
587,131
588,131
589,131
590,131
591,131
592,131
593,131
594,131
595,131
596,131
597,131
598,131
599,131
600,131
601,131
602,131
603,131
604,131
605,131
606,131
607,131
608,131
609,131
610,131
611,131
612,131
613,131
614,131
615,131
616,131
617,131
618,132
619,133
620,133
621,134
622,134
623,134
624,134
625,134
626,134
627,134
628,134
629,134
630,134
631,134
632,134
633,134
634,134
635,134
636,134
637,134
638,134
639,134
640,134
641,134
642,134
643,134
644,134
645,134
646,134
647,134
648,134
649,134
650,134
651,134
652,134
653,134
654,134
655,134
656,134
657,134
658,134
659,134
660,134
661,134
662,134
663,134
664,134
665,134
666,134
667,134
668,134
669,134
670,134
671,134
672,134
673,134
674,134
675,134
676,134
677,134
678,134
679,134
680,134
681,134
682,134
683,134
684,134
685,134
686,134
687,134
688,134
689,134
690,134
691,134
692,134
693,134
694,134
695,134
696,134
697,134
698,134
699,134
700,134
701,134
702,134
703,134
704,134
705,134
706,134
707,134
708,134
709,134
710,134
711,134
712,134
713,134
714,134
715,134
716,134
717,134
718,134
719,134
720,134
721,134
722,134
723,134
724,134
725,134
726,134
727,134
728,134
729,134
730,134
731,134
732,134
733,134
734,134
735,134
736,134
737,134
738,134
739,134
740,134
741,134
742,134
743,134
744,134
745,134
746,134
747,134
748,134
749,134
750,134
751,134
752,134
753,134
754,134
755,134
756,134
757,134
758,134
759,134
760,134
761,134
762,134
763,134
764,134
765,134
766,134
767,134
768,134
769,134
770,134
771,134
772,134
773,134
774,134
775,134
776,134
777,134
778,134
779,134
780,134
781,134
782,134
783,134
784,134
785,134
786,134
787,134
788,134
789,134
790,134
791,134
792,134
793,134
794,134
795,134
796,134
797,134
798,134
799,134
800,134
801,134
802,134
803,134
804,134
805,134
806,134
807,134
808,134
809,134
810,134
811,134
812,134
813,134
814,134
815,134
816,134
817,134
818,134
819,134
820,134
821,134
822,134
823,134
824,134
825,134
826,134
827,134
828,134
829,134
830,134
831,134
832,134
833,134
834,134
835,134
836,134
837,134
838,134
839,134
840,134
841,134
842,134
843,134
844,134
845,134
846,134
847,134
848,134
849,134
850,134
851,134
852,134
853,134
854,134
855,134
856,134
857,134
858,134
859,134
860,134
861,134
862,134
863,134
864,134
865,134
866,134
867,134
868,134
869,134
870,134
871,134
872,134
873,134
874,134
875,134
876,134
877,134
878,134
879,134
880,134
881,134
882,134
883,134
884,134
885,134
886,134
887,134
888,134
889,134
890,134
891,134
892,134
893,134
894,134
895,134
896,134
897,134
898,134
899,134
900,134
901,134
902,134
903,134
904,134
905,134
906,134
907,134
908,134
909,134
910,134
911,134
912,134
913,134
914,134
915,134
916,134
917,134
918,134
919,134
920,134
921,134
922,134
923,134
924,134
925,134
926,134
927,134
928,134
929,134
930,134
931,134
932,134
933,134
934,134
935,134
936,134
937,134
938,134
939,134
940,134
941,134
942,134
943,135
944,136
945,136
946,137
947,137
948,138
949,138
950,138
951,138
952,138
953,138
954,139
955,140
956,140
957,140
958,140
959,140
960,140
961,140
962,140
963,140
964,140
965,140
966,140
967,140
968,140
969,140
970,140
971,140
972,140
973,140
974,140
975,140
976,140
977,140
978,140
979,140
980,140
981,140
982,140
983,140
984,140
985,140
986,140
987,140
988,140
989,140
990,140
991,140
992,140
993,140
994,140
995,140
996,141
997,141
998,141
999,141
1000,141
1001,141
1002,141
1003,141
1004,141
1005,141
1006,141
1007,141
1008,141
1009,141
1010,141
1011,141
1012,141
1013,141
1014,141
1015,141
1016,141
1017,141
1018,141
1019,141
1020,141
1021,141
1022,141
1023,141
1024,141
1025,141
1026,141
1027,141
1028,141
1029,141
1030,141
1031,141
1032,141
1033,141
1034,141
1035,141
1036,142
1037,142
1038,142
1039,142
1040,142
1041,142
1042,142
1043,142
1044,142
1045,142
1046,142
1047,142
1048,142
1049,142
1050,142
1051,142
1052,142
1053,142
1054,142
1055,142
1056,142
1057,142
1058,142
1059,142
1060,142
1061,142
1062,142
1063,142
1064,142
1065,142
1066,142
1067,142
1068,142
1069,142
1070,142
1071,142
1072,142
1073,142
1074,142
1075,142
1076,142
1077,142
1078,142
1079,142
1080,142
1081,142
1082,142
1083,142
1084,142
1085,142
1086,142
1087,142
1088,142
1089,142
1090,142
1091,142
1092,142
1093,142
1094,142
1095,142
1096,142
1097,142
1098,142
1099,142
1100,142
1101,142
1102,142
1103,142
1104,142
1105,142
1106,142
1107,142
1108,142
1109,142
1110,142
1111,142
1112,142
1113,142
1114,142
1115,142
1116,142
1117,142
1118,142
1119,142
1120,142
1121,142
1122,142
1123,142
1124,142
1125,142
1126,142
1127,142
1128,142
1129,142
1130,142
1131,142
1132,142
1133,142
1134,142
1135,142
1136,142
1137,142
1138,142
1139,142
1140,142
1141,142
1142,142
1143,142
1144,142
1145,142
1146,142
1147,142
1148,142
1149,142
1150,142
1151,142
1152,142
1153,142
1154,142
1155,142
1156,142
1157,142
1158,142
1159,142
1160,142
1161,142
1162,142
1163,142
1164,142
1165,142
1166,142
1167,142
1168,142
1169,142
1170,142
1171,142
1172,142
1173,142
1174,142
1175,142
1176,142
1177,142
1178,142
1179,142
1180,142
1181,142
1182,142
1183,142
1184,142
1185,142
1186,142
1187,142
1188,142
1189,142
1190,142
1191,142
1192,142
1193,142
1194,142
1195,142
1196,142
1197,142
1198,142
1199,142
1200,142
1201,142
1202,142
1203,142
1204,142
1205,142
1206,142
1207,142
1208,142
1209,142
1210,142
1211,142
1212,142
1213,142
1214,142
1215,142
1216,142
1217,142
1218,142
1219,142
1220,142
1221,142
1222,142
1223,142
1224,142
1225,142
1226,142
1227,142
1228,142
1229,142
1230,142
1231,142
1232,142
1233,142
1234,142
1235,142
1236,142
1237,142
1238,142
1239,143
1240,143
1241,143
1242,143
1243,143
1244,143
1245,143
1246,143
1247,143
1248,143
1249,143
1250,143
1251,143
1252,143
1253,143
1254,143
1255,143
1256,143
1257,143
1258,143
1259,143
1260,143
1261,143
1262,143
1263,143
1264,143
1265,143
1266,143
1267,143
1268,143
1269,143
1270,143
1271,143
1272,143
1273,143
1274,143
1275,143
1276,143
1277,143
1278,143
1279,143
1280,143
1281,143
1282,143
1283,143
1284,143
1285,143
1286,143
1287,143
1288,143
1289,143
1290,143
1291,143
1292,143
1293,143
1294,143
1295,143
1296,143
1297,143
1298,143
1299,143
1300,143
1301,143
1302,143
1303,143
1304,143
1305,143
1306,143
1307,143
1308,143
1309,143
1310,143
1311,143
1312,143
1313,143
1314,143
1315,143
1316,143
1317,143
1318,143
1319,143
1320,143
1321,143
1322,143
1323,143
1324,143
1325,143
1326,143
1327,143
1328,143
1329,143
1330,143
1331,143
1332,143
1333,143
1334,143
1335,143
1336,143
1337,143
1338,143
1339,143
1340,143
1341,143
1342,143
1343,143
1344,143
1345,143
1346,143
1347,143
1348,143
1349,143
1350,143
1351,143
1352,143
1353,143
1354,143
1355,143
1356,143
1357,143
1358,143
1359,143
1360,143
1361,143
1362,143
1363,143
1364,143
1365,143
1366,143
1367,143
1368,143
1369,143
1370,143
1371,143
1372,143
1373,143
1374,143
1375,143
1376,143
1377,143
1378,143
1379,143
1380,143
1381,143
1382,143
1383,143
1384,143
1385,143
1386,143
1387,143
1388,143
1389,143
1390,143
1391,143
1392,143
1393,143
1394,143
1395,143
1396,143
1397,143
1398,143
1399,143
1400,143
1401,143
1402,143
1403,143
1404,143
1405,143
1406,143
1407,143
1408,143
1409,143
1410,143
1411,143
1412,143
1413,143
1414,143
1415,143
1416,143
1417,143
1418,143
1419,143
1420,143
1421,143
1422,143
1423,143
1424,143
1425,143
1426,143
1427,143
1428,143
1429,143
1430,143
1431,143
1432,143
1433,143
1434,143
1435,143
1436,143
1437,143
1438,143
1439,143
1440,143
1441,143
1442,143
1443,143
1444,143
1445,143
1446,143
1447,143
1448,143
1449,143
1450,143
1451,143
1452,143
1453,143
1454,143
1455,143
1456,143
1457,143
1458,143
1459,143
1460,143
1461,143
1462,143
1463,143
1464,143
1465,143
1466,143
1467,143
1468,143
1469,143
1470,143
1471,143
1472,143
1473,143
1474,143
1475,143
1476,143
1477,143
1478,143
1479,143
1480,144
1481,144
1482,145
