0,0
1,3
2,5
3,8
4,11
5,14
6,17
7,18
8,21
9,24
10,24
11,25
12,28
13,29
14,31
15,33
16,33
17,35
18,37
19,38
20,39
21,39
22,41
23,43
24,45
25,46
26,48
27,50
28,51
29,54
30,55
31,58
32,58
33,59
34,62
35,63
36,64
37,66
38,69
39,69
40,71
41,73
42,73
43,75
44,77
45,79
46,80
47,81
48,84
49,84
50,84
51,85
52,85
53,85
54,85
55,86
56,86
57,86
58,87
59,87
60,87
61,87
62,87
63,88
64,90
65,90
66,91
67,92
68,92
69,93
70,93
71,93
72,95
73,95
74,95
75,97
76,97
77,97
78,97
79,97
80,97
81,98
82,98
83,99
84,99
85,99
86,100
87,100
88,101
89,103
90,103
91,103
92,103
93,104
94,104
95,104
96,105
97,105
98,106
99,106
100,106
101,106
102,106
103,106
104,106
105,106
106,106
107,106
108,106
109,106
110,107
111,107
112,107
113,107
114,108
115,109
116,110
117,111
118,112
119,113
120,114
121,114
122,114
123,114
124,114
125,114
126,114
127,114
128,114
129,114
130,114
131,114
132,114
133,114
134,114
135,115
136,115
137,116
138,116
139,117
140,117
141,117
142,117
143,118
144,118
145,119
146,119
147,119
148,120
149,120
150,121
151,121
152,121
153,121
154,121
155,121
156,121
157,121
158,121
159,121
160,121
161,121
162,121
163,121
164,121
165,121
166,121
167,121
168,121
169,121
170,121
171,121
172,121
173,121
174,121
175,121
176,121
177,121
178,121
179,121
180,121
181,121
182,121
183,122
184,122
185,123
186,124
187,124
188,124
189,124
190,124
191,124
192,124
193,124
194,124
195,124
196,124
197,124
198,124
199,124
200,124
201,124
202,124
203,124
204,124
205,124
206,124
207,124
208,124
209,124
210,124
211,124
212,124
213,124
214,124
215,124
216,124
217,124
218,124
219,124
220,124
221,124
222,124
223,124
224,124
225,124
226,124
227,125
228,125
229,125
230,125
231,125
232,125
233,125
234,126
235,126
236,126
237,127
238,127
239,127
240,127
241,127
242,127
243,127
244,127
245,127
246,127
247,127
248,127
249,127
250,127
251,127
252,127
253,127
254,127
255,127
256,127
257,127
258,127
259,127
260,127
261,127
262,127
263,127
264,127
265,127
266,127
267,127
268,127
269,127
270,127
271,127
272,128
273,128
274,129
275,130
276,130
277,130
278,130
279,130
280,130
281,130
282,130
283,130
284,130
285,130
286,130
287,130
288,130
289,130
290,130
291,130
292,130
293,130
294,130
295,130
296,130
297,130
298,130
299,130
300,130
301,130
302,130
303,130
304,130
305,130
306,130
307,130
308,130
309,130
310,130
311,130
312,130
313,131
314,131
315,131
316,131
317,131
318,131
319,131
320,131
321,131
322,131
323,131
324,131
325,131
326,131
327,131
328,131
329,131
330,131
331,131
332,131
333,131
334,131
335,131
336,131
337,131
338,131
339,131
340,131
341,131
342,131
343,131
344,131
345,131
346,131
347,131
348,131
349,131
350,131
351,131
352,131
353,131
354,131
355,131
356,131
357,131
358,131
359,131
360,131
361,131
362,131
363,131
364,131
365,131
366,131
367,131
368,131
369,131
370,131
371,131
372,131
373,131
374,131
375,131
376,131
377,131
378,131
379,131
380,131
381,131
382,131
383,131
384,131
385,132
386,132
387,132
388,132
389,132
390,132
391,132
392,132
393,132
394,132
395,132
396,132
397,132
398,132
399,132
400,132
401,132
402,132
403,132
404,132
405,132
406,132
407,132
408,132
409,132
410,132
411,132
412,132
413,133
414,133
415,133
416,133
417,133
418,133
419,133
420,133
421,133
422,133
423,133
424,133
425,133
426,133
427,133
428,133
429,133
430,133
431,133
432,133
433,133
434,133
435,133
436,133
437,133
438,133
439,133
440,133
441,133
442,133
443,133
444,133
445,133
446,133
447,133
448,133
449,133
450,133
451,133
452,133
453,133
454,133
455,133
456,133
457,133
458,133
459,133
460,133
461,133
462,133
463,133
464,133
465,133
466,133
467,133
468,133
469,133
470,133
471,133
472,133
473,133
474,133
475,133
476,133
477,133
478,133
479,133
480,133
481,133
482,133
483,133
484,133
485,133
486,133
487,133
488,133
489,133
490,133
491,133
492,133
493,133
494,133
495,133
496,134
497,134
498,134
499,134
500,134
501,134
502,134
503,134
504,134
505,134
506,134
507,134
508,134
509,134
510,134
511,134
512,134
513,134
514,134
515,134
516,134
517,134
518,134
519,134
520,134
521,134
522,134
523,134
524,134
525,134
526,134
527,134
528,134
529,134
530,134
531,134
532,134
533,134
534,134
535,134
536,134
537,134
538,134
539,134
540,134
541,134
542,134
543,134
544,134
545,134
546,134
547,134
548,134
549,134
550,134
551,134
552,134
553,134
554,134
555,134
556,134
557,134
558,134
559,134
560,134
561,134
562,134
563,134
564,134
565,134
566,134
567,134
568,134
569,134
570,135
571,136
572,136
573,136
574,136
575,136
576,136
577,136
578,136
579,136
580,136
581,136
582,136
583,136
584,136
585,136
586,136
587,136
588,136
589,136
590,136
591,136
592,136
593,136
594,136
595,136
596,136
597,136
598,136
599,136
600,136
601,136
602,136
603,136
604,136
605,136
606,136
607,136
608,136
609,136
610,136
611,136
612,137
613,138
614,139
615,139
616,139
617,139
618,139
619,139
620,140
621,140
622,140
623,140
624,140
625,140
626,140
627,140
628,140
629,140
630,140
631,140
632,140
633,140
634,140
635,140
636,140
637,140
638,140
639,140
640,140
641,140
642,140
643,140
644,140
645,140
646,140
647,140
648,140
649,140
650,140
651,140
652,140
653,140
654,140
655,140
656,140
657,140
658,140
659,140
660,140
661,140
662,140
663,140
664,140
665,140
666,140
667,140
668,140
669,140
670,140
671,140
672,140
673,140
674,140
675,140
676,140
677,140
678,140
679,140
680,140
681,140
682,140
683,140
684,140
685,140
686,140
687,140
688,140
689,140
690,140
691,140
692,140
693,140
694,140
695,140
696,140
697,140
698,140
699,140
700,140
701,140
702,140
703,140
704,140
705,140
706,140
707,140
708,140
709,140
710,140
711,140
712,140
713,140
714,140
715,140
716,140
717,140
718,140
719,140
720,140
721,140
722,140
723,140
724,140
725,140
726,140
727,140
728,140
729,140
730,140
731,140
732,140
733,140
734,140
735,140
736,140
737,140
738,140
739,140
740,140
741,140
742,140
743,140
744,140
745,140
746,140
747,140
748,140
749,140
750,140
751,140
752,140
753,140
754,140
755,140
756,140
757,140
758,140
759,140
760,140
761,140
762,140
763,140
764,140
765,140
766,140
767,140
768,140
769,140
770,140
771,140
772,140
773,140
774,140
775,140
776,140
777,140
778,140
779,140
780,140
781,140
782,140
783,140
784,140
785,140
786,140
787,140
788,140
789,140
790,140
791,140
792,140
793,140
794,140
795,140
796,140
797,140
798,140
799,140
800,140
801,140
802,140
803,140
804,140
805,140
806,140
807,140
808,140
809,140
810,140
811,140
812,140
813,140
814,140
815,140
816,140
817,140
818,140
819,140
820,140
821,140
822,140
823,140
824,140
825,140
826,140
827,140
828,140
829,140
830,140
831,140
832,140
833,140
834,140
835,140
836,140
837,140
838,140
839,140
840,140
841,140
842,140
843,140
844,140
845,140
846,140
847,140
848,140
849,140
850,140
851,140
852,140
853,140
854,140
855,140
856,140
857,140
858,140
859,140
860,140
861,140
862,140
863,140
864,140
865,140
866,140
867,140
868,140
869,140
870,140
871,140
872,140
873,140
874,140
875,140
876,140
877,140
878,140
879,140
880,140
881,140
882,140
883,140
884,140
885,140
886,140
887,140
888,140
889,141
890,141
891,142
892,142
893,142
894,142
895,143
896,143
897,143
898,143
899,143
900,143
901,143
902,143
903,143
904,143
905,143
906,143
907,143
908,143
909,143
910,143
911,143
912,143
913,143
914,143
915,143
916,143
917,143
918,143
919,143
920,143
921,143
922,143
923,143
924,143
925,143
926,143
927,143
928,143
929,143
930,143
931,143
932,143
933,143
934,143
935,143
936,143
937,143
938,143
939,143
940,143
941,143
942,143
943,143
944,143
945,143
946,143
947,143
948,143
949,143
950,144
951,144
952,144
953,144
954,144
955,144
956,144
957,144
958,144
959,144
960,144
961,144
962,144
963,144
964,144
965,144
966,144
967,144
968,144
969,144
970,144
971,144
972,144
973,144
974,144
975,144
976,144
977,144
978,144
979,144
980,144
981,144
982,144
983,144
984,144
985,144
986,144
987,144
988,144
989,144
990,144
991,144
992,144
993,144
994,144
995,144
996,144
997,144
998,144
999,144
1000,144
1001,144
1002,144
1003,144
1004,144
1005,144
1006,144
1007,144
1008,144
1009,144
1010,144
1011,144
1012,144
1013,144
1014,144
1015,144
1016,144
1017,144
1018,144
1019,144
1020,144
1021,144
1022,144
1023,144
1024,144
1025,144
1026,144
1027,144
1028,144
1029,144
1030,144
1031,144
1032,144
1033,144
1034,144
1035,144
1036,144
1037,144
1038,144
1039,144
1040,144
1041,144
1042,144
1043,144
1044,144
1045,144
1046,144
1047,144
1048,144
1049,144
1050,144
1051,144
1052,144
1053,144
1054,144
1055,144
1056,144
1057,144
1058,144
1059,144
1060,144
1061,144
1062,144
1063,144
1064,144
1065,144
1066,144
1067,144
1068,144
1069,144
1070,144
1071,144
1072,144
1073,144
1074,144
1075,144
1076,144
1077,144
1078,144
1079,144
1080,144
1081,144
1082,144
1083,144
1084,144
1085,144
1086,144
1087,144
1088,144
1089,144
1090,144
1091,144
1092,144
1093,144
1094,144
1095,144
1096,144
1097,144
1098,144
1099,144
1100,144
1101,144
1102,144
1103,144
1104,144
1105,144
1106,144
1107,144
1108,144
1109,144
1110,144
1111,144
1112,144
1113,144
1114,144
1115,144
1116,144
1117,144
1118,144
1119,144
1120,144
1121,144
1122,144
1123,144
1124,144
1125,144
1126,144
1127,144
1128,144
1129,144
1130,144
1131,144
1132,144
1133,144
1134,144
1135,144
1136,144
1137,144
1138,144
1139,144
1140,144
1141,144
1142,144
1143,144
1144,144
1145,144
1146,144
1147,144
1148,144
1149,144
1150,144
1151,144
1152,144
1153,144
1154,144
1155,144
1156,144
1157,144
1158,144
1159,144
1160,144
1161,144
1162,144
1163,144
1164,144
1165,144
1166,144
1167,144
1168,144
1169,144
1170,144
1171,144
1172,144
1173,144
1174,144
1175,144
1176,144
1177,144
1178,144
1179,144
1180,144
1181,144
1182,144
1183,144
1184,144
1185,144
1186,144
1187,144
1188,144
1189,144
1190,144
1191,144
1192,144
1193,144
1194,144
1195,144
1196,144
1197,144
1198,144
1199,144
1200,144
1201,144
1202,144
1203,144
1204,144
1205,144
1206,144
1207,144
1208,144
1209,144
1210,144
1211,144
1212,144
1213,144
1214,144
1215,144
1216,144
1217,144
1218,144
1219,144
1220,144
1221,144
1222,144
1223,144
1224,144
1225,144
1226,144
1227,144
1228,144
1229,144
1230,144
1231,144
1232,144
1233,144
1234,144
1235,144
1236,144
1237,144
1238,144
1239,144
1240,144
1241,144
1242,144
1243,144
1244,144
1245,144
1246,144
1247,144
1248,144
1249,144
1250,144
1251,144
1252,144
1253,144
1254,144
1255,144
1256,144
1257,144
1258,144
1259,144
1260,144
1261,144
1262,144
1263,144
1264,144
1265,144
1266,144
1267,144
1268,144
1269,144
1270,144
1271,144
1272,144
1273,144
1274,144
1275,144
1276,144
1277,144
1278,144
1279,144
1280,144
1281,144
1282,144
1283,144
1284,144
1285,144
1286,144
1287,144
1288,144
1289,144
1290,144
1291,144
1292,144
1293,144
1294,144
1295,144
1296,144
1297,144
1298,144
1299,144
1300,144
1301,144
1302,144
1303,144
1304,144
1305,144
1306,144
1307,144
1308,144
1309,144
1310,144
1311,144
1312,144
1313,144
1314,144
1315,144
1316,144
1317,144
1318,144
1319,144
1320,144
1321,144
1322,144
1323,144
1324,144
1325,144
1326,144
1327,144
1328,144
1329,144
1330,144
1331,144
1332,144
1333,144
1334,144
1335,144
1336,144
1337,144
1338,144
1339,144
1340,144
1341,144
1342,144
1343,144
1344,144
1345,144
1346,144
1347,144
1348,144
1349,144
1350,144
1351,144
1352,144
1353,144
1354,144
1355,144
1356,144
1357,144
1358,144
1359,144
1360,144
1361,144
1362,144
1363,144
1364,144
1365,144
1366,144
1367,144
1368,144
1369,144
1370,144
1371,144
1372,144
1373,144
1374,144
1375,144
1376,144
1377,144
1378,144
1379,144
1380,144
1381,144
1382,144
1383,144
1384,144
1385,144
1386,144
1387,144
1388,144
1389,144
1390,144
1391,145
