0,0
1,1
2,2
3,3
4,4
5,5
6,6
7,7
8,8
9,9
10,10
11,11
12,11
13,12
14,13
15,14
16,15
17,16
18,17
19,17
20,17
21,18
22,19
23,20
24,20
25,20
26,21
27,22
28,22
29,23
30,24
31,25
32,26
33,26
34,27
35,27
36,27
37,28
38,28
39,28
40,29
41,30
42,30
43,30
44,30
45,30
46,30
47,31
48,31
49,31
50,31
51,31
52,31
53,31
54,31
55,31
56,31
57,31
58,31
59,31
60,32
61,32
62,33
63,33
64,34
65,34
66,34
67,34
68,34
69,34
70,35
71,36
72,37
73,38
74,39
75,40
76,41
77,42
78,43
79,44
80,45
81,46
82,47
83,47
84,48
85,49
86,50
87,51
88,52
89,53
90,54
91,54
92,55
93,55
94,56
95,57
96,57
97,58
98,59
99,60
100,61
101,61
102,62
103,62
104,63
105,63
106,64
107,65
108,65
109,65
110,65
111,65
112,65
113,66
114,67
115,68
116,69
117,70
118,71
119,72
120,72
121,72
122,73
123,73
124,73
125,74
126,74
127,75
128,76
129,77
130,78
131,79
132,80
133,81
134,82
135,83
136,84
137,84
138,85
139,86
140,87
141,88
142,89
143,90
144,91
145,92
146,93
147,93
148,94
149,94
150,94
151,94
152,94
153,95
154,96
155,96
156,97
157,97
158,97
159,97
160,98
161,99
162,99
163,99
164,99
165,100
166,101
167,102
168,102
169,103
170,104
171,104
172,105
173,106
174,106
175,106
176,106
177,107
178,108
179,108
180,108
181,109
182,109
183,110
184,110
185,111
186,112
187,113
188,113
189,113
190,113
191,114
192,114
193,115
194,116
195,117
196,118
197,119
198,120
199,121
200,122
201,123
202,124
203,125
204,126
205,127
206,127
207,127
208,128
209,128
210,128
211,129
212,130
213,130
214,131
215,132
216,133
217,134
218,135
219,136
220,137
221,138
222,139
223,140
224,140
225,141
226,142
227,143
228,144
229,145
230,146
231,147
232,147
233,147
234,148
235,149
236,149
237,150
238,151
239,152
240,153
241,154
242,155
243,156
244,157
245,158
246,159
247,160
248,161
249,162
250,162
251,163
252,164
253,165
254,166
255,167
256,168
257,168
258,169
259,170
260,170
261,170
262,171
263,171
264,171
265,172
266,172
267,172
268,173
269,174
270,175
271,175
272,175
273,176
274,177
275,178
276,178
277,178
278,178
279,179
280,179
281,179
282,179
283,180
284,181
285,182
286,183
287,184
288,185
289,186
290,187
291,187
292,187
293,188
294,189
295,189
296,190
297,190
298,191
299,191
300,191
301,191
302,191
303,191
304,191
305,191
306,191
307,192
308,193
309,193
310,194
311,194
312,194
313,194
314,194
315,194
316,194
317,194
318,195
319,195
320,195
321,196
322,196
323,196
324,196
325,196
326,197
327,197
328,198
329,199
330,199
331,199
332,199
333,199
334,200
335,201
336,201
337,201
338,201
339,201
340,201
341,201
342,201
343,201
344,201
345,201
346,201
347,201
348,201
349,201
350,201
351,201
352,201
353,202
354,203
355,204
356,204
357,205
358,206
359,207
360,207
361,208
362,208
363,208
364,208
365,209
366,209
367,209
368,210
369,211
370,212
371,213
372,214
373,214
374,214
375,215
376,215
377,215
378,215
379,215
380,216
381,216
382,216
383,216
384,216
385,216
386,216
387,216
388,217
389,218
390,218
391,218
392,219
393,220
394,221
395,222
396,222
397,223
398,223
399,224
400,224
401,225
402,226
403,226
404,226
405,226
406,226
407,226
408,226
409,226
410,227
411,228
412,228
413,228
414,228
415,228
416,228
417,229
418,229
419,230
420,230
421,231
422,231
423,231
424,231
425,231
426,231
427,231
428,232
429,232
430,232
431,233
432,233
433,233
434,233
435,233
436,234
437,235
438,235
439,235
440,235
441,235
442,235
443,236
444,236
445,236
446,236
447,236
448,236
449,237
450,238
451,239
452,239
453,239
454,240
455,240
456,240
457,241
458,242
459,242
460,243
461,243
462,243
463,244
464,245
465,246
466,247
467,247
468,247
469,247
470,247
471,248
472,248
473,249
474,249
475,249
476,250
477,250
478,250
479,251
480,252
481,253
482,254
483,254
484,254
485,254
486,254
487,255
488,255
489,256
490,256
491,257
492,257
493,257
494,257
495,257
496,258
497,259
498,259
499,259
500,259
501,260
502,260
503,260
504,260
505,261
506,262
507,262
508,263
509,264
510,264
511,264
512,264
513,264
514,264
515,264
516,264
517,264
518,264
519,264
520,265
521,266
522,266
523,266
524,267
525,267
526,267
527,267
528,267
529,267
530,267
531,267
532,268
533,268
534,268
535,268
536,268
537,268
538,269
539,270
540,270
541,270
542,270
543,270
544,270
545,270
546,270
547,271
548,271
549,272
550,272
551,272
552,272
553,272
554,272
555,272
556,272
557,273
558,273
559,273
560,273
561,274
562,275
563,276
564,277
565,278
566,279
567,280
568,281
569,281
570,282
571,283
572,283
573,284
574,285
575,286
576,287
577,288
578,289
579,290
580,290
581,290
582,290
583,290
584,290
585,290
586,290
587,290
588,290
589,290
590,290
591,290
592,291
593,291
594,291
595,291
596,291
597,291
598,291
599,292
600,292
601,292
602,293
603,293
604,293
605,293
606,293
607,293
608,294
609,294
610,294
611,294
612,294
613,294
614,294
615,294
616,294
617,294
618,294
619,294
620,295
621,296
622,296
623,297
624,298
625,298
626,298
627,298
628,298
629,298
630,299
631,299
632,299
633,299
634,299
635,299
636,300
637,300
638,300
639,300
640,300
641,300
642,301
643,302
644,302
645,302
646,302
647,303
648,304
649,305
650,306
651,307
652,308
653,309
654,309
655,310
656,310
657,310
658,310
659,310
660,310
661,310
662,311
663,312
664,312
665,313
666,313
667,314
668,314
669,315
670,315
671,315
672,315
673,315
674,315
675,315
676,315
677,316
678,316
679,316
680,316
681,316
682,317
683,317
684,318
685,319
686,320
687,321
688,322
689,322
690,323
691,324
692,324
693,324
694,324
695,324
696,324
697,324
698,324
699,324
700,324
701,324
702,324
703,325
704,326
705,327
706,327
707,327
708,327
709,328
710,328
711,328
712,329
713,329
714,329
715,329
716,329
717,330
718,331
719,331
720,331
721,331
722,332
723,333
724,334
725,335
726,335
727,335
728,335
729,336
730,337
731,338
732,338
733,338
734,338
735,338
736,339
737,339
738,339
739,339
740,339
741,339
742,339
743,339
744,340
745,340
746,340
747,340
748,340
749,340
750,341
751,341
752,341
753,341
754,341
755,341
756,341
757,341
758,341
759,341
760,341
761,341
762,342
763,342
764,342
765,342
766,343
767,343
768,343
769,344
770,345
771,346
772,346
773,346
774,346
775,346
776,346
777,346
778,346
779,346
780,346
781,346
782,347
783,348
784,348
785,348
786,348
787,348
788,348
789,349
790,349
791,349
792,350
793,350
794,350
795,350
796,350
797,350
798,350
799,350
800,351
801,351
802,351
803,351
804,352
805,353
806,354
807,355
808,356
809,357
810,358
811,358
812,359
813,359
814,360
815,360
816,360
817,361
818,361
819,361
820,361
821,361
822,362
823,362
824,362
825,363
826,364
827,364
828,364
829,364
830,364
831,365
832,365
833,366
834,366
835,367
836,367
837,368
838,368
839,369
840,370
841,371
842,372
843,372
844,373
845,374
846,374
847,374
848,374
849,374
850,374
851,375
852,375
853,375
854,375
855,375
856,375
857,375
858,375
859,375
860,375
861,375
862,375
863,375
864,375
865,376
866,376
867,376
868,376
869,377
870,377
871,378
872,378
873,378
874,379
875,379
876,379
877,380
878,380
879,380
880,380
881,380
882,380
883,380
884,380
885,380
886,380
887,380
888,380
889,380
890,380
891,380
892,380
893,380
894,380
895,380
896,380
897,380
898,381
899,382
900,382
901,382
902,383
903,383
904,383
905,383
906,383
907,383
908,383
909,383
910,383
911,383
912,383
913,383
914,383
915,383
916,383
917,383
918,383
919,383
920,383
921,383
922,383
923,383
924,383
925,383
926,383
927,383
928,383
929,383
930,383
931,383
932,383
933,383
934,383
935,383
936,383
937,384
938,384
939,384
940,384
941,384
942,384
943,384
944,384
945,384
946,384
947,384
948,384
949,384
950,384
951,385
952,385
953,385
954,385
955,385
956,385
957,386
958,387
959,387
960,387
961,387
962,388
963,388
964,388
965,388
966,389
967,389
968,389
969,389
970,389
971,390
972,390
973,390
974,390
975,391
976,391
977,392
978,393
979,394
980,395
981,395
982,395
983,395
984,396
985,396
986,396
987,397
988,397
989,397
990,397
991,397
992,397
993,397
994,397
995,397
996,397
997,397
998,397
999,397
1000,398
1001,398
1002,398
1003,398
1004,398
1005,398
1006,398
1007,399
1008,399
1009,399
1010,399
1011,399
1012,399
1013,399
1014,399
1015,399
1016,400
1017,400
1018,400
1019,400
1020,400
1021,400
1022,400
1023,400
1024,400
1025,401
1026,401
1027,401
1028,402
1029,402
1030,402
1031,402
1032,402
1033,402
1034,402
1035,402
1036,402
1037,402
1038,402
1039,402
1040,402
1041,402
1042,402
1043,403
1044,403
1045,403
1046,403
1047,403
1048,404
1049,404
1050,404
1051,404
1052,404
1053,404
1054,404
1055,404
1056,404
1057,404
1058,404
1059,404
1060,404
1061,404
1062,404
1063,404
1064,405
1065,405
1066,405
1067,405
1068,405
1069,405
1070,405
1071,405
1072,405
1073,405
1074,405
1075,405
1076,405
1077,405
1078,405
1079,405
1080,405
1081,405
1082,405
1083,405
1084,406
1085,406
1086,407
1087,407
1088,407
1089,407
1090,407
1091,407
1092,408
1093,408
1094,408
1095,408
1096,408
1097,408
1098,408
1099,409
1100,409
1101,409
1102,410
1103,410
1104,410
1105,410
1106,410
1107,410
1108,410
1109,410
1110,410
1111,410
1112,411
1113,412
1114,412
1115,412
1116,412
1117,412
1118,412
1119,412
1120,413
1121,413
1122,413
1123,413
1124,413
1125,413
1126,413
1127,414
1128,414
1129,415
1130,415
1131,415
1132,415
1133,415
1134,415
1135,415
1136,416
1137,417
1138,418
1139,418
1140,418
1141,418
1142,418
1143,419
1144,419
1145,419
1146,419
1147,420
1148,421
1149,421
1150,421
1151,421
1152,422
1153,423
1154,423
1155,423
1156,423
1157,423
1158,423
1159,423
1160,423
1161,423
1162,423
1163,423
1164,423
1165,423
1166,424
1167,424
1168,425
1169,425
1170,426
1171,427
1172,428
1173,428
1174,428
1175,428
1176,428
1177,428
1178,428
1179,428
1180,428
1181,428
1182,428
1183,428
1184,428
1185,428
1186,428
1187,429
1188,429
1189,429
1190,429
1191,429
1192,429
1193,429
1194,429
1195,429
1196,429
1197,429
1198,429
1199,429
1200,429
1201,429
1202,430
1203,430
1204,430
1205,430
1206,430
1207,430
1208,430
1209,430
1210,430
1211,430
1212,430
1213,430
1214,430
1215,430
1216,430
1217,430
1218,430
1219,430
1220,430
1221,430
1222,430
1223,430
1224,430
1225,430
1226,431
1227,431
1228,431
1229,432
1230,432
1231,433
1232,433
1233,433
1234,434
1235,434
1236,434
1237,435
1238,435
1239,435
1240,435
1241,435
1242,435
1243,435
1244,435
1245,435
1246,435
1247,435
1248,436
1249,436
1250,436
1251,436
1252,436
1253,436
1254,436
1255,436
1256,436
1257,436
1258,436
1259,436
1260,436
1261,436
1262,436
1263,436
1264,436
1265,436
1266,436
1267,436
1268,436
1269,436
1270,436
1271,436
1272,436
1273,436
1274,436
1275,436
1276,436
1277,436
1278,436
1279,437
1280,437
1281,437
1282,437
1283,437
1284,437
1285,437
1286,437
1287,437
1288,437
1289,437
1290,437
1291,437
1292,437
1293,437
1294,437
1295,437
1296,437
1297,437
1298,437
1299,437
1300,437
1301,437
1302,437
1303,437
1304,437
1305,437
1306,437
1307,437
1308,437
1309,437
1310,437
1311,437
1312,437
1313,437
1314,437
1315,437
1316,437
1317,437
1318,437
1319,437
1320,437
1321,437
1322,437
1323,438
1324,438
1325,438
1326,438
1327,438
1328,438
1329,438
1330,438
1331,438
1332,438
1333,438
1334,438
1335,438
1336,438
1337,438
1338,438
1339,438
1340,438
1341,438
1342,438
1343,438
1344,438
1345,438
1346,438
1347,438
1348,438
1349,438
1350,438
1351,438
1352,438
1353,438
1354,438
1355,438
1356,438
1357,438
1358,438
1359,438
1360,438
1361,438
1362,438
1363,438
1364,438
1365,438
1366,438
1367,438
1368,438
1369,438
1370,438
1371,438
1372,438
1373,439
1374,439
1375,439
1376,440
1377,441
1378,441
1379,442
1380,442
1381,442
1382,442
1383,442
1384,442
1385,442
1386,443
1387,444
1388,444
1389,444
1390,444
1391,445
1392,445
1393,445
1394,445
1395,445
1396,445
1397,445
1398,445
1399,445
1400,445
1401,445
1402,445
1403,445
1404,445
1405,445
1406,445
1407,445
1408,445
1409,445
1410,445
1411,445
1412,445
1413,445
1414,445
1415,445
1416,445
1417,445
1418,445
1419,445
1420,445
1421,445
1422,445
1423,445
1424,445
1425,445
1426,445
1427,445
1428,445
1429,445
1430,445
1431,445
1432,445
1433,445
1434,445
1435,445
1436,445
1437,445
1438,445
1439,445
1440,445
1441,445
1442,445
1443,445
1444,445
1445,445
1446,446
1447,446
1448,446
1449,446
1450,446
1451,446
1452,446
1453,446
1454,447
1455,447
1456,447
1457,447
1458,447
1459,447
1460,447
1461,448
1462,448
1463,448
1464,448
1465,448
1466,448
1467,448
1468,448
1469,448
1470,448
1471,449
1472,450
1473,451
1474,452
1475,452
1476,452
1477,452
1478,452
1479,452
1480,452
1481,452
1482,452
1483,452
1484,452
1485,453
1486,453
1487,453
1488,453
1489,453
1490,453
1491,453
1492,453
1493,453
1494,453
1495,453
1496,453
1497,453
1498,453
1499,453
1500,453
1501,453
1502,453
1503,453
1504,453
1505,453
1506,453
1507,453
1508,453
1509,453
1510,453
1511,453
1512,453
1513,453
1514,453
1515,453
1516,454
1517,454
1518,454
1519,454
1520,454
1521,454
1522,454
1523,454
1524,454
1525,454
1526,454
1527,454
1528,455
1529,455
1530,455
1531,456
1532,456
1533,456
1534,457
1535,457
1536,457
1537,457
1538,458
1539,459
1540,459
1541,460
1542,461
1543,462
1544,462
1545,462
1546,462
1547,463
1548,463
1549,463
1550,463
1551,463
1552,463
1553,463
1554,463
1555,463
1556,464
1557,465
1558,466
1559,466
1560,466
1561,466
1562,467
1563,467
1564,467
1565,468
1566,468
1567,468
1568,468
1569,468
1570,468
1571,468
1572,468
1573,468
1574,468
1575,468
1576,468
1577,468
1578,468
1579,469
1580,469
1581,469
1582,469
1583,470
1584,470
1585,470
1586,470
1587,470
1588,470
1589,470
1590,470
1591,470
1592,470
1593,470
1594,470
1595,470
1596,470
1597,470
1598,470
1599,470
1600,471
1601,471
1602,471
1603,471
1604,471
1605,471
1606,471
1607,471
1608,472
1609,472
1610,472
1611,472
1612,472
1613,472
1614,472
1615,472
1616,472
1617,472
1618,473
1619,473
1620,473
1621,473
1622,473
1623,473
1624,473
1625,473
1626,473
1627,473
1628,473
1629,473
1630,473
1631,473
1632,473
1633,473
1634,473
1635,473
1636,473
1637,473
1638,473
1639,473
1640,474
1641,474
1642,474
1643,474
1644,474
1645,474
1646,474
1647,474
1648,474
1649,474
1650,474
1651,474
1652,474
1653,474
1654,474
1655,474
1656,474
1657,474
1658,474
1659,474
1660,474
1661,474
1662,475
1663,475
1664,475
1665,475
1666,475
1667,475
1668,475
1669,475
1670,475
1671,475
1672,475
1673,475
1674,475
1675,475
1676,475
1677,475
1678,475
1679,475
1680,475
1681,475
1682,475
1683,475
1684,475
1685,475
1686,475
1687,475
1688,475
1689,475
1690,475
1691,475
1692,475
1693,475
1694,475
1695,475
1696,475
1697,475
1698,475
1699,475
1700,475
1701,475
1702,475
1703,475
1704,475
1705,475
1706,475
1707,475
1708,475
1709,475
1710,475
1711,475
1712,475
1713,475
1714,475
1715,475
1716,475
1717,475
1718,475
1719,475
1720,475
1721,475
1722,475
1723,475
1724,475
1725,475
1726,475
1727,475
1728,475
1729,475
1730,476
1731,476
1732,476
1733,476
1734,476
1735,477
1736,477
1737,477
1738,477
1739,477
1740,477
1741,477
1742,477
1743,477
1744,477
1745,477
1746,477
1747,477
1748,477
1749,477
1750,477
1751,477
1752,477
1753,477
1754,477
1755,477
1756,477
1757,477
1758,477
1759,477
1760,478
1761,478
1762,478
1763,478
1764,478
1765,478
1766,478
1767,478
1768,478
1769,478
1770,478
1771,478
1772,478
1773,478
1774,478
1775,478
1776,478
1777,478
1778,478
1779,478
1780,478
1781,478
1782,478
1783,478
1784,478
1785,478
1786,478
1787,478
1788,478
1789,478
1790,478
1791,478
1792,478
1793,478
1794,478
1795,478
1796,478
1797,478
1798,478
1799,478
1800,478
1801,478
1802,478
1803,478
1804,478
1805,478
1806,478
1807,478
1808,478
1809,478
1810,478
1811,478
1812,478
1813,478
1814,478
1815,478
1816,478
1817,478
1818,478
1819,478
1820,478
1821,478
1822,478
1823,478
1824,478
1825,478
1826,478
1827,478
1828,478
1829,478
1830,478
1831,478
1832,478
1833,478
1834,478
1835,478
1836,478
1837,478
1838,478
1839,478
1840,478
1841,478
1842,478
1843,478
1844,478
1845,478
1846,478
1847,478
1848,479
1849,479
1850,479
1851,479
1852,479
1853,479
1854,479
1855,479
1856,479
1857,479
1858,479
1859,479
1860,479
1861,479
1862,479
1863,479
1864,479
1865,479
1866,479
1867,479
1868,479
1869,479
1870,479
1871,479
1872,479
1873,479
1874,479
1875,479
1876,479
1877,479
1878,479
1879,479
1880,479
1881,479
1882,479
1883,479
1884,479
1885,479
1886,479
1887,479
1888,479
1889,479
1890,479
1891,479
1892,479
1893,479
1894,479
1895,479
1896,479
1897,479
1898,479
1899,479
1900,480
1901,480
1902,480
1903,480
1904,480
1905,480
1906,480
1907,480
1908,480
1909,480
1910,480
1911,480
1912,480
1913,480
1914,480
1915,480
1916,480
1917,480
1918,480
1919,480
1920,480
1921,480
1922,480
1923,480
1924,480
1925,480
1926,480
1927,480
1928,480
1929,480
1930,480
1931,480
1932,480
1933,480
1934,480
1935,480
1936,480
1937,480
1938,480
1939,480
1940,480
1941,480
1942,480
1943,480
1944,480
1945,480
1946,480
1947,480
1948,480
1949,480
1950,480
1951,480
1952,480
1953,480
1954,480
1955,480
1956,480
1957,480
1958,480
1959,480
1960,480
1961,480
1962,480
1963,480
1964,480
1965,480
1966,480
1967,480
1968,480
1969,481
1970,481
1971,481
1972,481
1973,481
1974,481
1975,481
1976,481
1977,481
1978,481
1979,481
1980,481
1981,481
1982,481
1983,481
1984,481
1985,481
1986,481
1987,481
1988,481
1989,481
1990,481
1991,481
1992,481
1993,481
1994,481
1995,481
1996,481
1997,481
1998,481
1999,481
2000,481
2001,481
2002,481
2003,481
2004,481
2005,481
2006,481
2007,481
2008,481
2009,481
2010,481
2011,481
2012,481
2013,481
2014,481
2015,481
2016,481
2017,481
2018,481
2019,481
2020,481
2021,481
2022,481
2023,481
2024,481
2025,481
2026,482
2027,482
2028,482
2029,482
2030,482
2031,482
2032,482
2033,482
2034,482
2035,482
2036,483
2037,483
2038,483
2039,483
2040,483
2041,483
2042,483
2043,483
2044,483
2045,483
2046,483
2047,483
2048,483
2049,483
2050,483
2051,483
2052,483
2053,483
2054,483
2055,483
2056,483
2057,483
2058,483
2059,483
2060,483
2061,483
2062,483
2063,483
2064,483
2065,483
2066,483
2067,483
2068,483
2069,483
2070,483
2071,483
2072,483
2073,483
2074,483
2075,483
2076,483
2077,483
2078,483
2079,483
2080,483
2081,483
2082,484
2083,484
2084,484
2085,484
2086,484
2087,484
2088,484
2089,484
2090,484
2091,484
2092,484
2093,484
2094,484
2095,484
2096,484
2097,484
2098,484
2099,485
2100,485
2101,485
2102,485
2103,485
2104,485
2105,485
2106,485
2107,485
2108,485
2109,485
2110,485
2111,485
2112,485
2113,486
2114,486
2115,486
2116,486
2117,486
2118,486
2119,486
2120,486
2121,486
2122,486
2123,486
2124,486
2125,486
2126,486
2127,486
2128,486
2129,486
2130,486
2131,486
2132,486
2133,486
2134,486
2135,486
2136,486
2137,486
2138,486
2139,486
2140,486
2141,486
2142,486
2143,486
2144,486
2145,486
2146,486
2147,486
2148,486
2149,486
2150,486
2151,486
2152,486
2153,486
2154,486
2155,486
2156,486
2157,486
2158,486
2159,486
2160,486
2161,486
2162,486
2163,486
2164,487
2165,487
2166,487
2167,487
2168,487
2169,487
2170,487
2171,487
2172,487
2173,487
2174,487
2175,487
2176,487
2177,487
2178,487
2179,487
2180,487
2181,487
2182,487
2183,487
2184,487
2185,487
2186,487
2187,487
2188,487
2189,487
2190,487
2191,487
2192,487
2193,487
2194,487
2195,487
2196,487
2197,487
2198,487
2199,487
2200,487
2201,487
2202,487
2203,487
2204,487
2205,487
2206,487
2207,487
2208,487
2209,487
2210,487
2211,487
2212,487
2213,487
2214,487
2215,487
2216,487
2217,487
2218,487
2219,487
2220,487
2221,487
2222,487
2223,487
2224,487
2225,487
2226,487
2227,487
2228,487
2229,487
2230,487
2231,487
2232,487
2233,487
2234,488
2235,488
2236,488
2237,488
2238,488
2239,488
2240,488
2241,488
2242,488
2243,488
2244,488
2245,488
2246,488
2247,488
2248,488
2249,488
2250,488
2251,488
2252,488
2253,488
2254,488
2255,488
2256,488
2257,488
2258,488
2259,488
2260,488
2261,488
2262,488
2263,488
2264,488
2265,488
2266,488
2267,488
2268,488
2269,488
2270,488
2271,488
2272,488
2273,488
2274,488
2275,488
2276,488
2277,488
2278,488
2279,488
2280,488
2281,488
2282,488
2283,488
2284,488
2285,488
2286,488
2287,488
2288,488
2289,488
2290,488
2291,488
2292,488
2293,488
2294,488
2295,488
2296,488
2297,488
2298,488
2299,488
2300,488
2301,488
2302,488
2303,488
2304,488
2305,488
2306,488
2307,488
2308,488
2309,488
2310,488
2311,488
2312,488
2313,488
2314,488
2315,488
2316,488
2317,488
2318,488
2319,488
2320,489
2321,489
2322,489
2323,489
2324,489
2325,489
2326,489
2327,489
2328,489
2329,489
2330,489
2331,489
2332,489
2333,489
2334,489
2335,490
2336,490
2337,490
2338,490
2339,490
2340,490
2341,490
2342,490
2343,490
2344,490
2345,490
2346,490
2347,490
2348,490
2349,490
2350,490
2351,490
2352,490
2353,490
2354,490
2355,490
2356,490
2357,490
2358,490
2359,490
2360,490
2361,490
2362,490
2363,490
2364,490
2365,490
2366,490
2367,490
2368,490
2369,490
2370,490
2371,490
2372,490
2373,490
2374,490
2375,490
2376,490
2377,490
2378,490
2379,490
2380,490
2381,490
2382,490
2383,490
2384,490
2385,490
2386,490
2387,490
2388,490
2389,490
2390,490
2391,490
2392,490
2393,490
2394,490
2395,490
2396,490
2397,490
2398,490
2399,490
2400,490
2401,490
2402,490
2403,490
2404,490
2405,490
2406,490
2407,490
2408,490
2409,490
2410,490
2411,490
2412,490
2413,490
2414,490
2415,490
2416,490
2417,490
2418,490
2419,490
2420,490
2421,490
2422,490
2423,490
2424,490
2425,490
2426,490
2427,490
2428,490
2429,490
2430,490
2431,490
2432,490
2433,490
2434,490
2435,490
2436,490
2437,490
2438,490
2439,490
2440,490
2441,490
2442,490
2443,490
2444,490
2445,490
2446,490
2447,490
2448,490
2449,490
2450,490
2451,490
2452,490
2453,490
2454,490
2455,490
2456,490
2457,490
2458,490
2459,490
2460,490
2461,490
2462,490
2463,490
2464,490
2465,490
2466,490
2467,490
2468,490
2469,490
2470,490
2471,490
2472,490
2473,490
2474,490
2475,490
2476,490
2477,490
2478,490
2479,490
2480,490
2481,490
2482,490
2483,490
2484,490
2485,490
2486,490
2487,490
2488,490
2489,490
2490,490
2491,490
2492,490
2493,490
2494,490
2495,490
2496,490
2497,490
2498,490
2499,490
2500,490
2501,490
2502,490
2503,490
2504,490
2505,490
2506,490
2507,490
2508,490
2509,490
2510,490
2511,490
2512,490
2513,490
2514,490
2515,490
2516,490
2517,490
2518,490
2519,490
2520,490
2521,490
2522,490
2523,490
2524,490
2525,490
2526,490
2527,490
2528,490
2529,490
2530,490
2531,491
2532,491
2533,491
2534,491
2535,491
2536,491
2537,491
2538,491
2539,491
2540,491
2541,491
2542,491
2543,491
2544,491
2545,491
2546,491
2547,491
2548,491
2549,491
2550,491
2551,491
2552,491
2553,491
2554,491
2555,491
2556,491
2557,491
2558,491
2559,491
2560,491
2561,491
2562,491
2563,491
2564,491
2565,491
2566,491
2567,491
2568,491
2569,492
2570,492
2571,492
2572,492
2573,492
2574,492
2575,492
2576,492
2577,492
2578,492
2579,492
2580,492
2581,492
2582,492
2583,492
2584,492
2585,492
2586,492
2587,492
2588,492
2589,492
2590,492
2591,492
2592,492
2593,492
2594,492
2595,492
2596,492
2597,492
2598,492
2599,492
2600,492
2601,492
2602,492
2603,492
2604,492
2605,492
2606,492
2607,492
2608,492
2609,492
2610,492
2611,492
2612,492
2613,492
2614,492
2615,492
2616,492
2617,492
2618,492
2619,492
2620,492
2621,492
2622,492
2623,492
2624,492
2625,492
2626,492
2627,492
2628,492
2629,492
2630,492
2631,492
2632,492
2633,492
2634,492
2635,492
2636,492
2637,492
2638,492
2639,492
2640,492
2641,492
2642,492
2643,492
2644,492
2645,492
2646,492
2647,492
2648,492
2649,492
2650,492
2651,492
2652,492
2653,492
2654,492
2655,492
2656,492
2657,492
2658,492
2659,492
2660,492
2661,492
2662,492
2663,492
2664,492
2665,492
2666,492
2667,492
2668,492
2669,492
2670,492
2671,492
2672,492
2673,492
2674,492
2675,492
2676,492
2677,492
2678,492
2679,492
2680,492
2681,492
2682,492
2683,492
2684,492
2685,492
2686,492
2687,492
2688,492
2689,492
2690,492
2691,492
2692,492
2693,492
2694,492
2695,492
2696,492
2697,492
2698,492
2699,492
2700,492
2701,492
2702,492
2703,492
2704,492
2705,492
2706,492
2707,492
2708,492
2709,492
2710,492
2711,492
2712,492
2713,492
2714,492
2715,492
2716,492
2717,492
2718,492
2719,492
2720,492
2721,492
2722,492
2723,492
2724,492
2725,492
2726,492
2727,492
2728,492
2729,492
2730,492
2731,492
2732,492
2733,492
2734,492
2735,492
2736,492
2737,492
2738,492
2739,492
2740,492
2741,492
2742,492
2743,492
2744,492
2745,492
2746,492
2747,492
2748,492
2749,492
2750,492
2751,492
2752,492
2753,492
2754,492
2755,492
2756,492
2757,492
2758,492
2759,492
2760,492
2761,492
2762,492
2763,492
2764,492
2765,493
2766,493
2767,493
2768,493
2769,493
2770,493
2771,493
2772,493
2773,493
2774,493
2775,493
2776,493
2777,493
2778,493
2779,493
2780,493
2781,493
2782,493
2783,493
2784,493
2785,493
2786,493
2787,493
2788,493
2789,493
2790,493
2791,493
2792,493
2793,493
2794,493
2795,493
2796,493
2797,493
2798,493
2799,493
2800,493
2801,493
2802,493
2803,493
2804,493
2805,493
2806,493
2807,493
2808,493
2809,493
2810,493
2811,493
2812,493
2813,493
2814,493
2815,493
2816,493
2817,493
2818,493
2819,493
2820,493
2821,493
2822,493
2823,493
2824,493
2825,493
2826,493
2827,493
2828,493
2829,493
2830,493
2831,493
2832,493
2833,493
2834,493
2835,493
2836,493
2837,493
2838,493
2839,493
2840,493
2841,493
2842,493
2843,493
2844,493
2845,493
2846,493
2847,493
2848,493
2849,493
2850,493
2851,493
2852,493
2853,493
2854,493
2855,493
2856,493
2857,493
2858,493
2859,493
2860,493
2861,493
2862,493
2863,493
2864,493
2865,493
2866,493
2867,493
2868,493
2869,493
2870,493
2871,493
2872,493
2873,493
2874,493
2875,493
2876,493
2877,493
2878,493
2879,493
2880,493
2881,493
2882,493
2883,493
2884,493
2885,493
2886,493
2887,493
2888,493
2889,493
2890,493
2891,493
2892,493
2893,493
2894,493
2895,493
2896,493
2897,493
2898,493
2899,493
2900,493
2901,493
2902,493
2903,493
2904,493
2905,493
2906,493
2907,493
2908,493
2909,493
2910,493
2911,493
2912,493
2913,493
2914,493
2915,493
2916,493
2917,493
2918,493
2919,493
2920,493
2921,493
2922,493
2923,493
2924,493
2925,493
2926,493
2927,493
2928,493
2929,493
2930,493
2931,493
2932,493
2933,493
2934,493
2935,493
2936,493
2937,493
2938,493
2939,493
2940,493
2941,493
2942,493
2943,493
2944,493
2945,493
2946,493
2947,493
2948,493
2949,493
2950,493
2951,493
2952,493
2953,493
2954,493
2955,493
2956,493
2957,493
2958,493
2959,493
2960,493
2961,493
2962,493
2963,493
2964,493
2965,493
2966,493
2967,493
2968,493
2969,493
2970,493
2971,493
2972,493
2973,493
2974,493
2975,493
2976,493
2977,493
2978,494
2979,494
2980,494
2981,494
2982,494
2983,494
2984,494
2985,494
2986,494
2987,494
2988,494
2989,494
2990,494
2991,494
2992,494
2993,494
2994,494
2995,494
2996,494
2997,494
2998,494
2999,494
3000,494
3001,494
3002,494
3003,494
3004,494
3005,494
3006,494
3007,494
3008,494
3009,494
3010,494
3011,494
3012,494
3013,494
3014,494
3015,494
3016,494
3017,494
3018,494
3019,494
3020,494
3021,494
3022,494
3023,494
3024,494
3025,494
3026,495
3027,495
3028,495
3029,495
3030,495
3031,495
3032,495
3033,495
3034,495
3035,495
3036,495
3037,495
3038,495
3039,495
3040,495
3041,495
3042,495
3043,495
3044,495
3045,495
3046,495
3047,495
3048,495
3049,495
3050,495
3051,495
3052,495
3053,495
3054,495
3055,495
3056,495
3057,495
3058,495
3059,495
3060,495
3061,495
3062,495
3063,495
3064,495
3065,495
3066,495
3067,495
3068,495
3069,495
3070,495
3071,495
3072,495
3073,495
3074,495
3075,495
3076,495
3077,495
3078,495
3079,495
3080,495
3081,495
3082,495
3083,495
3084,495
3085,495
3086,495
3087,495
3088,495
3089,495
3090,495
3091,495
3092,495
3093,495
3094,495
3095,495
3096,495
3097,495
3098,495
3099,495
3100,495
3101,495
3102,495
3103,495
3104,495
3105,495
3106,495
3107,495
3108,495
3109,495
3110,495
3111,495
3112,495
3113,495
3114,495
3115,495
3116,495
3117,495
3118,495
3119,495
3120,495
3121,495
3122,495
3123,495
3124,495
3125,495
3126,495
3127,495
3128,495
3129,495
3130,495
3131,495
3132,495
3133,495
3134,495
3135,495
3136,495
3137,495
3138,495
3139,495
3140,495
3141,495
3142,495
3143,495
3144,495
3145,495
3146,495
3147,495
3148,495
3149,495
3150,495
3151,495
3152,495
3153,495
3154,495
3155,495
3156,495
3157,495
3158,495
3159,495
3160,495
3161,495
3162,495
3163,495
3164,495
3165,495
3166,495
3167,496
3168,496
3169,496
3170,497
3171,497
3172,497
3173,497
3174,497
3175,497
3176,497
3177,497
3178,497
3179,497
3180,497
3181,497
3182,497
3183,497
3184,497
3185,497
3186,497
3187,497
3188,497
3189,497
3190,497
3191,497
3192,497
3193,497
3194,497
3195,497
3196,497
3197,497
3198,497
3199,497
3200,497
3201,497
3202,497
3203,497
3204,497
3205,497
3206,497
3207,497
3208,497
3209,497
3210,497
3211,497
3212,497
3213,497
3214,497
3215,497
3216,497
3217,497
3218,497
3219,497
3220,497
3221,497
3222,497
3223,497
3224,497
3225,497
3226,497
3227,497
3228,497
3229,497
3230,497
3231,497
3232,497
3233,497
3234,497
3235,497
3236,497
3237,497
3238,497
3239,497
3240,497
3241,497
3242,497
3243,497
3244,497
3245,497
3246,497
3247,497
3248,497
3249,497
3250,497
3251,497
3252,497
3253,497
3254,497
3255,497
3256,497
3257,497
3258,497
3259,497
3260,497
3261,497
3262,497
3263,497
3264,497
3265,497
3266,497
3267,497
3268,497
3269,497
3270,497
3271,497
3272,497
3273,497
3274,497
3275,497
3276,497
3277,497
3278,497
3279,497
3280,497
3281,497
3282,497
3283,497
3284,497
3285,497
3286,497
3287,497
3288,497
3289,497
3290,497
3291,497
3292,497
3293,497
3294,497
3295,497
3296,497
3297,497
3298,497
3299,497
3300,497
3301,497
3302,497
3303,497
3304,497
3305,497
3306,497
3307,497
3308,497
3309,497
3310,497
3311,497
3312,497
3313,497
3314,497
3315,497
3316,497
3317,497
3318,497
3319,497
3320,497
3321,497
3322,497
3323,497
3324,497
3325,497
3326,497
3327,497
3328,497
3329,497
3330,497
3331,497
3332,497
3333,497
3334,497
3335,497
3336,497
3337,497
3338,497
3339,497
3340,497
3341,497
3342,497
3343,497
3344,497
3345,497
3346,497
3347,497
3348,497
3349,497
3350,497
3351,497
3352,497
3353,497
3354,497
3355,497
3356,497
3357,497
3358,497
3359,497
3360,497
3361,497
3362,497
3363,497
3364,497
3365,497
3366,497
3367,497
3368,497
3369,497
3370,497
3371,497
3372,497
3373,497
3374,497
3375,497
3376,497
3377,497
3378,497
3379,497
3380,497
3381,497
3382,497
3383,497
3384,497
3385,497
3386,497
3387,497
3388,497
3389,497
3390,497
3391,497
3392,497
3393,497
3394,497
3395,497
3396,497
3397,497
3398,497
3399,497
3400,497
3401,497
3402,497
3403,497
3404,497
3405,497
3406,497
3407,497
3408,497
3409,497
3410,497
3411,497
3412,497
3413,497
3414,497
3415,497
3416,497
3417,497
3418,497
3419,497
3420,497
3421,497
3422,497
3423,497
3424,497
3425,497
3426,497
3427,497
3428,497
3429,497
3430,497
3431,497
3432,497
3433,497
3434,497
3435,497
3436,497
3437,497
3438,497
3439,497
3440,497
3441,497
3442,497
3443,497
3444,497
3445,497
3446,497
3447,497
3448,497
3449,497
3450,497
3451,497
3452,497
3453,497
3454,497
3455,497
3456,497
3457,497
3458,497
3459,497
3460,497
3461,497
3462,497
3463,497
3464,497
3465,497
3466,497
3467,497
3468,497
3469,497
3470,497
3471,497
3472,497
3473,497
3474,497
3475,497
3476,497
3477,497
3478,497
3479,497
3480,497
3481,497
3482,497
3483,497
3484,497
3485,497
3486,497
3487,497
3488,497
3489,497
3490,497
3491,497
3492,497
3493,497
3494,497
3495,497
3496,497
3497,497
3498,497
3499,497
3500,497
3501,497
3502,497
3503,497
3504,497
3505,497
3506,497
3507,497
3508,497
3509,497
3510,497
3511,497
3512,497
3513,497
3514,497
3515,497
3516,497
3517,497
3518,497
3519,497
3520,497
3521,497
3522,497
3523,497
3524,497
3525,497
3526,497
3527,497
3528,497
3529,497
3530,497
3531,497
3532,497
3533,497
3534,497
3535,497
3536,497
3537,497
3538,497
3539,497
3540,497
3541,497
3542,497
3543,497
3544,497
3545,497
3546,497
3547,497
3548,497
3549,497
3550,497
3551,497
3552,497
3553,497
3554,497
3555,497
3556,497
3557,497
3558,497
3559,497
3560,497
3561,497
3562,497
3563,497
3564,497
3565,497
3566,497
3567,497
3568,497
3569,497
3570,497
3571,497
3572,497
3573,497
3574,497
3575,497
3576,497
3577,497
3578,497
3579,497
3580,497
3581,497
3582,497
3583,497
3584,497
3585,497
3586,497
3587,497
3588,497
3589,497
3590,497
3591,497
3592,497
3593,497
3594,497
3595,497
3596,497
3597,497
3598,497
3599,497
3600,497
3601,497
3602,497
3603,497
3604,497
3605,497
3606,497
3607,497
3608,497
3609,497
3610,497
3611,497
3612,497
3613,497
3614,497
3615,497
3616,497
3617,497
3618,497
3619,497
3620,497
3621,497
3622,497
3623,497
3624,497
3625,497
3626,497
3627,497
3628,497
3629,497
3630,497
3631,497
3632,497
3633,497
3634,497
3635,497
3636,497
3637,497
3638,497
3639,497
3640,497
3641,497
3642,497
3643,497
3644,497
3645,497
3646,497
3647,497
3648,497
3649,497
3650,497
3651,497
3652,497
3653,497
3654,497
3655,497
3656,497
3657,497
3658,497
3659,497
3660,497
3661,497
3662,497
3663,497
3664,497
3665,497
3666,497
3667,497
3668,497
3669,497
3670,497
3671,497
3672,497
3673,497
3674,497
3675,497
3676,497
3677,497
3678,497
3679,497
3680,497
3681,497
3682,497
3683,497
3684,497
3685,497
3686,497
3687,497
3688,497
3689,497
3690,497
3691,497
3692,497
3693,497
3694,497
3695,497
3696,497
3697,497
3698,497
3699,497
3700,497
3701,497
3702,497
3703,497
3704,497
3705,497
3706,497
3707,497
3708,497
3709,497
3710,497
3711,497
3712,497
3713,497
3714,497
3715,497
3716,497
3717,497
3718,497
3719,497
3720,497
3721,497
3722,497
3723,497
3724,497
3725,497
3726,497
3727,497
3728,497
3729,497
3730,497
3731,497
3732,497
3733,497
3734,497
3735,497
3736,497
3737,497
3738,497
3739,497
3740,497
3741,497
3742,497
3743,497
3744,497
3745,497
3746,497
3747,497
3748,497
3749,497
3750,497
3751,497
3752,497
3753,497
3754,497
3755,497
3756,497
3757,497
3758,497
3759,497
3760,497
3761,497
3762,497
3763,497
3764,497
3765,497
3766,497
3767,497
3768,497
3769,497
3770,497
3771,497
3772,497
3773,497
3774,497
3775,497
3776,497
3777,497
3778,497
3779,497
3780,497
3781,497
3782,497
3783,497
3784,497
3785,497
3786,497
3787,497
3788,497
3789,497
3790,497
3791,497
3792,497
3793,497
3794,497
3795,497
3796,497
3797,497
3798,497
3799,497
3800,497
3801,497
3802,497
3803,497
3804,497
3805,497
3806,497
3807,497
3808,497
3809,497
3810,497
3811,497
3812,497
3813,497
3814,497
3815,497
3816,498
3817,498
3818,498
3819,498
3820,498
3821,498
3822,498
3823,498
3824,498
3825,498
3826,498
3827,498
3828,498
3829,498
3830,498
3831,498
3832,498
3833,498
3834,498
3835,498
3836,498
3837,498
3838,498
3839,498
3840,498
3841,498
3842,498
3843,498
3844,498
3845,498
3846,498
3847,498
3848,498
3849,498
3850,498
3851,498
3852,498
3853,498
3854,498
3855,498
3856,498
3857,498
3858,498
3859,498
3860,498
3861,498
3862,498
3863,498
3864,498
3865,498
3866,498
3867,498
3868,498
3869,498
3870,498
3871,498
3872,498
3873,498
3874,498
3875,498
3876,498
3877,498
3878,498
3879,498
3880,498
3881,498
3882,498
3883,498
3884,498
3885,498
3886,498
3887,498
3888,498
3889,498
3890,498
3891,498
3892,498
3893,498
3894,498
3895,498
3896,498
3897,498
3898,498
3899,498
3900,498
3901,498
3902,498
3903,498
3904,498
3905,498
3906,498
3907,498
3908,498
3909,498
3910,498
3911,498
3912,498
3913,498
3914,498
3915,498
3916,498
3917,498
3918,498
3919,498
3920,498
3921,498
3922,498
3923,498
3924,498
3925,498
3926,498
3927,498
3928,498
3929,498
3930,498
3931,498
3932,498
3933,498
3934,498
3935,498
3936,498
3937,498
3938,498
3939,498
3940,498
3941,498
3942,498
3943,498
3944,498
3945,498
3946,498
3947,498
3948,498
3949,498
3950,498
3951,498
3952,498
3953,498
3954,498
3955,498
3956,498
3957,498
3958,498
3959,498
3960,498
3961,498
3962,498
3963,498
3964,498
3965,498
3966,498
3967,498
3968,498
3969,498
3970,498
3971,498
3972,498
3973,498
3974,498
3975,498
3976,498
3977,498
3978,498
3979,498
3980,498
3981,498
3982,498
3983,498
3984,498
3985,498
3986,498
3987,498
3988,498
3989,498
3990,498
3991,498
3992,498
3993,498
3994,498
3995,498
3996,498
3997,498
3998,498
3999,498
4000,498
4001,498
4002,498
4003,498
4004,498
4005,498
4006,498
4007,498
4008,498
4009,498
4010,498
4011,498
4012,498
4013,498
4014,498
4015,498
4016,498
4017,498
4018,498
4019,498
4020,498
4021,498
4022,498
4023,498
4024,498
4025,498
4026,498
4027,498
4028,498
4029,498
4030,498
4031,498
4032,498
4033,498
4034,498
4035,498
4036,498
4037,498
4038,498
4039,498
4040,498
4041,498
4042,498
4043,498
4044,498
4045,498
4046,498
4047,498
4048,498
4049,498
4050,498
4051,498
4052,498
4053,498
4054,498
4055,498
4056,498
4057,498
4058,498
4059,498
4060,498
4061,498
4062,498
4063,498
4064,498
4065,498
4066,498
4067,498
4068,498
4069,498
4070,498
4071,498
4072,498
4073,498
4074,498
4075,498
4076,498
4077,498
4078,498
4079,498
4080,498
4081,498
4082,498
4083,498
4084,498
4085,498
4086,498
4087,498
4088,498
4089,498
4090,498
4091,498
4092,498
4093,498
4094,498
4095,498
4096,498
4097,498
4098,498
4099,498
4100,498
4101,498
4102,498
4103,498
4104,498
4105,498
4106,498
4107,498
4108,498
4109,498
4110,498
4111,498
4112,498
4113,498
4114,498
4115,498
4116,498
4117,498
4118,498
4119,498
4120,498
4121,498
4122,498
4123,498
4124,498
4125,498
4126,498
4127,498
4128,498
4129,498
4130,498
4131,498
4132,498
4133,498
4134,498
4135,498
4136,498
4137,498
4138,498
4139,498
4140,498
4141,498
4142,498
4143,498
4144,498
4145,498
4146,498
4147,498
4148,498
4149,498
4150,498
4151,498
4152,498
4153,498
4154,498
4155,498
4156,498
4157,498
4158,498
4159,498
4160,498
4161,498
4162,498
4163,498
4164,498
4165,498
4166,498
4167,498
4168,498
4169,498
4170,498
4171,498
4172,498
4173,498
4174,498
4175,498
4176,498
4177,498
4178,498
4179,498
4180,498
4181,498
4182,498
4183,498
4184,498
4185,498
4186,498
4187,498
4188,498
4189,498
4190,498
4191,498
4192,498
4193,498
4194,498
4195,498
4196,498
4197,498
4198,498
4199,498
4200,498
4201,498
4202,498
4203,498
4204,498
4205,498
4206,498
4207,498
4208,498
4209,498
4210,498
4211,498
4212,498
4213,498
4214,498
4215,498
4216,498
4217,498
4218,498
4219,498
4220,498
4221,498
4222,498
4223,498
4224,498
4225,498
4226,498
4227,498
4228,498
4229,498
4230,498
4231,498
4232,498
4233,498
4234,498
4235,498
4236,498
4237,498
4238,498
4239,498
4240,498
4241,498
4242,498
4243,498
4244,498
4245,498
4246,498
4247,498
4248,498
4249,498
4250,498
4251,498
4252,498
4253,498
4254,498
4255,498
4256,498
4257,498
4258,498
4259,498
4260,498
4261,498
4262,498
4263,498
4264,498
4265,498
4266,498
4267,498
4268,498
4269,498
4270,498
4271,498
4272,498
4273,498
4274,498
4275,498
4276,498
4277,498
4278,498
4279,498
4280,498
4281,498
4282,498
4283,498
4284,498
4285,498
4286,498
4287,498
4288,498
4289,498
4290,498
4291,498
4292,498
4293,498
4294,498
4295,498
4296,498
4297,498
4298,498
4299,498
4300,498
4301,498
4302,498
4303,498
4304,498
4305,498
4306,498
4307,498
4308,498
4309,498
4310,498
4311,498
4312,498
4313,498
4314,498
4315,498
4316,498
4317,498
4318,498
4319,498
4320,498
4321,498
4322,498
4323,498
4324,498
4325,498
4326,498
4327,498
4328,498
4329,498
4330,498
4331,498
4332,498
4333,498
4334,498
4335,498
4336,498
4337,498
4338,498
4339,498
4340,498
4341,498
4342,498
4343,498
4344,498
4345,498
4346,498
4347,498
4348,498
4349,498
4350,498
4351,498
4352,498
4353,498
4354,498
4355,498
4356,498
4357,498
4358,498
4359,498
4360,498
4361,498
4362,498
4363,498
4364,498
4365,498
4366,498
4367,498
4368,498
4369,498
4370,498
4371,498
4372,498
4373,498
4374,498
4375,498
4376,498
4377,498
4378,498
4379,498
4380,498
4381,498
4382,498
4383,498
4384,498
4385,498
4386,498
4387,498
4388,498
4389,498
4390,498
4391,498
4392,498
4393,498
4394,498
4395,498
4396,498
4397,498
4398,498
4399,498
4400,498
4401,498
4402,498
4403,498
4404,498
4405,498
4406,498
4407,498
4408,498
4409,498
4410,498
4411,498
4412,498
4413,498
4414,498
4415,498
4416,498
4417,498
4418,498
4419,498
4420,498
4421,498
4422,498
4423,498
4424,498
4425,498
4426,498
4427,498
4428,498
4429,498
4430,498
4431,498
4432,498
4433,498
4434,498
4435,498
4436,498
4437,498
4438,498
4439,498
4440,498
4441,498
4442,498
4443,498
4444,498
4445,498
4446,498
4447,498
4448,498
4449,498
4450,498
4451,498
4452,498
4453,498
4454,498
4455,498
4456,498
4457,498
4458,498
4459,498
4460,498
4461,498
4462,498
4463,498
4464,498
4465,498
4466,498
4467,498
4468,498
4469,498
4470,498
4471,498
4472,498
4473,498
4474,498
4475,498
4476,498
4477,498
4478,498
4479,498
4480,498
4481,498
4482,498
4483,498
4484,498
4485,498
4486,498
4487,498
4488,498
4489,498
4490,498
4491,498
4492,498
4493,498
4494,498
4495,498
4496,498
4497,498
4498,498
4499,498
4500,498
4501,498
4502,498
4503,498
4504,498
4505,498
4506,498
4507,498
4508,498
4509,498
4510,498
4511,498
4512,498
4513,498
4514,498
4515,498
4516,499
4517,499
4518,499
4519,499
4520,499
4521,499
4522,499
4523,499
4524,499
4525,499
4526,499
4527,499
4528,499
4529,499
4530,499
4531,499
4532,499
4533,499
4534,499
4535,499
4536,499
4537,499
4538,499
4539,499
4540,499
4541,499
4542,499
4543,499
4544,499
4545,499
4546,499
4547,499
4548,499
4549,499
4550,499
4551,499
4552,499
4553,499
4554,499
4555,499
4556,499
4557,499
4558,499
4559,499
4560,499
4561,499
4562,499
4563,499
4564,499
4565,499
4566,499
4567,499
4568,499
4569,499
4570,499
4571,499
4572,499
4573,499
4574,499
4575,499
4576,499
4577,499
4578,499
4579,499
4580,499
4581,499
4582,499
4583,499
4584,499
4585,499
4586,499
4587,499
4588,499
4589,499
4590,499
4591,499
4592,499
4593,499
4594,499
4595,499
4596,499
4597,499
4598,499
4599,499
4600,499
4601,499
4602,499
4603,499
4604,499
4605,499
4606,499
4607,499
4608,499
4609,499
4610,499
4611,499
4612,499
4613,499
4614,499
4615,499
4616,499
4617,499
4618,499
4619,499
4620,499
4621,499
4622,499
4623,499
4624,499
4625,499
4626,499
4627,499
4628,499
4629,499
4630,499
4631,499
4632,499
4633,499
4634,499
4635,499
4636,499
4637,499
4638,499
4639,499
4640,499
4641,499
4642,499
4643,499
4644,499
4645,499
4646,499
4647,499
4648,499
4649,499
4650,499
4651,499
4652,499
4653,499
4654,499
4655,499
4656,499
4657,499
4658,499
4659,499
4660,499
4661,499
4662,499
4663,499
4664,499
4665,499
4666,499
4667,499
4668,499
4669,499
4670,499
4671,499
4672,499
4673,499
4674,499
4675,499
4676,499
4677,499
4678,499
4679,499
4680,499
4681,499
4682,499
4683,499
4684,499
4685,499
4686,499
4687,499
4688,499
4689,499
4690,499
4691,499
4692,499
4693,499
4694,499
4695,499
4696,499
4697,499
4698,499
4699,499
4700,499
4701,499
4702,499
4703,499
4704,499
4705,499
4706,499
4707,499
4708,499
4709,499
4710,499
4711,499
4712,499
4713,499
4714,499
4715,499
4716,499
4717,499
4718,499
4719,499
4720,499
4721,499
4722,499
4723,499
4724,499
4725,499
4726,499
4727,499
4728,499
4729,499
4730,499
4731,499
4732,499
4733,499
4734,499
4735,499
4736,499
4737,499
4738,499
4739,499
4740,499
4741,499
4742,499
4743,499
4744,499
4745,499
4746,499
4747,499
4748,499
4749,499
4750,499
4751,499
4752,499
4753,499
4754,499
4755,499
4756,499
4757,499
4758,499
4759,499
4760,499
4761,499
4762,499
4763,499
4764,499
4765,499
4766,499
4767,499
4768,499
4769,499
4770,499
4771,499
4772,499
4773,499
4774,499
4775,499
4776,499
4777,499
4778,499
4779,499
4780,499
4781,499
4782,499
4783,499
4784,499
4785,499
4786,499
4787,499
4788,499
4789,499
4790,499
4791,499
4792,499
4793,499
4794,499
4795,499
4796,499
4797,499
4798,499
4799,499
4800,499
4801,499
4802,499
4803,499
4804,499
4805,499
4806,499
4807,499
4808,499
4809,499
4810,499
4811,499
4812,499
4813,499
4814,499
4815,499
4816,499
4817,499
4818,499
4819,499
4820,499
4821,499
4822,499
4823,499
4824,499
4825,499
4826,499
4827,499
4828,499
4829,499
4830,499
4831,499
4832,499
4833,499
4834,499
4835,499
4836,499
4837,499
4838,499
4839,499
4840,499
4841,499
4842,499
4843,499
4844,499
4845,499
4846,499
4847,499
4848,499
4849,499
4850,499
4851,499
4852,499
4853,499
4854,499
4855,499
4856,499
4857,499
4858,499
4859,499
4860,499
4861,499
4862,499
4863,499
4864,499
4865,499
4866,499
4867,499
4868,499
4869,499
4870,499
4871,499
4872,499
4873,499
4874,499
4875,499
4876,499
4877,499
4878,499
4879,499
4880,499
4881,499
4882,499
4883,499
4884,499
4885,499
4886,499
4887,499
4888,499
4889,499
4890,499
4891,499
4892,499
4893,499
4894,499
4895,499
4896,499
4897,499
4898,499
4899,499
4900,499
4901,499
4902,499
4903,499
4904,499
4905,499
4906,499
4907,499
4908,499
4909,499
4910,499
4911,499
4912,499
4913,499
4914,499
4915,499
4916,499
4917,499
4918,499
4919,499
4920,499
4921,499
4922,499
4923,499
4924,499
4925,499
4926,499
4927,499
4928,499
4929,499
4930,499
4931,499
4932,499
4933,499
4934,499
4935,499
4936,499
4937,499
4938,499
4939,499
4940,499
4941,499
4942,499
4943,499
4944,499
4945,499
4946,499
4947,499
4948,499
4949,499
4950,499
4951,499
4952,499
4953,499
4954,499
4955,499
4956,499
4957,499
4958,499
4959,499
4960,499
4961,499
4962,499
4963,499
4964,499
4965,499
4966,499
4967,499
4968,499
4969,499
4970,499
4971,499
4972,499
4973,499
4974,499
4975,499
4976,499
4977,499
4978,499
4979,499
4980,499
4981,499
4982,499
4983,499
4984,499
4985,499
4986,499
4987,499
4988,499
4989,499
4990,499
4991,499
4992,499
4993,499
4994,499
4995,499
4996,499
4997,499
4998,499
4999,499
5000,499
5001,499
5002,499
5003,499
5004,499
5005,499
5006,499
5007,499
5008,499
5009,499
5010,499
5011,499
5012,499
5013,499
5014,499
5015,499
5016,499
5017,499
5018,499
5019,499
5020,499
5021,499
5022,499
5023,499
5024,499
5025,499
5026,499
5027,499
5028,499
5029,499
5030,499
5031,499
5032,499
5033,499
5034,499
5035,499
5036,499
5037,499
5038,499
5039,499
5040,499
5041,499
5042,499
5043,499
5044,499
5045,499
5046,499
5047,499
5048,499
5049,499
5050,499
5051,499
5052,499
5053,499
5054,499
5055,499
5056,499
5057,499
5058,499
5059,499
5060,499
5061,499
5062,499
5063,499
5064,499
5065,499
5066,499
5067,499
5068,499
5069,499
5070,499
5071,499
5072,499
5073,499
5074,499
5075,499
5076,499
5077,499
5078,499
5079,499
5080,499
5081,499
5082,499
5083,499
5084,499
5085,499
5086,499
5087,499
5088,499
5089,499
5090,499
5091,499
5092,499
5093,499
5094,499
5095,499
5096,499
5097,499
5098,499
5099,499
5100,499
5101,499
5102,499
5103,499
5104,499
5105,499
5106,499
5107,499
5108,499
5109,499
5110,499
5111,499
5112,499
5113,499
5114,499
5115,499
5116,499
5117,499
5118,499
5119,499
5120,499
5121,499
5122,499
5123,499
5124,499
5125,499
5126,499
5127,499
5128,499
5129,499
5130,499
5131,499
5132,499
5133,499
5134,499
5135,499
5136,499
5137,499
5138,499
5139,499
5140,499
5141,499
5142,499
5143,499
5144,499
5145,499
5146,499
5147,499
5148,499
5149,499
5150,499
5151,499
5152,499
5153,499
5154,499
5155,499
5156,499
5157,499
5158,499
5159,499
5160,499
5161,499
5162,499
5163,499
5164,499
5165,499
5166,499
5167,499
5168,499
5169,499
5170,499
5171,499
5172,499
5173,499
5174,499
5175,499
5176,499
5177,499
5178,499
5179,499
5180,499
5181,499
5182,499
5183,499
5184,499
5185,499
5186,499
5187,499
5188,499
5189,499
5190,499
5191,499
5192,499
5193,499
5194,499
5195,499
5196,499
5197,499
5198,499
5199,499
5200,499
5201,499
5202,499
5203,499
5204,499
5205,499
5206,499
5207,499
5208,499
5209,499
5210,499
5211,499
5212,499
5213,499
5214,499
5215,499
5216,499
5217,499
5218,499
5219,499
5220,499
5221,499
5222,499
5223,499
5224,499
5225,499
5226,499
5227,499
5228,499
5229,499
5230,499
5231,499
5232,499
5233,499
5234,499
5235,499
5236,499
5237,499
5238,499
5239,499
5240,499
5241,499
5242,499
5243,499
5244,499
5245,499
5246,499
5247,499
5248,499
5249,499
5250,499
5251,499
5252,499
5253,499
5254,499
5255,499
5256,499
5257,499
5258,499
5259,499
5260,499
5261,499
5262,499
5263,499
5264,499
5265,499
5266,499
5267,499
5268,499
5269,499
5270,499
5271,499
5272,499
5273,499
5274,499
5275,499
5276,499
5277,499
5278,499
5279,499
5280,499
5281,499
5282,499
5283,499
5284,499
5285,499
5286,499
5287,499
5288,499
5289,499
5290,499
5291,499
5292,499
5293,499
5294,499
5295,499
5296,499
5297,499
5298,499
5299,499
5300,499
5301,499
5302,499
5303,499
5304,499
5305,499
5306,499
5307,499
5308,499
5309,499
5310,499
5311,499
5312,499
5313,499
5314,499
5315,499
5316,499
5317,499
5318,499
5319,499
5320,499
5321,499
5322,499
5323,499
5324,499
5325,499
5326,499
5327,499
5328,499
5329,499
5330,499
5331,499
5332,499
5333,499
5334,499
5335,499
5336,499
5337,499
5338,499
5339,499
5340,499
5341,499
5342,499
5343,499
5344,499
5345,499
5346,499
5347,499
5348,499
5349,499
5350,499
5351,499
5352,499
5353,499
5354,499
5355,499
5356,499
5357,499
5358,499
5359,499
5360,499
5361,499
5362,499
5363,499
5364,499
5365,499
5366,499
5367,499
5368,499
5369,499
5370,499
5371,499
5372,499
5373,499
5374,499
5375,499
5376,499
5377,499
5378,499
5379,499
5380,499
5381,499
5382,499
5383,499
5384,499
5385,499
5386,499
5387,499
5388,499
5389,499
5390,499
5391,499
5392,499
5393,499
5394,499
5395,499
5396,499
5397,499
5398,499
5399,499
5400,499
5401,499
5402,499
5403,499
5404,499
5405,499
5406,499
5407,499
5408,499
5409,499
5410,499
5411,499
5412,499
5413,499
5414,499
5415,499
5416,499
5417,499
5418,499
5419,499
5420,499
5421,499
5422,499
5423,499
5424,499
5425,499
5426,499
5427,499
5428,499
5429,499
5430,499
5431,499
5432,499
5433,499
5434,499
5435,499
5436,499
5437,499
5438,499
5439,499
5440,499
5441,499
5442,499
5443,499
5444,499
5445,499
5446,499
5447,499
5448,499
5449,499
5450,499
5451,499
5452,499
5453,499
5454,499
5455,499
5456,499
5457,499
5458,499
5459,499
5460,499
5461,499
5462,499
5463,499
5464,499
5465,499
5466,499
5467,499
5468,499
5469,499
5470,499
5471,499
5472,499
5473,499
5474,499
5475,499
5476,499
5477,499
5478,499
5479,499
5480,499
5481,499
5482,499
5483,499
5484,499
5485,499
5486,499
5487,499
5488,499
5489,499
5490,499
5491,499
5492,499
5493,499
5494,499
5495,499
5496,499
5497,499
5498,499
5499,499
5500,499
5501,499
5502,499
5503,499
5504,499
5505,499
5506,499
5507,499
5508,499
5509,499
5510,499
5511,499
5512,499
5513,499
5514,499
5515,499
5516,499
5517,499
5518,499
5519,499
5520,499
5521,499
5522,499
5523,499
5524,499
5525,499
5526,499
5527,499
5528,499
5529,499
5530,499
5531,499
5532,499
5533,499
5534,499
5535,499
5536,499
5537,499
5538,499
5539,499
5540,499
5541,499
5542,499
5543,499
5544,499
5545,499
5546,499
5547,499
5548,499
5549,499
5550,499
5551,499
5552,499
5553,499
5554,499
5555,499
5556,499
5557,499
5558,499
5559,499
5560,499
5561,499
5562,499
5563,499
5564,499
5565,499
5566,499
5567,499
5568,499
5569,499
5570,499
5571,499
5572,499
5573,499
5574,499
5575,499
5576,499
5577,499
5578,499
5579,499
5580,499
5581,499
5582,499
5583,499
5584,499
5585,499
5586,499
5587,499
5588,499
5589,499
5590,499
5591,499
5592,499
5593,499
5594,499
5595,499
5596,499
5597,499
5598,499
5599,499
5600,499
5601,499
5602,499
5603,499
5604,499
5605,499
5606,499
5607,499
5608,499
5609,499
5610,499
5611,499
5612,499
5613,499
5614,499
5615,499
5616,499
5617,499
5618,499
5619,499
5620,499
5621,499
5622,499
5623,499
5624,499
5625,499
5626,499
5627,499
5628,499
5629,499
5630,499
5631,499
5632,499
5633,499
5634,499
5635,499
5636,499
5637,499
5638,499
5639,499
5640,499
5641,499
5642,499
5643,499
5644,499
5645,499
5646,499
5647,499
5648,499
5649,499
5650,499
5651,499
5652,499
5653,499
5654,499
5655,499
5656,499
5657,499
5658,499
5659,499
5660,499
5661,499
5662,499
5663,499
5664,499
5665,499
5666,499
5667,499
5668,499
5669,499
5670,499
5671,499
5672,499
5673,499
5674,499
5675,499
5676,499
5677,499
5678,499
5679,499
5680,499
5681,499
5682,499
5683,499
5684,499
5685,499
5686,499
5687,499
5688,499
5689,499
5690,499
5691,499
5692,499
5693,499
5694,499
5695,499
5696,499
5697,499
5698,499
5699,499
5700,499
5701,499
5702,499
5703,499
5704,499
5705,499
5706,499
5707,499
5708,499
5709,499
5710,499
5711,499
5712,499
5713,499
5714,499
5715,499
5716,499
5717,499
5718,499
5719,499
5720,499
5721,499
5722,499
5723,499
5724,499
5725,499
5726,499
5727,499
5728,499
5729,499
5730,499
5731,499
5732,499
5733,499
5734,499
5735,499
5736,499
5737,499
5738,499
5739,499
5740,499
5741,499
5742,499
5743,499
5744,499
5745,499
5746,499
5747,499
5748,499
5749,499
5750,499
5751,499
5752,499
5753,499
5754,499
5755,499
5756,499
5757,499
5758,499
5759,499
5760,499
5761,499
5762,499
5763,499
5764,499
5765,499
5766,499
5767,499
5768,499
5769,499
5770,499
5771,499
5772,499
5773,499
5774,499
5775,499
5776,499
5777,499
5778,499
5779,499
5780,499
5781,499
5782,499
5783,499
5784,499
5785,499
5786,499
5787,499
5788,499
5789,499
5790,499
5791,499
5792,499
5793,499
5794,499
5795,499
5796,499
5797,499
5798,499
5799,499
5800,499
5801,499
5802,499
5803,499
5804,499
5805,499
5806,499
5807,499
5808,499
5809,499
5810,499
5811,499
5812,499
5813,499
5814,499
5815,499
5816,499
5817,499
5818,499
5819,499
5820,499
5821,499
5822,499
5823,499
5824,499
5825,499
5826,499
5827,499
5828,499
5829,499
5830,499
5831,499
5832,499
5833,499
5834,499
5835,499
5836,499
5837,499
5838,499
5839,499
5840,499
5841,499
5842,499
5843,499
5844,499
5845,499
5846,499
5847,499
5848,499
5849,499
5850,499
5851,499
5852,499
5853,499
5854,499
5855,499
5856,499
5857,499
5858,499
5859,499
5860,499
5861,499
5862,499
5863,499
5864,499
5865,499
5866,499
5867,499
5868,499
5869,499
5870,499
5871,499
5872,499
5873,499
5874,499
5875,499
5876,499
5877,499
5878,499
5879,499
5880,499
5881,499
5882,499
5883,499
5884,499
5885,499
5886,499
5887,499
5888,499
5889,499
5890,499
5891,499
5892,499
5893,499
5894,499
5895,499
5896,499
5897,499
5898,499
5899,499
5900,499
5901,499
5902,499
5903,499
5904,499
5905,499
5906,499
5907,499
5908,499
5909,499
5910,499
5911,499
5912,499
5913,499
5914,499
5915,499
5916,499
5917,499
5918,499
5919,499
5920,499
5921,499
5922,499
5923,499
5924,499
5925,499
5926,499
5927,499
5928,499
5929,499
5930,499
5931,499
5932,499
5933,499
5934,499
5935,499
5936,499
5937,499
5938,499
5939,499
5940,499
5941,499
5942,499
5943,499
5944,499
5945,499
5946,499
5947,499
5948,499
5949,499
5950,499
5951,499
5952,499
5953,499
5954,499
5955,499
5956,499
5957,499
5958,499
5959,499
5960,499
5961,499
5962,499
5963,499
5964,499
5965,499
5966,499
5967,499
5968,499
5969,499
5970,499
5971,499
5972,499
5973,499
5974,499
5975,499
5976,499
5977,499
5978,499
5979,499
5980,499
5981,499
5982,499
5983,499
5984,499
5985,499
5986,499
5987,499
5988,499
5989,499
5990,499
5991,499
5992,499
5993,499
5994,499
5995,499
5996,499
5997,499
5998,499
5999,499
6000,499
6001,499
6002,499
6003,499
6004,499
6005,499
6006,499
6007,499
6008,499
6009,499
6010,499
6011,499
6012,499
6013,499
6014,499
6015,499
6016,499
6017,499
6018,499
6019,499
6020,499
6021,499
6022,499
6023,499
6024,499
6025,499
6026,499
6027,499
6028,499
6029,499
6030,499
6031,499
6032,499
6033,499
6034,499
6035,499
6036,499
6037,499
6038,499
6039,499
6040,499
6041,499
6042,499
6043,499
6044,499
6045,499
6046,499
6047,499
6048,499
6049,499
6050,499
6051,499
6052,499
6053,499
6054,499
6055,499
6056,499
6057,499
6058,499
6059,499
6060,499
6061,499
6062,499
6063,499
6064,499
6065,499
6066,499
6067,499
6068,499
6069,499
6070,499
6071,499
6072,499
6073,499
6074,499
6075,499
6076,499
6077,499
6078,499
6079,499
6080,499
6081,499
6082,499
6083,499
6084,499
6085,499
6086,499
6087,499
6088,499
6089,499
6090,499
6091,499
6092,499
6093,499
6094,499
6095,499
6096,499
6097,499
6098,499
6099,499
6100,499
6101,499
6102,499
6103,499
6104,499
6105,499
6106,499
6107,499
6108,499
6109,499
6110,499
6111,499
6112,499
6113,499
6114,499
6115,499
6116,499
6117,499
6118,499
6119,499
6120,499
6121,499
6122,499
6123,499
6124,499
6125,499
6126,499
6127,499
6128,499
6129,499
6130,499
6131,499
6132,499
6133,499
6134,499
6135,499
6136,499
6137,499
6138,499
6139,499
6140,499
6141,499
6142,499
6143,499
6144,499
6145,499
6146,499
6147,499
6148,499
6149,499
6150,499
6151,499
6152,499
6153,499
6154,499
6155,499
6156,499
6157,499
6158,499
6159,499
6160,499
6161,499
6162,499
6163,499
6164,499
6165,499
6166,499
6167,499
6168,499
6169,499
6170,499
6171,499
6172,499
6173,499
6174,499
6175,499
6176,499
6177,499
6178,499
6179,499
6180,499
6181,499
6182,499
6183,499
6184,499
6185,499
6186,499
6187,499
6188,499
6189,499
6190,499
6191,499
6192,499
6193,499
6194,499
6195,499
6196,499
6197,499
6198,499
6199,499
6200,499
6201,499
6202,499
6203,499
6204,499
6205,499
6206,499
6207,499
6208,499
6209,499
6210,499
6211,499
6212,499
6213,499
6214,499
6215,499
6216,499
6217,499
6218,499
6219,499
6220,499
6221,499
6222,499
6223,499
6224,499
6225,499
6226,499
6227,499
6228,499
6229,499
6230,499
6231,499
6232,499
6233,499
6234,499
6235,499
6236,499
6237,499
6238,499
6239,499
6240,499
6241,499
6242,499
6243,499
6244,499
6245,499
6246,499
6247,499
6248,499
6249,499
6250,499
6251,499
6252,499
6253,499
6254,499
6255,499
6256,499
6257,499
6258,499
6259,499
6260,499
6261,499
6262,499
6263,499
6264,499
6265,499
6266,499
6267,499
6268,499
6269,499
6270,499
6271,499
6272,499
6273,499
6274,499
6275,499
6276,499
6277,499
6278,499
6279,499
6280,499
6281,499
6282,499
6283,499
6284,499
6285,499
6286,499
6287,499
6288,499
6289,499
6290,499
6291,499
6292,499
6293,499
6294,499
6295,499
6296,499
6297,499
6298,499
6299,499
6300,499
6301,499
6302,499
6303,499
6304,499
6305,499
6306,499
6307,499
6308,499
6309,499
6310,499
6311,499
6312,499
6313,499
6314,499
6315,499
6316,499
6317,499
6318,499
6319,499
6320,499
6321,499
6322,499
6323,499
6324,499
6325,499
6326,499
6327,499
6328,499
6329,499
6330,499
6331,499
6332,499
6333,499
6334,499
6335,499
6336,499
6337,499
6338,499
6339,499
6340,499
6341,499
6342,499
6343,499
6344,499
6345,499
6346,499
6347,499
6348,499
6349,499
6350,499
6351,499
6352,499
6353,499
6354,499
6355,499
6356,499
6357,499
6358,499
6359,499
6360,499
6361,499
6362,499
6363,499
6364,499
6365,499
6366,499
6367,499
6368,499
6369,499
6370,499
6371,499
6372,499
6373,499
6374,499
6375,499
6376,499
6377,499
6378,499
6379,499
6380,499
6381,499
6382,499
6383,499
6384,499
6385,499
6386,499
6387,499
6388,499
6389,499
6390,499
6391,499
6392,499
6393,499
6394,499
6395,499
6396,499
6397,499
6398,499
6399,499
6400,499
6401,499
6402,499
6403,499
6404,499
6405,499
6406,499
6407,499
6408,499
6409,499
6410,499
6411,499
6412,499
6413,499
6414,499
6415,499
6416,499
6417,499
6418,499
6419,499
6420,499
6421,499
6422,499
6423,499
6424,499
6425,499
6426,499
6427,499
6428,499
6429,499
6430,499
6431,499
6432,499
6433,499
6434,499
6435,499
6436,499
6437,499
6438,499
6439,499
6440,499
6441,499
6442,499
6443,499
6444,499
6445,499
6446,499
6447,499
6448,499
6449,499
6450,499
6451,499
6452,499
6453,499
6454,499
6455,499
6456,499
6457,499
6458,499
6459,499
6460,499
6461,499
6462,499
6463,499
6464,499
6465,499
6466,499
6467,499
6468,499
6469,499
6470,499
6471,499
6472,499
6473,499
6474,499
6475,499
6476,499
6477,499
6478,499
6479,499
6480,499
6481,499
6482,499
6483,499
6484,499
6485,499
6486,499
6487,499
6488,499
6489,499
6490,499
6491,499
6492,499
6493,499
6494,499
6495,499
6496,499
6497,499
6498,499
6499,499
6500,499
6501,499
6502,499
6503,499
6504,499
6505,499
6506,499
6507,499
6508,499
6509,499
6510,499
6511,499
6512,499
6513,499
6514,499
6515,499
6516,499
6517,499
6518,499
6519,499
6520,499
6521,499
6522,499
6523,499
6524,499
6525,499
6526,499
6527,499
6528,499
6529,499
6530,499
6531,499
6532,499
6533,499
6534,499
6535,499
6536,499
6537,499
6538,499
6539,499
6540,499
6541,499
6542,499
6543,499
6544,499
6545,499
6546,499
6547,499
6548,499
6549,499
6550,499
6551,499
6552,499
6553,499
6554,499
6555,499
6556,499
6557,499
6558,499
6559,499
6560,499
6561,499
6562,499
6563,499
6564,499
6565,499
6566,499
6567,499
6568,499
6569,499
6570,499
6571,499
6572,499
6573,499
6574,499
6575,499
6576,499
6577,499
6578,499
6579,499
6580,499
6581,499
6582,499
6583,499
6584,499
6585,499
6586,499
6587,499
6588,499
6589,499
6590,499
6591,499
6592,499
6593,499
6594,499
6595,499
6596,499
6597,499
6598,499
6599,499
6600,499
6601,499
6602,499
6603,499
6604,499
6605,499
6606,499
6607,499
6608,499
6609,499
6610,499
6611,499
6612,499
6613,499
6614,499
6615,499
6616,499
6617,499
6618,499
6619,499
6620,499
6621,499
6622,499
6623,499
6624,499
6625,499
6626,499
6627,499
6628,499
6629,499
6630,499
6631,499
6632,499
6633,499
6634,499
6635,499
6636,499
6637,499
6638,499
6639,499
6640,499
6641,499
6642,499
6643,499
6644,499
6645,499
6646,499
6647,499
6648,499
6649,499
6650,499
6651,499
6652,499
6653,499
6654,499
6655,499
6656,499
6657,499
6658,499
6659,499
6660,499
6661,499
6662,499
6663,499
6664,499
6665,499
6666,499
6667,499
6668,499
6669,499
6670,499
6671,499
6672,499
6673,499
6674,499
6675,499
6676,499
6677,499
6678,499
6679,499
6680,499
6681,499
6682,499
6683,499
6684,499
6685,499
6686,499
6687,499
6688,499
6689,499
6690,499
6691,499
6692,499
6693,499
6694,499
6695,499
6696,499
6697,499
6698,499
6699,499
6700,499
6701,499
6702,499
6703,499
6704,499
6705,499
6706,499
6707,499
6708,499
6709,499
6710,499
6711,499
6712,499
6713,499
6714,499
6715,499
6716,499
6717,499
6718,499
6719,499
6720,499
6721,499
6722,499
6723,499
6724,499
6725,499
6726,499
6727,499
6728,499
6729,499
6730,499
6731,499
6732,499
6733,499
6734,499
6735,499
6736,499
6737,499
6738,499
6739,499
6740,499
6741,499
6742,499
6743,499
6744,499
6745,499
6746,499
6747,499
6748,499
6749,499
6750,499
6751,499
6752,499
6753,499
6754,499
6755,499
6756,499
6757,499
6758,499
6759,499
6760,499
6761,499
6762,499
6763,499
6764,499
6765,499
6766,499
6767,499
6768,499
6769,499
6770,499
6771,499
6772,499
6773,499
6774,499
6775,499
6776,499
6777,499
6778,499
6779,499
6780,499
6781,499
6782,499
6783,499
6784,499
6785,499
6786,499
6787,499
6788,499
6789,499
6790,499
6791,499
6792,499
6793,499
6794,499
6795,499
6796,499
6797,499
6798,499
6799,499
6800,499
6801,499
6802,499
6803,499
6804,499
6805,499
6806,499
6807,499
6808,499
6809,499
6810,499
6811,499
6812,499
6813,499
6814,499
6815,499
6816,499
6817,499
6818,499
6819,499
6820,499
6821,499
6822,499
6823,499
6824,499
6825,499
6826,499
6827,499
6828,499
6829,499
6830,499
6831,499
6832,499
6833,499
6834,499
6835,499
6836,499
6837,499
6838,499
6839,499
6840,499
6841,499
6842,499
6843,499
6844,499
6845,499
6846,499
6847,499
6848,499
6849,499
6850,499
6851,499
6852,499
6853,499
6854,499
6855,499
6856,499
6857,499
6858,499
6859,499
6860,499
6861,499
6862,499
6863,499
6864,499
6865,499
6866,499
6867,499
6868,499
6869,499
6870,499
6871,499
6872,499
6873,499
6874,499
6875,499
6876,499
6877,499
6878,499
6879,499
6880,499
6881,499
6882,499
6883,499
6884,499
6885,499
6886,499
6887,499
6888,499
6889,499
6890,499
6891,499
6892,499
6893,499
6894,499
6895,499
6896,499
6897,499
6898,499
6899,499
6900,499
6901,499
6902,499
6903,499
6904,499
6905,499
6906,499
6907,499
6908,499
6909,499
6910,499
6911,499
6912,499
6913,499
6914,499
6915,499
6916,499
6917,499
6918,499
6919,499
6920,499
6921,499
6922,499
6923,499
6924,499
6925,499
6926,499
6927,499
6928,499
6929,499
6930,499
6931,499
6932,499
6933,499
6934,499
6935,499
6936,499
6937,499
6938,499
6939,499
6940,499
6941,499
6942,499
6943,499
6944,499
6945,499
6946,499
6947,499
6948,499
6949,499
6950,499
6951,499
6952,499
6953,499
6954,499
6955,499
6956,499
6957,499
6958,499
6959,499
6960,499
6961,499
6962,499
6963,499
6964,499
6965,499
6966,499
6967,499
6968,499
6969,499
6970,499
6971,499
6972,499
6973,499
6974,499
6975,499
6976,499
6977,499
6978,499
6979,499
6980,499
6981,499
6982,499
6983,499
6984,499
6985,499
6986,499
6987,499
6988,499
6989,499
6990,499
6991,499
6992,499
6993,499
6994,499
6995,499
6996,499
6997,499
6998,499
6999,499
7000,499
7001,499
7002,499
7003,499
7004,499
7005,499
7006,499
7007,499
7008,499
7009,499
7010,499
7011,499
7012,499
7013,499
7014,499
7015,499
7016,499
7017,499
7018,499
7019,499
7020,499
7021,499
7022,499
7023,499
7024,499
7025,499
7026,499
7027,499
7028,499
7029,499
7030,499
7031,499
7032,499
7033,499
7034,499
7035,499
7036,499
7037,499
7038,499
7039,499
7040,499
7041,499
7042,499
7043,499
7044,499
7045,499
7046,499
7047,499
7048,499
7049,499
7050,499
7051,499
7052,499
7053,499
7054,499
7055,499
7056,499
7057,499
7058,499
7059,499
7060,499
7061,499
7062,499
7063,499
7064,499
7065,499
7066,499
7067,499
7068,499
7069,499
7070,499
7071,499
7072,499
7073,499
7074,499
7075,499
7076,499
7077,499
7078,499
7079,499
7080,499
7081,499
7082,499
7083,499
7084,499
7085,499
7086,499
7087,499
7088,499
7089,499
7090,499
7091,499
7092,499
7093,499
7094,499
7095,499
7096,499
7097,499
7098,499
7099,499
7100,499
7101,499
7102,499
7103,499
7104,499
7105,499
7106,499
7107,499
7108,499
7109,499
7110,499
7111,499
7112,499
7113,499
7114,499
7115,499
7116,499
7117,499
7118,499
7119,499
7120,499
7121,499
7122,499
7123,499
7124,499
7125,499
7126,499
7127,499
7128,499
7129,499
7130,499
7131,499
7132,499
7133,499
7134,499
7135,499
7136,499
7137,499
7138,499
7139,499
7140,499
7141,499
7142,499
7143,499
7144,499
7145,499
7146,499
7147,499
7148,499
7149,499
7150,499
7151,499
7152,499
7153,499
7154,499
7155,499
7156,499
7157,499
7158,499
7159,499
7160,499
7161,499
7162,499
7163,499
7164,499
7165,499
7166,499
7167,499
7168,499
7169,499
7170,499
7171,499
7172,499
7173,499
7174,499
7175,499
7176,499
7177,499
7178,499
7179,499
7180,499
7181,499
7182,499
7183,499
7184,499
7185,499
7186,499
7187,499
7188,499
7189,499
7190,499
7191,499
7192,499
7193,499
7194,499
7195,499
7196,499
7197,499
7198,499
7199,499
7200,499
7201,499
7202,499
7203,499
7204,499
7205,499
7206,499
7207,499
7208,499
7209,499
7210,499
7211,499
7212,499
7213,499
7214,499
7215,499
7216,499
7217,499
7218,499
7219,499
7220,499
7221,499
7222,499
7223,499
7224,499
7225,499
7226,499
7227,499
7228,499
7229,499
7230,499
7231,499
7232,499
7233,499
7234,499
7235,499
7236,499
7237,499
7238,499
7239,499
7240,499
7241,499
7242,499
7243,499
7244,499
7245,499
7246,499
7247,499
7248,499
7249,499
7250,499
7251,499
7252,499
7253,499
7254,499
7255,499
7256,499
7257,499
7258,499
7259,499
7260,499
7261,499
7262,499
7263,499
7264,499
7265,499
7266,499
7267,499
7268,499
7269,499
7270,499
7271,499
7272,499
7273,499
7274,499
7275,499
7276,499
7277,499
7278,499
7279,499
7280,499
7281,499
7282,499
7283,499
7284,499
7285,499
7286,499
7287,499
7288,499
7289,499
7290,499
7291,499
7292,499
7293,499
7294,499
7295,499
7296,499
7297,499
7298,499
7299,499
7300,499
7301,499
7302,499
7303,499
7304,499
7305,499
7306,499
7307,499
7308,499
7309,499
7310,499
7311,499
7312,499
7313,499
7314,499
7315,499
7316,499
7317,499
7318,499
7319,499
7320,499
7321,499
7322,499
7323,499
7324,499
7325,499
7326,499
7327,499
7328,499
7329,499
7330,499
7331,499
7332,499
7333,499
7334,499
7335,499
7336,499
7337,499
7338,499
7339,499
7340,499
7341,499
7342,499
7343,499
7344,499
7345,499
7346,499
7347,499
7348,499
7349,499
7350,499
7351,499
7352,499
7353,499
7354,499
7355,499
7356,499
7357,499
7358,499
7359,499
7360,499
7361,499
7362,499
7363,499
7364,499
7365,499
7366,499
7367,499
7368,499
7369,499
7370,499
7371,499
7372,499
7373,499
7374,499
7375,499
7376,499
7377,499
7378,499
7379,499
7380,499
7381,499
7382,499
7383,499
7384,499
7385,499
7386,499
7387,499
7388,499
7389,499
7390,499
7391,499
7392,499
7393,499
7394,499
7395,499
7396,499
7397,499
7398,499
7399,499
7400,499
7401,499
7402,499
7403,499
7404,499
7405,499
7406,499
7407,499
7408,499
7409,499
7410,499
7411,499
7412,499
7413,499
7414,499
7415,499
7416,499
7417,499
7418,499
7419,499
7420,499
7421,499
7422,499
7423,499
7424,499
7425,499
7426,499
7427,499
7428,499
7429,499
7430,499
7431,499
7432,499
7433,499
7434,499
7435,499
7436,499
7437,499
7438,499
7439,499
7440,499
7441,499
7442,499
7443,499
7444,499
7445,499
7446,499
7447,499
7448,499
7449,499
7450,499
7451,499
7452,499
7453,499
7454,499
7455,499
7456,499
7457,499
7458,499
7459,499
7460,499
7461,499
7462,499
7463,499
7464,499
7465,499
7466,499
7467,499
7468,499
7469,499
7470,499
7471,499
7472,499
7473,499
7474,499
7475,499
7476,499
7477,499
7478,499
7479,499
7480,499
7481,499
7482,499
7483,499
7484,499
7485,499
7486,499
7487,499
7488,499
7489,499
7490,499
7491,499
7492,499
7493,499
7494,499
7495,499
7496,499
7497,499
7498,499
7499,499
7500,499
7501,499
7502,499
7503,499
7504,499
7505,499
7506,499
7507,499
7508,499
7509,499
7510,499
7511,499
7512,499
7513,499
7514,499
7515,499
7516,499
7517,499
7518,499
7519,499
7520,499
7521,499
7522,499
7523,499
7524,499
7525,499
7526,499
7527,499
7528,499
7529,499
7530,499
7531,499
7532,499
7533,499
7534,499
7535,499
7536,499
7537,499
7538,499
7539,499
7540,499
7541,499
7542,499
7543,499
7544,499
7545,499
7546,499
7547,499
7548,499
7549,499
7550,499
7551,499
7552,499
7553,499
7554,499
7555,499
7556,499
7557,499
7558,499
7559,499
7560,499
7561,499
7562,499
7563,499
7564,499
7565,499
7566,499
7567,499
7568,499
7569,499
7570,499
7571,499
7572,499
7573,499
7574,499
7575,499
7576,499
7577,499
7578,499
7579,499
7580,499
7581,499
7582,499
7583,499
7584,499
7585,499
7586,499
7587,499
7588,499
7589,499
7590,499
7591,499
7592,499
7593,499
7594,499
7595,499
7596,499
7597,499
7598,499
7599,499
7600,499
7601,499
7602,499
7603,499
7604,499
7605,499
7606,499
7607,499
7608,499
7609,499
7610,499
7611,499
7612,499
7613,499
7614,499
7615,499
7616,499
7617,499
7618,499
7619,499
7620,499
7621,499
7622,499
7623,499
7624,499
7625,499
7626,499
7627,499
7628,499
7629,499
7630,499
7631,499
7632,499
7633,499
7634,499
7635,499
7636,499
7637,499
7638,499
7639,499
7640,499
7641,499
7642,499
7643,499
7644,499
7645,499
7646,499
7647,499
7648,499
7649,499
7650,499
7651,499
7652,499
7653,499
7654,499
7655,499
7656,499
7657,499
7658,499
7659,499
7660,499
7661,499
7662,499
7663,499
7664,499
7665,499
7666,499
7667,499
7668,499
7669,499
7670,499
7671,499
7672,499
7673,499
7674,499
7675,499
7676,499
7677,499
7678,499
7679,499
7680,499
7681,499
7682,499
7683,499
7684,499
7685,499
7686,499
7687,499
7688,499
7689,499
7690,499
7691,499
7692,499
7693,499
7694,499
7695,499
7696,499
7697,499
7698,499
7699,499
7700,499
7701,499
7702,499
7703,499
7704,499
7705,499
7706,499
7707,499
7708,499
7709,499
7710,499
7711,499
7712,499
7713,499
7714,499
7715,499
7716,499
7717,499
7718,499
7719,499
7720,499
7721,499
7722,499
7723,499
7724,499
7725,499
7726,499
7727,499
7728,499
7729,499
7730,499
7731,499
7732,499
7733,499
7734,499
7735,499
7736,499
7737,499
7738,499
7739,499
7740,499
7741,499
7742,499
7743,499
7744,499
7745,499
7746,499
7747,499
7748,499
7749,499
7750,499
7751,499
7752,499
7753,499
7754,499
7755,499
7756,499
7757,499
7758,499
7759,499
7760,499
7761,499
7762,499
7763,499
7764,499
7765,499
7766,499
7767,499
7768,499
7769,499
7770,499
7771,499
7772,499
7773,499
7774,499
7775,499
7776,499
7777,499
7778,499
7779,499
7780,499
7781,499
7782,499
7783,499
7784,499
7785,499
7786,499
7787,499
7788,499
7789,499
7790,499
7791,499
7792,499
7793,499
7794,499
7795,499
7796,499
7797,499
7798,499
7799,499
7800,499
7801,499
7802,499
7803,499
7804,499
7805,499
7806,499
7807,499
7808,499
7809,499
7810,499
7811,499
7812,499
7813,499
7814,499
7815,499
7816,499
7817,499
7818,499
7819,499
7820,499
7821,499
7822,499
7823,499
7824,499
7825,499
7826,499
7827,499
7828,499
7829,499
7830,499
7831,499
7832,499
7833,499
7834,499
7835,499
7836,499
7837,499
7838,499
7839,499
7840,499
7841,499
7842,499
7843,499
7844,499
7845,499
7846,499
7847,499
7848,499
7849,499
7850,499
7851,499
7852,499
7853,499
7854,499
7855,499
7856,499
7857,499
7858,499
7859,499
7860,499
7861,499
7862,499
7863,499
7864,499
7865,499
7866,499
7867,499
7868,499
7869,499
7870,499
7871,499
7872,499
7873,499
7874,499
7875,499
7876,499
7877,499
7878,499
7879,499
7880,499
7881,499
7882,499
7883,499
7884,499
7885,499
7886,499
7887,499
7888,499
7889,499
7890,499
7891,499
7892,499
7893,499
7894,499
7895,499
7896,499
7897,499
7898,499
7899,499
7900,499
7901,499
7902,499
7903,499
7904,499
7905,499
7906,499
7907,499
7908,499
7909,499
7910,499
7911,499
7912,499
7913,499
7914,499
7915,499
7916,499
7917,499
7918,499
7919,499
7920,499
7921,499
7922,499
7923,499
7924,499
7925,499
7926,499
7927,499
7928,499
7929,499
7930,499
7931,499
7932,499
7933,499
7934,499
7935,499
7936,499
7937,499
7938,499
7939,499
7940,499
7941,499
7942,499
7943,499
7944,499
7945,499
7946,499
7947,499
7948,499
7949,499
7950,499
7951,499
7952,499
7953,499
7954,499
7955,499
7956,499
7957,499
7958,499
7959,499
7960,499
7961,499
7962,499
7963,499
7964,499
7965,499
7966,499
7967,499
7968,499
7969,499
7970,499
7971,499
7972,499
7973,499
7974,499
7975,499
7976,499
7977,499
7978,499
7979,499
7980,499
7981,499
7982,499
7983,499
7984,499
7985,499
7986,499
7987,499
7988,499
7989,499
7990,499
7991,499
7992,499
7993,499
7994,499
7995,499
7996,499
7997,499
7998,499
7999,499
8000,499
8001,499
8002,499
8003,499
8004,499
8005,499
8006,499
8007,499
8008,499
8009,499
8010,499
8011,499
8012,499
8013,499
8014,499
8015,499
8016,499
8017,499
8018,499
8019,499
8020,499
8021,499
8022,499
8023,499
8024,499
8025,499
8026,499
8027,499
8028,499
8029,499
8030,499
8031,499
8032,499
8033,499
8034,499
8035,499
8036,499
8037,499
8038,499
8039,499
8040,499
8041,499
8042,499
8043,499
8044,499
8045,499
8046,499
8047,499
8048,499
8049,499
8050,499
8051,499
8052,499
8053,499
8054,499
8055,499
8056,499
8057,499
8058,499
8059,499
8060,499
8061,499
8062,499
8063,499
8064,499
8065,499
8066,499
8067,499
8068,499
8069,499
8070,499
8071,499
8072,499
8073,499
8074,499
8075,499
8076,499
8077,499
8078,499
8079,499
8080,499
8081,499
8082,499
8083,499
8084,499
8085,499
8086,499
8087,499
8088,499
8089,499
8090,499
8091,499
8092,499
8093,499
8094,499
8095,499
8096,499
8097,499
8098,499
8099,499
8100,499
8101,499
8102,499
8103,499
8104,499
8105,499
8106,499
8107,499
8108,499
8109,499
8110,499
8111,499
8112,499
8113,499
8114,499
8115,499
8116,499
8117,499
8118,499
8119,499
8120,499
8121,499
8122,499
8123,499
8124,499
8125,499
8126,499
8127,499
8128,499
8129,499
8130,499
8131,499
8132,499
8133,499
8134,499
8135,499
8136,499
8137,499
8138,499
8139,499
8140,499
8141,499
8142,499
8143,499
8144,499
8145,499
8146,499
8147,499
8148,499
8149,499
8150,499
8151,499
8152,499
8153,499
8154,499
8155,499
8156,499
8157,499
8158,499
8159,499
8160,499
8161,499
8162,499
8163,499
8164,499
8165,499
8166,499
8167,499
8168,499
8169,499
8170,499
8171,499
8172,499
8173,499
8174,499
8175,499
8176,499
8177,499
8178,499
8179,499
8180,499
8181,499
8182,499
8183,499
8184,499
8185,499
8186,499
8187,499
8188,499
8189,499
8190,499
8191,499
8192,499
8193,499
8194,499
8195,499
8196,499
8197,499
8198,499
8199,499
8200,499
8201,499
8202,499
8203,499
8204,499
8205,499
8206,499
8207,499
8208,499
8209,499
8210,499
8211,499
8212,499
8213,499
8214,499
8215,499
8216,499
8217,499
8218,499
8219,499
8220,499
8221,499
8222,499
8223,499
8224,499
8225,499
8226,499
8227,499
8228,499
8229,499
8230,499
8231,499
8232,499
8233,499
8234,499
8235,499
8236,499
8237,499
8238,499
8239,499
8240,499
8241,499
8242,499
8243,499
8244,499
8245,499
8246,499
8247,499
8248,499
8249,499
8250,499
8251,499
8252,499
8253,499
8254,499
8255,499
8256,499
8257,499
8258,499
8259,499
8260,499
8261,499
8262,499
8263,499
8264,499
8265,499
8266,499
8267,499
8268,499
8269,499
8270,499
8271,499
8272,499
8273,499
8274,499
8275,499
8276,499
8277,499
8278,499
8279,499
8280,499
8281,499
8282,499
8283,499
8284,499
8285,499
8286,499
8287,499
8288,499
8289,499
8290,499
8291,499
8292,499
8293,499
8294,499
8295,499
8296,499
8297,499
8298,499
8299,499
8300,499
8301,499
8302,499
8303,499
8304,499
8305,499
8306,499
8307,499
8308,499
8309,499
8310,499
8311,499
8312,499
8313,499
8314,499
8315,499
8316,499
8317,499
8318,499
8319,499
8320,499
8321,499
8322,499
8323,499
8324,499
8325,499
8326,499
8327,499
8328,499
8329,499
8330,499
8331,499
8332,499
8333,499
8334,499
8335,499
8336,499
8337,499
8338,499
8339,499
8340,499
8341,499
8342,499
8343,499
8344,499
8345,499
8346,499
8347,499
8348,499
8349,499
8350,499
8351,499
8352,499
8353,499
8354,499
8355,499
8356,499
8357,499
8358,499
8359,499
8360,499
8361,499
8362,499
8363,499
8364,499
8365,499
8366,499
8367,499
8368,499
8369,499
8370,499
8371,499
8372,499
8373,499
8374,499
8375,499
8376,499
8377,499
8378,499
8379,499
8380,499
8381,499
8382,499
8383,499
8384,499
8385,499
8386,499
8387,499
8388,499
8389,499
8390,499
8391,499
8392,499
8393,499
8394,499
8395,499
8396,499
8397,499
8398,499
8399,499
8400,499
8401,499
8402,499
8403,499
8404,499
8405,499
8406,499
8407,499
8408,499
8409,499
8410,499
8411,499
8412,499
8413,499
8414,499
8415,499
8416,499
8417,499
8418,499
8419,499
8420,499
8421,499
8422,499
8423,499
8424,499
8425,499
8426,499
8427,499
8428,499
8429,499
8430,499
8431,499
8432,499
8433,499
8434,499
8435,499
8436,499
8437,499
8438,499
8439,499
8440,499
8441,499
8442,499
8443,499
8444,499
8445,499
8446,499
8447,499
8448,499
8449,499
8450,499
8451,499
8452,499
8453,499
8454,499
8455,499
8456,499
8457,499
8458,499
8459,499
8460,499
8461,499
8462,499
8463,499
8464,499
8465,499
8466,499
8467,499
8468,499
8469,499
8470,499
8471,499
8472,499
8473,499
8474,499
8475,499
8476,499
8477,499
8478,499
8479,499
8480,499
8481,499
8482,499
8483,499
8484,499
8485,499
8486,499
8487,499
8488,499
8489,499
8490,499
8491,499
8492,499
8493,499
8494,499
8495,499
8496,499
8497,499
8498,499
8499,499
8500,499
8501,499
8502,499
8503,499
8504,499
8505,499
8506,499
8507,499
8508,499
8509,499
8510,499
8511,499
8512,499
8513,499
8514,499
8515,499
8516,499
8517,499
8518,499
8519,499
8520,499
8521,499
8522,499
8523,499
8524,499
8525,499
8526,499
8527,499
8528,499
8529,499
8530,499
8531,499
8532,499
8533,499
8534,499
8535,499
8536,499
8537,499
8538,499
8539,499
8540,499
8541,499
8542,499
8543,499
8544,499
8545,499
8546,499
8547,499
8548,499
8549,499
8550,499
8551,499
8552,499
8553,499
8554,499
8555,499
8556,499
8557,499
8558,499
8559,499
8560,499
8561,499
8562,499
8563,499
8564,499
8565,499
8566,499
8567,499
8568,499
8569,499
8570,499
8571,499
8572,499
8573,499
8574,499
8575,499
8576,499
8577,499
8578,499
8579,499
8580,499
8581,499
8582,499
8583,499
8584,499
8585,499
8586,499
8587,499
8588,499
8589,499
8590,499
8591,499
8592,499
8593,499
8594,499
8595,499
8596,499
8597,499
8598,499
8599,499
8600,499
8601,499
8602,499
8603,499
8604,499
8605,499
8606,499
8607,499
8608,499
8609,499
8610,499
8611,499
8612,499
8613,499
8614,499
8615,499
8616,499
8617,499
8618,499
8619,499
8620,499
8621,499
8622,499
8623,499
8624,499
8625,499
8626,499
8627,499
8628,499
8629,499
8630,499
8631,499
8632,499
8633,499
8634,499
8635,499
8636,499
8637,499
8638,499
8639,499
8640,499
8641,499
8642,499
8643,499
8644,499
8645,499
8646,499
8647,499
8648,499
8649,499
8650,499
8651,499
8652,499
8653,499
8654,499
8655,499
8656,499
8657,499
8658,499
8659,499
8660,499
8661,499
8662,499
8663,499
8664,499
8665,499
8666,499
8667,499
8668,499
8669,499
8670,499
8671,499
8672,499
8673,499
8674,499
8675,499
8676,499
8677,499
8678,499
8679,499
8680,499
8681,499
8682,499
8683,499
8684,499
8685,499
8686,499
8687,499
8688,499
8689,499
8690,499
8691,499
8692,499
8693,499
8694,499
8695,499
8696,499
8697,499
8698,499
8699,499
8700,499
8701,499
8702,499
8703,499
8704,499
8705,499
8706,499
8707,499
8708,499
8709,499
8710,499
8711,499
8712,499
8713,499
8714,499
8715,499
8716,499
8717,499
8718,499
8719,499
8720,499
8721,499
8722,499
8723,499
8724,499
8725,499
8726,499
8727,499
8728,499
8729,499
8730,499
8731,499
8732,499
8733,499
8734,499
8735,499
8736,499
8737,499
8738,499
8739,499
8740,499
8741,499
8742,499
8743,499
8744,499
8745,499
8746,499
8747,499
8748,499
8749,499
8750,499
8751,499
8752,499
8753,499
8754,499
8755,499
8756,499
8757,499
8758,499
8759,499
8760,499
8761,499
8762,499
8763,499
8764,499
8765,499
8766,499
8767,499
8768,499
8769,499
8770,499
8771,499
8772,499
8773,499
8774,499
8775,499
8776,499
8777,499
8778,499
8779,499
8780,499
8781,499
8782,499
8783,499
8784,499
8785,499
8786,499
8787,499
8788,499
8789,499
8790,499
8791,499
8792,499
8793,499
8794,499
8795,499
8796,499
8797,499
8798,499
8799,499
8800,499
8801,499
8802,499
8803,499
8804,499
8805,499
8806,499
8807,499
8808,499
8809,499
8810,499
8811,499
8812,499
8813,499
8814,499
8815,499
8816,499
8817,499
8818,499
8819,499
8820,499
8821,499
8822,499
8823,499
8824,499
8825,499
8826,499
8827,499
8828,499
8829,499
8830,499
8831,499
8832,499
8833,499
8834,499
8835,499
8836,499
8837,499
8838,499
8839,499
8840,499
8841,499
8842,499
8843,499
8844,499
8845,499
8846,499
8847,499
8848,499
8849,499
8850,499
8851,499
8852,499
8853,499
8854,499
8855,499
8856,499
8857,499
8858,499
8859,499
8860,499
8861,499
8862,499
8863,499
8864,499
8865,499
8866,499
8867,499
8868,499
8869,499
8870,499
8871,499
8872,499
8873,499
8874,499
8875,499
8876,499
8877,499
8878,499
8879,499
8880,499
8881,499
8882,499
8883,499
8884,499
8885,499
8886,499
8887,499
8888,499
8889,499
8890,499
8891,499
8892,499
8893,499
8894,499
8895,499
8896,499
8897,499
8898,499
8899,499
8900,499
8901,499
8902,499
8903,499
8904,499
8905,499
8906,499
8907,499
8908,499
8909,499
8910,499
8911,499
8912,499
8913,499
8914,499
8915,499
8916,499
8917,499
8918,499
8919,499
8920,499
8921,499
8922,499
8923,499
8924,499
8925,499
8926,499
8927,499
8928,499
8929,499
8930,499
8931,499
8932,499
8933,499
8934,499
8935,499
8936,499
8937,499
8938,499
8939,499
8940,499
8941,499
8942,499
8943,499
8944,499
8945,499
8946,499
8947,499
8948,499
8949,499
8950,499
8951,499
8952,499
8953,499
8954,499
8955,499
8956,499
8957,499
8958,499
8959,499
8960,499
8961,499
8962,499
8963,499
8964,499
8965,499
8966,499
8967,499
8968,499
8969,499
8970,499
8971,499
8972,499
8973,499
8974,499
8975,499
8976,499
8977,499
8978,499
8979,499
8980,499
8981,499
8982,499
8983,499
8984,499
8985,499
8986,499
8987,499
8988,499
8989,499
8990,499
8991,499
8992,499
8993,499
8994,499
8995,499
8996,499
8997,499
8998,499
8999,499
9000,499
9001,499
9002,499
9003,499
9004,499
9005,499
9006,499
9007,499
9008,499
9009,499
9010,499
9011,499
9012,499
9013,499
9014,499
9015,499
9016,499
9017,499
9018,499
9019,499
9020,499
9021,499
9022,499
9023,499
9024,499
9025,499
9026,499
9027,499
9028,499
9029,499
9030,499
9031,499
9032,499
9033,499
9034,499
9035,499
9036,499
9037,499
9038,499
9039,499
9040,499
9041,499
9042,499
9043,499
9044,499
9045,499
9046,499
9047,499
9048,499
9049,499
9050,499
9051,499
9052,499
9053,499
9054,499
9055,499
9056,499
9057,499
9058,499
9059,499
9060,499
9061,499
9062,499
9063,499
9064,499
9065,499
9066,499
9067,499
9068,499
9069,499
9070,499
9071,499
9072,499
9073,499
9074,499
9075,500
