0,0
1,1
2,3
3,5
4,6
5,8
6,8
7,9
8,10
9,10
10,11
11,11
12,13
13,14
14,15
15,15
16,16
17,17
18,18
19,19
20,20
21,21
22,21
23,23
24,23
25,25
26,25
27,26
28,27
29,27
30,28
31,30
32,30
33,30
34,32
35,33
36,34
37,34
38,35
39,35
40,36
41,37
42,38
43,39
44,41
45,43
46,44
47,45
48,46
49,46
50,47
51,47
52,47
53,47
54,48
55,49
56,49
57,50
58,52
59,53
60,53
61,54
62,54
63,56
64,57
65,58
66,59
67,60
68,61
69,62
70,64
71,65
72,66
73,68
74,69
75,70
76,70
77,71
78,72
79,74
80,75
81,75
82,75
83,75
84,75
85,75
86,75
87,75
88,75
89,75
90,76
91,76
92,77
93,78
94,79
95,80
96,80
97,80
98,81
99,81
100,81
101,82
102,82
103,82
104,82
105,83
106,83
107,83
108,83
109,83
110,83
111,83
112,84
113,84
114,84
115,84
116,85
117,85
118,85
119,85
120,85
121,85
122,85
123,85
124,86
125,86
126,86
127,86
128,86
129,86
130,86
131,87
132,87
133,87
134,87
135,87
136,87
137,87
138,87
139,87
140,89
141,90
142,91
143,91
144,91
145,92
146,92
147,92
148,92
149,93
150,93
151,93
152,93
153,94
154,95
155,95
156,95
157,95
158,95
159,95
160,95
161,95
162,95
163,95
164,95
165,96
166,96
167,96
168,96
169,96
170,96
171,96
172,96
173,97
174,97
175,97
176,97
177,97
178,97
179,97
180,97
181,97
182,97
183,97
184,97
185,97
186,97
187,97
188,97
189,97
190,97
191,97
192,97
193,97
194,97
195,97
196,97
197,97
198,97
199,97
200,97
201,97
202,97
203,97
204,97
205,97
206,97
207,97
208,97
209,97
210,97
211,97
212,97
213,97
214,97
215,97
216,97
217,97
218,97
219,97
220,97
221,97
222,98
223,98
224,98
225,98
226,98
227,98
228,98
229,98
230,98
231,98
232,98
233,98
234,98
235,98
236,98
237,98
238,98
239,98
240,98
241,98
242,98
243,98
244,98
245,98
246,98
247,98
248,98
249,98
250,98
251,98
252,98
253,98
254,98
255,98
256,98
257,98
258,98
259,98
260,98
261,98
262,99
263,99
264,99
265,99
266,99
267,99
268,99
269,99
270,99
271,99
272,99
273,99
274,99
275,99
276,99
277,99
278,99
279,99
280,99
281,99
282,99
283,99
284,99
285,99
286,99
287,99
288,99
289,99
290,99
291,99
292,99
293,99
294,99
295,99
296,99
297,99
298,99
299,99
300,99
301,99
302,99
303,99
304,99
305,99
306,99
307,99
308,99
309,99
310,99
311,99
312,99
313,99
314,99
315,99
316,99
317,99
318,99
319,99
320,99
321,99
322,99
323,99
324,99
325,99
326,99
327,99
328,99
329,99
330,99
331,99
332,99
333,99
334,99
335,99
336,99
337,99
338,99
339,99
340,99
341,99
342,99
343,99
344,99
345,99
346,99
347,99
348,99
349,99
350,99
351,99
352,99
353,99
354,99
355,99
356,99
357,99
358,99
359,99
360,99
361,99
362,99
363,99
364,99
365,99
366,99
367,99
368,99
369,99
370,99
371,99
372,99
373,99
374,99
375,99
376,99
377,99
378,99
379,99
380,99
381,99
382,99
383,99
384,99
385,99
386,99
387,99
388,99
389,99
390,99
391,99
392,99
393,99
394,99
395,99
396,99
397,99
398,99
399,99
400,99
401,99
402,99
403,99
404,99
405,99
406,99
407,99
408,99
409,99
410,99
411,99
412,99
413,99
414,99
415,99
416,99
417,99
418,99
419,99
420,99
421,99
422,99
423,99
424,99
425,99
426,99
427,99
428,99
429,99
430,99
431,99
432,99
433,99
434,99
435,99
436,99
437,99
438,99
439,99
440,99
441,99
442,99
443,99
444,99
445,99
446,99
447,99
448,99
449,99
450,99
451,99
452,99
453,99
454,99
455,99
456,99
457,99
458,99
459,99
460,99
461,99
462,99
463,99
464,99
465,99
466,99
467,99
468,99
469,99
470,99
471,99
472,99
473,99
474,99
475,99
476,99
477,99
478,99
479,99
480,99
481,99
482,99
483,99
484,99
485,99
486,99
487,99
488,99
489,99
490,99
491,99
492,99
493,99
494,99
495,99
496,99
497,99
498,99
499,99
500,99
501,99
502,99
503,99
504,99
505,99
506,99
507,99
508,99
509,99
510,99
511,99
512,99
513,99
514,99
515,99
516,99
517,99
518,99
519,99
520,99
521,99
522,99
523,99
524,99
525,99
526,99
527,99
528,99
529,99
530,99
531,99
532,99
533,99
534,99
535,99
536,99
537,99
538,99
539,99
540,99
541,99
542,99
543,99
544,99
545,99
546,99
547,99
548,99
549,99
550,99
551,99
552,99
553,99
554,99
555,99
556,99
557,99
558,99
559,99
560,99
561,99
562,99
563,99
564,99
565,99
566,99
567,99
568,99
569,99
570,99
571,99
572,99
573,99
574,99
575,99
576,99
577,99
578,99
579,99
580,99
581,99
582,99
583,99
584,99
585,99
586,99
587,99
588,99
589,99
590,99
591,99
592,99
593,99
594,99
595,99
596,99
597,99
598,99
599,99
600,99
601,99
602,99
603,99
604,99
605,99
606,99
607,99
608,99
609,99
610,99
611,99
612,99
613,99
614,99
615,99
616,99
617,99
618,99
619,99
620,99
621,99
622,99
623,99
624,99
625,99
626,99
627,99
628,99
629,99
630,99
631,99
632,99
633,99
634,99
635,99
636,99
637,99
638,99
639,99
640,99
641,99
642,99
643,99
644,99
645,99
646,99
647,99
648,99
649,99
650,99
651,99
652,99
653,99
654,99
655,99
656,99
657,99
658,99
659,99
660,99
661,99
662,99
663,99
664,99
665,99
666,99
667,99
668,99
669,99
670,99
671,99
672,99
673,99
674,99
675,99
676,99
677,99
678,99
679,99
680,99
681,99
682,99
683,99
684,99
685,99
686,99
687,99
688,99
689,99
690,99
691,99
692,99
693,99
694,99
695,99
696,99
697,99
698,99
699,99
700,99
701,99
702,99
703,99
704,99
705,99
706,99
707,99
708,99
709,99
710,99
711,99
712,99
713,99
714,99
715,99
716,99
717,99
718,99
719,99
720,99
721,99
722,99
723,99
724,99
725,99
726,99
727,99
728,99
729,99
730,99
731,99
732,99
733,99
734,99
735,99
736,99
737,99
738,99
739,99
740,99
741,99
742,99
743,99
744,99
745,99
746,99
747,99
748,99
749,99
750,99
751,99
752,99
753,99
754,99
755,99
756,100
