0,0
1,2
2,3
3,4
4,5
5,6
6,7
7,9
8,11
9,13
10,15
11,17
12,18
13,19
14,20
15,20
16,20
17,21
18,21
19,23
20,23
21,23
22,23
23,25
24,26
25,28
26,29
27,31
28,31
29,31
30,32
31,32
32,32
33,32
34,33
35,33
36,34
37,34
38,34
39,35
40,37
41,38
42,38
43,38
44,38
45,38
46,38
47,38
48,38
49,38
50,39
51,40
52,40
53,40
54,40
55,40
56,41
57,42
58,43
59,43
60,44
61,45
62,46
63,46
64,47
65,48
66,49
67,49
68,51
69,51
70,52
71,52
72,52
73,52
74,52
75,52
76,52
77,52
78,52
79,52
80,52
81,52
82,52
83,52
84,52
85,53
86,55
87,55
88,55
89,56
90,57
91,59
92,60
93,62
94,64
95,64
96,64
97,65
98,66
99,67
100,68
101,70
102,71
103,71
104,71
105,71
106,72
107,72
108,72
109,72
110,72
111,72
112,72
113,72
114,72
115,72
116,73
117,74
118,74
119,74
120,75
121,75
122,75
123,75
124,76
125,77
126,78
127,79
128,79
129,81
130,81
131,82
132,82
133,82
134,82
135,82
136,82
137,82
138,83
139,83
140,83
141,83
142,83
143,83
144,83
145,83
146,83
147,83
148,83
149,83
150,83
151,83
152,83
153,83
154,83
155,83
156,83
157,83
158,83
159,83
160,83
161,83
162,83
163,83
164,83
165,83
166,83
167,83
168,83
169,83
170,83
171,83
172,83
173,83
174,83
175,83
176,83
177,83
178,83
179,83
180,83
181,83
182,83
183,83
184,83
185,83
186,83
187,83
188,83
189,83
190,84
191,84
192,85
193,86
194,86
195,87
196,87
197,87
198,87
199,87
200,88
201,88
202,88
203,88
204,88
205,88
206,88
207,88
208,88
209,88
210,88
211,88
212,88
213,88
214,88
215,88
216,88
217,88
218,88
219,89
220,89
221,89
222,89
223,89
224,89
225,89
226,89
227,89
228,89
229,89
230,89
231,89
232,90
233,90
234,90
235,91
236,91
237,91
238,91
239,91
240,91
241,91
242,91
243,91
244,91
245,91
246,91
247,91
248,91
249,91
250,91
251,91
252,92
253,93
254,94
255,95
256,95
257,96
258,96
259,96
260,96
261,96
262,96
263,96
264,96
265,96
266,96
267,96
268,96
269,96
270,96
271,96
272,96
273,96
274,97
275,97
276,97
277,97
278,97
279,97
280,97
281,97
282,97
283,97
284,97
285,97
286,97
287,97
288,97
289,97
290,97
291,97
292,97
293,97
294,97
295,97
296,97
297,97
298,97
299,97
300,98
301,98
302,98
303,98
304,98
305,98
306,98
307,98
308,98
309,98
310,98
311,98
312,98
313,98
314,98
315,98
316,98
317,98
318,98
319,98
320,98
321,98
322,98
323,98
324,98
325,98
326,98
327,98
328,98
329,98
330,98
331,98
332,98
333,98
334,98
335,98
336,98
337,98
338,98
339,98
340,98
341,98
342,98
343,98
344,98
345,98
346,98
347,98
348,98
349,98
350,98
351,98
352,98
353,98
354,98
355,98
356,98
357,98
358,98
359,98
360,98
361,98
362,98
363,98
364,98
365,98
366,98
367,98
368,98
369,98
370,98
371,98
372,98
373,98
374,98
375,98
376,98
377,98
378,98
379,98
380,98
381,98
382,98
383,98
384,98
385,98
386,98
387,98
388,98
389,98
390,98
391,98
392,98
393,98
394,98
395,98
396,98
397,98
398,98
399,98
400,98
401,98
402,98
403,98
404,98
405,99
406,99
407,99
408,99
409,99
410,99
411,99
412,99
413,99
414,99
415,99
416,99
417,99
418,99
419,99
420,99
421,99
422,99
423,99
424,99
425,99
426,99
427,99
428,99
429,99
430,99
431,99
432,99
433,99
434,99
435,99
436,99
437,99
438,99
439,99
440,99
441,99
442,99
443,99
444,99
445,99
446,99
447,99
448,99
449,99
450,99
451,99
452,99
453,99
454,99
455,99
456,99
457,99
458,99
459,99
460,99
461,99
462,99
463,99
464,99
465,99
466,99
467,99
468,99
469,99
470,99
471,99
472,99
473,99
474,99
475,99
476,99
477,99
478,99
479,99
480,99
481,99
482,99
483,99
484,99
485,100
