0,0
1,2
2,4
3,6
4,7
5,9
6,11
7,11
8,12
9,13
10,14
11,15
12,15
13,15
14,17
15,19
16,20
17,21
18,23
19,24
20,26
21,27
22,29
23,30
24,30
25,30
26,30
27,32
28,34
29,36
30,37
31,39
32,41
33,42
34,43
35,43
36,44
37,44
38,45
39,45
40,45
41,46
42,48
43,48
44,49
45,49
46,50
47,50
48,50
49,50
50,50
51,51
52,51
53,51
54,52
55,53
56,54
57,55
58,57
59,57
60,57
61,57
62,58
63,58
64,59
65,59
66,59
67,59
68,59
69,59
70,59
71,59
72,59
73,59
74,60
75,60
76,60
77,60
78,60
79,60
80,60
81,60
82,60
83,61
84,61
85,61
86,62
87,62
88,62
89,62
90,62
91,62
92,62
93,62
94,62
95,63
96,63
97,63
98,63
99,63
100,63
101,63
102,63
103,63
104,63
105,63
106,64
107,65
108,65
109,66
110,66
111,66
112,66
113,67
114,68
115,68
116,68
117,68
118,69
119,69
120,69
121,70
122,70
123,71
124,72
125,73
126,73
127,74
128,74
129,74
130,74
131,75
132,75
133,75
134,76
135,76
136,76
137,76
138,77
139,77
140,78
141,78
142,78
143,79
144,79
145,79
146,79
147,79
148,79
149,79
150,79
151,79
152,79
153,79
154,79
155,79
156,79
157,79
158,79
159,79
160,79
161,79
162,79
163,79
164,79
165,79
166,79
167,79
168,79
169,79
170,79
171,79
172,79
173,79
174,79
175,79
176,79
177,79
178,79
179,79
180,79
181,79
182,79
183,79
184,79
185,79
186,79
187,79
188,79
189,79
190,79
191,79
192,79
193,79
194,79
195,79
196,79
197,79
198,79
199,80
200,80
201,81
202,82
203,82
204,82
205,82
206,82
207,82
208,82
209,82
210,83
211,83
212,84
213,84
214,84
215,84
216,84
217,84
218,84
219,84
220,85
221,86
222,87
223,87
224,88
225,89
226,91
227,92
228,93
229,93
230,93
231,93
232,94
233,95
234,95
235,96
236,96
237,96
238,96
239,96
240,96
241,96
242,96
243,96
244,96
245,96
246,96
247,97
248,97
249,97
250,97
251,97
252,97
253,97
254,97
255,98
256,98
257,98
258,98
259,98
260,98
261,98
262,98
263,98
264,98
265,98
266,98
267,98
268,98
269,98
270,98
271,99
272,99
273,99
274,99
275,99
276,99
277,99
278,99
279,99
280,99
281,99
282,99
283,99
284,99
285,99
286,99
287,99
288,99
289,99
290,99
291,99
292,99
293,99
294,99
295,99
296,99
297,99
298,99
299,99
300,99
301,99
302,99
303,99
304,99
305,99
306,99
307,99
308,99
309,99
310,99
311,99
312,99
313,99
314,99
315,99
316,99
317,99
318,99
319,99
320,99
321,99
322,99
323,99
324,99
325,99
326,99
327,99
328,99
329,99
330,99
331,99
332,99
333,99
334,99
335,99
336,99
337,99
338,99
339,99
340,99
341,99
342,99
343,99
344,99
345,99
346,99
347,99
348,99
349,99
350,99
351,99
352,99
353,99
354,99
355,99
356,99
357,99
358,99
359,99
360,99
361,99
362,99
363,99
364,99
365,99
366,99
367,99
368,99
369,99
370,99
371,99
372,99
373,99
374,99
375,99
376,99
377,99
378,99
379,99
380,99
381,99
382,99
383,99
384,99
385,99
386,99
387,99
388,99
389,99
390,99
391,99
392,99
393,99
394,99
395,99
396,99
397,99
398,99
399,99
400,99
401,99
402,99
403,99
404,99
405,99
406,99
407,99
408,99
409,99
410,99
411,99
412,99
413,99
414,99
415,99
416,99
417,99
418,99
419,99
420,99
421,99
422,99
423,99
424,99
425,99
426,99
427,99
428,99
429,99
430,99
431,99
432,99
433,99
434,99
435,99
436,99
437,99
438,99
439,99
440,99
441,99
442,99
443,99
444,99
445,99
446,99
447,99
448,99
449,99
450,99
451,99
452,99
453,99
454,99
455,99
456,99
457,99
458,99
459,99
460,99
461,99
462,99
463,99
464,99
465,99
466,99
467,99
468,99
469,99
470,99
471,99
472,99
473,99
474,99
475,99
476,99
477,99
478,99
479,99
480,99
481,99
482,99
483,99
484,99
485,99
486,99
487,99
488,99
489,99
490,99
491,99
492,99
493,99
494,99
495,99
496,99
497,99
498,99
499,99
500,99
501,99
502,99
503,99
504,99
505,99
506,99
507,99
508,99
509,99
510,99
511,99
512,99
513,99
514,99
515,99
516,99
517,99
518,99
519,99
520,99
521,99
522,99
523,99
524,99
525,99
526,99
527,99
528,99
529,99
530,99
531,99
532,99
533,99
534,99
535,99
536,99
537,99
538,99
539,99
540,99
541,99
542,99
543,100
