0,0
1,2
2,4
3,6
4,8
5,10
6,12
7,14
8,15
9,16
10,16
11,18
12,19
13,20
14,21
15,21
16,22
17,22
18,23
19,24
20,25
21,25
22,26
23,26
24,28
25,28
26,28
27,28
28,28
29,28
30,29
31,30
32,31
33,31
34,31
35,32
36,32
37,32
38,33
39,34
40,34
41,36
42,37
43,39
44,39
45,39
46,39
47,40
48,41
49,42
50,43
51,44
52,45
53,47
54,47
55,47
56,47
57,47
58,48
59,48
60,48
61,48
62,49
63,49
64,49
65,49
66,49
67,49
68,49
69,50
70,50
71,51
72,51
73,51
74,51
75,51
76,52
77,53
78,54
79,55
80,56
81,57
82,57
83,57
84,57
85,57
86,57
87,57
88,57
89,57
90,58
91,58
92,58
93,58
94,58
95,58
96,58
97,59
98,59
99,60
100,60
101,60
102,60
103,60
104,60
105,60
106,60
107,60
108,60
109,60
110,60
111,60
112,60
113,60
114,60
115,60
116,60
117,60
118,60
119,60
120,61
121,61
122,61
123,62
124,62
125,62
126,62
127,62
128,62
129,62
130,62
131,62
132,62
133,62
134,62
135,62
136,62
137,62
138,62
139,62
140,62
141,62
142,62
143,62
144,62
145,62
146,62
147,62
148,62
149,62
150,62
151,62
152,62
153,62
154,62
155,62
156,62
157,62
158,62
159,62
160,62
161,62
162,62
163,62
164,62
165,63
166,64
167,65
168,66
169,67
170,67
171,68
172,68
173,69
174,70
175,70
176,70
177,70
178,70
179,70
180,70
181,70
182,71
183,72
184,73
185,73
186,73
187,73
188,73
189,73
190,73
191,73
192,73
193,73
194,73
195,73
196,73
197,73
198,73
199,74
200,74
201,75
202,75
203,75
204,75
205,75
206,75
207,75
208,75
209,75
210,75
211,75
212,76
213,76
214,76
215,76
216,76
217,76
218,76
219,76
220,76
221,76
222,76
223,76
224,76
225,76
226,76
227,76
228,76
229,76
230,76
231,76
232,76
233,76
234,76
235,76
236,76
237,76
238,76
239,76
240,76
241,76
242,76
243,76
244,76
245,76
246,76
247,76
248,76
249,76
250,76
251,76
252,76
253,76
254,76
255,76
256,76
257,76
258,76
259,76
260,76
261,76
262,76
263,76
264,76
265,76
266,76
267,76
268,76
269,76
270,76
271,76
272,76
273,76
274,76
275,76
276,76
277,76
278,76
279,76
280,76
281,76
282,77
283,77
284,78
285,78
286,78
287,79
288,80
289,81
290,81
291,81
292,81
293,82
294,83
295,84
296,85
297,85
298,85
299,85
300,85
301,85
302,85
303,85
304,86
305,86
306,86
307,86
308,86
309,86
310,86
311,86
312,87
313,87
314,87
315,88
316,88
317,89
318,90
319,90
320,91
321,91
322,91
323,91
324,92
325,92
326,92
327,92
328,92
329,92
330,92
331,92
332,93
333,94
334,94
335,94
336,95
337,95
338,95
339,95
340,95
341,95
342,95
343,95
344,95
345,96
346,96
347,96
348,97
349,97
350,97
351,98
352,98
353,98
354,98
355,98
356,98
357,98
358,98
359,98
360,98
361,98
362,98
363,98
364,98
365,98
366,98
367,98
368,98
369,98
370,98
371,98
372,98
373,98
374,98
375,98
376,98
377,98
378,98
379,98
380,98
381,98
382,98
383,98
384,98
385,98
386,98
387,98
388,98
389,98
390,98
391,98
392,98
393,98
394,98
395,99
396,99
397,99
398,99
399,99
400,99
401,99
402,99
403,99
404,99
405,99
406,99
407,99
408,99
409,99
410,99
411,99
412,99
413,99
414,99
415,99
416,99
417,99
418,99
419,99
420,99
421,99
422,99
423,99
424,99
425,99
426,99
427,99
428,99
429,99
430,99
431,99
432,99
433,99
434,99
435,99
436,99
437,99
438,99
439,99
440,99
441,99
442,99
443,99
444,99
445,99
446,99
447,99
448,99
449,99
450,99
451,99
452,99
453,99
454,99
455,99
456,99
457,99
458,99
459,99
460,99
461,99
462,99
463,99
464,99
465,99
466,99
467,99
468,99
469,99
470,99
471,99
472,99
473,99
474,99
475,99
476,99
477,99
478,99
479,99
480,99
481,99
482,99
483,99
484,99
485,99
486,99
487,99
488,99
489,99
490,99
491,99
492,99
493,99
494,99
495,99
496,99
497,99
498,99
499,99
500,99
501,99
502,99
503,99
504,99
505,99
506,99
507,99
508,99
509,99
510,99
511,99
512,99
513,99
514,99
515,99
516,99
517,99
518,99
519,99
520,99
521,99
522,99
523,99
524,99
525,99
526,99
527,99
528,99
529,99
530,99
531,99
532,99
533,99
534,99
535,99
536,99
537,99
538,99
539,99
540,99
541,99
542,99
543,99
544,99
545,99
546,99
547,99
548,99
549,99
550,99
551,99
552,99
553,99
554,99
555,99
556,99
557,99
558,99
559,99
560,99
561,99
562,99
563,99
564,99
565,99
566,99
567,99
568,99
569,99
570,99
571,99
572,99
573,99
574,99
575,99
576,99
577,99
578,99
579,99
580,99
581,99
582,99
583,99
584,99
585,99
586,99
587,99
588,99
589,99
590,99
591,99
592,99
593,99
594,99
595,99
596,99
597,99
598,99
599,99
600,99
601,99
602,100
