0,0
1,2
2,4
3,6
4,8
5,9
6,10
7,11
8,13
9,14
10,16
11,16
12,16
13,17
14,19
15,21
16,23
17,25
18,26
19,26
20,27
21,28
22,29
23,30
24,30
25,31
26,32
27,32
28,33
29,33
30,33
31,33
32,33
33,34
34,34
35,35
36,36
37,36
38,36
39,36
40,36
41,36
42,36
43,36
44,36
45,36
46,37
47,38
48,39
49,39
50,40
51,40
52,41
53,42
54,42
55,42
56,43
57,44
58,45
59,46
60,46
61,46
62,46
63,46
64,46
65,47
66,47
67,48
68,49
69,49
70,50
71,50
72,50
73,50
74,50
75,50
76,51
77,51
78,51
79,51
80,51
81,52
82,52
83,52
84,52
85,52
86,52
87,53
88,54
89,54
90,54
91,54
92,56
93,58
94,60
95,61
96,63
97,64
98,65
99,67
100,68
101,68
102,69
103,69
104,69
105,69
106,69
107,69
108,69
109,70
110,71
111,72
112,73
113,74
114,74
115,74
116,74
117,75
118,75
119,75
120,75
121,75
122,75
123,75
124,76
125,76
126,77
127,77
128,78
129,78
130,79
131,79
132,80
133,80
134,80
135,80
136,80
137,80
138,80
139,80
140,80
141,80
142,80
143,81
144,81
145,81
146,81
147,81
148,81
149,81
150,81
151,81
152,81
153,81
154,81
155,81
156,81
157,81
158,81
159,81
160,81
161,81
162,81
163,81
164,81
165,81
166,81
167,81
168,81
169,81
170,81
171,82
172,82
173,82
174,82
175,82
176,82
177,82
178,82
179,82
180,82
181,82
182,82
183,82
184,83
185,83
186,83
187,83
188,84
189,85
190,85
191,85
192,85
193,85
194,85
195,85
196,85
197,85
198,85
199,85
200,85
201,85
202,85
203,85
204,85
205,85
206,85
207,85
208,85
209,85
210,85
211,85
212,85
213,85
214,85
215,85
216,85
217,85
218,85
219,85
220,85
221,85
222,85
223,85
224,86
225,86
226,86
227,86
228,86
229,86
230,86
231,86
232,86
233,86
234,86
235,86
236,86
237,86
238,86
239,86
240,86
241,86
242,86
243,86
244,86
245,87
246,87
247,87
248,87
249,87
250,87
251,87
252,87
253,87
254,87
255,87
256,87
257,87
258,88
259,88
260,88
261,88
262,88
263,88
264,88
265,88
266,88
267,88
268,88
269,88
270,88
271,88
272,88
273,88
274,88
275,88
276,88
277,88
278,88
279,88
280,88
281,88
282,88
283,88
284,88
285,88
286,88
287,88
288,88
289,88
290,88
291,88
292,88
293,89
294,89
295,89
296,89
297,89
298,89
299,89
300,89
301,89
302,89
303,89
304,89
305,89
306,89
307,89
308,89
309,89
310,89
311,89
312,89
313,89
314,89
315,89
316,89
317,89
318,89
319,89
320,89
321,89
322,89
323,89
324,89
325,89
326,89
327,89
328,89
329,89
330,89
331,89
332,89
333,89
334,89
335,89
336,89
337,89
338,89
339,89
340,89
341,89
342,89
343,89
344,89
345,89
346,89
347,89
348,89
349,89
350,89
351,89
352,89
353,89
354,89
355,89
356,89
357,89
358,89
359,89
360,89
361,89
362,90
363,90
364,90
365,91
366,91
367,91
368,91
369,92
370,92
371,92
372,92
373,92
374,92
375,92
376,92
377,92
378,92
379,92
380,92
381,92
382,92
383,92
384,92
385,92
386,92
387,92
388,92
389,92
390,92
391,92
392,92
393,92
394,92
395,92
396,92
397,92
398,92
399,92
400,92
401,92
402,92
403,92
404,92
405,92
406,92
407,92
408,92
409,93
410,93
411,93
412,93
413,93
414,93
415,93
416,93
417,93
418,93
419,93
420,93
421,93
422,93
423,93
424,93
425,93
426,93
427,93
428,93
429,93
430,93
431,93
432,93
433,93
434,93
435,93
436,93
437,93
438,93
439,93
440,93
441,93
442,93
443,94
444,94
445,94
446,94
447,94
448,94
449,94
450,94
451,94
452,94
453,94
454,94
455,94
456,94
457,94
458,94
459,94
460,94
461,94
462,94
463,94
464,94
465,94
466,94
467,94
468,94
469,94
470,94
471,94
472,94
473,94
474,94
475,94
476,94
477,94
478,94
479,94
480,94
481,94
482,94
483,94
484,94
485,94
486,94
487,94
488,94
489,94
490,94
491,94
492,94
493,94
494,94
495,94
496,94
497,94
498,94
499,94
500,94
501,94
502,94
503,94
504,94
505,94
506,94
507,94
508,94
509,94
510,94
511,94
512,94
513,94
514,94
515,94
516,94
517,94
518,94
519,94
520,94
521,94
522,94
523,94
524,94
525,94
526,94
527,94
528,94
529,94
530,94
531,94
532,94
533,94
534,94
535,94
536,94
537,94
538,94
539,94
540,94
541,94
542,94
543,94
544,94
545,94
546,94
547,94
548,94
549,94
550,94
551,94
552,94
553,94
554,94
555,94
556,94
557,94
558,94
559,94
560,94
561,94
562,94
563,94
564,94
565,94
566,94
567,94
568,94
569,94
570,94
571,94
572,94
573,94
574,94
575,94
576,94
577,94
578,94
579,94
580,94
581,94
582,94
583,94
584,94
585,94
586,94
587,94
588,94
589,94
590,94
591,94
592,94
593,94
594,94
595,94
596,94
597,94
598,94
599,94
600,94
601,94
602,94
603,94
604,94
605,94
606,94
607,94
608,94
609,94
610,94
611,94
612,94
613,94
614,94
615,94
616,94
617,94
618,94
619,94
620,94
621,94
622,94
623,94
624,94
625,94
626,94
627,94
628,94
629,94
630,94
631,94
632,94
633,94
634,94
635,94
636,94
637,94
638,94
639,94
640,94
641,94
642,94
643,94
644,94
645,94
646,94
647,94
648,94
649,94
650,94
651,94
652,94
653,94
654,94
655,94
656,94
657,94
658,94
659,94
660,94
661,94
662,94
663,94
664,94
665,94
666,94
667,94
668,94
669,94
670,94
671,94
672,94
673,94
674,94
675,94
676,94
677,94
678,94
679,94
680,94
681,94
682,94
683,94
684,94
685,94
686,94
687,94
688,94
689,94
690,95
691,95
692,95
693,96
694,96
695,96
696,96
697,97
698,98
699,98
700,98
701,98
702,98
703,98
704,98
705,98
706,98
707,98
708,98
709,98
710,98
711,98
712,98
713,98
714,98
715,98
716,98
717,98
718,98
719,98
720,98
721,98
722,98
723,98
724,98
725,98
726,98
727,98
728,98
729,98
730,98
731,98
732,98
733,98
734,98
735,98
736,98
737,98
738,98
739,98
740,98
741,98
742,98
743,98
744,98
745,98
746,98
747,98
748,98
749,98
750,98
751,98
752,98
753,98
754,98
755,98
756,98
757,98
758,98
759,98
760,98
761,98
762,98
763,98
764,98
765,98
766,98
767,98
768,98
769,98
770,98
771,98
772,98
773,98
774,98
775,98
776,98
777,98
778,98
779,98
780,98
781,98
782,98
783,98
784,98
785,98
786,98
787,98
788,98
789,98
790,98
791,98
792,98
793,98
794,98
795,98
796,98
797,98
798,98
799,98
800,98
801,98
802,98
803,98
804,98
805,98
806,98
807,98
808,98
809,98
810,98
811,98
812,98
813,98
814,98
815,98
816,98
817,98
818,98
819,98
820,98
821,98
822,98
823,98
824,98
825,98
826,98
827,98
828,98
829,98
830,98
831,98
832,98
833,98
834,98
835,98
836,98
837,98
838,98
839,98
840,98
841,98
842,98
843,98
844,98
845,98
846,98
847,98
848,98
849,98
850,98
851,98
852,98
853,98
854,98
855,98
856,98
857,98
858,98
859,98
860,98
861,98
862,98
863,98
864,98
865,99
866,99
867,99
868,99
869,99
870,99
871,99
872,99
873,99
874,99
875,99
876,99
877,99
878,99
879,99
880,99
881,99
882,100
