0,0
1,1
2,2
3,3
4,4
5,5
6,6
7,7
8,8
9,8
10,9
11,10
12,11
13,12
14,12
15,13
16,13
17,14
18,15
19,16
20,17
21,18
22,19
23,20
24,21
25,22
26,22
27,23
28,24
29,25
30,25
31,26
32,27
33,27
34,28
35,28
36,29
37,30
38,31
39,32
40,33
41,34
42,34
43,35
44,36
45,37
46,38
47,38
48,39
49,40
50,41
51,41
52,41
53,41
54,42
55,42
56,43
57,44
58,45
59,46
60,47
61,48
62,49
63,49
64,50
65,50
66,51
67,52
68,53
69,54
70,54
71,55
72,56
73,56
74,56
75,56
76,57
77,58
78,59
79,60
80,60
81,60
82,61
83,61
84,61
85,62
86,63
87,64
88,65
89,66
90,67
91,68
92,69
93,70
94,71
95,72
96,73
97,74
98,75
99,76
100,76
101,77
102,78
103,78
104,79
105,80
106,81
107,81
108,82
109,83
110,84
111,85
112,85
113,86
114,87
115,88
116,89
117,90
118,91
119,92
120,93
121,94
122,95
123,96
124,97
125,98
126,98
127,99
128,100
129,100
130,101
131,101
132,101
133,101
134,101
135,102
136,102
137,102
138,103
139,104
140,105
141,106
142,107
143,108
144,109
145,110
146,111
147,112
148,113
149,114
150,114
151,115
152,116
153,117
154,118
155,119
156,119
157,120
158,120
159,120
160,120
161,120
162,121
163,122
164,122
165,122
166,123
167,123
168,123
169,124
170,125
171,126
172,126
173,127
174,127
175,128
176,128
177,128
178,128
179,128
180,128
181,129
182,129
183,130
184,131
185,132
186,132
187,132
188,132
189,132
190,132
191,133
192,133
193,133
194,133
195,133
196,134
197,134
198,134
199,135
200,135
201,135
202,135
203,136
204,136
205,136
206,136
207,136
208,136
209,136
210,136
211,137
212,137
213,137
214,137
215,137
216,138
217,138
218,138
219,138
220,139
221,139
222,139
223,139
224,139
225,140
226,141
227,142
228,143
229,144
230,144
231,144
232,144
233,144
234,145
235,145
236,145
237,145
238,145
239,146
240,146
241,146
242,146
243,146
244,146
245,147
246,147
247,147
248,148
249,149
250,149
251,149
252,149
253,149
254,150
255,151
256,151
257,151
258,151
259,151
260,152
261,152
262,153
263,153
264,154
265,154
266,154
267,154
268,155
269,156
270,157
271,157
272,157
273,157
274,158
275,159
276,160
277,160
278,160
279,160
280,161
281,162
282,163
283,164
284,165
285,166
286,167
287,168
288,169
289,170
290,171
291,172
292,173
293,174
294,175
295,176
296,177
297,178
298,179
299,180
300,180
301,181
302,181
303,182
304,182
305,182
306,182
307,183
308,184
309,185
310,185
311,186
312,186
313,187
314,188
315,189
316,190
317,191
318,192
319,192
320,193
321,194
322,194
323,195
324,196
325,197
326,197
327,197
328,197
329,197
330,197
331,198
332,199
333,200
334,201
335,201
336,201
337,202
338,203
339,203
340,204
341,204
342,205
343,206
344,207
345,207
346,208
347,208
348,208
349,208
350,209
351,210
352,211
353,212
354,213
355,213
356,213
357,213
358,214
359,215
360,215
361,216
362,216
363,216
364,216
365,217
366,217
367,217
368,217
369,217
370,217
371,217
372,218
373,218
374,218
375,218
376,219
377,219
378,220
379,220
380,220
381,220
382,221
383,221
384,221
385,221
386,221
387,221
388,221
389,221
390,221
391,222
392,222
393,222
394,222
395,222
396,222
397,223
398,223
399,223
400,223
401,224
402,224
403,224
404,224
405,224
406,224
407,224
408,224
409,224
410,224
411,224
412,224
413,225
414,225
415,225
416,225
417,225
418,225
419,226
420,226
421,227
422,228
423,228
424,228
425,228
426,228
427,228
428,228
429,229
430,229
431,229
432,230
433,230
434,230
435,231
436,232
437,233
438,234
439,235
440,236
441,237
442,238
443,239
444,240
445,241
446,241
447,241
448,242
449,243
450,244
451,244
452,245
453,246
454,247
455,248
456,249
457,249
458,249
459,249
460,249
461,249
462,250
463,250
464,250
465,251
466,251
467,251
468,251
469,251
470,251
471,251
472,251
473,251
474,251
475,251
476,251
477,252
478,252
479,252
480,252
481,252
482,252
483,252
484,252
485,253
486,254
487,254
488,255
489,255
490,255
491,255
492,256
493,256
494,256
495,256
496,256
497,256
498,257
499,258
500,258
501,258
502,258
503,259
504,260
505,261
506,261
507,262
508,263
509,264
510,264
511,265
512,266
513,266
514,266
515,266
516,266
517,266
518,267
519,267
520,267
521,267
522,268
523,269
524,269
525,270
526,271
527,272
528,272
529,273
530,273
531,274
532,274
533,274
534,274
535,275
536,275
537,276
538,276
539,276
540,276
541,276
542,276
543,277
544,278
545,278
546,278
547,278
548,278
549,278
550,279
551,279
552,280
553,281
554,282
555,282
556,283
557,283
558,283
559,284
560,285
561,286
562,286
563,287
564,287
565,287
566,287
567,288
568,288
569,288
570,289
571,289
572,289
573,289
574,289
575,290
576,291
577,291
578,291
579,292
580,293
581,293
582,294
583,294
584,295
585,295
586,296
587,296
588,296
589,297
590,297
591,297
592,297
593,297
594,297
595,297
596,297
597,297
598,297
599,297
600,297
601,297
602,297
603,297
604,297
605,297
606,297
607,297
608,298
609,298
610,299
611,299
612,299
613,299
614,299
615,299
616,299
617,299
618,299
619,299
620,299
621,299
622,299
623,299
624,299
625,299
626,299
627,299
628,299
629,299
630,299
631,299
632,299
633,299
634,299
635,299
636,299
637,299
638,300
639,301
640,301
641,301
642,301
643,302
644,302
645,302
646,302
647,302
648,302
649,302
650,303
651,303
652,303
653,303
654,303
655,303
656,304
657,304
658,304
659,304
660,304
661,304
662,304
663,304
664,304
665,305
666,306
667,306
668,307
669,308
670,309
671,309
672,310
673,310
674,310
675,310
676,310
677,310
678,310
679,310
680,310
681,310
682,310
683,310
684,310
685,310
686,310
687,311
688,312
689,312
690,312
691,313
692,313
693,314
694,314
695,314
696,314
697,314
698,314
699,314
700,314
701,314
702,314
703,314
704,314
705,314
706,314
707,314
708,315
709,315
710,315
711,315
712,315
713,315
714,315
715,315
716,315
717,315
718,315
719,315
720,315
721,315
722,315
723,315
724,315
725,315
726,315
727,315
728,315
729,315
730,315
731,315
732,315
733,315
734,315
735,315
736,315
737,315
738,316
739,317
740,317
741,317
742,317
743,317
744,317
745,317
746,317
747,317
748,317
749,317
750,317
751,317
752,317
753,317
754,317
755,317
756,317
757,317
758,317
759,317
760,317
761,317
762,317
763,317
764,317
765,317
766,317
767,317
768,317
769,317
770,317
771,318
772,318
773,318
774,318
775,318
776,318
777,318
778,318
779,318
780,319
781,320
782,321
783,322
784,323
785,324
786,325
787,325
788,325
789,326
790,327
791,328
792,329
793,330
794,331
795,332
796,333
797,334
798,335
799,336
800,337
801,338
802,339
803,340
804,341
805,341
806,342
807,343
808,344
809,344
810,344
811,345
812,345
813,345
814,346
815,347
816,348
817,348
818,348
819,349
820,350
821,350
822,351
823,351
824,351
825,352
826,353
827,354
828,354
829,354
830,355
831,355
832,355
833,355
834,355
835,355
836,355
837,355
838,355
839,355
840,355
841,355
842,355
843,355
844,355
845,355
846,355
847,355
848,355
849,355
850,355
851,355
852,356
853,356
854,357
855,357
856,357
857,357
858,357
859,357
860,357
861,357
862,357
863,357
864,357
865,357
866,357
867,357
868,357
869,357
870,357
871,357
872,357
873,357
874,357
875,357
876,357
877,357
878,357
879,357
880,357
881,357
882,357
883,357
884,357
885,357
886,357
887,357
888,357
889,357
890,357
891,357
892,357
893,357
894,357
895,357
896,358
897,358
898,359
899,360
900,361
901,361
902,361
903,361
904,362
905,362
906,362
907,363
908,363
909,363
910,363
911,363
912,363
913,363
914,363
915,363
916,363
917,363
918,364
919,364
920,364
921,364
922,364
923,364
924,364
925,364
926,364
927,364
928,364
929,364
930,364
931,364
932,364
933,364
934,364
935,364
936,364
937,364
938,364
939,364
940,364
941,364
942,364
943,364
944,364
945,364
946,364
947,364
948,364
949,364
950,365
951,366
952,366
953,366
954,366
955,366
956,366
957,366
958,366
959,366
960,366
961,367
962,367
963,367
964,367
965,367
966,367
967,367
968,367
969,367
970,367
971,367
972,367
973,367
974,367
975,367
976,367
977,367
978,367
979,367
980,367
981,367
982,367
983,367
984,367
985,367
986,367
987,367
988,367
989,367
990,367
991,367
992,367
993,367
994,367
995,367
996,367
997,367
998,367
999,367
1000,367
1001,367
1002,367
1003,367
1004,367
1005,367
1006,367
1007,367
1008,367
1009,367
1010,367
1011,367
1012,367
1013,367
1014,368
1015,368
1016,368
1017,368
1018,368
1019,368
1020,369
1021,370
1022,371
1023,371
1024,371
1025,372
1026,373
1027,374
1028,375
1029,375
1030,375
1031,375
1032,375
1033,376
1034,377
1035,378
1036,378
1037,378
1038,378
1039,379
1040,380
1041,380
1042,380
1043,381
1044,381
1045,381
1046,382
1047,382
1048,382
1049,382
1050,382
1051,382
1052,383
1053,383
1054,383
1055,383
1056,383
1057,383
1058,383
1059,383
1060,383
1061,383
1062,383
1063,383
1064,383
1065,383
1066,383
1067,383
1068,383
1069,383
1070,383
1071,383
1072,383
1073,383
1074,383
1075,383
1076,384
1077,385
1078,385
1079,385
1080,385
1081,385
1082,385
1083,385
1084,385
1085,385
1086,385
1087,385
1088,385
1089,385
1090,385
1091,385
1092,385
1093,385
1094,385
1095,386
1096,386
1097,386
1098,386
1099,386
1100,386
1101,386
1102,387
1103,387
1104,387
1105,387
1106,388
1107,388
1108,388
1109,388
1110,388
1111,389
1112,389
1113,390
1114,390
1115,390
1116,390
1117,390
1118,390
1119,390
1120,390
1121,390
1122,391
1123,392
1124,393
1125,394
1126,395
1127,396
1128,397
1129,398
1130,399
1131,399
1132,399
1133,400
1134,401
1135,401
1136,402
1137,402
1138,403
1139,403
1140,404
1141,405
1142,405
1143,405
1144,406
1145,407
1146,407
1147,407
1148,408
1149,408
1150,408
1151,408
1152,408
1153,409
1154,409
1155,409
1156,410
1157,410
1158,410
1159,410
1160,411
1161,411
1162,411
1163,412
1164,412
1165,412
1166,412
1167,412
1168,412
1169,412
1170,412
1171,412
1172,413
1173,414
1174,415
1175,415
1176,415
1177,415
1178,416
1179,416
1180,417
1181,417
1182,417
1183,417
1184,417
1185,417
1186,417
1187,417
1188,417
1189,417
1190,418
1191,419
1192,420
1193,421
1194,421
1195,421
1196,421
1197,421
1198,421
1199,421
1200,422
1201,422
1202,422
1203,422
1204,422
1205,422
1206,422
1207,422
1208,422
1209,422
1210,422
1211,422
1212,422
1213,422
1214,422
1215,423
1216,423
1217,424
1218,424
1219,424
1220,424
1221,424
1222,424
1223,424
1224,424
1225,424
1226,424
1227,424
1228,424
1229,425
1230,426
1231,426
1232,426
1233,426
1234,426
1235,427
1236,428
1237,428
1238,429
1239,429
1240,429
1241,429
1242,429
1243,429
1244,429
1245,430
1246,430
1247,431
1248,432
1249,432
1250,432
1251,432
1252,432
1253,432
1254,432
1255,432
1256,433
1257,433
1258,434
1259,434
1260,434
1261,434
1262,435
1263,435
1264,435
1265,436
1266,436
1267,436
1268,436
1269,436
1270,436
1271,436
1272,436
1273,436
1274,436
1275,436
1276,437
1277,437
1278,437
1279,438
1280,438
1281,438
1282,439
1283,439
1284,439
1285,439
1286,439
1287,439
1288,439
1289,439
1290,439
1291,440
1292,440
1293,440
1294,440
1295,440
1296,440
1297,440
1298,440
1299,440
1300,440
1301,440
1302,440
1303,440
1304,440
1305,440
1306,440
1307,440
1308,440
1309,440
1310,440
1311,440
1312,440
1313,440
1314,440
1315,440
1316,440
1317,440
1318,440
1319,440
1320,441
1321,441
1322,441
1323,441
1324,442
1325,442
1326,443
1327,443
1328,443
1329,443
1330,443
1331,443
1332,443
1333,443
1334,443
1335,443
1336,444
1337,444
1338,444
1339,444
1340,444
1341,444
1342,444
1343,444
1344,445
1345,445
1346,445
1347,445
1348,445
1349,445
1350,446
1351,446
1352,446
1353,446
1354,446
1355,446
1356,446
1357,447
1358,447
1359,447
1360,447
1361,447
1362,447
1363,448
1364,448
1365,448
1366,448
1367,448
1368,448
1369,448
1370,448
1371,448
1372,448
1373,448
1374,448
1375,448
1376,448
1377,448
1378,448
1379,448
1380,448
1381,448
1382,448
1383,448
1384,448
1385,448
1386,448
1387,448
1388,449
1389,449
1390,449
1391,449
1392,449
1393,449
1394,449
1395,449
1396,449
1397,449
1398,449
1399,449
1400,449
1401,449
1402,449
1403,449
1404,449
1405,449
1406,449
1407,449
1408,449
1409,450
1410,450
1411,450
1412,450
1413,450
1414,450
1415,450
1416,450
1417,450
1418,450
1419,451
1420,451
1421,451
1422,451
1423,451
1424,451
1425,451
1426,451
1427,451
1428,451
1429,451
1430,451
1431,451
1432,451
1433,451
1434,451
1435,451
1436,451
1437,451
1438,451
1439,451
1440,451
1441,451
1442,451
1443,451
1444,451
1445,451
1446,451
1447,451
1448,451
1449,451
1450,451
1451,452
1452,452
1453,452
1454,452
1455,452
1456,452
1457,452
1458,452
1459,452
1460,452
1461,452
1462,452
1463,452
1464,452
1465,452
1466,452
1467,453
1468,453
1469,453
1470,453
1471,453
1472,453
1473,453
1474,453
1475,453
1476,453
1477,453
1478,453
1479,453
1480,453
1481,453
1482,453
1483,453
1484,453
1485,453
1486,453
1487,453
1488,453
1489,453
1490,453
1491,453
1492,453
1493,453
1494,453
1495,453
1496,453
1497,453
1498,453
1499,454
1500,454
1501,454
1502,454
1503,454
1504,454
1505,454
1506,454
1507,454
1508,455
1509,455
1510,455
1511,455
1512,455
1513,455
1514,455
1515,455
1516,455
1517,455
1518,455
1519,455
1520,455
1521,455
1522,455
1523,455
1524,455
1525,455
1526,455
1527,455
1528,455
1529,455
1530,455
1531,455
1532,455
1533,455
1534,455
1535,455
1536,455
1537,455
1538,455
1539,455
1540,455
1541,455
1542,455
1543,455
1544,455
1545,455
1546,455
1547,455
1548,455
1549,455
1550,455
1551,455
1552,455
1553,455
1554,455
1555,455
1556,455
1557,455
1558,455
1559,455
1560,455
1561,455
1562,455
1563,455
1564,455
1565,455
1566,455
1567,455
1568,455
1569,455
1570,455
1571,455
1572,455
1573,455
1574,455
1575,455
1576,455
1577,455
1578,455
1579,455
1580,455
1581,455
1582,455
1583,455
1584,455
1585,455
1586,456
1587,456
1588,457
1589,457
1590,457
1591,457
1592,457
1593,457
1594,457
1595,457
1596,457
1597,457
1598,457
1599,457
1600,457
1601,458
1602,458
1603,458
1604,458
1605,458
1606,458
1607,458
1608,458
1609,458
1610,458
1611,458
1612,458
1613,458
1614,458
1615,458
1616,458
1617,458
1618,458
1619,458
1620,458
1621,458
1622,458
1623,458
1624,458
1625,458
1626,458
1627,458
1628,458
1629,458
1630,458
1631,458
1632,458
1633,458
1634,458
1635,458
1636,458
1637,458
1638,458
1639,458
1640,458
1641,458
1642,458
1643,458
1644,458
1645,458
1646,458
1647,458
1648,458
1649,458
1650,458
1651,458
1652,458
1653,458
1654,459
1655,459
1656,459
1657,459
1658,459
1659,459
1660,459
1661,459
1662,459
1663,459
1664,459
1665,459
1666,459
1667,460
1668,460
1669,460
1670,460
1671,460
1672,460
1673,460
1674,460
1675,460
1676,460
1677,460
1678,460
1679,460
1680,460
1681,460
1682,460
1683,460
1684,460
1685,460
1686,460
1687,460
1688,460
1689,460
1690,460
1691,460
1692,460
1693,460
1694,460
1695,460
1696,460
1697,460
1698,460
1699,460
1700,460
1701,460
1702,460
1703,460
1704,460
1705,460
1706,460
1707,460
1708,460
1709,460
1710,460
1711,460
1712,460
1713,460
1714,460
1715,460
1716,460
1717,460
1718,460
1719,460
1720,460
1721,460
1722,460
1723,460
1724,460
1725,460
1726,460
1727,460
1728,460
1729,460
1730,460
1731,460
1732,460
1733,460
1734,460
1735,460
1736,460
1737,460
1738,460
1739,460
1740,460
1741,461
1742,461
1743,461
1744,461
1745,461
1746,461
1747,461
1748,461
1749,461
1750,461
1751,461
1752,461
1753,461
1754,461
1755,461
1756,461
1757,461
1758,461
1759,461
1760,461
1761,461
1762,461
1763,461
1764,461
1765,461
1766,461
1767,461
1768,461
1769,461
1770,461
1771,461
1772,461
1773,461
1774,461
1775,461
1776,461
1777,462
1778,463
1779,463
1780,463
1781,463
1782,463
1783,463
1784,463
1785,463
1786,463
1787,463
1788,463
1789,463
1790,463
1791,463
1792,463
1793,463
1794,463
1795,463
1796,463
1797,463
1798,463
1799,463
1800,463
1801,463
1802,463
1803,463
1804,463
1805,463
1806,463
1807,463
1808,463
1809,463
1810,463
1811,464
1812,464
1813,464
1814,464
1815,464
1816,464
1817,464
1818,464
1819,464
1820,464
1821,464
1822,464
1823,464
1824,464
1825,464
1826,464
1827,464
1828,464
1829,464
1830,464
1831,464
1832,464
1833,464
1834,464
1835,464
1836,464
1837,464
1838,464
1839,464
1840,464
1841,464
1842,464
1843,464
1844,464
1845,464
1846,464
1847,464
1848,464
1849,464
1850,464
1851,465
1852,465
1853,465
1854,465
1855,465
1856,465
1857,465
1858,465
1859,465
1860,465
1861,465
1862,465
1863,465
1864,465
1865,465
1866,465
1867,465
1868,465
1869,465
1870,465
1871,465
1872,465
1873,465
1874,465
1875,465
1876,465
1877,465
1878,465
1879,465
1880,465
1881,465
1882,465
1883,465
1884,465
1885,465
1886,465
1887,465
1888,465
1889,465
1890,465
1891,465
1892,465
1893,465
1894,465
1895,465
1896,465
1897,465
1898,465
1899,465
1900,465
1901,465
1902,465
1903,465
1904,465
1905,465
1906,465
1907,465
1908,465
1909,465
1910,465
1911,465
1912,465
1913,465
1914,465
1915,465
1916,465
1917,465
1918,465
1919,465
1920,465
1921,465
1922,465
1923,465
1924,465
1925,465
1926,465
1927,465
1928,465
1929,465
1930,465
1931,465
1932,465
1933,465
1934,465
1935,465
1936,465
1937,465
1938,465
1939,465
1940,465
1941,465
1942,465
1943,465
1944,465
1945,465
1946,465
1947,465
1948,465
1949,465
1950,465
1951,465
1952,465
1953,465
1954,465
1955,465
1956,465
1957,465
1958,465
1959,465
1960,465
1961,465
1962,465
1963,465
1964,465
1965,465
1966,465
1967,465
1968,465
1969,465
1970,465
1971,465
1972,465
1973,465
1974,465
1975,465
1976,465
1977,465
1978,465
1979,465
1980,465
1981,465
1982,465
1983,465
1984,465
1985,465
1986,465
1987,465
1988,465
1989,465
1990,465
1991,465
1992,465
1993,465
1994,465
1995,465
1996,465
1997,465
1998,465
1999,465
2000,465
2001,465
2002,465
2003,465
2004,465
2005,465
2006,465
2007,465
2008,465
2009,465
2010,465
2011,465
2012,465
2013,465
2014,465
2015,465
2016,465
2017,465
2018,466
2019,466
2020,466
2021,466
2022,466
2023,466
2024,466
2025,466
2026,466
2027,466
2028,467
2029,467
2030,467
2031,467
2032,467
2033,467
2034,467
2035,468
2036,468
2037,468
2038,468
2039,468
2040,468
2041,468
2042,469
2043,469
2044,469
2045,469
2046,469
2047,469
2048,469
2049,469
2050,469
2051,469
2052,469
2053,469
2054,469
2055,469
2056,469
2057,469
2058,469
2059,469
2060,469
2061,469
2062,469
2063,469
2064,469
2065,469
2066,469
2067,469
2068,469
2069,469
2070,469
2071,470
2072,470
2073,470
2074,470
2075,470
2076,470
2077,471
2078,472
2079,472
2080,472
2081,472
2082,473
2083,473
2084,473
2085,473
2086,473
2087,473
2088,473
2089,473
2090,474
2091,475
2092,475
2093,475
2094,475
2095,476
2096,476
2097,476
2098,476
2099,476
2100,476
2101,476
2102,476
2103,476
2104,477
2105,477
2106,477
2107,477
2108,477
2109,477
2110,477
2111,478
2112,479
2113,479
2114,479
2115,479
2116,479
2117,479
2118,479
2119,479
2120,479
2121,479
2122,479
2123,479
2124,479
2125,479
2126,479
2127,479
2128,479
2129,479
2130,480
2131,480
2132,480
2133,480
2134,480
2135,480
2136,480
2137,480
2138,480
2139,480
2140,480
2141,480
2142,481
2143,481
2144,481
2145,481
2146,481
2147,481
2148,481
2149,481
2150,481
2151,481
2152,481
2153,481
2154,481
2155,481
2156,481
2157,481
2158,481
2159,481
2160,481
2161,481
2162,481
2163,481
2164,481
2165,481
2166,481
2167,481
2168,481
2169,481
2170,481
2171,481
2172,481
2173,481
2174,481
2175,481
2176,481
2177,481
2178,481
2179,481
2180,481
2181,481
2182,481
2183,481
2184,481
2185,481
2186,481
2187,481
2188,481
2189,481
2190,482
2191,482
2192,482
2193,482
2194,482
2195,482
2196,482
2197,482
2198,482
2199,482
2200,482
2201,482
2202,482
2203,482
2204,482
2205,482
2206,482
2207,482
2208,482
2209,482
2210,482
2211,482
2212,482
2213,482
2214,482
2215,482
2216,482
2217,482
2218,482
2219,482
2220,482
2221,482
2222,482
2223,482
2224,482
2225,482
2226,482
2227,482
2228,482
2229,482
2230,482
2231,482
2232,483
2233,483
2234,483
2235,484
2236,484
2237,484
2238,484
2239,484
2240,484
2241,484
2242,484
2243,484
2244,484
2245,484
2246,484
2247,484
2248,484
2249,485
2250,485
2251,485
2252,485
2253,485
2254,485
2255,485
2256,485
2257,485
2258,485
2259,485
2260,485
2261,485
2262,485
2263,485
2264,485
2265,485
2266,485
2267,485
2268,485
2269,485
2270,485
2271,485
2272,485
2273,485
2274,485
2275,485
2276,485
2277,485
2278,485
2279,485
2280,485
2281,485
2282,485
2283,485
2284,486
2285,486
2286,486
2287,486
2288,486
2289,486
2290,486
2291,486
2292,486
2293,486
2294,486
2295,486
2296,486
2297,486
2298,486
2299,486
2300,486
2301,486
2302,486
2303,486
2304,486
2305,486
2306,486
2307,486
2308,486
2309,486
2310,486
2311,486
2312,486
2313,486
2314,486
2315,486
2316,486
2317,486
2318,486
2319,486
2320,486
2321,486
2322,486
2323,486
2324,486
2325,486
2326,486
2327,486
2328,486
2329,486
2330,486
2331,486
2332,486
2333,486
2334,486
2335,486
2336,486
2337,486
2338,486
2339,486
2340,486
2341,486
2342,486
2343,486
2344,486
2345,486
2346,486
2347,486
2348,486
2349,486
2350,486
2351,486
2352,486
2353,486
2354,486
2355,486
2356,486
2357,486
2358,486
2359,486
2360,487
2361,487
2362,488
2363,488
2364,488
2365,488
2366,488
2367,488
2368,488
2369,488
2370,489
2371,489
2372,489
2373,489
2374,489
2375,489
2376,489
2377,489
2378,489
2379,489
2380,490
2381,490
2382,490
2383,490
2384,490
2385,490
2386,490
2387,490
2388,490
2389,490
2390,490
2391,490
2392,490
2393,490
2394,490
2395,490
2396,490
2397,490
2398,490
2399,490
2400,490
2401,490
2402,490
2403,490
2404,490
2405,490
2406,490
2407,490
2408,490
2409,490
2410,490
2411,490
2412,490
2413,490
2414,490
2415,490
2416,490
2417,490
2418,490
2419,490
2420,490
2421,490
2422,490
2423,490
2424,490
2425,490
2426,490
2427,490
2428,490
2429,490
2430,490
2431,490
2432,490
2433,490
2434,490
2435,490
2436,490
2437,490
2438,490
2439,490
2440,490
2441,490
2442,490
2443,490
2444,490
2445,490
2446,490
2447,490
2448,490
2449,490
2450,490
2451,490
2452,490
2453,490
2454,490
2455,490
2456,490
2457,490
2458,490
2459,490
2460,490
2461,490
2462,491
2463,491
2464,491
2465,491
2466,491
2467,491
2468,491
2469,491
2470,491
2471,491
2472,491
2473,491
2474,491
2475,491
2476,491
2477,491
2478,491
2479,491
2480,491
2481,491
2482,491
2483,491
2484,491
2485,491
2486,491
2487,491
2488,491
2489,491
2490,491
2491,491
2492,491
2493,491
2494,491
2495,491
2496,491
2497,491
2498,491
2499,491
2500,491
2501,491
2502,491
2503,491
2504,491
2505,491
2506,491
2507,491
2508,491
2509,491
2510,491
2511,491
2512,491
2513,491
2514,491
2515,491
2516,491
2517,491
2518,491
2519,491
2520,491
2521,491
2522,491
2523,491
2524,491
2525,491
2526,491
2527,491
2528,491
2529,491
2530,491
2531,491
2532,491
2533,491
2534,491
2535,491
2536,491
2537,491
2538,491
2539,491
2540,491
2541,491
2542,491
2543,491
2544,491
2545,491
2546,491
2547,491
2548,491
2549,491
2550,491
2551,491
2552,491
2553,491
2554,491
2555,491
2556,491
2557,491
2558,491
2559,491
2560,491
2561,491
2562,491
2563,491
2564,491
2565,491
2566,491
2567,491
2568,491
2569,491
2570,491
2571,491
2572,491
2573,491
2574,491
2575,492
2576,492
2577,492
2578,492
2579,492
2580,492
2581,492
2582,492
2583,492
2584,492
2585,492
2586,492
2587,492
2588,492
2589,492
2590,492
2591,492
2592,492
2593,492
2594,492
2595,492
2596,492
2597,492
2598,492
2599,492
2600,492
2601,492
2602,492
2603,492
2604,492
2605,492
2606,492
2607,492
2608,492
2609,492
2610,492
2611,492
2612,492
2613,492
2614,492
2615,492
2616,492
2617,492
2618,492
2619,492
2620,492
2621,492
2622,492
2623,492
2624,492
2625,492
2626,492
2627,492
2628,492
2629,492
2630,492
2631,492
2632,492
2633,492
2634,492
2635,492
2636,492
2637,492
2638,492
2639,492
2640,492
2641,492
2642,492
2643,492
2644,492
2645,492
2646,492
2647,492
2648,492
2649,492
2650,492
2651,492
2652,492
2653,492
2654,492
2655,492
2656,492
2657,492
2658,492
2659,492
2660,492
2661,492
2662,492
2663,492
2664,492
2665,492
2666,492
2667,492
2668,492
2669,492
2670,492
2671,492
2672,492
2673,492
2674,492
2675,492
2676,492
2677,492
2678,492
2679,492
2680,492
2681,492
2682,492
2683,492
2684,492
2685,492
2686,492
2687,492
2688,492
2689,492
2690,492
2691,492
2692,492
2693,492
2694,492
2695,492
2696,492
2697,492
2698,492
2699,492
2700,492
2701,492
2702,492
2703,492
2704,493
2705,493
2706,493
2707,493
2708,493
2709,493
2710,493
2711,493
2712,493
2713,493
2714,493
2715,493
2716,493
2717,493
2718,493
2719,493
2720,493
2721,493
2722,493
2723,493
2724,493
2725,493
2726,493
2727,493
2728,493
2729,493
2730,493
2731,493
2732,493
2733,493
2734,493
2735,493
2736,493
2737,493
2738,493
2739,493
2740,493
2741,493
2742,493
2743,493
2744,493
2745,493
2746,493
2747,493
2748,493
2749,493
2750,493
2751,493
2752,493
2753,493
2754,493
2755,493
2756,493
2757,493
2758,493
2759,493
2760,493
2761,493
2762,493
2763,493
2764,493
2765,493
2766,493
2767,493
2768,493
2769,493
2770,493
2771,493
2772,493
2773,493
2774,493
2775,493
2776,493
2777,493
2778,493
2779,493
2780,493
2781,493
2782,493
2783,493
2784,493
2785,493
2786,493
2787,493
2788,493
2789,493
2790,493
2791,493
2792,493
2793,493
2794,493
2795,493
2796,493
2797,493
2798,493
2799,493
2800,493
2801,493
2802,493
2803,493
2804,493
2805,493
2806,493
2807,493
2808,493
2809,493
2810,493
2811,493
2812,493
2813,493
2814,493
2815,493
2816,493
2817,493
2818,493
2819,493
2820,493
2821,493
2822,493
2823,493
2824,493
2825,493
2826,493
2827,493
2828,493
2829,493
2830,493
2831,493
2832,493
2833,493
2834,493
2835,493
2836,493
2837,493
2838,493
2839,493
2840,493
2841,493
2842,493
2843,493
2844,493
2845,493
2846,493
2847,493
2848,493
2849,493
2850,493
2851,493
2852,493
2853,493
2854,493
2855,493
2856,493
2857,493
2858,493
2859,493
2860,493
2861,493
2862,493
2863,493
2864,493
2865,493
2866,493
2867,493
2868,493
2869,493
2870,493
2871,493
2872,493
2873,493
2874,493
2875,493
2876,493
2877,493
2878,493
2879,493
2880,493
2881,493
2882,493
2883,493
2884,493
2885,493
2886,493
2887,493
2888,493
2889,493
2890,493
2891,493
2892,493
2893,493
2894,493
2895,493
2896,493
2897,493
2898,493
2899,493
2900,493
2901,493
2902,493
2903,493
2904,493
2905,493
2906,493
2907,493
2908,493
2909,493
2910,493
2911,493
2912,493
2913,493
2914,493
2915,493
2916,493
2917,493
2918,493
2919,493
2920,493
2921,493
2922,493
2923,493
2924,493
2925,493
2926,493
2927,493
2928,493
2929,493
2930,493
2931,493
2932,493
2933,493
2934,493
2935,493
2936,494
2937,494
2938,494
2939,494
2940,494
2941,494
2942,494
2943,494
2944,494
2945,494
2946,494
2947,494
2948,494
2949,494
2950,494
2951,494
2952,494
2953,494
2954,494
2955,494
2956,494
2957,494
2958,494
2959,494
2960,494
2961,494
2962,494
2963,494
2964,494
2965,494
2966,494
2967,494
2968,494
2969,494
2970,494
2971,494
2972,494
2973,494
2974,494
2975,494
2976,494
2977,494
2978,494
2979,494
2980,494
2981,494
2982,494
2983,494
2984,494
2985,494
2986,494
2987,494
2988,494
2989,494
2990,494
2991,494
2992,494
2993,494
2994,494
2995,494
2996,494
2997,494
2998,494
2999,494
3000,494
3001,494
3002,494
3003,494
3004,494
3005,494
3006,494
3007,494
3008,494
3009,494
3010,494
3011,494
3012,494
3013,494
3014,494
3015,494
3016,494
3017,494
3018,494
3019,494
3020,494
3021,494
3022,494
3023,494
3024,494
3025,494
3026,494
3027,494
3028,494
3029,494
3030,494
3031,494
3032,494
3033,494
3034,494
3035,494
3036,494
3037,494
3038,494
3039,494
3040,494
3041,494
3042,494
3043,494
3044,494
3045,494
3046,494
3047,495
3048,495
3049,495
3050,495
3051,495
3052,495
3053,495
3054,495
3055,495
3056,495
3057,495
3058,495
3059,495
3060,495
3061,495
3062,495
3063,495
3064,495
3065,495
3066,495
3067,495
3068,495
3069,495
3070,495
3071,495
3072,495
3073,495
3074,495
3075,495
3076,495
3077,495
3078,495
3079,495
3080,495
3081,495
3082,495
3083,495
3084,495
3085,495
3086,495
3087,495
3088,495
3089,495
3090,495
3091,495
3092,495
3093,495
3094,495
3095,495
3096,495
3097,495
3098,495
3099,495
3100,495
3101,495
3102,495
3103,495
3104,495
3105,495
3106,495
3107,495
3108,495
3109,495
3110,495
3111,495
3112,495
3113,495
3114,495
3115,495
3116,495
3117,495
3118,495
3119,495
3120,495
3121,495
3122,495
3123,495
3124,495
3125,495
3126,495
3127,495
3128,495
3129,495
3130,495
3131,495
3132,495
3133,495
3134,495
3135,495
3136,495
3137,495
3138,495
3139,495
3140,495
3141,495
3142,495
3143,495
3144,495
3145,495
3146,495
3147,495
3148,495
3149,495
3150,495
3151,495
3152,495
3153,495
3154,495
3155,495
3156,495
3157,495
3158,495
3159,495
3160,495
3161,495
3162,495
3163,495
3164,495
3165,495
3166,495
3167,495
3168,495
3169,495
3170,495
3171,495
3172,495
3173,495
3174,495
3175,495
3176,495
3177,495
3178,495
3179,495
3180,495
3181,495
3182,495
3183,495
3184,495
3185,495
3186,495
3187,495
3188,495
3189,495
3190,495
3191,495
3192,495
3193,495
3194,495
3195,495
3196,495
3197,495
3198,495
3199,495
3200,495
3201,495
3202,495
3203,495
3204,495
3205,495
3206,495
3207,495
3208,495
3209,495
3210,495
3211,495
3212,495
3213,495
3214,495
3215,495
3216,495
3217,495
3218,495
3219,495
3220,495
3221,495
3222,495
3223,495
3224,495
3225,495
3226,495
3227,495
3228,495
3229,495
3230,495
3231,495
3232,495
3233,495
3234,495
3235,495
3236,495
3237,495
3238,495
3239,495
3240,495
3241,495
3242,495
3243,495
3244,495
3245,495
3246,495
3247,495
3248,495
3249,495
3250,495
3251,495
3252,495
3253,495
3254,495
3255,495
3256,495
3257,495
3258,495
3259,495
3260,495
3261,495
3262,495
3263,495
3264,495
3265,495
3266,495
3267,495
3268,495
3269,495
3270,495
3271,495
3272,495
3273,495
3274,495
3275,495
3276,495
3277,495
3278,495
3279,495
3280,495
3281,495
3282,495
3283,495
3284,495
3285,495
3286,495
3287,495
3288,495
3289,495
3290,495
3291,495
3292,495
3293,495
3294,495
3295,495
3296,495
3297,495
3298,495
3299,495
3300,496
3301,496
3302,496
3303,496
3304,496
3305,496
3306,496
3307,496
3308,496
3309,496
3310,496
3311,496
3312,496
3313,496
3314,496
3315,496
3316,496
3317,496
3318,496
3319,496
3320,496
3321,496
3322,496
3323,496
3324,496
3325,496
3326,496
3327,496
3328,496
3329,496
3330,496
3331,496
3332,496
3333,496
3334,496
3335,496
3336,496
3337,496
3338,496
3339,496
3340,496
3341,496
3342,496
3343,496
3344,496
3345,496
3346,496
3347,496
3348,496
3349,496
3350,496
3351,496
3352,496
3353,496
3354,496
3355,496
3356,496
3357,496
3358,496
3359,496
3360,496
3361,496
3362,496
3363,496
3364,496
3365,496
3366,496
3367,496
3368,496
3369,496
3370,496
3371,496
3372,496
3373,496
3374,496
3375,496
3376,496
3377,496
3378,496
3379,496
3380,496
3381,496
3382,496
3383,496
3384,496
3385,496
3386,496
3387,496
3388,496
3389,496
3390,496
3391,496
3392,496
3393,496
3394,496
3395,496
3396,496
3397,496
3398,496
3399,496
3400,496
3401,496
3402,496
3403,496
3404,496
3405,496
3406,496
3407,496
3408,496
3409,496
3410,496
3411,496
3412,496
3413,496
3414,496
3415,496
3416,496
3417,496
3418,496
3419,496
3420,496
3421,496
3422,496
3423,496
3424,496
3425,496
3426,496
3427,496
3428,496
3429,496
3430,496
3431,496
3432,496
3433,496
3434,496
3435,496
3436,496
3437,496
3438,496
3439,496
3440,496
3441,496
3442,496
3443,496
3444,496
3445,496
3446,496
3447,496
3448,496
3449,496
3450,496
3451,496
3452,496
3453,496
3454,496
3455,496
3456,496
3457,496
3458,496
3459,496
3460,496
3461,496
3462,496
3463,496
3464,496
3465,496
3466,496
3467,496
3468,496
3469,496
3470,496
3471,496
3472,496
3473,496
3474,496
3475,496
3476,496
3477,496
3478,496
3479,496
3480,496
3481,497
3482,497
3483,497
3484,497
3485,497
3486,497
3487,497
3488,497
3489,497
3490,497
3491,497
3492,497
3493,497
3494,497
3495,497
3496,497
3497,497
3498,497
3499,497
3500,497
3501,497
3502,497
3503,497
3504,497
3505,497
3506,497
3507,497
3508,497
3509,497
3510,497
3511,497
3512,497
3513,497
3514,497
3515,497
3516,497
3517,497
3518,497
3519,497
3520,497
3521,497
3522,497
3523,497
3524,497
3525,497
3526,497
3527,497
3528,497
3529,497
3530,497
3531,497
3532,497
3533,497
3534,497
3535,497
3536,497
3537,497
3538,497
3539,497
3540,497
3541,497
3542,497
3543,497
3544,497
3545,497
3546,497
3547,497
3548,497
3549,497
3550,497
3551,497
3552,497
3553,497
3554,497
3555,497
3556,497
3557,497
3558,497
3559,497
3560,497
3561,497
3562,497
3563,497
3564,497
3565,497
3566,497
3567,497
3568,497
3569,497
3570,497
3571,497
3572,497
3573,497
3574,497
3575,497
3576,497
3577,497
3578,497
3579,497
3580,497
3581,497
3582,497
3583,497
3584,497
3585,497
3586,497
3587,497
3588,497
3589,497
3590,497
3591,497
3592,497
3593,497
3594,497
3595,497
3596,497
3597,497
3598,497
3599,497
3600,497
3601,497
3602,497
3603,497
3604,497
3605,497
3606,497
3607,497
3608,497
3609,497
3610,497
3611,497
3612,497
3613,497
3614,497
3615,497
3616,497
3617,497
3618,497
3619,497
3620,497
3621,497
3622,497
3623,497
3624,497
3625,497
3626,497
3627,497
3628,497
3629,497
3630,497
3631,497
3632,497
3633,497
3634,497
3635,497
3636,497
3637,497
3638,497
3639,497
3640,497
3641,497
3642,497
3643,497
3644,497
3645,497
3646,497
3647,497
3648,497
3649,497
3650,497
3651,497
3652,497
3653,497
3654,497
3655,497
3656,497
3657,497
3658,497
3659,497
3660,497
3661,497
3662,497
3663,497
3664,497
3665,497
3666,497
3667,497
3668,497
3669,497
3670,497
3671,497
3672,497
3673,497
3674,497
3675,497
3676,497
3677,497
3678,497
3679,497
3680,497
3681,497
3682,497
3683,497
3684,497
3685,497
3686,497
3687,497
3688,497
3689,497
3690,497
3691,497
3692,497
3693,497
3694,497
3695,497
3696,497
3697,497
3698,497
3699,497
3700,497
3701,497
3702,497
3703,497
3704,497
3705,497
3706,497
3707,497
3708,497
3709,497
3710,497
3711,497
3712,497
3713,497
3714,497
3715,497
3716,497
3717,497
3718,497
3719,497
3720,497
3721,497
3722,497
3723,497
3724,497
3725,497
3726,497
3727,497
3728,497
3729,497
3730,497
3731,497
3732,497
3733,497
3734,497
3735,497
3736,497
3737,497
3738,497
3739,497
3740,497
3741,497
3742,497
3743,497
3744,497
3745,497
3746,497
3747,497
3748,497
3749,497
3750,497
3751,497
3752,497
3753,497
3754,497
3755,497
3756,497
3757,497
3758,497
3759,497
3760,497
3761,497
3762,497
3763,497
3764,497
3765,497
3766,497
3767,497
3768,497
3769,497
3770,497
3771,497
3772,497
3773,497
3774,497
3775,497
3776,497
3777,497
3778,497
3779,497
3780,497
3781,497
3782,497
3783,497
3784,497
3785,497
3786,497
3787,497
3788,497
3789,498
3790,498
3791,498
3792,498
3793,498
3794,498
3795,498
3796,498
3797,498
3798,498
3799,498
3800,498
3801,498
3802,498
3803,498
3804,498
3805,498
3806,498
3807,498
3808,498
3809,498
3810,498
3811,498
3812,498
3813,498
3814,498
3815,498
3816,498
3817,498
3818,498
3819,498
3820,498
3821,498
3822,498
3823,498
3824,498
3825,498
3826,498
3827,498
3828,498
3829,498
3830,498
3831,498
3832,498
3833,498
3834,498
3835,498
3836,498
3837,498
3838,498
3839,498
3840,498
3841,498
3842,498
3843,498
3844,498
3845,498
3846,498
3847,498
3848,498
3849,498
3850,498
3851,498
3852,498
3853,498
3854,498
3855,498
3856,498
3857,498
3858,498
3859,498
3860,498
3861,498
3862,498
3863,498
3864,498
3865,498
3866,498
3867,498
3868,498
3869,498
3870,498
3871,498
3872,498
3873,498
3874,498
3875,498
3876,498
3877,498
3878,498
3879,498
3880,498
3881,498
3882,498
3883,498
3884,498
3885,498
3886,498
3887,498
3888,498
3889,498
3890,498
3891,498
3892,498
3893,498
3894,498
3895,498
3896,498
3897,498
3898,498
3899,498
3900,498
3901,498
3902,498
3903,498
3904,498
3905,498
3906,498
3907,498
3908,498
3909,498
3910,498
3911,498
3912,498
3913,498
3914,498
3915,498
3916,498
3917,498
3918,498
3919,498
3920,498
3921,498
3922,498
3923,498
3924,498
3925,498
3926,498
3927,498
3928,498
3929,498
3930,498
3931,498
3932,498
3933,498
3934,498
3935,498
3936,498
3937,498
3938,498
3939,498
3940,499
3941,499
3942,499
3943,499
3944,499
3945,499
3946,499
3947,499
3948,499
3949,499
3950,499
3951,499
3952,499
3953,499
3954,499
3955,499
3956,499
3957,499
3958,499
3959,499
3960,499
3961,499
3962,499
3963,499
3964,499
3965,499
3966,499
3967,499
3968,499
3969,499
3970,499
3971,499
3972,499
3973,499
3974,499
3975,499
3976,499
3977,499
3978,499
3979,499
3980,499
3981,499
3982,499
3983,499
3984,499
3985,499
3986,499
3987,499
3988,499
3989,499
3990,499
3991,499
3992,499
3993,499
3994,499
3995,499
3996,499
3997,499
3998,499
3999,499
4000,499
4001,499
4002,499
4003,499
4004,499
4005,499
4006,499
4007,499
4008,499
4009,499
4010,499
4011,499
4012,499
4013,499
4014,499
4015,499
4016,499
4017,499
4018,499
4019,499
4020,499
4021,499
4022,499
4023,499
4024,499
4025,499
4026,499
4027,499
4028,499
4029,499
4030,499
4031,499
4032,500
