0,0
1,1
2,2
3,3
4,4
5,5
6,6
7,7
8,7
9,8
10,9
11,10
12,11
13,12
14,12
15,12
16,13
17,14
18,15
19,16
20,16
21,17
22,18
23,19
24,20
25,21
26,22
27,23
28,24
29,25
30,26
31,27
32,27
33,27
34,27
35,27
36,28
37,29
38,30
39,31
40,32
41,32
42,33
43,34
44,35
45,36
46,37
47,38
48,38
49,39
50,40
51,41
52,42
53,43
54,44
55,45
56,46
57,47
58,47
59,48
60,48
61,49
62,50
63,51
64,52
65,53
66,54
67,55
68,56
69,57
70,58
71,59
72,60
73,61
74,62
75,62
76,62
77,63
78,63
79,64
80,65
81,65
82,65
83,66
84,67
85,67
86,68
87,69
88,70
89,71
90,72
91,73
92,74
93,75
94,76
95,76
96,77
97,78
98,79
99,80
100,81
101,81
102,81
103,82
104,83
105,84
106,85
107,86
108,87
109,87
110,87
111,88
112,88
113,88
114,88
115,88
116,88
117,89
118,90
119,91
120,91
121,91
122,92
123,93
124,94
125,95
126,95
127,96
128,97
129,98
130,99
131,100
132,101
133,102
134,103
135,103
136,104
137,104
138,105
139,106
140,106
141,106
142,106
143,107
144,107
145,107
146,108
147,109
148,110
149,111
150,112
151,113
152,114
153,115
154,116
155,117
156,118
157,119
158,120
159,121
160,121
161,121
162,121
163,122
164,123
165,123
166,123
167,123
168,123
169,124
170,124
171,124
172,125
173,125
174,125
175,126
176,127
177,128
178,129
179,130
180,130
181,131
182,132
183,133
184,134
185,134
186,135
187,136
188,136
189,137
190,138
191,139
192,139
193,139
194,139
195,140
196,141
197,142
198,143
199,144
200,145
201,146
202,147
203,148
204,149
205,150
206,151
207,152
208,153
209,154
210,155
211,156
212,157
213,158
214,159
215,160
216,161
217,162
218,163
219,164
220,164
221,165
222,166
223,167
224,167
225,168
226,169
227,170
228,171
229,172
230,173
231,173
232,174
233,175
234,176
235,176
236,177
237,178
238,178
239,179
240,180
241,181
242,181
243,182
244,182
245,182
246,182
247,183
248,183
249,184
250,184
251,184
252,185
253,185
254,185
255,185
256,185
257,185
258,186
259,186
260,186
261,186
262,187
263,187
264,187
265,187
266,187
267,187
268,188
269,188
270,189
271,190
272,191
273,192
274,193
275,193
276,193
277,193
278,193
279,193
280,194
281,195
282,195
283,195
284,195
285,196
286,197
287,197
288,197
289,198
290,198
291,199
292,200
293,201
294,202
295,202
296,202
297,202
298,202
299,202
300,203
301,204
302,204
303,204
304,205
305,206
306,206
307,207
308,207
309,208
310,208
311,208
312,209
313,210
314,211
315,212
316,213
317,213
318,214
319,214
320,215
321,215
322,215
323,215
324,215
325,215
326,216
327,217
328,218
329,219
330,219
331,220
332,220
333,220
334,221
335,222
336,222
337,222
338,223
339,223
340,224
341,225
342,226
343,227
344,227
345,227
346,227
347,227
348,228
349,228
350,228
351,229
352,229
353,229
354,230
355,231
356,232
357,232
358,233
359,233
360,233
361,234
362,234
363,235
364,236
365,236
366,236
367,236
368,237
369,237
370,237
371,237
372,237
373,237
374,238
375,238
376,238
377,238
378,239
379,239
380,239
381,240
382,241
383,241
384,241
385,241
386,241
387,241
388,241
389,241
390,241
391,241
392,241
393,241
394,242
395,242
396,243
397,243
398,243
399,244
400,245
401,246
402,247
403,247
404,248
405,249
406,249
407,249
408,250
409,250
410,251
411,251
412,251
413,251
414,252
415,252
416,253
417,253
418,253
419,253
420,254
421,254
422,255
423,255
424,255
425,255
426,255
427,255
428,256
429,256
430,256
431,256
432,256
433,256
434,257
435,257
436,257
437,257
438,257
439,257
440,257
441,257
442,258
443,259
444,260
445,260
446,260
447,260
448,260
449,260
450,260
451,260
452,260
453,260
454,260
455,260
456,260
457,260
458,261
459,261
460,261
461,261
462,261
463,261
464,262
465,262
466,262
467,262
468,262
469,262
470,262
471,262
472,263
473,263
474,263
475,264
476,264
477,264
478,265
479,265
480,266
481,266
482,266
483,266
484,266
485,266
486,266
487,266
488,266
489,266
490,266
491,266
492,266
493,266
494,266
495,266
496,266
497,266
498,266
499,267
500,267
501,267
502,267
503,268
504,268
505,268
506,268
507,268
508,268
509,268
510,268
511,268
512,268
513,268
514,268
515,268
516,268
517,268
518,269
519,269
520,269
521,270
522,271
523,271
524,271
525,271
526,271
527,271
528,271
529,271
530,271
531,271
532,271
533,271
534,271
535,271
536,271
537,271
538,271
539,271
540,271
541,271
542,271
543,271
544,271
545,271
546,271
547,271
548,271
549,271
550,271
551,271
552,271
553,271
554,272
555,272
556,273
557,273
558,274
559,274
560,274
561,274
562,274
563,274
564,275
565,275
566,275
567,275
568,275
569,275
570,276
571,276
572,276
573,276
574,276
575,276
576,276
577,276
578,276
579,276
580,276
581,277
582,278
583,278
584,278
585,278
586,279
587,279
588,279
589,279
590,279
591,279
592,279
593,280
594,281
595,281
596,281
597,281
598,282
599,283
600,284
601,285
602,286
603,287
604,288
605,289
606,290
607,291
608,291
609,291
610,291
611,291
612,291
613,292
614,293
615,294
616,295
617,296
618,297
619,297
620,297
621,297
622,297
623,298
624,298
625,298
626,298
627,298
628,298
629,298
630,299
631,299
632,299
633,300
634,300
635,300
636,300
637,300
638,300
639,300
640,300
641,300
642,300
643,300
644,300
645,300
646,300
647,300
648,300
649,301
650,302
651,302
652,303
653,303
654,303
655,303
656,303
657,303
658,303
659,303
660,303
661,304
662,305
663,305
664,306
665,306
666,306
667,306
668,306
669,306
670,307
671,307
672,307
673,307
674,307
675,307
676,307
677,308
678,308
679,308
680,309
681,309
682,309
683,309
684,309
685,309
686,309
687,309
688,310
689,310
690,311
691,312
692,312
693,313
694,314
695,314
696,314
697,314
698,315
699,315
700,315
701,315
702,315
703,315
704,315
705,315
706,315
707,315
708,316
709,316
710,316
711,317
712,317
713,317
714,318
715,319
716,319
717,319
718,319
719,319
720,320
721,320
722,321
723,322
724,323
725,323
726,324
727,325
728,326
729,327
730,328
731,329
732,330
733,331
734,331
735,332
736,333
737,333
738,333
739,334
740,335
741,335
742,335
743,336
744,336
745,337
746,337
747,338
748,338
749,339
750,339
751,340
752,341
753,342
754,342
755,342
756,343
757,343
758,343
759,343
760,343
761,343
762,344
763,345
764,345
765,345
766,345
767,345
768,345
769,345
770,345
771,345
772,346
773,346
774,346
775,346
776,347
777,348
778,348
779,348
780,348
781,348
782,348
783,348
784,348
785,348
786,349
787,350
788,350
789,350
790,350
791,350
792,350
793,350
794,350
795,350
796,350
797,350
798,350
799,350
800,350
801,350
802,350
803,350
804,350
805,350
806,351
807,351
808,352
809,352
810,352
811,352
812,352
813,352
814,352
815,352
816,352
817,352
818,352
819,352
820,352
821,352
822,352
823,352
824,352
825,352
826,352
827,352
828,352
829,352
830,352
831,353
832,354
833,355
834,356
835,357
836,357
837,357
838,358
839,359
840,360
841,361
842,362
843,363
844,363
845,363
846,363
847,363
848,363
849,363
850,363
851,363
852,363
853,363
854,363
855,363
856,363
857,364
858,364
859,364
860,364
861,365
862,365
863,366
864,367
865,367
866,367
867,367
868,367
869,367
870,367
871,367
872,367
873,367
874,367
875,367
876,367
877,367
878,367
879,367
880,367
881,367
882,367
883,367
884,367
885,367
886,367
887,367
888,367
889,367
890,367
891,367
892,367
893,367
894,368
895,368
896,368
897,368
898,369
899,369
900,369
901,369
902,369
903,370
904,370
905,370
906,370
907,370
908,370
909,370
910,370
911,370
912,370
913,370
914,370
915,370
916,370
917,370
918,370
919,370
920,370
921,370
922,371
923,371
924,371
925,371
926,371
927,371
928,371
929,371
930,371
931,371
932,371
933,371
934,371
935,371
936,371
937,371
938,371
939,371
940,371
941,371
942,371
943,371
944,371
945,371
946,372
947,372
948,372
949,372
950,372
951,372
952,372
953,372
954,372
955,372
956,372
957,372
958,372
959,372
960,372
961,372
962,372
963,372
964,372
965,372
966,372
967,372
968,372
969,372
970,372
971,372
972,372
973,372
974,372
975,372
976,372
977,372
978,372
979,372
980,372
981,372
982,373
983,373
984,373
985,373
986,374
987,374
988,374
989,374
990,374
991,374
992,374
993,375
994,375
995,376
996,376
997,376
998,376
999,376
1000,376
1001,376
1002,376
1003,377
1004,377
1005,377
1006,377
1007,377
1008,377
1009,377
1010,377
1011,378
1012,378
1013,378
1014,378
1015,378
1016,379
1017,379
1018,380
1019,381
1020,381
1021,381
1022,382
1023,383
1024,384
1025,385
1026,386
1027,387
1028,388
1029,389
1030,390
1031,391
1032,392
1033,393
1034,394
1035,395
1036,396
1037,396
1038,396
1039,397
1040,397
1041,397
1042,397
1043,397
1044,398
1045,399
1046,400
1047,400
1048,401
1049,401
1050,402
1051,402
1052,402
1053,402
1054,402
1055,402
1056,402
1057,402
1058,402
1059,402
1060,402
1061,402
1062,402
1063,402
1064,402
1065,402
1066,402
1067,402
1068,402
1069,402
1070,402
1071,402
1072,402
1073,402
1074,402
1075,402
1076,402
1077,402
1078,402
1079,402
1080,402
1081,402
1082,402
1083,402
1084,402
1085,402
1086,402
1087,402
1088,402
1089,402
1090,402
1091,402
1092,402
1093,402
1094,402
1095,403
1096,403
1097,403
1098,404
1099,404
1100,404
1101,404
1102,404
1103,404
1104,404
1105,404
1106,404
1107,404
1108,404
1109,404
1110,404
1111,404
1112,405
1113,405
1114,405
1115,405
1116,405
1117,406
1118,406
1119,406
1120,406
1121,406
1122,406
1123,406
1124,406
1125,406
1126,406
1127,406
1128,407
1129,407
1130,407
1131,407
1132,407
1133,407
1134,407
1135,407
1136,407
1137,407
1138,407
1139,407
1140,407
1141,407
1142,407
1143,407
1144,407
1145,408
1146,408
1147,408
1148,408
1149,409
1150,409
1151,409
1152,410
1153,411
1154,411
1155,411
1156,411
1157,411
1158,412
1159,413
1160,413
1161,413
1162,413
1163,413
1164,413
1165,413
1166,413
1167,413
1168,413
1169,413
1170,413
1171,413
1172,413
1173,413
1174,414
1175,414
1176,414
1177,414
1178,415
1179,415
1180,415
1181,415
1182,415
1183,415
1184,415
1185,415
1186,415
1187,415
1188,415
1189,415
1190,415
1191,415
1192,415
1193,415
1194,415
1195,415
1196,415
1197,415
1198,415
1199,415
1200,415
1201,415
1202,415
1203,415
1204,415
1205,415
1206,415
1207,415
1208,415
1209,415
1210,415
1211,415
1212,415
1213,415
1214,415
1215,415
1216,415
1217,415
1218,415
1219,415
1220,415
1221,415
1222,415
1223,415
1224,415
1225,416
1226,416
1227,416
1228,416
1229,416
1230,416
1231,416
1232,416
1233,416
1234,416
1235,416
1236,416
1237,416
1238,416
1239,416
1240,416
1241,416
1242,416
1243,416
1244,416
1245,416
1246,416
1247,416
1248,416
1249,416
1250,416
1251,417
1252,417
1253,418
1254,419
1255,419
1256,419
1257,419
1258,420
1259,420
1260,420
1261,420
1262,420
1263,420
1264,420
1265,420
1266,420
1267,420
1268,420
1269,420
1270,420
1271,420
1272,420
1273,420
1274,420
1275,420
1276,420
1277,420
1278,420
1279,420
1280,420
1281,420
1282,420
1283,420
1284,420
1285,420
1286,420
1287,420
1288,420
1289,420
1290,420
1291,420
1292,420
1293,420
1294,420
1295,420
1296,420
1297,420
1298,420
1299,420
1300,420
1301,420
1302,420
1303,420
1304,420
1305,420
1306,420
1307,420
1308,420
1309,420
1310,420
1311,420
1312,420
1313,420
1314,420
1315,420
1316,420
1317,421
1318,421
1319,421
1320,421
1321,421
1322,421
1323,422
1324,422
1325,422
1326,422
1327,422
1328,422
1329,422
1330,422
1331,422
1332,422
1333,422
1334,422
1335,422
1336,422
1337,422
1338,422
1339,422
1340,422
1341,422
1342,422
1343,422
1344,422
1345,422
1346,422
1347,422
1348,422
1349,422
1350,422
1351,422
1352,422
1353,422
1354,422
1355,422
1356,422
1357,422
1358,422
1359,422
1360,423
1361,423
1362,423
1363,423
1364,423
1365,423
1366,423
1367,423
1368,423
1369,423
1370,423
1371,423
1372,423
1373,423
1374,423
1375,423
1376,423
1377,423
1378,423
1379,423
1380,423
1381,423
1382,423
1383,423
1384,423
1385,423
1386,423
1387,423
1388,423
1389,423
1390,423
1391,423
1392,423
1393,423
1394,423
1395,423
1396,423
1397,423
1398,423
1399,423
1400,423
1401,423
1402,423
1403,423
1404,423
1405,424
1406,424
1407,424
1408,424
1409,424
1410,424
1411,425
1412,425
1413,425
1414,426
1415,426
1416,427
1417,427
1418,428
1419,429
1420,429
1421,429
1422,429
1423,429
1424,429
1425,429
1426,430
1427,431
1428,431
1429,431
1430,431
1431,431
1432,431
1433,432
1434,433
1435,433
1436,434
1437,434
1438,435
1439,435
1440,435
1441,435
1442,435
1443,436
1444,436
1445,436
1446,436
1447,436
1448,436
1449,436
1450,436
1451,436
1452,436
1453,436
1454,436
1455,436
1456,436
1457,436
1458,436
1459,436
1460,436
1461,436
1462,436
1463,436
1464,436
1465,436
1466,436
1467,436
1468,436
1469,436
1470,436
1471,436
1472,436
1473,436
1474,436
1475,436
1476,436
1477,436
1478,437
1479,437
1480,437
1481,437
1482,437
1483,437
1484,437
1485,437
1486,437
1487,437
1488,437
1489,438
1490,438
1491,438
1492,438
1493,438
1494,438
1495,438
1496,438
1497,438
1498,438
1499,438
1500,438
1501,438
1502,438
1503,438
1504,438
1505,438
1506,439
1507,440
1508,440
1509,440
1510,440
1511,440
1512,440
1513,440
1514,440
1515,441
1516,442
1517,442
1518,443
1519,443
1520,443
1521,443
1522,443
1523,444
1524,445
1525,445
1526,445
1527,445
1528,445
1529,445
1530,445
1531,445
1532,445
1533,446
1534,446
1535,446
1536,446
1537,446
1538,446
1539,447
1540,447
1541,447
1542,447
1543,447
1544,447
1545,447
1546,447
1547,447
1548,447
1549,447
1550,447
1551,447
1552,447
1553,447
1554,447
1555,447
1556,448
1557,449
1558,449
1559,449
1560,449
1561,449
1562,449
1563,449
1564,449
1565,449
1566,449
1567,449
1568,449
1569,449
1570,450
1571,450
1572,450
1573,451
1574,451
1575,451
1576,451
1577,451
1578,451
1579,451
1580,451
1581,451
1582,451
1583,451
1584,451
1585,452
1586,452
1587,452
1588,452
1589,452
1590,452
1591,452
1592,452
1593,452
1594,452
1595,452
1596,452
1597,452
1598,452
1599,452
1600,452
1601,452
1602,452
1603,453
1604,453
1605,453
1606,453
1607,453
1608,453
1609,453
1610,453
1611,453
1612,453
1613,453
1614,453
1615,453
1616,453
1617,453
1618,453
1619,453
1620,453
1621,453
1622,453
1623,453
1624,453
1625,453
1626,453
1627,453
1628,453
1629,453
1630,453
1631,453
1632,453
1633,453
1634,453
1635,453
1636,453
1637,453
1638,453
1639,453
1640,453
1641,453
1642,453
1643,453
1644,453
1645,453
1646,453
1647,453
1648,453
1649,453
1650,453
1651,453
1652,453
1653,453
1654,453
1655,453
1656,453
1657,453
1658,453
1659,453
1660,453
1661,453
1662,453
1663,453
1664,453
1665,453
1666,453
1667,453
1668,453
1669,453
1670,453
1671,453
1672,453
1673,453
1674,453
1675,453
1676,453
1677,453
1678,453
1679,453
1680,453
1681,453
1682,453
1683,453
1684,453
1685,453
1686,453
1687,453
1688,453
1689,453
1690,453
1691,454
1692,454
1693,454
1694,455
1695,456
1696,457
1697,458
1698,458
1699,458
1700,458
1701,458
1702,458
1703,458
1704,459
1705,460
1706,460
1707,460
1708,460
1709,460
1710,460
1711,461
1712,461
1713,461
1714,461
1715,462
1716,462
1717,463
1718,463
1719,464
1720,464
1721,464
1722,464
1723,464
1724,465
1725,465
1726,465
1727,465
1728,465
1729,466
1730,467
1731,468
1732,468
1733,468
1734,468
1735,469
1736,469
1737,469
1738,469
1739,469
1740,469
1741,469
1742,469
1743,469
1744,469
1745,469
1746,469
1747,469
1748,469
1749,469
1750,469
1751,469
1752,469
1753,469
1754,469
1755,469
1756,469
1757,469
1758,469
1759,469
1760,469
1761,469
1762,469
1763,469
1764,469
1765,469
1766,469
1767,470
1768,470
1769,471
1770,472
1771,472
1772,472
1773,472
1774,472
1775,472
1776,472
1777,472
1778,472
1779,472
1780,473
1781,473
1782,473
1783,473
1784,473
1785,473
1786,473
1787,473
1788,473
1789,473
1790,473
1791,473
1792,473
1793,473
1794,473
1795,473
1796,473
1797,473
1798,473
1799,474
1800,474
1801,474
1802,474
1803,474
1804,474
1805,474
1806,474
1807,474
1808,474
1809,474
1810,474
1811,474
1812,474
1813,474
1814,474
1815,474
1816,474
1817,474
1818,474
1819,474
1820,474
1821,474
1822,474
1823,474
1824,474
1825,474
1826,474
1827,474
1828,474
1829,474
1830,475
1831,475
1832,475
1833,475
1834,475
1835,475
1836,476
1837,476
1838,476
1839,476
1840,476
1841,476
1842,476
1843,476
1844,476
1845,476
1846,476
1847,476
1848,476
1849,476
1850,476
1851,476
1852,476
1853,476
1854,476
1855,476
1856,476
1857,476
1858,476
1859,476
1860,476
1861,476
1862,476
1863,476
1864,476
1865,476
1866,476
1867,476
1868,476
1869,476
1870,476
1871,476
1872,476
1873,476
1874,476
1875,476
1876,476
1877,476
1878,476
1879,476
1880,476
1881,476
1882,476
1883,476
1884,476
1885,476
1886,476
1887,476
1888,476
1889,476
1890,476
1891,476
1892,476
1893,476
1894,476
1895,476
1896,476
1897,476
1898,476
1899,476
1900,476
1901,477
1902,477
1903,477
1904,477
1905,477
1906,477
1907,477
1908,477
1909,477
1910,477
1911,477
1912,477
1913,477
1914,477
1915,477
1916,477
1917,477
1918,477
1919,477
1920,477
1921,477
1922,478
1923,478
1924,478
1925,478
1926,478
1927,478
1928,478
1929,478
1930,478
1931,478
1932,478
1933,478
1934,478
1935,478
1936,478
1937,478
1938,478
1939,478
1940,478
1941,478
1942,478
1943,478
1944,478
1945,478
1946,478
1947,478
1948,478
1949,478
1950,478
1951,478
1952,478
1953,478
1954,478
1955,478
1956,478
1957,478
1958,478
1959,478
1960,478
1961,478
1962,478
1963,478
1964,478
1965,478
1966,478
1967,478
1968,478
1969,478
1970,478
1971,478
1972,478
1973,478
1974,478
1975,478
1976,478
1977,478
1978,478
1979,478
1980,478
1981,478
1982,478
1983,478
1984,478
1985,478
1986,478
1987,478
1988,478
1989,478
1990,478
1991,478
1992,478
1993,478
1994,478
1995,478
1996,478
1997,478
1998,478
1999,478
2000,478
2001,478
2002,478
2003,478
2004,478
2005,478
2006,478
2007,478
2008,478
2009,478
2010,478
2011,478
2012,478
2013,478
2014,478
2015,478
2016,478
2017,478
2018,478
2019,478
2020,478
2021,478
2022,478
2023,478
2024,478
2025,478
2026,478
2027,478
2028,478
2029,478
2030,478
2031,478
2032,478
2033,478
2034,478
2035,478
2036,478
2037,478
2038,478
2039,478
2040,478
2041,478
2042,478
2043,478
2044,478
2045,479
2046,479
2047,479
2048,479
2049,479
2050,479
2051,479
2052,479
2053,479
2054,479
2055,479
2056,479
2057,479
2058,479
2059,479
2060,479
2061,479
2062,479
2063,479
2064,479
2065,479
2066,479
2067,480
2068,480
2069,480
2070,480
2071,480
2072,480
2073,480
2074,480
2075,480
2076,480
2077,480
2078,480
2079,480
2080,480
2081,480
2082,480
2083,480
2084,480
2085,480
2086,480
2087,480
2088,480
2089,480
2090,480
2091,480
2092,480
2093,480
2094,480
2095,480
2096,480
2097,480
2098,480
2099,480
2100,480
2101,480
2102,480
2103,480
2104,480
2105,480
2106,480
2107,480
2108,480
2109,480
2110,480
2111,480
2112,480
2113,481
2114,481
2115,482
2116,483
2117,483
2118,483
2119,483
2120,483
2121,483
2122,484
2123,484
2124,484
2125,484
2126,484
2127,484
2128,484
2129,484
2130,484
2131,484
2132,484
2133,484
2134,484
2135,484
2136,484
2137,484
2138,484
2139,484
2140,484
2141,484
2142,484
2143,484
2144,484
2145,484
2146,484
2147,484
2148,484
2149,484
2150,484
2151,484
2152,484
2153,484
2154,484
2155,484
2156,484
2157,484
2158,484
2159,484
2160,484
2161,484
2162,484
2163,484
2164,484
2165,484
2166,484
2167,484
2168,484
2169,484
2170,484
2171,484
2172,484
2173,484
2174,484
2175,484
2176,484
2177,484
2178,484
2179,484
2180,484
2181,484
2182,484
2183,484
2184,484
2185,484
2186,484
2187,484
2188,484
2189,484
2190,484
2191,484
2192,484
2193,484
2194,484
2195,484
2196,484
2197,484
2198,484
2199,484
2200,484
2201,484
2202,484
2203,484
2204,484
2205,484
2206,484
2207,484
2208,484
2209,484
2210,484
2211,484
2212,484
2213,484
2214,484
2215,484
2216,484
2217,484
2218,484
2219,484
2220,484
2221,484
2222,484
2223,484
2224,484
2225,484
2226,484
2227,484
2228,484
2229,484
2230,484
2231,484
2232,484
2233,484
2234,484
2235,484
2236,484
2237,484
2238,484
2239,484
2240,484
2241,484
2242,484
2243,484
2244,484
2245,484
2246,484
2247,484
2248,484
2249,484
2250,484
2251,484
2252,484
2253,484
2254,484
2255,484
2256,484
2257,484
2258,484
2259,484
2260,484
2261,484
2262,484
2263,484
2264,484
2265,484
2266,485
2267,485
2268,485
2269,485
2270,485
2271,485
2272,485
2273,485
2274,485
2275,485
2276,485
2277,485
2278,485
2279,485
2280,485
2281,485
2282,485
2283,485
2284,485
2285,485
2286,485
2287,485
2288,485
2289,485
2290,485
2291,485
2292,485
2293,485
2294,485
2295,485
2296,485
2297,485
2298,485
2299,485
2300,485
2301,485
2302,486
2303,486
2304,486
2305,486
2306,486
2307,486
2308,486
2309,486
2310,486
2311,486
2312,486
2313,486
2314,486
2315,486
2316,486
2317,486
2318,486
2319,486
2320,486
2321,486
2322,486
2323,486
2324,486
2325,486
2326,486
2327,486
2328,486
2329,486
2330,486
2331,486
2332,486
2333,486
2334,486
2335,486
2336,486
2337,486
2338,486
2339,486
2340,486
2341,486
2342,486
2343,486
2344,486
2345,486
2346,486
2347,486
2348,486
2349,486
2350,486
2351,486
2352,486
2353,487
2354,488
2355,488
2356,488
2357,488
2358,488
2359,488
2360,488
2361,488
2362,488
2363,488
2364,488
2365,488
2366,488
2367,488
2368,488
2369,488
2370,488
2371,488
2372,488
2373,488
2374,488
2375,488
2376,488
2377,488
2378,488
2379,488
2380,488
2381,488
2382,488
2383,488
2384,488
2385,488
2386,488
2387,488
2388,488
2389,488
2390,488
2391,488
2392,488
2393,488
2394,488
2395,488
2396,488
2397,488
2398,488
2399,488
2400,488
2401,488
2402,488
2403,488
2404,488
2405,488
2406,488
2407,488
2408,488
2409,488
2410,488
2411,488
2412,488
2413,488
2414,488
2415,488
2416,488
2417,488
2418,488
2419,488
2420,488
2421,488
2422,488
2423,488
2424,488
2425,488
2426,488
2427,488
2428,488
2429,488
2430,488
2431,488
2432,488
2433,488
2434,488
2435,488
2436,488
2437,488
2438,488
2439,488
2440,488
2441,488
2442,488
2443,488
2444,488
2445,488
2446,488
2447,488
2448,488
2449,488
2450,488
2451,488
2452,488
2453,488
2454,488
2455,488
2456,488
2457,488
2458,488
2459,488
2460,488
2461,488
2462,488
2463,489
2464,489
2465,489
2466,489
2467,489
2468,489
2469,489
2470,489
2471,489
2472,489
2473,489
2474,489
2475,489
2476,489
2477,489
2478,489
2479,489
2480,489
2481,489
2482,489
2483,489
2484,489
2485,489
2486,489
2487,489
2488,489
2489,489
2490,489
2491,489
2492,489
2493,489
2494,489
2495,489
2496,489
2497,489
2498,489
2499,489
2500,489
2501,489
2502,489
2503,489
2504,489
2505,489
2506,489
2507,489
2508,489
2509,489
2510,489
2511,489
2512,489
2513,489
2514,489
2515,489
2516,489
2517,489
2518,489
2519,489
2520,489
2521,489
2522,489
2523,489
2524,489
2525,489
2526,489
2527,489
2528,489
2529,489
2530,489
2531,489
2532,489
2533,489
2534,490
2535,490
2536,490
2537,490
2538,490
2539,490
2540,490
2541,490
2542,490
2543,490
2544,490
2545,490
2546,490
2547,490
2548,491
2549,491
2550,491
2551,491
2552,491
2553,491
2554,491
2555,491
2556,491
2557,491
2558,491
2559,491
2560,491
2561,491
2562,491
2563,491
2564,491
2565,491
2566,491
2567,491
2568,491
2569,491
2570,491
2571,491
2572,491
2573,491
2574,491
2575,491
2576,491
2577,491
2578,491
2579,491
2580,491
2581,491
2582,491
2583,491
2584,491
2585,491
2586,491
2587,491
2588,491
2589,491
2590,491
2591,491
2592,491
2593,491
2594,491
2595,491
2596,491
2597,491
2598,491
2599,491
2600,491
2601,491
2602,491
2603,491
2604,491
2605,491
2606,491
2607,492
2608,492
2609,492
2610,492
2611,492
2612,492
2613,492
2614,492
2615,492
2616,492
2617,492
2618,492
2619,492
2620,493
2621,494
2622,495
2623,495
2624,496
2625,496
2626,496
2627,496
2628,496
2629,496
2630,496
2631,496
2632,496
2633,496
2634,496
2635,496
2636,496
2637,496
2638,496
2639,496
2640,496
2641,496
2642,496
2643,496
2644,496
2645,496
2646,496
2647,496
2648,496
2649,496
2650,496
2651,496
2652,496
2653,496
2654,496
2655,496
2656,496
2657,496
2658,496
2659,496
2660,496
2661,496
2662,496
2663,496
2664,496
2665,496
2666,496
2667,496
2668,496
2669,496
2670,496
2671,496
2672,496
2673,496
2674,496
2675,496
2676,496
2677,496
2678,496
2679,496
2680,496
2681,496
2682,496
2683,496
2684,496
2685,496
2686,496
2687,496
2688,496
2689,496
2690,496
2691,496
2692,496
2693,496
2694,496
2695,496
2696,496
2697,496
2698,496
2699,496
2700,496
2701,496
2702,496
2703,496
2704,496
2705,496
2706,496
2707,496
2708,496
2709,496
2710,496
2711,496
2712,496
2713,496
2714,496
2715,496
2716,496
2717,496
2718,496
2719,496
2720,496
2721,496
2722,496
2723,496
2724,496
2725,496
2726,496
2727,496
2728,496
2729,496
2730,496
2731,496
2732,496
2733,496
2734,496
2735,496
2736,496
2737,496
2738,496
2739,496
2740,496
2741,496
2742,496
2743,496
2744,496
2745,496
2746,496
2747,496
2748,496
2749,496
2750,496
2751,496
2752,496
2753,496
2754,496
2755,496
2756,496
2757,496
2758,496
2759,496
2760,496
2761,496
2762,496
2763,496
2764,496
2765,496
2766,496
2767,496
2768,496
2769,496
2770,496
2771,496
2772,496
2773,496
2774,496
2775,496
2776,496
2777,496
2778,496
2779,496
2780,496
2781,496
2782,496
2783,496
2784,496
2785,496
2786,496
2787,496
2788,496
2789,496
2790,496
2791,496
2792,496
2793,496
2794,496
2795,496
2796,496
2797,496
2798,496
2799,496
2800,496
2801,496
2802,496
2803,496
2804,496
2805,496
2806,496
2807,496
2808,496
2809,496
2810,496
2811,496
2812,496
2813,496
2814,496
2815,496
2816,496
2817,496
2818,496
2819,496
2820,496
2821,496
2822,496
2823,496
2824,496
2825,496
2826,496
2827,496
2828,496
2829,496
2830,496
2831,496
2832,496
2833,496
2834,496
2835,496
2836,496
2837,496
2838,496
2839,496
2840,496
2841,496
2842,496
2843,496
2844,496
2845,496
2846,496
2847,496
2848,496
2849,496
2850,496
2851,496
2852,496
2853,496
2854,496
2855,496
2856,496
2857,496
2858,496
2859,496
2860,496
2861,496
2862,496
2863,496
2864,496
2865,496
2866,496
2867,496
2868,496
2869,496
2870,496
2871,496
2872,496
2873,496
2874,496
2875,496
2876,496
2877,496
2878,496
2879,496
2880,496
2881,496
2882,496
2883,496
2884,496
2885,496
2886,496
2887,496
2888,496
2889,496
2890,496
2891,496
2892,496
2893,496
2894,496
2895,496
2896,496
2897,496
2898,496
2899,496
2900,496
2901,496
2902,496
2903,496
2904,496
2905,496
2906,496
2907,496
2908,496
2909,496
2910,496
2911,496
2912,496
2913,496
2914,496
2915,496
2916,496
2917,496
2918,496
2919,496
2920,496
2921,496
2922,496
2923,496
2924,496
2925,496
2926,496
2927,496
2928,496
2929,496
2930,496
2931,496
2932,496
2933,496
2934,496
2935,496
2936,496
2937,496
2938,496
2939,496
2940,496
2941,496
2942,496
2943,496
2944,496
2945,496
2946,496
2947,496
2948,496
2949,496
2950,496
2951,496
2952,496
2953,496
2954,496
2955,496
2956,496
2957,496
2958,496
2959,496
2960,496
2961,496
2962,496
2963,496
2964,496
2965,496
2966,496
2967,496
2968,496
2969,496
2970,496
2971,496
2972,496
2973,496
2974,496
2975,496
2976,496
2977,496
2978,496
2979,496
2980,496
2981,496
2982,496
2983,496
2984,496
2985,496
2986,496
2987,496
2988,496
2989,496
2990,496
2991,496
2992,496
2993,496
2994,496
2995,496
2996,496
2997,496
2998,496
2999,496
3000,496
3001,496
3002,496
3003,496
3004,496
3005,496
3006,496
3007,496
3008,496
3009,496
3010,496
3011,496
3012,496
3013,496
3014,496
3015,496
3016,496
3017,496
3018,496
3019,496
3020,496
3021,496
3022,496
3023,496
3024,496
3025,496
3026,496
3027,496
3028,496
3029,496
3030,496
3031,496
3032,496
3033,496
3034,496
3035,496
3036,496
3037,496
3038,496
3039,496
3040,496
3041,496
3042,496
3043,496
3044,496
3045,496
3046,496
3047,496
3048,496
3049,496
3050,496
3051,496
3052,496
3053,496
3054,496
3055,496
3056,496
3057,496
3058,496
3059,496
3060,496
3061,496
3062,496
3063,496
3064,496
3065,496
3066,496
3067,496
3068,496
3069,496
3070,496
3071,496
3072,496
3073,496
3074,496
3075,496
3076,496
3077,496
3078,496
3079,496
3080,496
3081,496
3082,496
3083,496
3084,496
3085,496
3086,496
3087,496
3088,496
3089,496
3090,496
3091,496
3092,497
3093,497
3094,497
3095,497
3096,497
3097,497
3098,497
3099,497
3100,497
3101,497
3102,497
3103,497
3104,497
3105,497
3106,497
3107,497
3108,497
3109,497
3110,497
3111,497
3112,497
3113,497
3114,497
3115,497
3116,497
3117,497
3118,497
3119,497
3120,497
3121,497
3122,497
3123,497
3124,497
3125,497
3126,497
3127,497
3128,497
3129,497
3130,497
3131,497
3132,497
3133,497
3134,497
3135,497
3136,497
3137,497
3138,497
3139,497
3140,497
3141,497
3142,497
3143,497
3144,497
3145,497
3146,497
3147,497
3148,497
3149,497
3150,497
3151,497
3152,497
3153,497
3154,497
3155,497
3156,497
3157,497
3158,497
3159,497
3160,497
3161,497
3162,497
3163,497
3164,497
3165,497
3166,497
3167,497
3168,497
3169,497
3170,497
3171,497
3172,497
3173,497
3174,497
3175,497
3176,497
3177,497
3178,497
3179,497
3180,497
3181,497
3182,497
3183,497
3184,497
3185,497
3186,497
3187,497
3188,497
3189,497
3190,497
3191,497
3192,497
3193,497
3194,497
3195,497
3196,497
3197,497
3198,497
3199,497
3200,497
3201,497
3202,497
3203,497
3204,497
3205,497
3206,497
3207,497
3208,497
3209,497
3210,497
3211,497
3212,497
3213,497
3214,497
3215,497
3216,497
3217,497
3218,497
3219,497
3220,497
3221,497
3222,497
3223,497
3224,497
3225,497
3226,497
3227,497
3228,497
3229,497
3230,497
3231,497
3232,497
3233,497
3234,497
3235,497
3236,497
3237,497
3238,497
3239,497
3240,497
3241,497
3242,497
3243,497
3244,497
3245,497
3246,497
3247,497
3248,497
3249,497
3250,497
3251,497
3252,497
3253,497
3254,497
3255,497
3256,497
3257,497
3258,497
3259,497
3260,497
3261,497
3262,497
3263,497
3264,497
3265,497
3266,497
3267,497
3268,497
3269,497
3270,497
3271,497
3272,497
3273,497
3274,497
3275,497
3276,497
3277,497
3278,497
3279,497
3280,497
3281,497
3282,497
3283,497
3284,497
3285,497
3286,497
3287,497
3288,497
3289,497
3290,497
3291,497
3292,497
3293,497
3294,497
3295,497
3296,497
3297,497
3298,497
3299,497
3300,497
3301,497
3302,497
3303,497
3304,497
3305,497
3306,497
3307,497
3308,497
3309,497
3310,497
3311,497
3312,497
3313,497
3314,497
3315,497
3316,497
3317,497
3318,497
3319,497
3320,497
3321,497
3322,497
3323,497
3324,497
3325,497
3326,497
3327,497
3328,497
3329,497
3330,497
3331,497
3332,497
3333,497
3334,497
3335,497
3336,497
3337,497
3338,497
3339,497
3340,497
3341,497
3342,497
3343,497
3344,497
3345,497
3346,497
3347,497
3348,497
3349,497
3350,497
3351,497
3352,497
3353,497
3354,497
3355,497
3356,497
3357,497
3358,497
3359,497
3360,497
3361,497
3362,497
3363,497
3364,497
3365,497
3366,497
3367,497
3368,497
3369,497
3370,497
3371,497
3372,497
3373,497
3374,497
3375,497
3376,497
3377,497
3378,497
3379,497
3380,497
3381,497
3382,497
3383,497
3384,497
3385,497
3386,497
3387,497
3388,497
3389,497
3390,497
3391,497
3392,497
3393,497
3394,497
3395,497
3396,497
3397,497
3398,497
3399,497
3400,497
3401,497
3402,497
3403,497
3404,497
3405,497
3406,497
3407,497
3408,497
3409,497
3410,497
3411,497
3412,497
3413,497
3414,497
3415,497
3416,497
3417,497
3418,497
3419,497
3420,497
3421,497
3422,497
3423,497
3424,497
3425,497
3426,497
3427,497
3428,497
3429,497
3430,497
3431,497
3432,497
3433,497
3434,497
3435,497
3436,497
3437,497
3438,497
3439,497
3440,497
3441,497
3442,497
3443,497
3444,497
3445,497
3446,497
3447,497
3448,497
3449,497
3450,497
3451,497
3452,497
3453,497
3454,497
3455,497
3456,497
3457,497
3458,497
3459,497
3460,497
3461,497
3462,497
3463,497
3464,497
3465,497
3466,497
3467,497
3468,497
3469,497
3470,497
3471,497
3472,497
3473,497
3474,497
3475,497
3476,497
3477,497
3478,497
3479,497
3480,497
3481,497
3482,497
3483,497
3484,497
3485,497
3486,497
3487,497
3488,497
3489,497
3490,497
3491,497
3492,497
3493,497
3494,497
3495,497
3496,497
3497,497
3498,497
3499,497
3500,497
3501,497
3502,497
3503,497
3504,497
3505,497
3506,497
3507,497
3508,497
3509,497
3510,497
3511,497
3512,497
3513,497
3514,497
3515,497
3516,497
3517,497
3518,497
3519,497
3520,497
3521,497
3522,497
3523,497
3524,497
3525,497
3526,497
3527,497
3528,497
3529,497
3530,497
3531,497
3532,497
3533,497
3534,497
3535,497
3536,497
3537,497
3538,497
3539,497
3540,497
3541,497
3542,497
3543,497
3544,497
3545,497
3546,497
3547,497
3548,497
3549,497
3550,497
3551,497
3552,497
3553,497
3554,497
3555,497
3556,497
3557,498
3558,498
3559,498
3560,498
3561,498
3562,498
3563,498
3564,498
3565,498
3566,498
3567,498
3568,498
3569,498
3570,498
3571,498
3572,498
3573,498
3574,498
3575,498
3576,498
3577,498
3578,498
3579,498
3580,498
3581,498
3582,498
3583,498
3584,498
3585,498
3586,498
3587,498
3588,498
3589,498
3590,498
3591,498
3592,498
3593,498
3594,498
3595,498
3596,498
3597,498
3598,498
3599,498
3600,498
3601,498
3602,498
3603,498
3604,498
3605,498
3606,498
3607,498
3608,498
3609,498
3610,498
3611,498
3612,498
3613,498
3614,498
3615,498
3616,498
3617,498
3618,498
3619,498
3620,498
3621,498
3622,498
3623,498
3624,498
3625,498
3626,498
3627,498
3628,498
3629,498
3630,498
3631,498
3632,498
3633,498
3634,498
3635,498
3636,498
3637,498
3638,498
3639,498
3640,498
3641,498
3642,498
3643,498
3644,498
3645,498
3646,498
3647,498
3648,498
3649,498
3650,498
3651,498
3652,498
3653,498
3654,498
3655,498
3656,498
3657,498
3658,498
3659,498
3660,498
3661,498
3662,498
3663,498
3664,498
3665,498
3666,498
3667,498
3668,498
3669,498
3670,498
3671,498
3672,498
3673,498
3674,498
3675,498
3676,498
3677,498
3678,498
3679,498
3680,498
3681,498
3682,498
3683,498
3684,498
3685,498
3686,498
3687,498
3688,498
3689,498
3690,498
3691,498
3692,498
3693,498
3694,498
3695,498
3696,498
3697,498
3698,498
3699,498
3700,498
3701,498
3702,498
3703,498
3704,498
3705,498
3706,498
3707,498
3708,498
3709,498
3710,498
3711,498
3712,498
3713,498
3714,498
3715,498
3716,498
3717,498
3718,498
3719,498
3720,498
3721,498
3722,498
3723,498
3724,498
3725,498
3726,498
3727,498
3728,498
3729,498
3730,498
3731,498
3732,498
3733,498
3734,498
3735,498
3736,498
3737,498
3738,498
3739,498
3740,498
3741,498
3742,498
3743,498
3744,498
3745,498
3746,498
3747,498
3748,498
3749,498
3750,498
3751,498
3752,498
3753,498
3754,498
3755,498
3756,498
3757,498
3758,498
3759,498
3760,498
3761,498
3762,498
3763,498
3764,498
3765,498
3766,498
3767,498
3768,498
3769,498
3770,498
3771,498
3772,498
3773,498
3774,498
3775,498
3776,498
3777,498
3778,498
3779,498
3780,498
3781,498
3782,498
3783,498
3784,498
3785,498
3786,498
3787,498
3788,498
3789,498
3790,498
3791,498
3792,498
3793,498
3794,498
3795,498
3796,498
3797,498
3798,498
3799,498
3800,498
3801,498
3802,498
3803,498
3804,498
3805,498
3806,498
3807,498
3808,498
3809,498
3810,498
3811,498
3812,498
3813,498
3814,498
3815,498
3816,498
3817,498
3818,498
3819,498
3820,498
3821,498
3822,498
3823,498
3824,498
3825,498
3826,498
3827,498
3828,498
3829,498
3830,498
3831,498
3832,498
3833,498
3834,498
3835,498
3836,498
3837,498
3838,498
3839,498
3840,498
3841,498
3842,498
3843,498
3844,498
3845,498
3846,498
3847,498
3848,498
3849,498
3850,498
3851,498
3852,498
3853,498
3854,498
3855,498
3856,498
3857,498
3858,498
3859,498
3860,498
3861,498
3862,498
3863,498
3864,498
3865,498
3866,498
3867,498
3868,498
3869,498
3870,498
3871,498
3872,498
3873,498
3874,498
3875,498
3876,498
3877,498
3878,498
3879,498
3880,498
3881,498
3882,498
3883,498
3884,498
3885,498
3886,498
3887,498
3888,498
3889,498
3890,498
3891,498
3892,498
3893,498
3894,498
3895,498
3896,498
3897,498
3898,498
3899,498
3900,498
3901,498
3902,498
3903,498
3904,498
3905,498
3906,498
3907,498
3908,498
3909,498
3910,498
3911,498
3912,498
3913,498
3914,498
3915,498
3916,498
3917,498
3918,498
3919,498
3920,498
3921,498
3922,498
3923,498
3924,498
3925,498
3926,498
3927,498
3928,498
3929,498
3930,498
3931,498
3932,498
3933,498
3934,498
3935,498
3936,498
3937,498
3938,498
3939,498
3940,498
3941,498
3942,498
3943,498
3944,498
3945,498
3946,498
3947,498
3948,498
3949,498
3950,498
3951,498
3952,498
3953,498
3954,498
3955,498
3956,498
3957,498
3958,498
3959,498
3960,498
3961,498
3962,498
3963,498
3964,498
3965,498
3966,498
3967,498
3968,498
3969,498
3970,498
3971,498
3972,498
3973,498
3974,498
3975,498
3976,498
3977,498
3978,498
3979,498
3980,498
3981,498
3982,498
3983,498
3984,498
3985,498
3986,498
3987,498
3988,498
3989,498
3990,498
3991,498
3992,498
3993,498
3994,498
3995,498
3996,498
3997,498
3998,498
3999,498
4000,498
4001,498
4002,498
4003,498
4004,498
4005,498
4006,498
4007,498
4008,498
4009,498
4010,498
4011,498
4012,498
4013,498
4014,498
4015,498
4016,498
4017,498
4018,498
4019,498
4020,498
4021,498
4022,498
4023,498
4024,498
4025,498
4026,498
4027,498
4028,498
4029,498
4030,498
4031,498
4032,498
4033,498
4034,498
4035,498
4036,498
4037,498
4038,498
4039,498
4040,498
4041,498
4042,498
4043,498
4044,498
4045,498
4046,498
4047,498
4048,498
4049,498
4050,498
4051,498
4052,498
4053,498
4054,498
4055,498
4056,498
4057,498
4058,498
4059,498
4060,498
4061,498
4062,498
4063,498
4064,498
4065,498
4066,498
4067,498
4068,498
4069,498
4070,498
4071,498
4072,498
4073,498
4074,498
4075,498
4076,498
4077,498
4078,498
4079,498
4080,498
4081,498
4082,498
4083,498
4084,498
4085,498
4086,498
4087,498
4088,498
4089,498
4090,498
4091,498
4092,498
4093,498
4094,498
4095,498
4096,498
4097,498
4098,498
4099,498
4100,498
4101,498
4102,498
4103,498
4104,498
4105,498
4106,498
4107,498
4108,498
4109,498
4110,498
4111,498
4112,498
4113,498
4114,498
4115,498
4116,498
4117,498
4118,498
4119,498
4120,498
4121,498
4122,498
4123,498
4124,498
4125,498
4126,498
4127,498
4128,498
4129,498
4130,498
4131,498
4132,498
4133,498
4134,498
4135,498
4136,498
4137,498
4138,498
4139,498
4140,498
4141,498
4142,498
4143,498
4144,498
4145,498
4146,498
4147,498
4148,498
4149,498
4150,498
4151,498
4152,498
4153,498
4154,498
4155,498
4156,498
4157,498
4158,498
4159,498
4160,498
4161,498
4162,498
4163,498
4164,498
4165,498
4166,498
4167,498
4168,498
4169,498
4170,498
4171,498
4172,498
4173,498
4174,498
4175,498
4176,498
4177,498
4178,498
4179,498
4180,498
4181,498
4182,498
4183,498
4184,498
4185,498
4186,498
4187,498
4188,498
4189,498
4190,498
4191,498
4192,498
4193,498
4194,498
4195,498
4196,498
4197,498
4198,498
4199,498
4200,498
4201,498
4202,498
4203,498
4204,498
4205,498
4206,498
4207,498
4208,498
4209,498
4210,498
4211,498
4212,498
4213,498
4214,498
4215,498
4216,498
4217,498
4218,498
4219,498
4220,498
4221,498
4222,498
4223,498
4224,498
4225,498
4226,498
4227,498
4228,498
4229,498
4230,498
4231,498
4232,498
4233,498
4234,498
4235,498
4236,498
4237,498
4238,498
4239,498
4240,498
4241,498
4242,498
4243,498
4244,498
4245,498
4246,498
4247,498
4248,498
4249,498
4250,498
4251,498
4252,498
4253,498
4254,498
4255,498
4256,498
4257,498
4258,498
4259,498
4260,498
4261,498
4262,498
4263,498
4264,498
4265,498
4266,498
4267,498
4268,498
4269,498
4270,498
4271,498
4272,498
4273,498
4274,498
4275,498
4276,498
4277,498
4278,498
4279,498
4280,498
4281,498
4282,498
4283,498
4284,498
4285,498
4286,498
4287,498
4288,498
4289,498
4290,498
4291,498
4292,498
4293,498
4294,498
4295,498
4296,498
4297,498
4298,498
4299,498
4300,498
4301,498
4302,498
4303,498
4304,498
4305,498
4306,498
4307,498
4308,498
4309,498
4310,498
4311,498
4312,498
4313,498
4314,498
4315,498
4316,498
4317,498
4318,498
4319,498
4320,498
4321,498
4322,498
4323,498
4324,498
4325,498
4326,498
4327,498
4328,498
4329,498
4330,498
4331,498
4332,498
4333,498
4334,498
4335,498
4336,498
4337,498
4338,498
4339,498
4340,498
4341,498
4342,498
4343,498
4344,498
4345,498
4346,498
4347,498
4348,498
4349,498
4350,498
4351,498
4352,498
4353,498
4354,498
4355,498
4356,498
4357,498
4358,498
4359,498
4360,498
4361,498
4362,498
4363,498
4364,498
4365,498
4366,498
4367,498
4368,498
4369,498
4370,498
4371,498
4372,498
4373,498
4374,498
4375,498
4376,498
4377,498
4378,498
4379,498
4380,498
4381,498
4382,498
4383,498
4384,498
4385,498
4386,498
4387,498
4388,498
4389,498
4390,498
4391,498
4392,498
4393,498
4394,498
4395,498
4396,498
4397,498
4398,498
4399,498
4400,498
4401,498
4402,498
4403,498
4404,498
4405,498
4406,498
4407,498
4408,498
4409,498
4410,498
4411,498
4412,498
4413,498
4414,498
4415,498
4416,498
4417,498
4418,498
4419,498
4420,498
4421,498
4422,498
4423,498
4424,498
4425,498
4426,498
4427,498
4428,498
4429,498
4430,498
4431,498
4432,498
4433,498
4434,498
4435,498
4436,498
4437,498
4438,498
4439,498
4440,498
4441,498
4442,498
4443,498
4444,498
4445,498
4446,498
4447,498
4448,498
4449,498
4450,498
4451,498
4452,498
4453,498
4454,498
4455,498
4456,498
4457,498
4458,498
4459,498
4460,498
4461,498
4462,498
4463,498
4464,498
4465,498
4466,498
4467,498
4468,498
4469,498
4470,498
4471,498
4472,498
4473,498
4474,498
4475,498
4476,498
4477,498
4478,498
4479,498
4480,498
4481,498
4482,498
4483,498
4484,498
4485,498
4486,498
4487,498
4488,498
4489,498
4490,498
4491,498
4492,498
4493,498
4494,498
4495,498
4496,498
4497,498
4498,498
4499,498
4500,498
4501,498
4502,498
4503,498
4504,498
4505,498
4506,498
4507,498
4508,498
4509,498
4510,498
4511,498
4512,498
4513,498
4514,498
4515,498
4516,498
4517,498
4518,498
4519,498
4520,498
4521,498
4522,498
4523,498
4524,498
4525,498
4526,498
4527,498
4528,498
4529,498
4530,498
4531,498
4532,498
4533,498
4534,498
4535,498
4536,498
4537,498
4538,498
4539,498
4540,498
4541,498
4542,498
4543,498
4544,498
4545,498
4546,498
4547,498
4548,498
4549,498
4550,498
4551,498
4552,498
4553,498
4554,498
4555,498
4556,498
4557,498
4558,498
4559,498
4560,498
4561,498
4562,498
4563,498
4564,498
4565,498
4566,498
4567,498
4568,498
4569,498
4570,498
4571,498
4572,498
4573,498
4574,498
4575,498
4576,498
4577,498
4578,498
4579,498
4580,498
4581,498
4582,498
4583,498
4584,498
4585,498
4586,498
4587,498
4588,498
4589,498
4590,498
4591,498
4592,498
4593,498
4594,498
4595,498
4596,498
4597,498
4598,498
4599,498
4600,498
4601,498
4602,498
4603,498
4604,498
4605,498
4606,498
4607,498
4608,499
4609,499
4610,499
4611,499
4612,499
4613,499
4614,499
4615,499
4616,499
4617,499
4618,499
4619,499
4620,499
4621,499
4622,499
4623,499
4624,499
4625,499
4626,499
4627,499
4628,499
4629,499
4630,499
4631,499
4632,499
4633,499
4634,499
4635,499
4636,499
4637,499
4638,499
4639,499
4640,499
4641,499
4642,499
4643,499
4644,499
4645,499
4646,499
4647,499
4648,499
4649,499
4650,499
4651,499
4652,499
4653,499
4654,499
4655,499
4656,499
4657,499
4658,499
4659,499
4660,499
4661,499
4662,499
4663,499
4664,499
4665,499
4666,499
4667,499
4668,499
4669,499
4670,499
4671,499
4672,499
4673,499
4674,499
4675,499
4676,499
4677,499
4678,499
4679,499
4680,499
4681,499
4682,499
4683,499
4684,499
4685,499
4686,499
4687,499
4688,499
4689,499
4690,499
4691,499
4692,499
4693,499
4694,499
4695,499
4696,499
4697,499
4698,499
4699,499
4700,499
4701,499
4702,499
4703,499
4704,499
4705,499
4706,499
4707,499
4708,499
4709,499
4710,499
4711,499
4712,499
4713,499
4714,499
4715,499
4716,499
4717,499
4718,499
4719,499
4720,499
4721,499
4722,499
4723,499
4724,499
4725,499
4726,499
4727,499
4728,499
4729,499
4730,499
4731,499
4732,499
4733,499
4734,499
4735,499
4736,499
4737,499
4738,499
4739,499
4740,499
4741,499
4742,499
4743,499
4744,499
4745,499
4746,499
4747,499
4748,499
4749,499
4750,499
4751,499
4752,499
4753,499
4754,499
4755,499
4756,499
4757,499
4758,499
4759,499
4760,499
4761,499
4762,499
4763,499
4764,499
4765,499
4766,499
4767,499
4768,499
4769,499
4770,499
4771,499
4772,499
4773,499
4774,499
4775,499
4776,499
4777,499
4778,499
4779,499
4780,499
4781,499
4782,499
4783,499
4784,499
4785,499
4786,499
4787,499
4788,499
4789,499
4790,499
4791,499
4792,499
4793,499
4794,499
4795,499
4796,499
4797,499
4798,499
4799,499
4800,499
4801,499
4802,499
4803,499
4804,499
4805,499
4806,499
4807,499
4808,499
4809,499
4810,499
4811,499
4812,499
4813,499
4814,499
4815,499
4816,499
4817,499
4818,499
4819,499
4820,499
4821,499
4822,499
4823,499
4824,499
4825,499
4826,499
4827,499
4828,499
4829,499
4830,499
4831,499
4832,499
4833,499
4834,499
4835,499
4836,499
4837,499
4838,499
4839,499
4840,499
4841,499
4842,499
4843,499
4844,499
4845,499
4846,499
4847,499
4848,499
4849,499
4850,499
4851,499
4852,499
4853,499
4854,499
4855,499
4856,499
4857,499
4858,499
4859,499
4860,499
4861,499
4862,499
4863,499
4864,499
4865,499
4866,499
4867,499
4868,499
4869,499
4870,499
4871,499
4872,499
4873,499
4874,499
4875,499
4876,499
4877,499
4878,499
4879,499
4880,499
4881,499
4882,499
4883,499
4884,499
4885,499
4886,499
4887,499
4888,499
4889,499
4890,499
4891,499
4892,499
4893,499
4894,499
4895,499
4896,499
4897,499
4898,499
4899,499
4900,499
4901,499
4902,499
4903,499
4904,499
4905,499
4906,499
4907,499
4908,499
4909,499
4910,499
4911,499
4912,499
4913,499
4914,499
4915,499
4916,499
4917,499
4918,499
4919,499
4920,499
4921,499
4922,499
4923,499
4924,499
4925,499
4926,499
4927,499
4928,499
4929,499
4930,499
4931,499
4932,499
4933,499
4934,499
4935,499
4936,499
4937,499
4938,499
4939,499
4940,499
4941,499
4942,499
4943,499
4944,499
4945,499
4946,499
4947,499
4948,499
4949,499
4950,499
4951,499
4952,499
4953,499
4954,499
4955,499
4956,499
4957,499
4958,499
4959,499
4960,499
4961,499
4962,499
4963,499
4964,499
4965,499
4966,499
4967,499
4968,499
4969,499
4970,499
4971,499
4972,499
4973,499
4974,499
4975,499
4976,499
4977,499
4978,499
4979,499
4980,499
4981,499
4982,499
4983,499
4984,499
4985,499
4986,499
4987,499
4988,499
4989,499
4990,499
4991,499
4992,499
4993,499
4994,499
4995,499
4996,499
4997,499
4998,499
4999,499
5000,499
5001,499
5002,499
5003,499
5004,499
5005,499
5006,499
5007,499
5008,499
5009,499
5010,499
5011,499
5012,499
5013,499
5014,499
5015,499
5016,499
5017,499
5018,499
5019,499
5020,499
5021,499
5022,499
5023,499
5024,499
5025,499
5026,499
5027,499
5028,499
5029,499
5030,499
5031,499
5032,499
5033,499
5034,499
5035,499
5036,499
5037,499
5038,499
5039,499
5040,499
5041,499
5042,499
5043,499
5044,499
5045,499
5046,499
5047,499
5048,499
5049,499
5050,499
5051,499
5052,499
5053,499
5054,499
5055,499
5056,499
5057,499
5058,499
5059,499
5060,499
5061,499
5062,499
5063,499
5064,499
5065,499
5066,499
5067,499
5068,499
5069,499
5070,499
5071,499
5072,499
5073,499
5074,499
5075,499
5076,499
5077,499
5078,499
5079,499
5080,499
5081,499
5082,499
5083,499
5084,499
5085,499
5086,499
5087,499
5088,499
5089,499
5090,499
5091,499
5092,499
5093,499
5094,499
5095,499
5096,499
5097,499
5098,499
5099,499
5100,499
5101,499
5102,499
5103,499
5104,499
5105,499
5106,499
5107,499
5108,499
5109,499
5110,499
5111,499
5112,499
5113,499
5114,499
5115,499
5116,499
5117,499
5118,499
5119,499
5120,499
5121,499
5122,499
5123,499
5124,499
5125,499
5126,499
5127,499
5128,499
5129,499
5130,499
5131,499
5132,499
5133,499
5134,499
5135,499
5136,499
5137,499
5138,499
5139,499
5140,499
5141,499
5142,499
5143,499
5144,499
5145,499
5146,499
5147,499
5148,499
5149,499
5150,499
5151,499
5152,499
5153,499
5154,499
5155,499
5156,499
5157,499
5158,499
5159,499
5160,499
5161,499
5162,499
5163,499
5164,499
5165,499
5166,499
5167,499
5168,499
5169,499
5170,499
5171,499
5172,499
5173,499
5174,499
5175,499
5176,499
5177,499
5178,499
5179,499
5180,499
5181,499
5182,499
5183,499
5184,499
5185,499
5186,499
5187,499
5188,499
5189,499
5190,499
5191,499
5192,499
5193,499
5194,499
5195,499
5196,499
5197,499
5198,499
5199,499
5200,499
5201,499
5202,499
5203,499
5204,499
5205,499
5206,499
5207,499
5208,499
5209,499
5210,499
5211,499
5212,499
5213,499
5214,499
5215,499
5216,499
5217,499
5218,499
5219,499
5220,499
5221,499
5222,499
5223,499
5224,499
5225,499
5226,499
5227,499
5228,499
5229,499
5230,499
5231,499
5232,499
5233,499
5234,499
5235,499
5236,499
5237,499
5238,499
5239,499
5240,499
5241,499
5242,499
5243,499
5244,499
5245,499
5246,499
5247,499
5248,499
5249,499
5250,499
5251,499
5252,499
5253,499
5254,499
5255,499
5256,499
5257,499
5258,499
5259,499
5260,499
5261,499
5262,499
5263,499
5264,499
5265,499
5266,499
5267,499
5268,499
5269,499
5270,499
5271,499
5272,499
5273,499
5274,499
5275,499
5276,499
5277,499
5278,499
5279,499
5280,499
5281,499
5282,499
5283,499
5284,499
5285,499
5286,499
5287,499
5288,499
5289,499
5290,499
5291,499
5292,499
5293,499
5294,499
5295,499
5296,499
5297,499
5298,499
5299,499
5300,499
5301,499
5302,499
5303,499
5304,499
5305,499
5306,499
5307,499
5308,499
5309,499
5310,499
5311,499
5312,499
5313,499
5314,499
5315,499
5316,499
5317,499
5318,499
5319,499
5320,499
5321,499
5322,499
5323,499
5324,499
5325,499
5326,499
5327,499
5328,499
5329,499
5330,499
5331,499
5332,499
5333,499
5334,499
5335,499
5336,499
5337,499
5338,499
5339,499
5340,499
5341,499
5342,499
5343,499
5344,499
5345,499
5346,499
5347,499
5348,499
5349,499
5350,499
5351,499
5352,499
5353,499
5354,499
5355,499
5356,499
5357,499
5358,499
5359,499
5360,499
5361,499
5362,499
5363,499
5364,499
5365,499
5366,499
5367,499
5368,499
5369,499
5370,499
5371,499
5372,499
5373,499
5374,499
5375,499
5376,499
5377,499
5378,499
5379,499
5380,499
5381,499
5382,499
5383,499
5384,499
5385,499
5386,499
5387,499
5388,499
5389,499
5390,499
5391,499
5392,499
5393,499
5394,499
5395,499
5396,499
5397,499
5398,499
5399,499
5400,499
5401,499
5402,499
5403,499
5404,499
5405,499
5406,499
5407,499
5408,499
5409,499
5410,499
5411,499
5412,499
5413,499
5414,499
5415,499
5416,499
5417,499
5418,499
5419,499
5420,499
5421,499
5422,499
5423,499
5424,499
5425,499
5426,499
5427,499
5428,499
5429,499
5430,499
5431,499
5432,499
5433,499
5434,499
5435,499
5436,499
5437,499
5438,499
5439,499
5440,499
5441,499
5442,499
5443,499
5444,499
5445,499
5446,499
5447,499
5448,499
5449,499
5450,499
5451,499
5452,499
5453,499
5454,499
5455,499
5456,499
5457,499
5458,499
5459,499
5460,499
5461,499
5462,499
5463,499
5464,499
5465,499
5466,499
5467,499
5468,499
5469,499
5470,499
5471,499
5472,499
5473,499
5474,499
5475,499
5476,499
5477,499
5478,499
5479,499
5480,499
5481,499
5482,499
5483,499
5484,499
5485,499
5486,499
5487,499
5488,499
5489,499
5490,499
5491,499
5492,499
5493,499
5494,499
5495,499
5496,499
5497,499
5498,499
5499,499
5500,499
5501,499
5502,499
5503,499
5504,499
5505,499
5506,499
5507,499
5508,499
5509,499
5510,499
5511,499
5512,499
5513,499
5514,499
5515,499
5516,499
5517,499
5518,499
5519,499
5520,499
5521,499
5522,499
5523,499
5524,499
5525,499
5526,499
5527,499
5528,499
5529,499
5530,499
5531,499
5532,499
5533,499
5534,499
5535,499
5536,499
5537,499
5538,499
5539,499
5540,499
5541,499
5542,499
5543,499
5544,499
5545,499
5546,499
5547,499
5548,499
5549,499
5550,499
5551,499
5552,499
5553,499
5554,499
5555,499
5556,499
5557,499
5558,499
5559,499
5560,499
5561,499
5562,499
5563,499
5564,499
5565,499
5566,499
5567,499
5568,499
5569,499
5570,499
5571,499
5572,499
5573,499
5574,499
5575,499
5576,499
5577,499
5578,499
5579,499
5580,499
5581,499
5582,499
5583,499
5584,499
5585,499
5586,499
5587,499
5588,499
5589,499
5590,499
5591,499
5592,499
5593,499
5594,499
5595,499
5596,499
5597,499
5598,499
5599,499
5600,499
5601,499
5602,499
5603,499
5604,499
5605,499
5606,499
5607,499
5608,499
5609,499
5610,499
5611,499
5612,499
5613,499
5614,499
5615,499
5616,499
5617,499
5618,499
5619,499
5620,499
5621,499
5622,499
5623,499
5624,499
5625,499
5626,499
5627,499
5628,499
5629,499
5630,499
5631,499
5632,499
5633,499
5634,499
5635,499
5636,499
5637,499
5638,499
5639,499
5640,499
5641,499
5642,499
5643,499
5644,499
5645,499
5646,499
5647,499
5648,499
5649,499
5650,499
5651,499
5652,499
5653,499
5654,499
5655,499
5656,499
5657,499
5658,499
5659,499
5660,499
5661,499
5662,499
5663,499
5664,499
5665,499
5666,499
5667,499
5668,499
5669,499
5670,499
5671,499
5672,499
5673,499
5674,499
5675,499
5676,499
5677,499
5678,499
5679,499
5680,499
5681,499
5682,499
5683,499
5684,499
5685,499
5686,499
5687,499
5688,499
5689,499
5690,499
5691,499
5692,499
5693,499
5694,499
5695,499
5696,499
5697,499
5698,499
5699,499
5700,499
5701,499
5702,499
5703,499
5704,499
5705,499
5706,499
5707,499
5708,499
5709,499
5710,499
5711,499
5712,499
5713,499
5714,499
5715,499
5716,499
5717,499
5718,499
5719,499
5720,499
5721,499
5722,499
5723,499
5724,499
5725,499
5726,499
5727,499
5728,499
5729,499
5730,499
5731,499
5732,499
5733,499
5734,499
5735,499
5736,499
5737,499
5738,499
5739,499
5740,499
5741,499
5742,499
5743,499
5744,499
5745,499
5746,499
5747,499
5748,499
5749,499
5750,499
5751,499
5752,499
5753,499
5754,499
5755,499
5756,499
5757,499
5758,499
5759,499
5760,499
5761,499
5762,499
5763,499
5764,499
5765,499
5766,499
5767,499
5768,499
5769,499
5770,499
5771,499
5772,499
5773,499
5774,499
5775,499
5776,499
5777,499
5778,499
5779,499
5780,499
5781,499
5782,499
5783,499
5784,499
5785,499
5786,499
5787,499
5788,499
5789,499
5790,499
5791,499
5792,499
5793,499
5794,499
5795,499
5796,499
5797,499
5798,499
5799,499
5800,499
5801,499
5802,499
5803,499
5804,499
5805,499
5806,499
5807,499
5808,499
5809,499
5810,499
5811,499
5812,499
5813,499
5814,499
5815,499
5816,499
5817,499
5818,499
5819,499
5820,499
5821,499
5822,499
5823,499
5824,499
5825,499
5826,499
5827,499
5828,499
5829,499
5830,499
5831,499
5832,499
5833,499
5834,499
5835,499
5836,499
5837,499
5838,499
5839,499
5840,499
5841,499
5842,499
5843,499
5844,499
5845,499
5846,499
5847,499
5848,499
5849,499
5850,499
5851,499
5852,499
5853,499
5854,499
5855,499
5856,499
5857,499
5858,499
5859,499
5860,499
5861,499
5862,499
5863,499
5864,499
5865,499
5866,499
5867,499
5868,499
5869,499
5870,499
5871,499
5872,499
5873,499
5874,499
5875,499
5876,499
5877,499
5878,499
5879,499
5880,499
5881,499
5882,499
5883,499
5884,499
5885,499
5886,499
5887,499
5888,499
5889,499
5890,499
5891,499
5892,499
5893,499
5894,499
5895,499
5896,499
5897,499
5898,499
5899,499
5900,499
5901,499
5902,499
5903,499
5904,499
5905,499
5906,499
5907,499
5908,499
5909,499
5910,499
5911,499
5912,499
5913,499
5914,499
5915,499
5916,499
5917,499
5918,499
5919,499
5920,499
5921,499
5922,499
5923,499
5924,499
5925,499
5926,499
5927,499
5928,499
5929,499
5930,499
5931,499
5932,499
5933,499
5934,499
5935,499
5936,499
5937,499
5938,499
5939,499
5940,499
5941,499
5942,499
5943,499
5944,499
5945,499
5946,499
5947,499
5948,499
5949,499
5950,499
5951,499
5952,499
5953,499
5954,499
5955,499
5956,499
5957,499
5958,499
5959,499
5960,499
5961,499
5962,499
5963,499
5964,499
5965,499
5966,499
5967,499
5968,499
5969,499
5970,499
5971,499
5972,499
5973,499
5974,499
5975,499
5976,499
5977,499
5978,499
5979,499
5980,499
5981,499
5982,499
5983,499
5984,499
5985,499
5986,499
5987,499
5988,499
5989,499
5990,499
5991,499
5992,499
5993,499
5994,499
5995,499
5996,499
5997,499
5998,499
5999,499
6000,499
6001,499
6002,499
6003,499
6004,499
6005,499
6006,499
6007,499
6008,499
6009,499
6010,499
6011,499
6012,499
6013,499
6014,499
6015,499
6016,499
6017,499
6018,499
6019,499
6020,499
6021,499
6022,499
6023,499
6024,499
6025,499
6026,499
6027,499
6028,499
6029,499
6030,499
6031,499
6032,499
6033,499
6034,499
6035,499
6036,499
6037,499
6038,499
6039,499
6040,499
6041,499
6042,499
6043,499
6044,499
6045,499
6046,499
6047,499
6048,499
6049,499
6050,499
6051,499
6052,499
6053,499
6054,499
6055,499
6056,499
6057,499
6058,499
6059,499
6060,499
6061,499
6062,499
6063,499
6064,499
6065,499
6066,499
6067,499
6068,499
6069,499
6070,499
6071,499
6072,499
6073,499
6074,499
6075,499
6076,499
6077,499
6078,499
6079,499
6080,499
6081,499
6082,499
6083,499
6084,499
6085,499
6086,499
6087,499
6088,499
6089,499
6090,499
6091,499
6092,499
6093,499
6094,499
6095,499
6096,499
6097,499
6098,499
6099,499
6100,499
6101,499
6102,499
6103,499
6104,499
6105,499
6106,499
6107,499
6108,499
6109,499
6110,499
6111,499
6112,499
6113,499
6114,499
6115,499
6116,499
6117,499
6118,499
6119,499
6120,499
6121,499
6122,499
6123,499
6124,499
6125,499
6126,499
6127,499
6128,499
6129,499
6130,499
6131,499
6132,499
6133,499
6134,499
6135,499
6136,499
6137,499
6138,499
6139,499
6140,499
6141,499
6142,499
6143,499
6144,499
6145,499
6146,499
6147,499
6148,499
6149,499
6150,499
6151,499
6152,499
6153,499
6154,499
6155,499
6156,499
6157,499
6158,499
6159,499
6160,499
6161,499
6162,499
6163,499
6164,499
6165,499
6166,499
6167,499
6168,499
6169,499
6170,499
6171,499
6172,499
6173,499
6174,499
6175,499
6176,499
6177,499
6178,499
6179,499
6180,499
6181,499
6182,499
6183,499
6184,499
6185,499
6186,499
6187,499
6188,499
6189,499
6190,499
6191,499
6192,499
6193,499
6194,499
6195,499
6196,499
6197,499
6198,499
6199,499
6200,499
6201,499
6202,499
6203,499
6204,499
6205,499
6206,499
6207,499
6208,499
6209,499
6210,499
6211,499
6212,499
6213,499
6214,499
6215,499
6216,499
6217,499
6218,499
6219,499
6220,499
6221,499
6222,499
6223,499
6224,499
6225,499
6226,499
6227,499
6228,499
6229,499
6230,499
6231,499
6232,499
6233,499
6234,499
6235,499
6236,499
6237,499
6238,499
6239,499
6240,499
6241,499
6242,499
6243,499
6244,499
6245,499
6246,499
6247,499
6248,499
6249,499
6250,499
6251,499
6252,499
6253,499
6254,499
6255,499
6256,499
6257,499
6258,499
6259,499
6260,499
6261,499
6262,499
6263,499
6264,499
6265,499
6266,499
6267,499
6268,499
6269,499
6270,499
6271,499
6272,499
6273,499
6274,499
6275,499
6276,499
6277,499
6278,499
6279,499
6280,499
6281,499
6282,499
6283,499
6284,499
6285,499
6286,499
6287,499
6288,499
6289,499
6290,499
6291,499
6292,499
6293,499
6294,499
6295,499
6296,499
6297,499
6298,499
6299,499
6300,499
6301,499
6302,499
6303,499
6304,499
6305,499
6306,499
6307,499
6308,499
6309,499
6310,499
6311,499
6312,499
6313,499
6314,499
6315,499
6316,499
6317,499
6318,499
6319,499
6320,499
6321,499
6322,499
6323,499
6324,499
6325,499
6326,499
6327,499
6328,499
6329,499
6330,499
6331,499
6332,499
6333,499
6334,499
6335,499
6336,499
6337,499
6338,499
6339,499
6340,499
6341,499
6342,499
6343,499
6344,499
6345,499
6346,499
6347,499
6348,499
6349,499
6350,499
6351,499
6352,499
6353,499
6354,499
6355,499
6356,499
6357,499
6358,499
6359,499
6360,499
6361,499
6362,499
6363,499
6364,499
6365,499
6366,499
6367,499
6368,499
6369,499
6370,499
6371,499
6372,499
6373,499
6374,499
6375,499
6376,499
6377,499
6378,499
6379,499
6380,499
6381,499
6382,499
6383,499
6384,499
6385,499
6386,499
6387,499
6388,499
6389,499
6390,499
6391,499
6392,499
6393,499
6394,499
6395,499
6396,499
6397,499
6398,499
6399,499
6400,499
6401,499
6402,499
6403,499
6404,499
6405,499
6406,499
6407,499
6408,499
6409,499
6410,499
6411,499
6412,499
6413,499
6414,499
6415,499
6416,499
6417,499
6418,499
6419,499
6420,499
6421,499
6422,499
6423,499
6424,499
6425,499
6426,499
6427,499
6428,499
6429,499
6430,499
6431,499
6432,499
6433,499
6434,499
6435,499
6436,499
6437,499
6438,499
6439,499
6440,499
6441,499
6442,499
6443,499
6444,499
6445,499
6446,499
6447,499
6448,499
6449,499
6450,499
6451,499
6452,499
6453,499
6454,499
6455,499
6456,499
6457,499
6458,499
6459,499
6460,499
6461,499
6462,499
6463,499
6464,499
6465,499
6466,499
6467,499
6468,499
6469,499
6470,499
6471,499
6472,499
6473,499
6474,499
6475,499
6476,499
6477,499
6478,499
6479,499
6480,499
6481,499
6482,499
6483,499
6484,499
6485,499
6486,499
6487,499
6488,499
6489,499
6490,499
6491,499
6492,499
6493,499
6494,499
6495,499
6496,499
6497,499
6498,499
6499,499
6500,499
6501,499
6502,499
6503,499
6504,499
6505,499
6506,499
6507,499
6508,499
6509,499
6510,499
6511,499
6512,499
6513,499
6514,499
6515,499
6516,499
6517,499
6518,499
6519,499
6520,499
6521,499
6522,499
6523,499
6524,499
6525,499
6526,499
6527,499
6528,499
6529,499
6530,499
6531,499
6532,499
6533,499
6534,499
6535,499
6536,499
6537,499
6538,499
6539,499
6540,499
6541,499
6542,499
6543,499
6544,499
6545,499
6546,499
6547,499
6548,499
6549,499
6550,499
6551,499
6552,499
6553,499
6554,499
6555,499
6556,499
6557,499
6558,499
6559,499
6560,499
6561,499
6562,499
6563,499
6564,499
6565,499
6566,499
6567,499
6568,499
6569,499
6570,499
6571,499
6572,499
6573,499
6574,499
6575,499
6576,499
6577,499
6578,499
6579,499
6580,499
6581,499
6582,499
6583,499
6584,499
6585,499
6586,499
6587,499
6588,499
6589,499
6590,499
6591,499
6592,499
6593,499
6594,499
6595,499
6596,499
6597,499
6598,499
6599,499
6600,499
6601,499
6602,499
6603,499
6604,499
6605,499
6606,499
6607,499
6608,499
6609,499
6610,499
6611,499
6612,499
6613,499
6614,499
6615,499
6616,499
6617,499
6618,499
6619,499
6620,499
6621,499
6622,499
6623,499
6624,499
6625,499
6626,499
6627,499
6628,499
6629,499
6630,499
6631,499
6632,499
6633,499
6634,499
6635,499
6636,499
6637,499
6638,499
6639,499
6640,499
6641,499
6642,499
6643,499
6644,499
6645,499
6646,499
6647,499
6648,499
6649,499
6650,499
6651,499
6652,499
6653,499
6654,499
6655,499
6656,499
6657,499
6658,499
6659,499
6660,499
6661,499
6662,499
6663,499
6664,499
6665,499
6666,499
6667,499
6668,499
6669,499
6670,499
6671,499
6672,499
6673,499
6674,499
6675,499
6676,499
6677,499
6678,499
6679,499
6680,499
6681,499
6682,499
6683,499
6684,499
6685,499
6686,499
6687,499
6688,499
6689,499
6690,499
6691,499
6692,499
6693,499
6694,499
6695,499
6696,499
6697,499
6698,499
6699,499
6700,499
6701,499
6702,499
6703,499
6704,499
6705,499
6706,499
6707,499
6708,499
6709,499
6710,499
6711,499
6712,499
6713,499
6714,499
6715,499
6716,499
6717,499
6718,499
6719,499
6720,499
6721,499
6722,499
6723,499
6724,499
6725,499
6726,499
6727,499
6728,499
6729,499
6730,499
6731,499
6732,499
6733,499
6734,499
6735,499
6736,499
6737,499
6738,499
6739,499
6740,499
6741,499
6742,499
6743,499
6744,499
6745,499
6746,499
6747,499
6748,499
6749,499
6750,499
6751,499
6752,499
6753,499
6754,499
6755,499
6756,499
6757,499
6758,499
6759,499
6760,499
6761,499
6762,499
6763,499
6764,499
6765,499
6766,499
6767,499
6768,499
6769,499
6770,499
6771,499
6772,499
6773,499
6774,499
6775,499
6776,499
6777,499
6778,499
6779,499
6780,499
6781,499
6782,499
6783,499
6784,499
6785,499
6786,499
6787,499
6788,499
6789,499
6790,499
6791,499
6792,499
6793,499
6794,499
6795,499
6796,499
6797,499
6798,499
6799,499
6800,499
6801,499
6802,499
6803,499
6804,499
6805,499
6806,499
6807,499
6808,499
6809,499
6810,499
6811,499
6812,499
6813,499
6814,499
6815,499
6816,499
6817,499
6818,499
6819,499
6820,499
6821,499
6822,499
6823,499
6824,499
6825,499
6826,499
6827,499
6828,499
6829,499
6830,499
6831,499
6832,499
6833,499
6834,499
6835,499
6836,499
6837,499
6838,499
6839,499
6840,499
6841,499
6842,499
6843,499
6844,499
6845,499
6846,499
6847,499
6848,499
6849,499
6850,499
6851,499
6852,499
6853,499
6854,499
6855,499
6856,499
6857,499
6858,499
6859,499
6860,499
6861,499
6862,499
6863,499
6864,499
6865,499
6866,499
6867,499
6868,499
6869,499
6870,499
6871,499
6872,499
6873,499
6874,499
6875,499
6876,499
6877,499
6878,499
6879,499
6880,499
6881,499
6882,499
6883,499
6884,499
6885,499
6886,499
6887,499
6888,499
6889,499
6890,499
6891,499
6892,499
6893,499
6894,499
6895,499
6896,499
6897,499
6898,499
6899,499
6900,499
6901,499
6902,499
6903,499
6904,499
6905,499
6906,499
6907,499
6908,499
6909,499
6910,499
6911,499
6912,499
6913,499
6914,499
6915,499
6916,499
6917,499
6918,499
6919,499
6920,499
6921,499
6922,499
6923,499
6924,499
6925,499
6926,499
6927,499
6928,499
6929,499
6930,499
6931,499
6932,499
6933,499
6934,499
6935,499
6936,499
6937,499
6938,499
6939,499
6940,499
6941,499
6942,499
6943,499
6944,499
6945,499
6946,499
6947,499
6948,499
6949,499
6950,499
6951,499
6952,499
6953,499
6954,499
6955,499
6956,499
6957,499
6958,499
6959,499
6960,499
6961,499
6962,499
6963,499
6964,499
6965,499
6966,499
6967,499
6968,499
6969,499
6970,499
6971,499
6972,499
6973,499
6974,499
6975,499
6976,499
6977,499
6978,499
6979,499
6980,499
6981,499
6982,499
6983,499
6984,499
6985,499
6986,499
6987,499
6988,499
6989,499
6990,499
6991,499
6992,499
6993,499
6994,499
6995,499
6996,499
6997,499
6998,499
6999,499
7000,499
7001,499
7002,499
7003,499
7004,499
7005,499
7006,499
7007,499
7008,499
7009,499
7010,499
7011,499
7012,499
7013,499
7014,499
7015,499
7016,499
7017,499
7018,499
7019,499
7020,499
7021,499
7022,499
7023,499
7024,499
7025,499
7026,499
7027,499
7028,499
7029,499
7030,499
7031,499
7032,499
7033,499
7034,499
7035,499
7036,499
7037,499
7038,499
7039,499
7040,499
7041,499
7042,499
7043,499
7044,499
7045,499
7046,499
7047,499
7048,499
7049,499
7050,499
7051,499
7052,499
7053,499
7054,499
7055,499
7056,499
7057,499
7058,499
7059,499
7060,499
7061,499
7062,499
7063,499
7064,499
7065,499
7066,499
7067,499
7068,499
7069,499
7070,499
7071,499
7072,499
7073,499
7074,499
7075,499
7076,499
7077,499
7078,499
7079,499
7080,499
7081,499
7082,499
7083,499
7084,499
7085,499
7086,499
7087,499
7088,499
7089,499
7090,499
7091,499
7092,499
7093,499
7094,499
7095,499
7096,499
7097,499
7098,499
7099,499
7100,499
7101,499
7102,499
7103,499
7104,499
7105,499
7106,499
7107,499
7108,499
7109,499
7110,499
7111,499
7112,499
7113,499
7114,499
7115,499
7116,499
7117,499
7118,499
7119,499
7120,499
7121,499
7122,499
7123,499
7124,499
7125,499
7126,499
7127,499
7128,499
7129,499
7130,499
7131,499
7132,499
7133,499
7134,499
7135,499
7136,499
7137,499
7138,499
7139,499
7140,499
7141,499
7142,499
7143,499
7144,499
7145,499
7146,499
7147,499
7148,499
7149,499
7150,499
7151,499
7152,499
7153,499
7154,499
7155,499
7156,499
7157,499
7158,499
7159,499
7160,499
7161,499
7162,499
7163,499
7164,499
7165,499
7166,499
7167,499
7168,499
7169,499
7170,499
7171,499
7172,499
7173,499
7174,499
7175,499
7176,499
7177,499
7178,499
7179,499
7180,499
7181,499
7182,499
7183,499
7184,499
7185,499
7186,499
7187,499
7188,499
7189,499
7190,499
7191,499
7192,499
7193,499
7194,499
7195,499
7196,499
7197,499
7198,499
7199,499
7200,499
7201,499
7202,499
7203,499
7204,499
7205,499
7206,499
7207,499
7208,499
7209,499
7210,499
7211,499
7212,499
7213,499
7214,499
7215,499
7216,499
7217,499
7218,499
7219,499
7220,499
7221,499
7222,499
7223,499
7224,499
7225,499
7226,499
7227,499
7228,499
7229,499
7230,499
7231,499
7232,499
7233,499
7234,499
7235,499
7236,499
7237,499
7238,499
7239,499
7240,499
7241,499
7242,499
7243,499
7244,499
7245,499
7246,499
7247,499
7248,499
7249,499
7250,499
7251,499
7252,499
7253,499
7254,499
7255,499
7256,499
7257,499
7258,499
7259,499
7260,499
7261,499
7262,499
7263,499
7264,499
7265,499
7266,499
7267,499
7268,499
7269,499
7270,499
7271,499
7272,499
7273,499
7274,499
7275,499
7276,499
7277,499
7278,499
7279,499
7280,499
7281,499
7282,499
7283,499
7284,499
7285,499
7286,499
7287,499
7288,499
7289,499
7290,499
7291,499
7292,499
7293,499
7294,499
7295,499
7296,499
7297,499
7298,499
7299,499
7300,499
7301,499
7302,499
7303,499
7304,499
7305,499
7306,499
7307,499
7308,499
7309,499
7310,499
7311,499
7312,499
7313,499
7314,499
7315,499
7316,499
7317,499
7318,499
7319,499
7320,499
7321,499
7322,499
7323,499
7324,499
7325,499
7326,499
7327,499
7328,499
7329,499
7330,499
7331,499
7332,499
7333,499
7334,499
7335,499
7336,499
7337,499
7338,499
7339,499
7340,499
7341,499
7342,499
7343,499
7344,499
7345,499
7346,499
7347,499
7348,499
7349,499
7350,499
7351,499
7352,499
7353,499
7354,499
7355,499
7356,499
7357,499
7358,499
7359,499
7360,499
7361,499
7362,499
7363,499
7364,499
7365,499
7366,499
7367,499
7368,499
7369,499
7370,499
7371,499
7372,499
7373,499
7374,499
7375,499
7376,499
7377,499
7378,499
7379,499
7380,499
7381,499
7382,499
7383,499
7384,499
7385,499
7386,499
7387,499
7388,499
7389,499
7390,499
7391,499
7392,499
7393,499
7394,499
7395,499
7396,499
7397,499
7398,499
7399,499
7400,499
7401,499
7402,499
7403,499
7404,499
7405,499
7406,499
7407,499
7408,499
7409,499
7410,499
7411,499
7412,499
7413,499
7414,499
7415,499
7416,499
7417,499
7418,499
7419,499
7420,499
7421,499
7422,499
7423,499
7424,499
7425,499
7426,499
7427,499
7428,499
7429,499
7430,499
7431,499
7432,499
7433,499
7434,499
7435,499
7436,499
7437,499
7438,499
7439,499
7440,499
7441,499
7442,499
7443,499
7444,499
7445,499
7446,499
7447,499
7448,499
7449,499
7450,499
7451,499
7452,499
7453,499
7454,499
7455,499
7456,499
7457,499
7458,499
7459,499
7460,499
7461,499
7462,499
7463,499
7464,499
7465,499
7466,499
7467,499
7468,499
7469,499
7470,499
7471,499
7472,499
7473,499
7474,499
7475,499
7476,499
7477,499
7478,499
7479,499
7480,499
7481,499
7482,499
7483,499
7484,499
7485,499
7486,499
7487,499
7488,499
7489,499
7490,499
7491,499
7492,499
7493,499
7494,499
7495,499
7496,499
7497,499
7498,499
7499,499
7500,499
7501,499
7502,499
7503,499
7504,499
7505,499
7506,499
7507,499
7508,499
7509,499
7510,499
7511,499
7512,499
7513,499
7514,499
7515,499
7516,499
7517,499
7518,499
7519,499
7520,499
7521,499
7522,499
7523,499
7524,499
7525,499
7526,499
7527,499
7528,499
7529,499
7530,499
7531,499
7532,499
7533,499
7534,499
7535,499
7536,499
7537,499
7538,499
7539,499
7540,499
7541,499
7542,499
7543,499
7544,499
7545,499
7546,499
7547,499
7548,499
7549,499
7550,499
7551,499
7552,499
7553,499
7554,499
7555,499
7556,499
7557,499
7558,499
7559,499
7560,499
7561,499
7562,499
7563,499
7564,499
7565,499
7566,499
7567,499
7568,499
7569,499
7570,499
7571,499
7572,499
7573,499
7574,499
7575,499
7576,499
7577,499
7578,499
7579,499
7580,499
7581,499
7582,499
7583,499
7584,499
7585,499
7586,499
7587,499
7588,499
7589,499
7590,499
7591,499
7592,499
7593,499
7594,499
7595,499
7596,499
7597,499
7598,499
7599,499
7600,499
7601,499
7602,499
7603,499
7604,499
7605,499
7606,499
7607,499
7608,499
7609,500
