0,0
1,1
2,2
3,3
4,4
5,4
6,4
7,5
8,6
9,7
10,8
11,9
12,10
13,11
14,12
15,13
16,14
17,15
18,16
19,17
20,18
21,19
22,20
23,21
24,21
25,21
26,22
27,22
28,23
29,24
30,25
31,26
32,27
33,28
34,29
35,30
36,30
37,30
38,31
39,31
40,32
41,33
42,34
43,34
44,34
45,34
46,34
47,35
48,36
49,37
50,38
51,39
52,40
53,41
54,42
55,43
56,44
57,44
58,45
59,46
60,47
61,48
62,49
63,50
64,50
65,50
66,51
67,52
68,52
69,52
70,53
71,53
72,54
73,55
74,55
75,56
76,57
77,58
78,59
79,60
80,61
81,62
82,63
83,63
84,64
85,64
86,64
87,65
88,66
89,67
90,68
91,68
92,69
93,70
94,71
95,72
96,73
97,74
98,75
99,76
100,77
101,78
102,79
103,80
104,81
105,82
106,83
107,84
108,85
109,86
110,87
111,87
112,88
113,88
114,88
115,88
116,88
117,89
118,90
119,90
120,90
121,90
122,90
123,90
124,90
125,91
126,91
127,91
128,91
129,91
130,91
131,91
132,91
133,91
134,91
135,91
136,91
137,91
138,91
139,91
140,91
141,91
142,91
143,91
144,91
145,91
146,91
147,92
148,93
149,93
150,93
151,93
152,93
153,93
154,93
155,93
156,94
157,95
158,95
159,95
160,95
161,95
162,95
163,95
164,95
165,96
166,96
167,97
168,98
169,99
170,99
171,99
172,100
173,101
174,102
175,103
176,103
177,104
178,105
179,105
180,105
181,106
182,107
183,108
184,108
185,108
186,108
187,108
188,108
189,108
190,108
191,108
192,108
193,108
194,108
195,108
196,108
197,108
198,108
199,108
200,109
201,109
202,109
203,109
204,109
205,109
206,109
207,109
208,109
209,110
210,110
211,111
212,112
213,112
214,113
215,114
216,114
217,115
218,116
219,117
220,118
221,119
222,120
223,121
224,122
225,123
226,123
227,123
228,124
229,125
230,125
231,125
232,125
233,126
234,126
235,126
236,126
237,126
238,126
239,126
240,127
241,127
242,127
243,127
244,127
245,127
246,128
247,129
248,129
249,129
250,129
251,130
252,130
253,130
254,130
255,130
256,130
257,130
258,130
259,130
260,130
261,130
262,130
263,131
264,131
265,131
266,131
267,131
268,131
269,131
270,131
271,131
272,132
273,132
274,132
275,132
276,133
277,133
278,133
279,133
280,133
281,134
282,134
283,134
284,134
285,135
286,136
287,136
288,137
289,137
290,137
291,137
292,137
293,137
294,137
295,137
296,138
297,138
298,139
299,139
300,139
301,139
302,139
303,139
304,139
305,139
306,140
307,141
308,141
309,141
310,142
311,143
312,144
313,144
314,144
315,144
316,145
317,145
318,146
319,147
320,148
321,149
322,150
323,151
324,152
325,153
326,153
327,154
328,155
329,156
330,157
331,158
332,159
333,160
334,161
335,161
336,161
337,162
338,163
339,164
340,165
341,166
342,166
343,166
344,167
345,167
346,168
347,168
348,169
349,170
350,170
351,170
352,170
353,170
354,170
355,171
356,171
357,172
358,173
359,173
360,174
361,175
362,176
363,176
364,176
365,176
366,177
367,177
368,177
369,177
370,177
371,177
372,177
373,177
374,177
375,177
376,177
377,177
378,177
379,178
380,178
381,178
382,178
383,178
384,178
385,178
386,178
387,178
388,178
389,178
390,178
391,179
392,179
393,179
394,179
395,179
396,179
397,179
398,179
399,179
400,179
401,179
402,180
403,180
404,180
405,181
406,181
407,182
408,182
409,182
410,182
411,183
412,184
413,185
414,185
415,185
416,185
417,185
418,185
419,186
420,186
421,186
422,186
423,186
424,186
425,186
426,186
427,187
428,187
429,187
430,187
431,187
432,187
433,187
434,188
435,189
436,190
437,191
438,192
439,193
440,194
441,195
442,195
443,196
444,197
445,198
446,199
447,200
448,201
449,202
450,203
451,204
452,205
453,205
454,206
455,207
456,208
457,209
458,210
459,210
460,211
461,212
462,213
463,214
464,214
465,215
466,216
467,216
468,217
469,218
470,219
471,220
472,220
473,221
474,221
475,221
476,222
477,223
478,224
479,224
480,225
481,226
482,227
483,228
484,228
485,229
486,229
487,230
488,230
489,231
490,231
491,231
492,231
493,231
494,231
495,232
496,232
497,233
498,233
499,234
500,235
501,235
502,235
503,235
504,236
505,237
506,237
507,237
508,237
509,237
510,238
511,239
512,239
513,240
514,241
515,241
516,241
517,242
518,243
519,243
520,243
521,243
522,243
523,244
524,245
525,246
526,247
527,247
528,247
529,247
530,247
531,248
532,248
533,249
534,249
535,250
536,251
537,252
538,253
539,254
540,254
541,254
542,255
543,256
544,257
545,258
546,259
547,260
548,260
549,261
550,261
551,262
552,263
553,263
554,263
555,263
556,263
557,264
558,264
559,264
560,264
561,264
562,265
563,265
564,265
565,266
566,266
567,267
568,267
569,267
570,268
571,269
572,270
573,271
574,272
575,273
576,273
577,273
578,273
579,273
580,273
581,273
582,273
583,274
584,275
585,276
586,277
587,278
588,279
589,280
590,281
591,281
592,281
593,281
594,281
595,281
596,282
597,282
598,282
599,283
600,283
601,283
602,283
603,283
604,283
605,284
606,284
607,284
608,284
609,284
610,285
611,286
612,287
613,288
614,289
615,290
616,291
617,292
618,293
619,294
620,294
621,294
622,294
623,294
624,294
625,295
626,296
627,297
628,298
629,298
630,298
631,299
632,299
633,300
634,301
635,302
636,302
637,302
638,302
639,302
640,303
641,303
642,303
643,303
644,303
645,303
646,303
647,303
648,303
649,303
650,303
651,303
652,303
653,303
654,303
655,303
656,303
657,303
658,303
659,303
660,303
661,303
662,303
663,303
664,303
665,303
666,303
667,303
668,303
669,303
670,303
671,303
672,303
673,303
674,303
675,303
676,303
677,304
678,304
679,304
680,304
681,304
682,304
683,304
684,304
685,304
686,304
687,304
688,304
689,304
690,304
691,304
692,304
693,304
694,304
695,304
696,304
697,304
698,304
699,304
700,304
701,305
702,305
703,305
704,305
705,305
706,305
707,305
708,305
709,305
710,305
711,306
712,306
713,306
714,306
715,306
716,306
717,306
718,306
719,307
720,307
721,307
722,307
723,308
724,309
725,310
726,310
727,311
728,312
729,312
730,312
731,312
732,313
733,313
734,314
735,315
736,316
737,317
738,318
739,318
740,319
741,319
742,320
743,321
744,322
745,323
746,324
747,325
748,326
749,327
750,328
751,328
752,329
753,330
754,330
755,330
756,331
757,331
758,331
759,332
760,332
761,332
762,333
763,333
764,333
765,334
766,334
767,335
768,336
769,336
770,337
771,337
772,337
773,337
774,338
775,338
776,338
777,338
778,338
779,338
780,339
781,339
782,339
783,340
784,340
785,340
786,340
787,341
788,341
789,341
790,341
791,341
792,341
793,341
794,341
795,341
796,341
797,341
798,341
799,341
800,341
801,341
802,341
803,341
804,341
805,341
806,341
807,341
808,341
809,341
810,342
811,343
812,343
813,343
814,343
815,343
816,343
817,343
818,343
819,343
820,343
821,343
822,343
823,343
824,343
825,343
826,343
827,343
828,344
829,344
830,344
831,344
832,344
833,344
834,344
835,344
836,344
837,344
838,344
839,345
840,346
841,347
842,348
843,349
844,350
845,350
846,350
847,350
848,350
849,350
850,350
851,350
852,351
853,351
854,351
855,352
856,352
857,352
858,353
859,353
860,353
861,353
862,353
863,354
864,354
865,354
866,354
867,354
868,354
869,354
870,354
871,354
872,354
873,354
874,354
875,354
876,354
877,354
878,355
879,355
880,355
881,355
882,355
883,355
884,355
885,355
886,355
887,356
888,356
889,356
890,356
891,356
892,356
893,356
894,356
895,356
896,356
897,356
898,356
899,356
900,356
901,356
902,356
903,356
904,356
905,356
906,356
907,356
908,356
909,356
910,356
911,356
912,356
913,357
914,357
915,357
916,357
917,357
918,357
919,357
920,357
921,357
922,357
923,357
924,357
925,357
926,357
927,357
928,357
929,357
930,357
931,357
932,357
933,357
934,357
935,357
936,357
937,357
938,357
939,357
940,357
941,357
942,357
943,357
944,357
945,357
946,357
947,357
948,357
949,357
950,357
951,357
952,357
953,357
954,357
955,357
956,357
957,357
958,357
959,357
960,357
961,357
962,357
963,358
964,358
965,358
966,358
967,358
968,358
969,358
970,358
971,359
972,359
973,359
974,360
975,360
976,360
977,360
978,360
979,360
980,360
981,360
982,360
983,360
984,360
985,360
986,360
987,360
988,360
989,360
990,360
991,360
992,360
993,361
994,361
995,361
996,361
997,361
998,361
999,361
1000,361
1001,361
1002,361
1003,361
1004,361
1005,361
1006,361
1007,361
1008,361
1009,361
1010,361
1011,361
1012,362
1013,362
1014,362
1015,362
1016,362
1017,362
1018,363
1019,363
1020,364
1021,364
1022,364
1023,365
1024,366
1025,367
1026,367
1027,367
1028,367
1029,367
1030,367
1031,367
1032,367
1033,367
1034,367
1035,367
1036,367
1037,367
1038,367
1039,367
1040,367
1041,367
1042,367
1043,367
1044,367
1045,367
1046,367
1047,367
1048,367
1049,367
1050,367
1051,367
1052,367
1053,367
1054,367
1055,367
1056,367
1057,367
1058,367
1059,367
1060,367
1061,367
1062,367
1063,367
1064,367
1065,367
1066,367
1067,367
1068,367
1069,367
1070,367
1071,367
1072,367
1073,367
1074,367
1075,367
1076,367
1077,367
1078,367
1079,367
1080,367
1081,367
1082,367
1083,367
1084,367
1085,367
1086,367
1087,367
1088,367
1089,367
1090,367
1091,367
1092,367
1093,367
1094,367
1095,367
1096,367
1097,367
1098,367
1099,367
1100,367
1101,367
1102,367
1103,367
1104,367
1105,367
1106,367
1107,367
1108,368
1109,368
1110,368
1111,368
1112,368
1113,368
1114,368
1115,368
1116,368
1117,368
1118,368
1119,368
1120,369
1121,370
1122,370
1123,371
1124,372
1125,373
1126,373
1127,374
1128,374
1129,375
1130,375
1131,376
1132,376
1133,377
1134,377
1135,377
1136,378
1137,378
1138,378
1139,378
1140,379
1141,379
1142,379
1143,379
1144,379
1145,379
1146,379
1147,379
1148,379
1149,379
1150,379
1151,379
1152,380
1153,380
1154,380
1155,380
1156,381
1157,381
1158,381
1159,381
1160,382
1161,382
1162,382
1163,382
1164,383
1165,384
1166,384
1167,385
1168,385
1169,386
1170,387
1171,388
1172,389
1173,389
1174,390
1175,391
1176,392
1177,393
1178,394
1179,395
1180,396
1181,397
1182,398
1183,399
1184,399
1185,400
1186,400
1187,400
1188,400
1189,400
1190,400
1191,400
1192,401
1193,401
1194,401
1195,402
1196,402
1197,402
1198,402
1199,402
1200,402
1201,402
1202,402
1203,402
1204,402
1205,403
1206,403
1207,403
1208,403
1209,403
1210,403
1211,403
1212,403
1213,403
1214,403
1215,403
1216,403
1217,403
1218,403
1219,403
1220,403
1221,403
1222,403
1223,403
1224,403
1225,403
1226,403
1227,403
1228,403
1229,403
1230,403
1231,403
1232,403
1233,403
1234,403
1235,403
1236,403
1237,403
1238,403
1239,403
1240,403
1241,403
1242,403
1243,403
1244,403
1245,403
1246,403
1247,403
1248,403
1249,403
1250,403
1251,403
1252,403
1253,403
1254,404
1255,404
1256,404
1257,404
1258,404
1259,405
1260,405
1261,406
1262,406
1263,406
1264,407
1265,407
1266,407
1267,408
1268,409
1269,409
1270,410
1271,411
1272,412
1273,413
1274,414
1275,415
1276,416
1277,417
1278,418
1279,419
1280,420
1281,420
1282,421
1283,422
1284,423
1285,424
1286,425
1287,426
1288,427
1289,428
1290,429
1291,430
1292,430
1293,430
1294,431
1295,432
1296,432
1297,432
1298,432
1299,432
1300,432
1301,432
1302,432
1303,432
1304,432
1305,432
1306,432
1307,432
1308,432
1309,432
1310,432
1311,432
1312,432
1313,432
1314,432
1315,432
1316,432
1317,432
1318,432
1319,432
1320,432
1321,432
1322,432
1323,432
1324,432
1325,432
1326,432
1327,432
1328,432
1329,432
1330,432
1331,432
1332,432
1333,432
1334,432
1335,432
1336,432
1337,432
1338,432
1339,432
1340,432
1341,432
1342,432
1343,432
1344,432
1345,432
1346,432
1347,432
1348,433
1349,434
1350,434
1351,434
1352,434
1353,434
1354,434
1355,434
1356,434
1357,435
1358,435
1359,435
1360,435
1361,435
1362,435
1363,435
1364,435
1365,435
1366,435
1367,435
1368,435
1369,435
1370,435
1371,435
1372,435
1373,435
1374,435
1375,435
1376,435
1377,435
1378,435
1379,435
1380,435
1381,435
1382,435
1383,435
1384,435
1385,435
1386,435
1387,435
1388,435
1389,435
1390,435
1391,435
1392,435
1393,435
1394,435
1395,435
1396,435
1397,435
1398,435
1399,435
1400,435
1401,435
1402,435
1403,435
1404,435
1405,435
1406,435
1407,435
1408,435
1409,435
1410,435
1411,435
1412,435
1413,435
1414,435
1415,435
1416,435
1417,435
1418,435
1419,436
1420,436
1421,436
1422,436
1423,436
1424,436
1425,437
1426,437
1427,437
1428,437
1429,437
1430,437
1431,437
1432,437
1433,437
1434,437
1435,437
1436,437
1437,437
1438,437
1439,437
1440,437
1441,437
1442,437
1443,437
1444,437
1445,437
1446,437
1447,437
1448,437
1449,437
1450,437
1451,437
1452,437
1453,437
1454,437
1455,437
1456,437
1457,437
1458,437
1459,437
1460,437
1461,437
1462,437
1463,437
1464,437
1465,437
1466,437
1467,437
1468,437
1469,437
1470,437
1471,437
1472,437
1473,437
1474,437
1475,437
1476,437
1477,437
1478,437
1479,437
1480,437
1481,437
1482,437
1483,437
1484,437
1485,437
1486,437
1487,437
1488,437
1489,437
1490,437
1491,437
1492,437
1493,437
1494,437
1495,437
1496,437
1497,437
1498,437
1499,437
1500,437
1501,437
1502,437
1503,437
1504,437
1505,437
1506,437
1507,437
1508,437
1509,437
1510,437
1511,437
1512,437
1513,437
1514,437
1515,437
1516,437
1517,437
1518,437
1519,437
1520,437
1521,437
1522,437
1523,437
1524,437
1525,437
1526,437
1527,437
1528,437
1529,437
1530,437
1531,437
1532,437
1533,437
1534,437
1535,437
1536,437
1537,437
1538,437
1539,437
1540,437
1541,437
1542,437
1543,437
1544,437
1545,437
1546,437
1547,437
1548,437
1549,437
1550,437
1551,437
1552,437
1553,437
1554,437
1555,437
1556,437
1557,437
1558,437
1559,437
1560,437
1561,437
1562,437
1563,437
1564,437
1565,437
1566,437
1567,437
1568,437
1569,437
1570,437
1571,437
1572,437
1573,437
1574,437
1575,437
1576,437
1577,437
1578,437
1579,437
1580,437
1581,437
1582,437
1583,437
1584,437
1585,437
1586,437
1587,437
1588,437
1589,437
1590,437
1591,437
1592,437
1593,437
1594,437
1595,437
1596,437
1597,437
1598,437
1599,437
1600,437
1601,437
1602,437
1603,437
1604,437
1605,437
1606,437
1607,437
1608,437
1609,437
1610,437
1611,437
1612,437
1613,437
1614,437
1615,437
1616,437
1617,437
1618,437
1619,437
1620,437
1621,437
1622,438
1623,438
1624,438
1625,438
1626,438
1627,438
1628,438
1629,438
1630,438
1631,438
1632,438
1633,438
1634,438
1635,438
1636,438
1637,438
1638,438
1639,438
1640,438
1641,438
1642,438
1643,438
1644,438
1645,438
1646,438
1647,438
1648,438
1649,438
1650,438
1651,438
1652,438
1653,438
1654,438
1655,438
1656,438
1657,438
1658,438
1659,438
1660,438
1661,438
1662,438
1663,438
1664,438
1665,438
1666,438
1667,438
1668,438
1669,438
1670,438
1671,438
1672,438
1673,438
1674,438
1675,438
1676,438
1677,438
1678,438
1679,438
1680,438
1681,438
1682,438
1683,438
1684,438
1685,438
1686,438
1687,438
1688,438
1689,438
1690,438
1691,438
1692,438
1693,438
1694,438
1695,438
1696,439
1697,439
1698,440
1699,441
1700,441
1701,441
1702,441
1703,441
1704,441
1705,441
1706,441
1707,441
1708,441
1709,441
1710,441
1711,441
1712,441
1713,441
1714,441
1715,441
1716,441
1717,441
1718,441
1719,441
1720,441
1721,441
1722,441
1723,441
1724,441
1725,441
1726,441
1727,441
1728,441
1729,441
1730,441
1731,441
1732,441
1733,441
1734,441
1735,441
1736,441
1737,441
1738,441
1739,441
1740,441
1741,441
1742,441
1743,441
1744,441
1745,441
1746,441
1747,441
1748,441
1749,441
1750,441
1751,441
1752,442
1753,443
1754,443
1755,443
1756,444
1757,444
1758,444
1759,444
1760,445
1761,445
1762,446
1763,446
1764,446
1765,446
1766,446
1767,446
1768,446
1769,446
1770,446
1771,446
1772,446
1773,446
1774,446
1775,446
1776,446
1777,446
1778,446
1779,446
1780,446
1781,446
1782,446
1783,446
1784,446
1785,446
1786,446
1787,446
1788,446
1789,446
1790,446
1791,446
1792,446
1793,446
1794,446
1795,446
1796,446
1797,446
1798,446
1799,446
1800,446
1801,446
1802,446
1803,446
1804,446
1805,446
1806,446
1807,446
1808,446
1809,446
1810,446
1811,446
1812,446
1813,446
1814,446
1815,446
1816,446
1817,446
1818,446
1819,446
1820,446
1821,446
1822,446
1823,446
1824,446
1825,446
1826,446
1827,446
1828,446
1829,446
1830,446
1831,446
1832,446
1833,446
1834,446
1835,446
1836,446
1837,446
1838,446
1839,446
1840,446
1841,446
1842,446
1843,446
1844,446
1845,446
1846,446
1847,446
1848,446
1849,446
1850,446
1851,446
1852,446
1853,446
1854,446
1855,446
1856,446
1857,446
1858,446
1859,446
1860,446
1861,446
1862,446
1863,446
1864,446
1865,446
1866,447
1867,447
1868,447
1869,447
1870,447
1871,447
1872,447
1873,447
1874,447
1875,447
1876,447
1877,447
1878,447
1879,447
1880,447
1881,447
1882,447
1883,447
1884,447
1885,447
1886,447
1887,447
1888,447
1889,447
1890,447
1891,447
1892,447
1893,447
1894,447
1895,447
1896,447
1897,447
1898,447
1899,447
1900,447
1901,447
1902,447
1903,447
1904,447
1905,447
1906,447
1907,447
1908,447
1909,447
1910,447
1911,447
1912,447
1913,447
1914,447
1915,447
1916,447
1917,447
1918,447
1919,447
1920,447
1921,447
1922,447
1923,447
1924,447
1925,447
1926,447
1927,447
1928,447
1929,447
1930,447
1931,447
1932,447
1933,447
1934,447
1935,447
1936,447
1937,447
1938,447
1939,447
1940,447
1941,447
1942,447
1943,447
1944,447
1945,447
1946,447
1947,447
1948,447
1949,447
1950,447
1951,447
1952,447
1953,447
1954,448
1955,449
1956,449
1957,450
1958,451
1959,451
1960,452
1961,453
1962,453
1963,453
1964,453
1965,453
1966,454
1967,455
1968,456
1969,457
1970,457
1971,457
1972,458
1973,458
1974,458
1975,459
1976,460
1977,461
1978,461
1979,461
1980,461
1981,462
1982,463
1983,464
1984,465
1985,466
1986,466
1987,466
1988,466
1989,466
1990,467
1991,467
1992,467
1993,467
1994,467
1995,467
1996,467
1997,467
1998,468
1999,468
2000,468
2001,469
2002,469
2003,469
2004,469
2005,469
2006,469
2007,469
2008,469
2009,469
2010,469
2011,469
2012,469
2013,470
2014,470
2015,470
2016,470
2017,470
2018,470
2019,470
2020,470
2021,470
2022,470
2023,470
2024,470
2025,470
2026,470
2027,470
2028,470
2029,470
2030,470
2031,470
2032,470
2033,470
2034,470
2035,470
2036,470
2037,470
2038,470
2039,470
2040,470
2041,470
2042,470
2043,470
2044,470
2045,470
2046,470
2047,470
2048,470
2049,470
2050,470
2051,470
2052,470
2053,470
2054,470
2055,470
2056,470
2057,470
2058,471
2059,471
2060,471
2061,471
2062,471
2063,471
2064,471
2065,471
2066,471
2067,471
2068,471
2069,471
2070,471
2071,471
2072,471
2073,471
2074,471
2075,471
2076,471
2077,471
2078,471
2079,471
2080,471
2081,471
2082,471
2083,471
2084,471
2085,471
2086,471
2087,471
2088,471
2089,471
2090,471
2091,471
2092,471
2093,471
2094,471
2095,471
2096,471
2097,471
2098,471
2099,471
2100,471
2101,471
2102,471
2103,471
2104,471
2105,471
2106,471
2107,471
2108,471
2109,471
2110,471
2111,471
2112,471
2113,471
2114,471
2115,471
2116,471
2117,471
2118,471
2119,471
2120,471
2121,471
2122,471
2123,471
2124,471
2125,471
2126,471
2127,471
2128,471
2129,471
2130,471
2131,471
2132,471
2133,471
2134,471
2135,471
2136,471
2137,471
2138,471
2139,471
2140,471
2141,471
2142,471
2143,471
2144,471
2145,471
2146,471
2147,471
2148,471
2149,471
2150,471
2151,471
2152,471
2153,471
2154,471
2155,471
2156,471
2157,471
2158,471
2159,471
2160,471
2161,471
2162,471
2163,471
2164,471
2165,471
2166,471
2167,471
2168,471
2169,471
2170,471
2171,471
2172,471
2173,471
2174,471
2175,471
2176,471
2177,471
2178,471
2179,471
2180,471
2181,471
2182,471
2183,472
2184,473
2185,473
2186,473
2187,473
2188,473
2189,473
2190,473
2191,473
2192,473
2193,473
2194,473
2195,473
2196,473
2197,473
2198,473
2199,473
2200,473
2201,473
2202,473
2203,473
2204,473
2205,473
2206,473
2207,473
2208,473
2209,473
2210,473
2211,473
2212,473
2213,473
2214,473
2215,473
2216,473
2217,473
2218,473
2219,473
2220,473
2221,473
2222,473
2223,473
2224,473
2225,473
2226,473
2227,474
2228,474
2229,474
2230,474
2231,474
2232,474
2233,474
2234,474
2235,475
2236,475
2237,475
2238,476
2239,476
2240,476
2241,476
2242,476
2243,476
2244,476
2245,476
2246,477
2247,478
2248,478
2249,478
2250,478
2251,478
2252,478
2253,478
2254,478
2255,478
2256,478
2257,478
2258,478
2259,478
2260,478
2261,478
2262,478
2263,478
2264,478
2265,478
2266,478
2267,478
2268,478
2269,478
2270,478
2271,478
2272,478
2273,478
2274,478
2275,478
2276,478
2277,478
2278,478
2279,478
2280,478
2281,478
2282,478
2283,478
2284,478
2285,478
2286,478
2287,478
2288,478
2289,478
2290,478
2291,478
2292,478
2293,478
2294,478
2295,478
2296,478
2297,478
2298,478
2299,478
2300,478
2301,478
2302,478
2303,479
2304,479
2305,480
2306,480
2307,480
2308,480
2309,481
2310,481
2311,482
2312,482
2313,482
2314,482
2315,482
2316,482
2317,482
2318,482
2319,482
2320,482
2321,482
2322,482
2323,482
2324,482
2325,482
2326,482
2327,482
2328,482
2329,482
2330,482
2331,482
2332,482
2333,482
2334,482
2335,482
2336,482
2337,483
2338,483
2339,483
2340,483
2341,483
2342,483
2343,483
2344,483
2345,483
2346,483
2347,483
2348,483
2349,483
2350,483
2351,483
2352,484
2353,484
2354,484
2355,484
2356,484
2357,484
2358,484
2359,484
2360,484
2361,484
2362,484
2363,484
2364,484
2365,484
2366,484
2367,484
2368,484
2369,484
2370,484
2371,484
2372,484
2373,484
2374,484
2375,484
2376,484
2377,484
2378,484
2379,484
2380,484
2381,484
2382,484
2383,484
2384,484
2385,484
2386,484
2387,484
2388,484
2389,484
2390,484
2391,484
2392,484
2393,484
2394,484
2395,484
2396,484
2397,484
2398,484
2399,484
2400,484
2401,484
2402,484
2403,484
2404,484
2405,484
2406,484
2407,484
2408,484
2409,484
2410,484
2411,484
2412,484
2413,484
2414,484
2415,484
2416,484
2417,484
2418,484
2419,484
2420,484
2421,484
2422,484
2423,484
2424,484
2425,484
2426,484
2427,484
2428,484
2429,484
2430,484
2431,484
2432,484
2433,484
2434,484
2435,484
2436,484
2437,484
2438,484
2439,484
2440,484
2441,484
2442,484
2443,484
2444,484
2445,484
2446,484
2447,484
2448,484
2449,484
2450,484
2451,484
2452,484
2453,484
2454,484
2455,484
2456,484
2457,484
2458,484
2459,484
2460,484
2461,484
2462,484
2463,484
2464,484
2465,484
2466,484
2467,484
2468,484
2469,484
2470,484
2471,484
2472,485
2473,485
2474,485
2475,485
2476,485
2477,485
2478,485
2479,485
2480,485
2481,485
2482,485
2483,485
2484,485
2485,485
2486,485
2487,485
2488,485
2489,485
2490,485
2491,485
2492,485
2493,485
2494,485
2495,485
2496,485
2497,485
2498,485
2499,485
2500,485
2501,485
2502,485
2503,485
2504,485
2505,485
2506,485
2507,485
2508,485
2509,485
2510,485
2511,485
2512,485
2513,485
2514,485
2515,485
2516,485
2517,485
2518,485
2519,485
2520,485
2521,485
2522,485
2523,485
2524,485
2525,485
2526,485
2527,485
2528,485
2529,485
2530,485
2531,485
2532,485
2533,485
2534,485
2535,485
2536,485
2537,485
2538,485
2539,485
2540,485
2541,485
2542,485
2543,485
2544,485
2545,485
2546,485
2547,485
2548,485
2549,485
2550,485
2551,485
2552,485
2553,485
2554,485
2555,485
2556,485
2557,485
2558,485
2559,485
2560,485
2561,485
2562,485
2563,485
2564,485
2565,485
2566,485
2567,485
2568,485
2569,485
2570,485
2571,485
2572,485
2573,485
2574,485
2575,485
2576,485
2577,485
2578,485
2579,485
2580,485
2581,485
2582,485
2583,485
2584,485
2585,485
2586,485
2587,485
2588,485
2589,485
2590,485
2591,485
2592,485
2593,485
2594,485
2595,485
2596,485
2597,485
2598,485
2599,485
2600,485
2601,485
2602,485
2603,485
2604,485
2605,485
2606,485
2607,485
2608,485
2609,485
2610,485
2611,485
2612,485
2613,485
2614,485
2615,485
2616,485
2617,485
2618,485
2619,485
2620,485
2621,485
2622,485
2623,485
2624,485
2625,485
2626,485
2627,485
2628,485
2629,485
2630,485
2631,485
2632,485
2633,485
2634,485
2635,485
2636,485
2637,485
2638,485
2639,485
2640,485
2641,485
2642,485
2643,485
2644,485
2645,485
2646,485
2647,485
2648,485
2649,485
2650,485
2651,485
2652,486
2653,486
2654,486
2655,487
2656,488
2657,488
2658,488
2659,488
2660,488
2661,488
2662,488
2663,488
2664,488
2665,488
2666,488
2667,488
2668,488
2669,488
2670,488
2671,488
2672,488
2673,488
2674,488
2675,488
2676,488
2677,488
2678,488
2679,488
2680,488
2681,488
2682,488
2683,488
2684,488
2685,488
2686,488
2687,488
2688,488
2689,488
2690,488
2691,488
2692,488
2693,488
2694,488
2695,488
2696,488
2697,488
2698,488
2699,488
2700,488
2701,488
2702,488
2703,488
2704,488
2705,488
2706,488
2707,488
2708,488
2709,488
2710,488
2711,488
2712,488
2713,488
2714,488
2715,488
2716,488
2717,488
2718,488
2719,488
2720,488
2721,488
2722,488
2723,488
2724,488
2725,488
2726,488
2727,488
2728,488
2729,488
2730,488
2731,488
2732,488
2733,488
2734,488
2735,488
2736,489
2737,489
2738,489
2739,489
2740,489
2741,489
2742,489
2743,489
2744,489
2745,489
2746,489
2747,489
2748,489
2749,489
2750,489
2751,489
2752,489
2753,489
2754,489
2755,489
2756,489
2757,489
2758,489
2759,489
2760,489
2761,489
2762,489
2763,489
2764,489
2765,489
2766,489
2767,489
2768,489
2769,489
2770,489
2771,489
2772,489
2773,489
2774,489
2775,489
2776,489
2777,489
2778,489
2779,489
2780,489
2781,489
2782,490
2783,490
2784,490
2785,490
2786,490
2787,490
2788,490
2789,490
2790,491
2791,491
2792,491
2793,491
2794,491
2795,491
2796,491
2797,491
2798,491
2799,491
2800,491
2801,491
2802,491
2803,491
2804,491
2805,491
2806,491
2807,491
2808,491
2809,491
2810,491
2811,491
2812,491
2813,491
2814,491
2815,491
2816,491
2817,491
2818,491
2819,491
2820,491
2821,491
2822,491
2823,491
2824,491
2825,491
2826,491
2827,491
2828,491
2829,491
2830,491
2831,491
2832,491
2833,491
2834,491
2835,492
2836,492
2837,492
2838,492
2839,492
2840,492
2841,492
2842,492
2843,492
2844,492
2845,492
2846,492
2847,492
2848,492
2849,492
2850,492
2851,492
2852,492
2853,492
2854,492
2855,492
2856,492
2857,492
2858,492
2859,492
2860,492
2861,492
2862,492
2863,492
2864,492
2865,492
2866,492
2867,492
2868,492
2869,492
2870,492
2871,492
2872,492
2873,492
2874,492
2875,492
2876,492
2877,492
2878,492
2879,492
2880,492
2881,492
2882,492
2883,492
2884,492
2885,492
2886,492
2887,492
2888,492
2889,492
2890,492
2891,492
2892,492
2893,492
2894,492
2895,492
2896,492
2897,492
2898,492
2899,492
2900,492
2901,492
2902,492
2903,492
2904,492
2905,492
2906,492
2907,492
2908,492
2909,492
2910,492
2911,492
2912,492
2913,492
2914,492
2915,492
2916,492
2917,492
2918,492
2919,492
2920,492
2921,492
2922,492
2923,492
2924,492
2925,492
2926,492
2927,492
2928,492
2929,492
2930,492
2931,492
2932,492
2933,492
2934,492
2935,492
2936,492
2937,492
2938,492
2939,492
2940,492
2941,492
2942,492
2943,492
2944,492
2945,492
2946,492
2947,492
2948,492
2949,492
2950,492
2951,492
2952,492
2953,492
2954,492
2955,492
2956,492
2957,492
2958,492
2959,492
2960,492
2961,492
2962,492
2963,492
2964,492
2965,492
2966,492
2967,492
2968,492
2969,492
2970,492
2971,492
2972,492
2973,492
2974,492
2975,492
2976,492
2977,492
2978,492
2979,492
2980,492
2981,492
2982,492
2983,492
2984,492
2985,492
2986,492
2987,492
2988,492
2989,492
2990,492
2991,492
2992,492
2993,492
2994,492
2995,492
2996,492
2997,492
2998,492
2999,492
3000,492
3001,492
3002,492
3003,492
3004,492
3005,492
3006,492
3007,492
3008,492
3009,492
3010,492
3011,492
3012,492
3013,492
3014,492
3015,492
3016,492
3017,492
3018,492
3019,492
3020,492
3021,492
3022,492
3023,492
3024,492
3025,492
3026,492
3027,492
3028,492
3029,492
3030,492
3031,492
3032,492
3033,492
3034,492
3035,492
3036,492
3037,492
3038,492
3039,492
3040,492
3041,492
3042,492
3043,492
3044,492
3045,492
3046,492
3047,492
3048,492
3049,492
3050,492
3051,492
3052,492
3053,492
3054,492
3055,492
3056,492
3057,492
3058,492
3059,492
3060,492
3061,492
3062,492
3063,492
3064,492
3065,492
3066,492
3067,492
3068,492
3069,492
3070,492
3071,492
3072,492
3073,492
3074,492
3075,492
3076,492
3077,492
3078,492
3079,492
3080,492
3081,492
3082,492
3083,492
3084,492
3085,492
3086,492
3087,492
3088,492
3089,492
3090,492
3091,492
3092,492
3093,492
3094,492
3095,492
3096,492
3097,492
3098,492
3099,492
3100,492
3101,492
3102,492
3103,492
3104,492
3105,492
3106,492
3107,492
3108,492
3109,492
3110,492
3111,492
3112,492
3113,492
3114,492
3115,492
3116,492
3117,492
3118,492
3119,492
3120,492
3121,492
3122,492
3123,492
3124,492
3125,492
3126,492
3127,492
3128,492
3129,492
3130,492
3131,492
3132,492
3133,492
3134,492
3135,492
3136,492
3137,492
3138,492
3139,492
3140,492
3141,492
3142,492
3143,492
3144,492
3145,492
3146,492
3147,492
3148,492
3149,492
3150,492
3151,492
3152,492
3153,492
3154,492
3155,492
3156,492
3157,492
3158,492
3159,492
3160,492
3161,492
3162,492
3163,492
3164,492
3165,492
3166,492
3167,492
3168,492
3169,492
3170,492
3171,492
3172,492
3173,492
3174,492
3175,492
3176,492
3177,492
3178,492
3179,492
3180,492
3181,492
3182,492
3183,492
3184,492
3185,492
3186,492
3187,492
3188,492
3189,492
3190,492
3191,492
3192,492
3193,492
3194,492
3195,492
3196,492
3197,492
3198,492
3199,492
3200,492
3201,492
3202,492
3203,492
3204,492
3205,492
3206,492
3207,492
3208,492
3209,492
3210,492
3211,492
3212,492
3213,492
3214,492
3215,492
3216,492
3217,492
3218,492
3219,492
3220,492
3221,492
3222,492
3223,492
3224,492
3225,492
3226,492
3227,492
3228,492
3229,492
3230,492
3231,492
3232,492
3233,492
3234,492
3235,492
3236,492
3237,492
3238,492
3239,492
3240,492
3241,492
3242,492
3243,492
3244,492
3245,492
3246,492
3247,492
3248,492
3249,492
3250,492
3251,492
3252,492
3253,492
3254,492
3255,492
3256,492
3257,492
3258,492
3259,492
3260,492
3261,492
3262,492
3263,492
3264,492
3265,492
3266,492
3267,492
3268,492
3269,492
3270,492
3271,492
3272,492
3273,492
3274,492
3275,492
3276,492
3277,492
3278,492
3279,492
3280,492
3281,492
3282,492
3283,492
3284,492
3285,492
3286,492
3287,492
3288,492
3289,492
3290,492
3291,492
3292,492
3293,492
3294,492
3295,492
3296,492
3297,492
3298,492
3299,492
3300,492
3301,492
3302,492
3303,492
3304,492
3305,492
3306,492
3307,492
3308,492
3309,492
3310,492
3311,492
3312,492
3313,492
3314,492
3315,492
3316,492
3317,492
3318,492
3319,492
3320,492
3321,492
3322,492
3323,492
3324,492
3325,492
3326,492
3327,492
3328,492
3329,492
3330,492
3331,492
3332,492
3333,492
3334,492
3335,492
3336,492
3337,492
3338,492
3339,492
3340,492
3341,492
3342,492
3343,492
3344,492
3345,492
3346,492
3347,492
3348,492
3349,492
3350,492
3351,492
3352,492
3353,492
3354,492
3355,492
3356,492
3357,492
3358,492
3359,492
3360,492
3361,492
3362,492
3363,492
3364,492
3365,492
3366,492
3367,492
3368,492
3369,492
3370,492
3371,492
3372,492
3373,492
3374,492
3375,492
3376,492
3377,492
3378,492
3379,492
3380,492
3381,492
3382,492
3383,492
3384,492
3385,492
3386,492
3387,492
3388,492
3389,492
3390,492
3391,492
3392,492
3393,492
3394,492
3395,492
3396,492
3397,492
3398,492
3399,492
3400,492
3401,492
3402,492
3403,492
3404,492
3405,492
3406,492
3407,492
3408,492
3409,492
3410,492
3411,492
3412,492
3413,492
3414,492
3415,492
3416,492
3417,492
3418,492
3419,492
3420,492
3421,492
3422,492
3423,492
3424,492
3425,492
3426,492
3427,492
3428,492
3429,492
3430,492
3431,492
3432,492
3433,492
3434,492
3435,492
3436,492
3437,492
3438,492
3439,492
3440,492
3441,492
3442,492
3443,492
3444,492
3445,492
3446,492
3447,492
3448,492
3449,492
3450,492
3451,492
3452,492
3453,492
3454,492
3455,492
3456,492
3457,492
3458,492
3459,492
3460,492
3461,492
3462,492
3463,492
3464,492
3465,492
3466,492
3467,492
3468,492
3469,492
3470,492
3471,492
3472,492
3473,492
3474,492
3475,492
3476,492
3477,492
3478,492
3479,492
3480,492
3481,492
3482,492
3483,492
3484,492
3485,492
3486,492
3487,492
3488,492
3489,492
3490,492
3491,492
3492,492
3493,492
3494,492
3495,492
3496,492
3497,492
3498,492
3499,492
3500,492
3501,492
3502,492
3503,492
3504,492
3505,492
3506,492
3507,492
3508,492
3509,492
3510,492
3511,492
3512,492
3513,492
3514,492
3515,492
3516,492
3517,492
3518,492
3519,492
3520,492
3521,493
3522,493
3523,493
3524,493
3525,493
3526,494
3527,494
3528,494
3529,494
3530,494
3531,494
3532,494
3533,494
3534,494
3535,495
3536,495
3537,495
3538,495
3539,495
3540,495
3541,496
3542,496
3543,496
3544,496
3545,497
3546,497
3547,497
3548,497
3549,497
3550,497
3551,497
3552,497
3553,497
3554,497
3555,497
3556,497
3557,497
3558,497
3559,497
3560,497
3561,497
3562,497
3563,497
3564,497
3565,497
3566,497
3567,497
3568,497
3569,497
3570,497
3571,497
3572,497
3573,497
3574,497
3575,497
3576,497
3577,497
3578,497
3579,497
3580,497
3581,497
3582,497
3583,497
3584,497
3585,497
3586,497
3587,497
3588,497
3589,497
3590,497
3591,497
3592,497
3593,497
3594,497
3595,497
3596,497
3597,497
3598,497
3599,497
3600,497
3601,497
3602,497
3603,497
3604,497
3605,497
3606,497
3607,497
3608,497
3609,497
3610,497
3611,497
3612,497
3613,497
3614,497
3615,497
3616,497
3617,497
3618,497
3619,497
3620,497
3621,497
3622,497
3623,497
3624,497
3625,497
3626,497
3627,497
3628,497
3629,497
3630,497
3631,497
3632,497
3633,497
3634,497
3635,497
3636,497
3637,497
3638,497
3639,497
3640,497
3641,497
3642,497
3643,497
3644,497
3645,497
3646,497
3647,497
3648,497
3649,497
3650,497
3651,497
3652,497
3653,497
3654,497
3655,497
3656,497
3657,497
3658,497
3659,497
3660,497
3661,497
3662,497
3663,497
3664,497
3665,497
3666,497
3667,497
3668,497
3669,497
3670,497
3671,497
3672,497
3673,497
3674,497
3675,497
3676,497
3677,497
3678,497
3679,497
3680,497
3681,497
3682,497
3683,497
3684,497
3685,497
3686,497
3687,497
3688,497
3689,497
3690,497
3691,497
3692,497
3693,497
3694,497
3695,497
3696,497
3697,497
3698,497
3699,497
3700,497
3701,497
3702,497
3703,497
3704,497
3705,497
3706,497
3707,497
3708,497
3709,497
3710,497
3711,497
3712,497
3713,497
3714,497
3715,497
3716,497
3717,497
3718,497
3719,497
3720,497
3721,497
3722,497
3723,497
3724,497
3725,497
3726,497
3727,497
3728,497
3729,497
3730,497
3731,497
3732,497
3733,497
3734,497
3735,497
3736,497
3737,497
3738,497
3739,497
3740,497
3741,497
3742,497
3743,497
3744,497
3745,497
3746,497
3747,497
3748,497
3749,497
3750,497
3751,497
3752,497
3753,497
3754,497
3755,497
3756,497
3757,497
3758,497
3759,497
3760,497
3761,497
3762,497
3763,497
3764,497
3765,497
3766,497
3767,497
3768,497
3769,497
3770,497
3771,497
3772,497
3773,497
3774,497
3775,497
3776,497
3777,497
3778,497
3779,497
3780,497
3781,497
3782,497
3783,497
3784,497
3785,497
3786,497
3787,497
3788,497
3789,497
3790,497
3791,497
3792,497
3793,497
3794,497
3795,497
3796,497
3797,497
3798,497
3799,497
3800,497
3801,497
3802,497
3803,497
3804,497
3805,497
3806,497
3807,497
3808,497
3809,497
3810,497
3811,497
3812,497
3813,497
3814,497
3815,497
3816,497
3817,497
3818,497
3819,497
3820,497
3821,497
3822,497
3823,497
3824,497
3825,497
3826,497
3827,497
3828,497
3829,497
3830,497
3831,497
3832,497
3833,497
3834,497
3835,497
3836,497
3837,497
3838,497
3839,497
3840,497
3841,497
3842,497
3843,497
3844,497
3845,497
3846,497
3847,497
3848,497
3849,497
3850,497
3851,497
3852,497
3853,497
3854,497
3855,497
3856,497
3857,497
3858,497
3859,497
3860,497
3861,497
3862,497
3863,497
3864,497
3865,497
3866,497
3867,497
3868,497
3869,497
3870,497
3871,497
3872,497
3873,497
3874,497
3875,497
3876,497
3877,497
3878,497
3879,497
3880,497
3881,498
3882,498
3883,498
3884,498
3885,498
3886,498
3887,498
3888,498
3889,498
3890,498
3891,498
3892,498
3893,498
3894,498
3895,498
3896,498
3897,498
3898,498
3899,498
3900,498
3901,498
3902,498
3903,498
3904,498
3905,498
3906,498
3907,498
3908,498
3909,498
3910,498
3911,498
3912,498
3913,498
3914,498
3915,498
3916,498
3917,498
3918,498
3919,498
3920,498
3921,498
3922,498
3923,498
3924,498
3925,498
3926,498
3927,498
3928,498
3929,498
3930,498
3931,498
3932,498
3933,498
3934,498
3935,498
3936,498
3937,498
3938,498
3939,498
3940,498
3941,498
3942,498
3943,498
3944,498
3945,498
3946,498
3947,498
3948,498
3949,498
3950,498
3951,498
3952,498
3953,498
3954,498
3955,498
3956,498
3957,498
3958,498
3959,498
3960,498
3961,498
3962,498
3963,498
3964,498
3965,498
3966,498
3967,498
3968,498
3969,498
3970,498
3971,498
3972,498
3973,498
3974,498
3975,498
3976,498
3977,498
3978,498
3979,498
3980,498
3981,498
3982,498
3983,498
3984,498
3985,498
3986,498
3987,498
3988,498
3989,498
3990,498
3991,498
3992,498
3993,498
3994,498
3995,498
3996,498
3997,498
3998,498
3999,498
4000,498
4001,498
4002,498
4003,498
4004,498
4005,498
4006,498
4007,498
4008,498
4009,498
4010,498
4011,498
4012,498
4013,498
4014,498
4015,498
4016,498
4017,498
4018,498
4019,498
4020,498
4021,498
4022,498
4023,498
4024,498
4025,498
4026,498
4027,498
4028,498
4029,498
4030,498
4031,498
4032,498
4033,498
4034,498
4035,498
4036,498
4037,498
4038,498
4039,498
4040,498
4041,498
4042,498
4043,498
4044,498
4045,498
4046,498
4047,498
4048,498
4049,498
4050,498
4051,498
4052,498
4053,498
4054,498
4055,498
4056,498
4057,498
4058,498
4059,498
4060,498
4061,498
4062,498
4063,498
4064,498
4065,498
4066,498
4067,498
4068,498
4069,498
4070,498
4071,498
4072,498
4073,498
4074,498
4075,498
4076,498
4077,498
4078,498
4079,498
4080,498
4081,498
4082,498
4083,498
4084,498
4085,498
4086,498
4087,498
4088,498
4089,498
4090,498
4091,498
4092,498
4093,498
4094,498
4095,498
4096,498
4097,498
4098,498
4099,498
4100,498
4101,498
4102,498
4103,498
4104,498
4105,498
4106,498
4107,498
4108,498
4109,498
4110,498
4111,498
4112,498
4113,498
4114,498
4115,498
4116,498
4117,498
4118,498
4119,498
4120,498
4121,498
4122,498
4123,498
4124,498
4125,498
4126,498
4127,498
4128,498
4129,498
4130,498
4131,498
4132,498
4133,498
4134,498
4135,498
4136,498
4137,498
4138,498
4139,498
4140,498
4141,498
4142,498
4143,498
4144,498
4145,498
4146,498
4147,498
4148,498
4149,498
4150,498
4151,498
4152,498
4153,498
4154,498
4155,498
4156,498
4157,498
4158,498
4159,498
4160,498
4161,498
4162,498
4163,498
4164,498
4165,498
4166,498
4167,498
4168,498
4169,498
4170,498
4171,498
4172,498
4173,498
4174,498
4175,498
4176,498
4177,498
4178,498
4179,498
4180,498
4181,498
4182,498
4183,498
4184,498
4185,498
4186,498
4187,498
4188,498
4189,498
4190,498
4191,498
4192,498
4193,498
4194,498
4195,498
4196,498
4197,498
4198,498
4199,498
4200,498
4201,498
4202,498
4203,498
4204,498
4205,498
4206,498
4207,498
4208,498
4209,498
4210,498
4211,498
4212,498
4213,498
4214,498
4215,498
4216,498
4217,498
4218,498
4219,498
4220,498
4221,498
4222,498
4223,498
4224,498
4225,498
4226,498
4227,498
4228,498
4229,498
4230,498
4231,498
4232,498
4233,498
4234,498
4235,498
4236,498
4237,498
4238,498
4239,498
4240,498
4241,498
4242,498
4243,498
4244,498
4245,498
4246,498
4247,498
4248,498
4249,498
4250,498
4251,498
4252,498
4253,498
4254,498
4255,498
4256,498
4257,498
4258,498
4259,498
4260,498
4261,498
4262,498
4263,498
4264,498
4265,498
4266,498
4267,498
4268,498
4269,498
4270,498
4271,498
4272,498
4273,498
4274,498
4275,498
4276,498
4277,498
4278,498
4279,498
4280,498
4281,498
4282,498
4283,498
4284,498
4285,498
4286,498
4287,498
4288,498
4289,498
4290,498
4291,498
4292,498
4293,498
4294,498
4295,498
4296,498
4297,498
4298,498
4299,498
4300,498
4301,498
4302,498
4303,498
4304,498
4305,498
4306,498
4307,498
4308,498
4309,498
4310,498
4311,498
4312,498
4313,498
4314,498
4315,498
4316,498
4317,499
4318,499
4319,499
4320,499
4321,499
4322,499
4323,499
4324,499
4325,499
4326,499
4327,499
4328,499
4329,499
4330,499
4331,499
4332,499
4333,499
4334,499
4335,499
4336,499
4337,499
4338,499
4339,499
4340,499
4341,499
4342,499
4343,499
4344,499
4345,499
4346,499
4347,499
4348,499
4349,499
4350,499
4351,499
4352,499
4353,499
4354,499
4355,499
4356,499
4357,499
4358,499
4359,499
4360,499
4361,499
4362,499
4363,499
4364,499
4365,499
4366,499
4367,499
4368,499
4369,499
4370,499
4371,499
4372,499
4373,499
4374,499
4375,499
4376,499
4377,499
4378,499
4379,499
4380,499
4381,499
4382,499
4383,499
4384,499
4385,499
4386,499
4387,499
4388,499
4389,499
4390,499
4391,499
4392,499
4393,499
4394,499
4395,499
4396,499
4397,499
4398,499
4399,499
4400,499
4401,499
4402,499
4403,499
4404,499
4405,499
4406,499
4407,499
4408,499
4409,499
4410,499
4411,499
4412,499
4413,499
4414,499
4415,499
4416,499
4417,499
4418,499
4419,499
4420,499
4421,499
4422,499
4423,499
4424,499
4425,499
4426,499
4427,499
4428,499
4429,499
4430,499
4431,499
4432,499
4433,499
4434,499
4435,500
