0,0
1,1
2,2
3,3
4,4
5,5
6,6
7,7
8,8
9,9
10,10
11,10
12,11
13,12
14,13
15,14
16,15
17,16
18,17
19,18
20,19
21,19
22,20
23,21
24,22
25,23
26,24
27,25
28,26
29,27
30,28
31,29
32,30
33,31
34,32
35,33
36,34
37,35
38,36
39,36
40,37
41,38
42,39
43,40
44,41
45,42
46,43
47,44
48,45
49,46
50,46
51,47
52,48
53,49
54,50
55,51
56,52
57,53
58,54
59,54
60,55
61,56
62,57
63,58
64,59
65,60
66,61
67,62
68,63
69,64
70,65
71,66
72,67
73,68
74,69
75,70
76,71
77,72
78,73
79,74
80,75
81,76
82,77
83,78
84,79
85,80
86,81
87,82
88,83
89,84
90,85
91,86
92,86
93,87
94,88
95,89
96,90
97,91
98,92
99,92
100,93
101,94
102,95
103,96
104,97
105,98
106,99
107,100
108,101
109,102
110,103
111,104
112,105
113,106
114,107
115,108
116,108
117,109
118,110
119,111
120,111
121,112
122,112
123,113
124,114
125,114
126,114
127,115
128,116
129,117
130,118
131,118
132,118
133,119
134,120
135,121
136,122
137,123
138,124
139,125
140,125
141,126
142,127
143,127
144,128
145,129
146,129
147,130
148,131
149,131
150,131
151,131
152,132
153,133
154,134
155,134
156,135
157,136
158,137
159,138
160,139
161,140
162,140
163,141
164,142
165,143
166,144
167,144
168,145
169,146
170,146
171,147
172,148
173,149
174,150
175,151
176,152
177,153
178,154
179,155
180,156
181,157
182,157
183,157
184,157
185,157
186,157
187,157
188,157
189,158
190,158
191,159
192,160
193,160
194,160
195,161
196,161
197,161
198,162
199,162
200,163
201,164
202,165
203,166
204,167
205,168
206,168
207,169
208,170
209,171
210,171
211,172
212,172
213,173
214,174
215,174
216,175
217,175
218,176
219,177
220,177
221,177
222,178
223,179
224,179
225,180
226,180
227,180
228,181
229,181
230,182
231,183
232,184
233,185
234,185
235,185
236,186
237,187
238,187
239,187
240,188
241,188
242,188
243,188
244,189
245,189
246,190
247,191
248,191
249,192
250,193
251,194
252,194
253,194
254,194
255,194
256,195
257,195
258,196
259,197
260,197
261,197
262,197
263,197
264,197
265,198
266,198
267,198
268,198
269,199
270,200
271,201
272,202
273,203
274,203
275,203
276,204
277,204
278,204
279,205
280,205
281,206
282,207
283,207
284,208
285,208
286,208
287,208
288,209
289,209
290,210
291,211
292,212
293,213
294,214
295,215
296,216
297,216
298,216
299,216
300,216
301,216
302,216
303,216
304,216
305,217
306,217
307,218
308,218
309,218
310,219
311,220
312,220
313,221
314,222
315,222
316,222
317,222
318,223
319,223
320,224
321,224
322,224
323,224
324,224
325,225
326,226
327,227
328,227
329,227
330,228
331,229
332,230
333,231
334,232
335,233
336,233
337,234
338,234
339,235
340,236
341,237
342,237
343,237
344,237
345,237
346,237
347,237
348,238
349,238
350,239
351,240
352,240
353,240
354,240
355,241
356,242
357,243
358,244
359,245
360,246
361,247
362,248
363,249
364,250
365,250
366,251
367,251
368,252
369,253
370,254
371,254
372,254
373,254
374,254
375,254
376,254
377,255
378,256
379,257
380,257
381,258
382,259
383,259
384,259
385,259
386,259
387,260
388,261
389,262
390,262
391,263
392,263
393,264
394,264
395,264
396,265
397,266
398,267
399,268
400,268
401,268
402,268
403,268
404,269
405,269
406,270
407,270
408,270
409,270
410,270
411,270
412,270
413,271
414,272
415,272
416,273
417,273
418,274
419,275
420,276
421,277
422,277
423,277
424,278
425,279
426,279
427,279
428,279
429,280
430,281
431,281
432,281
433,281
434,281
435,282
436,282
437,282
438,282
439,283
440,284
441,285
442,285
443,285
444,286
445,287
446,288
447,289
448,289
449,289
450,290
451,290
452,291
453,292
454,292
455,293
456,293
457,294
458,294
459,294
460,294
461,294
462,294
463,295
464,296
465,296
466,296
467,296
468,296
469,296
470,296
471,297
472,297
473,298
474,298
475,299
476,299
477,300
478,301
479,301
480,302
481,303
482,303
483,304
484,304
485,305
486,305
487,306
488,306
489,307
490,307
491,307
492,307
493,307
494,307
495,307
496,307
497,307
498,307
499,308
500,309
501,309
502,309
503,309
504,309
505,309
506,309
507,309
508,309
509,309
510,309
511,309
512,309
513,309
514,310
515,310
516,310
517,310
518,310
519,311
520,311
521,311
522,311
523,311
524,311
525,311
526,311
527,311
528,311
529,311
530,311
531,311
532,311
533,311
534,311
535,311
536,311
537,311
538,311
539,311
540,311
541,311
542,312
543,312
544,312
545,312
546,313
547,313
548,314
549,314
550,314
551,314
552,315
553,316
554,317
555,318
556,318
557,318
558,318
559,319
560,319
561,319
562,320
563,321
564,321
565,321
566,321
567,321
568,321
569,321
570,321
571,321
572,321
573,322
574,322
575,322
576,323
577,324
578,324
579,324
580,324
581,324
582,324
583,324
584,324
585,324
586,325
587,325
588,325
589,325
590,325
591,325
592,325
593,325
594,325
595,325
596,325
597,325
598,325
599,325
600,325
601,325
602,326
603,326
604,326
605,326
606,326
607,326
608,326
609,326
610,326
611,326
612,326
613,326
614,326
615,326
616,326
617,326
618,326
619,326
620,326
621,326
622,326
623,327
624,327
625,327
626,327
627,327
628,327
629,327
630,327
631,327
632,327
633,327
634,328
635,328
636,328
637,328
638,328
639,328
640,328
641,328
642,328
643,328
644,328
645,328
646,328
647,328
648,328
649,328
650,328
651,328
652,328
653,328
654,328
655,329
656,329
657,329
658,329
659,329
660,330
661,330
662,330
663,330
664,330
665,330
666,330
667,330
668,330
669,331
670,331
671,332
672,333
673,334
674,334
675,334
676,335
677,335
678,336
679,336
680,336
681,336
682,336
683,336
684,336
685,336
686,336
687,336
688,337
689,337
690,337
691,337
692,337
693,338
694,338
695,338
696,338
697,338
698,339
699,340
700,341
701,342
702,343
703,344
704,345
705,346
706,346
707,346
708,347
709,347
710,347
711,347
712,347
713,347
714,347
715,347
716,347
717,347
718,347
719,347
720,347
721,347
722,347
723,347
724,348
725,348
726,349
727,349
728,349
729,349
730,349
731,349
732,350
733,351
734,351
735,351
736,351
737,351
738,352
739,352
740,352
741,352
742,352
743,352
744,352
745,353
746,353
747,353
748,353
749,353
750,353
751,353
752,353
753,353
754,353
755,353
756,353
757,353
758,353
759,353
760,353
761,353
762,353
763,353
764,353
765,353
766,353
767,353
768,353
769,353
770,353
771,354
772,354
773,354
774,354
775,355
776,355
777,355
778,355
779,355
780,355
781,355
782,355
783,355
784,355
785,355
786,355
787,355
788,355
789,355
790,355
791,355
792,356
793,356
794,356
795,356
796,357
797,357
798,358
799,358
800,358
801,358
802,358
803,358
804,358
805,358
806,358
807,358
808,358
809,358
810,358
811,359
812,359
813,359
814,359
815,360
816,360
817,360
818,360
819,360
820,360
821,360
822,360
823,360
824,360
825,360
826,360
827,360
828,360
829,360
830,360
831,360
832,360
833,360
834,360
835,360
836,360
837,360
838,360
839,360
840,360
841,360
842,360
843,360
844,360
845,360
846,360
847,360
848,360
849,360
850,360
851,360
852,360
853,360
854,360
855,360
856,360
857,360
858,360
859,360
860,360
861,360
862,360
863,360
864,360
865,360
866,360
867,360
868,360
869,360
870,360
871,360
872,360
873,360
874,360
875,360
876,360
877,360
878,360
879,360
880,360
881,360
882,360
883,360
884,360
885,360
886,360
887,360
888,360
889,360
890,360
891,360
892,360
893,360
894,360
895,360
896,360
897,360
898,360
899,360
900,360
901,360
902,360
903,360
904,360
905,360
906,360
907,360
908,360
909,360
910,360
911,360
912,360
913,360
914,360
915,360
916,360
917,360
918,360
919,360
920,360
921,360
922,360
923,360
924,360
925,360
926,360
927,360
928,360
929,360
930,360
931,360
932,360
933,360
934,360
935,360
936,360
937,360
938,360
939,360
940,360
941,360
942,360
943,360
944,360
945,360
946,360
947,360
948,360
949,360
950,360
951,360
952,360
953,360
954,360
955,360
956,360
957,360
958,360
959,360
960,360
961,360
962,360
963,360
964,360
965,360
966,360
967,360
968,360
969,360
970,360
971,360
972,360
973,360
974,360
975,360
976,360
977,360
978,360
979,360
980,360
981,360
982,360
983,360
984,360
985,360
986,360
987,360
988,360
989,360
990,360
991,360
992,360
993,360
994,360
995,360
996,360
997,360
998,360
999,360
1000,360
1001,360
1002,360
1003,360
1004,360
1005,360
1006,360
1007,360
1008,360
1009,360
1010,360
1011,360
1012,360
1013,360
1014,360
1015,360
1016,360
1017,360
1018,360
1019,360
1020,360
1021,360
1022,361
1023,361
1024,361
1025,361
1026,361
1027,361
1028,362
1029,362
1030,362
1031,362
1032,362
1033,362
1034,363
1035,364
1036,365
1037,366
1038,366
1039,367
1040,367
1041,368
1042,369
1043,370
1044,371
1045,372
1046,372
1047,373
1048,373
1049,374
1050,374
1051,374
1052,374
1053,374
1054,374
1055,375
1056,375
1057,375
1058,375
1059,375
1060,376
1061,376
1062,376
1063,376
1064,376
1065,376
1066,376
1067,376
1068,376
1069,376
1070,376
1071,377
1072,378
1073,378
1074,378
1075,378
1076,379
1077,379
1078,380
1079,380
1080,380
1081,381
1082,381
1083,381
1084,381
1085,381
1086,381
1087,381
1088,381
1089,381
1090,381
1091,381
1092,381
1093,381
1094,381
1095,381
1096,381
1097,381
1098,381
1099,381
1100,381
1101,382
1102,382
1103,382
1104,382
1105,382
1106,382
1107,383
1108,383
1109,384
1110,384
1111,384
1112,384
1113,384
1114,384
1115,384
1116,384
1117,384
1118,384
1119,385
1120,386
1121,386
1122,386
1123,386
1124,386
1125,387
1126,387
1127,388
1128,388
1129,388
1130,388
1131,388
1132,388
1133,388
1134,388
1135,388
1136,388
1137,388
1138,388
1139,388
1140,388
1141,388
1142,388
1143,388
1144,388
1145,388
1146,388
1147,388
1148,388
1149,388
1150,389
1151,389
1152,389
1153,389
1154,389
1155,389
1156,389
1157,389
1158,389
1159,389
1160,389
1161,389
1162,389
1163,389
1164,390
1165,390
1166,390
1167,390
1168,390
1169,390
1170,390
1171,391
1172,391
1173,391
1174,392
1175,393
1176,393
1177,393
1178,393
1179,393
1180,393
1181,393
1182,393
1183,393
1184,393
1185,393
1186,394
1187,394
1188,394
1189,394
1190,394
1191,394
1192,394
1193,394
1194,394
1195,394
1196,394
1197,394
1198,394
1199,394
1200,394
1201,394
1202,395
1203,395
1204,395
1205,395
1206,396
1207,396
1208,396
1209,396
1210,396
1211,396
1212,396
1213,396
1214,397
1215,397
1216,397
1217,397
1218,397
1219,397
1220,397
1221,398
1222,399
1223,399
1224,399
1225,399
1226,399
1227,399
1228,399
1229,399
1230,399
1231,399
1232,399
1233,399
1234,399
1235,400
1236,400
1237,400
1238,400
1239,400
1240,400
1241,400
1242,401
1243,402
1244,402
1245,402
1246,402
1247,402
1248,402
1249,402
1250,402
1251,402
1252,403
1253,403
1254,403
1255,403
1256,403
1257,403
1258,403
1259,403
1260,403
1261,403
1262,403
1263,403
1264,403
1265,403
1266,403
1267,403
1268,404
1269,404
1270,404
1271,404
1272,404
1273,404
1274,404
1275,404
1276,404
1277,404
1278,404
1279,404
1280,404
1281,404
1282,404
1283,404
1284,405
1285,405
1286,405
1287,405
1288,405
1289,406
1290,406
1291,407
1292,407
1293,407
1294,407
1295,407
1296,407
1297,408
1298,408
1299,408
1300,408
1301,409
1302,409
1303,410
1304,411
1305,412
1306,412
1307,412
1308,412
1309,412
1310,413
1311,413
1312,413
1313,413
1314,414
1315,415
1316,416
1317,416
1318,417
1319,417
1320,417
1321,417
1322,417
1323,417
1324,417
1325,417
1326,418
1327,418
1328,418
1329,419
1330,419
1331,419
1332,419
1333,420
1334,420
1335,421
1336,421
1337,422
1338,422
1339,422
1340,422
1341,422
1342,422
1343,422
1344,422
1345,422
1346,422
1347,422
1348,422
1349,422
1350,422
1351,422
1352,422
1353,422
1354,423
1355,423
1356,423
1357,423
1358,423
1359,423
1360,424
1361,424
1362,424
1363,424
1364,424
1365,424
1366,425
1367,425
1368,426
1369,426
1370,426
1371,426
1372,426
1373,426
1374,426
1375,426
1376,427
1377,427
1378,427
1379,427
1380,427
1381,427
1382,427
1383,427
1384,427
1385,427
1386,427
1387,427
1388,427
1389,427
1390,427
1391,427
1392,427
1393,427
1394,427
1395,427
1396,427
1397,427
1398,427
1399,427
1400,427
1401,427
1402,427
1403,427
1404,427
1405,427
1406,427
1407,427
1408,427
1409,428
1410,428
1411,429
1412,429
1413,430
1414,430
1415,431
1416,432
1417,433
1418,433
1419,433
1420,434
1421,434
1422,435
1423,436
1424,436
1425,436
1426,436
1427,436
1428,436
1429,436
1430,436
1431,436
1432,436
1433,436
1434,436
1435,436
1436,437
1437,437
1438,437
1439,437
1440,437
1441,437
1442,437
1443,437
1444,437
1445,437
1446,437
1447,438
1448,439
1449,439
1450,439
1451,439
1452,439
1453,439
1454,439
1455,439
1456,439
1457,439
1458,439
1459,439
1460,439
1461,439
1462,439
1463,439
1464,439
1465,439
1466,439
1467,439
1468,439
1469,439
1470,439
1471,439
1472,440
1473,440
1474,440
1475,440
1476,440
1477,440
1478,440
1479,440
1480,440
1481,441
1482,441
1483,442
1484,443
1485,443
1486,443
1487,443
1488,444
1489,444
1490,444
1491,444
1492,444
1493,444
1494,444
1495,444
1496,444
1497,444
1498,444
1499,444
1500,444
1501,444
1502,444
1503,445
1504,445
1505,445
1506,445
1507,445
1508,445
1509,445
1510,445
1511,445
1512,445
1513,446
1514,446
1515,446
1516,447
1517,447
1518,447
1519,448
1520,448
1521,449
1522,449
1523,449
1524,449
1525,449
1526,449
1527,449
1528,449
1529,449
1530,449
1531,449
1532,449
1533,449
1534,449
1535,449
1536,449
1537,449
1538,449
1539,449
1540,449
1541,449
1542,449
1543,449
1544,449
1545,449
1546,449
1547,449
1548,449
1549,449
1550,449
1551,449
1552,449
1553,449
1554,449
1555,449
1556,449
1557,449
1558,449
1559,449
1560,449
1561,449
1562,449
1563,450
1564,450
1565,451
1566,451
1567,451
1568,451
1569,452
1570,453
1571,453
1572,453
1573,453
1574,453
1575,454
1576,454
1577,454
1578,454
1579,454
1580,454
1581,454
1582,454
1583,454
1584,454
1585,454
1586,454
1587,455
1588,456
1589,457
1590,457
1591,457
1592,457
1593,457
1594,457
1595,457
1596,457
1597,457
1598,457
1599,457
1600,457
1601,457
1602,457
1603,457
1604,458
1605,458
1606,458
1607,458
1608,458
1609,458
1610,458
1611,459
1612,459
1613,459
1614,459
1615,460
1616,460
1617,461
1618,461
1619,461
1620,461
1621,461
1622,461
1623,461
1624,461
1625,461
1626,461
1627,461
1628,461
1629,461
1630,461
1631,461
1632,461
1633,461
1634,461
1635,461
1636,461
1637,462
1638,462
1639,462
1640,462
1641,462
1642,462
1643,462
1644,462
1645,463
1646,463
1647,463
1648,463
1649,463
1650,463
1651,463
1652,463
1653,463
1654,463
1655,464
1656,464
1657,464
1658,464
1659,464
1660,464
1661,464
1662,464
1663,464
1664,464
1665,464
1666,464
1667,464
1668,464
1669,464
1670,464
1671,464
1672,464
1673,464
1674,464
1675,464
1676,464
1677,464
1678,464
1679,464
1680,464
1681,464
1682,464
1683,464
1684,464
1685,464
1686,464
1687,464
1688,465
1689,466
1690,466
1691,466
1692,466
1693,466
1694,466
1695,466
1696,466
1697,466
1698,466
1699,466
1700,466
1701,466
1702,466
1703,466
1704,467
1705,467
1706,467
1707,467
1708,467
1709,467
1710,467
1711,467
1712,467
1713,467
1714,467
1715,467
1716,467
1717,467
1718,467
1719,467
1720,467
1721,467
1722,467
1723,467
1724,468
1725,468
1726,468
1727,468
1728,468
1729,468
1730,468
1731,468
1732,468
1733,468
1734,468
1735,468
1736,468
1737,468
1738,468
1739,468
1740,468
1741,468
1742,468
1743,468
1744,468
1745,468
1746,468
1747,468
1748,468
1749,468
1750,468
1751,468
1752,468
1753,468
1754,468
1755,468
1756,468
1757,468
1758,468
1759,468
1760,468
1761,468
1762,468
1763,468
1764,468
1765,468
1766,468
1767,468
1768,468
1769,468
1770,468
1771,469
1772,469
1773,469
1774,469
1775,469
1776,469
1777,469
1778,469
1779,469
1780,469
1781,469
1782,469
1783,469
1784,469
1785,469
1786,469
1787,469
1788,469
1789,469
1790,469
1791,469
1792,469
1793,469
1794,469
1795,469
1796,469
1797,469
1798,469
1799,469
1800,470
1801,470
1802,470
1803,470
1804,470
1805,470
1806,470
1807,470
1808,470
1809,470
1810,470
1811,470
1812,470
1813,470
1814,470
1815,470
1816,470
1817,470
1818,470
1819,470
1820,470
1821,470
1822,470
1823,470
1824,470
1825,470
1826,470
1827,470
1828,470
1829,470
1830,470
1831,470
1832,470
1833,470
1834,470
1835,470
1836,470
1837,470
1838,470
1839,470
1840,470
1841,470
1842,470
1843,470
1844,471
1845,471
1846,472
1847,472
1848,472
1849,472
1850,472
1851,473
1852,473
1853,474
1854,474
1855,474
1856,474
1857,474
1858,474
1859,474
1860,474
1861,474
1862,474
1863,474
1864,474
1865,474
1866,474
1867,474
1868,474
1869,474
1870,474
1871,474
1872,474
1873,474
1874,474
1875,474
1876,474
1877,474
1878,474
1879,474
1880,474
1881,474
1882,474
1883,474
1884,474
1885,474
1886,474
1887,474
1888,474
1889,474
1890,474
1891,474
1892,474
1893,474
1894,474
1895,474
1896,474
1897,474
1898,474
1899,474
1900,474
1901,474
1902,474
1903,474
1904,474
1905,474
1906,474
1907,474
1908,474
1909,474
1910,474
1911,474
1912,474
1913,474
1914,474
1915,474
1916,474
1917,474
1918,474
1919,474
1920,474
1921,474
1922,474
1923,474
1924,474
1925,474
1926,474
1927,474
1928,474
1929,474
1930,474
1931,474
1932,474
1933,474
1934,474
1935,474
1936,474
1937,474
1938,474
1939,474
1940,475
1941,475
1942,475
1943,475
1944,475
1945,475
1946,475
1947,475
1948,475
1949,475
1950,475
1951,475
1952,475
1953,475
1954,475
1955,475
1956,475
1957,475
1958,475
1959,475
1960,475
1961,476
1962,476
1963,476
1964,476
1965,476
1966,476
1967,476
1968,476
1969,476
1970,476
1971,476
1972,477
1973,477
1974,477
1975,477
1976,477
1977,477
1978,477
1979,477
1980,477
1981,477
1982,477
1983,477
1984,477
1985,477
1986,477
1987,477
1988,477
1989,477
1990,478
1991,478
1992,478
1993,478
1994,478
1995,478
1996,478
1997,478
1998,478
1999,478
2000,478
2001,478
2002,478
2003,478
2004,478
2005,478
2006,478
2007,478
2008,478
2009,478
2010,478
2011,478
2012,478
2013,478
2014,478
2015,478
2016,478
2017,478
2018,478
2019,478
2020,478
2021,478
2022,478
2023,478
2024,478
2025,478
2026,478
2027,478
2028,478
2029,478
2030,478
2031,478
2032,478
2033,478
2034,478
2035,478
2036,478
2037,478
2038,478
2039,478
2040,478
2041,478
2042,478
2043,478
2044,478
2045,478
2046,478
2047,479
2048,479
2049,479
2050,479
2051,479
2052,479
2053,479
2054,479
2055,479
2056,479
2057,479
2058,479
2059,479
2060,479
2061,479
2062,479
2063,479
2064,480
2065,480
2066,480
2067,480
2068,480
2069,480
2070,480
2071,480
2072,480
2073,480
2074,480
2075,480
2076,480
2077,480
2078,480
2079,480
2080,480
2081,480
2082,480
2083,480
2084,480
2085,480
2086,480
2087,480
2088,480
2089,480
2090,480
2091,480
2092,480
2093,480
2094,480
2095,480
2096,480
2097,480
2098,480
2099,480
2100,481
2101,481
2102,481
2103,481
2104,481
2105,481
2106,481
2107,481
2108,481
2109,481
2110,481
2111,481
2112,481
2113,481
2114,481
2115,481
2116,481
2117,482
2118,482
2119,482
2120,482
2121,482
2122,482
2123,482
2124,482
2125,482
2126,482
2127,482
2128,482
2129,482
2130,482
2131,482
2132,482
2133,482
2134,482
2135,482
2136,483
2137,483
2138,483
2139,483
2140,483
2141,483
2142,483
2143,483
2144,483
2145,483
2146,483
2147,483
2148,483
2149,483
2150,483
2151,483
2152,483
2153,483
2154,483
2155,483
2156,484
2157,484
2158,484
2159,484
2160,484
2161,484
2162,484
2163,485
2164,485
2165,485
2166,485
2167,485
2168,485
2169,485
2170,485
2171,485
2172,485
2173,485
2174,485
2175,485
2176,485
2177,485
2178,485
2179,485
2180,485
2181,485
2182,485
2183,485
2184,485
2185,485
2186,485
2187,485
2188,485
2189,485
2190,485
2191,485
2192,485
2193,485
2194,485
2195,485
2196,485
2197,485
2198,485
2199,485
2200,485
2201,485
2202,485
2203,486
2204,486
2205,486
2206,486
2207,486
2208,487
2209,487
2210,487
2211,487
2212,487
2213,487
2214,487
2215,487
2216,487
2217,487
2218,487
2219,487
2220,487
2221,487
2222,487
2223,487
2224,487
2225,487
2226,487
2227,487
2228,487
2229,487
2230,487
2231,487
2232,487
2233,487
2234,487
2235,487
2236,487
2237,487
2238,487
2239,487
2240,487
2241,487
2242,487
2243,487
2244,487
2245,487
2246,487
2247,487
2248,487
2249,487
2250,487
2251,487
2252,487
2253,487
2254,487
2255,487
2256,487
2257,487
2258,487
2259,487
2260,487
2261,487
2262,487
2263,487
2264,487
2265,487
2266,487
2267,487
2268,487
2269,487
2270,487
2271,487
2272,487
2273,487
2274,487
2275,487
2276,487
2277,487
2278,487
2279,487
2280,487
2281,487
2282,487
2283,487
2284,487
2285,487
2286,487
2287,487
2288,487
2289,487
2290,487
2291,487
2292,487
2293,487
2294,487
2295,487
2296,487
2297,487
2298,487
2299,487
2300,487
2301,487
2302,487
2303,487
2304,487
2305,487
2306,487
2307,487
2308,487
2309,487
2310,487
2311,487
2312,487
2313,487
2314,487
2315,487
2316,487
2317,487
2318,487
2319,487
2320,487
2321,487
2322,487
2323,487
2324,487
2325,487
2326,487
2327,487
2328,487
2329,487
2330,487
2331,487
2332,487
2333,487
2334,487
2335,487
2336,487
2337,487
2338,487
2339,487
2340,487
2341,487
2342,487
2343,487
2344,487
2345,487
2346,487
2347,487
2348,487
2349,487
2350,487
2351,487
2352,487
2353,487
2354,487
2355,487
2356,487
2357,487
2358,487
2359,487
2360,487
2361,487
2362,487
2363,487
2364,487
2365,487
2366,487
2367,487
2368,487
2369,487
2370,487
2371,487
2372,487
2373,487
2374,487
2375,487
2376,487
2377,487
2378,487
2379,487
2380,487
2381,487
2382,487
2383,487
2384,487
2385,487
2386,487
2387,487
2388,487
2389,487
2390,487
2391,487
2392,487
2393,487
2394,487
2395,487
2396,487
2397,487
2398,487
2399,487
2400,487
2401,487
2402,487
2403,487
2404,487
2405,487
2406,487
2407,487
2408,487
2409,487
2410,487
2411,487
2412,487
2413,487
2414,487
2415,487
2416,487
2417,487
2418,487
2419,487
2420,487
2421,487
2422,487
2423,487
2424,487
2425,487
2426,487
2427,487
2428,487
2429,487
2430,487
2431,487
2432,487
2433,487
2434,487
2435,487
2436,487
2437,487
2438,487
2439,487
2440,487
2441,487
2442,487
2443,487
2444,487
2445,487
2446,487
2447,487
2448,487
2449,487
2450,487
2451,487
2452,487
2453,487
2454,487
2455,487
2456,487
2457,487
2458,487
2459,487
2460,487
2461,487
2462,487
2463,487
2464,487
2465,487
2466,487
2467,487
2468,487
2469,487
2470,487
2471,487
2472,487
2473,487
2474,487
2475,487
2476,487
2477,487
2478,487
2479,487
2480,487
2481,487
2482,487
2483,487
2484,487
2485,487
2486,487
2487,487
2488,487
2489,487
2490,487
2491,487
2492,487
2493,487
2494,487
2495,487
2496,487
2497,487
2498,487
2499,487
2500,487
2501,487
2502,487
2503,487
2504,487
2505,487
2506,487
2507,487
2508,487
2509,487
2510,487
2511,487
2512,487
2513,487
2514,487
2515,487
2516,487
2517,487
2518,487
2519,487
2520,487
2521,487
2522,487
2523,487
2524,487
2525,487
2526,487
2527,487
2528,487
2529,487
2530,487
2531,487
2532,487
2533,487
2534,487
2535,487
2536,487
2537,487
2538,487
2539,487
2540,487
2541,487
2542,487
2543,487
2544,487
2545,487
2546,487
2547,487
2548,487
2549,487
2550,487
2551,487
2552,487
2553,487
2554,487
2555,487
2556,487
2557,487
2558,487
2559,487
2560,487
2561,487
2562,487
2563,487
2564,487
2565,487
2566,487
2567,487
2568,487
2569,487
2570,487
2571,487
2572,487
2573,487
2574,487
2575,487
2576,487
2577,487
2578,487
2579,487
2580,487
2581,487
2582,487
2583,487
2584,487
2585,487
2586,487
2587,487
2588,487
2589,487
2590,487
2591,487
2592,487
2593,487
2594,487
2595,487
2596,487
2597,487
2598,487
2599,487
2600,487
2601,487
2602,487
2603,487
2604,487
2605,487
2606,487
2607,487
2608,487
2609,487
2610,487
2611,487
2612,487
2613,487
2614,487
2615,487
2616,487
2617,487
2618,487
2619,487
2620,487
2621,487
2622,487
2623,487
2624,487
2625,487
2626,487
2627,487
2628,487
2629,487
2630,487
2631,487
2632,487
2633,487
2634,487
2635,487
2636,487
2637,487
2638,487
2639,487
2640,487
2641,487
2642,487
2643,487
2644,487
2645,487
2646,487
2647,487
2648,487
2649,487
2650,487
2651,487
2652,487
2653,487
2654,487
2655,487
2656,487
2657,487
2658,487
2659,487
2660,487
2661,487
2662,487
2663,487
2664,487
2665,487
2666,487
2667,487
2668,487
2669,487
2670,487
2671,487
2672,487
2673,487
2674,487
2675,487
2676,487
2677,487
2678,487
2679,487
2680,487
2681,487
2682,488
2683,488
2684,488
2685,488
2686,488
2687,488
2688,488
2689,488
2690,488
2691,488
2692,488
2693,489
2694,489
2695,489
2696,489
2697,489
2698,489
2699,489
2700,489
2701,489
2702,489
2703,489
2704,489
2705,489
2706,489
2707,489
2708,489
2709,489
2710,489
2711,489
2712,489
2713,489
2714,489
2715,489
2716,489
2717,489
2718,489
2719,489
2720,489
2721,489
2722,489
2723,489
2724,489
2725,490
2726,490
2727,490
2728,490
2729,490
2730,490
2731,490
2732,490
2733,491
2734,491
2735,491
2736,491
2737,491
2738,491
2739,491
2740,491
2741,491
2742,491
2743,491
2744,491
2745,491
2746,491
2747,491
2748,491
2749,491
2750,491
2751,491
2752,491
2753,491
2754,492
2755,492
2756,492
2757,492
2758,492
2759,492
2760,492
2761,492
2762,492
2763,492
2764,492
2765,492
2766,492
2767,492
2768,492
2769,492
2770,492
2771,492
2772,492
2773,492
2774,492
2775,492
2776,492
2777,492
2778,492
2779,493
2780,493
2781,493
2782,493
2783,493
2784,493
2785,493
2786,493
2787,493
2788,493
2789,493
2790,493
2791,493
2792,493
2793,493
2794,493
2795,493
2796,493
2797,493
2798,493
2799,493
2800,493
2801,493
2802,493
2803,493
2804,493
2805,493
2806,493
2807,493
2808,493
2809,493
2810,493
2811,493
2812,493
2813,493
2814,493
2815,493
2816,493
2817,493
2818,493
2819,493
2820,493
2821,493
2822,493
2823,493
2824,493
2825,493
2826,493
2827,493
2828,493
2829,493
2830,493
2831,493
2832,493
2833,493
2834,493
2835,493
2836,493
2837,493
2838,493
2839,493
2840,493
2841,493
2842,494
2843,494
2844,494
2845,494
2846,494
2847,494
2848,494
2849,494
2850,494
2851,494
2852,494
2853,494
2854,494
2855,494
2856,494
2857,494
2858,494
2859,494
2860,494
2861,494
2862,494
2863,494
2864,494
2865,494
2866,494
2867,494
2868,494
2869,494
2870,494
2871,494
2872,494
2873,494
2874,494
2875,494
2876,494
2877,494
2878,494
2879,494
2880,494
2881,494
2882,494
2883,494
2884,494
2885,494
2886,494
2887,494
2888,494
2889,494
2890,494
2891,494
2892,494
2893,494
2894,494
2895,494
2896,494
2897,494
2898,494
2899,494
2900,494
2901,494
2902,494
2903,494
2904,494
2905,494
2906,494
2907,494
2908,494
2909,494
2910,494
2911,494
2912,494
2913,494
2914,494
2915,494
2916,494
2917,494
2918,494
2919,494
2920,494
2921,494
2922,494
2923,494
2924,494
2925,494
2926,494
2927,494
2928,494
2929,494
2930,494
2931,494
2932,494
2933,494
2934,494
2935,494
2936,494
2937,494
2938,494
2939,494
2940,494
2941,494
2942,494
2943,494
2944,494
2945,494
2946,494
2947,494
2948,494
2949,494
2950,494
2951,494
2952,494
2953,494
2954,494
2955,494
2956,494
2957,494
2958,494
2959,494
2960,494
2961,494
2962,494
2963,494
2964,494
2965,494
2966,494
2967,494
2968,494
2969,494
2970,494
2971,494
2972,494
2973,494
2974,494
2975,494
2976,494
2977,494
2978,494
2979,494
2980,494
2981,494
2982,494
2983,494
2984,494
2985,494
2986,494
2987,494
2988,494
2989,494
2990,494
2991,494
2992,494
2993,494
2994,494
2995,494
2996,494
2997,494
2998,494
2999,494
3000,494
3001,494
3002,494
3003,494
3004,494
3005,494
3006,494
3007,494
3008,494
3009,494
3010,494
3011,494
3012,494
3013,494
3014,494
3015,494
3016,494
3017,494
3018,494
3019,494
3020,494
3021,494
3022,494
3023,494
3024,494
3025,494
3026,494
3027,494
3028,494
3029,494
3030,494
3031,494
3032,494
3033,494
3034,494
3035,494
3036,494
3037,494
3038,494
3039,494
3040,494
3041,494
3042,494
3043,494
3044,494
3045,494
3046,494
3047,494
3048,494
3049,494
3050,494
3051,494
3052,494
3053,494
3054,494
3055,494
3056,494
3057,494
3058,494
3059,494
3060,494
3061,494
3062,494
3063,494
3064,494
3065,495
3066,495
3067,495
3068,495
3069,495
3070,495
3071,495
3072,495
3073,495
3074,495
3075,495
3076,495
3077,495
3078,495
3079,495
3080,495
3081,495
3082,495
3083,495
3084,495
3085,495
3086,495
3087,495
3088,495
3089,495
3090,495
3091,495
3092,495
3093,495
3094,495
3095,495
3096,495
3097,495
3098,495
3099,495
3100,495
3101,495
3102,495
3103,495
3104,495
3105,495
3106,495
3107,495
3108,495
3109,495
3110,495
3111,495
3112,495
3113,495
3114,495
3115,495
3116,495
3117,495
3118,495
3119,495
3120,495
3121,496
3122,496
3123,496
3124,497
3125,497
3126,497
3127,497
3128,497
3129,497
3130,497
3131,497
3132,497
3133,497
3134,497
3135,497
3136,497
3137,497
3138,497
3139,497
3140,497
3141,497
3142,497
3143,497
3144,497
3145,497
3146,497
3147,497
3148,497
3149,497
3150,497
3151,497
3152,497
3153,497
3154,497
3155,497
3156,497
3157,497
3158,497
3159,497
3160,497
3161,497
3162,497
3163,497
3164,497
3165,497
3166,497
3167,497
3168,497
3169,497
3170,497
3171,497
3172,497
3173,497
3174,497
3175,497
3176,497
3177,497
3178,497
3179,497
3180,497
3181,497
3182,497
3183,497
3184,497
3185,497
3186,497
3187,497
3188,497
3189,497
3190,497
3191,497
3192,497
3193,497
3194,497
3195,497
3196,497
3197,497
3198,497
3199,497
3200,497
3201,497
3202,497
3203,497
3204,497
3205,497
3206,497
3207,497
3208,497
3209,497
3210,497
3211,497
3212,497
3213,497
3214,497
3215,497
3216,497
3217,497
3218,497
3219,497
3220,497
3221,497
3222,497
3223,497
3224,497
3225,497
3226,497
3227,497
3228,497
3229,497
3230,497
3231,497
3232,497
3233,497
3234,497
3235,497
3236,497
3237,497
3238,497
3239,497
3240,497
3241,497
3242,497
3243,498
3244,498
3245,498
3246,498
3247,498
3248,498
3249,498
3250,498
3251,498
3252,498
3253,498
3254,498
3255,498
3256,498
3257,498
3258,498
3259,498
3260,498
3261,498
3262,498
3263,498
3264,498
3265,498
3266,498
3267,498
3268,498
3269,498
3270,498
3271,498
3272,498
3273,498
3274,498
3275,498
3276,498
3277,498
3278,498
3279,498
3280,498
3281,498
3282,498
3283,498
3284,498
3285,498
3286,498
3287,498
3288,498
3289,498
3290,498
3291,498
3292,498
3293,498
3294,498
3295,498
3296,498
3297,498
3298,498
3299,498
3300,498
3301,498
3302,498
3303,498
3304,498
3305,498
3306,498
3307,498
3308,498
3309,498
3310,498
3311,498
3312,498
3313,498
3314,498
3315,498
3316,498
3317,498
3318,498
3319,498
3320,498
3321,498
3322,498
3323,498
3324,498
3325,498
3326,498
3327,498
3328,498
3329,498
3330,498
3331,498
3332,498
3333,498
3334,498
3335,498
3336,498
3337,498
3338,498
3339,498
3340,498
3341,498
3342,498
3343,498
3344,498
3345,498
3346,498
3347,498
3348,498
3349,498
3350,498
3351,498
3352,498
3353,498
3354,498
3355,498
3356,498
3357,498
3358,498
3359,498
3360,498
3361,498
3362,498
3363,498
3364,498
3365,498
3366,498
3367,498
3368,498
3369,498
3370,498
3371,498
3372,498
3373,498
3374,498
3375,498
3376,498
3377,498
3378,498
3379,498
3380,498
3381,498
3382,498
3383,498
3384,498
3385,498
3386,498
3387,498
3388,498
3389,498
3390,498
3391,498
3392,498
3393,498
3394,498
3395,498
3396,498
3397,498
3398,498
3399,498
3400,498
3401,498
3402,498
3403,498
3404,498
3405,498
3406,498
3407,498
3408,498
3409,498
3410,498
3411,498
3412,498
3413,498
3414,498
3415,498
3416,498
3417,498
3418,498
3419,498
3420,498
3421,498
3422,498
3423,498
3424,498
3425,498
3426,498
3427,498
3428,498
3429,498
3430,498
3431,498
3432,498
3433,498
3434,498
3435,498
3436,498
3437,498
3438,498
3439,498
3440,498
3441,498
3442,498
3443,498
3444,498
3445,498
3446,498
3447,498
3448,498
3449,498
3450,498
3451,498
3452,498
3453,498
3454,498
3455,498
3456,498
3457,498
3458,498
3459,498
3460,498
3461,498
3462,498
3463,498
3464,498
3465,498
3466,498
3467,498
3468,498
3469,498
3470,498
3471,498
3472,498
3473,498
3474,498
3475,498
3476,498
3477,498
3478,498
3479,498
3480,498
3481,498
3482,498
3483,498
3484,498
3485,498
3486,498
3487,498
3488,498
3489,498
3490,498
3491,498
3492,498
3493,498
3494,498
3495,498
3496,498
3497,498
3498,498
3499,498
3500,498
3501,498
3502,498
3503,498
3504,498
3505,498
3506,498
3507,498
3508,498
3509,498
3510,498
3511,498
3512,498
3513,498
3514,498
3515,498
3516,498
3517,498
3518,498
3519,498
3520,498
3521,498
3522,498
3523,498
3524,498
3525,498
3526,498
3527,498
3528,498
3529,498
3530,498
3531,498
3532,498
3533,498
3534,498
3535,498
3536,498
3537,498
3538,498
3539,498
3540,498
3541,498
3542,498
3543,498
3544,498
3545,498
3546,498
3547,498
3548,498
3549,498
3550,498
3551,498
3552,498
3553,498
3554,498
3555,498
3556,498
3557,498
3558,498
3559,498
3560,498
3561,498
3562,498
3563,498
3564,498
3565,498
3566,498
3567,498
3568,498
3569,498
3570,498
3571,499
3572,499
3573,499
3574,499
3575,499
3576,499
3577,499
3578,499
3579,499
3580,499
3581,499
3582,499
3583,499
3584,499
3585,499
3586,499
3587,499
3588,499
3589,499
3590,499
3591,499
3592,499
3593,499
3594,499
3595,499
3596,499
3597,499
3598,499
3599,499
3600,499
3601,499
3602,499
3603,499
3604,499
3605,499
3606,499
3607,499
3608,499
3609,499
3610,499
3611,499
3612,499
3613,499
3614,499
3615,499
3616,499
3617,499
3618,499
3619,499
3620,499
3621,499
3622,499
3623,499
3624,499
3625,499
3626,499
3627,499
3628,499
3629,499
3630,499
3631,499
3632,499
3633,499
3634,499
3635,499
3636,499
3637,499
3638,499
3639,499
3640,499
3641,499
3642,499
3643,499
3644,499
3645,499
3646,499
3647,499
3648,499
3649,499
3650,499
3651,499
3652,499
3653,499
3654,499
3655,499
3656,499
3657,499
3658,499
3659,499
3660,499
3661,499
3662,499
3663,499
3664,499
3665,499
3666,499
3667,499
3668,499
3669,499
3670,499
3671,499
3672,499
3673,499
3674,499
3675,499
3676,499
3677,499
3678,499
3679,499
3680,499
3681,499
3682,499
3683,499
3684,499
3685,499
3686,499
3687,499
3688,499
3689,499
3690,499
3691,499
3692,499
3693,499
3694,499
3695,499
3696,499
3697,499
3698,499
3699,499
3700,499
3701,499
3702,499
3703,499
3704,499
3705,499
3706,499
3707,499
3708,499
3709,499
3710,499
3711,499
3712,499
3713,499
3714,499
3715,499
3716,499
3717,499
3718,499
3719,499
3720,499
3721,499
3722,499
3723,499
3724,499
3725,499
3726,499
3727,499
3728,499
3729,499
3730,499
3731,499
3732,499
3733,499
3734,499
3735,499
3736,499
3737,499
3738,499
3739,499
3740,499
3741,499
3742,499
3743,499
3744,499
3745,499
3746,499
3747,499
3748,499
3749,499
3750,499
3751,499
3752,499
3753,499
3754,499
3755,499
3756,499
3757,499
3758,499
3759,499
3760,499
3761,499
3762,499
3763,499
3764,499
3765,499
3766,499
3767,499
3768,499
3769,499
3770,499
3771,499
3772,499
3773,499
3774,499
3775,499
3776,499
3777,499
3778,499
3779,499
3780,499
3781,499
3782,499
3783,499
3784,499
3785,499
3786,499
3787,499
3788,499
3789,499
3790,499
3791,499
3792,499
3793,499
3794,499
3795,499
3796,499
3797,499
3798,499
3799,499
3800,499
3801,499
3802,499
3803,499
3804,499
3805,499
3806,499
3807,499
3808,499
3809,499
3810,499
3811,499
3812,499
3813,499
3814,499
3815,499
3816,499
3817,499
3818,499
3819,499
3820,499
3821,499
3822,499
3823,499
3824,499
3825,499
3826,499
3827,499
3828,499
3829,499
3830,499
3831,499
3832,499
3833,499
3834,499
3835,499
3836,499
3837,499
3838,499
3839,499
3840,499
3841,499
3842,499
3843,499
3844,499
3845,499
3846,499
3847,499
3848,499
3849,499
3850,499
3851,499
3852,499
3853,499
3854,499
3855,499
3856,499
3857,499
3858,499
3859,499
3860,499
3861,499
3862,499
3863,499
3864,499
3865,499
3866,499
3867,499
3868,499
3869,499
3870,499
3871,499
3872,499
3873,499
3874,499
3875,499
3876,499
3877,499
3878,499
3879,499
3880,499
3881,499
3882,499
3883,499
3884,499
3885,499
3886,499
3887,499
3888,499
3889,499
3890,499
3891,499
3892,499
3893,499
3894,499
3895,499
3896,499
3897,499
3898,499
3899,499
3900,499
3901,499
3902,499
3903,499
3904,499
3905,499
3906,499
3907,499
3908,499
3909,499
3910,499
3911,499
3912,499
3913,499
3914,499
3915,499
3916,499
3917,499
3918,499
3919,499
3920,499
3921,499
3922,499
3923,499
3924,499
3925,499
3926,499
3927,499
3928,499
3929,499
3930,499
3931,499
3932,499
3933,499
3934,499
3935,499
3936,499
3937,499
3938,499
3939,499
3940,499
3941,499
3942,499
3943,499
3944,499
3945,499
3946,499
3947,499
3948,499
3949,499
3950,499
3951,499
3952,499
3953,499
3954,499
3955,499
3956,499
3957,499
3958,499
3959,499
3960,499
3961,499
3962,499
3963,499
3964,499
3965,499
3966,499
3967,499
3968,499
3969,499
3970,499
3971,499
3972,499
3973,499
3974,499
3975,499
3976,499
3977,499
3978,499
3979,499
3980,499
3981,499
3982,499
3983,499
3984,499
3985,499
3986,499
3987,499
3988,499
3989,499
3990,499
3991,499
3992,499
3993,499
3994,499
3995,499
3996,499
3997,499
3998,499
3999,499
4000,499
4001,499
4002,499
4003,499
4004,499
4005,499
4006,499
4007,499
4008,499
4009,499
4010,499
4011,499
4012,499
4013,499
4014,499
4015,499
4016,499
4017,499
4018,499
4019,499
4020,499
4021,499
4022,499
4023,499
4024,499
4025,499
4026,499
4027,499
4028,499
4029,499
4030,499
4031,499
4032,499
4033,499
4034,499
4035,499
4036,499
4037,499
4038,499
4039,499
4040,499
4041,499
4042,499
4043,499
4044,499
4045,499
4046,499
4047,499
4048,499
4049,499
4050,499
4051,499
4052,499
4053,499
4054,499
4055,499
4056,499
4057,499
4058,499
4059,499
4060,499
4061,499
4062,499
4063,499
4064,499
4065,499
4066,499
4067,499
4068,499
4069,499
4070,499
4071,499
4072,499
4073,499
4074,499
4075,499
4076,499
4077,499
4078,499
4079,499
4080,499
4081,499
4082,499
4083,499
4084,499
4085,499
4086,499
4087,499
4088,499
4089,499
4090,499
4091,499
4092,499
4093,499
4094,499
4095,499
4096,499
4097,499
4098,499
4099,499
4100,499
4101,499
4102,499
4103,499
4104,499
4105,499
4106,499
4107,499
4108,499
4109,499
4110,499
4111,499
4112,499
4113,499
4114,499
4115,499
4116,499
4117,499
4118,499
4119,499
4120,499
4121,499
4122,499
4123,499
4124,499
4125,499
4126,499
4127,499
4128,499
4129,499
4130,499
4131,499
4132,499
4133,499
4134,499
4135,499
4136,499
4137,499
4138,499
4139,499
4140,499
4141,499
4142,499
4143,499
4144,499
4145,499
4146,499
4147,499
4148,499
4149,499
4150,499
4151,499
4152,499
4153,499
4154,499
4155,499
4156,499
4157,499
4158,499
4159,499
4160,499
4161,499
4162,499
4163,499
4164,499
4165,499
4166,499
4167,499
4168,499
4169,499
4170,499
4171,499
4172,499
4173,499
4174,499
4175,499
4176,499
4177,499
4178,499
4179,499
4180,499
4181,499
4182,499
4183,499
4184,499
4185,499
4186,499
4187,499
4188,499
4189,499
4190,499
4191,499
4192,499
4193,499
4194,499
4195,499
4196,499
4197,499
4198,499
4199,499
4200,499
4201,499
4202,499
4203,499
4204,499
4205,499
4206,499
4207,499
4208,499
4209,499
4210,499
4211,499
4212,499
4213,499
4214,499
4215,499
4216,499
4217,499
4218,499
4219,499
4220,499
4221,499
4222,499
4223,499
4224,499
4225,499
4226,499
4227,499
4228,499
4229,499
4230,499
4231,499
4232,499
4233,499
4234,499
4235,499
4236,499
4237,499
4238,499
4239,499
4240,499
4241,499
4242,499
4243,499
4244,499
4245,499
4246,499
4247,499
4248,499
4249,499
4250,499
4251,499
4252,499
4253,499
4254,499
4255,499
4256,499
4257,499
4258,499
4259,499
4260,499
4261,499
4262,499
4263,499
4264,499
4265,499
4266,499
4267,499
4268,499
4269,499
4270,499
4271,499
4272,499
4273,499
4274,499
4275,499
4276,499
4277,499
4278,499
4279,499
4280,499
4281,499
4282,499
4283,499
4284,499
4285,499
4286,499
4287,499
4288,499
4289,499
4290,499
4291,499
4292,499
4293,499
4294,499
4295,499
4296,499
4297,499
4298,499
4299,499
4300,499
4301,499
4302,499
4303,499
4304,499
4305,499
4306,499
4307,499
4308,499
4309,499
4310,500
