0,0
1,1
2,2
3,3
4,4
5,5
6,6
7,7
8,8
9,9
10,10
11,11
12,12
13,13
14,14
15,15
16,16
17,16
18,16
19,17
20,18
21,19
22,20
23,20
24,21
25,21
26,22
27,23
28,24
29,25
30,26
31,27
32,27
33,28
34,29
35,30
36,31
37,32
38,33
39,33
40,34
41,35
42,36
43,37
44,38
45,39
46,40
47,40
48,41
49,41
50,42
51,43
52,44
53,45
54,46
55,47
56,48
57,49
58,49
59,50
60,50
61,50
62,51
63,52
64,53
65,54
66,55
67,56
68,57
69,58
70,58
71,59
72,60
73,61
74,62
75,62
76,63
77,64
78,65
79,66
80,67
81,67
82,68
83,69
84,69
85,69
86,70
87,71
88,72
89,73
90,73
91,74
92,74
93,74
94,75
95,76
96,76
97,76
98,76
99,77
100,77
101,77
102,78
103,78
104,79
105,80
106,81
107,81
108,82
109,82
110,83
111,84
112,84
113,84
114,84
115,84
116,84
117,84
118,85
119,85
120,85
121,86
122,86
123,86
124,86
125,87
126,88
127,88
128,89
129,90
130,90
131,91
132,91
133,92
134,92
135,92
136,92
137,92
138,92
139,92
140,92
141,92
142,92
143,93
144,93
145,94
146,95
147,96
148,97
149,98
150,99
151,100
152,101
153,102
154,103
155,104
156,105
157,105
158,106
159,107
160,108
161,108
162,109
163,110
164,111
165,112
166,113
167,114
168,115
169,116
170,116
171,117
172,118
173,118
174,118
175,119
176,120
177,120
178,121
179,121
180,121
181,122
182,123
183,124
184,124
185,124
186,125
187,126
188,127
189,128
190,129
191,130
192,131
193,132
194,133
195,133
196,134
197,135
198,136
199,137
200,138
201,139
202,140
203,141
204,142
205,143
206,143
207,144
208,145
209,146
210,146
211,147
212,148
213,149
214,149
215,150
216,151
217,151
218,151
219,152
220,153
221,153
222,154
223,154
224,155
225,155
226,156
227,156
228,156
229,156
230,157
231,158
232,159
233,160
234,161
235,162
236,163
237,164
238,164
239,164
240,164
241,165
242,166
243,167
244,168
245,169
246,170
247,171
248,172
249,173
250,174
251,175
252,175
253,175
254,175
255,175
256,176
257,177
258,178
259,179
260,179
261,180
262,180
263,180
264,180
265,181
266,182
267,182
268,182
269,183
270,183
271,184
272,184
273,184
274,185
275,185
276,186
277,187
278,187
279,187
280,187
281,187
282,187
283,187
284,187
285,188
286,188
287,189
288,190
289,191
290,192
291,193
292,193
293,194
294,195
295,195
296,195
297,195
298,195
299,196
300,196
301,197
302,198
303,198
304,198
305,199
306,199
307,199
308,199
309,199
310,199
311,199
312,200
313,200
314,200
315,200
316,200
317,201
318,202
319,203
320,204
321,205
322,206
323,207
324,208
325,209
326,210
327,211
328,212
329,212
330,213
331,214
332,215
333,215
334,216
335,217
336,217
337,218
338,219
339,219
340,220
341,220
342,220
343,220
344,220
345,220
346,220
347,220
348,220
349,220
350,220
351,220
352,221
353,222
354,222
355,222
356,222
357,222
358,222
359,223
360,223
361,224
362,225
363,226
364,226
365,226
366,226
367,226
368,226
369,226
370,227
371,228
372,229
373,230
374,231
375,232
376,233
377,234
378,235
379,235
380,236
381,237
382,238
383,239
384,240
385,241
386,242
387,243
388,243
389,244
390,245
391,245
392,245
393,245
394,245
395,245
396,246
397,247
398,247
399,247
400,247
401,247
402,247
403,248
404,248
405,248
406,248
407,248
408,248
409,248
410,248
411,248
412,249
413,249
414,249
415,249
416,249
417,249
418,249
419,249
420,249
421,249
422,249
423,249
424,249
425,249
426,249
427,249
428,249
429,250
430,250
431,251
432,252
433,253
434,253
435,254
436,254
437,254
438,254
439,255
440,256
441,257
442,257
443,257
444,257
445,258
446,259
447,259
448,259
449,260
450,260
451,261
452,262
453,262
454,262
455,262
456,262
457,262
458,262
459,262
460,263
461,263
462,264
463,265
464,266
465,267
466,268
467,269
468,270
469,271
470,272
471,273
472,274
473,274
474,274
475,275
476,275
477,276
478,277
479,278
480,279
481,279
482,279
483,280
484,281
485,281
486,281
487,281
488,282
489,283
490,284
491,284
492,285
493,286
494,287
495,287
496,287
497,288
498,288
499,288
500,288
501,288
502,288
503,288
504,288
505,288
506,288
507,288
508,288
509,288
510,288
511,288
512,288
513,288
514,288
515,288
516,288
517,288
518,288
519,288
520,289
521,289
522,290
523,291
524,292
525,292
526,292
527,292
528,292
529,292
530,292
531,292
532,292
533,293
534,294
535,294
536,295
537,296
538,296
539,297
540,297
541,297
542,297
543,297
544,297
545,297
546,297
547,297
548,297
549,297
550,297
551,297
552,297
553,297
554,297
555,297
556,297
557,297
558,298
559,298
560,298
561,299
562,299
563,300
564,300
565,301
566,302
567,302
568,303
569,303
570,303
571,303
572,303
573,303
574,303
575,304
576,304
577,305
578,305
579,305
580,305
581,305
582,306
583,306
584,306
585,306
586,306
587,307
588,307
589,307
590,307
591,307
592,307
593,307
594,307
595,307
596,307
597,307
598,307
599,307
600,307
601,307
602,308
603,308
604,308
605,309
606,309
607,309
608,309
609,310
610,311
611,311
612,311
613,311
614,311
615,311
616,311
617,311
618,311
619,312
620,312
621,312
622,313
623,313
624,313
625,313
626,313
627,313
628,313
629,313
630,313
631,313
632,313
633,313
634,313
635,313
636,313
637,313
638,313
639,313
640,313
641,313
642,313
643,313
644,313
645,313
646,313
647,313
648,313
649,313
650,314
651,315
652,315
653,316
654,317
655,317
656,318
657,319
658,320
659,320
660,320
661,321
662,322
663,323
664,323
665,323
666,323
667,324
668,324
669,324
670,325
671,325
672,325
673,326
674,326
675,326
676,326
677,326
678,327
679,327
680,327
681,327
682,328
683,328
684,329
685,330
686,331
687,331
688,331
689,331
690,331
691,331
692,331
693,331
694,331
695,331
696,331
697,331
698,331
699,331
700,331
701,331
702,331
703,331
704,331
705,331
706,331
707,331
708,331
709,331
710,331
711,331
712,331
713,331
714,331
715,331
716,331
717,331
718,331
719,331
720,331
721,331
722,331
723,331
724,331
725,332
726,332
727,332
728,332
729,332
730,333
731,333
732,334
733,335
734,336
735,337
736,338
737,338
738,338
739,338
740,338
741,338
742,338
743,338
744,338
745,338
746,338
747,338
748,338
749,338
750,338
751,338
752,338
753,338
754,338
755,338
756,339
757,339
758,339
759,339
760,339
761,339
762,339
763,339
764,339
765,339
766,339
767,339
768,339
769,339
770,339
771,339
772,340
773,341
774,341
775,341
776,341
777,341
778,341
779,341
780,342
781,342
782,342
783,343
784,343
785,343
786,344
787,344
788,345
789,345
790,345
791,345
792,345
793,346
794,346
795,346
796,346
797,346
798,346
799,346
800,346
801,346
802,346
803,346
804,346
805,346
806,346
807,346
808,346
809,346
810,346
811,346
812,346
813,346
814,346
815,346
816,346
817,346
818,346
819,347
820,347
821,347
822,348
823,349
824,349
825,349
826,349
827,350
828,351
829,352
830,352
831,352
832,352
833,352
834,352
835,352
836,352
837,352
838,352
839,352
840,352
841,353
842,354
843,354
844,354
845,354
846,355
847,355
848,355
849,356
850,356
851,357
852,358
853,358
854,358
855,358
856,359
857,359
858,359
859,359
860,359
861,360
862,361
863,362
864,362
865,362
866,362
867,362
868,362
869,363
870,363
871,363
872,363
873,363
874,364
875,365
876,366
877,367
878,367
879,367
880,367
881,367
882,368
883,369
884,370
885,371
886,371
887,372
888,373
889,374
890,374
891,375
892,376
893,376
894,376
895,376
896,377
897,378
898,378
899,378
900,379
901,380
902,381
903,382
904,383
905,383
906,384
907,384
908,384
909,385
910,385
911,385
912,386
913,386
914,387
915,388
916,389
917,390
918,391
919,391
920,391
921,391
922,392
923,392
924,392
925,392
926,392
927,392
928,392
929,392
930,392
931,392
932,392
933,392
934,392
935,392
936,392
937,392
938,392
939,393
940,393
941,393
942,393
943,393
944,393
945,393
946,393
947,394
948,395
949,395
950,396
951,396
952,396
953,396
954,397
955,397
956,397
957,397
958,397
959,397
960,398
961,398
962,398
963,398
964,398
965,398
966,398
967,398
968,398
969,398
970,398
971,398
972,398
973,398
974,398
975,398
976,398
977,398
978,399
979,399
980,399
981,399
982,399
983,399
984,400
985,401
986,402
987,403
988,403
989,403
990,403
991,403
992,403
993,403
994,404
995,404
996,405
997,405
998,405
999,405
1000,405
1001,405
1002,405
1003,406
1004,407
1005,408
1006,408
1007,409
1008,409
1009,410
1010,410
1011,411
1012,411
1013,412
1014,413
1015,414
1016,415
1017,415
1018,415
1019,415
1020,416
1021,416
1022,416
1023,416
1024,416
1025,416
1026,416
1027,416
1028,416
1029,416
1030,416
1031,416
1032,416
1033,416
1034,416
1035,416
1036,416
1037,416
1038,416
1039,416
1040,416
1041,416
1042,416
1043,416
1044,416
1045,416
1046,416
1047,416
1048,416
1049,416
1050,416
1051,416
1052,416
1053,416
1054,416
1055,416
1056,416
1057,416
1058,416
1059,416
1060,416
1061,416
1062,416
1063,416
1064,416
1065,416
1066,417
1067,418
1068,419
1069,419
1070,419
1071,419
1072,420
1073,420
1074,420
1075,420
1076,420
1077,420
1078,420
1079,420
1080,420
1081,420
1082,421
1083,422
1084,423
1085,423
1086,423
1087,423
1088,423
1089,423
1090,423
1091,423
1092,423
1093,423
1094,423
1095,423
1096,423
1097,423
1098,423
1099,423
1100,423
1101,423
1102,423
1103,423
1104,424
1105,424
1106,424
1107,424
1108,424
1109,424
1110,424
1111,425
1112,426
1113,426
1114,427
1115,427
1116,427
1117,427
1118,427
1119,427
1120,428
1121,429
1122,429
1123,429
1124,429
1125,429
1126,429
1127,429
1128,429
1129,429
1130,429
1131,429
1132,429
1133,429
1134,429
1135,429
1136,429
1137,429
1138,429
1139,429
1140,430
1141,430
1142,430
1143,430
1144,430
1145,430
1146,430
1147,430
1148,430
1149,430
1150,430
1151,430
1152,430
1153,430
1154,430
1155,430
1156,430
1157,430
1158,430
1159,430
1160,431
1161,431
1162,431
1163,431
1164,431
1165,431
1166,431
1167,431
1168,431
1169,431
1170,432
1171,432
1172,432
1173,432
1174,432
1175,432
1176,432
1177,432
1178,432
1179,432
1180,432
1181,432
1182,432
1183,432
1184,432
1185,432
1186,432
1187,432
1188,432
1189,433
1190,433
1191,433
1192,433
1193,433
1194,433
1195,433
1196,433
1197,433
1198,433
1199,433
1200,433
1201,433
1202,433
1203,433
1204,433
1205,433
1206,433
1207,433
1208,433
1209,433
1210,433
1211,433
1212,433
1213,433
1214,433
1215,434
1216,434
1217,435
1218,435
1219,436
1220,436
1221,436
1222,436
1223,436
1224,436
1225,436
1226,436
1227,436
1228,436
1229,436
1230,436
1231,436
1232,437
1233,437
1234,437
1235,437
1236,437
1237,438
1238,438
1239,438
1240,438
1241,438
1242,438
1243,438
1244,438
1245,438
1246,438
1247,438
1248,438
1249,438
1250,439
1251,439
1252,439
1253,439
1254,439
1255,440
1256,441
1257,442
1258,442
1259,442
1260,442
1261,442
1262,442
1263,442
1264,442
1265,442
1266,442
1267,442
1268,442
1269,442
1270,442
1271,442
1272,442
1273,442
1274,442
1275,442
1276,442
1277,442
1278,442
1279,442
1280,442
1281,442
1282,442
1283,442
1284,442
1285,443
1286,443
1287,443
1288,443
1289,443
1290,443
1291,443
1292,443
1293,443
1294,443
1295,443
1296,443
1297,443
1298,444
1299,444
1300,445
1301,445
1302,445
1303,445
1304,445
1305,445
1306,445
1307,446
1308,446
1309,447
1310,447
1311,448
1312,448
1313,448
1314,448
1315,448
1316,448
1317,448
1318,448
1319,448
1320,448
1321,448
1322,448
1323,449
1324,449
1325,449
1326,449
1327,449
1328,449
1329,449
1330,449
1331,449
1332,449
1333,449
1334,449
1335,449
1336,449
1337,450
1338,450
1339,450
1340,450
1341,450
1342,451
1343,451
1344,451
1345,451
1346,451
1347,452
1348,453
1349,453
1350,453
1351,453
1352,453
1353,453
1354,453
1355,453
1356,453
1357,453
1358,453
1359,454
1360,454
1361,454
1362,454
1363,455
1364,455
1365,455
1366,455
1367,455
1368,455
1369,455
1370,455
1371,455
1372,455
1373,455
1374,455
1375,455
1376,455
1377,455
1378,455
1379,455
1380,455
1381,455
1382,456
1383,456
1384,456
1385,456
1386,456
1387,456
1388,456
1389,456
1390,456
1391,456
1392,457
1393,457
1394,457
1395,457
1396,457
1397,457
1398,457
1399,457
1400,457
1401,457
1402,457
1403,457
1404,457
1405,457
1406,457
1407,457
1408,457
1409,457
1410,457
1411,457
1412,457
1413,457
1414,457
1415,457
1416,457
1417,457
1418,457
1419,457
1420,457
1421,457
1422,457
1423,458
1424,458
1425,458
1426,458
1427,458
1428,458
1429,458
1430,458
1431,458
1432,458
1433,458
1434,458
1435,458
1436,458
1437,458
1438,458
1439,458
1440,458
1441,458
1442,458
1443,458
1444,458
1445,458
1446,458
1447,458
1448,458
1449,458
1450,458
1451,458
1452,458
1453,458
1454,458
1455,458
1456,459
1457,459
1458,459
1459,459
1460,459
1461,459
1462,459
1463,459
1464,460
1465,460
1466,460
1467,460
1468,460
1469,460
1470,460
1471,460
1472,460
1473,460
1474,460
1475,460
1476,460
1477,460
1478,460
1479,460
1480,460
1481,460
1482,461
1483,462
1484,462
1485,462
1486,462
1487,462
1488,462
1489,462
1490,462
1491,462
1492,462
1493,462
1494,462
1495,462
1496,462
1497,462
1498,462
1499,462
1500,462
1501,462
1502,462
1503,462
1504,462
1505,462
1506,462
1507,462
1508,462
1509,462
1510,462
1511,462
1512,462
1513,462
1514,462
1515,462
1516,462
1517,462
1518,462
1519,462
1520,462
1521,462
1522,462
1523,462
1524,462
1525,462
1526,462
1527,462
1528,462
1529,462
1530,462
1531,462
1532,462
1533,462
1534,462
1535,462
1536,462
1537,462
1538,462
1539,462
1540,462
1541,462
1542,462
1543,462
1544,462
1545,462
1546,462
1547,462
1548,462
1549,463
1550,464
1551,464
1552,464
1553,464
1554,464
1555,464
1556,464
1557,464
1558,465
1559,465
1560,465
1561,465
1562,465
1563,465
1564,465
1565,465
1566,465
1567,465
1568,465
1569,465
1570,465
1571,465
1572,465
1573,465
1574,465
1575,465
1576,465
1577,465
1578,465
1579,465
1580,465
1581,465
1582,465
1583,465
1584,465
1585,465
1586,465
1587,465
1588,465
1589,465
1590,465
1591,465
1592,465
1593,465
1594,465
1595,465
1596,466
1597,466
1598,466
1599,466
1600,466
1601,466
1602,466
1603,466
1604,466
1605,466
1606,467
1607,467
1608,467
1609,467
1610,467
1611,467
1612,467
1613,467
1614,467
1615,467
1616,467
1617,467
1618,467
1619,467
1620,467
1621,467
1622,467
1623,467
1624,467
1625,467
1626,467
1627,467
1628,467
1629,467
1630,467
1631,467
1632,467
1633,467
1634,467
1635,467
1636,467
1637,467
1638,467
1639,467
1640,467
1641,467
1642,467
1643,467
1644,467
1645,467
1646,467
1647,467
1648,467
1649,467
1650,467
1651,467
1652,467
1653,467
1654,467
1655,467
1656,467
1657,467
1658,467
1659,467
1660,467
1661,467
1662,467
1663,467
1664,467
1665,467
1666,467
1667,467
1668,467
1669,468
1670,468
1671,468
1672,468
1673,468
1674,468
1675,468
1676,468
1677,468
1678,468
1679,468
1680,468
1681,468
1682,468
1683,469
1684,469
1685,469
1686,469
1687,469
1688,469
1689,469
1690,469
1691,469
1692,469
1693,469
1694,469
1695,469
1696,469
1697,469
1698,470
1699,470
1700,470
1701,470
1702,470
1703,470
1704,470
1705,470
1706,470
1707,470
1708,470
1709,470
1710,470
1711,470
1712,470
1713,470
1714,470
1715,470
1716,470
1717,470
1718,470
1719,470
1720,470
1721,470
1722,470
1723,470
1724,470
1725,470
1726,470
1727,470
1728,470
1729,470
1730,470
1731,470
1732,471
1733,471
1734,471
1735,471
1736,471
1737,471
1738,471
1739,471
1740,471
1741,471
1742,471
1743,471
1744,471
1745,471
1746,471
1747,471
1748,471
1749,471
1750,471
1751,471
1752,471
1753,471
1754,471
1755,471
1756,471
1757,471
1758,471
1759,471
1760,471
1761,471
1762,471
1763,471
1764,471
1765,471
1766,471
1767,471
1768,471
1769,471
1770,471
1771,471
1772,471
1773,471
1774,471
1775,471
1776,471
1777,471
1778,471
1779,471
1780,471
1781,471
1782,471
1783,471
1784,471
1785,471
1786,471
1787,471
1788,471
1789,471
1790,471
1791,471
1792,471
1793,471
1794,471
1795,471
1796,471
1797,471
1798,471
1799,471
1800,471
1801,471
1802,471
1803,471
1804,471
1805,471
1806,471
1807,471
1808,471
1809,471
1810,471
1811,471
1812,471
1813,471
1814,471
1815,471
1816,471
1817,471
1818,471
1819,471
1820,471
1821,471
1822,471
1823,471
1824,471
1825,471
1826,471
1827,471
1828,471
1829,471
1830,471
1831,471
1832,471
1833,472
1834,472
1835,472
1836,472
1837,472
1838,472
1839,472
1840,472
1841,472
1842,472
1843,472
1844,472
1845,472
1846,472
1847,472
1848,472
1849,472
1850,472
1851,472
1852,472
1853,472
1854,472
1855,472
1856,472
1857,472
1858,472
1859,472
1860,472
1861,472
1862,472
1863,472
1864,472
1865,472
1866,472
1867,472
1868,472
1869,472
1870,472
1871,472
1872,472
1873,472
1874,472
1875,472
1876,472
1877,472
1878,472
1879,472
1880,472
1881,472
1882,472
1883,472
1884,472
1885,472
1886,472
1887,472
1888,472
1889,472
1890,472
1891,472
1892,472
1893,472
1894,472
1895,472
1896,472
1897,472
1898,472
1899,472
1900,472
1901,472
1902,472
1903,472
1904,472
1905,472
1906,472
1907,472
1908,472
1909,472
1910,472
1911,472
1912,472
1913,472
1914,472
1915,473
1916,473
1917,474
1918,474
1919,474
1920,474
1921,474
1922,474
1923,474
1924,474
1925,474
1926,474
1927,474
1928,474
1929,474
1930,474
1931,474
1932,474
1933,474
1934,475
1935,475
1936,475
1937,475
1938,475
1939,475
1940,475
1941,475
1942,475
1943,475
1944,475
1945,476
1946,476
1947,476
1948,476
1949,476
1950,476
1951,476
1952,476
1953,476
1954,476
1955,476
1956,476
1957,476
1958,476
1959,477
1960,477
1961,477
1962,477
1963,477
1964,477
1965,477
1966,477
1967,477
1968,477
1969,477
1970,477
1971,477
1972,477
1973,477
1974,477
1975,477
1976,477
1977,477
1978,477
1979,477
1980,477
1981,477
1982,477
1983,477
1984,477
1985,477
1986,477
1987,477
1988,477
1989,477
1990,477
1991,477
1992,477
1993,477
1994,477
1995,477
1996,477
1997,477
1998,477
1999,477
2000,477
2001,477
2002,477
2003,477
2004,477
2005,477
2006,477
2007,477
2008,477
2009,477
2010,477
2011,477
2012,477
2013,477
2014,477
2015,477
2016,477
2017,477
2018,477
2019,477
2020,477
2021,477
2022,477
2023,477
2024,477
2025,477
2026,477
2027,477
2028,477
2029,477
2030,477
2031,477
2032,477
2033,477
2034,477
2035,477
2036,478
2037,478
2038,478
2039,478
2040,478
2041,478
2042,478
2043,478
2044,478
2045,479
2046,479
2047,479
2048,479
2049,479
2050,479
2051,479
2052,479
2053,479
2054,479
2055,479
2056,479
2057,479
2058,479
2059,479
2060,479
2061,479
2062,479
2063,479
2064,479
2065,479
2066,479
2067,479
2068,479
2069,479
2070,479
2071,479
2072,479
2073,479
2074,479
2075,479
2076,479
2077,479
2078,479
2079,479
2080,479
2081,479
2082,479
2083,479
2084,479
2085,479
2086,479
2087,479
2088,479
2089,479
2090,479
2091,479
2092,479
2093,479
2094,479
2095,479
2096,479
2097,479
2098,479
2099,479
2100,479
2101,479
2102,479
2103,479
2104,479
2105,479
2106,479
2107,479
2108,479
2109,479
2110,479
2111,479
2112,479
2113,479
2114,479
2115,479
2116,479
2117,479
2118,479
2119,479
2120,479
2121,479
2122,479
2123,479
2124,479
2125,479
2126,479
2127,479
2128,479
2129,479
2130,479
2131,479
2132,479
2133,479
2134,479
2135,480
2136,480
2137,480
2138,480
2139,480
2140,480
2141,480
2142,481
2143,481
2144,481
2145,481
2146,481
2147,481
2148,481
2149,481
2150,481
2151,481
2152,481
2153,481
2154,481
2155,481
2156,481
2157,481
2158,481
2159,481
2160,481
2161,481
2162,481
2163,481
2164,481
2165,481
2166,481
2167,481
2168,481
2169,481
2170,481
2171,481
2172,481
2173,481
2174,481
2175,481
2176,482
2177,482
2178,482
2179,482
2180,482
2181,482
2182,482
2183,482
2184,482
2185,482
2186,482
2187,482
2188,482
2189,482
2190,482
2191,482
2192,482
2193,482
2194,482
2195,482
2196,482
2197,482
2198,482
2199,482
2200,482
2201,482
2202,482
2203,482
2204,482
2205,482
2206,482
2207,482
2208,482
2209,482
2210,482
2211,482
2212,482
2213,482
2214,482
2215,482
2216,482
2217,482
2218,482
2219,482
2220,482
2221,482
2222,482
2223,482
2224,482
2225,482
2226,482
2227,482
2228,482
2229,482
2230,482
2231,482
2232,482
2233,482
2234,482
2235,482
2236,482
2237,482
2238,482
2239,482
2240,482
2241,482
2242,482
2243,482
2244,482
2245,482
2246,482
2247,482
2248,482
2249,482
2250,482
2251,482
2252,482
2253,482
2254,482
2255,482
2256,482
2257,482
2258,482
2259,482
2260,482
2261,482
2262,482
2263,482
2264,482
2265,482
2266,483
2267,483
2268,483
2269,483
2270,484
2271,484
2272,485
2273,485
2274,485
2275,485
2276,485
2277,485
2278,485
2279,485
2280,485
2281,485
2282,485
2283,485
2284,485
2285,485
2286,485
2287,485
2288,485
2289,485
2290,485
2291,485
2292,485
2293,485
2294,485
2295,485
2296,485
2297,485
2298,485
2299,485
2300,485
2301,485
2302,485
2303,485
2304,485
2305,485
2306,485
2307,485
2308,485
2309,485
2310,485
2311,485
2312,485
2313,485
2314,485
2315,485
2316,485
2317,485
2318,485
2319,485
2320,485
2321,485
2322,485
2323,485
2324,485
2325,485
2326,485
2327,485
2328,485
2329,485
2330,485
2331,485
2332,485
2333,485
2334,485
2335,485
2336,485
2337,485
2338,485
2339,485
2340,485
2341,485
2342,486
2343,486
2344,486
2345,486
2346,486
2347,486
2348,486
2349,486
2350,486
2351,486
2352,486
2353,486
2354,486
2355,486
2356,486
2357,486
2358,486
2359,486
2360,486
2361,486
2362,486
2363,486
2364,486
2365,486
2366,486
2367,486
2368,486
2369,486
2370,486
2371,486
2372,486
2373,486
2374,486
2375,486
2376,486
2377,486
2378,486
2379,486
2380,486
2381,486
2382,487
2383,488
2384,488
2385,488
2386,488
2387,488
2388,488
2389,488
2390,488
2391,488
2392,488
2393,488
2394,488
2395,488
2396,488
2397,488
2398,488
2399,488
2400,488
2401,488
2402,488
2403,488
2404,488
2405,488
2406,488
2407,488
2408,488
2409,488
2410,488
2411,488
2412,488
2413,488
2414,488
2415,488
2416,488
2417,488
2418,488
2419,488
2420,488
2421,488
2422,488
2423,488
2424,488
2425,488
2426,488
2427,488
2428,488
2429,488
2430,488
2431,488
2432,488
2433,488
2434,488
2435,488
2436,488
2437,488
2438,489
2439,490
2440,490
2441,490
2442,490
2443,490
2444,490
2445,490
2446,490
2447,490
2448,490
2449,490
2450,490
2451,490
2452,490
2453,490
2454,490
2455,490
2456,490
2457,490
2458,490
2459,490
2460,490
2461,490
2462,490
2463,490
2464,490
2465,490
2466,490
2467,490
2468,490
2469,490
2470,490
2471,490
2472,490
2473,490
2474,490
2475,490
2476,490
2477,490
2478,490
2479,490
2480,490
2481,490
2482,490
2483,490
2484,490
2485,490
2486,490
2487,490
2488,490
2489,490
2490,490
2491,490
2492,490
2493,490
2494,490
2495,490
2496,490
2497,490
2498,490
2499,490
2500,490
2501,490
2502,490
2503,490
2504,490
2505,490
2506,490
2507,490
2508,490
2509,490
2510,490
2511,490
2512,490
2513,490
2514,490
2515,490
2516,490
2517,490
2518,490
2519,490
2520,490
2521,490
2522,490
2523,490
2524,490
2525,490
2526,490
2527,490
2528,490
2529,490
2530,490
2531,490
2532,490
2533,490
2534,490
2535,490
2536,490
2537,490
2538,490
2539,490
2540,490
2541,490
2542,490
2543,490
2544,490
2545,490
2546,490
2547,490
2548,490
2549,490
2550,490
2551,490
2552,490
2553,490
2554,490
2555,490
2556,490
2557,490
2558,490
2559,490
2560,490
2561,490
2562,490
2563,490
2564,490
2565,490
2566,490
2567,490
2568,490
2569,490
2570,490
2571,490
2572,490
2573,490
2574,490
2575,490
2576,490
2577,490
2578,490
2579,490
2580,490
2581,490
2582,490
2583,490
2584,490
2585,490
2586,490
2587,490
2588,490
2589,490
2590,490
2591,490
2592,490
2593,490
2594,490
2595,490
2596,490
2597,490
2598,490
2599,490
2600,490
2601,490
2602,490
2603,490
2604,490
2605,490
2606,490
2607,490
2608,490
2609,490
2610,491
2611,491
2612,491
2613,491
2614,491
2615,491
2616,491
2617,491
2618,491
2619,492
2620,492
2621,492
2622,492
2623,492
2624,492
2625,492
2626,492
2627,492
2628,492
2629,492
2630,492
2631,492
2632,493
2633,493
2634,493
2635,493
2636,493
2637,493
2638,493
2639,493
2640,493
2641,493
2642,493
2643,493
2644,493
2645,493
2646,493
2647,493
2648,493
2649,493
2650,493
2651,493
2652,493
2653,493
2654,493
2655,493
2656,493
2657,493
2658,493
2659,493
2660,493
2661,493
2662,493
2663,493
2664,493
2665,493
2666,493
2667,493
2668,493
2669,493
2670,493
2671,493
2672,493
2673,493
2674,493
2675,493
2676,493
2677,493
2678,493
2679,493
2680,493
2681,493
2682,493
2683,493
2684,493
2685,494
2686,494
2687,494
2688,494
2689,494
2690,494
2691,494
2692,494
2693,494
2694,494
2695,494
2696,494
2697,494
2698,494
2699,494
2700,494
2701,494
2702,494
2703,494
2704,494
2705,494
2706,494
2707,494
2708,494
2709,494
2710,494
2711,494
2712,494
2713,494
2714,494
2715,494
2716,494
2717,494
2718,494
2719,494
2720,494
2721,494
2722,494
2723,494
2724,494
2725,494
2726,494
2727,494
2728,494
2729,494
2730,494
2731,494
2732,494
2733,494
2734,494
2735,494
2736,494
2737,494
2738,494
2739,494
2740,494
2741,494
2742,494
2743,494
2744,494
2745,494
2746,494
2747,494
2748,494
2749,494
2750,494
2751,494
2752,494
2753,494
2754,494
2755,494
2756,494
2757,494
2758,494
2759,494
2760,494
2761,494
2762,494
2763,494
2764,494
2765,494
2766,494
2767,494
2768,495
2769,495
2770,495
2771,495
2772,495
2773,495
2774,495
2775,495
2776,495
2777,496
2778,496
2779,496
2780,496
2781,496
2782,496
2783,496
2784,496
2785,496
2786,496
2787,496
2788,496
2789,496
2790,496
2791,496
2792,496
2793,496
2794,496
2795,496
2796,496
2797,496
2798,496
2799,496
2800,496
2801,496
2802,496
2803,496
2804,496
2805,496
2806,496
2807,496
2808,496
2809,496
2810,496
2811,496
2812,496
2813,496
2814,496
2815,496
2816,496
2817,496
2818,496
2819,496
2820,496
2821,496
2822,496
2823,496
2824,496
2825,496
2826,496
2827,496
2828,496
2829,496
2830,496
2831,496
2832,496
2833,496
2834,496
2835,496
2836,496
2837,496
2838,496
2839,496
2840,496
2841,496
2842,496
2843,496
2844,496
2845,496
2846,496
2847,496
2848,496
2849,496
2850,496
2851,496
2852,496
2853,496
2854,496
2855,496
2856,496
2857,496
2858,496
2859,496
2860,496
2861,496
2862,496
2863,497
2864,497
2865,497
2866,497
2867,497
2868,497
2869,497
2870,497
2871,497
2872,497
2873,497
2874,497
2875,497
2876,497
2877,497
2878,497
2879,497
2880,497
2881,497
2882,497
2883,497
2884,497
2885,497
2886,497
2887,497
2888,497
2889,497
2890,497
2891,497
2892,497
2893,497
2894,497
2895,497
2896,497
2897,497
2898,497
2899,497
2900,497
2901,497
2902,497
2903,497
2904,497
2905,497
2906,497
2907,497
2908,497
2909,497
2910,497
2911,497
2912,497
2913,497
2914,497
2915,497
2916,497
2917,497
2918,497
2919,497
2920,497
2921,497
2922,497
2923,497
2924,497
2925,497
2926,497
2927,497
2928,497
2929,497
2930,497
2931,497
2932,497
2933,497
2934,497
2935,497
2936,497
2937,497
2938,497
2939,497
2940,497
2941,497
2942,497
2943,497
2944,497
2945,497
2946,497
2947,497
2948,497
2949,497
2950,497
2951,497
2952,497
2953,497
2954,497
2955,497
2956,497
2957,497
2958,497
2959,497
2960,497
2961,497
2962,497
2963,497
2964,497
2965,497
2966,497
2967,497
2968,497
2969,497
2970,497
2971,497
2972,497
2973,497
2974,497
2975,497
2976,497
2977,497
2978,497
2979,497
2980,497
2981,497
2982,497
2983,497
2984,497
2985,497
2986,497
2987,497
2988,497
2989,497
2990,497
2991,497
2992,497
2993,497
2994,497
2995,497
2996,497
2997,497
2998,497
2999,497
3000,497
3001,497
3002,497
3003,497
3004,497
3005,497
3006,497
3007,497
3008,497
3009,497
3010,497
3011,497
3012,497
3013,497
3014,497
3015,497
3016,497
3017,497
3018,497
3019,497
3020,497
3021,497
3022,497
3023,497
3024,497
3025,497
3026,497
3027,497
3028,497
3029,497
3030,497
3031,497
3032,497
3033,497
3034,497
3035,497
3036,497
3037,497
3038,497
3039,497
3040,497
3041,497
3042,497
3043,497
3044,497
3045,497
3046,497
3047,497
3048,497
3049,497
3050,497
3051,497
3052,497
3053,497
3054,497
3055,497
3056,497
3057,497
3058,497
3059,497
3060,497
3061,497
3062,497
3063,497
3064,497
3065,497
3066,497
3067,497
3068,497
3069,497
3070,497
3071,497
3072,497
3073,497
3074,497
3075,497
3076,497
3077,497
3078,497
3079,497
3080,497
3081,497
3082,497
3083,497
3084,497
3085,497
3086,497
3087,497
3088,497
3089,497
3090,497
3091,497
3092,497
3093,497
3094,497
3095,497
3096,497
3097,497
3098,497
3099,497
3100,497
3101,497
3102,497
3103,497
3104,497
3105,497
3106,497
3107,497
3108,497
3109,497
3110,497
3111,497
3112,497
3113,497
3114,497
3115,497
3116,497
3117,497
3118,497
3119,497
3120,497
3121,497
3122,497
3123,497
3124,497
3125,497
3126,497
3127,497
3128,497
3129,497
3130,497
3131,497
3132,497
3133,497
3134,497
3135,497
3136,497
3137,497
3138,497
3139,497
3140,497
3141,497
3142,497
3143,497
3144,497
3145,497
3146,497
3147,497
3148,497
3149,497
3150,497
3151,497
3152,497
3153,497
3154,497
3155,497
3156,497
3157,497
3158,497
3159,497
3160,497
3161,497
3162,497
3163,497
3164,497
3165,497
3166,497
3167,497
3168,497
3169,497
3170,497
3171,497
3172,497
3173,497
3174,497
3175,497
3176,497
3177,497
3178,497
3179,497
3180,497
3181,497
3182,497
3183,497
3184,497
3185,497
3186,498
3187,498
3188,498
3189,498
3190,498
3191,498
3192,498
3193,498
3194,498
3195,498
3196,499
3197,499
3198,499
3199,499
3200,499
3201,499
3202,499
3203,499
3204,499
3205,499
3206,499
3207,499
3208,499
3209,499
3210,499
3211,499
3212,499
3213,499
3214,499
3215,499
3216,499
3217,499
3218,499
3219,499
3220,499
3221,499
3222,499
3223,499
3224,499
3225,499
3226,499
3227,499
3228,499
3229,499
3230,499
3231,499
3232,499
3233,499
3234,499
3235,499
3236,499
3237,499
3238,499
3239,499
3240,499
3241,499
3242,499
3243,499
3244,499
3245,499
3246,499
3247,499
3248,499
3249,499
3250,499
3251,499
3252,499
3253,499
3254,499
3255,499
3256,499
3257,499
3258,499
3259,499
3260,499
3261,499
3262,499
3263,499
3264,499
3265,499
3266,499
3267,499
3268,499
3269,499
3270,499
3271,499
3272,499
3273,499
3274,499
3275,499
3276,499
3277,499
3278,499
3279,499
3280,499
3281,499
3282,499
3283,499
3284,499
3285,499
3286,499
3287,499
3288,499
3289,499
3290,499
3291,499
3292,499
3293,499
3294,499
3295,499
3296,499
3297,499
3298,499
3299,499
3300,499
3301,499
3302,499
3303,499
3304,499
3305,499
3306,499
3307,499
3308,499
3309,499
3310,499
3311,499
3312,499
3313,499
3314,499
3315,499
3316,499
3317,499
3318,499
3319,499
3320,499
3321,499
3322,499
3323,499
3324,499
3325,499
3326,499
3327,499
3328,499
3329,499
3330,499
3331,499
3332,499
3333,499
3334,499
3335,499
3336,499
3337,499
3338,499
3339,499
3340,499
3341,499
3342,499
3343,499
3344,499
3345,499
3346,499
3347,499
3348,499
3349,499
3350,499
3351,499
3352,499
3353,499
3354,499
3355,499
3356,499
3357,499
3358,499
3359,499
3360,499
3361,499
3362,499
3363,499
3364,499
3365,499
3366,499
3367,499
3368,499
3369,499
3370,499
3371,499
3372,499
3373,499
3374,499
3375,499
3376,499
3377,499
3378,499
3379,499
3380,499
3381,499
3382,499
3383,499
3384,499
3385,499
3386,499
3387,499
3388,499
3389,499
3390,499
3391,499
3392,499
3393,499
3394,499
3395,499
3396,499
3397,499
3398,499
3399,499
3400,499
3401,500
