0,0
1,1
2,2
3,3
4,4
5,5
6,6
7,7
8,8
9,9
10,10
11,11
12,12
13,13
14,14
15,15
16,16
17,17
18,18
19,19
20,20
21,21
22,22
23,23
24,24
25,25
26,26
27,27
28,28
29,28
30,28
31,28
32,29
33,29
34,30
35,31
36,32
37,33
38,33
39,34
40,34
41,35
42,35
43,35
44,36
45,37
46,38
47,39
48,40
49,41
50,42
51,42
52,43
53,43
54,44
55,45
56,46
57,47
58,47
59,48
60,49
61,50
62,51
63,52
64,53
65,54
66,55
67,56
68,57
69,58
70,59
71,60
72,61
73,61
74,62
75,62
76,63
77,64
78,65
79,66
80,67
81,68
82,69
83,70
84,71
85,72
86,72
87,73
88,74
89,75
90,76
91,77
92,78
93,78
94,78
95,79
96,80
97,80
98,80
99,81
100,81
101,81
102,82
103,82
104,82
105,83
106,83
107,84
108,85
109,86
110,86
111,86
112,86
113,86
114,86
115,86
116,86
117,86
118,86
119,86
120,86
121,86
122,87
123,88
124,89
125,89
126,90
127,91
128,92
129,92
130,93
131,93
132,93
133,93
134,93
135,94
136,95
137,96
138,97
139,98
140,99
141,100
142,101
143,102
144,103
145,104
146,105
147,106
148,107
149,108
150,109
151,110
152,111
153,112
154,113
155,114
156,115
157,116
158,117
159,118
160,119
161,120
162,121
163,122
164,123
165,123
166,124
167,124
168,125
169,126
170,127
171,127
172,127
173,127
174,128
175,129
176,130
177,131
178,131
179,132
180,132
181,132
182,132
183,133
184,134
185,135
186,136
187,136
188,136
189,137
190,137
191,137
192,138
193,139
194,139
195,139
196,139
197,140
198,140
199,140
200,141
201,141
202,141
203,141
204,141
205,142
206,142
207,142
208,143
209,144
210,145
211,146
212,147
213,148
214,149
215,150
216,151
217,152
218,153
219,153
220,154
221,155
222,156
223,157
224,158
225,159
226,159
227,160
228,161
229,162
230,162
231,162
232,162
233,163
234,163
235,163
236,164
237,164
238,165
239,165
240,166
241,167
242,168
243,169
244,170
245,171
246,171
247,171
248,171
249,172
250,172
251,173
252,174
253,174
254,175
255,176
256,176
257,177
258,178
259,178
260,178
261,179
262,180
263,180
264,181
265,182
266,182
267,182
268,182
269,183
270,184
271,185
272,185
273,185
274,185
275,186
276,187
277,188
278,188
279,189
280,189
281,189
282,189
283,189
284,189
285,189
286,189
287,189
288,190
289,190
290,190
291,190
292,190
293,190
294,190
295,191
296,191
297,192
298,192
299,192
300,192
301,192
302,192
303,192
304,192
305,192
306,192
307,192
308,192
309,192
310,192
311,193
312,194
313,195
314,196
315,196
316,197
317,197
318,197
319,197
320,197
321,197
322,197
323,198
324,198
325,199
326,199
327,200
328,201
329,202
330,203
331,204
332,204
333,204
334,204
335,204
336,204
337,204
338,204
339,204
340,204
341,204
342,204
343,204
344,204
345,204
346,204
347,204
348,204
349,204
350,205
351,205
352,205
353,205
354,206
355,206
356,206
357,207
358,208
359,209
360,209
361,209
362,210
363,211
364,211
365,211
366,211
367,211
368,211
369,211
370,212
371,212
372,212
373,213
374,214
375,215
376,216
377,216
378,216
379,216
380,216
381,216
382,216
383,217
384,217
385,217
386,218
387,218
388,218
389,218
390,219
391,219
392,219
393,219
394,219
395,219
396,219
397,219
398,219
399,219
400,220
401,220
402,220
403,221
404,221
405,222
406,223
407,224
408,225
409,226
410,227
411,228
412,229
413,230
414,231
415,231
416,232
417,233
418,234
419,235
420,236
421,237
422,238
423,238
424,238
425,239
426,240
427,240
428,241
429,242
430,242
431,243
432,244
433,245
434,246
435,247
436,248
437,248
438,249
439,249
440,250
441,251
442,252
443,253
444,254
445,255
446,255
447,255
448,255
449,255
450,255
451,256
452,256
453,256
454,256
455,257
456,257
457,258
458,258
459,259
460,259
461,260
462,261
463,261
464,261
465,261
466,262
467,263
468,264
469,264
470,265
471,266
472,267
473,268
474,268
475,269
476,269
477,270
478,271
479,272
480,273
481,274
482,275
483,276
484,277
485,278
486,278
487,278
488,279
489,280
490,280
491,280
492,281
493,282
494,283
495,283
496,284
497,285
498,286
499,287
500,287
501,288
502,289
503,289
504,289
505,289
506,289
507,290
508,291
509,292
510,293
511,294
512,295
513,296
514,296
515,296
516,296
517,297
518,297
519,297
520,298
521,298
522,298
523,299
524,299
525,299
526,300
527,300
528,300
529,301
530,301
531,302
532,303
533,303
534,304
535,304
536,304
537,304
538,304
539,304
540,304
541,305
542,305
543,306
544,307
545,307
546,307
547,308
548,309
549,310
550,311
551,312
552,313
553,314
554,314
555,314
556,314
557,315
558,315
559,315
560,316
561,317
562,317
563,318
564,319
565,320
566,320
567,321
568,322
569,323
570,324
571,325
572,325
573,325
574,325
575,325
576,326
577,326
578,326
579,327
580,328
581,329
582,330
583,330
584,330
585,330
586,331
587,331
588,332
589,332
590,332
591,332
592,332
593,332
594,332
595,332
596,332
597,332
598,332
599,332
600,332
601,332
602,333
603,333
604,333
605,333
606,333
607,333
608,333
609,333
610,333
611,333
612,333
613,333
614,333
615,333
616,333
617,333
618,333
619,333
620,333
621,333
622,333
623,333
624,333
625,333
626,333
627,334
628,334
629,334
630,334
631,334
632,334
633,335
634,335
635,336
636,336
637,337
638,337
639,337
640,338
641,338
642,339
643,340
644,341
645,342
646,342
647,343
648,343
649,343
650,343
651,343
652,343
653,343
654,344
655,344
656,345
657,345
658,345
659,345
660,345
661,345
662,345
663,345
664,346
665,346
666,347
667,347
668,347
669,347
670,347
671,347
672,347
673,347
674,347
675,348
676,348
677,348
678,349
679,349
680,350
681,350
682,350
683,350
684,350
685,350
686,350
687,350
688,350
689,350
690,350
691,350
692,350
693,350
694,350
695,351
696,351
697,351
698,351
699,351
700,351
701,352
702,352
703,353
704,353
705,353
706,354
707,354
708,354
709,354
710,355
711,355
712,355
713,355
714,355
715,355
716,355
717,355
718,356
719,356
720,357
721,357
722,357
723,357
724,357
725,357
726,358
727,358
728,358
729,358
730,358
731,358
732,359
733,359
734,359
735,360
736,360
737,360
738,360
739,360
740,361
741,361
742,362
743,363
744,363
745,363
746,363
747,364
748,365
749,366
750,366
751,366
752,366
753,366
754,366
755,367
756,367
757,367
758,367
759,367
760,367
761,367
762,367
763,367
764,367
765,368
766,368
767,368
768,368
769,368
770,368
771,369
772,369
773,369
774,369
775,369
776,369
777,369
778,369
779,369
780,369
781,369
782,369
783,370
784,371
785,371
786,372
787,372
788,373
789,373
790,373
791,374
792,375
793,376
794,376
795,377
796,378
797,378
798,378
799,378
800,378
801,378
802,378
803,378
804,378
805,378
806,378
807,378
808,378
809,378
810,379
811,379
812,379
813,379
814,379
815,379
816,379
817,380
818,380
819,380
820,380
821,380
822,380
823,380
824,380
825,380
826,380
827,380
828,380
829,380
830,381
831,382
832,383
833,383
834,383
835,383
836,383
837,384
838,384
839,384
840,384
841,384
842,384
843,384
844,384
845,384
846,384
847,385
848,385
849,385
850,385
851,385
852,385
853,385
854,385
855,386
856,386
857,386
858,386
859,386
860,386
861,386
862,386
863,386
864,386
865,386
866,386
867,386
868,387
869,387
870,387
871,387
872,388
873,389
874,389
875,389
876,389
877,389
878,390
879,391
880,391
881,391
882,391
883,391
884,392
885,393
886,394
887,394
888,394
889,394
890,394
891,394
892,394
893,394
894,395
895,396
896,396
897,396
898,396
899,396
900,396
901,396
902,396
903,396
904,396
905,396
906,396
907,396
908,396
909,396
910,396
911,396
912,396
913,396
914,397
915,397
916,397
917,397
918,397
919,397
920,397
921,397
922,397
923,397
924,397
925,397
926,397
927,397
928,397
929,397
930,398
931,399
932,399
933,399
934,399
935,399
936,399
937,399
938,399
939,399
940,399
941,399
942,399
943,399
944,399
945,399
946,400
947,400
948,400
949,400
950,400
951,400
952,400
953,400
954,400
955,400
956,400
957,400
958,400
959,400
960,400
961,400
962,401
963,401
964,401
965,402
966,402
967,402
968,402
969,402
970,402
971,403
972,403
973,403
974,403
975,404
976,404
977,405
978,406
979,407
980,407
981,407
982,407
983,408
984,408
985,408
986,408
987,408
988,408
989,408
990,408
991,409
992,409
993,409
994,409
995,410
996,410
997,411
998,411
999,411
1000,411
1001,411
1002,411
1003,411
1004,411
1005,411
1006,411
1007,411
1008,411
1009,412
1010,413
1011,413
1012,413
1013,413
1014,413
1015,413
1016,413
1017,413
1018,414
1019,415
1020,415
1021,415
1022,415
1023,415
1024,415
1025,415
1026,415
1027,416
1028,416
1029,417
1030,417
1031,417
1032,418
1033,418
1034,418
1035,418
1036,418
1037,418
1038,418
1039,418
1040,418
1041,418
1042,418
1043,418
1044,418
1045,418
1046,419
1047,420
1048,420
1049,420
1050,421
1051,421
1052,421
1053,421
1054,421
1055,421
1056,421
1057,421
1058,421
1059,422
1060,422
1061,422
1062,422
1063,422
1064,422
1065,422
1066,422
1067,422
1068,422
1069,422
1070,422
1071,422
1072,422
1073,422
1074,422
1075,422
1076,422
1077,423
1078,423
1079,423
1080,423
1081,423
1082,423
1083,423
1084,423
1085,423
1086,423
1087,423
1088,423
1089,423
1090,423
1091,423
1092,423
1093,423
1094,423
1095,423
1096,423
1097,423
1098,423
1099,423
1100,423
1101,423
1102,423
1103,423
1104,423
1105,423
1106,423
1107,423
1108,423
1109,423
1110,423
1111,423
1112,423
1113,423
1114,423
1115,423
1116,423
1117,423
1118,423
1119,423
1120,423
1121,423
1122,423
1123,423
1124,423
1125,423
1126,423
1127,423
1128,423
1129,423
1130,423
1131,423
1132,423
1133,423
1134,423
1135,423
1136,423
1137,423
1138,423
1139,423
1140,423
1141,423
1142,423
1143,423
1144,423
1145,423
1146,423
1147,423
1148,423
1149,423
1150,423
1151,423
1152,423
1153,423
1154,423
1155,423
1156,423
1157,423
1158,424
1159,424
1160,424
1161,424
1162,424
1163,424
1164,424
1165,424
1166,424
1167,424
1168,424
1169,424
1170,424
1171,424
1172,424
1173,424
1174,424
1175,424
1176,424
1177,424
1178,424
1179,424
1180,424
1181,424
1182,424
1183,424
1184,424
1185,424
1186,424
1187,424
1188,424
1189,424
1190,424
1191,424
1192,424
1193,425
1194,425
1195,425
1196,425
1197,425
1198,425
1199,425
1200,425
1201,425
1202,425
1203,425
1204,425
1205,425
1206,426
1207,426
1208,426
1209,426
1210,426
1211,426
1212,426
1213,426
1214,426
1215,426
1216,426
1217,427
1218,427
1219,428
1220,428
1221,429
1222,429
1223,429
1224,429
1225,429
1226,429
1227,429
1228,429
1229,430
1230,430
1231,430
1232,431
1233,431
1234,431
1235,431
1236,431
1237,431
1238,431
1239,431
1240,431
1241,431
1242,431
1243,431
1244,431
1245,431
1246,432
1247,432
1248,432
1249,432
1250,432
1251,433
1252,433
1253,433
1254,433
1255,433
1256,433
1257,433
1258,433
1259,433
1260,433
1261,433
1262,433
1263,433
1264,433
1265,434
1266,434
1267,434
1268,434
1269,434
1270,434
1271,434
1272,434
1273,434
1274,434
1275,434
1276,434
1277,435
1278,435
1279,435
1280,435
1281,435
1282,435
1283,435
1284,435
1285,435
1286,435
1287,435
1288,435
1289,435
1290,435
1291,435
1292,435
1293,435
1294,435
1295,435
1296,435
1297,435
1298,435
1299,435
1300,435
1301,435
1302,435
1303,436
1304,436
1305,436
1306,436
1307,436
1308,436
1309,436
1310,437
1311,437
1312,438
1313,438
1314,439
1315,439
1316,440
1317,441
1318,442
1319,442
1320,443
1321,443
1322,444
1323,444
1324,444
1325,444
1326,444
1327,444
1328,444
1329,444
1330,444
1331,444
1332,444
1333,444
1334,444
1335,444
1336,444
1337,444
1338,444
1339,445
1340,445
1341,445
1342,445
1343,445
1344,445
1345,445
1346,445
1347,445
1348,446
1349,446
1350,446
1351,446
1352,446
1353,446
1354,446
1355,446
1356,446
1357,447
1358,447
1359,447
1360,448
1361,449
1362,450
1363,450
1364,450
1365,450
1366,451
1367,452
1368,452
1369,452
1370,453
1371,454
1372,455
1373,455
1374,455
1375,455
1376,455
1377,455
1378,455
1379,455
1380,455
1381,455
1382,455
1383,455
1384,455
1385,455
1386,455
1387,455
1388,455
1389,455
1390,455
1391,455
1392,455
1393,455
1394,455
1395,455
1396,455
1397,455
1398,455
1399,456
1400,456
1401,456
1402,456
1403,456
1404,456
1405,456
1406,456
1407,456
1408,457
1409,458
1410,458
1411,458
1412,458
1413,458
1414,458
1415,458
1416,458
1417,458
1418,458
1419,458
1420,458
1421,458
1422,458
1423,458
1424,458
1425,458
1426,458
1427,458
1428,458
1429,458
1430,458
1431,458
1432,458
1433,458
1434,458
1435,458
1436,458
1437,459
1438,459
1439,459
1440,459
1441,460
1442,460
1443,460
1444,460
1445,460
1446,460
1447,461
1448,462
1449,462
1450,462
1451,462
1452,462
1453,462
1454,462
1455,462
1456,462
1457,462
1458,462
1459,462
1460,462
1461,462
1462,462
1463,462
1464,462
1465,462
1466,462
1467,462
1468,462
1469,462
1470,462
1471,462
1472,462
1473,462
1474,462
1475,462
1476,462
1477,462
1478,462
1479,462
1480,462
1481,462
1482,462
1483,462
1484,462
1485,463
1486,463
1487,463
1488,463
1489,463
1490,463
1491,463
1492,463
1493,463
1494,463
1495,463
1496,463
1497,463
1498,463
1499,463
1500,463
1501,463
1502,463
1503,463
1504,463
1505,463
1506,463
1507,463
1508,463
1509,463
1510,463
1511,464
1512,464
1513,464
1514,464
1515,464
1516,464
1517,464
1518,464
1519,464
1520,464
1521,464
1522,464
1523,464
1524,464
1525,464
1526,464
1527,464
1528,464
1529,464
1530,464
1531,464
1532,464
1533,464
1534,464
1535,464
1536,464
1537,464
1538,464
1539,464
1540,464
1541,464
1542,464
1543,464
1544,464
1545,464
1546,464
1547,464
1548,464
1549,464
1550,464
1551,464
1552,464
1553,464
1554,464
1555,464
1556,464
1557,464
1558,464
1559,464
1560,464
1561,464
1562,464
1563,464
1564,464
1565,464
1566,464
1567,464
1568,464
1569,464
1570,464
1571,464
1572,464
1573,464
1574,464
1575,464
1576,465
1577,465
1578,465
1579,465
1580,465
1581,465
1582,465
1583,465
1584,465
1585,465
1586,465
1587,465
1588,465
1589,465
1590,465
1591,465
1592,465
1593,465
1594,465
1595,466
1596,467
1597,467
1598,468
1599,468
1600,468
1601,468
1602,468
1603,468
1604,468
1605,468
1606,468
1607,468
1608,468
1609,468
1610,468
1611,468
1612,468
1613,468
1614,468
1615,468
1616,468
1617,468
1618,468
1619,468
1620,468
1621,468
1622,468
1623,468
1624,468
1625,468
1626,468
1627,468
1628,468
1629,468
1630,468
1631,468
1632,468
1633,468
1634,468
1635,468
1636,468
1637,468
1638,468
1639,468
1640,468
1641,468
1642,468
1643,468
1644,468
1645,468
1646,468
1647,468
1648,468
1649,469
1650,469
1651,469
1652,469
1653,469
1654,469
1655,469
1656,469
1657,470
1658,470
1659,470
1660,470
1661,470
1662,470
1663,470
1664,470
1665,470
1666,470
1667,470
1668,470
1669,470
1670,470
1671,470
1672,470
1673,470
1674,470
1675,470
1676,470
1677,470
1678,470
1679,470
1680,470
1681,470
1682,470
1683,470
1684,470
1685,470
1686,470
1687,470
1688,470
1689,470
1690,470
1691,470
1692,470
1693,470
1694,470
1695,470
1696,470
1697,470
1698,470
1699,470
1700,470
1701,470
1702,470
1703,470
1704,470
1705,470
1706,470
1707,470
1708,470
1709,470
1710,470
1711,470
1712,470
1713,470
1714,470
1715,470
1716,471
1717,471
1718,471
1719,471
1720,471
1721,471
1722,471
1723,471
1724,471
1725,471
1726,471
1727,471
1728,471
1729,471
1730,471
1731,471
1732,471
1733,471
1734,471
1735,471
1736,471
1737,471
1738,471
1739,471
1740,471
1741,471
1742,471
1743,471
1744,471
1745,471
1746,471
1747,471
1748,471
1749,471
1750,471
1751,471
1752,471
1753,471
1754,471
1755,471
1756,471
1757,471
1758,471
1759,471
1760,471
1761,471
1762,471
1763,471
1764,471
1765,471
1766,471
1767,471
1768,471
1769,471
1770,471
1771,471
1772,471
1773,471
1774,471
1775,471
1776,471
1777,471
1778,471
1779,471
1780,471
1781,471
1782,471
1783,472
1784,472
1785,472
1786,472
1787,472
1788,472
1789,472
1790,472
1791,472
1792,472
1793,472
1794,472
1795,473
1796,473
1797,473
1798,473
1799,473
1800,473
1801,473
1802,473
1803,473
1804,473
1805,473
1806,473
1807,473
1808,473
1809,473
1810,473
1811,473
1812,473
1813,473
1814,473
1815,473
1816,473
1817,473
1818,473
1819,473
1820,473
1821,473
1822,473
1823,473
1824,473
1825,473
1826,473
1827,473
1828,473
1829,473
1830,473
1831,473
1832,473
1833,473
1834,473
1835,473
1836,473
1837,473
1838,473
1839,473
1840,473
1841,473
1842,473
1843,473
1844,473
1845,473
1846,473
1847,473
1848,473
1849,473
1850,473
1851,473
1852,473
1853,473
1854,473
1855,473
1856,473
1857,473
1858,473
1859,473
1860,473
1861,473
1862,473
1863,473
1864,473
1865,473
1866,473
1867,473
1868,473
1869,473
1870,473
1871,473
1872,473
1873,473
1874,473
1875,473
1876,473
1877,473
1878,473
1879,473
1880,473
1881,473
1882,473
1883,473
1884,473
1885,473
1886,473
1887,473
1888,473
1889,473
1890,473
1891,473
1892,473
1893,473
1894,473
1895,473
1896,473
1897,473
1898,473
1899,474
1900,475
1901,475
1902,475
1903,475
1904,475
1905,476
1906,476
1907,476
1908,476
1909,476
1910,476
1911,476
1912,476
1913,476
1914,476
1915,476
1916,476
1917,476
1918,476
1919,476
1920,476
1921,476
1922,476
1923,476
1924,476
1925,476
1926,476
1927,476
1928,476
1929,476
1930,476
1931,476
1932,477
1933,477
1934,477
1935,477
1936,477
1937,477
1938,477
1939,477
1940,477
1941,477
1942,477
1943,477
1944,477
1945,477
1946,477
1947,477
1948,477
1949,477
1950,478
1951,478
1952,478
1953,478
1954,478
1955,478
1956,478
1957,478
1958,478
1959,478
1960,478
1961,478
1962,478
1963,478
1964,478
1965,478
1966,478
1967,478
1968,478
1969,478
1970,478
1971,478
1972,478
1973,478
1974,478
1975,478
1976,478
1977,478
1978,478
1979,478
1980,478
1981,478
1982,478
1983,478
1984,478
1985,478
1986,478
1987,478
1988,478
1989,478
1990,478
1991,478
1992,478
1993,478
1994,478
1995,478
1996,478
1997,478
1998,478
1999,478
2000,478
2001,478
2002,478
2003,478
2004,478
2005,478
2006,478
2007,478
2008,478
2009,478
2010,478
2011,478
2012,478
2013,478
2014,478
2015,478
2016,478
2017,478
2018,478
2019,478
2020,478
2021,478
2022,478
2023,478
2024,478
2025,478
2026,478
2027,478
2028,478
2029,478
2030,478
2031,478
2032,478
2033,478
2034,478
2035,478
2036,478
2037,478
2038,478
2039,478
2040,478
2041,478
2042,478
2043,478
2044,478
2045,478
2046,478
2047,478
2048,478
2049,478
2050,478
2051,478
2052,478
2053,478
2054,478
2055,478
2056,478
2057,478
2058,478
2059,478
2060,478
2061,478
2062,478
2063,478
2064,478
2065,478
2066,478
2067,478
2068,478
2069,478
2070,478
2071,478
2072,478
2073,478
2074,478
2075,478
2076,478
2077,478
2078,478
2079,478
2080,478
2081,478
2082,478
2083,478
2084,478
2085,478
2086,478
2087,478
2088,478
2089,478
2090,479
2091,479
2092,479
2093,479
2094,479
2095,479
2096,479
2097,479
2098,479
2099,479
2100,479
2101,479
2102,479
2103,479
2104,479
2105,479
2106,479
2107,479
2108,479
2109,479
2110,479
2111,479
2112,479
2113,479
2114,479
2115,479
2116,479
2117,479
2118,479
2119,479
2120,479
2121,479
2122,479
2123,479
2124,479
2125,479
2126,479
2127,479
2128,479
2129,479
2130,479
2131,479
2132,479
2133,479
2134,479
2135,479
2136,479
2137,479
2138,479
2139,479
2140,479
2141,479
2142,479
2143,479
2144,479
2145,479
2146,479
2147,479
2148,479
2149,479
2150,479
2151,479
2152,479
2153,479
2154,479
2155,479
2156,479
2157,479
2158,479
2159,479
2160,479
2161,479
2162,479
2163,479
2164,479
2165,479
2166,479
2167,479
2168,479
2169,479
2170,479
2171,479
2172,479
2173,479
2174,479
2175,479
2176,479
2177,479
2178,479
2179,479
2180,479
2181,479
2182,479
2183,479
2184,479
2185,479
2186,479
2187,479
2188,479
2189,479
2190,479
2191,480
2192,480
2193,480
2194,480
2195,480
2196,480
2197,480
2198,480
2199,480
2200,480
2201,480
2202,480
2203,480
2204,480
2205,480
2206,480
2207,480
2208,480
2209,480
2210,480
2211,480
2212,480
2213,480
2214,480
2215,480
2216,480
2217,480
2218,480
2219,480
2220,480
2221,480
2222,480
2223,480
2224,481
2225,481
2226,481
2227,481
2228,481
2229,481
2230,481
2231,481
2232,481
2233,481
2234,481
2235,481
2236,481
2237,481
2238,481
2239,481
2240,481
2241,481
2242,481
2243,481
2244,481
2245,481
2246,481
2247,481
2248,481
2249,481
2250,481
2251,481
2252,481
2253,481
2254,481
2255,481
2256,481
2257,481
2258,481
2259,481
2260,481
2261,481
2262,481
2263,481
2264,481
2265,481
2266,481
2267,481
2268,481
2269,481
2270,481
2271,481
2272,481
2273,481
2274,481
2275,481
2276,481
2277,481
2278,481
2279,481
2280,481
2281,481
2282,481
2283,481
2284,481
2285,481
2286,481
2287,481
2288,481
2289,481
2290,481
2291,481
2292,481
2293,481
2294,481
2295,481
2296,481
2297,481
2298,481
2299,481
2300,481
2301,481
2302,481
2303,481
2304,481
2305,481
2306,481
2307,481
2308,481
2309,481
2310,481
2311,481
2312,481
2313,481
2314,481
2315,481
2316,481
2317,481
2318,481
2319,481
2320,481
2321,481
2322,481
2323,481
2324,481
2325,481
2326,481
2327,481
2328,481
2329,481
2330,481
2331,481
2332,481
2333,481
2334,481
2335,481
2336,481
2337,481
2338,481
2339,481
2340,481
2341,481
2342,481
2343,481
2344,481
2345,481
2346,481
2347,481
2348,481
2349,481
2350,481
2351,481
2352,481
2353,481
2354,481
2355,481
2356,481
2357,481
2358,481
2359,481
2360,481
2361,481
2362,481
2363,481
2364,481
2365,481
2366,481
2367,481
2368,481
2369,481
2370,481
2371,481
2372,481
2373,481
2374,481
2375,481
2376,481
2377,481
2378,481
2379,481
2380,481
2381,481
2382,481
2383,481
2384,481
2385,481
2386,481
2387,481
2388,481
2389,481
2390,481
2391,481
2392,481
2393,481
2394,481
2395,481
2396,481
2397,481
2398,481
2399,481
2400,481
2401,481
2402,481
2403,481
2404,481
2405,481
2406,481
2407,481
2408,481
2409,481
2410,481
2411,481
2412,481
2413,481
2414,481
2415,481
2416,481
2417,481
2418,481
2419,481
2420,481
2421,481
2422,481
2423,481
2424,481
2425,481
2426,481
2427,481
2428,481
2429,481
2430,481
2431,481
2432,481
2433,481
2434,481
2435,481
2436,481
2437,481
2438,481
2439,481
2440,481
2441,481
2442,481
2443,481
2444,481
2445,481
2446,481
2447,481
2448,481
2449,481
2450,481
2451,481
2452,481
2453,481
2454,481
2455,481
2456,481
2457,481
2458,481
2459,481
2460,481
2461,481
2462,481
2463,481
2464,481
2465,481
2466,481
2467,481
2468,481
2469,481
2470,481
2471,481
2472,481
2473,482
2474,483
2475,484
2476,484
2477,485
2478,486
2479,486
2480,486
2481,487
2482,487
2483,487
2484,487
2485,487
2486,487
2487,488
2488,488
2489,488
2490,488
2491,488
2492,488
2493,488
2494,488
2495,489
2496,489
2497,489
2498,489
2499,489
2500,489
2501,489
2502,489
2503,489
2504,489
2505,489
2506,489
2507,489
2508,489
2509,489
2510,489
2511,489
2512,489
2513,489
2514,489
2515,489
2516,489
2517,489
2518,489
2519,489
2520,489
2521,489
2522,489
2523,489
2524,489
2525,489
2526,489
2527,489
2528,489
2529,489
2530,489
2531,489
2532,489
2533,489
2534,489
2535,489
2536,489
2537,489
2538,489
2539,489
2540,489
2541,489
2542,489
2543,489
2544,489
2545,489
2546,489
2547,489
2548,489
2549,489
2550,489
2551,489
2552,489
2553,489
2554,489
2555,489
2556,489
2557,489
2558,489
2559,489
2560,489
2561,489
2562,489
2563,489
2564,489
2565,489
2566,489
2567,489
2568,489
2569,489
2570,489
2571,489
2572,489
2573,489
2574,489
2575,489
2576,489
2577,489
2578,489
2579,489
2580,489
2581,489
2582,489
2583,489
2584,489
2585,489
2586,489
2587,489
2588,489
2589,489
2590,489
2591,489
2592,489
2593,489
2594,489
2595,489
2596,489
2597,489
2598,489
2599,489
2600,489
2601,489
2602,489
2603,489
2604,489
2605,489
2606,489
2607,489
2608,489
2609,489
2610,489
2611,489
2612,489
2613,489
2614,489
2615,489
2616,489
2617,489
2618,489
2619,489
2620,489
2621,489
2622,489
2623,489
2624,489
2625,489
2626,489
2627,489
2628,489
2629,489
2630,489
2631,489
2632,489
2633,489
2634,489
2635,489
2636,489
2637,489
2638,489
2639,489
2640,489
2641,489
2642,489
2643,489
2644,489
2645,489
2646,489
2647,489
2648,489
2649,489
2650,489
2651,489
2652,489
2653,489
2654,489
2655,489
2656,489
2657,489
2658,489
2659,489
2660,489
2661,489
2662,489
2663,489
2664,489
2665,489
2666,489
2667,489
2668,489
2669,489
2670,489
2671,489
2672,489
2673,489
2674,489
2675,489
2676,489
2677,489
2678,489
2679,489
2680,489
2681,489
2682,489
2683,489
2684,489
2685,489
2686,489
2687,489
2688,489
2689,489
2690,489
2691,489
2692,489
2693,489
2694,489
2695,489
2696,489
2697,489
2698,489
2699,489
2700,489
2701,489
2702,489
2703,489
2704,489
2705,489
2706,489
2707,489
2708,489
2709,489
2710,489
2711,489
2712,489
2713,489
2714,489
2715,489
2716,489
2717,489
2718,489
2719,489
2720,489
2721,489
2722,489
2723,489
2724,489
2725,489
2726,489
2727,489
2728,489
2729,489
2730,489
2731,489
2732,489
2733,489
2734,489
2735,489
2736,489
2737,489
2738,489
2739,489
2740,489
2741,489
2742,489
2743,489
2744,489
2745,489
2746,489
2747,489
2748,489
2749,489
2750,489
2751,489
2752,489
2753,489
2754,489
2755,489
2756,489
2757,489
2758,489
2759,489
2760,489
2761,489
2762,489
2763,489
2764,489
2765,489
2766,489
2767,489
2768,489
2769,489
2770,489
2771,489
2772,489
2773,489
2774,489
2775,489
2776,489
2777,489
2778,489
2779,489
2780,489
2781,489
2782,489
2783,489
2784,489
2785,489
2786,489
2787,489
2788,489
2789,489
2790,489
2791,489
2792,489
2793,489
2794,489
2795,489
2796,489
2797,489
2798,489
2799,489
2800,489
2801,489
2802,489
2803,489
2804,489
2805,489
2806,489
2807,489
2808,489
2809,489
2810,489
2811,489
2812,489
2813,489
2814,489
2815,489
2816,489
2817,489
2818,489
2819,489
2820,489
2821,489
2822,489
2823,489
2824,489
2825,489
2826,489
2827,489
2828,489
2829,489
2830,489
2831,489
2832,489
2833,489
2834,489
2835,489
2836,489
2837,489
2838,489
2839,489
2840,489
2841,489
2842,489
2843,489
2844,489
2845,489
2846,489
2847,489
2848,489
2849,489
2850,489
2851,489
2852,489
2853,489
2854,489
2855,489
2856,489
2857,489
2858,489
2859,489
2860,489
2861,489
2862,489
2863,489
2864,489
2865,489
2866,489
2867,489
2868,489
2869,489
2870,489
2871,489
2872,489
2873,489
2874,489
2875,489
2876,489
2877,489
2878,489
2879,489
2880,489
2881,489
2882,489
2883,489
2884,489
2885,489
2886,489
2887,489
2888,489
2889,489
2890,489
2891,489
2892,489
2893,489
2894,489
2895,489
2896,489
2897,489
2898,489
2899,489
2900,489
2901,489
2902,489
2903,489
2904,489
2905,489
2906,489
2907,489
2908,489
2909,489
2910,489
2911,489
2912,489
2913,489
2914,489
2915,489
2916,489
2917,489
2918,489
2919,489
2920,489
2921,489
2922,489
2923,489
2924,489
2925,489
2926,489
2927,489
2928,489
2929,489
2930,489
2931,489
2932,489
2933,489
2934,489
2935,489
2936,489
2937,489
2938,489
2939,489
2940,489
2941,489
2942,489
2943,489
2944,489
2945,489
2946,489
2947,489
2948,489
2949,489
2950,489
2951,489
2952,489
2953,489
2954,489
2955,489
2956,489
2957,489
2958,489
2959,489
2960,489
2961,489
2962,489
2963,489
2964,489
2965,489
2966,489
2967,489
2968,489
2969,489
2970,489
2971,489
2972,489
2973,489
2974,489
2975,489
2976,489
2977,489
2978,489
2979,489
2980,489
2981,489
2982,489
2983,489
2984,489
2985,489
2986,489
2987,489
2988,489
2989,489
2990,489
2991,489
2992,489
2993,489
2994,489
2995,489
2996,489
2997,489
2998,489
2999,489
3000,489
3001,489
3002,489
3003,489
3004,489
3005,489
3006,489
3007,489
3008,489
3009,489
3010,489
3011,489
3012,489
3013,489
3014,489
3015,489
3016,489
3017,489
3018,489
3019,489
3020,489
3021,489
3022,489
3023,489
3024,489
3025,489
3026,489
3027,489
3028,489
3029,489
3030,489
3031,489
3032,489
3033,489
3034,489
3035,489
3036,489
3037,489
3038,489
3039,489
3040,489
3041,489
3042,489
3043,489
3044,489
3045,489
3046,489
3047,489
3048,489
3049,489
3050,489
3051,489
3052,489
3053,489
3054,489
3055,489
3056,489
3057,489
3058,489
3059,489
3060,489
3061,489
3062,489
3063,489
3064,489
3065,489
3066,489
3067,489
3068,489
3069,489
3070,489
3071,489
3072,489
3073,489
3074,489
3075,489
3076,489
3077,489
3078,489
3079,489
3080,489
3081,489
3082,489
3083,489
3084,489
3085,489
3086,489
3087,489
3088,489
3089,489
3090,489
3091,489
3092,489
3093,489
3094,489
3095,489
3096,489
3097,489
3098,489
3099,489
3100,489
3101,489
3102,489
3103,489
3104,489
3105,489
3106,489
3107,489
3108,489
3109,489
3110,489
3111,489
3112,489
3113,489
3114,489
3115,489
3116,489
3117,489
3118,489
3119,489
3120,489
3121,489
3122,489
3123,489
3124,489
3125,489
3126,489
3127,489
3128,489
3129,489
3130,489
3131,489
3132,489
3133,489
3134,489
3135,489
3136,489
3137,489
3138,489
3139,489
3140,489
3141,489
3142,489
3143,489
3144,489
3145,489
3146,489
3147,489
3148,489
3149,489
3150,489
3151,489
3152,489
3153,489
3154,489
3155,489
3156,489
3157,489
3158,489
3159,489
3160,489
3161,489
3162,489
3163,489
3164,489
3165,489
3166,489
3167,489
3168,489
3169,489
3170,489
3171,489
3172,489
3173,489
3174,489
3175,489
3176,489
3177,489
3178,489
3179,489
3180,489
3181,489
3182,489
3183,489
3184,489
3185,489
3186,489
3187,489
3188,489
3189,489
3190,489
3191,489
3192,489
3193,489
3194,489
3195,489
3196,489
3197,489
3198,489
3199,489
3200,489
3201,489
3202,489
3203,489
3204,489
3205,489
3206,489
3207,489
3208,489
3209,489
3210,489
3211,489
3212,489
3213,489
3214,489
3215,489
3216,489
3217,489
3218,489
3219,489
3220,489
3221,489
3222,489
3223,489
3224,489
3225,489
3226,489
3227,489
3228,489
3229,489
3230,489
3231,489
3232,489
3233,489
3234,489
3235,489
3236,489
3237,489
3238,489
3239,489
3240,489
3241,489
3242,489
3243,489
3244,489
3245,489
3246,489
3247,489
3248,489
3249,489
3250,489
3251,489
3252,489
3253,489
3254,489
3255,489
3256,489
3257,489
3258,489
3259,489
3260,489
3261,489
3262,489
3263,489
3264,489
3265,489
3266,489
3267,489
3268,489
3269,489
3270,489
3271,489
3272,489
3273,489
3274,489
3275,489
3276,489
3277,489
3278,489
3279,489
3280,489
3281,489
3282,489
3283,489
3284,489
3285,489
3286,489
3287,489
3288,489
3289,489
3290,489
3291,489
3292,489
3293,489
3294,489
3295,489
3296,489
3297,489
3298,489
3299,489
3300,489
3301,489
3302,489
3303,489
3304,489
3305,489
3306,489
3307,489
3308,489
3309,489
3310,489
3311,489
3312,489
3313,489
3314,489
3315,489
3316,489
3317,489
3318,489
3319,489
3320,489
3321,489
3322,489
3323,489
3324,489
3325,489
3326,489
3327,489
3328,490
3329,490
3330,490
3331,490
3332,490
3333,490
3334,490
3335,490
3336,490
3337,490
3338,490
3339,490
3340,490
3341,490
3342,490
3343,490
3344,490
3345,490
3346,490
3347,490
3348,490
3349,490
3350,490
3351,490
3352,490
3353,490
3354,490
3355,490
3356,490
3357,490
3358,490
3359,490
3360,490
3361,490
3362,490
3363,490
3364,490
3365,490
3366,490
3367,490
3368,490
3369,490
3370,490
3371,490
3372,490
3373,490
3374,490
3375,490
3376,490
3377,490
3378,490
3379,490
3380,490
3381,490
3382,490
3383,490
3384,490
3385,490
3386,490
3387,490
3388,490
3389,490
3390,490
3391,490
3392,490
3393,490
3394,490
3395,490
3396,490
3397,490
3398,490
3399,490
3400,490
3401,490
3402,490
3403,490
3404,490
3405,490
3406,490
3407,490
3408,490
3409,490
3410,490
3411,490
3412,490
3413,490
3414,490
3415,490
3416,490
3417,490
3418,490
3419,490
3420,490
3421,490
3422,490
3423,490
3424,490
3425,490
3426,490
3427,490
3428,490
3429,490
3430,490
3431,490
3432,490
3433,490
3434,490
3435,490
3436,490
3437,490
3438,490
3439,490
3440,490
3441,490
3442,490
3443,490
3444,490
3445,490
3446,490
3447,490
3448,490
3449,490
3450,490
3451,490
3452,490
3453,490
3454,490
3455,490
3456,490
3457,490
3458,490
3459,490
3460,490
3461,490
3462,490
3463,490
3464,490
3465,490
3466,490
3467,490
3468,490
3469,490
3470,490
3471,490
3472,490
3473,490
3474,490
3475,490
3476,491
3477,491
3478,491
3479,491
3480,491
3481,491
3482,491
3483,491
3484,491
3485,491
3486,491
3487,491
3488,491
3489,491
3490,491
3491,491
3492,491
3493,491
3494,491
3495,491
3496,491
3497,491
3498,491
3499,491
3500,491
3501,491
3502,491
3503,491
3504,491
3505,491
3506,491
3507,491
3508,491
3509,491
3510,491
3511,491
3512,491
3513,491
3514,491
3515,491
3516,491
3517,491
3518,491
3519,491
3520,491
3521,491
3522,491
3523,491
3524,491
3525,491
3526,491
3527,491
3528,491
3529,491
3530,491
3531,491
3532,491
3533,491
3534,491
3535,491
3536,491
3537,491
3538,491
3539,491
3540,491
3541,491
3542,491
3543,491
3544,491
3545,491
3546,491
3547,491
3548,491
3549,491
3550,491
3551,491
3552,491
3553,491
3554,491
3555,491
3556,491
3557,491
3558,491
3559,491
3560,491
3561,491
3562,491
3563,491
3564,491
3565,491
3566,491
3567,491
3568,491
3569,491
3570,491
3571,491
3572,491
3573,491
3574,491
3575,491
3576,491
3577,491
3578,491
3579,491
3580,491
3581,491
3582,491
3583,491
3584,491
3585,491
3586,491
3587,491
3588,491
3589,491
3590,491
3591,491
3592,491
3593,491
3594,491
3595,491
3596,491
3597,491
3598,491
3599,491
3600,491
3601,491
3602,491
3603,491
3604,491
3605,491
3606,491
3607,491
3608,491
3609,491
3610,491
3611,491
3612,491
3613,491
3614,491
3615,491
3616,491
3617,491
3618,491
3619,491
3620,491
3621,491
3622,491
3623,491
3624,491
3625,491
3626,491
3627,491
3628,491
3629,491
3630,491
3631,491
3632,491
3633,491
3634,491
3635,491
3636,491
3637,491
3638,491
3639,491
3640,491
3641,491
3642,491
3643,491
3644,491
3645,491
3646,491
3647,491
3648,491
3649,491
3650,491
3651,491
3652,491
3653,491
3654,491
3655,491
3656,491
3657,491
3658,491
3659,491
3660,491
3661,491
3662,491
3663,491
3664,491
3665,491
3666,491
3667,491
3668,491
3669,491
3670,491
3671,491
3672,491
3673,491
3674,491
3675,491
3676,491
3677,491
3678,491
3679,491
3680,491
3681,491
3682,491
3683,491
3684,491
3685,491
3686,491
3687,491
3688,491
3689,491
3690,491
3691,491
3692,491
3693,491
3694,491
3695,491
3696,491
3697,491
3698,491
3699,491
3700,491
3701,491
3702,491
3703,491
3704,491
3705,491
3706,491
3707,491
3708,491
3709,491
3710,491
3711,491
3712,491
3713,491
3714,491
3715,491
3716,491
3717,491
3718,491
3719,491
3720,491
3721,491
3722,491
3723,491
3724,491
3725,491
3726,491
3727,491
3728,491
3729,491
3730,491
3731,491
3732,491
3733,491
3734,491
3735,491
3736,491
3737,491
3738,491
3739,491
3740,491
3741,491
3742,491
3743,491
3744,491
3745,491
3746,491
3747,491
3748,491
3749,491
3750,491
3751,491
3752,491
3753,491
3754,491
3755,491
3756,491
3757,491
3758,491
3759,491
3760,491
3761,491
3762,491
3763,491
3764,491
3765,491
3766,491
3767,491
3768,491
3769,491
3770,491
3771,491
3772,491
3773,491
3774,491
3775,491
3776,491
3777,491
3778,491
3779,491
3780,491
3781,491
3782,491
3783,492
3784,492
3785,492
3786,492
3787,493
3788,493
3789,493
3790,493
3791,494
3792,494
3793,494
3794,494
3795,494
3796,494
3797,494
3798,494
3799,494
3800,495
3801,495
3802,495
3803,495
3804,495
3805,495
3806,495
3807,495
3808,495
3809,495
3810,495
3811,496
3812,496
3813,496
3814,496
3815,496
3816,496
3817,496
3818,496
3819,496
3820,496
3821,496
3822,496
3823,496
3824,496
3825,496
3826,496
3827,497
3828,498
3829,498
3830,498
3831,498
3832,498
3833,498
3834,498
3835,498
3836,498
3837,498
3838,498
3839,498
3840,498
3841,498
3842,498
3843,498
3844,498
3845,498
3846,498
3847,498
3848,498
3849,498
3850,498
3851,498
3852,498
3853,498
3854,498
3855,498
3856,498
3857,498
3858,498
3859,498
3860,498
3861,498
3862,498
3863,498
3864,498
3865,498
3866,498
3867,498
3868,498
3869,498
3870,498
3871,498
3872,498
3873,498
3874,498
3875,498
3876,498
3877,498
3878,498
3879,498
3880,498
3881,498
3882,498
3883,498
3884,498
3885,498
3886,498
3887,498
3888,498
3889,498
3890,498
3891,498
3892,498
3893,498
3894,498
3895,498
3896,498
3897,498
3898,498
3899,498
3900,498
3901,498
3902,498
3903,498
3904,498
3905,498
3906,498
3907,498
3908,498
3909,498
3910,498
3911,498
3912,498
3913,498
3914,498
3915,498
3916,498
3917,498
3918,498
3919,498
3920,498
3921,498
3922,498
3923,498
3924,498
3925,498
3926,498
3927,498
3928,498
3929,498
3930,498
3931,498
3932,498
3933,498
3934,498
3935,498
3936,498
3937,498
3938,498
3939,498
3940,498
3941,498
3942,498
3943,498
3944,498
3945,498
3946,498
3947,498
3948,498
3949,498
3950,498
3951,498
3952,498
3953,498
3954,498
3955,498
3956,498
3957,498
3958,498
3959,498
3960,498
3961,498
3962,498
3963,498
3964,498
3965,498
3966,498
3967,498
3968,498
3969,498
3970,498
3971,498
3972,498
3973,498
3974,498
3975,498
3976,498
3977,498
3978,498
3979,498
3980,498
3981,498
3982,498
3983,498
3984,498
3985,498
3986,498
3987,498
3988,498
3989,498
3990,498
3991,498
3992,498
3993,498
3994,498
3995,498
3996,498
3997,498
3998,498
3999,498
4000,498
4001,498
4002,498
4003,498
4004,498
4005,498
4006,498
4007,498
4008,498
4009,498
4010,498
4011,498
4012,498
4013,498
4014,498
4015,498
4016,498
4017,498
4018,498
4019,498
4020,498
4021,498
4022,498
4023,498
4024,498
4025,498
4026,498
4027,498
4028,498
4029,498
4030,498
4031,498
4032,498
4033,498
4034,498
4035,498
4036,498
4037,498
4038,498
4039,498
4040,498
4041,498
4042,498
4043,498
4044,498
4045,498
4046,498
4047,498
4048,498
4049,498
4050,498
4051,498
4052,498
4053,498
4054,498
4055,498
4056,498
4057,498
4058,498
4059,498
4060,498
4061,498
4062,498
4063,498
4064,498
4065,498
4066,498
4067,498
4068,498
4069,498
4070,499
4071,499
4072,499
4073,499
4074,499
4075,499
4076,499
4077,499
4078,499
4079,499
4080,499
4081,499
4082,499
4083,499
4084,499
4085,499
4086,499
4087,499
4088,499
4089,499
4090,499
4091,499
4092,499
4093,499
4094,499
4095,499
4096,499
4097,499
4098,499
4099,499
4100,499
4101,499
4102,499
4103,499
4104,499
4105,499
4106,499
4107,499
4108,499
4109,499
4110,499
4111,499
4112,499
4113,499
4114,499
4115,499
4116,499
4117,499
4118,499
4119,499
4120,499
4121,499
4122,499
4123,499
4124,499
4125,499
4126,499
4127,499
4128,499
4129,499
4130,499
4131,499
4132,499
4133,499
4134,499
4135,499
4136,499
4137,499
4138,499
4139,499
4140,499
4141,499
4142,499
4143,499
4144,499
4145,499
4146,499
4147,499
4148,499
4149,499
4150,499
4151,499
4152,499
4153,499
4154,499
4155,499
4156,499
4157,499
4158,499
4159,499
4160,499
4161,499
4162,499
4163,499
4164,499
4165,499
4166,499
4167,499
4168,499
4169,499
4170,499
4171,499
4172,499
4173,499
4174,499
4175,499
4176,499
4177,499
4178,499
4179,499
4180,499
4181,499
4182,499
4183,499
4184,499
4185,499
4186,499
4187,499
4188,499
4189,499
4190,499
4191,499
4192,499
4193,499
4194,499
4195,499
4196,499
4197,499
4198,499
4199,499
4200,499
4201,499
4202,499
4203,499
4204,499
4205,499
4206,499
4207,499
4208,499
4209,499
4210,499
4211,499
4212,499
4213,499
4214,499
4215,499
4216,499
4217,499
4218,499
4219,499
4220,499
4221,499
4222,499
4223,499
4224,499
4225,499
4226,499
4227,499
4228,499
4229,499
4230,499
4231,499
4232,499
4233,499
4234,499
4235,499
4236,499
4237,499
4238,499
4239,499
4240,499
4241,499
4242,499
4243,499
4244,499
4245,499
4246,499
4247,499
4248,499
4249,499
4250,499
4251,499
4252,499
4253,499
4254,499
4255,499
4256,499
4257,499
4258,499
4259,499
4260,499
4261,499
4262,499
4263,499
4264,499
4265,499
4266,499
4267,499
4268,499
4269,499
4270,499
4271,499
4272,499
4273,499
4274,499
4275,499
4276,499
4277,499
4278,499
4279,499
4280,499
4281,499
4282,499
4283,499
4284,499
4285,499
4286,499
4287,499
4288,499
4289,499
4290,499
4291,499
4292,499
4293,499
4294,499
4295,499
4296,499
4297,499
4298,499
4299,499
4300,499
4301,499
4302,499
4303,499
4304,499
4305,499
4306,499
4307,499
4308,499
4309,499
4310,499
4311,499
4312,499
4313,499
4314,499
4315,499
4316,499
4317,499
4318,499
4319,499
4320,499
4321,499
4322,499
4323,499
4324,499
4325,499
4326,499
4327,499
4328,499
4329,499
4330,499
4331,499
4332,499
4333,499
4334,499
4335,499
4336,499
4337,499
4338,499
4339,499
4340,499
4341,499
4342,499
4343,499
4344,499
4345,499
4346,499
4347,499
4348,499
4349,499
4350,499
4351,499
4352,499
4353,499
4354,499
4355,499
4356,499
4357,499
4358,499
4359,499
4360,499
4361,499
4362,499
4363,499
4364,499
4365,499
4366,499
4367,499
4368,499
4369,499
4370,499
4371,499
4372,499
4373,499
4374,499
4375,499
4376,499
4377,499
4378,499
4379,499
4380,499
4381,499
4382,499
4383,499
4384,499
4385,499
4386,499
4387,499
4388,499
4389,499
4390,499
4391,499
4392,499
4393,499
4394,499
4395,499
4396,499
4397,499
4398,499
4399,499
4400,499
4401,499
4402,499
4403,499
4404,499
4405,499
4406,499
4407,499
4408,499
4409,499
4410,499
4411,499
4412,499
4413,499
4414,499
4415,499
4416,499
4417,499
4418,499
4419,499
4420,499
4421,499
4422,499
4423,499
4424,499
4425,499
4426,499
4427,499
4428,499
4429,499
4430,499
4431,499
4432,499
4433,499
4434,499
4435,499
4436,499
4437,499
4438,499
4439,499
4440,499
4441,499
4442,499
4443,499
4444,499
4445,499
4446,499
4447,499
4448,499
4449,499
4450,499
4451,499
4452,499
4453,499
4454,499
4455,499
4456,499
4457,499
4458,499
4459,499
4460,499
4461,499
4462,499
4463,499
4464,499
4465,499
4466,499
4467,499
4468,499
4469,499
4470,499
4471,499
4472,499
4473,499
4474,499
4475,499
4476,499
4477,499
4478,499
4479,499
4480,499
4481,499
4482,499
4483,499
4484,499
4485,499
4486,499
4487,499
4488,499
4489,499
4490,499
4491,499
4492,499
4493,499
4494,499
4495,499
4496,499
4497,499
4498,499
4499,499
4500,499
4501,499
4502,499
4503,499
4504,499
4505,499
4506,499
4507,499
4508,499
4509,499
4510,499
4511,499
4512,499
4513,499
4514,499
4515,499
4516,499
4517,499
4518,499
4519,499
4520,499
4521,499
4522,499
4523,499
4524,499
4525,499
4526,499
4527,499
4528,499
4529,499
4530,499
4531,499
4532,499
4533,499
4534,499
4535,499
4536,499
4537,499
4538,499
4539,499
4540,499
4541,499
4542,499
4543,499
4544,499
4545,499
4546,499
4547,499
4548,499
4549,499
4550,499
4551,499
4552,499
4553,499
4554,499
4555,499
4556,499
4557,499
4558,499
4559,499
4560,499
4561,499
4562,499
4563,499
4564,499
4565,499
4566,499
4567,499
4568,499
4569,499
4570,499
4571,499
4572,499
4573,499
4574,499
4575,499
4576,499
4577,499
4578,499
4579,499
4580,499
4581,499
4582,499
4583,499
4584,499
4585,499
4586,499
4587,499
4588,499
4589,499
4590,499
4591,499
4592,499
4593,499
4594,499
4595,499
4596,499
4597,499
4598,499
4599,499
4600,499
4601,499
4602,499
4603,499
4604,499
4605,499
4606,499
4607,499
4608,499
4609,499
4610,499
4611,499
4612,499
4613,499
4614,499
4615,499
4616,499
4617,499
4618,499
4619,499
4620,499
4621,499
4622,499
4623,499
4624,499
4625,499
4626,499
4627,499
4628,499
4629,499
4630,499
4631,499
4632,499
4633,499
4634,499
4635,499
4636,499
4637,499
4638,499
4639,499
4640,499
4641,499
4642,499
4643,499
4644,499
4645,499
4646,499
4647,499
4648,499
4649,499
4650,499
4651,499
4652,499
4653,499
4654,499
4655,499
4656,499
4657,499
4658,499
4659,499
4660,499
4661,499
4662,499
4663,499
4664,499
4665,499
4666,499
4667,499
4668,499
4669,499
4670,499
4671,499
4672,499
4673,499
4674,499
4675,499
4676,499
4677,499
4678,499
4679,499
4680,499
4681,499
4682,499
4683,499
4684,499
4685,499
4686,499
4687,499
4688,499
4689,499
4690,499
4691,499
4692,499
4693,499
4694,499
4695,499
4696,499
4697,499
4698,499
4699,499
4700,499
4701,499
4702,499
4703,499
4704,499
4705,499
4706,499
4707,499
4708,499
4709,499
4710,499
4711,499
4712,499
4713,499
4714,499
4715,499
4716,499
4717,499
4718,499
4719,499
4720,499
4721,499
4722,499
4723,499
4724,499
4725,499
4726,499
4727,499
4728,499
4729,499
4730,499
4731,499
4732,499
4733,499
4734,499
4735,499
4736,499
4737,499
4738,499
4739,499
4740,499
4741,499
4742,499
4743,499
4744,499
4745,499
4746,499
4747,499
4748,499
4749,499
4750,499
4751,499
4752,499
4753,499
4754,499
4755,499
4756,499
4757,499
4758,499
4759,499
4760,499
4761,499
4762,499
4763,499
4764,499
4765,499
4766,499
4767,499
4768,499
4769,499
4770,499
4771,499
4772,499
4773,499
4774,499
4775,499
4776,499
4777,499
4778,499
4779,499
4780,499
4781,499
4782,499
4783,499
4784,499
4785,499
4786,499
4787,499
4788,499
4789,499
4790,499
4791,499
4792,499
4793,499
4794,499
4795,499
4796,499
4797,499
4798,499
4799,499
4800,499
4801,499
4802,499
4803,499
4804,499
4805,499
4806,499
4807,499
4808,499
4809,499
4810,499
4811,499
4812,499
4813,499
4814,499
4815,499
4816,499
4817,499
4818,499
4819,499
4820,499
4821,499
4822,499
4823,499
4824,499
4825,499
4826,499
4827,499
4828,499
4829,499
4830,499
4831,499
4832,499
4833,499
4834,499
4835,499
4836,499
4837,499
4838,499
4839,499
4840,499
4841,499
4842,499
4843,499
4844,499
4845,499
4846,499
4847,499
4848,499
4849,499
4850,499
4851,499
4852,499
4853,499
4854,499
4855,499
4856,499
4857,499
4858,499
4859,499
4860,499
4861,499
4862,499
4863,499
4864,499
4865,499
4866,499
4867,499
4868,499
4869,499
4870,499
4871,499
4872,499
4873,499
4874,499
4875,499
4876,499
4877,499
4878,499
4879,499
4880,499
4881,499
4882,499
4883,499
4884,499
4885,499
4886,499
4887,499
4888,499
4889,499
4890,499
4891,499
4892,499
4893,499
4894,499
4895,499
4896,499
4897,499
4898,499
4899,499
4900,499
4901,499
4902,499
4903,499
4904,499
4905,499
4906,499
4907,499
4908,499
4909,499
4910,499
4911,499
4912,499
4913,499
4914,499
4915,499
4916,499
4917,499
4918,499
4919,499
4920,499
4921,499
4922,499
4923,499
4924,499
4925,499
4926,499
4927,499
4928,499
4929,499
4930,499
4931,499
4932,499
4933,499
4934,499
4935,499
4936,499
4937,499
4938,499
4939,499
4940,499
4941,499
4942,499
4943,499
4944,499
4945,499
4946,499
4947,499
4948,499
4949,499
4950,499
4951,499
4952,499
4953,499
4954,499
4955,499
4956,499
4957,499
4958,499
4959,499
4960,499
4961,499
4962,499
4963,499
4964,499
4965,499
4966,499
4967,499
4968,499
4969,499
4970,499
4971,499
4972,499
4973,499
4974,499
4975,499
4976,499
4977,499
4978,499
4979,499
4980,499
4981,499
4982,499
4983,499
4984,499
4985,499
4986,499
4987,499
4988,499
4989,499
4990,499
4991,499
4992,499
4993,499
4994,499
4995,499
4996,499
4997,499
4998,499
4999,499
5000,499
5001,499
5002,499
5003,499
5004,499
5005,499
5006,499
5007,499
5008,499
5009,499
5010,499
5011,499
5012,499
5013,499
5014,499
5015,499
5016,499
5017,499
5018,499
5019,499
5020,499
5021,499
5022,499
5023,499
5024,499
5025,499
5026,499
5027,499
5028,499
5029,499
5030,499
5031,499
5032,499
5033,499
5034,499
5035,499
5036,499
5037,499
5038,499
5039,499
5040,499
5041,499
5042,499
5043,499
5044,499
5045,499
5046,499
5047,499
5048,499
5049,499
5050,499
5051,499
5052,499
5053,499
5054,499
5055,499
5056,499
5057,499
5058,499
5059,499
5060,499
5061,499
5062,499
5063,499
5064,499
5065,499
5066,499
5067,499
5068,499
5069,499
5070,499
5071,499
5072,499
5073,499
5074,499
5075,499
5076,499
5077,499
5078,499
5079,499
5080,499
5081,499
5082,499
5083,499
5084,499
5085,499
5086,499
5087,499
5088,499
5089,499
5090,499
5091,499
5092,499
5093,499
5094,499
5095,499
5096,499
5097,499
5098,499
5099,499
5100,499
5101,499
5102,499
5103,499
5104,499
5105,499
5106,499
5107,499
5108,499
5109,499
5110,499
5111,499
5112,499
5113,499
5114,499
5115,499
5116,499
5117,499
5118,499
5119,499
5120,499
5121,499
5122,499
5123,499
5124,499
5125,499
5126,499
5127,499
5128,499
5129,499
5130,499
5131,499
5132,499
5133,499
5134,499
5135,499
5136,499
5137,499
5138,499
5139,499
5140,499
5141,499
5142,499
5143,499
5144,499
5145,499
5146,499
5147,499
5148,499
5149,499
5150,499
5151,499
5152,499
5153,499
5154,499
5155,499
5156,499
5157,499
5158,499
5159,499
5160,499
5161,499
5162,499
5163,499
5164,499
5165,499
5166,499
5167,499
5168,499
5169,499
5170,499
5171,499
5172,499
5173,499
5174,499
5175,499
5176,499
5177,499
5178,499
5179,499
5180,499
5181,499
5182,499
5183,499
5184,499
5185,499
5186,499
5187,499
5188,499
5189,499
5190,499
5191,499
5192,499
5193,499
5194,499
5195,499
5196,499
5197,499
5198,499
5199,499
5200,499
5201,499
5202,499
5203,499
5204,499
5205,499
5206,499
5207,499
5208,499
5209,499
5210,499
5211,499
5212,499
5213,499
5214,499
5215,499
5216,499
5217,499
5218,499
5219,499
5220,499
5221,499
5222,499
5223,499
5224,499
5225,499
5226,499
5227,499
5228,499
5229,499
5230,499
5231,499
5232,499
5233,499
5234,499
5235,499
5236,499
5237,499
5238,499
5239,499
5240,499
5241,499
5242,499
5243,499
5244,499
5245,499
5246,499
5247,499
5248,499
5249,499
5250,499
5251,499
5252,499
5253,499
5254,499
5255,499
5256,499
5257,499
5258,499
5259,499
5260,499
5261,499
5262,499
5263,499
5264,499
5265,499
5266,499
5267,499
5268,499
5269,499
5270,499
5271,499
5272,499
5273,499
5274,499
5275,499
5276,499
5277,499
5278,499
5279,499
5280,499
5281,499
5282,499
5283,499
5284,499
5285,499
5286,499
5287,499
5288,499
5289,499
5290,499
5291,499
5292,499
5293,499
5294,499
5295,499
5296,499
5297,499
5298,499
5299,499
5300,499
5301,499
5302,499
5303,499
5304,499
5305,499
5306,499
5307,499
5308,499
5309,499
5310,499
5311,499
5312,499
5313,499
5314,499
5315,499
5316,499
5317,499
5318,499
5319,499
5320,499
5321,499
5322,499
5323,499
5324,499
5325,499
5326,499
5327,499
5328,499
5329,499
5330,499
5331,499
5332,499
5333,499
5334,499
5335,499
5336,499
5337,499
5338,499
5339,499
5340,499
5341,499
5342,499
5343,499
5344,499
5345,499
5346,499
5347,499
5348,499
5349,499
5350,499
5351,499
5352,499
5353,499
5354,499
5355,499
5356,499
5357,499
5358,499
5359,499
5360,499
5361,499
5362,499
5363,499
5364,499
5365,499
5366,499
5367,499
5368,499
5369,499
5370,499
5371,499
5372,499
5373,499
5374,499
5375,499
5376,499
5377,499
5378,499
5379,499
5380,499
5381,499
5382,499
5383,499
5384,500
