0,0
1,1
2,2
3,3
4,4
5,5
6,6
7,7
8,8
9,9
10,10
11,11
12,12
13,13
14,14
15,15
16,16
17,17
18,18
19,19
20,20
21,20
22,21
23,22
24,23
25,24
26,24
27,24
28,25
29,25
30,26
31,27
32,28
33,29
34,30
35,31
36,32
37,33
38,34
39,35
40,35
41,36
42,36
43,37
44,37
45,38
46,38
47,38
48,38
49,39
50,39
51,39
52,39
53,39
54,40
55,40
56,40
57,41
58,41
59,42
60,43
61,43
62,44
63,44
64,44
65,44
66,45
67,46
68,46
69,46
70,46
71,47
72,48
73,49
74,49
75,49
76,49
77,49
78,49
79,50
80,50
81,50
82,50
83,50
84,50
85,50
86,50
87,50
88,50
89,50
90,50
91,51
92,52
93,52
94,53
95,54
96,55
97,56
98,57
99,57
100,58
101,59
102,60
103,61
104,62
105,62
106,63
107,63
108,64
109,64
110,64
111,64
112,64
113,65
114,65
115,65
116,65
117,66
118,67
119,67
120,68
121,69
122,70
123,71
124,72
125,73
126,74
127,74
128,75
129,75
130,76
131,77
132,78
133,79
134,80
135,81
136,82
137,83
138,84
139,85
140,86
141,87
142,88
143,89
144,90
145,91
146,92
147,93
148,94
149,95
150,95
151,96
152,96
153,97
154,97
155,97
156,98
157,99
158,100
159,101
160,102
161,103
162,103
163,103
164,103
165,104
166,105
167,105
168,106
169,106
170,106
171,106
172,106
173,107
174,108
175,108
176,109
177,110
178,111
179,111
180,111
181,112
182,112
183,112
184,112
185,113
186,114
187,115
188,116
189,117
190,118
191,119
192,120
193,121
194,122
195,123
196,124
197,125
198,126
199,127
200,128
201,129
202,129
203,129
204,130
205,131
206,132
207,133
208,134
209,135
210,136
211,137
212,138
213,139
214,139
215,140
216,141
217,142
218,143
219,144
220,145
221,146
222,147
223,148
224,149
225,150
226,151
227,152
228,153
229,153
230,154
231,155
232,156
233,156
234,156
235,157
236,158
237,159
238,160
239,161
240,161
241,162
242,163
243,164
244,165
245,166
246,167
247,168
248,169
249,170
250,171
251,172
252,173
253,174
254,175
255,175
256,175
257,176
258,176
259,177
260,178
261,178
262,179
263,180
264,180
265,181
266,182
267,183
268,184
269,185
270,186
271,186
272,187
273,187
274,187
275,188
276,189
277,189
278,190
279,191
280,191
281,191
282,191
283,192
284,193
285,194
286,195
287,196
288,197
289,198
290,198
291,198
292,199
293,200
294,201
295,202
296,203
297,204
298,204
299,205
300,205
301,206
302,207
303,208
304,209
305,210
306,211
307,212
308,212
309,213
310,213
311,214
312,215
313,215
314,215
315,216
316,217
317,218
318,218
319,218
320,218
321,218
322,218
323,218
324,218
325,218
326,219
327,220
328,221
329,221
330,222
331,223
332,223
333,223
334,224
335,224
336,225
337,225
338,225
339,225
340,225
341,225
342,226
343,227
344,228
345,228
346,229
347,229
348,229
349,230
350,230
351,231
352,231
353,231
354,231
355,231
356,231
357,231
358,231
359,231
360,231
361,231
362,231
363,231
364,231
365,232
366,233
367,233
368,234
369,235
370,236
371,237
372,238
373,239
374,240
375,241
376,242
377,243
378,244
379,245
380,246
381,247
382,248
383,249
384,250
385,250
386,250
387,251
388,251
389,251
390,251
391,252
392,252
393,252
394,252
395,252
396,252
397,253
398,253
399,254
400,254
401,255
402,256
403,256
404,257
405,258
406,258
407,258
408,259
409,259
410,259
411,259
412,260
413,260
414,260
415,260
416,260
417,260
418,261
419,261
420,261
421,261
422,261
423,262
424,263
425,263
426,263
427,263
428,264
429,265
430,265
431,266
432,267
433,267
434,268
435,269
436,270
437,270
438,270
439,271
440,271
441,271
442,271
443,272
444,273
445,273
446,274
447,274
448,275
449,276
450,276
451,276
452,276
453,277
454,277
455,277
456,278
457,279
458,279
459,279
460,279
461,280
462,280
463,280
464,280
465,280
466,281
467,282
468,282
469,282
470,282
471,282
472,282
473,282
474,282
475,282
476,282
477,283
478,283
479,283
480,284
481,285
482,286
483,286
484,286
485,286
486,287
487,288
488,289
489,289
490,290
491,291
492,292
493,293
494,293
495,293
496,293
497,293
498,293
499,293
500,293
501,293
502,293
503,294
504,295
505,295
506,295
507,295
508,295
509,295
510,295
511,295
512,295
513,295
514,295
515,295
516,295
517,295
518,296
519,296
520,297
521,297
522,297
523,297
524,297
525,297
526,297
527,297
528,297
529,298
530,298
531,298
532,298
533,298
534,298
535,298
536,298
537,299
538,299
539,299
540,299
541,299
542,299
543,299
544,299
545,299
546,299
547,299
548,299
549,299
550,299
551,299
552,299
553,299
554,299
555,299
556,299
557,299
558,299
559,299
560,299
561,300
562,300
563,300
564,300
565,301
566,301
567,301
568,302
569,302
570,302
571,302
572,303
573,303
574,303
575,303
576,303
577,303
578,303
579,303
580,303
581,304
582,304
583,304
584,304
585,304
586,305
587,305
588,305
589,305
590,305
591,305
592,305
593,305
594,305
595,305
596,305
597,305
598,305
599,305
600,305
601,305
602,305
603,305
604,305
605,306
606,306
607,306
608,307
609,307
610,307
611,307
612,307
613,307
614,307
615,308
616,308
617,308
618,308
619,308
620,308
621,308
622,309
623,309
624,309
625,309
626,309
627,309
628,309
629,309
630,309
631,309
632,309
633,309
634,309
635,309
636,309
637,310
638,310
639,311
640,312
641,313
642,314
643,314
644,314
645,315
646,316
647,317
648,317
649,318
650,319
651,320
652,321
653,321
654,322
655,323
656,323
657,324
658,325
659,326
660,326
661,327
662,328
663,328
664,328
665,329
666,330
667,330
668,330
669,330
670,331
671,332
672,333
673,334
674,335
675,335
676,336
677,337
678,338
679,339
680,340
681,341
682,341
683,342
684,343
685,344
686,344
687,345
688,345
689,345
690,345
691,346
692,346
693,347
694,347
695,347
696,348
697,348
698,348
699,348
700,349
701,350
702,350
703,350
704,350
705,350
706,350
707,351
708,352
709,352
710,353
711,353
712,353
713,354
714,355
715,356
716,356
717,356
718,356
719,357
720,357
721,357
722,357
723,358
724,358
725,358
726,358
727,358
728,358
729,358
730,358
731,358
732,358
733,358
734,358
735,358
736,358
737,358
738,358
739,358
740,358
741,358
742,358
743,358
744,358
745,358
746,358
747,358
748,359
749,359
750,359
751,359
752,360
753,360
754,360
755,360
756,360
757,360
758,360
759,360
760,361
761,361
762,361
763,361
764,361
765,361
766,361
767,361
768,361
769,361
770,361
771,361
772,361
773,361
774,361
775,361
776,361
777,361
778,361
779,361
780,361
781,362
782,362
783,362
784,362
785,362
786,362
787,362
788,362
789,362
790,362
791,362
792,362
793,362
794,362
795,362
796,362
797,363
798,363
799,363
800,363
801,363
802,363
803,363
804,363
805,363
806,363
807,363
808,363
809,364
810,364
811,364
812,365
813,365
814,365
815,365
816,365
817,365
818,365
819,365
820,365
821,365
822,365
823,365
824,365
825,365
826,366
827,366
828,366
829,366
830,366
831,366
832,366
833,366
834,366
835,366
836,366
837,366
838,366
839,366
840,366
841,367
842,368
843,368
844,368
845,369
846,369
847,369
848,369
849,369
850,369
851,369
852,369
853,369
854,369
855,369
856,369
857,369
858,370
859,371
860,371
861,372
862,372
863,372
864,373
865,374
866,375
867,375
868,375
869,376
870,376
871,376
872,376
873,376
874,376
875,376
876,376
877,377
878,378
879,378
880,379
881,379
882,380
883,381
884,381
885,382
886,382
887,382
888,382
889,382
890,382
891,382
892,382
893,383
894,383
895,383
896,383
897,383
898,383
899,383
900,383
901,383
902,383
903,383
904,383
905,384
906,384
907,384
908,384
909,384
910,384
911,384
912,384
913,384
914,385
915,386
916,387
917,387
918,387
919,387
920,387
921,387
922,387
923,387
924,387
925,387
926,387
927,388
928,388
929,388
930,388
931,388
932,389
933,389
934,389
935,389
936,389
937,389
938,389
939,389
940,389
941,389
942,389
943,389
944,389
945,389
946,389
947,389
948,389
949,389
950,389
951,389
952,389
953,389
954,389
955,389
956,389
957,390
958,390
959,391
960,391
961,391
962,392
963,393
964,393
965,393
966,393
967,393
968,393
969,394
970,394
971,395
972,396
973,396
974,397
975,398
976,398
977,398
978,398
979,398
980,399
981,399
982,399
983,399
984,399
985,399
986,399
987,400
988,400
989,400
990,400
991,400
992,401
993,401
994,402
995,402
996,403
997,403
998,403
999,403
1000,404
1001,404
1002,404
1003,404
1004,404
1005,404
1006,404
1007,404
1008,404
1009,404
1010,404
1011,404
1012,404
1013,404
1014,404
1015,404
1016,404
1017,404
1018,404
1019,404
1020,404
1021,404
1022,404
1023,404
1024,404
1025,404
1026,404
1027,404
1028,404
1029,404
1030,404
1031,404
1032,404
1033,405
1034,405
1035,405
1036,405
1037,405
1038,405
1039,405
1040,405
1041,405
1042,405
1043,405
1044,405
1045,405
1046,405
1047,405
1048,405
1049,406
1050,407
1051,407
1052,407
1053,407
1054,407
1055,407
1056,408
1057,408
1058,408
1059,408
1060,408
1061,408
1062,408
1063,409
1064,409
1065,409
1066,409
1067,409
1068,409
1069,409
1070,409
1071,409
1072,409
1073,409
1074,409
1075,409
1076,409
1077,409
1078,409
1079,409
1080,409
1081,409
1082,409
1083,409
1084,409
1085,409
1086,409
1087,409
1088,409
1089,409
1090,409
1091,409
1092,409
1093,410
1094,410
1095,410
1096,410
1097,410
1098,410
1099,410
1100,411
1101,411
1102,411
1103,411
1104,411
1105,411
1106,411
1107,412
1108,412
1109,412
1110,412
1111,412
1112,412
1113,413
1114,413
1115,413
1116,413
1117,413
1118,413
1119,413
1120,414
1121,415
1122,415
1123,416
1124,417
1125,418
1126,419
1127,420
1128,420
1129,421
1130,421
1131,421
1132,421
1133,421
1134,421
1135,421
1136,421
1137,421
1138,421
1139,421
1140,421
1141,421
1142,421
1143,421
1144,422
1145,423
1146,424
1147,424
1148,425
1149,425
1150,425
1151,425
1152,425
1153,425
1154,425
1155,425
1156,425
1157,425
1158,425
1159,425
1160,425
1161,425
1162,425
1163,425
1164,425
1165,425
1166,425
1167,425
1168,425
1169,425
1170,426
1171,426
1172,426
1173,427
1174,427
1175,427
1176,428
1177,428
1178,429
1179,429
1180,429
1181,429
1182,429
1183,430
1184,430
1185,430
1186,430
1187,430
1188,430
1189,430
1190,431
1191,431
1192,431
1193,431
1194,431
1195,432
1196,432
1197,432
1198,432
1199,432
1200,433
1201,433
1202,433
1203,433
1204,433
1205,434
1206,434
1207,434
1208,434
1209,434
1210,434
1211,434
1212,434
1213,435
1214,435
1215,435
1216,435
1217,435
1218,435
1219,435
1220,435
1221,436
1222,436
1223,437
1224,438
1225,438
1226,438
1227,438
1228,438
1229,438
1230,438
1231,438
1232,438
1233,439
1234,439
1235,439
1236,439
1237,439
1238,440
1239,440
1240,440
1241,440
1242,440
1243,440
1244,440
1245,441
1246,441
1247,442
1248,442
1249,442
1250,442
1251,442
1252,442
1253,442
1254,442
1255,442
1256,442
1257,442
1258,442
1259,442
1260,442
1261,442
1262,442
1263,442
1264,442
1265,442
1266,442
1267,443
1268,443
1269,444
1270,444
1271,444
1272,444
1273,444
1274,445
1275,445
1276,445
1277,445
1278,445
1279,445
1280,445
1281,445
1282,445
1283,445
1284,445
1285,445
1286,445
1287,445
1288,445
1289,445
1290,445
1291,445
1292,445
1293,445
1294,445
1295,445
1296,445
1297,445
1298,445
1299,445
1300,445
1301,445
1302,445
1303,445
1304,445
1305,445
1306,445
1307,445
1308,445
1309,445
1310,445
1311,445
1312,445
1313,445
1314,445
1315,445
1316,445
1317,445
1318,445
1319,445
1320,445
1321,445
1322,445
1323,445
1324,445
1325,445
1326,446
1327,447
1328,447
1329,447
1330,447
1331,447
1332,447
1333,447
1334,448
1335,448
1336,448
1337,448
1338,448
1339,448
1340,448
1341,448
1342,448
1343,448
1344,448
1345,448
1346,448
1347,448
1348,448
1349,448
1350,448
1351,448
1352,448
1353,448
1354,448
1355,448
1356,448
1357,448
1358,448
1359,448
1360,449
1361,449
1362,449
1363,449
1364,449
1365,449
1366,449
1367,449
1368,449
1369,449
1370,449
1371,449
1372,449
1373,449
1374,450
1375,450
1376,450
1377,450
1378,450
1379,450
1380,450
1381,450
1382,450
1383,451
1384,451
1385,451
1386,451
1387,451
1388,451
1389,451
1390,451
1391,451
1392,451
1393,451
1394,451
1395,451
1396,451
1397,451
1398,451
1399,451
1400,451
1401,451
1402,452
1403,452
1404,452
1405,452
1406,452
1407,452
1408,452
1409,452
1410,452
1411,452
1412,452
1413,452
1414,452
1415,452
1416,452
1417,452
1418,452
1419,452
1420,452
1421,452
1422,452
1423,452
1424,452
1425,452
1426,452
1427,452
1428,452
1429,452
1430,452
1431,452
1432,452
1433,452
1434,452
1435,452
1436,452
1437,452
1438,452
1439,452
1440,452
1441,452
1442,452
1443,452
1444,452
1445,452
1446,452
1447,452
1448,452
1449,452
1450,452
1451,452
1452,452
1453,452
1454,453
1455,453
1456,453
1457,453
1458,453
1459,453
1460,453
1461,453
1462,453
1463,453
1464,453
1465,453
1466,454
1467,454
1468,454
1469,454
1470,454
1471,454
1472,454
1473,454
1474,454
1475,454
1476,454
1477,454
1478,454
1479,454
1480,454
1481,454
1482,454
1483,454
1484,454
1485,454
1486,454
1487,454
1488,454
1489,454
1490,454
1491,454
1492,454
1493,454
1494,454
1495,454
1496,454
1497,454
1498,454
1499,454
1500,454
1501,454
1502,454
1503,454
1504,454
1505,454
1506,454
1507,454
1508,454
1509,454
1510,454
1511,454
1512,454
1513,454
1514,454
1515,454
1516,454
1517,454
1518,455
1519,456
1520,457
1521,457
1522,457
1523,457
1524,457
1525,457
1526,457
1527,457
1528,457
1529,457
1530,457
1531,457
1532,457
1533,457
1534,457
1535,457
1536,457
1537,457
1538,457
1539,457
1540,457
1541,457
1542,457
1543,457
1544,457
1545,457
1546,457
1547,457
1548,457
1549,457
1550,457
1551,457
1552,457
1553,458
1554,458
1555,459
1556,459
1557,459
1558,459
1559,460
1560,460
1561,460
1562,460
1563,460
1564,460
1565,460
1566,460
1567,460
1568,460
1569,460
1570,460
1571,460
1572,460
1573,460
1574,460
1575,460
1576,460
1577,460
1578,460
1579,460
1580,460
1581,460
1582,460
1583,460
1584,460
1585,460
1586,460
1587,460
1588,460
1589,460
1590,460
1591,460
1592,460
1593,460
1594,460
1595,460
1596,460
1597,460
1598,460
1599,460
1600,460
1601,460
1602,460
1603,460
1604,460
1605,461
1606,461
1607,461
1608,461
1609,461
1610,461
1611,461
1612,461
1613,461
1614,461
1615,461
1616,461
1617,461
1618,462
1619,462
1620,463
1621,463
1622,464
1623,465
1624,466
1625,467
1626,468
1627,469
1628,470
1629,471
1630,471
1631,471
1632,471
1633,471
1634,471
1635,471
1636,472
1637,472
1638,473
1639,473
1640,473
1641,474
1642,474
1643,474
1644,474
1645,474
1646,474
1647,474
1648,474
1649,474
1650,474
1651,474
1652,474
1653,474
1654,474
1655,475
1656,475
1657,475
1658,475
1659,475
1660,475
1661,475
1662,475
1663,475
1664,475
1665,475
1666,475
1667,476
1668,476
1669,476
1670,476
1671,476
1672,476
1673,476
1674,476
1675,476
1676,476
1677,476
1678,476
1679,476
1680,476
1681,476
1682,476
1683,476
1684,476
1685,476
1686,476
1687,476
1688,476
1689,476
1690,476
1691,476
1692,476
1693,476
1694,476
1695,476
1696,476
1697,476
1698,476
1699,476
1700,476
1701,476
1702,476
1703,476
1704,476
1705,476
1706,476
1707,476
1708,476
1709,476
1710,476
1711,476
1712,476
1713,476
1714,476
1715,476
1716,476
1717,476
1718,477
1719,477
1720,477
1721,477
1722,477
1723,477
1724,477
1725,477
1726,477
1727,477
1728,477
1729,477
1730,477
1731,477
1732,478
1733,478
1734,478
1735,478
1736,478
1737,478
1738,478
1739,478
1740,479
1741,479
1742,479
1743,479
1744,479
1745,479
1746,479
1747,479
1748,479
1749,479
1750,479
1751,479
1752,479
1753,479
1754,479
1755,479
1756,479
1757,479
1758,479
1759,479
1760,479
1761,479
1762,479
1763,479
1764,479
1765,479
1766,479
1767,479
1768,479
1769,479
1770,479
1771,479
1772,480
1773,480
1774,480
1775,480
1776,480
1777,480
1778,480
1779,480
1780,480
1781,480
1782,480
1783,480
1784,480
1785,480
1786,480
1787,480
1788,480
1789,481
1790,481
1791,481
1792,481
1793,482
1794,482
1795,482
1796,482
1797,482
1798,482
1799,482
1800,482
1801,482
1802,482
1803,482
1804,482
1805,482
1806,482
1807,482
1808,482
1809,482
1810,482
1811,482
1812,482
1813,482
1814,482
1815,482
1816,482
1817,482
1818,482
1819,482
1820,482
1821,482
1822,482
1823,482
1824,482
1825,482
1826,482
1827,482
1828,482
1829,482
1830,482
1831,482
1832,482
1833,482
1834,482
1835,482
1836,482
1837,482
1838,482
1839,482
1840,482
1841,482
1842,482
1843,482
1844,482
1845,482
1846,482
1847,482
1848,483
1849,483
1850,483
1851,483
1852,483
1853,483
1854,483
1855,483
1856,483
1857,483
1858,483
1859,483
1860,483
1861,483
1862,483
1863,483
1864,483
1865,483
1866,483
1867,483
1868,483
1869,483
1870,483
1871,483
1872,483
1873,483
1874,483
1875,483
1876,483
1877,483
1878,483
1879,483
1880,483
1881,483
1882,483
1883,483
1884,483
1885,483
1886,483
1887,483
1888,483
1889,483
1890,483
1891,483
1892,483
1893,483
1894,483
1895,483
1896,483
1897,483
1898,483
1899,483
1900,483
1901,483
1902,483
1903,483
1904,483
1905,483
1906,483
1907,483
1908,483
1909,483
1910,483
1911,483
1912,483
1913,483
1914,483
1915,483
1916,483
1917,483
1918,483
1919,483
1920,483
1921,483
1922,483
1923,483
1924,483
1925,483
1926,483
1927,483
1928,483
1929,483
1930,483
1931,483
1932,483
1933,483
1934,483
1935,483
1936,483
1937,483
1938,484
1939,484
1940,484
1941,484
1942,484
1943,484
1944,484
1945,484
1946,484
1947,484
1948,484
1949,484
1950,484
1951,484
1952,484
1953,484
1954,484
1955,484
1956,484
1957,484
1958,484
1959,484
1960,484
1961,484
1962,484
1963,484
1964,484
1965,484
1966,484
1967,484
1968,484
1969,484
1970,484
1971,484
1972,484
1973,484
1974,484
1975,484
1976,484
1977,484
1978,484
1979,484
1980,484
1981,484
1982,484
1983,484
1984,484
1985,484
1986,484
1987,484
1988,484
1989,484
1990,484
1991,484
1992,484
1993,485
1994,485
1995,485
1996,485
1997,485
1998,485
1999,485
2000,485
2001,485
2002,485
2003,485
2004,485
2005,485
2006,485
2007,485
2008,485
2009,485
2010,485
2011,485
2012,485
2013,485
2014,485
2015,485
2016,485
2017,485
2018,485
2019,485
2020,485
2021,485
2022,485
2023,485
2024,485
2025,485
2026,485
2027,485
2028,485
2029,485
2030,485
2031,485
2032,485
2033,485
2034,485
2035,485
2036,485
2037,485
2038,485
2039,485
2040,485
2041,485
2042,485
2043,485
2044,485
2045,485
2046,485
2047,485
2048,485
2049,485
2050,485
2051,485
2052,485
2053,485
2054,485
2055,485
2056,485
2057,485
2058,485
2059,485
2060,485
2061,485
2062,485
2063,485
2064,485
2065,485
2066,485
2067,485
2068,485
2069,485
2070,485
2071,485
2072,485
2073,485
2074,485
2075,485
2076,485
2077,485
2078,485
2079,485
2080,485
2081,485
2082,485
2083,485
2084,486
2085,486
2086,486
2087,486
2088,486
2089,486
2090,486
2091,486
2092,486
2093,486
2094,486
2095,486
2096,486
2097,486
2098,486
2099,486
2100,486
2101,486
2102,486
2103,486
2104,486
2105,486
2106,486
2107,486
2108,486
2109,486
2110,486
2111,486
2112,486
2113,486
2114,486
2115,486
2116,486
2117,486
2118,486
2119,486
2120,486
2121,486
2122,486
2123,486
2124,486
2125,486
2126,486
2127,486
2128,486
2129,486
2130,486
2131,486
2132,486
2133,486
2134,486
2135,486
2136,486
2137,486
2138,486
2139,486
2140,486
2141,486
2142,486
2143,486
2144,486
2145,486
2146,486
2147,486
2148,486
2149,486
2150,486
2151,486
2152,486
2153,486
2154,486
2155,486
2156,486
2157,486
2158,487
2159,487
2160,487
2161,487
2162,487
2163,487
2164,487
2165,487
2166,487
2167,487
2168,487
2169,487
2170,487
2171,488
2172,489
2173,489
2174,489
2175,489
2176,489
2177,489
2178,489
2179,489
2180,489
2181,489
2182,489
2183,489
2184,489
2185,489
2186,489
2187,489
2188,489
2189,490
2190,490
2191,490
2192,490
2193,490
2194,490
2195,490
2196,490
2197,490
2198,490
2199,490
2200,490
2201,490
2202,490
2203,490
2204,490
2205,490
2206,490
2207,490
2208,490
2209,490
2210,490
2211,490
2212,490
2213,490
2214,490
2215,490
2216,490
2217,490
2218,490
2219,490
2220,490
2221,490
2222,490
2223,490
2224,490
2225,490
2226,490
2227,490
2228,490
2229,490
2230,490
2231,490
2232,490
2233,490
2234,490
2235,490
2236,490
2237,490
2238,490
2239,490
2240,490
2241,490
2242,490
2243,490
2244,490
2245,490
2246,490
2247,490
2248,490
2249,490
2250,490
2251,490
2252,490
2253,490
2254,490
2255,490
2256,490
2257,490
2258,490
2259,490
2260,490
2261,490
2262,490
2263,490
2264,490
2265,490
2266,491
2267,491
2268,491
2269,491
2270,491
2271,491
2272,491
2273,491
2274,491
2275,491
2276,491
2277,491
2278,491
2279,491
2280,491
2281,491
2282,491
2283,491
2284,491
2285,491
2286,491
2287,491
2288,491
2289,491
2290,491
2291,491
2292,491
2293,491
2294,491
2295,491
2296,491
2297,491
2298,491
2299,491
2300,491
2301,491
2302,491
2303,492
2304,492
2305,492
2306,492
2307,492
2308,492
2309,492
2310,492
2311,492
2312,492
2313,492
2314,492
2315,492
2316,492
2317,492
2318,492
2319,492
2320,492
2321,492
2322,492
2323,492
2324,492
2325,492
2326,492
2327,492
2328,492
2329,492
2330,492
2331,492
2332,492
2333,492
2334,492
2335,492
2336,492
2337,492
2338,492
2339,492
2340,492
2341,492
2342,492
2343,492
2344,492
2345,492
2346,492
2347,492
2348,492
2349,492
2350,492
2351,492
2352,492
2353,492
2354,492
2355,492
2356,492
2357,492
2358,492
2359,492
2360,492
2361,492
2362,492
2363,492
2364,492
2365,492
2366,492
2367,492
2368,492
2369,492
2370,492
2371,492
2372,492
2373,492
2374,492
2375,492
2376,492
2377,492
2378,492
2379,492
2380,492
2381,492
2382,492
2383,492
2384,492
2385,492
2386,492
2387,492
2388,492
2389,492
2390,492
2391,492
2392,492
2393,492
2394,492
2395,492
2396,492
2397,492
2398,492
2399,492
2400,492
2401,492
2402,492
2403,492
2404,492
2405,492
2406,492
2407,492
2408,492
2409,492
2410,492
2411,492
2412,492
2413,492
2414,492
2415,492
2416,492
2417,492
2418,492
2419,492
2420,492
2421,492
2422,492
2423,492
2424,492
2425,492
2426,492
2427,492
2428,493
2429,493
2430,493
2431,493
2432,493
2433,493
2434,493
2435,493
2436,493
2437,493
2438,493
2439,493
2440,493
2441,493
2442,493
2443,493
2444,493
2445,493
2446,493
2447,493
2448,493
2449,493
2450,493
2451,493
2452,493
2453,493
2454,493
2455,493
2456,493
2457,493
2458,493
2459,493
2460,493
2461,493
2462,493
2463,493
2464,493
2465,493
2466,493
2467,493
2468,493
2469,493
2470,493
2471,493
2472,493
2473,493
2474,493
2475,493
2476,493
2477,493
2478,493
2479,493
2480,493
2481,493
2482,493
2483,493
2484,493
2485,493
2486,493
2487,493
2488,493
2489,493
2490,493
2491,493
2492,493
2493,493
2494,493
2495,493
2496,493
2497,493
2498,493
2499,493
2500,493
2501,493
2502,493
2503,493
2504,493
2505,493
2506,493
2507,493
2508,493
2509,493
2510,493
2511,493
2512,493
2513,493
2514,493
2515,493
2516,493
2517,493
2518,493
2519,493
2520,493
2521,493
2522,493
2523,493
2524,493
2525,493
2526,493
2527,493
2528,493
2529,493
2530,493
2531,493
2532,493
2533,493
2534,493
2535,493
2536,493
2537,493
2538,493
2539,493
2540,494
2541,494
2542,494
2543,494
2544,494
2545,494
2546,494
2547,494
2548,494
2549,494
2550,494
2551,494
2552,494
2553,494
2554,494
2555,494
2556,494
2557,494
2558,494
2559,494
2560,494
2561,494
2562,494
2563,494
2564,494
2565,494
2566,494
2567,494
2568,494
2569,494
2570,494
2571,494
2572,494
2573,494
2574,494
2575,494
2576,494
2577,494
2578,494
2579,494
2580,494
2581,494
2582,494
2583,494
2584,494
2585,494
2586,494
2587,494
2588,494
2589,494
2590,494
2591,494
2592,494
2593,494
2594,494
2595,494
2596,494
2597,494
2598,494
2599,494
2600,494
2601,494
2602,494
2603,494
2604,494
2605,494
2606,494
2607,494
2608,494
2609,494
2610,494
2611,494
2612,494
2613,494
2614,494
2615,494
2616,494
2617,494
2618,494
2619,494
2620,494
2621,494
2622,494
2623,494
2624,494
2625,494
2626,494
2627,494
2628,494
2629,494
2630,494
2631,494
2632,494
2633,494
2634,494
2635,494
2636,494
2637,494
2638,494
2639,494
2640,494
2641,494
2642,494
2643,494
2644,494
2645,494
2646,494
2647,494
2648,494
2649,494
2650,494
2651,494
2652,494
2653,494
2654,494
2655,494
2656,494
2657,494
2658,494
2659,494
2660,494
2661,494
2662,494
2663,494
2664,494
2665,494
2666,494
2667,494
2668,494
2669,494
2670,494
2671,494
2672,494
2673,494
2674,494
2675,494
2676,494
2677,494
2678,494
2679,494
2680,494
2681,494
2682,494
2683,494
2684,494
2685,494
2686,494
2687,494
2688,494
2689,494
2690,494
2691,494
2692,494
2693,494
2694,494
2695,494
2696,494
2697,494
2698,494
2699,494
2700,494
2701,494
2702,494
2703,494
2704,494
2705,494
2706,494
2707,494
2708,494
2709,494
2710,494
2711,494
2712,494
2713,494
2714,494
2715,494
2716,494
2717,494
2718,494
2719,494
2720,494
2721,494
2722,494
2723,494
2724,494
2725,494
2726,494
2727,494
2728,494
2729,494
2730,494
2731,494
2732,494
2733,494
2734,494
2735,494
2736,494
2737,494
2738,494
2739,494
2740,494
2741,494
2742,494
2743,494
2744,494
2745,494
2746,494
2747,494
2748,494
2749,494
2750,494
2751,494
2752,494
2753,494
2754,494
2755,494
2756,494
2757,494
2758,494
2759,494
2760,494
2761,494
2762,494
2763,494
2764,494
2765,494
2766,494
2767,494
2768,494
2769,494
2770,494
2771,494
2772,494
2773,494
2774,494
2775,494
2776,494
2777,494
2778,494
2779,494
2780,494
2781,494
2782,494
2783,494
2784,494
2785,494
2786,494
2787,494
2788,494
2789,494
2790,494
2791,494
2792,494
2793,494
2794,494
2795,494
2796,494
2797,494
2798,494
2799,494
2800,494
2801,494
2802,494
2803,494
2804,494
2805,494
2806,494
2807,494
2808,494
2809,494
2810,494
2811,494
2812,494
2813,494
2814,494
2815,494
2816,494
2817,494
2818,494
2819,494
2820,494
2821,494
2822,494
2823,494
2824,494
2825,494
2826,494
2827,494
2828,494
2829,494
2830,494
2831,494
2832,494
2833,494
2834,494
2835,494
2836,494
2837,494
2838,494
2839,494
2840,494
2841,494
2842,494
2843,494
2844,494
2845,494
2846,494
2847,494
2848,494
2849,494
2850,494
2851,494
2852,494
2853,494
2854,494
2855,494
2856,494
2857,494
2858,494
2859,494
2860,494
2861,494
2862,494
2863,494
2864,494
2865,494
2866,494
2867,494
2868,494
2869,494
2870,494
2871,494
2872,494
2873,494
2874,494
2875,494
2876,494
2877,494
2878,494
2879,494
2880,494
2881,494
2882,494
2883,494
2884,494
2885,494
2886,494
2887,494
2888,494
2889,494
2890,494
2891,494
2892,494
2893,494
2894,494
2895,494
2896,494
2897,494
2898,494
2899,494
2900,494
2901,494
2902,494
2903,494
2904,494
2905,494
2906,494
2907,494
2908,494
2909,494
2910,494
2911,494
2912,494
2913,494
2914,494
2915,494
2916,494
2917,494
2918,494
2919,494
2920,494
2921,494
2922,494
2923,494
2924,494
2925,494
2926,494
2927,494
2928,494
2929,494
2930,494
2931,494
2932,494
2933,494
2934,494
2935,494
2936,494
2937,494
2938,494
2939,494
2940,494
2941,494
2942,494
2943,494
2944,494
2945,494
2946,494
2947,494
2948,494
2949,494
2950,494
2951,494
2952,494
2953,494
2954,494
2955,494
2956,494
2957,494
2958,494
2959,494
2960,494
2961,494
2962,494
2963,494
2964,494
2965,494
2966,494
2967,494
2968,494
2969,494
2970,494
2971,494
2972,494
2973,494
2974,494
2975,494
2976,494
2977,494
2978,494
2979,494
2980,494
2981,494
2982,494
2983,494
2984,494
2985,494
2986,494
2987,494
2988,494
2989,494
2990,494
2991,494
2992,494
2993,494
2994,494
2995,494
2996,494
2997,494
2998,494
2999,494
3000,494
3001,494
3002,494
3003,494
3004,494
3005,494
3006,494
3007,494
3008,494
3009,494
3010,494
3011,494
3012,494
3013,494
3014,494
3015,494
3016,494
3017,494
3018,494
3019,494
3020,494
3021,494
3022,494
3023,494
3024,494
3025,494
3026,494
3027,494
3028,494
3029,494
3030,494
3031,494
3032,494
3033,494
3034,494
3035,494
3036,494
3037,494
3038,494
3039,494
3040,494
3041,494
3042,494
3043,494
3044,494
3045,494
3046,494
3047,494
3048,494
3049,494
3050,494
3051,494
3052,494
3053,494
3054,494
3055,494
3056,494
3057,494
3058,494
3059,494
3060,494
3061,494
3062,494
3063,494
3064,494
3065,494
3066,494
3067,494
3068,494
3069,494
3070,494
3071,494
3072,494
3073,494
3074,494
3075,494
3076,494
3077,494
3078,494
3079,494
3080,494
3081,494
3082,494
3083,494
3084,494
3085,494
3086,494
3087,494
3088,494
3089,494
3090,494
3091,494
3092,494
3093,494
3094,494
3095,494
3096,494
3097,494
3098,494
3099,494
3100,494
3101,494
3102,494
3103,494
3104,494
3105,494
3106,494
3107,494
3108,494
3109,494
3110,494
3111,494
3112,494
3113,494
3114,494
3115,494
3116,494
3117,494
3118,494
3119,494
3120,494
3121,494
3122,494
3123,494
3124,494
3125,494
3126,494
3127,494
3128,494
3129,494
3130,494
3131,494
3132,495
3133,495
3134,495
3135,495
3136,495
3137,495
3138,495
3139,495
3140,495
3141,495
3142,495
3143,495
3144,495
3145,495
3146,495
3147,495
3148,495
3149,495
3150,495
3151,495
3152,495
3153,495
3154,495
3155,495
3156,495
3157,495
3158,495
3159,495
3160,495
3161,495
3162,495
3163,495
3164,495
3165,495
3166,495
3167,495
3168,495
3169,495
3170,495
3171,495
3172,495
3173,495
3174,495
3175,495
3176,495
3177,495
3178,495
3179,495
3180,495
3181,495
3182,495
3183,495
3184,495
3185,495
3186,495
3187,495
3188,495
3189,495
3190,495
3191,495
3192,495
3193,495
3194,495
3195,495
3196,495
3197,495
3198,495
3199,495
3200,495
3201,496
3202,496
3203,496
3204,496
3205,496
3206,496
3207,496
3208,496
3209,496
3210,496
3211,496
3212,496
3213,496
3214,496
3215,496
3216,496
3217,496
3218,496
3219,496
3220,496
3221,496
3222,496
3223,496
3224,496
3225,496
3226,496
3227,496
3228,496
3229,496
3230,496
3231,496
3232,496
3233,496
3234,496
3235,496
3236,496
3237,496
3238,496
3239,496
3240,496
3241,496
3242,496
3243,496
3244,496
3245,496
3246,496
3247,496
3248,496
3249,496
3250,496
3251,496
3252,496
3253,496
3254,496
3255,496
3256,496
3257,496
3258,496
3259,496
3260,496
3261,496
3262,496
3263,496
3264,496
3265,496
3266,496
3267,496
3268,496
3269,496
3270,496
3271,496
3272,496
3273,496
3274,496
3275,496
3276,496
3277,496
3278,496
3279,496
3280,496
3281,496
3282,496
3283,496
3284,496
3285,496
3286,496
3287,496
3288,496
3289,496
3290,496
3291,496
3292,496
3293,496
3294,496
3295,496
3296,496
3297,496
3298,496
3299,496
3300,496
3301,496
3302,496
3303,496
3304,496
3305,496
3306,496
3307,496
3308,496
3309,496
3310,496
3311,496
3312,496
3313,496
3314,496
3315,496
3316,496
3317,496
3318,496
3319,496
3320,496
3321,496
3322,496
3323,496
3324,496
3325,496
3326,496
3327,496
3328,496
3329,496
3330,496
3331,496
3332,496
3333,496
3334,496
3335,496
3336,496
3337,496
3338,496
3339,496
3340,496
3341,496
3342,496
3343,496
3344,496
3345,496
3346,496
3347,496
3348,496
3349,496
3350,496
3351,496
3352,496
3353,496
3354,496
3355,496
3356,496
3357,496
3358,496
3359,496
3360,496
3361,496
3362,496
3363,496
3364,496
3365,496
3366,496
3367,496
3368,496
3369,496
3370,496
3371,496
3372,496
3373,496
3374,496
3375,496
3376,496
3377,496
3378,496
3379,496
3380,496
3381,496
3382,496
3383,496
3384,496
3385,496
3386,496
3387,496
3388,496
3389,496
3390,496
3391,496
3392,496
3393,496
3394,496
3395,496
3396,496
3397,496
3398,496
3399,496
3400,496
3401,496
3402,496
3403,496
3404,496
3405,496
3406,496
3407,496
3408,496
3409,496
3410,496
3411,496
3412,496
3413,496
3414,496
3415,496
3416,496
3417,496
3418,496
3419,496
3420,496
3421,496
3422,496
3423,496
3424,496
3425,496
3426,496
3427,496
3428,496
3429,496
3430,496
3431,496
3432,496
3433,496
3434,496
3435,496
3436,496
3437,496
3438,496
3439,496
3440,496
3441,496
3442,496
3443,496
3444,496
3445,496
3446,496
3447,496
3448,496
3449,496
3450,496
3451,496
3452,496
3453,496
3454,496
3455,496
3456,496
3457,496
3458,496
3459,496
3460,496
3461,496
3462,496
3463,496
3464,496
3465,496
3466,496
3467,496
3468,496
3469,496
3470,496
3471,496
3472,496
3473,496
3474,496
3475,496
3476,496
3477,496
3478,496
3479,496
3480,496
3481,496
3482,496
3483,496
3484,496
3485,496
3486,496
3487,496
3488,496
3489,496
3490,496
3491,496
3492,496
3493,496
3494,496
3495,496
3496,496
3497,496
3498,496
3499,496
3500,496
3501,496
3502,496
3503,496
3504,496
3505,496
3506,496
3507,496
3508,496
3509,496
3510,496
3511,496
3512,496
3513,496
3514,496
3515,496
3516,496
3517,496
3518,496
3519,496
3520,496
3521,496
3522,496
3523,496
3524,496
3525,496
3526,496
3527,496
3528,496
3529,496
3530,496
3531,496
3532,496
3533,496
3534,496
3535,496
3536,496
3537,496
3538,496
3539,496
3540,496
3541,496
3542,496
3543,496
3544,496
3545,496
3546,496
3547,496
3548,496
3549,496
3550,496
3551,496
3552,496
3553,496
3554,496
3555,496
3556,496
3557,496
3558,496
3559,496
3560,496
3561,496
3562,496
3563,496
3564,496
3565,496
3566,496
3567,496
3568,496
3569,496
3570,496
3571,496
3572,496
3573,496
3574,496
3575,496
3576,496
3577,496
3578,496
3579,496
3580,496
3581,496
3582,496
3583,496
3584,496
3585,496
3586,496
3587,496
3588,496
3589,496
3590,496
3591,496
3592,496
3593,496
3594,496
3595,496
3596,496
3597,496
3598,496
3599,496
3600,496
3601,496
3602,496
3603,496
3604,496
3605,496
3606,496
3607,496
3608,496
3609,496
3610,496
3611,496
3612,496
3613,496
3614,496
3615,496
3616,496
3617,496
3618,496
3619,496
3620,496
3621,496
3622,496
3623,496
3624,496
3625,496
3626,496
3627,496
3628,496
3629,496
3630,496
3631,496
3632,496
3633,496
3634,496
3635,496
3636,496
3637,496
3638,496
3639,496
3640,496
3641,496
3642,496
3643,496
3644,496
3645,496
3646,496
3647,496
3648,496
3649,496
3650,496
3651,496
3652,496
3653,496
3654,496
3655,496
3656,496
3657,496
3658,496
3659,496
3660,496
3661,496
3662,496
3663,496
3664,496
3665,496
3666,496
3667,496
3668,496
3669,496
3670,496
3671,496
3672,496
3673,496
3674,496
3675,496
3676,496
3677,496
3678,496
3679,496
3680,496
3681,496
3682,496
3683,496
3684,496
3685,496
3686,496
3687,496
3688,496
3689,496
3690,496
3691,496
3692,496
3693,496
3694,496
3695,496
3696,496
3697,496
3698,496
3699,496
3700,496
3701,496
3702,496
3703,496
3704,496
3705,496
3706,496
3707,496
3708,496
3709,496
3710,496
3711,496
3712,496
3713,496
3714,496
3715,496
3716,496
3717,496
3718,496
3719,496
3720,496
3721,496
3722,496
3723,496
3724,496
3725,496
3726,496
3727,496
3728,496
3729,496
3730,496
3731,496
3732,496
3733,496
3734,496
3735,496
3736,496
3737,496
3738,496
3739,496
3740,496
3741,496
3742,496
3743,496
3744,496
3745,496
3746,496
3747,496
3748,496
3749,496
3750,496
3751,496
3752,496
3753,496
3754,496
3755,496
3756,496
3757,496
3758,496
3759,496
3760,496
3761,496
3762,496
3763,496
3764,496
3765,496
3766,496
3767,496
3768,496
3769,496
3770,496
3771,496
3772,496
3773,496
3774,496
3775,496
3776,496
3777,496
3778,496
3779,496
3780,496
3781,496
3782,496
3783,496
3784,496
3785,496
3786,496
3787,496
3788,496
3789,496
3790,496
3791,496
3792,496
3793,496
3794,496
3795,496
3796,496
3797,496
3798,496
3799,496
3800,496
3801,496
3802,496
3803,496
3804,496
3805,496
3806,496
3807,496
3808,496
3809,496
3810,496
3811,496
3812,496
3813,496
3814,496
3815,496
3816,496
3817,496
3818,496
3819,496
3820,496
3821,496
3822,496
3823,496
3824,496
3825,496
3826,496
3827,496
3828,496
3829,496
3830,496
3831,496
3832,496
3833,496
3834,496
3835,496
3836,496
3837,496
3838,496
3839,496
3840,496
3841,496
3842,496
3843,496
3844,496
3845,496
3846,496
3847,496
3848,496
3849,496
3850,496
3851,496
3852,496
3853,496
3854,496
3855,496
3856,496
3857,496
3858,496
3859,496
3860,496
3861,496
3862,496
3863,496
3864,496
3865,496
3866,496
3867,496
3868,496
3869,496
3870,496
3871,496
3872,496
3873,496
3874,496
3875,496
3876,496
3877,496
3878,496
3879,496
3880,496
3881,496
3882,496
3883,496
3884,496
3885,496
3886,496
3887,496
3888,496
3889,496
3890,496
3891,496
3892,496
3893,496
3894,496
3895,496
3896,496
3897,496
3898,496
3899,496
3900,496
3901,496
3902,496
3903,496
3904,496
3905,496
3906,496
3907,496
3908,496
3909,496
3910,496
3911,496
3912,496
3913,496
3914,496
3915,496
3916,496
3917,496
3918,496
3919,496
3920,496
3921,496
3922,496
3923,496
3924,496
3925,496
3926,496
3927,496
3928,496
3929,496
3930,496
3931,496
3932,496
3933,496
3934,496
3935,496
3936,496
3937,496
3938,496
3939,496
3940,496
3941,496
3942,496
3943,496
3944,496
3945,496
3946,496
3947,496
3948,496
3949,496
3950,496
3951,496
3952,496
3953,496
3954,496
3955,496
3956,496
3957,496
3958,496
3959,496
3960,496
3961,496
3962,496
3963,496
3964,496
3965,496
3966,496
3967,496
3968,496
3969,496
3970,496
3971,496
3972,496
3973,496
3974,496
3975,496
3976,496
3977,496
3978,496
3979,496
3980,496
3981,496
3982,496
3983,496
3984,496
3985,496
3986,496
3987,496
3988,496
3989,496
3990,496
3991,496
3992,496
3993,496
3994,496
3995,496
3996,496
3997,496
3998,496
3999,496
4000,496
4001,496
4002,496
4003,496
4004,496
4005,496
4006,496
4007,496
4008,496
4009,496
4010,496
4011,496
4012,496
4013,496
4014,496
4015,496
4016,496
4017,496
4018,496
4019,496
4020,496
4021,496
4022,496
4023,496
4024,496
4025,496
4026,496
4027,496
4028,496
4029,496
4030,496
4031,496
4032,496
4033,496
4034,496
4035,496
4036,496
4037,496
4038,496
4039,496
4040,496
4041,496
4042,496
4043,496
4044,496
4045,496
4046,496
4047,496
4048,496
4049,496
4050,496
4051,496
4052,496
4053,496
4054,496
4055,496
4056,496
4057,496
4058,496
4059,496
4060,496
4061,496
4062,496
4063,496
4064,496
4065,496
4066,496
4067,496
4068,496
4069,496
4070,496
4071,496
4072,496
4073,496
4074,496
4075,496
4076,496
4077,496
4078,496
4079,496
4080,496
4081,496
4082,496
4083,496
4084,496
4085,496
4086,496
4087,496
4088,496
4089,496
4090,496
4091,496
4092,496
4093,496
4094,496
4095,496
4096,496
4097,496
4098,496
4099,496
4100,496
4101,496
4102,496
4103,496
4104,496
4105,496
4106,496
4107,496
4108,496
4109,496
4110,496
4111,496
4112,496
4113,496
4114,496
4115,496
4116,496
4117,496
4118,496
4119,496
4120,496
4121,496
4122,496
4123,496
4124,496
4125,496
4126,496
4127,496
4128,496
4129,496
4130,496
4131,496
4132,496
4133,496
4134,496
4135,496
4136,496
4137,496
4138,496
4139,496
4140,496
4141,496
4142,496
4143,496
4144,496
4145,496
4146,496
4147,496
4148,496
4149,496
4150,496
4151,496
4152,496
4153,496
4154,496
4155,496
4156,496
4157,496
4158,496
4159,496
4160,496
4161,496
4162,496
4163,496
4164,496
4165,496
4166,496
4167,496
4168,496
4169,496
4170,496
4171,496
4172,496
4173,496
4174,496
4175,496
4176,496
4177,496
4178,496
4179,496
4180,496
4181,496
4182,496
4183,496
4184,496
4185,496
4186,496
4187,496
4188,496
4189,496
4190,496
4191,496
4192,496
4193,496
4194,496
4195,496
4196,496
4197,496
4198,496
4199,496
4200,496
4201,496
4202,496
4203,496
4204,496
4205,496
4206,496
4207,496
4208,496
4209,496
4210,496
4211,496
4212,496
4213,496
4214,496
4215,496
4216,496
4217,496
4218,496
4219,496
4220,496
4221,496
4222,496
4223,496
4224,496
4225,496
4226,496
4227,496
4228,496
4229,496
4230,496
4231,496
4232,496
4233,496
4234,496
4235,496
4236,496
4237,496
4238,496
4239,496
4240,496
4241,496
4242,496
4243,496
4244,496
4245,496
4246,496
4247,496
4248,496
4249,496
4250,496
4251,496
4252,496
4253,496
4254,496
4255,496
4256,496
4257,496
4258,496
4259,496
4260,496
4261,496
4262,496
4263,496
4264,496
4265,496
4266,496
4267,496
4268,496
4269,496
4270,496
4271,496
4272,496
4273,496
4274,496
4275,496
4276,496
4277,496
4278,496
4279,496
4280,496
4281,496
4282,496
4283,496
4284,496
4285,496
4286,496
4287,496
4288,496
4289,496
4290,496
4291,496
4292,496
4293,496
4294,496
4295,496
4296,496
4297,496
4298,496
4299,496
4300,496
4301,496
4302,496
4303,496
4304,496
4305,496
4306,496
4307,496
4308,496
4309,496
4310,496
4311,496
4312,496
4313,496
4314,496
4315,496
4316,496
4317,496
4318,496
4319,496
4320,496
4321,496
4322,496
4323,496
4324,496
4325,496
4326,496
4327,496
4328,496
4329,496
4330,496
4331,496
4332,496
4333,496
4334,496
4335,496
4336,496
4337,496
4338,496
4339,496
4340,496
4341,496
4342,496
4343,496
4344,496
4345,496
4346,496
4347,496
4348,496
4349,496
4350,496
4351,496
4352,496
4353,496
4354,496
4355,496
4356,496
4357,496
4358,496
4359,496
4360,496
4361,496
4362,496
4363,496
4364,496
4365,496
4366,496
4367,496
4368,496
4369,496
4370,496
4371,496
4372,496
4373,496
4374,496
4375,496
4376,496
4377,496
4378,496
4379,496
4380,496
4381,496
4382,496
4383,496
4384,496
4385,496
4386,496
4387,496
4388,496
4389,496
4390,496
4391,496
4392,496
4393,496
4394,496
4395,496
4396,496
4397,496
4398,496
4399,496
4400,496
4401,496
4402,496
4403,496
4404,496
4405,496
4406,496
4407,496
4408,496
4409,496
4410,496
4411,496
4412,496
4413,496
4414,496
4415,496
4416,496
4417,496
4418,496
4419,496
4420,496
4421,496
4422,496
4423,496
4424,496
4425,496
4426,496
4427,496
4428,496
4429,496
4430,496
4431,496
4432,496
4433,496
4434,496
4435,496
4436,496
4437,496
4438,496
4439,496
4440,496
4441,496
4442,496
4443,496
4444,496
4445,496
4446,496
4447,496
4448,496
4449,496
4450,496
4451,496
4452,496
4453,496
4454,496
4455,496
4456,496
4457,496
4458,496
4459,496
4460,496
4461,496
4462,496
4463,496
4464,496
4465,496
4466,496
4467,496
4468,496
4469,496
4470,496
4471,496
4472,496
4473,496
4474,496
4475,496
4476,496
4477,496
4478,496
4479,496
4480,496
4481,496
4482,496
4483,496
4484,496
4485,496
4486,496
4487,496
4488,496
4489,496
4490,496
4491,496
4492,496
4493,496
4494,496
4495,496
4496,496
4497,496
4498,496
4499,496
4500,496
4501,496
4502,496
4503,496
4504,496
4505,496
4506,496
4507,496
4508,496
4509,496
4510,496
4511,496
4512,496
4513,496
4514,496
4515,496
4516,496
4517,496
4518,496
4519,496
4520,496
4521,496
4522,496
4523,496
4524,496
4525,496
4526,496
4527,496
4528,496
4529,496
4530,496
4531,496
4532,496
4533,496
4534,496
4535,496
4536,496
4537,496
4538,496
4539,496
4540,496
4541,496
4542,496
4543,496
4544,496
4545,496
4546,496
4547,496
4548,496
4549,496
4550,496
4551,496
4552,496
4553,496
4554,496
4555,496
4556,496
4557,496
4558,496
4559,496
4560,496
4561,496
4562,496
4563,496
4564,496
4565,496
4566,496
4567,496
4568,496
4569,496
4570,496
4571,496
4572,496
4573,496
4574,496
4575,496
4576,496
4577,496
4578,496
4579,496
4580,496
4581,496
4582,496
4583,496
4584,496
4585,496
4586,496
4587,496
4588,496
4589,496
4590,496
4591,496
4592,496
4593,496
4594,496
4595,496
4596,496
4597,496
4598,496
4599,496
4600,496
4601,496
4602,496
4603,496
4604,496
4605,496
4606,496
4607,496
4608,496
4609,496
4610,496
4611,496
4612,496
4613,496
4614,496
4615,496
4616,496
4617,496
4618,496
4619,496
4620,496
4621,496
4622,496
4623,496
4624,496
4625,496
4626,496
4627,496
4628,496
4629,496
4630,496
4631,496
4632,496
4633,496
4634,496
4635,496
4636,496
4637,496
4638,496
4639,496
4640,496
4641,496
4642,496
4643,496
4644,496
4645,496
4646,496
4647,496
4648,496
4649,496
4650,496
4651,496
4652,496
4653,496
4654,496
4655,496
4656,496
4657,496
4658,496
4659,496
4660,496
4661,496
4662,496
4663,496
4664,496
4665,496
4666,496
4667,496
4668,496
4669,496
4670,496
4671,496
4672,496
4673,496
4674,496
4675,496
4676,496
4677,496
4678,496
4679,496
4680,496
4681,496
4682,496
4683,496
4684,496
4685,496
4686,496
4687,496
4688,496
4689,496
4690,496
4691,496
4692,496
4693,496
4694,496
4695,496
4696,496
4697,496
4698,496
4699,496
4700,496
4701,496
4702,496
4703,496
4704,496
4705,496
4706,496
4707,496
4708,496
4709,496
4710,496
4711,496
4712,496
4713,496
4714,496
4715,496
4716,496
4717,496
4718,496
4719,496
4720,496
4721,496
4722,496
4723,496
4724,496
4725,496
4726,496
4727,496
4728,496
4729,496
4730,496
4731,496
4732,496
4733,496
4734,496
4735,496
4736,496
4737,496
4738,496
4739,496
4740,496
4741,496
4742,496
4743,496
4744,496
4745,496
4746,496
4747,496
4748,496
4749,496
4750,496
4751,496
4752,496
4753,496
4754,496
4755,496
4756,496
4757,496
4758,496
4759,496
4760,496
4761,496
4762,496
4763,496
4764,496
4765,496
4766,496
4767,496
4768,496
4769,496
4770,496
4771,496
4772,496
4773,496
4774,496
4775,496
4776,496
4777,496
4778,496
4779,496
4780,496
4781,496
4782,496
4783,496
4784,496
4785,496
4786,496
4787,496
4788,496
4789,496
4790,496
4791,496
4792,496
4793,496
4794,496
4795,496
4796,496
4797,496
4798,496
4799,496
4800,496
4801,496
4802,496
4803,496
4804,496
4805,496
4806,496
4807,496
4808,496
4809,496
4810,496
4811,496
4812,496
4813,496
4814,496
4815,496
4816,496
4817,496
4818,496
4819,496
4820,496
4821,496
4822,496
4823,496
4824,496
4825,496
4826,496
4827,496
4828,496
4829,496
4830,496
4831,496
4832,496
4833,496
4834,496
4835,496
4836,496
4837,496
4838,496
4839,496
4840,496
4841,496
4842,496
4843,496
4844,496
4845,496
4846,496
4847,496
4848,496
4849,496
4850,496
4851,496
4852,496
4853,496
4854,496
4855,496
4856,496
4857,496
4858,496
4859,496
4860,496
4861,496
4862,496
4863,496
4864,496
4865,496
4866,496
4867,496
4868,496
4869,496
4870,496
4871,496
4872,496
4873,496
4874,496
4875,496
4876,496
4877,496
4878,496
4879,496
4880,496
4881,496
4882,496
4883,496
4884,496
4885,497
4886,497
4887,497
4888,497
4889,497
4890,497
4891,497
4892,497
4893,497
4894,497
4895,497
4896,497
4897,497
4898,497
4899,497
4900,497
4901,497
4902,497
4903,497
4904,497
4905,497
4906,497
4907,497
4908,497
4909,497
4910,497
4911,497
4912,497
4913,497
4914,497
4915,497
4916,497
4917,497
4918,497
4919,497
4920,497
4921,497
4922,497
4923,497
4924,497
4925,497
4926,497
4927,497
4928,497
4929,497
4930,497
4931,497
4932,497
4933,497
4934,497
4935,497
4936,497
4937,497
4938,497
4939,497
4940,497
4941,497
4942,497
4943,497
4944,497
4945,497
4946,497
4947,497
4948,497
4949,497
4950,497
4951,497
4952,497
4953,497
4954,497
4955,497
4956,497
4957,497
4958,497
4959,497
4960,497
4961,497
4962,497
4963,497
4964,497
4965,497
4966,497
4967,497
4968,497
4969,497
4970,497
4971,497
4972,497
4973,497
4974,497
4975,497
4976,497
4977,497
4978,497
4979,497
4980,497
4981,497
4982,497
4983,497
4984,497
4985,497
4986,497
4987,497
4988,497
4989,497
4990,497
4991,497
4992,497
4993,497
4994,497
4995,497
4996,497
4997,497
4998,497
4999,497
5000,497
5001,497
5002,497
5003,497
5004,497
5005,497
5006,497
5007,497
5008,497
5009,497
5010,497
5011,497
5012,497
5013,497
5014,497
5015,497
5016,497
5017,497
5018,497
5019,497
5020,497
5021,497
5022,497
5023,497
5024,497
5025,497
5026,497
5027,497
5028,497
5029,497
5030,497
5031,497
5032,497
5033,497
5034,497
5035,497
5036,497
5037,497
5038,497
5039,497
5040,497
5041,497
5042,497
5043,497
5044,497
5045,497
5046,497
5047,497
5048,497
5049,497
5050,497
5051,497
5052,497
5053,497
5054,497
5055,497
5056,497
5057,497
5058,497
5059,497
5060,497
5061,497
5062,497
5063,497
5064,497
5065,497
5066,497
5067,497
5068,497
5069,497
5070,497
5071,497
5072,497
5073,497
5074,497
5075,497
5076,497
5077,497
5078,497
5079,497
5080,497
5081,497
5082,497
5083,497
5084,497
5085,497
5086,498
5087,498
5088,498
5089,498
5090,498
5091,498
5092,498
5093,498
5094,498
5095,498
5096,498
5097,498
5098,498
5099,498
5100,498
5101,498
5102,498
5103,498
5104,498
5105,498
5106,498
5107,498
5108,498
5109,498
5110,498
5111,498
5112,498
5113,499
5114,499
5115,499
5116,499
5117,499
5118,499
5119,499
5120,499
5121,499
5122,499
5123,499
5124,499
5125,499
5126,499
5127,499
5128,499
5129,499
5130,499
5131,499
5132,499
5133,499
5134,499
5135,499
5136,499
5137,499
5138,499
5139,499
5140,499
5141,499
5142,499
5143,499
5144,499
5145,499
5146,499
5147,499
5148,499
5149,499
5150,499
5151,499
5152,499
5153,499
5154,499
5155,499
5156,499
5157,499
5158,499
5159,499
5160,499
5161,499
5162,499
5163,499
5164,499
5165,499
5166,499
5167,499
5168,499
5169,499
5170,499
5171,499
5172,499
5173,499
5174,499
5175,499
5176,499
5177,499
5178,499
5179,499
5180,499
5181,499
5182,499
5183,499
5184,499
5185,499
5186,499
5187,499
5188,499
5189,499
5190,499
5191,499
5192,499
5193,499
5194,499
5195,499
5196,499
5197,499
5198,499
5199,499
5200,499
5201,499
5202,499
5203,499
5204,499
5205,499
5206,499
5207,499
5208,499
5209,499
5210,499
5211,499
5212,499
5213,499
5214,499
5215,499
5216,499
5217,499
5218,499
5219,499
5220,499
5221,499
5222,499
5223,499
5224,499
5225,499
5226,499
5227,499
5228,499
5229,499
5230,499
5231,499
5232,499
5233,499
5234,499
5235,499
5236,499
5237,499
5238,499
5239,499
5240,499
5241,499
5242,499
5243,499
5244,499
5245,499
5246,499
5247,499
5248,499
5249,499
5250,499
5251,499
5252,499
5253,499
5254,499
5255,499
5256,499
5257,499
5258,499
5259,499
5260,499
5261,499
5262,499
5263,499
5264,499
5265,499
5266,499
5267,499
5268,499
5269,499
5270,499
5271,499
5272,499
5273,499
5274,499
5275,499
5276,499
5277,499
5278,499
5279,499
5280,499
5281,499
5282,499
5283,499
5284,499
5285,499
5286,499
5287,499
5288,499
5289,499
5290,499
5291,499
5292,499
5293,499
5294,499
5295,499
5296,499
5297,499
5298,499
5299,499
5300,499
5301,499
5302,499
5303,499
5304,499
5305,499
5306,499
5307,499
5308,499
5309,499
5310,499
5311,499
5312,499
5313,499
5314,499
5315,499
5316,499
5317,499
5318,499
5319,499
5320,499
5321,499
5322,499
5323,499
5324,499
5325,499
5326,499
5327,499
5328,499
5329,499
5330,499
5331,499
5332,499
5333,499
5334,499
5335,499
5336,499
5337,499
5338,499
5339,499
5340,499
5341,499
5342,499
5343,499
5344,499
5345,499
5346,499
5347,499
5348,499
5349,499
5350,499
5351,499
5352,499
5353,499
5354,499
5355,499
5356,499
5357,499
5358,499
5359,499
5360,499
5361,499
5362,499
5363,499
5364,499
5365,499
5366,499
5367,499
5368,499
5369,499
5370,499
5371,499
5372,499
5373,499
5374,499
5375,499
5376,499
5377,499
5378,499
5379,499
5380,499
5381,499
5382,499
5383,499
5384,499
5385,499
5386,499
5387,499
5388,499
5389,499
5390,499
5391,499
5392,499
5393,499
5394,499
5395,499
5396,499
5397,499
5398,499
5399,499
5400,499
5401,499
5402,499
5403,499
5404,499
5405,499
5406,499
5407,499
5408,499
5409,499
5410,499
5411,499
5412,499
5413,499
5414,499
5415,499
5416,499
5417,499
5418,499
5419,499
5420,499
5421,499
5422,499
5423,499
5424,499
5425,499
5426,499
5427,499
5428,499
5429,499
5430,499
5431,499
5432,499
5433,499
5434,499
5435,499
5436,499
5437,499
5438,499
5439,499
5440,499
5441,499
5442,499
5443,499
5444,499
5445,499
5446,499
5447,499
5448,499
5449,499
5450,499
5451,499
5452,499
5453,499
5454,499
5455,499
5456,499
5457,499
5458,499
5459,499
5460,499
5461,499
5462,499
5463,499
5464,499
5465,499
5466,499
5467,499
5468,499
5469,499
5470,499
5471,499
5472,499
5473,499
5474,499
5475,499
5476,499
5477,499
5478,499
5479,499
5480,499
5481,499
5482,499
5483,499
5484,499
5485,499
5486,499
5487,499
5488,499
5489,499
5490,499
5491,499
5492,499
5493,499
5494,499
5495,499
5496,499
5497,499
5498,499
5499,499
5500,499
5501,499
5502,499
5503,499
5504,499
5505,499
5506,499
5507,499
5508,499
5509,499
5510,499
5511,499
5512,499
5513,499
5514,499
5515,499
5516,499
5517,499
5518,499
5519,499
5520,499
5521,499
5522,499
5523,499
5524,499
5525,499
5526,499
5527,499
5528,499
5529,499
5530,499
5531,499
5532,499
5533,499
5534,499
5535,499
5536,499
5537,499
5538,499
5539,499
5540,499
5541,499
5542,499
5543,499
5544,499
5545,499
5546,499
5547,499
5548,499
5549,499
5550,499
5551,499
5552,499
5553,499
5554,499
5555,499
5556,499
5557,499
5558,499
5559,499
5560,499
5561,499
5562,499
5563,499
5564,499
5565,499
5566,499
5567,499
5568,499
5569,499
5570,499
5571,499
5572,499
5573,499
5574,499
5575,499
5576,499
5577,499
5578,499
5579,499
5580,499
5581,499
5582,499
5583,499
5584,499
5585,499
5586,499
5587,499
5588,499
5589,499
5590,499
5591,499
5592,499
5593,499
5594,499
5595,499
5596,499
5597,499
5598,499
5599,499
5600,499
5601,499
5602,499
5603,499
5604,499
5605,499
5606,499
5607,499
5608,499
5609,499
5610,499
5611,499
5612,499
5613,499
5614,499
5615,499
5616,499
5617,499
5618,499
5619,499
5620,499
5621,499
5622,499
5623,499
5624,499
5625,499
5626,499
5627,499
5628,499
5629,499
5630,499
5631,499
5632,499
5633,499
5634,499
5635,499
5636,499
5637,499
5638,499
5639,499
5640,499
5641,499
5642,499
5643,499
5644,499
5645,499
5646,499
5647,499
5648,499
5649,499
5650,499
5651,499
5652,499
5653,499
5654,499
5655,499
5656,499
5657,499
5658,499
5659,499
5660,499
5661,499
5662,499
5663,499
5664,499
5665,499
5666,499
5667,499
5668,499
5669,499
5670,499
5671,499
5672,499
5673,499
5674,499
5675,499
5676,499
5677,499
5678,499
5679,499
5680,499
5681,499
5682,499
5683,499
5684,499
5685,499
5686,499
5687,499
5688,499
5689,499
5690,499
5691,499
5692,499
5693,499
5694,499
5695,499
5696,499
5697,499
5698,499
5699,499
5700,499
5701,499
5702,499
5703,499
5704,499
5705,499
5706,499
5707,499
5708,499
5709,499
5710,499
5711,499
5712,499
5713,499
5714,499
5715,499
5716,499
5717,499
5718,499
5719,499
5720,499
5721,499
5722,499
5723,499
5724,499
5725,499
5726,499
5727,499
5728,499
5729,499
5730,499
5731,499
5732,499
5733,499
5734,499
5735,499
5736,499
5737,499
5738,499
5739,499
5740,499
5741,499
5742,499
5743,499
5744,499
5745,499
5746,499
5747,499
5748,499
5749,499
5750,499
5751,499
5752,499
5753,499
5754,499
5755,499
5756,499
5757,499
5758,499
5759,499
5760,499
5761,499
5762,499
5763,499
5764,499
5765,499
5766,499
5767,499
5768,499
5769,499
5770,499
5771,499
5772,499
5773,499
5774,499
5775,499
5776,499
5777,499
5778,499
5779,499
5780,499
5781,499
5782,499
5783,499
5784,499
5785,499
5786,499
5787,499
5788,499
5789,499
5790,499
5791,499
5792,499
5793,499
5794,499
5795,499
5796,499
5797,499
5798,499
5799,499
5800,499
5801,499
5802,499
5803,499
5804,499
5805,499
5806,499
5807,499
5808,499
5809,499
5810,499
5811,499
5812,499
5813,499
5814,499
5815,499
5816,499
5817,499
5818,499
5819,499
5820,499
5821,499
5822,499
5823,499
5824,499
5825,499
5826,499
5827,499
5828,499
5829,499
5830,499
5831,499
5832,499
5833,499
5834,499
5835,499
5836,499
5837,499
5838,499
5839,499
5840,499
5841,499
5842,499
5843,499
5844,499
5845,499
5846,499
5847,499
5848,499
5849,499
5850,499
5851,499
5852,499
5853,499
5854,499
5855,499
5856,499
5857,499
5858,499
5859,499
5860,499
5861,499
5862,499
5863,499
5864,499
5865,499
5866,499
5867,499
5868,499
5869,499
5870,499
5871,499
5872,499
5873,499
5874,499
5875,499
5876,499
5877,499
5878,499
5879,499
5880,499
5881,499
5882,499
5883,499
5884,499
5885,499
5886,499
5887,499
5888,499
5889,499
5890,499
5891,499
5892,499
5893,499
5894,499
5895,499
5896,499
5897,499
5898,499
5899,499
5900,499
5901,499
5902,499
5903,499
5904,499
5905,499
5906,499
5907,499
5908,499
5909,499
5910,499
5911,499
5912,499
5913,499
5914,499
5915,499
5916,499
5917,499
5918,499
5919,499
5920,499
5921,499
5922,499
5923,499
5924,499
5925,499
5926,499
5927,499
5928,499
5929,499
5930,499
5931,499
5932,499
5933,499
5934,499
5935,499
5936,499
5937,499
5938,499
5939,499
5940,499
5941,499
5942,499
5943,499
5944,499
5945,499
5946,499
5947,499
5948,499
5949,499
5950,499
5951,499
5952,499
5953,499
5954,499
5955,499
5956,499
5957,499
5958,499
5959,499
5960,499
5961,499
5962,499
5963,499
5964,499
5965,499
5966,499
5967,499
5968,499
5969,499
5970,499
5971,499
5972,499
5973,499
5974,499
5975,499
5976,499
5977,499
5978,499
5979,499
5980,499
5981,499
5982,499
5983,499
5984,499
5985,499
5986,499
5987,499
5988,499
5989,499
5990,499
5991,499
5992,499
5993,499
5994,499
5995,499
5996,499
5997,499
5998,499
5999,499
6000,499
6001,499
6002,499
6003,499
6004,499
6005,499
6006,499
6007,499
6008,499
6009,499
6010,499
6011,499
6012,499
6013,499
6014,499
6015,499
6016,499
6017,499
6018,499
6019,499
6020,499
6021,499
6022,499
6023,499
6024,499
6025,499
6026,499
6027,499
6028,499
6029,499
6030,499
6031,499
6032,499
6033,499
6034,499
6035,499
6036,499
6037,499
6038,499
6039,499
6040,499
6041,499
6042,499
6043,499
6044,499
6045,499
6046,499
6047,499
6048,499
6049,499
6050,499
6051,499
6052,499
6053,499
6054,499
6055,499
6056,499
6057,499
6058,499
6059,499
6060,499
6061,499
6062,499
6063,499
6064,499
6065,499
6066,499
6067,499
6068,499
6069,499
6070,499
6071,499
6072,499
6073,499
6074,499
6075,499
6076,499
6077,499
6078,499
6079,499
6080,499
6081,499
6082,499
6083,499
6084,499
6085,499
6086,499
6087,499
6088,499
6089,499
6090,499
6091,499
6092,499
6093,499
6094,499
6095,499
6096,499
6097,499
6098,499
6099,499
6100,499
6101,499
6102,499
6103,499
6104,499
6105,499
6106,499
6107,499
6108,499
6109,499
6110,499
6111,499
6112,499
6113,499
6114,499
6115,499
6116,499
6117,499
6118,499
6119,499
6120,499
6121,499
6122,499
6123,499
6124,499
6125,499
6126,499
6127,499
6128,499
6129,499
6130,499
6131,499
6132,499
6133,499
6134,499
6135,499
6136,499
6137,499
6138,499
6139,499
6140,499
6141,499
6142,499
6143,499
6144,499
6145,499
6146,499
6147,499
6148,499
6149,499
6150,499
6151,499
6152,499
6153,499
6154,499
6155,499
6156,499
6157,499
6158,499
6159,499
6160,499
6161,499
6162,499
6163,499
6164,499
6165,499
6166,499
6167,499
6168,499
6169,499
6170,499
6171,499
6172,499
6173,499
6174,499
6175,499
6176,499
6177,499
6178,499
6179,499
6180,499
6181,499
6182,499
6183,499
6184,499
6185,499
6186,499
6187,499
6188,499
6189,499
6190,499
6191,499
6192,499
6193,499
6194,499
6195,499
6196,499
6197,499
6198,499
6199,499
6200,499
6201,499
6202,499
6203,499
6204,499
6205,499
6206,499
6207,499
6208,499
6209,499
6210,499
6211,499
6212,499
6213,499
6214,499
6215,499
6216,499
6217,499
6218,499
6219,499
6220,499
6221,499
6222,499
6223,499
6224,499
6225,499
6226,499
6227,499
6228,499
6229,499
6230,499
6231,499
6232,499
6233,499
6234,499
6235,499
6236,499
6237,499
6238,499
6239,499
6240,499
6241,499
6242,499
6243,499
6244,499
6245,499
6246,499
6247,499
6248,499
6249,499
6250,499
6251,499
6252,499
6253,499
6254,499
6255,499
6256,499
6257,499
6258,499
6259,499
6260,499
6261,499
6262,499
6263,499
6264,499
6265,499
6266,499
6267,499
6268,499
6269,499
6270,499
6271,499
6272,499
6273,499
6274,499
6275,499
6276,499
6277,499
6278,499
6279,499
6280,499
6281,499
6282,499
6283,499
6284,499
6285,499
6286,499
6287,499
6288,499
6289,499
6290,499
6291,499
6292,499
6293,499
6294,499
6295,499
6296,499
6297,499
6298,499
6299,499
6300,499
6301,499
6302,499
6303,499
6304,499
6305,499
6306,499
6307,499
6308,499
6309,499
6310,499
6311,499
6312,499
6313,499
6314,499
6315,499
6316,499
6317,499
6318,499
6319,499
6320,499
6321,499
6322,499
6323,499
6324,499
6325,499
6326,499
6327,499
6328,499
6329,499
6330,499
6331,499
6332,499
6333,499
6334,499
6335,499
6336,499
6337,499
6338,499
6339,499
6340,499
6341,499
6342,499
6343,499
6344,499
6345,499
6346,499
6347,499
6348,499
6349,499
6350,499
6351,499
6352,499
6353,499
6354,499
6355,499
6356,499
6357,499
6358,499
6359,499
6360,499
6361,499
6362,499
6363,499
6364,499
6365,499
6366,499
6367,499
6368,499
6369,499
6370,499
6371,499
6372,499
6373,499
6374,499
6375,499
6376,499
6377,499
6378,499
6379,499
6380,499
6381,499
6382,499
6383,499
6384,499
6385,499
6386,499
6387,499
6388,499
6389,499
6390,499
6391,499
6392,499
6393,499
6394,499
6395,499
6396,499
6397,499
6398,499
6399,499
6400,499
6401,499
6402,499
6403,499
6404,499
6405,499
6406,499
6407,499
6408,499
6409,499
6410,499
6411,499
6412,499
6413,499
6414,499
6415,499
6416,499
6417,499
6418,499
6419,499
6420,499
6421,499
6422,499
6423,499
6424,499
6425,499
6426,499
6427,499
6428,499
6429,499
6430,499
6431,499
6432,499
6433,499
6434,499
6435,499
6436,499
6437,499
6438,499
6439,499
6440,499
6441,499
6442,499
6443,499
6444,499
6445,499
6446,499
6447,499
6448,499
6449,499
6450,499
6451,499
6452,499
6453,499
6454,499
6455,499
6456,499
6457,499
6458,499
6459,499
6460,499
6461,499
6462,499
6463,499
6464,499
6465,499
6466,499
6467,499
6468,499
6469,499
6470,499
6471,499
6472,499
6473,499
6474,499
6475,499
6476,499
6477,499
6478,499
6479,499
6480,499
6481,499
6482,499
6483,499
6484,499
6485,499
6486,499
6487,499
6488,499
6489,499
6490,499
6491,499
6492,499
6493,499
6494,499
6495,499
6496,499
6497,499
6498,499
6499,499
6500,499
6501,499
6502,499
6503,499
6504,499
6505,499
6506,499
6507,499
6508,499
6509,499
6510,499
6511,499
6512,499
6513,499
6514,499
6515,499
6516,499
6517,499
6518,499
6519,499
6520,499
6521,499
6522,499
6523,499
6524,499
6525,499
6526,499
6527,499
6528,499
6529,499
6530,499
6531,499
6532,499
6533,499
6534,499
6535,499
6536,499
6537,499
6538,499
6539,499
6540,499
6541,499
6542,499
6543,499
6544,499
6545,499
6546,499
6547,499
6548,499
6549,499
6550,499
6551,499
6552,499
6553,499
6554,499
6555,499
6556,499
6557,499
6558,499
6559,499
6560,499
6561,499
6562,499
6563,499
6564,499
6565,499
6566,499
6567,499
6568,499
6569,499
6570,499
6571,499
6572,499
6573,499
6574,499
6575,499
6576,499
6577,499
6578,499
6579,499
6580,499
6581,499
6582,499
6583,499
6584,499
6585,499
6586,499
6587,499
6588,499
6589,499
6590,499
6591,499
6592,499
6593,499
6594,499
6595,499
6596,499
6597,499
6598,499
6599,499
6600,499
6601,499
6602,499
6603,499
6604,499
6605,499
6606,499
6607,499
6608,499
6609,499
6610,499
6611,499
6612,499
6613,499
6614,499
6615,499
6616,499
6617,499
6618,499
6619,499
6620,499
6621,499
6622,499
6623,499
6624,499
6625,499
6626,499
6627,499
6628,499
6629,499
6630,499
6631,499
6632,499
6633,499
6634,499
6635,499
6636,499
6637,499
6638,499
6639,499
6640,499
6641,499
6642,499
6643,499
6644,499
6645,499
6646,499
6647,499
6648,499
6649,499
6650,499
6651,499
6652,499
6653,499
6654,499
6655,499
6656,499
6657,499
6658,499
6659,499
6660,499
6661,499
6662,499
6663,499
6664,499
6665,499
6666,499
6667,499
6668,499
6669,499
6670,499
6671,499
6672,499
6673,499
6674,499
6675,499
6676,499
6677,499
6678,499
6679,499
6680,499
6681,499
6682,499
6683,499
6684,499
6685,499
6686,499
6687,499
6688,499
6689,499
6690,499
6691,499
6692,499
6693,499
6694,499
6695,499
6696,499
6697,499
6698,499
6699,499
6700,499
6701,499
6702,499
6703,499
6704,499
6705,499
6706,499
6707,499
6708,499
6709,499
6710,499
6711,499
6712,499
6713,499
6714,499
6715,499
6716,499
6717,499
6718,499
6719,499
6720,499
6721,499
6722,499
6723,499
6724,499
6725,499
6726,499
6727,499
6728,499
6729,499
6730,499
6731,499
6732,499
6733,499
6734,499
6735,499
6736,499
6737,499
6738,499
6739,499
6740,499
6741,499
6742,499
6743,499
6744,499
6745,499
6746,499
6747,499
6748,499
6749,499
6750,499
6751,499
6752,499
6753,499
6754,499
6755,499
6756,499
6757,499
6758,499
6759,499
6760,499
6761,499
6762,499
6763,499
6764,499
6765,499
6766,499
6767,499
6768,499
6769,499
6770,499
6771,499
6772,499
6773,499
6774,499
6775,499
6776,499
6777,499
6778,499
6779,499
6780,499
6781,499
6782,499
6783,499
6784,499
6785,499
6786,499
6787,499
6788,499
6789,499
6790,499
6791,499
6792,499
6793,499
6794,499
6795,499
6796,499
6797,499
6798,499
6799,499
6800,499
6801,499
6802,499
6803,499
6804,499
6805,499
6806,499
6807,499
6808,499
6809,499
6810,499
6811,499
6812,499
6813,499
6814,499
6815,499
6816,499
6817,499
6818,499
6819,499
6820,499
6821,499
6822,499
6823,499
6824,499
6825,499
6826,499
6827,499
6828,499
6829,499
6830,499
6831,499
6832,499
6833,499
6834,499
6835,499
6836,499
6837,499
6838,499
6839,499
6840,499
6841,499
6842,499
6843,499
6844,499
6845,499
6846,499
6847,499
6848,499
6849,499
6850,499
6851,499
6852,499
6853,499
6854,499
6855,499
6856,499
6857,499
6858,499
6859,499
6860,499
6861,499
6862,499
6863,499
6864,499
6865,499
6866,499
6867,499
6868,499
6869,499
6870,499
6871,499
6872,499
6873,499
6874,499
6875,499
6876,499
6877,499
6878,499
6879,499
6880,499
6881,499
6882,499
6883,499
6884,499
6885,499
6886,499
6887,499
6888,499
6889,499
6890,499
6891,499
6892,499
6893,499
6894,499
6895,499
6896,499
6897,499
6898,499
6899,499
6900,499
6901,499
6902,499
6903,499
6904,499
6905,499
6906,499
6907,499
6908,499
6909,499
6910,499
6911,499
6912,499
6913,499
6914,499
6915,499
6916,499
6917,499
6918,499
6919,499
6920,499
6921,499
6922,499
6923,499
6924,499
6925,499
6926,499
6927,499
6928,499
6929,499
6930,499
6931,499
6932,499
6933,499
6934,499
6935,499
6936,499
6937,499
6938,499
6939,499
6940,499
6941,499
6942,499
6943,499
6944,499
6945,499
6946,499
6947,499
6948,499
6949,499
6950,499
6951,499
6952,499
6953,499
6954,499
6955,499
6956,499
6957,499
6958,499
6959,499
6960,499
6961,499
6962,499
6963,499
6964,499
6965,499
6966,499
6967,499
6968,499
6969,499
6970,499
6971,499
6972,499
6973,499
6974,499
6975,499
6976,499
6977,499
6978,499
6979,499
6980,499
6981,499
6982,499
6983,499
6984,499
6985,499
6986,499
6987,499
6988,499
6989,499
6990,499
6991,499
6992,499
6993,499
6994,499
6995,499
6996,499
6997,499
6998,499
6999,499
7000,499
7001,499
7002,499
7003,499
7004,499
7005,499
7006,499
7007,499
7008,499
7009,499
7010,499
7011,499
7012,499
7013,499
7014,499
7015,499
7016,499
7017,499
7018,499
7019,499
7020,499
7021,499
7022,499
7023,499
7024,499
7025,499
7026,499
7027,499
7028,499
7029,499
7030,499
7031,499
7032,499
7033,499
7034,499
7035,499
7036,499
7037,499
7038,499
7039,499
7040,499
7041,499
7042,499
7043,499
7044,499
7045,499
7046,499
7047,499
7048,499
7049,499
7050,499
7051,499
7052,499
7053,499
7054,499
7055,499
7056,499
7057,499
7058,499
7059,499
7060,499
7061,499
7062,499
7063,499
7064,499
7065,499
7066,499
7067,499
7068,499
7069,499
7070,499
7071,499
7072,499
7073,499
7074,499
7075,499
7076,499
7077,499
7078,499
7079,499
7080,499
7081,499
7082,499
7083,499
7084,499
7085,499
7086,499
7087,499
7088,499
7089,499
7090,499
7091,499
7092,499
7093,499
7094,499
7095,499
7096,499
7097,499
7098,499
7099,499
7100,499
7101,499
7102,499
7103,499
7104,499
7105,499
7106,499
7107,499
7108,499
7109,499
7110,499
7111,499
7112,499
7113,499
7114,499
7115,499
7116,499
7117,500
