0,0
1,1
2,2
3,3
4,4
5,5
6,6
7,7
8,8
9,9
10,10
11,11
12,11
13,11
14,12
15,13
16,14
17,15
18,16
19,17
20,18
21,19
22,20
23,21
24,22
25,23
26,24
27,24
28,24
29,25
30,26
31,27
32,28
33,28
34,28
35,29
36,29
37,29
38,30
39,30
40,31
41,32
42,32
43,32
44,33
45,34
46,35
47,36
48,37
49,38
50,39
51,40
52,41
53,42
54,43
55,44
56,45
57,46
58,47
59,47
60,48
61,49
62,50
63,51
64,52
65,53
66,54
67,55
68,56
69,57
70,58
71,59
72,60
73,61
74,62
75,63
76,64
77,65
78,65
79,66
80,67
81,68
82,68
83,69
84,70
85,71
86,72
87,73
88,74
89,74
90,74
91,75
92,76
93,77
94,78
95,78
96,78
97,79
98,80
99,81
100,81
101,81
102,82
103,82
104,82
105,83
106,84
107,84
108,85
109,86
110,87
111,87
112,88
113,88
114,88
115,88
116,88
117,88
118,88
119,88
120,89
121,89
122,89
123,90
124,90
125,91
126,91
127,91
128,91
129,91
130,91
131,91
132,91
133,91
134,91
135,91
136,91
137,91
138,92
139,93
140,93
141,93
142,94
143,95
144,95
145,95
146,95
147,96
148,96
149,96
150,96
151,97
152,98
153,98
154,99
155,99
156,100
157,101
158,102
159,103
160,104
161,105
162,105
163,106
164,107
165,107
166,107
167,107
168,107
169,108
170,108
171,109
172,109
173,109
174,109
175,109
176,109
177,110
178,111
179,112
180,113
181,114
182,115
183,115
184,116
185,116
186,116
187,117
188,117
189,118
190,118
191,118
192,118
193,118
194,118
195,119
196,120
197,121
198,121
199,122
200,122
201,122
202,122
203,122
204,122
205,122
206,122
207,122
208,122
209,122
210,122
211,122
212,123
213,123
214,123
215,123
216,124
217,124
218,125
219,125
220,125
221,125
222,125
223,125
224,126
225,126
226,126
227,127
228,127
229,127
230,128
231,129
232,130
233,131
234,132
235,133
236,134
237,135
238,135
239,136
240,137
241,138
242,139
243,139
244,140
245,141
246,142
247,143
248,143
249,144
250,144
251,144
252,144
253,144
254,144
255,144
256,144
257,144
258,144
259,144
260,144
261,144
262,144
263,144
264,144
265,144
266,145
267,145
268,145
269,145
270,145
271,145
272,146
273,146
274,147
275,147
276,147
277,147
278,148
279,148
280,148
281,149
282,150
283,150
284,151
285,151
286,152
287,153
288,154
289,154
290,155
291,155
292,156
293,156
294,156
295,157
296,157
297,157
298,157
299,157
300,157
301,158
302,158
303,158
304,158
305,158
306,158
307,159
308,159
309,159
310,159
311,159
312,159
313,159
314,159
315,159
316,159
317,160
318,160
319,160
320,160
321,161
322,161
323,161
324,161
325,161
326,161
327,161
328,161
329,161
330,161
331,161
332,161
333,161
334,161
335,161
336,161
337,162
338,162
339,162
340,162
341,162
342,163
343,163
344,164
345,165
346,166
347,167
348,168
349,169
350,170
351,171
352,172
353,172
354,172
355,173
356,174
357,175
358,176
359,177
360,178
361,179
362,180
363,181
364,182
365,183
366,184
367,184
368,185
369,186
370,186
371,187
372,188
373,189
374,190
375,191
376,192
377,193
378,194
379,195
380,195
381,196
382,197
383,198
384,198
385,199
386,199
387,200
388,200
389,201
390,202
391,203
392,204
393,205
394,206
395,207
396,208
397,209
398,209
399,210
400,211
401,212
402,213
403,213
404,214
405,214
406,215
407,216
408,217
409,218
410,219
411,220
412,221
413,221
414,221
415,222
416,223
417,224
418,225
419,225
420,225
421,225
422,225
423,226
424,227
425,227
426,228
427,229
428,230
429,231
430,232
431,233
432,234
433,234
434,234
435,235
436,236
437,237
438,238
439,238
440,238
441,238
442,238
443,238
444,239
445,240
446,240
447,240
448,240
449,240
450,241
451,242
452,242
453,243
454,243
455,244
456,245
457,245
458,245
459,245
460,246
461,246
462,247
463,248
464,248
465,249
466,249
467,249
468,249
469,249
470,250
471,250
472,250
473,250
474,250
475,250
476,250
477,250
478,250
479,251
480,251
481,251
482,251
483,252
484,252
485,252
486,253
487,253
488,253
489,253
490,253
491,253
492,253
493,253
494,253
495,253
496,253
497,253
498,253
499,253
500,253
501,253
502,253
503,253
504,253
505,253
506,253
507,253
508,253
509,253
510,254
511,254
512,254
513,254
514,254
515,254
516,254
517,254
518,254
519,254
520,255
521,255
522,255
523,255
524,255
525,255
526,255
527,255
528,255
529,255
530,255
531,255
532,256
533,256
534,256
535,256
536,257
537,257
538,257
539,257
540,257
541,257
542,257
543,257
544,257
545,257
546,257
547,257
548,257
549,257
550,257
551,257
552,257
553,257
554,257
555,257
556,257
557,257
558,257
559,257
560,257
561,257
562,257
563,257
564,257
565,257
566,257
567,257
568,257
569,257
570,257
571,257
572,258
573,258
574,258
575,258
576,258
577,258
578,258
579,258
580,258
581,258
582,258
583,258
584,258
585,258
586,258
587,258
588,258
589,258
590,258
591,258
592,259
593,259
594,260
595,260
596,260
597,261
598,261
599,261
600,262
601,262
602,262
603,263
604,263
605,264
606,264
607,264
608,264
609,264
610,264
611,265
612,265
613,265
614,265
615,265
616,265
617,265
618,265
619,266
620,267
621,267
622,267
623,267
624,267
625,267
626,267
627,268
628,268
629,268
630,268
631,269
632,270
633,271
634,272
635,273
636,274
637,275
638,276
639,277
640,278
641,278
642,278
643,278
644,278
645,278
646,278
647,279
648,280
649,280
650,280
651,280
652,280
653,281
654,282
655,282
656,282
657,282
658,282
659,282
660,282
661,282
662,282
663,282
664,282
665,282
666,282
667,283
668,283
669,283
670,283
671,283
672,283
673,283
674,283
675,283
676,283
677,283
678,284
679,284
680,284
681,284
682,284
683,284
684,284
685,284
686,284
687,284
688,284
689,285
690,286
691,287
692,288
693,289
694,290
695,291
696,292
697,293
698,294
699,295
700,296
701,297
702,298
703,299
704,300
705,301
706,302
707,302
708,303
709,303
710,304
711,304
712,305
713,305
714,306
715,307
716,308
717,309
718,310
719,311
720,312
721,313
722,313
723,313
724,314
725,314
726,314
727,314
728,314
729,314
730,314
731,314
732,314
733,314
734,314
735,314
736,314
737,314
738,314
739,315
740,315
741,315
742,315
743,316
744,316
745,316
746,316
747,316
748,317
749,317
750,317
751,317
752,318
753,318
754,318
755,318
756,318
757,318
758,318
759,318
760,318
761,318
762,318
763,318
764,318
765,318
766,318
767,318
768,318
769,318
770,318
771,318
772,318
773,318
774,318
775,318
776,318
777,318
778,318
779,318
780,318
781,318
782,318
783,318
784,318
785,318
786,318
787,318
788,318
789,318
790,318
791,318
792,318
793,318
794,318
795,318
796,318
797,318
798,319
799,319
800,320
801,321
802,321
803,321
804,321
805,322
806,323
807,324
808,324
809,324
810,324
811,325
812,325
813,325
814,326
815,326
816,327
817,328
818,329
819,330
820,331
821,332
822,333
823,334
824,335
825,335
826,336
827,337
828,338
829,339
830,340
831,341
832,341
833,341
834,342
835,342
836,343
837,344
838,344
839,345
840,345
841,346
842,347
843,347
844,347
845,347
846,348
847,348
848,348
849,348
850,348
851,348
852,348
853,348
854,348
855,348
856,349
857,350
858,351
859,351
860,351
861,351
862,351
863,352
864,353
865,354
866,354
867,355
868,355
869,356
870,356
871,356
872,356
873,356
874,356
875,356
876,356
877,356
878,356
879,357
880,358
881,358
882,359
883,360
884,360
885,360
886,360
887,360
888,361
889,361
890,362
891,362
892,362
893,363
894,363
895,364
896,364
897,364
898,364
899,364
900,365
901,366
902,367
903,368
904,368
905,368
906,368
907,368
908,368
909,368
910,368
911,368
912,369
913,369
914,370
915,370
916,371
917,371
918,371
919,371
920,371
921,371
922,371
923,371
924,371
925,371
926,371
927,372
928,372
929,372
930,372
931,372
932,372
933,372
934,373
935,373
936,374
937,374
938,375
939,375
940,375
941,376
942,377
943,377
944,378
945,378
946,378
947,379
948,380
949,380
950,380
951,381
952,382
953,382
954,382
955,383
956,383
957,384
958,384
959,384
960,384
961,385
962,386
963,387
964,388
965,389
966,389
967,389
968,390
969,391
970,391
971,391
972,391
973,391
974,391
975,391
976,391
977,392
978,393
979,393
980,394
981,394
982,394
983,394
984,394
985,395
986,395
987,396
988,396
989,397
990,397
991,398
992,398
993,398
994,398
995,399
996,399
997,399
998,399
999,400
1000,400
1001,400
1002,400
1003,401
1004,401
1005,401
1006,401
1007,402
1008,402
1009,402
1010,402
1011,402
1012,402
1013,402
1014,402
1015,403
1016,403
1017,403
1018,403
1019,403
1020,403
1021,403
1022,403
1023,403
1024,403
1025,403
1026,403
1027,404
1028,404
1029,404
1030,404
1031,404
1032,404
1033,404
1034,404
1035,405
1036,405
1037,405
1038,406
1039,406
1040,406
1041,406
1042,406
1043,406
1044,406
1045,406
1046,406
1047,406
1048,406
1049,406
1050,407
1051,407
1052,407
1053,407
1054,407
1055,408
1056,408
1057,408
1058,408
1059,408
1060,408
1061,408
1062,408
1063,408
1064,408
1065,408
1066,408
1067,408
1068,408
1069,408
1070,409
1071,409
1072,409
1073,409
1074,410
1075,410
1076,410
1077,410
1078,410
1079,410
1080,410
1081,410
1082,410
1083,410
1084,410
1085,410
1086,410
1087,410
1088,410
1089,410
1090,410
1091,410
1092,410
1093,410
1094,410
1095,410
1096,410
1097,410
1098,410
1099,410
1100,410
1101,410
1102,410
1103,410
1104,410
1105,410
1106,410
1107,410
1108,410
1109,410
1110,410
1111,410
1112,411
1113,411
1114,411
1115,411
1116,411
1117,411
1118,411
1119,411
1120,411
1121,411
1122,411
1123,411
1124,411
1125,411
1126,411
1127,411
1128,411
1129,411
1130,411
1131,411
1132,411
1133,411
1134,411
1135,412
1136,412
1137,412
1138,412
1139,412
1140,412
1141,412
1142,412
1143,413
1144,413
1145,413
1146,414
1147,414
1148,414
1149,415
1150,416
1151,416
1152,416
1153,416
1154,416
1155,416
1156,416
1157,416
1158,416
1159,416
1160,416
1161,416
1162,416
1163,416
1164,416
1165,416
1166,416
1167,416
1168,416
1169,416
1170,416
1171,416
1172,416
1173,416
1174,416
1175,416
1176,416
1177,416
1178,416
1179,416
1180,416
1181,416
1182,416
1183,416
1184,416
1185,416
1186,416
1187,416
1188,416
1189,416
1190,416
1191,416
1192,416
1193,416
1194,416
1195,416
1196,416
1197,416
1198,416
1199,416
1200,416
1201,416
1202,416
1203,416
1204,416
1205,416
1206,416
1207,416
1208,416
1209,416
1210,416
1211,416
1212,416
1213,416
1214,417
1215,418
1216,419
1217,420
1218,420
1219,420
1220,420
1221,420
1222,421
1223,421
1224,421
1225,421
1226,421
1227,421
1228,421
1229,421
1230,421
1231,421
1232,421
1233,421
1234,421
1235,421
1236,421
1237,421
1238,421
1239,421
1240,421
1241,421
1242,421
1243,421
1244,421
1245,421
1246,421
1247,421
1248,421
1249,421
1250,421
1251,421
1252,421
1253,421
1254,421
1255,421
1256,421
1257,421
1258,421
1259,421
1260,421
1261,421
1262,421
1263,421
1264,421
1265,421
1266,421
1267,421
1268,421
1269,421
1270,421
1271,421
1272,421
1273,421
1274,421
1275,421
1276,421
1277,421
1278,422
1279,422
1280,422
1281,422
1282,423
1283,424
1284,424
1285,425
1286,426
1287,427
1288,427
1289,428
1290,428
1291,429
1292,429
1293,429
1294,430
1295,431
1296,431
1297,432
1298,432
1299,432
1300,432
1301,432
1302,432
1303,433
1304,433
1305,433
1306,434
1307,434
1308,434
1309,434
1310,434
1311,434
1312,434
1313,434
1314,434
1315,434
1316,435
1317,435
1318,435
1319,435
1320,435
1321,435
1322,435
1323,435
1324,436
1325,437
1326,437
1327,438
1328,438
1329,438
1330,439
1331,439
1332,439
1333,439
1334,439
1335,440
1336,440
1337,440
1338,440
1339,440
1340,440
1341,441
1342,441
1343,441
1344,441
1345,441
1346,441
1347,441
1348,441
1349,441
1350,441
1351,441
1352,441
1353,441
1354,441
1355,441
1356,441
1357,441
1358,441
1359,441
1360,441
1361,441
1362,441
1363,441
1364,441
1365,441
1366,441
1367,441
1368,441
1369,441
1370,442
1371,442
1372,442
1373,443
1374,443
1375,443
1376,443
1377,443
1378,443
1379,443
1380,443
1381,443
1382,443
1383,443
1384,443
1385,444
1386,444
1387,444
1388,444
1389,444
1390,444
1391,444
1392,444
1393,444
1394,444
1395,444
1396,444
1397,444
1398,444
1399,444
1400,444
1401,444
1402,444
1403,444
1404,444
1405,444
1406,444
1407,444
1408,444
1409,444
1410,444
1411,444
1412,444
1413,444
1414,444
1415,444
1416,444
1417,444
1418,444
1419,444
1420,444
1421,444
1422,444
1423,445
1424,446
1425,446
1426,446
1427,446
1428,446
1429,446
1430,446
1431,446
1432,446
1433,446
1434,446
1435,446
1436,446
1437,446
1438,446
1439,446
1440,446
1441,446
1442,446
1443,446
1444,446
1445,446
1446,446
1447,446
1448,446
1449,446
1450,446
1451,446
1452,446
1453,446
1454,446
1455,446
1456,446
1457,446
1458,447
1459,447
1460,447
1461,447
1462,448
1463,448
1464,448
1465,448
1466,448
1467,449
1468,449
1469,450
1470,450
1471,450
1472,450
1473,450
1474,450
1475,450
1476,450
1477,450
1478,450
1479,450
1480,450
1481,450
1482,450
1483,450
1484,451
1485,451
1486,452
1487,452
1488,452
1489,452
1490,452
1491,452
1492,452
1493,452
1494,452
1495,452
1496,452
1497,452
1498,452
1499,453
1500,453
1501,453
1502,453
1503,453
1504,453
1505,453
1506,453
1507,453
1508,453
1509,453
1510,453
1511,453
1512,453
1513,453
1514,453
1515,453
1516,453
1517,453
1518,453
1519,453
1520,453
1521,453
1522,453
1523,453
1524,453
1525,453
1526,453
1527,453
1528,453
1529,453
1530,453
1531,453
1532,453
1533,453
1534,453
1535,453
1536,453
1537,453
1538,453
1539,453
1540,453
1541,453
1542,453
1543,453
1544,453
1545,453
1546,453
1547,453
1548,453
1549,453
1550,453
1551,453
1552,453
1553,453
1554,453
1555,453
1556,453
1557,453
1558,453
1559,453
1560,453
1561,453
1562,453
1563,453
1564,453
1565,453
1566,453
1567,453
1568,453
1569,453
1570,453
1571,453
1572,453
1573,453
1574,453
1575,453
1576,453
1577,453
1578,453
1579,453
1580,453
1581,453
1582,453
1583,453
1584,453
1585,453
1586,453
1587,453
1588,453
1589,453
1590,453
1591,453
1592,453
1593,453
1594,453
1595,453
1596,453
1597,454
1598,454
1599,454
1600,454
1601,454
1602,454
1603,454
1604,454
1605,454
1606,454
1607,454
1608,454
1609,455
1610,455
1611,455
1612,455
1613,455
1614,455
1615,455
1616,455
1617,455
1618,455
1619,456
1620,456
1621,456
1622,457
1623,457
1624,457
1625,457
1626,457
1627,457
1628,457
1629,457
1630,457
1631,457
1632,457
1633,457
1634,458
1635,458
1636,458
1637,458
1638,458
1639,458
1640,458
1641,458
1642,458
1643,458
1644,458
1645,458
1646,458
1647,458
1648,458
1649,458
1650,458
1651,458
1652,458
1653,458
1654,458
1655,458
1656,458
1657,458
1658,458
1659,458
1660,458
1661,458
1662,458
1663,458
1664,458
1665,458
1666,458
1667,458
1668,458
1669,458
1670,458
1671,458
1672,458
1673,458
1674,458
1675,458
1676,458
1677,458
1678,459
1679,460
1680,460
1681,460
1682,461
1683,461
1684,461
1685,461
1686,461
1687,461
1688,461
1689,461
1690,461
1691,461
1692,462
1693,462
1694,462
1695,462
1696,462
1697,462
1698,462
1699,462
1700,462
1701,462
1702,462
1703,462
1704,462
1705,462
1706,462
1707,462
1708,462
1709,462
1710,462
1711,462
1712,462
1713,462
1714,462
1715,462
1716,462
1717,462
1718,462
1719,462
1720,462
1721,462
1722,462
1723,462
1724,462
1725,462
1726,462
1727,462
1728,462
1729,462
1730,462
1731,462
1732,462
1733,462
1734,462
1735,462
1736,462
1737,462
1738,462
1739,462
1740,462
1741,462
1742,462
1743,462
1744,462
1745,462
1746,462
1747,462
1748,462
1749,462
1750,462
1751,462
1752,462
1753,462
1754,462
1755,462
1756,462
1757,462
1758,462
1759,462
1760,462
1761,462
1762,462
1763,463
1764,463
1765,463
1766,463
1767,463
1768,463
1769,463
1770,463
1771,463
1772,463
1773,463
1774,463
1775,463
1776,463
1777,463
1778,463
1779,463
1780,463
1781,463
1782,463
1783,463
1784,463
1785,463
1786,463
1787,463
1788,463
1789,464
1790,465
1791,465
1792,465
1793,465
1794,465
1795,465
1796,465
1797,465
1798,465
1799,465
1800,465
1801,465
1802,465
1803,465
1804,465
1805,465
1806,465
1807,466
1808,466
1809,466
1810,466
1811,466
1812,466
1813,466
1814,466
1815,466
1816,466
1817,466
1818,467
1819,468
1820,468
1821,468
1822,468
1823,468
1824,468
1825,468
1826,468
1827,468
1828,468
1829,468
1830,468
1831,468
1832,468
1833,468
1834,468
1835,468
1836,468
1837,468
1838,468
1839,468
1840,468
1841,468
1842,468
1843,468
1844,468
1845,468
1846,468
1847,468
1848,468
1849,468
1850,468
1851,468
1852,468
1853,468
1854,468
1855,468
1856,468
1857,468
1858,469
1859,469
1860,469
1861,469
1862,469
1863,469
1864,469
1865,469
1866,469
1867,469
1868,469
1869,469
1870,469
1871,469
1872,469
1873,469
1874,469
1875,469
1876,469
1877,469
1878,469
1879,469
1880,469
1881,469
1882,469
1883,469
1884,469
1885,469
1886,469
1887,469
1888,469
1889,469
1890,469
1891,469
1892,469
1893,469
1894,470
1895,471
1896,472
1897,472
1898,472
1899,472
1900,472
1901,472
1902,472
1903,473
1904,473
1905,473
1906,473
1907,473
1908,474
1909,474
1910,475
1911,475
1912,475
1913,475
1914,475
1915,475
1916,475
1917,475
1918,475
1919,475
1920,475
1921,475
1922,475
1923,475
1924,475
1925,475
1926,475
1927,475
1928,475
1929,475
1930,476
1931,476
1932,477
1933,477
1934,477
1935,477
1936,477
1937,477
1938,477
1939,477
1940,477
1941,477
1942,477
1943,478
1944,478
1945,478
1946,479
1947,479
1948,479
1949,479
1950,479
1951,479
1952,479
1953,479
1954,479
1955,479
1956,479
1957,479
1958,479
1959,479
1960,479
1961,479
1962,479
1963,479
1964,479
1965,479
1966,479
1967,479
1968,479
1969,479
1970,479
1971,479
1972,479
1973,479
1974,479
1975,479
1976,479
1977,479
1978,479
1979,479
1980,479
1981,479
1982,479
1983,479
1984,479
1985,479
1986,479
1987,479
1988,479
1989,479
1990,479
1991,479
1992,479
1993,479
1994,479
1995,479
1996,479
1997,479
1998,479
1999,479
2000,479
2001,479
2002,479
2003,479
2004,479
2005,480
2006,480
2007,480
2008,480
2009,480
2010,480
2011,480
2012,480
2013,480
2014,480
2015,480
2016,480
2017,480
2018,480
2019,480
2020,480
2021,480
2022,480
2023,480
2024,480
2025,480
2026,480
2027,480
2028,480
2029,480
2030,480
2031,480
2032,480
2033,480
2034,481
2035,481
2036,481
2037,481
2038,481
2039,481
2040,481
2041,481
2042,481
2043,481
2044,481
2045,481
2046,481
2047,481
2048,481
2049,481
2050,481
2051,481
2052,481
2053,481
2054,481
2055,481
2056,481
2057,481
2058,481
2059,481
2060,481
2061,481
2062,481
2063,482
2064,482
2065,482
2066,482
2067,483
2068,483
2069,483
2070,483
2071,483
2072,483
2073,483
2074,483
2075,483
2076,483
2077,483
2078,483
2079,483
2080,483
2081,483
2082,483
2083,483
2084,483
2085,483
2086,483
2087,483
2088,483
2089,483
2090,483
2091,483
2092,483
2093,483
2094,483
2095,483
2096,483
2097,483
2098,483
2099,483
2100,483
2101,483
2102,483
2103,483
2104,483
2105,483
2106,483
2107,483
2108,483
2109,483
2110,483
2111,483
2112,483
2113,483
2114,483
2115,483
2116,483
2117,483
2118,483
2119,483
2120,483
2121,483
2122,483
2123,483
2124,483
2125,483
2126,483
2127,483
2128,483
2129,483
2130,483
2131,483
2132,483
2133,483
2134,483
2135,483
2136,483
2137,483
2138,483
2139,483
2140,483
2141,483
2142,483
2143,483
2144,483
2145,483
2146,483
2147,483
2148,483
2149,483
2150,483
2151,483
2152,483
2153,483
2154,483
2155,483
2156,483
2157,483
2158,483
2159,483
2160,483
2161,483
2162,483
2163,483
2164,483
2165,483
2166,483
2167,483
2168,483
2169,483
2170,483
2171,483
2172,483
2173,483
2174,483
2175,483
2176,483
2177,483
2178,483
2179,483
2180,483
2181,483
2182,483
2183,483
2184,483
2185,483
2186,483
2187,483
2188,483
2189,483
2190,483
2191,483
2192,483
2193,483
2194,483
2195,483
2196,483
2197,483
2198,483
2199,483
2200,483
2201,483
2202,483
2203,483
2204,483
2205,483
2206,483
2207,483
2208,483
2209,483
2210,483
2211,483
2212,483
2213,483
2214,483
2215,483
2216,483
2217,483
2218,483
2219,483
2220,483
2221,483
2222,483
2223,483
2224,483
2225,483
2226,483
2227,483
2228,483
2229,483
2230,483
2231,483
2232,483
2233,483
2234,483
2235,483
2236,483
2237,483
2238,483
2239,483
2240,483
2241,483
2242,483
2243,483
2244,483
2245,483
2246,483
2247,483
2248,483
2249,483
2250,483
2251,483
2252,483
2253,483
2254,483
2255,483
2256,483
2257,483
2258,483
2259,483
2260,483
2261,483
2262,483
2263,483
2264,483
2265,483
2266,483
2267,483
2268,483
2269,483
2270,483
2271,483
2272,483
2273,483
2274,483
2275,483
2276,483
2277,483
2278,483
2279,483
2280,483
2281,483
2282,483
2283,483
2284,483
2285,483
2286,483
2287,483
2288,483
2289,483
2290,483
2291,483
2292,484
2293,484
2294,484
2295,484
2296,484
2297,484
2298,484
2299,484
2300,484
2301,484
2302,484
2303,484
2304,484
2305,484
2306,484
2307,484
2308,484
2309,484
2310,484
2311,484
2312,484
2313,484
2314,484
2315,484
2316,484
2317,484
2318,484
2319,484
2320,484
2321,484
2322,484
2323,484
2324,484
2325,484
2326,484
2327,484
2328,484
2329,484
2330,484
2331,484
2332,484
2333,484
2334,484
2335,484
2336,484
2337,484
2338,484
2339,484
2340,484
2341,484
2342,484
2343,484
2344,484
2345,484
2346,484
2347,484
2348,484
2349,484
2350,484
2351,484
2352,484
2353,484
2354,484
2355,485
2356,485
2357,485
2358,485
2359,485
2360,485
2361,485
2362,485
2363,485
2364,485
2365,485
2366,485
2367,485
2368,485
2369,485
2370,485
2371,485
2372,485
2373,485
2374,485
2375,485
2376,485
2377,485
2378,485
2379,485
2380,485
2381,485
2382,485
2383,485
2384,485
2385,485
2386,485
2387,485
2388,485
2389,485
2390,485
2391,485
2392,486
2393,486
2394,486
2395,486
2396,486
2397,486
2398,486
2399,486
2400,486
2401,486
2402,486
2403,486
2404,486
2405,486
2406,486
2407,486
2408,486
2409,486
2410,486
2411,486
2412,486
2413,486
2414,486
2415,486
2416,486
2417,486
2418,486
2419,486
2420,486
2421,486
2422,486
2423,486
2424,486
2425,486
2426,486
2427,486
2428,486
2429,486
2430,486
2431,486
2432,486
2433,487
2434,487
2435,487
2436,487
2437,487
2438,487
2439,487
2440,487
2441,487
2442,487
2443,487
2444,487
2445,487
2446,487
2447,487
2448,487
2449,487
2450,487
2451,487
2452,487
2453,487
2454,487
2455,487
2456,487
2457,487
2458,487
2459,487
2460,487
2461,487
2462,487
2463,487
2464,487
2465,487
2466,487
2467,487
2468,487
2469,487
2470,487
2471,487
2472,487
2473,487
2474,487
2475,487
2476,487
2477,487
2478,487
2479,487
2480,488
2481,488
2482,488
2483,488
2484,488
2485,488
2486,488
2487,488
2488,488
2489,488
2490,488
2491,488
2492,488
2493,488
2494,488
2495,488
2496,488
2497,488
2498,488
2499,488
2500,488
2501,488
2502,488
2503,488
2504,488
2505,488
2506,488
2507,488
2508,488
2509,488
2510,488
2511,488
2512,488
2513,488
2514,488
2515,488
2516,488
2517,488
2518,488
2519,488
2520,488
2521,488
2522,488
2523,488
2524,488
2525,488
2526,488
2527,488
2528,488
2529,488
2530,488
2531,488
2532,488
2533,488
2534,488
2535,488
2536,488
2537,488
2538,488
2539,488
2540,488
2541,488
2542,488
2543,488
2544,488
2545,488
2546,488
2547,488
2548,488
2549,488
2550,488
2551,488
2552,488
2553,488
2554,488
2555,488
2556,488
2557,488
2558,488
2559,488
2560,488
2561,488
2562,488
2563,488
2564,488
2565,488
2566,488
2567,488
2568,488
2569,488
2570,488
2571,488
2572,488
2573,488
2574,488
2575,488
2576,488
2577,488
2578,488
2579,488
2580,488
2581,488
2582,488
2583,488
2584,488
2585,488
2586,488
2587,488
2588,488
2589,488
2590,488
2591,488
2592,488
2593,488
2594,488
2595,488
2596,488
2597,488
2598,488
2599,488
2600,488
2601,488
2602,488
2603,488
2604,488
2605,488
2606,488
2607,488
2608,488
2609,488
2610,488
2611,488
2612,488
2613,488
2614,488
2615,488
2616,488
2617,488
2618,488
2619,488
2620,488
2621,488
2622,488
2623,488
2624,488
2625,488
2626,488
2627,488
2628,488
2629,488
2630,488
2631,488
2632,488
2633,488
2634,488
2635,488
2636,488
2637,488
2638,488
2639,488
2640,488
2641,488
2642,488
2643,488
2644,488
2645,488
2646,488
2647,488
2648,488
2649,488
2650,488
2651,488
2652,488
2653,488
2654,488
2655,488
2656,488
2657,488
2658,488
2659,488
2660,488
2661,488
2662,488
2663,488
2664,488
2665,488
2666,488
2667,488
2668,488
2669,488
2670,488
2671,488
2672,488
2673,488
2674,488
2675,488
2676,488
2677,488
2678,488
2679,488
2680,488
2681,488
2682,488
2683,488
2684,488
2685,488
2686,488
2687,488
2688,488
2689,488
2690,488
2691,488
2692,488
2693,488
2694,488
2695,488
2696,488
2697,488
2698,488
2699,488
2700,488
2701,488
2702,488
2703,488
2704,488
2705,488
2706,488
2707,488
2708,488
2709,488
2710,488
2711,488
2712,488
2713,488
2714,488
2715,488
2716,488
2717,488
2718,488
2719,488
2720,488
2721,488
2722,488
2723,488
2724,488
2725,488
2726,488
2727,488
2728,488
2729,488
2730,488
2731,488
2732,488
2733,488
2734,488
2735,488
2736,488
2737,488
2738,488
2739,488
2740,488
2741,488
2742,488
2743,488
2744,488
2745,488
2746,488
2747,488
2748,488
2749,488
2750,488
2751,488
2752,488
2753,488
2754,488
2755,488
2756,488
2757,488
2758,488
2759,488
2760,488
2761,488
2762,488
2763,488
2764,488
2765,488
2766,488
2767,488
2768,488
2769,488
2770,488
2771,488
2772,488
2773,488
2774,488
2775,488
2776,488
2777,488
2778,488
2779,488
2780,488
2781,488
2782,488
2783,488
2784,488
2785,488
2786,488
2787,488
2788,488
2789,488
2790,488
2791,488
2792,488
2793,488
2794,488
2795,488
2796,488
2797,488
2798,488
2799,488
2800,488
2801,488
2802,488
2803,488
2804,488
2805,488
2806,488
2807,488
2808,488
2809,488
2810,488
2811,488
2812,488
2813,488
2814,488
2815,488
2816,488
2817,488
2818,488
2819,488
2820,489
2821,489
2822,489
2823,489
2824,489
2825,489
2826,489
2827,489
2828,489
2829,489
2830,489
2831,489
2832,489
2833,489
2834,489
2835,490
2836,491
2837,491
2838,491
2839,491
2840,491
2841,491
2842,491
2843,491
2844,491
2845,491
2846,491
2847,491
2848,491
2849,491
2850,491
2851,491
2852,491
2853,491
2854,491
2855,491
2856,491
2857,491
2858,491
2859,491
2860,491
2861,491
2862,492
2863,492
2864,492
2865,492
2866,493
2867,493
2868,493
2869,493
2870,493
2871,493
2872,493
2873,493
2874,493
2875,493
2876,493
2877,493
2878,493
2879,493
2880,493
2881,493
2882,493
2883,493
2884,493
2885,494
2886,494
2887,494
2888,494
2889,494
2890,494
2891,494
2892,494
2893,494
2894,494
2895,494
2896,494
2897,494
2898,494
2899,494
2900,494
2901,494
2902,494
2903,494
2904,494
2905,494
2906,494
2907,494
2908,494
2909,494
2910,494
2911,494
2912,494
2913,494
2914,494
2915,494
2916,494
2917,494
2918,494
2919,494
2920,494
2921,494
2922,494
2923,494
2924,494
2925,494
2926,494
2927,494
2928,494
2929,494
2930,494
2931,494
2932,494
2933,494
2934,494
2935,494
2936,494
2937,494
2938,494
2939,494
2940,494
2941,494
2942,494
2943,494
2944,494
2945,494
2946,494
2947,494
2948,494
2949,494
2950,494
2951,494
2952,494
2953,494
2954,494
2955,494
2956,494
2957,494
2958,494
2959,494
2960,494
2961,494
2962,494
2963,494
2964,494
2965,494
2966,494
2967,494
2968,494
2969,494
2970,494
2971,494
2972,494
2973,494
2974,494
2975,494
2976,494
2977,495
2978,495
2979,495
2980,495
2981,495
2982,495
2983,495
2984,495
2985,495
2986,495
2987,495
2988,495
2989,495
2990,495
2991,495
2992,495
2993,495
2994,495
2995,495
2996,495
2997,495
2998,496
2999,496
3000,496
3001,496
3002,496
3003,496
3004,496
3005,496
3006,496
3007,496
3008,496
3009,496
3010,496
3011,496
3012,496
3013,496
3014,496
3015,496
3016,496
3017,496
3018,496
3019,496
3020,496
3021,496
3022,496
3023,496
3024,496
3025,496
3026,496
3027,496
3028,496
3029,496
3030,496
3031,496
3032,496
3033,496
3034,496
3035,496
3036,496
3037,496
3038,496
3039,496
3040,496
3041,496
3042,496
3043,496
3044,496
3045,496
3046,496
3047,496
3048,496
3049,496
3050,496
3051,496
3052,496
3053,496
3054,496
3055,496
3056,496
3057,496
3058,496
3059,496
3060,496
3061,496
3062,496
3063,496
3064,496
3065,496
3066,496
3067,496
3068,496
3069,496
3070,496
3071,496
3072,496
3073,496
3074,496
3075,496
3076,496
3077,496
3078,497
3079,497
3080,497
3081,497
3082,497
3083,497
3084,497
3085,497
3086,497
3087,497
3088,497
3089,497
3090,497
3091,497
3092,497
3093,497
3094,497
3095,497
3096,497
3097,497
3098,497
3099,497
3100,497
3101,497
3102,497
3103,497
3104,497
3105,497
3106,497
3107,497
3108,497
3109,497
3110,497
3111,497
3112,497
3113,497
3114,497
3115,497
3116,497
3117,497
3118,497
3119,497
3120,497
3121,497
3122,497
3123,497
3124,497
3125,497
3126,497
3127,497
3128,497
3129,497
3130,497
3131,497
3132,497
3133,497
3134,497
3135,497
3136,497
3137,497
3138,497
3139,497
3140,497
3141,497
3142,497
3143,497
3144,497
3145,497
3146,497
3147,497
3148,497
3149,497
3150,497
3151,497
3152,497
3153,497
3154,497
3155,497
3156,497
3157,497
3158,497
3159,497
3160,497
3161,497
3162,497
3163,497
3164,497
3165,497
3166,497
3167,497
3168,497
3169,497
3170,497
3171,497
3172,497
3173,497
3174,497
3175,497
3176,497
3177,497
3178,497
3179,497
3180,497
3181,497
3182,497
3183,497
3184,497
3185,497
3186,497
3187,497
3188,497
3189,497
3190,497
3191,497
3192,497
3193,497
3194,497
3195,497
3196,497
3197,497
3198,497
3199,497
3200,497
3201,497
3202,497
3203,497
3204,497
3205,497
3206,497
3207,497
3208,497
3209,497
3210,497
3211,497
3212,497
3213,497
3214,497
3215,497
3216,497
3217,497
3218,497
3219,497
3220,497
3221,497
3222,497
3223,497
3224,497
3225,497
3226,497
3227,497
3228,497
3229,497
3230,497
3231,497
3232,497
3233,497
3234,497
3235,497
3236,497
3237,497
3238,497
3239,497
3240,497
3241,497
3242,497
3243,497
3244,497
3245,497
3246,497
3247,497
3248,497
3249,497
3250,497
3251,497
3252,497
3253,497
3254,497
3255,497
3256,497
3257,497
3258,497
3259,497
3260,497
3261,497
3262,497
3263,497
3264,497
3265,497
3266,497
3267,497
3268,497
3269,497
3270,497
3271,497
3272,497
3273,497
3274,497
3275,497
3276,497
3277,497
3278,497
3279,497
3280,497
3281,497
3282,497
3283,497
3284,497
3285,497
3286,497
3287,497
3288,497
3289,497
3290,497
3291,497
3292,497
3293,497
3294,497
3295,497
3296,497
3297,497
3298,497
3299,497
3300,497
3301,497
3302,497
3303,497
3304,497
3305,497
3306,497
3307,497
3308,497
3309,497
3310,497
3311,497
3312,497
3313,497
3314,497
3315,497
3316,497
3317,497
3318,497
3319,497
3320,497
3321,497
3322,497
3323,497
3324,497
3325,497
3326,497
3327,497
3328,497
3329,497
3330,497
3331,497
3332,497
3333,497
3334,497
3335,497
3336,497
3337,497
3338,497
3339,497
3340,497
3341,497
3342,497
3343,497
3344,497
3345,497
3346,497
3347,497
3348,497
3349,497
3350,497
3351,497
3352,497
3353,497
3354,497
3355,497
3356,497
3357,497
3358,497
3359,497
3360,497
3361,497
3362,497
3363,497
3364,497
3365,497
3366,497
3367,497
3368,497
3369,497
3370,497
3371,497
3372,497
3373,497
3374,497
3375,497
3376,497
3377,497
3378,497
3379,497
3380,497
3381,497
3382,497
3383,497
3384,497
3385,497
3386,497
3387,497
3388,497
3389,497
3390,497
3391,497
3392,497
3393,497
3394,497
3395,497
3396,497
3397,497
3398,497
3399,497
3400,497
3401,497
3402,497
3403,497
3404,497
3405,497
3406,497
3407,497
3408,497
3409,497
3410,497
3411,497
3412,497
3413,497
3414,497
3415,497
3416,497
3417,497
3418,497
3419,497
3420,497
3421,497
3422,497
3423,497
3424,497
3425,497
3426,497
3427,497
3428,497
3429,497
3430,497
3431,497
3432,497
3433,497
3434,497
3435,497
3436,497
3437,497
3438,497
3439,497
3440,497
3441,497
3442,497
3443,497
3444,497
3445,497
3446,497
3447,497
3448,497
3449,498
3450,498
3451,498
3452,498
3453,498
3454,498
3455,498
3456,498
3457,498
3458,498
3459,498
3460,498
3461,498
3462,498
3463,498
3464,498
3465,498
3466,498
3467,498
3468,498
3469,498
3470,498
3471,498
3472,498
3473,498
3474,498
3475,498
3476,498
3477,498
3478,498
3479,498
3480,498
3481,498
3482,498
3483,498
3484,498
3485,498
3486,498
3487,498
3488,498
3489,498
3490,498
3491,499
3492,499
3493,500
