0,0
1,1
2,2
3,3
4,4
5,5
6,6
7,7
8,8
9,9
10,10
11,11
12,11
13,11
14,11
15,12
16,13
17,14
18,15
19,16
20,17
21,18
22,19
23,20
24,21
25,22
26,23
27,24
28,25
29,25
30,26
31,27
32,28
33,29
34,29
35,30
36,31
37,32
38,33
39,33
40,34
41,35
42,36
43,37
44,38
45,39
46,40
47,41
48,42
49,43
50,43
51,44
52,45
53,46
54,47
55,47
56,48
57,48
58,49
59,50
60,51
61,52
62,53
63,54
64,55
65,56
66,57
67,57
68,58
69,59
70,60
71,61
72,62
73,62
74,63
75,64
76,65
77,66
78,67
79,67
80,67
81,67
82,67
83,68
84,69
85,69
86,69
87,69
88,70
89,71
90,71
91,72
92,73
93,74
94,75
95,76
96,77
97,78
98,79
99,80
100,81
101,82
102,83
103,84
104,85
105,86
106,86
107,87
108,88
109,88
110,89
111,90
112,91
113,92
114,93
115,94
116,95
117,96
118,97
119,98
120,99
121,100
122,101
123,102
124,102
125,103
126,104
127,105
128,105
129,105
130,106
131,107
132,108
133,109
134,110
135,111
136,112
137,113
138,113
139,113
140,113
141,113
142,113
143,114
144,114
145,115
146,116
147,117
148,118
149,118
150,119
151,120
152,121
153,122
154,122
155,122
156,123
157,123
158,123
159,124
160,124
161,125
162,126
163,126
164,126
165,127
166,128
167,128
168,129
169,129
170,129
171,129
172,129
173,129
174,130
175,131
176,132
177,132
178,133
179,134
180,134
181,134
182,135
183,135
184,136
185,136
186,136
187,137
188,137
189,137
190,137
191,137
192,138
193,139
194,140
195,141
196,142
197,143
198,144
199,145
200,146
201,147
202,148
203,149
204,150
205,151
206,152
207,152
208,153
209,153
210,154
211,155
212,155
213,155
214,156
215,156
216,157
217,158
218,159
219,159
220,160
221,161
222,161
223,161
224,162
225,162
226,163
227,164
228,164
229,165
230,166
231,166
232,166
233,167
234,168
235,169
236,170
237,171
238,172
239,172
240,173
241,174
242,175
243,176
244,177
245,178
246,178
247,179
248,180
249,181
250,182
251,183
252,183
253,184
254,185
255,186
256,186
257,187
258,188
259,189
260,190
261,191
262,192
263,193
264,194
265,194
266,194
267,195
268,195
269,195
270,195
271,195
272,196
273,197
274,198
275,199
276,199
277,199
278,199
279,200
280,201
281,201
282,202
283,202
284,203
285,204
286,204
287,204
288,204
289,205
290,205
291,205
292,206
293,206
294,206
295,207
296,208
297,209
298,209
299,210
300,210
301,211
302,212
303,212
304,212
305,213
306,214
307,215
308,215
309,215
310,215
311,216
312,217
313,218
314,218
315,218
316,219
317,220
318,220
319,221
320,222
321,223
322,224
323,224
324,224
325,225
326,226
327,226
328,226
329,226
330,227
331,227
332,227
333,228
334,228
335,229
336,230
337,231
338,232
339,233
340,233
341,234
342,234
343,234
344,235
345,236
346,236
347,236
348,236
349,236
350,237
351,238
352,239
353,240
354,241
355,241
356,242
357,243
358,244
359,244
360,244
361,245
362,246
363,246
364,247
365,247
366,248
367,249
368,249
369,250
370,251
371,251
372,251
373,252
374,252
375,252
376,252
377,253
378,253
379,253
380,253
381,254
382,255
383,255
384,255
385,255
386,255
387,255
388,255
389,255
390,255
391,256
392,256
393,256
394,256
395,256
396,256
397,257
398,257
399,257
400,257
401,257
402,258
403,258
404,258
405,259
406,259
407,259
408,260
409,261
410,261
411,262
412,262
413,262
414,262
415,262
416,262
417,262
418,262
419,262
420,262
421,262
422,263
423,264
424,264
425,264
426,265
427,265
428,265
429,265
430,265
431,265
432,266
433,266
434,266
435,267
436,267
437,267
438,268
439,269
440,270
441,270
442,270
443,270
444,270
445,271
446,271
447,271
448,271
449,271
450,271
451,271
452,271
453,271
454,271
455,272
456,272
457,273
458,274
459,275
460,276
461,276
462,276
463,277
464,278
465,278
466,279
467,280
468,281
469,282
470,283
471,283
472,283
473,283
474,283
475,284
476,284
477,285
478,285
479,286
480,286
481,286
482,286
483,287
484,287
485,288
486,288
487,289
488,289
489,290
490,291
491,291
492,291
493,291
494,291
495,292
496,292
497,293
498,293
499,294
500,295
501,296
502,297
503,298
504,298
505,299
506,300
507,300
508,301
509,302
510,303
511,303
512,303
513,304
514,305
515,306
516,306
517,307
518,308
519,308
520,309
521,309
522,310
523,311
524,312
525,313
526,314
527,314
528,314
529,314
530,314
531,315
532,315
533,316
534,316
535,316
536,317
537,317
538,318
539,318
540,319
541,319
542,320
543,320
544,321
545,322
546,322
547,322
548,322
549,322
550,322
551,322
552,322
553,322
554,322
555,323
556,323
557,323
558,323
559,324
560,324
561,324
562,324
563,324
564,324
565,325
566,325
567,326
568,326
569,326
570,326
571,327
572,327
573,327
574,328
575,328
576,328
577,328
578,328
579,329
580,329
581,329
582,329
583,329
584,329
585,329
586,329
587,329
588,329
589,329
590,329
591,329
592,330
593,331
594,331
595,332
596,332
597,332
598,332
599,332
600,332
601,332
602,332
603,332
604,332
605,332
606,333
607,334
608,335
609,335
610,335
611,335
612,335
613,335
614,335
615,335
616,335
617,335
618,335
619,335
620,335
621,335
622,335
623,335
624,335
625,335
626,335
627,335
628,335
629,335
630,335
631,335
632,335
633,335
634,335
635,335
636,335
637,335
638,335
639,335
640,335
641,335
642,335
643,336
644,336
645,336
646,337
647,337
648,338
649,338
650,338
651,338
652,338
653,338
654,338
655,339
656,340
657,341
658,342
659,343
660,343
661,343
662,343
663,343
664,344
665,344
666,345
667,345
668,345
669,345
670,346
671,346
672,346
673,346
674,346
675,346
676,346
677,346
678,346
679,346
680,346
681,346
682,346
683,346
684,346
685,347
686,347
687,347
688,348
689,348
690,348
691,348
692,348
693,348
694,348
695,348
696,348
697,349
698,350
699,350
700,350
701,350
702,350
703,350
704,350
705,350
706,350
707,350
708,350
709,350
710,350
711,350
712,350
713,350
714,350
715,350
716,350
717,350
718,350
719,350
720,350
721,351
722,351
723,351
724,351
725,351
726,351
727,351
728,351
729,351
730,351
731,351
732,351
733,351
734,352
735,352
736,352
737,352
738,352
739,352
740,352
741,352
742,352
743,353
744,353
745,354
746,354
747,354
748,354
749,354
750,354
751,354
752,354
753,354
754,354
755,354
756,354
757,354
758,355
759,356
760,356
761,356
762,357
763,357
764,357
765,357
766,357
767,357
768,357
769,357
770,358
771,358
772,359
773,359
774,359
775,359
776,359
777,359
778,359
779,359
780,359
781,359
782,360
783,360
784,360
785,360
786,360
787,360
788,360
789,361
790,362
791,363
792,363
793,364
794,364
795,364
796,364
797,364
798,364
799,364
800,365
801,365
802,365
803,365
804,365
805,366
806,366
807,366
808,367
809,367
810,368
811,369
812,370
813,371
814,372
815,373
816,374
817,375
818,376
819,376
820,377
821,377
822,378
823,378
824,378
825,378
826,378
827,379
828,379
829,380
830,380
831,380
832,380
833,380
834,380
835,381
836,381
837,381
838,381
839,382
840,382
841,382
842,382
843,382
844,382
845,382
846,382
847,383
848,383
849,383
850,383
851,383
852,383
853,383
854,383
855,383
856,383
857,383
858,383
859,383
860,383
861,383
862,384
863,384
864,384
865,384
866,384
867,384
868,384
869,385
870,385
871,385
872,385
873,385
874,385
875,385
876,385
877,385
878,385
879,385
880,385
881,385
882,385
883,386
884,386
885,386
886,387
887,387
888,387
889,387
890,387
891,387
892,387
893,387
894,387
895,388
896,389
897,390
898,390
899,390
900,390
901,390
902,390
903,390
904,390
905,390
906,390
907,390
908,391
909,391
910,392
911,392
912,392
913,392
914,393
915,393
916,393
917,393
918,393
919,393
920,393
921,393
922,393
923,393
924,393
925,393
926,393
927,393
928,393
929,393
930,393
931,393
932,393
933,393
934,393
935,393
936,393
937,393
938,393
939,394
940,394
941,395
942,395
943,395
944,395
945,395
946,396
947,396
948,396
949,396
950,396
951,396
952,396
953,396
954,396
955,396
956,396
957,396
958,396
959,396
960,396
961,396
962,396
963,396
964,396
965,396
966,396
967,396
968,396
969,396
970,396
971,396
972,396
973,396
974,396
975,396
976,396
977,396
978,396
979,396
980,396
981,396
982,396
983,397
984,398
985,398
986,399
987,399
988,400
989,400
990,400
991,400
992,400
993,400
994,401
995,401
996,401
997,401
998,401
999,401
1000,401
1001,401
1002,401
1003,401
1004,401
1005,401
1006,401
1007,401
1008,401
1009,401
1010,401
1011,402
1012,402
1013,402
1014,402
1015,402
1016,402
1017,402
1018,402
1019,402
1020,402
1021,402
1022,402
1023,402
1024,402
1025,402
1026,402
1027,402
1028,402
1029,402
1030,402
1031,402
1032,402
1033,402
1034,402
1035,402
1036,402
1037,402
1038,402
1039,402
1040,402
1041,402
1042,402
1043,402
1044,402
1045,402
1046,402
1047,402
1048,402
1049,402
1050,402
1051,402
1052,402
1053,402
1054,402
1055,402
1056,402
1057,402
1058,402
1059,402
1060,402
1061,402
1062,402
1063,402
1064,402
1065,402
1066,403
1067,403
1068,403
1069,403
1070,403
1071,403
1072,403
1073,403
1074,404
1075,404
1076,404
1077,404
1078,404
1079,404
1080,404
1081,404
1082,404
1083,404
1084,404
1085,404
1086,404
1087,404
1088,404
1089,404
1090,404
1091,404
1092,404
1093,404
1094,404
1095,404
1096,404
1097,404
1098,404
1099,404
1100,404
1101,404
1102,404
1103,404
1104,404
1105,404
1106,404
1107,404
1108,404
1109,404
1110,404
1111,404
1112,404
1113,404
1114,404
1115,404
1116,405
1117,405
1118,405
1119,405
1120,405
1121,405
1122,405
1123,405
1124,405
1125,405
1126,405
1127,405
1128,405
1129,405
1130,405
1131,405
1132,405
1133,405
1134,405
1135,405
1136,405
1137,405
1138,405
1139,405
1140,405
1141,405
1142,405
1143,405
1144,405
1145,405
1146,405
1147,405
1148,405
1149,405
1150,405
1151,405
1152,405
1153,406
1154,406
1155,406
1156,406
1157,406
1158,406
1159,407
1160,407
1161,407
1162,407
1163,407
1164,407
1165,407
1166,407
1167,407
1168,407
1169,407
1170,407
1171,407
1172,407
1173,407
1174,407
1175,407
1176,407
1177,407
1178,407
1179,407
1180,408
1181,408
1182,408
1183,408
1184,408
1185,408
1186,408
1187,408
1188,408
1189,408
1190,408
1191,408
1192,408
1193,408
1194,409
1195,409
1196,409
1197,409
1198,409
1199,409
1200,409
1201,409
1202,409
1203,409
1204,409
1205,409
1206,410
1207,410
1208,410
1209,410
1210,410
1211,410
1212,410
1213,410
1214,410
1215,410
1216,410
1217,410
1218,410
1219,410
1220,410
1221,410
1222,410
1223,410
1224,410
1225,410
1226,410
1227,410
1228,410
1229,410
1230,410
1231,411
1232,411
1233,411
1234,411
1235,411
1236,411
1237,411
1238,411
1239,411
1240,411
1241,411
1242,411
1243,411
1244,411
1245,411
1246,411
1247,411
1248,411
1249,411
1250,411
1251,411
1252,411
1253,411
1254,411
1255,411
1256,411
1257,411
1258,411
1259,411
1260,411
1261,411
1262,411
1263,411
1264,411
1265,412
1266,412
1267,412
1268,412
1269,412
1270,412
1271,413
1272,413
1273,414
1274,415
1275,415
1276,416
1277,417
1278,417
1279,418
1280,418
1281,418
1282,419
1283,420
1284,420
1285,421
1286,422
1287,423
1288,424
1289,424
1290,424
1291,424
1292,424
1293,425
1294,425
1295,425
1296,425
1297,425
1298,425
1299,425
1300,425
1301,425
1302,425
1303,425
1304,425
1305,425
1306,425
1307,425
1308,425
1309,425
1310,425
1311,425
1312,425
1313,425
1314,425
1315,425
1316,425
1317,425
1318,425
1319,425
1320,425
1321,425
1322,425
1323,425
1324,425
1325,425
1326,425
1327,425
1328,426
1329,426
1330,426
1331,426
1332,426
1333,426
1334,426
1335,426
1336,426
1337,426
1338,426
1339,426
1340,426
1341,426
1342,426
1343,426
1344,426
1345,426
1346,426
1347,426
1348,427
1349,427
1350,427
1351,427
1352,428
1353,428
1354,429
1355,429
1356,430
1357,430
1358,430
1359,430
1360,430
1361,430
1362,430
1363,430
1364,431
1365,431
1366,431
1367,431
1368,431
1369,431
1370,431
1371,431
1372,431
1373,431
1374,431
1375,431
1376,431
1377,431
1378,431
1379,432
1380,432
1381,432
1382,432
1383,432
1384,432
1385,432
1386,432
1387,432
1388,432
1389,432
1390,432
1391,432
1392,432
1393,432
1394,433
1395,433
1396,433
1397,433
1398,433
1399,433
1400,433
1401,433
1402,433
1403,433
1404,433
1405,433
1406,433
1407,433
1408,433
1409,433
1410,434
1411,434
1412,434
1413,434
1414,434
1415,434
1416,434
1417,434
1418,434
1419,434
1420,434
1421,434
1422,434
1423,434
1424,434
1425,434
1426,434
1427,434
1428,434
1429,434
1430,434
1431,434
1432,434
1433,434
1434,434
1435,434
1436,434
1437,434
1438,434
1439,434
1440,434
1441,434
1442,434
1443,434
1444,434
1445,434
1446,434
1447,434
1448,434
1449,434
1450,434
1451,434
1452,434
1453,434
1454,434
1455,434
1456,434
1457,434
1458,435
1459,435
1460,435
1461,435
1462,435
1463,435
1464,435
1465,435
1466,435
1467,435
1468,436
1469,437
1470,437
1471,438
1472,439
1473,439
1474,440
1475,440
1476,440
1477,440
1478,440
1479,440
1480,440
1481,440
1482,441
1483,442
1484,442
1485,442
1486,442
1487,442
1488,442
1489,442
1490,442
1491,442
1492,442
1493,442
1494,442
1495,442
1496,442
1497,442
1498,442
1499,442
1500,442
1501,442
1502,442
1503,442
1504,442
1505,442
1506,442
1507,442
1508,442
1509,442
1510,442
1511,442
1512,442
1513,442
1514,442
1515,443
1516,443
1517,443
1518,443
1519,443
1520,443
1521,443
1522,443
1523,443
1524,443
1525,443
1526,443
1527,443
1528,443
1529,443
1530,443
1531,443
1532,443
1533,443
1534,443
1535,443
1536,443
1537,443
1538,443
1539,443
1540,443
1541,443
1542,443
1543,443
1544,444
1545,444
1546,444
1547,445
1548,445
1549,445
1550,445
1551,445
1552,445
1553,445
1554,445
1555,445
1556,445
1557,445
1558,445
1559,445
1560,445
1561,445
1562,445
1563,445
1564,445
1565,445
1566,445
1567,445
1568,445
1569,445
1570,445
1571,445
1572,445
1573,445
1574,445
1575,445
1576,445
1577,445
1578,445
1579,445
1580,445
1581,445
1582,445
1583,445
1584,445
1585,445
1586,445
1587,445
1588,445
1589,445
1590,445
1591,445
1592,445
1593,445
1594,445
1595,445
1596,445
1597,445
1598,445
1599,446
1600,446
1601,446
1602,446
1603,446
1604,446
1605,446
1606,446
1607,446
1608,446
1609,446
1610,446
1611,446
1612,446
1613,446
1614,446
1615,446
1616,446
1617,446
1618,446
1619,446
1620,446
1621,446
1622,446
1623,446
1624,446
1625,446
1626,446
1627,446
1628,446
1629,446
1630,446
1631,446
1632,446
1633,446
1634,446
1635,446
1636,446
1637,446
1638,446
1639,446
1640,446
1641,446
1642,446
1643,447
1644,447
1645,448
1646,449
1647,450
1648,450
1649,450
1650,450
1651,450
1652,450
1653,450
1654,450
1655,450
1656,450
1657,450
1658,450
1659,450
1660,450
1661,450
1662,450
1663,450
1664,450
1665,450
1666,450
1667,450
1668,450
1669,450
1670,450
1671,450
1672,450
1673,450
1674,450
1675,451
1676,451
1677,452
1678,452
1679,452
1680,452
1681,452
1682,452
1683,452
1684,452
1685,452
1686,452
1687,452
1688,452
1689,452
1690,452
1691,452
1692,452
1693,452
1694,452
1695,452
1696,453
1697,453
1698,453
1699,453
1700,453
1701,453
1702,453
1703,453
1704,453
1705,453
1706,453
1707,453
1708,453
1709,453
1710,453
1711,453
1712,453
1713,453
1714,453
1715,453
1716,454
1717,454
1718,455
1719,455
1720,456
1721,456
1722,456
1723,456
1724,456
1725,456
1726,456
1727,456
1728,456
1729,456
1730,456
1731,456
1732,456
1733,456
1734,456
1735,456
1736,456
1737,456
1738,456
1739,456
1740,456
1741,456
1742,456
1743,456
1744,456
1745,456
1746,456
1747,456
1748,456
1749,456
1750,456
1751,456
1752,456
1753,456
1754,456
1755,456
1756,456
1757,456
1758,456
1759,456
1760,456
1761,456
1762,456
1763,456
1764,456
1765,456
1766,456
1767,457
1768,457
1769,457
1770,457
1771,457
1772,457
1773,457
1774,457
1775,457
1776,457
1777,457
1778,457
1779,457
1780,457
1781,457
1782,457
1783,457
1784,457
1785,457
1786,457
1787,457
1788,457
1789,457
1790,457
1791,457
1792,457
1793,458
1794,458
1795,458
1796,458
1797,458
1798,458
1799,458
1800,459
1801,459
1802,459
1803,459
1804,459
1805,459
1806,459
1807,459
1808,459
1809,459
1810,459
1811,459
1812,459
1813,459
1814,459
1815,459
1816,459
1817,459
1818,459
1819,459
1820,459
1821,459
1822,459
1823,459
1824,459
1825,459
1826,459
1827,459
1828,459
1829,460
1830,460
1831,460
1832,460
1833,460
1834,460
1835,460
1836,460
1837,460
1838,460
1839,461
1840,461
1841,461
1842,461
1843,461
1844,461
1845,461
1846,461
1847,461
1848,461
1849,461
1850,461
1851,461
1852,461
1853,461
1854,461
1855,461
1856,461
1857,461
1858,462
1859,462
1860,462
1861,462
1862,462
1863,462
1864,462
1865,462
1866,462
1867,462
1868,462
1869,462
1870,462
1871,462
1872,462
1873,462
1874,462
1875,462
1876,462
1877,462
1878,462
1879,462
1880,462
1881,463
1882,463
1883,463
1884,463
1885,463
1886,463
1887,463
1888,463
1889,463
1890,463
1891,463
1892,463
1893,463
1894,463
1895,463
1896,463
1897,463
1898,463
1899,463
1900,463
1901,463
1902,463
1903,464
1904,464
1905,464
1906,464
1907,464
1908,464
1909,464
1910,464
1911,464
1912,464
1913,464
1914,464
1915,464
1916,464
1917,464
1918,464
1919,464
1920,464
1921,464
1922,464
1923,464
1924,464
1925,464
1926,464
1927,464
1928,464
1929,464
1930,464
1931,464
1932,464
1933,464
1934,464
1935,464
1936,464
1937,464
1938,464
1939,464
1940,464
1941,464
1942,464
1943,464
1944,464
1945,464
1946,464
1947,464
1948,464
1949,464
1950,464
1951,464
1952,464
1953,464
1954,464
1955,464
1956,464
1957,464
1958,464
1959,464
1960,464
1961,464
1962,464
1963,464
1964,464
1965,464
1966,464
1967,464
1968,464
1969,464
1970,464
1971,464
1972,464
1973,464
1974,464
1975,465
1976,465
1977,465
1978,465
1979,465
1980,465
1981,465
1982,465
1983,465
1984,465
1985,465
1986,465
1987,465
1988,465
1989,465
1990,465
1991,465
1992,465
1993,465
1994,465
1995,465
1996,465
1997,465
1998,465
1999,466
2000,466
2001,466
2002,466
2003,466
2004,466
2005,466
2006,466
2007,466
2008,466
2009,466
2010,466
2011,466
2012,466
2013,466
2014,466
2015,466
2016,466
2017,466
2018,466
2019,466
2020,466
2021,466
2022,466
2023,466
2024,466
2025,466
2026,466
2027,466
2028,466
2029,466
2030,466
2031,466
2032,466
2033,466
2034,466
2035,466
2036,466
2037,466
2038,466
2039,466
2040,466
2041,466
2042,466
2043,466
2044,466
2045,466
2046,466
2047,466
2048,466
2049,466
2050,466
2051,466
2052,466
2053,466
2054,466
2055,466
2056,466
2057,466
2058,466
2059,466
2060,466
2061,466
2062,466
2063,466
2064,466
2065,466
2066,466
2067,466
2068,466
2069,466
2070,467
2071,467
2072,467
2073,467
2074,467
2075,467
2076,467
2077,467
2078,467
2079,467
2080,467
2081,467
2082,467
2083,467
2084,467
2085,467
2086,467
2087,467
2088,467
2089,467
2090,467
2091,467
2092,467
2093,467
2094,468
2095,468
2096,468
2097,468
2098,468
2099,469
2100,470
2101,470
2102,470
2103,470
2104,470
2105,470
2106,470
2107,470
2108,470
2109,470
2110,470
2111,470
2112,470
2113,470
2114,470
2115,470
2116,470
2117,470
2118,471
2119,471
2120,471
2121,471
2122,471
2123,471
2124,471
2125,471
2126,471
2127,471
2128,471
2129,471
2130,471
2131,471
2132,471
2133,471
2134,471
2135,471
2136,471
2137,471
2138,471
2139,471
2140,472
2141,472
2142,472
2143,472
2144,472
2145,472
2146,472
2147,472
2148,472
2149,472
2150,472
2151,473
2152,474
2153,474
2154,474
2155,474
2156,475
2157,475
2158,475
2159,475
2160,475
2161,475
2162,475
2163,475
2164,475
2165,475
2166,475
2167,475
2168,475
2169,475
2170,475
2171,475
2172,475
2173,475
2174,475
2175,475
2176,475
2177,475
2178,475
2179,475
2180,475
2181,475
2182,476
2183,476
2184,476
2185,476
2186,476
2187,476
2188,476
2189,477
2190,477
2191,477
2192,477
2193,477
2194,477
2195,477
2196,477
2197,477
2198,477
2199,477
2200,477
2201,477
2202,477
2203,477
2204,477
2205,477
2206,477
2207,477
2208,477
2209,477
2210,477
2211,477
2212,477
2213,477
2214,477
2215,477
2216,477
2217,477
2218,477
2219,477
2220,477
2221,477
2222,477
2223,477
2224,477
2225,477
2226,477
2227,477
2228,478
2229,478
2230,478
2231,478
2232,478
2233,478
2234,478
2235,478
2236,478
2237,478
2238,478
2239,478
2240,478
2241,478
2242,478
2243,478
2244,478
2245,478
2246,478
2247,478
2248,478
2249,478
2250,478
2251,478
2252,478
2253,478
2254,478
2255,478
2256,478
2257,478
2258,478
2259,478
2260,478
2261,478
2262,478
2263,478
2264,478
2265,478
2266,478
2267,478
2268,478
2269,478
2270,478
2271,478
2272,478
2273,478
2274,478
2275,478
2276,478
2277,478
2278,478
2279,478
2280,478
2281,478
2282,478
2283,478
2284,478
2285,479
2286,479
2287,479
2288,479
2289,479
2290,479
2291,479
2292,479
2293,479
2294,480
2295,480
2296,480
2297,480
2298,480
2299,481
2300,481
2301,481
2302,481
2303,481
2304,481
2305,481
2306,481
2307,481
2308,481
2309,481
2310,481
2311,481
2312,481
2313,481
2314,481
2315,481
2316,481
2317,481
2318,481
2319,481
2320,481
2321,481
2322,481
2323,482
2324,482
2325,482
2326,482
2327,482
2328,482
2329,482
2330,482
2331,482
2332,482
2333,482
2334,482
2335,482
2336,482
2337,482
2338,482
2339,482
2340,482
2341,482
2342,482
2343,482
2344,482
2345,482
2346,482
2347,482
2348,482
2349,482
2350,482
2351,482
2352,482
2353,482
2354,482
2355,482
2356,482
2357,482
2358,482
2359,482
2360,482
2361,482
2362,482
2363,482
2364,482
2365,482
2366,482
2367,482
2368,482
2369,482
2370,482
2371,482
2372,482
2373,482
2374,482
2375,482
2376,482
2377,482
2378,482
2379,482
2380,482
2381,482
2382,482
2383,482
2384,482
2385,482
2386,482
2387,482
2388,482
2389,482
2390,482
2391,482
2392,482
2393,482
2394,482
2395,482
2396,482
2397,482
2398,482
2399,482
2400,482
2401,482
2402,482
2403,482
2404,482
2405,482
2406,482
2407,482
2408,482
2409,482
2410,482
2411,482
2412,482
2413,482
2414,482
2415,482
2416,482
2417,482
2418,482
2419,482
2420,482
2421,482
2422,482
2423,482
2424,482
2425,482
2426,482
2427,482
2428,482
2429,482
2430,482
2431,482
2432,482
2433,482
2434,482
2435,482
2436,482
2437,482
2438,482
2439,482
2440,482
2441,482
2442,482
2443,482
2444,482
2445,482
2446,482
2447,482
2448,482
2449,482
2450,482
2451,482
2452,482
2453,482
2454,482
2455,482
2456,482
2457,482
2458,482
2459,482
2460,482
2461,482
2462,482
2463,482
2464,482
2465,482
2466,482
2467,482
2468,482
2469,482
2470,482
2471,482
2472,482
2473,482
2474,482
2475,482
2476,482
2477,482
2478,482
2479,482
2480,482
2481,482
2482,482
2483,482
2484,482
2485,482
2486,482
2487,482
2488,482
2489,482
2490,482
2491,482
2492,482
2493,482
2494,482
2495,482
2496,482
2497,482
2498,482
2499,482
2500,482
2501,482
2502,482
2503,482
2504,482
2505,482
2506,482
2507,482
2508,482
2509,482
2510,482
2511,482
2512,482
2513,482
2514,482
2515,482
2516,482
2517,482
2518,482
2519,482
2520,482
2521,482
2522,482
2523,482
2524,482
2525,482
2526,482
2527,482
2528,482
2529,482
2530,482
2531,482
2532,482
2533,482
2534,482
2535,482
2536,482
2537,482
2538,482
2539,482
2540,482
2541,482
2542,482
2543,482
2544,482
2545,482
2546,482
2547,482
2548,482
2549,482
2550,482
2551,482
2552,482
2553,482
2554,482
2555,482
2556,482
2557,482
2558,482
2559,482
2560,482
2561,482
2562,482
2563,482
2564,482
2565,482
2566,482
2567,482
2568,482
2569,482
2570,482
2571,482
2572,482
2573,482
2574,482
2575,482
2576,482
2577,482
2578,482
2579,482
2580,482
2581,482
2582,482
2583,482
2584,482
2585,482
2586,482
2587,482
2588,482
2589,482
2590,482
2591,482
2592,482
2593,482
2594,482
2595,482
2596,482
2597,482
2598,482
2599,482
2600,482
2601,482
2602,482
2603,482
2604,482
2605,482
2606,482
2607,482
2608,482
2609,482
2610,482
2611,482
2612,482
2613,482
2614,482
2615,482
2616,482
2617,482
2618,482
2619,482
2620,482
2621,482
2622,482
2623,482
2624,482
2625,482
2626,482
2627,482
2628,482
2629,482
2630,482
2631,482
2632,482
2633,482
2634,482
2635,482
2636,482
2637,482
2638,482
2639,482
2640,482
2641,482
2642,482
2643,482
2644,482
2645,482
2646,482
2647,482
2648,482
2649,482
2650,482
2651,482
2652,482
2653,482
2654,482
2655,482
2656,482
2657,482
2658,482
2659,482
2660,482
2661,482
2662,482
2663,482
2664,482
2665,482
2666,482
2667,482
2668,482
2669,482
2670,482
2671,482
2672,482
2673,482
2674,482
2675,482
2676,482
2677,482
2678,482
2679,482
2680,482
2681,483
2682,483
2683,483
2684,483
2685,483
2686,483
2687,483
2688,483
2689,483
2690,483
2691,483
2692,483
2693,483
2694,483
2695,483
2696,483
2697,483
2698,483
2699,483
2700,483
2701,483
2702,483
2703,483
2704,483
2705,483
2706,483
2707,483
2708,483
2709,483
2710,483
2711,483
2712,483
2713,483
2714,483
2715,483
2716,483
2717,483
2718,483
2719,483
2720,483
2721,483
2722,483
2723,483
2724,483
2725,483
2726,483
2727,483
2728,483
2729,483
2730,483
2731,483
2732,483
2733,483
2734,483
2735,483
2736,483
2737,483
2738,483
2739,483
2740,483
2741,483
2742,483
2743,483
2744,483
2745,483
2746,483
2747,483
2748,483
2749,483
2750,483
2751,483
2752,483
2753,483
2754,483
2755,483
2756,483
2757,483
2758,483
2759,483
2760,483
2761,483
2762,483
2763,483
2764,483
2765,483
2766,483
2767,483
2768,483
2769,483
2770,483
2771,483
2772,483
2773,483
2774,483
2775,483
2776,483
2777,483
2778,483
2779,483
2780,483
2781,483
2782,483
2783,483
2784,483
2785,483
2786,483
2787,483
2788,483
2789,483
2790,483
2791,483
2792,483
2793,483
2794,483
2795,483
2796,483
2797,483
2798,483
2799,483
2800,483
2801,483
2802,483
2803,483
2804,483
2805,483
2806,483
2807,483
2808,483
2809,483
2810,483
2811,483
2812,484
2813,484
2814,484
2815,484
2816,484
2817,484
2818,484
2819,484
2820,484
2821,484
2822,484
2823,484
2824,484
2825,484
2826,484
2827,484
2828,484
2829,484
2830,484
2831,484
2832,484
2833,484
2834,484
2835,484
2836,484
2837,484
2838,484
2839,484
2840,484
2841,484
2842,484
2843,484
2844,484
2845,484
2846,484
2847,484
2848,484
2849,484
2850,484
2851,484
2852,484
2853,484
2854,484
2855,484
2856,484
2857,484
2858,484
2859,484
2860,484
2861,484
2862,484
2863,484
2864,484
2865,484
2866,484
2867,484
2868,484
2869,484
2870,484
2871,484
2872,484
2873,484
2874,484
2875,484
2876,484
2877,484
2878,484
2879,484
2880,484
2881,484
2882,484
2883,484
2884,484
2885,484
2886,484
2887,484
2888,484
2889,484
2890,484
2891,484
2892,484
2893,484
2894,484
2895,484
2896,484
2897,484
2898,484
2899,484
2900,484
2901,484
2902,484
2903,484
2904,484
2905,484
2906,484
2907,484
2908,484
2909,484
2910,484
2911,484
2912,484
2913,484
2914,484
2915,484
2916,484
2917,484
2918,484
2919,484
2920,484
2921,484
2922,484
2923,484
2924,484
2925,484
2926,484
2927,484
2928,484
2929,484
2930,484
2931,484
2932,484
2933,484
2934,484
2935,484
2936,484
2937,484
2938,484
2939,484
2940,484
2941,484
2942,484
2943,484
2944,484
2945,484
2946,484
2947,484
2948,485
2949,485
2950,485
2951,485
2952,485
2953,485
2954,485
2955,485
2956,485
2957,485
2958,485
2959,485
2960,485
2961,485
2962,485
2963,485
2964,485
2965,485
2966,485
2967,485
2968,485
2969,485
2970,485
2971,485
2972,485
2973,485
2974,485
2975,485
2976,485
2977,485
2978,485
2979,485
2980,485
2981,485
2982,485
2983,485
2984,485
2985,485
2986,485
2987,485
2988,485
2989,485
2990,485
2991,485
2992,485
2993,485
2994,485
2995,485
2996,485
2997,485
2998,485
2999,485
3000,485
3001,485
3002,485
3003,485
3004,485
3005,485
3006,485
3007,485
3008,485
3009,485
3010,485
3011,485
3012,485
3013,485
3014,485
3015,485
3016,485
3017,485
3018,485
3019,485
3020,485
3021,485
3022,485
3023,485
3024,485
3025,485
3026,485
3027,485
3028,485
3029,485
3030,485
3031,485
3032,485
3033,485
3034,485
3035,485
3036,485
3037,485
3038,485
3039,485
3040,485
3041,485
3042,485
3043,485
3044,485
3045,485
3046,485
3047,485
3048,485
3049,485
3050,485
3051,485
3052,485
3053,485
3054,485
3055,485
3056,485
3057,485
3058,485
3059,485
3060,485
3061,485
3062,485
3063,485
3064,485
3065,485
3066,485
3067,485
3068,485
3069,485
3070,485
3071,485
3072,485
3073,485
3074,485
3075,485
3076,485
3077,485
3078,485
3079,485
3080,485
3081,485
3082,485
3083,485
3084,485
3085,485
3086,485
3087,485
3088,485
3089,485
3090,485
3091,485
3092,485
3093,485
3094,485
3095,485
3096,485
3097,485
3098,485
3099,485
3100,485
3101,485
3102,485
3103,485
3104,485
3105,485
3106,485
3107,485
3108,485
3109,485
3110,485
3111,485
3112,485
3113,485
3114,485
3115,485
3116,485
3117,485
3118,485
3119,485
3120,485
3121,485
3122,485
3123,485
3124,485
3125,485
3126,485
3127,485
3128,485
3129,485
3130,485
3131,485
3132,485
3133,485
3134,485
3135,485
3136,485
3137,485
3138,485
3139,485
3140,485
3141,485
3142,485
3143,485
3144,485
3145,485
3146,485
3147,485
3148,485
3149,485
3150,485
3151,485
3152,485
3153,485
3154,485
3155,485
3156,485
3157,485
3158,485
3159,485
3160,485
3161,485
3162,485
3163,485
3164,485
3165,485
3166,485
3167,485
3168,485
3169,485
3170,485
3171,485
3172,485
3173,485
3174,485
3175,485
3176,485
3177,485
3178,485
3179,485
3180,485
3181,485
3182,485
3183,485
3184,485
3185,485
3186,485
3187,485
3188,485
3189,485
3190,485
3191,485
3192,485
3193,485
3194,485
3195,485
3196,485
3197,485
3198,485
3199,485
3200,485
3201,485
3202,485
3203,485
3204,485
3205,485
3206,485
3207,485
3208,485
3209,485
3210,485
3211,485
3212,485
3213,485
3214,485
3215,485
3216,485
3217,485
3218,485
3219,485
3220,485
3221,485
3222,485
3223,485
3224,485
3225,485
3226,485
3227,485
3228,485
3229,485
3230,485
3231,485
3232,485
3233,485
3234,485
3235,485
3236,485
3237,485
3238,485
3239,485
3240,485
3241,485
3242,485
3243,485
3244,485
3245,485
3246,485
3247,485
3248,485
3249,485
3250,485
3251,485
3252,485
3253,485
3254,485
3255,485
3256,485
3257,485
3258,485
3259,485
3260,485
3261,485
3262,485
3263,485
3264,485
3265,485
3266,485
3267,485
3268,485
3269,485
3270,485
3271,485
3272,485
3273,485
3274,485
3275,485
3276,485
3277,485
3278,485
3279,485
3280,485
3281,485
3282,485
3283,485
3284,485
3285,485
3286,485
3287,485
3288,485
3289,485
3290,485
3291,485
3292,485
3293,485
3294,485
3295,485
3296,485
3297,485
3298,485
3299,485
3300,485
3301,485
3302,485
3303,485
3304,485
3305,485
3306,485
3307,485
3308,485
3309,485
3310,485
3311,485
3312,485
3313,485
3314,485
3315,485
3316,485
3317,485
3318,485
3319,485
3320,485
3321,485
3322,485
3323,485
3324,485
3325,485
3326,485
3327,485
3328,485
3329,485
3330,485
3331,485
3332,485
3333,485
3334,485
3335,485
3336,485
3337,485
3338,485
3339,485
3340,485
3341,485
3342,485
3343,485
3344,485
3345,485
3346,485
3347,485
3348,485
3349,485
3350,485
3351,485
3352,485
3353,485
3354,485
3355,485
3356,485
3357,485
3358,485
3359,485
3360,485
3361,485
3362,485
3363,485
3364,485
3365,485
3366,485
3367,485
3368,485
3369,485
3370,485
3371,485
3372,485
3373,485
3374,485
3375,485
3376,485
3377,485
3378,485
3379,485
3380,485
3381,485
3382,485
3383,485
3384,485
3385,485
3386,485
3387,485
3388,485
3389,485
3390,485
3391,485
3392,485
3393,485
3394,485
3395,485
3396,485
3397,485
3398,485
3399,485
3400,485
3401,485
3402,485
3403,485
3404,485
3405,485
3406,485
3407,485
3408,485
3409,485
3410,485
3411,485
3412,485
3413,485
3414,485
3415,485
3416,485
3417,485
3418,485
3419,485
3420,485
3421,485
3422,485
3423,485
3424,485
3425,485
3426,485
3427,485
3428,485
3429,485
3430,485
3431,485
3432,485
3433,485
3434,485
3435,485
3436,485
3437,485
3438,485
3439,485
3440,485
3441,485
3442,485
3443,485
3444,485
3445,485
3446,485
3447,485
3448,485
3449,485
3450,485
3451,485
3452,485
3453,485
3454,485
3455,485
3456,485
3457,485
3458,485
3459,485
3460,485
3461,485
3462,485
3463,485
3464,485
3465,485
3466,485
3467,485
3468,485
3469,485
3470,485
3471,485
3472,485
3473,485
3474,485
3475,485
3476,485
3477,485
3478,485
3479,485
3480,485
3481,485
3482,485
3483,485
3484,485
3485,485
3486,485
3487,485
3488,485
3489,485
3490,485
3491,485
3492,485
3493,485
3494,485
3495,485
3496,485
3497,485
3498,485
3499,485
3500,485
3501,485
3502,485
3503,485
3504,485
3505,485
3506,485
3507,485
3508,485
3509,486
3510,486
3511,486
3512,486
3513,486
3514,486
3515,486
3516,486
3517,486
3518,486
3519,486
3520,486
3521,486
3522,486
3523,486
3524,486
3525,486
3526,486
3527,486
3528,486
3529,486
3530,486
3531,486
3532,486
3533,486
3534,486
3535,486
3536,486
3537,486
3538,486
3539,486
3540,486
3541,486
3542,486
3543,486
3544,486
3545,486
3546,486
3547,486
3548,486
3549,486
3550,486
3551,486
3552,486
3553,486
3554,486
3555,486
3556,486
3557,486
3558,486
3559,486
3560,486
3561,486
3562,486
3563,486
3564,486
3565,486
3566,486
3567,486
3568,486
3569,486
3570,486
3571,486
3572,486
3573,486
3574,486
3575,486
3576,486
3577,486
3578,486
3579,486
3580,486
3581,486
3582,486
3583,486
3584,486
3585,486
3586,486
3587,486
3588,486
3589,486
3590,486
3591,486
3592,486
3593,486
3594,486
3595,486
3596,486
3597,486
3598,486
3599,486
3600,486
3601,486
3602,486
3603,486
3604,486
3605,486
3606,486
3607,486
3608,486
3609,486
3610,486
3611,486
3612,486
3613,486
3614,486
3615,486
3616,486
3617,486
3618,486
3619,486
3620,486
3621,486
3622,486
3623,486
3624,486
3625,486
3626,486
3627,486
3628,486
3629,486
3630,486
3631,486
3632,486
3633,486
3634,486
3635,486
3636,486
3637,486
3638,486
3639,486
3640,486
3641,486
3642,486
3643,486
3644,486
3645,486
3646,486
3647,486
3648,486
3649,486
3650,486
3651,486
3652,486
3653,487
3654,487
3655,487
3656,487
3657,487
3658,487
3659,487
3660,487
3661,487
3662,487
3663,487
3664,487
3665,487
3666,487
3667,487
3668,487
3669,487
3670,487
3671,487
3672,487
3673,487
3674,487
3675,487
3676,487
3677,487
3678,487
3679,487
3680,487
3681,487
3682,487
3683,487
3684,487
3685,487
3686,487
3687,487
3688,487
3689,487
3690,487
3691,487
3692,487
3693,487
3694,487
3695,487
3696,487
3697,487
3698,487
3699,487
3700,487
3701,487
3702,487
3703,487
3704,487
3705,487
3706,487
3707,487
3708,487
3709,487
3710,487
3711,487
3712,487
3713,487
3714,487
3715,487
3716,487
3717,487
3718,487
3719,487
3720,487
3721,487
3722,487
3723,487
3724,487
3725,487
3726,487
3727,487
3728,487
3729,487
3730,487
3731,487
3732,487
3733,487
3734,487
3735,487
3736,487
3737,487
3738,487
3739,487
3740,487
3741,487
3742,487
3743,487
3744,487
3745,487
3746,487
3747,487
3748,487
3749,487
3750,487
3751,487
3752,487
3753,487
3754,487
3755,487
3756,487
3757,487
3758,487
3759,487
3760,487
3761,487
3762,487
3763,487
3764,487
3765,487
3766,487
3767,487
3768,487
3769,487
3770,487
3771,487
3772,487
3773,487
3774,487
3775,487
3776,487
3777,487
3778,487
3779,487
3780,487
3781,487
3782,487
3783,487
3784,487
3785,487
3786,487
3787,487
3788,487
3789,487
3790,487
3791,487
3792,487
3793,487
3794,487
3795,487
3796,487
3797,487
3798,487
3799,487
3800,487
3801,487
3802,487
3803,487
3804,487
3805,487
3806,487
3807,487
3808,487
3809,487
3810,487
3811,487
3812,487
3813,487
3814,487
3815,487
3816,487
3817,487
3818,487
3819,487
3820,487
3821,487
3822,487
3823,487
3824,487
3825,487
3826,487
3827,487
3828,487
3829,487
3830,487
3831,487
3832,487
3833,487
3834,487
3835,487
3836,487
3837,487
3838,487
3839,487
3840,487
3841,487
3842,487
3843,487
3844,487
3845,487
3846,487
3847,487
3848,487
3849,487
3850,487
3851,487
3852,487
3853,487
3854,487
3855,487
3856,487
3857,487
3858,487
3859,487
3860,487
3861,487
3862,487
3863,487
3864,487
3865,487
3866,487
3867,487
3868,487
3869,487
3870,487
3871,487
3872,487
3873,487
3874,487
3875,487
3876,487
3877,487
3878,487
3879,487
3880,487
3881,487
3882,487
3883,487
3884,487
3885,487
3886,487
3887,487
3888,487
3889,487
3890,487
3891,487
3892,487
3893,487
3894,487
3895,487
3896,487
3897,487
3898,487
3899,487
3900,487
3901,487
3902,487
3903,487
3904,487
3905,487
3906,487
3907,487
3908,487
3909,487
3910,487
3911,487
3912,487
3913,487
3914,487
3915,487
3916,487
3917,487
3918,487
3919,487
3920,487
3921,487
3922,488
3923,488
3924,488
3925,488
3926,488
3927,488
3928,488
3929,488
3930,488
3931,488
3932,488
3933,488
3934,488
3935,488
3936,488
3937,488
3938,488
3939,488
3940,488
3941,488
3942,488
3943,488
3944,488
3945,488
3946,488
3947,488
3948,488
3949,488
3950,488
3951,488
3952,488
3953,488
3954,488
3955,488
3956,488
3957,488
3958,488
3959,488
3960,488
3961,488
3962,488
3963,488
3964,488
3965,488
3966,488
3967,488
3968,488
3969,488
3970,488
3971,488
3972,488
3973,488
3974,488
3975,488
3976,488
3977,488
3978,488
3979,488
3980,488
3981,488
3982,488
3983,488
3984,488
3985,488
3986,488
3987,488
3988,488
3989,488
3990,488
3991,488
3992,488
3993,488
3994,488
3995,488
3996,488
3997,488
3998,488
3999,488
4000,488
4001,488
4002,488
4003,488
4004,488
4005,488
4006,488
4007,488
4008,488
4009,488
4010,488
4011,488
4012,488
4013,488
4014,488
4015,488
4016,488
4017,488
4018,488
4019,488
4020,489
4021,490
4022,491
4023,492
4024,493
4025,493
4026,493
4027,494
4028,494
4029,495
4030,495
4031,495
4032,495
4033,495
4034,495
4035,495
4036,495
4037,495
4038,495
4039,495
4040,495
4041,495
4042,495
4043,495
4044,495
4045,495
4046,495
4047,495
4048,495
4049,495
4050,495
4051,495
4052,495
4053,495
4054,495
4055,495
4056,495
4057,495
4058,495
4059,495
4060,495
4061,495
4062,495
4063,495
4064,495
4065,495
4066,495
4067,495
4068,495
4069,495
4070,495
4071,495
4072,495
4073,495
4074,495
4075,495
4076,495
4077,495
4078,495
4079,495
4080,495
4081,495
4082,495
4083,495
4084,495
4085,495
4086,495
4087,495
4088,495
4089,495
4090,495
4091,495
4092,495
4093,495
4094,495
4095,495
4096,495
4097,495
4098,495
4099,495
4100,495
4101,495
4102,495
4103,495
4104,495
4105,496
4106,496
4107,496
4108,496
4109,496
4110,496
4111,496
4112,496
4113,497
4114,497
4115,497
4116,497
4117,497
4118,497
4119,497
4120,497
4121,497
4122,497
4123,498
4124,498
4125,498
4126,498
4127,498
4128,498
4129,498
4130,498
4131,498
4132,498
4133,498
4134,498
4135,498
4136,498
4137,498
4138,498
4139,498
4140,498
4141,498
4142,498
4143,498
4144,498
4145,498
4146,498
4147,498
4148,498
4149,498
4150,498
4151,498
4152,498
4153,498
4154,498
4155,498
4156,498
4157,498
4158,498
4159,498
4160,498
4161,498
4162,498
4163,498
4164,498
4165,498
4166,498
4167,498
4168,498
4169,498
4170,498
4171,498
4172,498
4173,498
4174,498
4175,498
4176,498
4177,498
4178,498
4179,499
4180,499
4181,499
4182,499
4183,499
4184,499
4185,499
4186,499
4187,499
4188,499
4189,499
4190,499
4191,499
4192,499
4193,499
4194,499
4195,499
4196,499
4197,499
4198,499
4199,499
4200,499
4201,499
4202,499
4203,499
4204,499
4205,499
4206,499
4207,499
4208,499
4209,499
4210,499
4211,499
4212,499
4213,499
4214,499
4215,499
4216,499
4217,499
4218,499
4219,499
4220,499
4221,499
4222,499
4223,499
4224,499
4225,499
4226,499
4227,499
4228,499
4229,499
4230,499
4231,499
4232,499
4233,499
4234,499
4235,499
4236,499
4237,499
4238,499
4239,499
4240,499
4241,499
4242,499
4243,499
4244,499
4245,499
4246,499
4247,499
4248,499
4249,499
4250,499
4251,499
4252,499
4253,499
4254,499
4255,499
4256,499
4257,499
4258,499
4259,499
4260,499
4261,499
4262,499
4263,499
4264,499
4265,499
4266,499
4267,499
4268,499
4269,499
4270,499
4271,499
4272,499
4273,499
4274,499
4275,499
4276,499
4277,499
4278,499
4279,499
4280,499
4281,499
4282,499
4283,499
4284,499
4285,499
4286,499
4287,499
4288,499
4289,499
4290,499
4291,499
4292,499
4293,499
4294,499
4295,499
4296,499
4297,499
4298,499
4299,499
4300,499
4301,499
4302,499
4303,499
4304,499
4305,499
4306,499
4307,499
4308,499
4309,499
4310,499
4311,499
4312,499
4313,499
4314,499
4315,499
4316,499
4317,499
4318,499
4319,499
4320,499
4321,499
4322,499
4323,499
4324,499
4325,499
4326,499
4327,499
4328,499
4329,499
4330,499
4331,499
4332,499
4333,499
4334,499
4335,499
4336,499
4337,499
4338,499
4339,499
4340,499
4341,499
4342,499
4343,500
