0,0
1,2
2,4
3,6
4,8
5,10
6,12
7,14
8,15
9,17
10,19
11,21
12,23
13,25
14,26
15,27
16,28
17,29
18,30
19,32
20,33
21,34
22,36
23,37
24,38
25,39
26,40
27,42
28,43
29,45
30,46
31,48
32,49
33,50
34,52
35,52
36,52
37,53
38,54
39,56
40,56
41,58
42,59
43,59
44,59
45,59
46,59
47,60
48,61
49,62
50,63
51,63
52,64
53,65
54,65
55,66
56,66
57,66
58,68
59,68
60,69
61,71
62,71
63,71
64,71
65,72
66,72
67,72
68,72
69,73
70,73
71,73
72,73
73,74
74,74
75,74
76,74
77,75
78,75
79,76
80,76
81,76
82,76
83,76
84,76
85,77
86,78
87,79
88,80
89,80
90,81
91,82
92,83
93,84
94,85
95,87
96,89
97,89
98,89
99,89
100,90
101,90
102,90
103,90
104,90
105,91
106,92
107,92
108,92
109,93
110,94
111,94
112,94
113,94
114,94
115,95
116,95
117,95
118,95
119,95
120,95
121,95
122,95
123,95
124,95
125,95
126,95
127,96
128,96
129,96
130,97
131,97
132,98
133,98
134,98
135,98
136,98
137,98
138,98
139,98
140,98
141,98
142,99
143,99
144,99
145,99
146,100
147,101
148,102
149,102
150,102
151,102
152,103
153,103
154,103
155,103
156,103
157,103
158,103
159,103
160,103
161,104
162,104
163,104
164,104
165,105
166,106
167,107
168,107
169,108
170,108
171,108
172,108
173,108
174,108
175,108
176,108
177,108
178,108
179,108
180,108
181,108
182,108
183,108
184,108
185,108
186,108
187,108
188,108
189,108
190,108
191,108
192,108
193,108
194,108
195,108
196,108
197,108
198,108
199,109
200,109
201,109
202,109
203,109
204,109
205,109
206,109
207,109
208,109
209,110
210,111
211,111
212,112
213,112
214,112
215,113
216,113
217,113
218,113
219,113
220,113
221,113
222,113
223,113
224,113
225,113
226,113
227,113
228,114
229,114
230,114
231,114
232,114
233,114
234,114
235,114
236,114
237,114
238,114
239,114
240,114
241,114
242,114
243,114
244,114
245,114
246,114
247,115
248,115
249,116
250,117
251,117
252,118
253,119
254,119
255,119
256,119
257,119
258,120
259,120
260,120
261,120
262,120
263,120
264,120
265,120
266,120
267,121
268,122
269,123
270,124
271,124
272,125
273,125
274,125
275,125
276,126
277,127
278,128
279,128
280,128
281,128
282,128
283,128
284,128
285,128
286,128
287,128
288,128
289,128
290,128
291,129
292,130
293,131
294,131
295,131
296,131
297,131
298,131
299,131
300,131
301,131
302,132
303,132
304,132
305,132
306,132
307,132
308,132
309,132
310,132
311,132
312,132
313,132
314,132
315,132
316,132
317,132
318,132
319,132
320,132
321,132
322,133
323,133
324,133
325,133
326,133
327,133
328,133
329,133
330,133
331,133
332,133
333,133
334,133
335,133
336,133
337,133
338,133
339,133
340,133
341,133
342,133
343,133
344,133
345,133
346,133
347,133
348,133
349,133
350,133
351,133
352,133
353,133
354,133
355,133
356,133
357,133
358,133
359,133
360,134
361,135
362,135
363,135
364,136
365,137
366,138
367,139
368,139
369,139
370,140
371,141
372,141
373,142
374,142
375,142
376,142
377,142
378,142
379,142
380,142
381,142
382,142
383,142
384,142
385,142
386,142
387,142
388,142
389,142
390,142
391,142
392,142
393,142
394,142
395,142
396,142
397,142
398,142
399,142
400,142
401,142
402,142
403,142
404,142
405,142
406,142
407,142
408,142
409,142
410,142
411,142
412,142
413,142
414,142
415,142
416,142
417,142
418,142
419,142
420,142
421,142
422,142
423,142
424,142
425,142
426,142
427,142
428,142
429,142
430,142
431,142
432,142
433,142
434,142
435,142
436,142
437,142
438,142
439,142
440,142
441,142
442,142
443,142
444,142
445,142
446,142
447,142
448,142
449,142
450,142
451,142
452,142
453,142
454,142
455,142
456,142
457,142
458,142
459,142
460,142
461,142
462,142
463,142
464,142
465,142
466,142
467,142
468,142
469,142
470,142
471,142
472,142
473,142
474,142
475,142
476,142
477,142
478,142
479,142
480,142
481,142
482,142
483,142
484,142
485,142
486,142
487,142
488,142
489,142
490,142
491,142
492,142
493,142
494,142
495,142
496,142
497,142
498,142
499,142
500,142
501,142
502,142
503,142
504,142
505,142
506,142
507,142
508,142
509,142
510,142
511,142
512,142
513,142
514,142
515,142
516,142
517,142
518,142
519,142
520,142
521,142
522,142
523,142
524,142
525,142
526,142
527,142
528,142
529,142
530,142
531,142
532,142
533,142
534,142
535,142
536,142
537,142
538,142
539,142
540,142
541,142
542,142
543,142
544,142
545,142
546,142
547,142
548,142
549,142
550,142
551,142
552,142
553,142
554,142
555,142
556,142
557,142
558,142
559,142
560,142
561,142
562,142
563,142
564,142
565,142
566,142
567,142
568,142
569,142
570,142
571,142
572,142
573,142
574,142
575,142
576,142
577,142
578,142
579,142
580,142
581,142
582,142
583,142
584,142
585,142
586,142
587,142
588,142
589,142
590,142
591,142
592,142
593,142
594,142
595,142
596,142
597,142
598,142
599,142
600,142
601,142
602,142
603,142
604,142
605,142
606,142
607,142
608,142
609,142
610,142
611,142
612,142
613,142
614,142
615,142
616,142
617,142
618,142
619,142
620,142
621,142
622,142
623,142
624,142
625,142
626,142
627,142
628,142
629,143
630,143
631,143
632,143
633,143
634,143
635,143
636,143
637,143
638,143
639,143
640,143
641,143
642,143
643,143
644,143
645,143
646,143
647,143
648,143
649,143
650,143
651,143
652,143
653,143
654,143
655,143
656,143
657,143
658,143
659,143
660,143
661,143
662,143
663,143
664,143
665,143
666,143
667,143
668,143
669,143
670,143
671,143
672,143
673,143
674,144
675,144
676,144
677,144
678,144
679,144
680,144
681,144
682,144
683,144
684,144
685,144
686,144
687,144
688,144
689,144
690,144
691,144
692,144
693,144
694,144
695,144
696,144
697,144
698,144
699,144
700,144
701,144
702,144
703,144
704,144
705,144
706,144
707,144
708,144
709,144
710,144
711,144
712,144
713,144
714,144
715,144
716,144
717,144
718,144
719,144
720,144
721,144
722,144
723,144
724,144
725,144
726,144
727,144
728,144
729,144
730,144
731,144
732,144
733,144
734,144
735,144
736,144
737,144
738,144
739,144
740,144
741,144
742,144
743,144
744,144
745,144
746,144
747,144
748,144
749,144
750,144
751,144
752,144
753,144
754,144
755,144
756,144
757,144
758,144
759,144
760,144
761,144
762,144
763,144
764,144
765,144
766,144
767,144
768,144
769,144
770,144
771,144
772,144
773,144
774,144
775,144
776,144
777,144
778,144
779,144
780,144
781,144
782,144
783,144
784,144
785,144
786,144
787,144
788,144
789,144
790,144
791,144
792,144
793,144
794,144
795,144
796,144
797,144
798,144
799,144
800,144
801,144
802,144
803,144
804,144
805,144
806,144
807,144
808,144
809,144
810,144
811,144
812,144
813,144
814,144
815,144
816,144
817,144
818,144
819,144
820,144
821,144
822,144
823,144
824,144
825,144
826,144
827,144
828,144
829,144
830,144
831,144
832,144
833,144
834,144
835,144
836,144
837,144
838,144
839,144
840,144
841,144
842,144
843,144
844,144
845,144
846,144
847,144
848,144
849,144
850,144
851,144
852,144
853,144
854,144
855,144
856,144
857,144
858,144
859,144
860,144
861,144
862,144
863,144
864,144
865,144
866,145
