0,0
1,2
2,4
3,6
4,8
5,10
6,12
7,13
8,14
9,16
10,18
11,19
12,20
13,22
14,22
15,24
16,24
17,25
18,27
19,28
20,29
21,30
22,30
23,31
24,32
25,33
26,35
27,36
28,36
29,36
30,37
31,39
32,40
33,41
34,41
35,41
36,41
37,43
38,44
39,45
40,46
41,47
42,47
43,47
44,47
45,47
46,48
47,49
48,49
49,50
50,50
51,50
52,51
53,53
54,54
55,54
56,55
57,57
58,58
59,60
60,62
61,62
62,63
63,63
64,63
65,63
66,64
67,64
68,64
69,65
70,65
71,65
72,65
73,65
74,65
75,66
76,66
77,67
78,68
79,69
80,70
81,71
82,71
83,71
84,72
85,72
86,72
87,72
88,73
89,73
90,73
91,73
92,73
93,73
94,73
95,73
96,73
97,73
98,73
99,73
100,74
101,75
102,75
103,75
104,75
105,75
106,75
107,75
108,75
109,76
110,76
111,76
112,76
113,76
114,76
115,77
116,77
117,77
118,77
119,77
120,77
121,77
122,77
123,77
124,77
125,77
126,78
127,78
128,78
129,78
130,78
131,78
132,79
133,79
134,79
135,79
136,79
137,79
138,79
139,79
140,79
141,79
142,80
143,80
144,80
145,80
146,80
147,80
148,80
149,80
150,80
151,80
152,80
153,80
154,80
155,80
156,80
157,80
158,80
159,80
160,80
161,80
162,80
163,80
164,80
165,81
166,81
167,81
168,81
169,81
170,81
171,81
172,81
173,81
174,81
175,81
176,82
177,82
178,83
179,84
180,84
181,84
182,84
183,85
184,85
185,85
186,85
187,85
188,85
189,85
190,85
191,85
192,85
193,85
194,85
195,85
196,85
197,85
198,85
199,85
200,85
201,85
202,85
203,85
204,85
205,85
206,85
207,85
208,86
209,86
210,86
211,86
212,86
213,86
214,86
215,86
216,86
217,86
218,86
219,86
220,86
221,86
222,86
223,86
224,86
225,86
226,86
227,86
228,86
229,86
230,86
231,86
232,86
233,86
234,86
235,86
236,86
237,86
238,86
239,86
240,86
241,86
242,86
243,86
244,86
245,86
246,86
247,86
248,86
249,86
250,86
251,86
252,86
253,86
254,86
255,86
256,86
257,86
258,86
259,87
260,88
261,88
262,88
263,88
264,88
265,88
266,88
267,88
268,88
269,88
270,88
271,88
272,88
273,89
274,89
275,89
276,89
277,89
278,89
279,89
280,89
281,89
282,89
283,89
284,89
285,89
286,89
287,89
288,89
289,89
290,89
291,89
292,89
293,89
294,89
295,89
296,89
297,89
298,89
299,89
300,89
301,89
302,90
303,90
304,90
305,90
306,90
307,90
308,90
309,90
310,90
311,90
312,90
313,90
314,90
315,90
316,90
317,90
318,90
319,90
320,90
321,90
322,90
323,90
324,90
325,90
326,90
327,90
328,91
329,91
330,91
331,91
332,91
333,91
334,91
335,91
336,91
337,91
338,91
339,91
340,91
341,91
342,91
343,91
344,91
345,91
346,91
347,91
348,91
349,91
350,91
351,91
352,92
353,92
354,92
355,92
356,92
357,92
358,92
359,92
360,92
361,93
362,93
363,94
364,95
365,96
366,97
367,97
368,97
369,97
370,97
371,98
372,98
373,98
374,98
375,98
376,98
377,98
378,98
379,98
380,98
381,98
382,98
383,98
384,98
385,98
386,98
387,98
388,98
389,98
390,98
391,98
392,98
393,98
394,98
395,98
396,99
397,100
398,100
399,101
400,101
401,101
402,102
403,103
404,104
405,104
406,104
407,104
408,105
409,105
410,105
411,105
412,106
413,106
414,106
415,106
416,106
417,106
418,106
419,106
420,106
421,106
422,106
423,106
424,106
425,106
426,106
427,106
428,106
429,106
430,106
431,106
432,106
433,106
434,106
435,106
436,106
437,106
438,106
439,106
440,106
441,106
442,106
443,106
444,106
445,106
446,106
447,106
448,106
449,106
450,106
451,106
452,106
453,106
454,106
455,106
456,106
457,106
458,106
459,106
460,106
461,106
462,106
463,106
464,106
465,106
466,106
467,106
468,106
469,106
470,106
471,106
472,106
473,106
474,106
475,106
476,106
477,106
478,106
479,106
480,106
481,106
482,106
483,106
484,106
485,106
486,106
487,106
488,106
489,106
490,106
491,107
492,108
493,109
494,110
495,111
496,112
497,112
498,112
499,112
500,112
501,112
502,112
503,112
504,112
505,112
506,112
507,113
508,113
509,114
510,114
511,114
512,115
513,115
514,116
515,117
516,117
517,118
518,119
519,119
520,120
521,121
522,121
523,122
524,122
525,122
526,122
527,122
528,122
529,122
530,122
531,122
532,122
533,123
534,123
535,124
536,124
537,124
538,124
539,124
540,124
541,124
542,124
543,124
544,124
545,124
546,124
547,124
548,124
549,124
550,124
551,124
552,124
553,124
554,124
555,124
556,124
557,124
558,124
559,124
560,124
561,124
562,124
563,124
564,124
565,124
566,124
567,125
568,125
569,125
570,125
571,126
572,126
573,126
574,127
575,127
576,127
577,127
578,127
579,127
580,127
581,127
582,127
583,128
584,128
585,129
586,129
587,129
588,129
589,129
590,129
591,129
592,129
593,129
594,129
595,129
596,129
597,129
598,129
599,129
600,129
601,129
602,129
603,129
604,129
605,129
606,129
607,129
608,129
609,129
610,129
611,129
612,129
613,129
614,129
615,129
616,129
617,129
618,129
619,129
620,129
621,129
622,129
623,129
624,129
625,129
626,129
627,129
628,129
629,129
630,129
631,129
632,129
633,129
634,129
635,129
636,129
637,129
638,129
639,129
640,129
641,129
642,129
643,129
644,129
645,129
646,129
647,129
648,129
649,129
650,129
651,129
652,129
653,129
654,129
655,129
656,129
657,129
658,129
659,129
660,129
661,129
662,129
663,129
664,129
665,129
666,129
667,129
668,129
669,129
670,129
671,129
672,129
673,129
674,129
675,129
676,129
677,129
678,130
679,131
680,131
681,131
682,131
683,131
684,131
685,131
686,131
687,132
688,132
689,132
690,132
691,132
692,132
693,132
694,132
695,132
696,132
697,132
698,132
699,132
700,132
701,132
702,132
703,132
704,132
705,132
706,132
707,132
708,132
709,132
710,132
711,132
712,132
713,132
714,132
715,132
716,132
717,132
718,132
719,132
720,132
721,132
722,132
723,132
724,132
725,132
726,132
727,132
728,132
729,132
730,132
731,132
732,132
733,132
734,132
735,132
736,132
737,132
738,132
739,132
740,132
741,132
742,132
743,132
744,132
745,132
746,132
747,132
748,132
749,132
750,132
751,132
752,132
753,132
754,132
755,132
756,132
757,132
758,132
759,132
760,132
761,132
762,132
763,132
764,132
765,132
766,132
767,132
768,132
769,132
770,132
771,132
772,132
773,132
774,132
775,132
776,133
777,133
778,133
779,133
780,133
781,133
782,133
783,133
784,133
785,133
786,133
787,133
788,133
789,133
790,133
791,133
792,133
793,133
794,133
795,133
796,133
797,133
798,133
799,133
800,133
801,133
802,133
803,133
804,133
805,133
806,133
807,133
808,133
809,133
810,133
811,133
812,133
813,133
814,133
815,133
816,133
817,133
818,133
819,133
820,133
821,133
822,133
823,133
824,133
825,133
826,133
827,133
828,133
829,133
830,133
831,133
832,133
833,133
834,133
835,133
836,133
837,133
838,133
839,133
840,133
841,133
842,133
843,133
844,133
845,133
846,133
847,133
848,133
849,133
850,133
851,133
852,133
853,133
854,133
855,133
856,133
857,133
858,133
859,133
860,133
861,133
862,133
863,133
864,133
865,133
866,133
867,133
868,133
869,133
870,133
871,133
872,133
873,133
874,133
875,133
876,133
877,133
878,133
879,133
880,133
881,133
882,133
883,133
884,133
885,133
886,133
887,133
888,133
889,133
890,133
891,133
892,133
893,133
894,133
895,133
896,133
897,133
898,133
899,133
900,133
901,133
902,133
903,133
904,133
905,133
906,133
907,133
908,134
909,134
910,134
911,134
912,134
913,135
914,135
915,135
916,135
917,135
918,135
919,135
920,135
921,135
922,135
923,135
924,135
925,135
926,135
927,135
928,135
929,135
930,135
931,135
932,135
933,135
934,135
935,135
936,135
937,135
938,135
939,135
940,135
941,135
942,135
943,135
944,135
945,135
946,135
947,135
948,135
949,135
950,135
951,135
952,135
953,135
954,135
955,135
956,135
957,135
958,135
959,135
960,135
961,135
962,135
963,135
964,135
965,135
966,135
967,135
968,135
969,135
970,135
971,135
972,135
973,135
974,135
975,135
976,136
977,136
978,136
979,136
980,136
981,136
982,136
983,136
984,136
985,136
986,136
987,136
988,136
989,136
990,136
991,136
992,136
993,136
994,136
995,136
996,136
997,136
998,136
999,136
1000,136
1001,136
1002,136
1003,137
1004,137
1005,137
1006,137
1007,137
1008,137
1009,137
1010,137
1011,137
1012,137
1013,137
1014,137
1015,137
1016,137
1017,137
1018,137
1019,137
1020,137
1021,137
1022,137
1023,137
1024,137
1025,137
1026,137
1027,137
1028,137
1029,137
1030,137
1031,137
1032,137
1033,137
1034,137
1035,137
1036,137
1037,137
1038,137
1039,137
1040,137
1041,137
1042,137
1043,137
1044,137
1045,137
1046,137
1047,137
1048,137
1049,137
1050,137
1051,137
1052,137
1053,137
1054,137
1055,137
1056,137
1057,137
1058,137
1059,137
1060,137
1061,137
1062,137
1063,137
1064,137
1065,137
1066,137
1067,137
1068,137
1069,137
1070,137
1071,137
1072,137
1073,137
1074,137
1075,137
1076,137
1077,137
1078,137
1079,137
1080,137
1081,137
1082,137
1083,137
1084,137
1085,137
1086,137
1087,137
1088,137
1089,137
1090,137
1091,137
1092,137
1093,137
1094,137
1095,137
1096,137
1097,137
1098,137
1099,137
1100,137
1101,137
1102,137
1103,137
1104,137
1105,137
1106,137
1107,137
1108,137
1109,137
1110,137
1111,137
1112,137
1113,138
1114,138
1115,138
1116,138
1117,138
1118,138
1119,138
1120,138
1121,138
1122,138
1123,138
1124,138
1125,138
1126,138
1127,138
1128,138
1129,138
1130,138
1131,138
1132,138
1133,138
1134,138
1135,138
1136,138
1137,138
1138,138
1139,138
1140,138
1141,138
1142,138
1143,139
1144,139
1145,139
1146,139
1147,139
1148,139
1149,139
1150,139
1151,139
1152,139
1153,139
1154,139
1155,139
1156,139
1157,139
1158,139
1159,139
1160,139
1161,139
1162,139
1163,139
1164,139
1165,139
1166,139
1167,139
1168,139
1169,139
1170,139
1171,139
1172,139
1173,139
1174,139
1175,139
1176,139
1177,139
1178,139
1179,139
1180,139
1181,139
1182,139
1183,139
1184,139
1185,139
1186,139
1187,139
1188,139
1189,139
1190,139
1191,139
1192,139
1193,139
1194,139
1195,139
1196,139
1197,139
1198,139
1199,139
1200,139
1201,139
1202,139
1203,139
1204,139
1205,139
1206,139
1207,139
1208,139
1209,139
1210,139
1211,139
1212,139
1213,139
1214,139
1215,139
1216,139
1217,139
1218,139
1219,139
1220,139
1221,139
1222,139
1223,139
1224,139
1225,139
1226,139
1227,139
1228,139
1229,139
1230,139
1231,139
1232,139
1233,139
1234,139
1235,139
1236,139
1237,139
1238,139
1239,139
1240,139
1241,139
1242,139
1243,139
1244,139
1245,139
1246,139
1247,139
1248,139
1249,139
1250,139
1251,139
1252,139
1253,139
1254,139
1255,139
1256,139
1257,139
1258,139
1259,139
1260,139
1261,139
1262,139
1263,139
1264,139
1265,139
1266,139
1267,139
1268,139
1269,139
1270,139
1271,139
1272,139
1273,139
1274,139
1275,139
1276,139
1277,139
1278,139
1279,139
1280,139
1281,139
1282,139
1283,139
1284,139
1285,139
1286,139
1287,139
1288,139
1289,139
1290,139
1291,139
1292,139
1293,139
1294,139
1295,139
1296,139
1297,140
1298,140
1299,140
1300,140
1301,140
1302,140
1303,140
1304,140
1305,140
1306,140
1307,140
1308,140
1309,140
1310,140
1311,140
1312,140
1313,140
1314,140
1315,140
1316,140
1317,140
1318,140
1319,140
1320,140
1321,140
1322,140
1323,140
1324,140
1325,140
1326,140
1327,140
1328,140
1329,140
1330,140
1331,140
1332,140
1333,140
1334,140
1335,140
1336,140
1337,140
1338,141
1339,141
1340,141
1341,141
1342,141
1343,141
1344,141
1345,141
1346,141
1347,141
1348,141
1349,141
1350,141
1351,141
1352,141
1353,141
1354,141
1355,141
1356,141
1357,141
1358,141
1359,141
1360,141
1361,141
1362,141
1363,141
1364,141
1365,141
1366,141
1367,141
1368,141
1369,141
1370,141
1371,141
1372,141
1373,141
1374,141
1375,141
1376,141
1377,141
1378,141
1379,141
1380,141
1381,141
1382,141
1383,141
1384,141
1385,141
1386,141
1387,141
1388,141
1389,141
1390,141
1391,141
1392,141
1393,141
1394,141
1395,141
1396,141
1397,141
1398,141
1399,141
1400,141
1401,141
1402,141
1403,141
1404,141
1405,141
1406,141
1407,141
1408,141
1409,141
1410,141
1411,141
1412,141
1413,141
1414,141
1415,141
1416,141
1417,141
1418,141
1419,141
1420,141
1421,141
1422,141
1423,141
1424,141
1425,141
1426,141
1427,141
1428,141
1429,141
1430,141
1431,141
1432,141
1433,141
1434,141
1435,141
1436,141
1437,141
1438,141
1439,141
1440,141
1441,141
1442,141
1443,141
1444,141
1445,141
1446,141
1447,141
1448,141
1449,141
1450,141
1451,141
1452,141
1453,141
1454,141
1455,141
1456,141
1457,141
1458,141
1459,141
1460,141
1461,141
1462,141
1463,141
1464,141
1465,141
1466,141
1467,141
1468,141
1469,141
1470,141
1471,141
1472,141
1473,141
1474,141
1475,141
1476,141
1477,141
1478,141
1479,141
1480,141
1481,141
1482,141
1483,141
1484,141
1485,141
1486,141
1487,141
1488,141
1489,141
1490,141
1491,141
1492,141
1493,141
1494,141
1495,141
1496,141
1497,141
1498,141
1499,141
1500,141
1501,141
1502,141
1503,141
1504,141
1505,141
1506,141
1507,141
1508,141
1509,141
1510,141
1511,141
1512,141
1513,141
1514,141
1515,141
1516,141
1517,141
1518,141
1519,141
1520,141
1521,141
1522,141
1523,141
1524,141
1525,141
1526,141
1527,141
1528,141
1529,141
1530,141
1531,141
1532,141
1533,141
1534,141
1535,141
1536,141
1537,141
1538,141
1539,141
1540,141
1541,141
1542,141
1543,141
1544,141
1545,141
1546,141
1547,141
1548,141
1549,141
1550,141
1551,141
1552,141
1553,141
1554,141
1555,141
1556,141
1557,141
1558,141
1559,141
1560,141
1561,141
1562,141
1563,141
1564,141
1565,141
1566,141
1567,141
1568,141
1569,141
1570,141
1571,141
1572,141
1573,141
1574,141
1575,141
1576,141
1577,141
1578,141
1579,141
1580,141
1581,141
1582,141
1583,141
1584,141
1585,141
1586,141
1587,141
1588,141
1589,141
1590,141
1591,141
1592,141
1593,141
1594,141
1595,141
1596,141
1597,141
1598,141
1599,141
1600,141
1601,141
1602,141
1603,141
1604,141
1605,141
1606,141
1607,141
1608,141
1609,141
1610,141
1611,141
1612,141
1613,141
1614,141
1615,141
1616,141
1617,141
1618,141
1619,141
1620,141
1621,141
1622,141
1623,141
1624,141
1625,141
1626,141
1627,141
1628,141
1629,141
1630,141
1631,141
1632,141
1633,141
1634,141
1635,141
1636,141
1637,141
1638,141
1639,141
1640,141
1641,141
1642,141
1643,141
1644,141
1645,141
1646,141
1647,141
1648,141
1649,141
1650,141
1651,141
1652,141
1653,141
1654,141
1655,141
1656,141
1657,141
1658,141
1659,141
1660,141
1661,141
1662,141
1663,141
1664,141
1665,141
1666,141
1667,141
1668,141
1669,141
1670,141
1671,141
1672,141
1673,141
1674,141
1675,141
1676,141
1677,141
1678,141
1679,141
1680,141
1681,141
1682,141
1683,141
1684,141
1685,141
1686,141
1687,141
1688,141
1689,141
1690,141
1691,141
1692,141
1693,141
1694,141
1695,141
1696,141
1697,141
1698,141
1699,141
1700,141
1701,142
1702,142
1703,142
1704,142
1705,142
1706,142
1707,142
1708,142
1709,142
1710,142
1711,142
1712,142
1713,142
1714,142
1715,142
1716,142
1717,142
1718,142
1719,142
1720,142
1721,142
1722,142
1723,142
1724,142
1725,142
1726,142
1727,142
1728,142
1729,142
1730,142
1731,142
1732,142
1733,142
1734,142
1735,142
1736,142
1737,142
1738,142
1739,142
1740,142
1741,142
1742,142
1743,142
1744,142
1745,142
1746,142
1747,142
1748,142
1749,142
1750,142
1751,142
1752,142
1753,142
1754,142
1755,142
1756,142
1757,142
1758,142
1759,142
1760,142
1761,142
1762,142
1763,142
1764,142
1765,142
1766,142
1767,142
1768,142
1769,142
1770,142
1771,142
1772,142
1773,142
1774,142
1775,142
1776,142
1777,142
1778,142
1779,142
1780,142
1781,142
1782,142
1783,142
1784,142
1785,142
1786,142
1787,142
1788,142
1789,142
1790,142
1791,142
1792,142
1793,142
1794,142
1795,142
1796,142
1797,142
1798,142
1799,142
1800,142
1801,142
1802,142
1803,142
1804,142
1805,142
1806,142
1807,142
1808,142
1809,142
1810,142
1811,142
1812,142
1813,142
1814,142
1815,142
1816,142
1817,142
1818,142
1819,142
1820,142
1821,142
1822,142
1823,142
1824,142
1825,142
1826,142
1827,142
1828,142
1829,142
1830,142
1831,142
1832,142
1833,142
1834,142
1835,142
1836,142
1837,142
1838,142
1839,142
1840,142
1841,142
1842,142
1843,142
1844,142
1845,142
1846,142
1847,142
1848,142
1849,142
1850,142
1851,142
1852,142
1853,142
1854,142
1855,142
1856,142
1857,142
1858,142
1859,142
1860,142
1861,142
1862,142
1863,142
1864,142
1865,142
1866,142
1867,142
1868,142
1869,142
1870,142
1871,142
1872,142
1873,142
1874,142
1875,142
1876,142
1877,142
1878,142
1879,142
1880,142
1881,142
1882,142
1883,142
1884,142
1885,142
1886,142
1887,142
1888,142
1889,142
1890,142
1891,142
1892,142
1893,142
1894,142
1895,142
1896,142
1897,142
1898,142
1899,142
1900,142
1901,142
1902,142
1903,142
1904,142
1905,142
1906,142
1907,142
1908,142
1909,142
1910,142
1911,142
1912,142
1913,142
1914,142
1915,142
1916,142
1917,142
1918,142
1919,142
1920,142
1921,142
1922,142
1923,142
1924,142
1925,142
1926,142
1927,142
1928,142
1929,142
1930,142
1931,142
1932,142
1933,142
1934,142
1935,142
1936,142
1937,142
1938,142
1939,142
1940,142
1941,142
1942,142
1943,142
1944,142
1945,142
1946,142
1947,142
1948,142
1949,142
1950,142
1951,142
1952,142
1953,142
1954,142
1955,142
1956,142
1957,142
1958,142
1959,142
1960,142
1961,142
1962,142
1963,142
1964,142
1965,142
1966,142
1967,142
1968,142
1969,142
1970,142
1971,142
1972,142
1973,142
1974,142
1975,142
1976,142
1977,142
1978,142
1979,142
1980,142
1981,142
1982,142
1983,142
1984,142
1985,142
1986,142
1987,142
1988,142
1989,142
1990,142
1991,142
1992,142
1993,142
1994,142
1995,142
1996,142
1997,142
1998,142
1999,142
2000,142
2001,142
2002,142
2003,142
2004,142
2005,142
2006,142
2007,142
2008,142
2009,142
2010,142
2011,142
2012,142
2013,142
2014,142
2015,142
2016,142
2017,142
2018,142
2019,142
2020,142
2021,142
2022,142
2023,142
2024,142
2025,142
2026,142
2027,142
2028,142
2029,142
2030,142
2031,142
2032,142
2033,142
2034,142
2035,142
2036,142
2037,142
2038,142
2039,142
2040,142
2041,142
2042,142
2043,142
2044,142
2045,142
2046,142
2047,142
2048,142
2049,142
2050,142
2051,142
2052,142
2053,142
2054,142
2055,142
2056,142
2057,142
2058,142
2059,142
2060,142
2061,142
2062,142
2063,142
2064,142
2065,142
2066,142
2067,142
2068,142
2069,142
2070,142
2071,142
2072,142
2073,142
2074,142
2075,142
2076,142
2077,142
2078,142
2079,142
2080,142
2081,142
2082,142
2083,142
2084,142
2085,142
2086,142
2087,142
2088,142
2089,142
2090,142
2091,142
2092,142
2093,142
2094,142
2095,142
2096,142
2097,142
2098,142
2099,142
2100,142
2101,142
2102,142
2103,142
2104,142
2105,142
2106,142
2107,142
2108,142
2109,142
2110,142
2111,142
2112,142
2113,142
2114,142
2115,142
2116,142
2117,142
2118,142
2119,142
2120,142
2121,142
2122,142
2123,142
2124,142
2125,142
2126,142
2127,142
2128,142
2129,142
2130,142
2131,142
2132,142
2133,142
2134,142
2135,142
2136,142
2137,142
2138,142
2139,142
2140,142
2141,142
2142,142
2143,142
2144,142
2145,142
2146,142
2147,142
2148,142
2149,142
2150,142
2151,142
2152,142
2153,142
2154,142
2155,142
2156,142
2157,142
2158,142
2159,142
2160,142
2161,142
2162,142
2163,142
2164,142
2165,142
2166,142
2167,142
2168,142
2169,142
2170,142
2171,142
2172,142
2173,142
2174,142
2175,142
2176,142
2177,142
2178,142
2179,142
2180,142
2181,142
2182,142
2183,142
2184,142
2185,142
2186,142
2187,142
2188,142
2189,142
2190,142
2191,142
2192,142
2193,142
2194,142
2195,142
2196,142
2197,142
2198,142
2199,142
2200,142
2201,142
2202,142
2203,142
2204,142
2205,142
2206,142
2207,142
2208,142
2209,142
2210,142
2211,142
2212,142
2213,142
2214,142
2215,142
2216,142
2217,142
2218,142
2219,142
2220,142
2221,142
2222,142
2223,142
2224,142
2225,142
2226,142
2227,142
2228,142
2229,142
2230,142
2231,142
2232,142
2233,142
2234,142
2235,142
2236,142
2237,142
2238,142
2239,142
2240,142
2241,142
2242,142
2243,142
2244,142
2245,142
2246,142
2247,142
2248,142
2249,142
2250,142
2251,142
2252,142
2253,142
2254,142
2255,142
2256,142
2257,142
2258,142
2259,142
2260,142
2261,142
2262,142
2263,142
2264,142
2265,142
2266,142
2267,142
2268,142
2269,142
2270,142
2271,142
2272,142
2273,142
2274,142
2275,142
2276,142
2277,142
2278,142
2279,142
2280,142
2281,142
2282,142
2283,142
2284,142
2285,142
2286,142
2287,142
2288,142
2289,142
2290,142
2291,142
2292,142
2293,142
2294,142
2295,142
2296,142
2297,142
2298,142
2299,142
2300,142
2301,142
2302,142
2303,142
2304,142
2305,142
2306,142
2307,142
2308,142
2309,142
2310,142
2311,142
2312,142
2313,142
2314,142
2315,142
2316,142
2317,142
2318,142
2319,142
2320,142
2321,142
2322,142
2323,142
2324,142
2325,142
2326,142
2327,142
2328,142
2329,142
2330,142
2331,142
2332,142
2333,142
2334,142
2335,142
2336,142
2337,142
2338,142
2339,142
2340,142
2341,142
2342,142
2343,142
2344,142
2345,142
2346,142
2347,142
2348,142
2349,142
2350,142
2351,142
2352,142
2353,142
2354,142
2355,142
2356,142
2357,142
2358,142
2359,142
2360,142
2361,142
2362,142
2363,142
2364,142
2365,142
2366,142
2367,142
2368,142
2369,142
2370,142
2371,142
2372,142
2373,142
2374,142
2375,142
2376,142
2377,142
2378,142
2379,142
2380,142
2381,142
2382,142
2383,142
2384,142
2385,142
2386,142
2387,142
2388,142
2389,142
2390,142
2391,142
2392,142
2393,142
2394,142
2395,142
2396,142
2397,142
2398,142
2399,142
2400,142
2401,142
2402,142
2403,142
2404,142
2405,142
2406,142
2407,142
2408,142
2409,142
2410,142
2411,142
2412,142
2413,142
2414,142
2415,142
2416,142
2417,142
2418,142
2419,142
2420,142
2421,142
2422,142
2423,142
2424,142
2425,142
2426,142
2427,142
2428,142
2429,142
2430,142
2431,142
2432,142
2433,142
2434,142
2435,142
2436,142
2437,142
2438,142
2439,142
2440,142
2441,142
2442,142
2443,142
2444,142
2445,142
2446,142
2447,142
2448,142
2449,142
2450,142
2451,142
2452,142
2453,142
2454,142
2455,142
2456,142
2457,142
2458,142
2459,142
2460,142
2461,142
2462,142
2463,142
2464,142
2465,142
2466,142
2467,142
2468,142
2469,142
2470,142
2471,142
2472,142
2473,142
2474,142
2475,142
2476,142
2477,142
2478,142
2479,142
2480,142
2481,142
2482,142
2483,142
2484,142
2485,142
2486,142
2487,142
2488,142
2489,142
2490,142
2491,142
2492,142
2493,142
2494,142
2495,142
2496,142
2497,142
2498,142
2499,142
2500,142
2501,142
2502,142
2503,142
2504,142
2505,142
2506,142
2507,142
2508,142
2509,142
2510,142
2511,142
2512,142
2513,142
2514,142
2515,142
2516,142
2517,142
2518,142
2519,142
2520,142
2521,142
2522,142
2523,142
2524,142
2525,142
2526,142
2527,142
2528,142
2529,142
2530,142
2531,142
2532,142
2533,142
2534,142
2535,142
2536,142
2537,142
2538,142
2539,142
2540,142
2541,142
2542,142
2543,142
2544,142
2545,142
2546,142
2547,142
2548,142
2549,142
2550,142
2551,142
2552,142
2553,142
2554,142
2555,142
2556,142
2557,142
2558,142
2559,142
2560,142
2561,142
2562,142
2563,142
2564,142
2565,142
2566,142
2567,142
2568,142
2569,142
2570,142
2571,142
2572,142
2573,142
2574,142
2575,142
2576,142
2577,142
2578,142
2579,142
2580,142
2581,142
2582,142
2583,142
2584,142
2585,142
2586,142
2587,142
2588,142
2589,142
2590,142
2591,142
2592,142
2593,142
2594,142
2595,142
2596,142
2597,142
2598,142
2599,142
2600,142
2601,142
2602,142
2603,142
2604,142
2605,142
2606,142
2607,142
2608,142
2609,142
2610,142
2611,142
2612,142
2613,142
2614,142
2615,142
2616,142
2617,142
2618,142
2619,142
2620,142
2621,142
2622,142
2623,142
2624,142
2625,142
2626,142
2627,142
2628,142
2629,142
2630,142
2631,142
2632,142
2633,142
2634,142
2635,142
2636,142
2637,142
2638,142
2639,142
2640,142
2641,142
2642,142
2643,142
2644,142
2645,142
2646,142
2647,142
2648,142
2649,142
2650,142
2651,142
2652,142
2653,142
2654,142
2655,142
2656,142
2657,142
2658,142
2659,142
2660,142
2661,142
2662,142
2663,142
2664,142
2665,142
2666,142
2667,142
2668,142
2669,142
2670,142
2671,142
2672,142
2673,142
2674,142
2675,142
2676,142
2677,142
2678,142
2679,142
2680,142
2681,142
2682,142
2683,142
2684,142
2685,142
2686,142
2687,142
2688,142
2689,142
2690,142
2691,142
2692,142
2693,142
2694,142
2695,142
2696,142
2697,142
2698,142
2699,142
2700,142
2701,142
2702,142
2703,142
2704,142
2705,142
2706,142
2707,142
2708,142
2709,142
2710,142
2711,142
2712,142
2713,142
2714,142
2715,142
2716,142
2717,142
2718,142
2719,142
2720,142
2721,142
2722,142
2723,142
2724,142
2725,142
2726,142
2727,142
2728,142
2729,142
2730,142
2731,142
2732,142
2733,142
2734,142
2735,142
2736,142
2737,142
2738,142
2739,142
2740,142
2741,142
2742,142
2743,142
2744,142
2745,142
2746,142
2747,142
2748,142
2749,142
2750,142
2751,142
2752,142
2753,142
2754,142
2755,142
2756,142
2757,142
2758,142
2759,142
2760,142
2761,142
2762,142
2763,142
2764,142
2765,142
2766,142
2767,142
2768,142
2769,142
2770,142
2771,142
2772,142
2773,142
2774,142
2775,142
2776,142
2777,142
2778,142
2779,142
2780,142
2781,142
2782,142
2783,142
2784,142
2785,142
2786,142
2787,142
2788,142
2789,142
2790,142
2791,142
2792,142
2793,142
2794,142
2795,142
2796,142
2797,142
2798,142
2799,142
2800,142
2801,142
2802,142
2803,142
2804,142
2805,142
2806,142
2807,142
2808,142
2809,142
2810,142
2811,142
2812,142
2813,142
2814,142
2815,142
2816,142
2817,142
2818,142
2819,142
2820,142
2821,142
2822,142
2823,142
2824,142
2825,142
2826,142
2827,142
2828,142
2829,142
2830,142
2831,142
2832,142
2833,142
2834,142
2835,142
2836,142
2837,142
2838,142
2839,142
2840,142
2841,142
2842,142
2843,142
2844,142
2845,142
2846,142
2847,142
2848,142
2849,142
2850,142
2851,142
2852,142
2853,142
2854,142
2855,142
2856,142
2857,142
2858,142
2859,142
2860,142
2861,142
2862,142
2863,142
2864,142
2865,142
2866,142
2867,142
2868,142
2869,142
2870,142
2871,142
2872,142
2873,142
2874,142
2875,142
2876,142
2877,142
2878,142
2879,142
2880,142
2881,142
2882,142
2883,142
2884,142
2885,142
2886,142
2887,142
2888,142
2889,142
2890,142
2891,142
2892,142
2893,142
2894,142
2895,142
2896,142
2897,142
2898,142
2899,142
2900,142
2901,142
2902,142
2903,142
2904,142
2905,142
2906,142
2907,142
2908,142
2909,142
2910,142
2911,142
2912,142
2913,142
2914,142
2915,142
2916,142
2917,142
2918,142
2919,142
2920,142
2921,142
2922,142
2923,142
2924,142
2925,142
2926,142
2927,142
2928,142
2929,142
2930,142
2931,142
2932,142
2933,142
2934,142
2935,142
2936,142
2937,142
2938,142
2939,142
2940,142
2941,142
2942,142
2943,142
2944,142
2945,142
2946,142
2947,142
2948,142
2949,142
2950,142
2951,142
2952,142
2953,142
2954,142
2955,142
2956,142
2957,142
2958,142
2959,142
2960,142
2961,142
2962,142
2963,142
2964,142
2965,142
2966,142
2967,142
2968,142
2969,142
2970,142
2971,142
2972,142
2973,142
2974,142
2975,142
2976,142
2977,142
2978,142
2979,142
2980,142
2981,142
2982,142
2983,142
2984,142
2985,142
2986,142
2987,142
2988,142
2989,142
2990,142
2991,142
2992,142
2993,142
2994,142
2995,142
2996,142
2997,142
2998,142
2999,142
3000,142
3001,142
3002,142
3003,142
3004,142
3005,142
3006,142
3007,142
3008,142
3009,142
3010,142
3011,142
3012,142
3013,142
3014,142
3015,142
3016,142
3017,142
3018,142
3019,142
3020,142
3021,142
3022,142
3023,142
3024,142
3025,142
3026,142
3027,142
3028,142
3029,142
3030,142
3031,142
3032,142
3033,142
3034,142
3035,142
3036,142
3037,142
3038,142
3039,142
3040,142
3041,142
3042,142
3043,142
3044,142
3045,142
3046,142
3047,142
3048,142
3049,142
3050,142
3051,142
3052,142
3053,142
3054,142
3055,142
3056,142
3057,142
3058,142
3059,142
3060,142
3061,142
3062,142
3063,142
3064,142
3065,142
3066,142
3067,142
3068,142
3069,142
3070,142
3071,142
3072,142
3073,142
3074,142
3075,142
3076,142
3077,142
3078,142
3079,142
3080,142
3081,142
3082,142
3083,142
3084,142
3085,142
3086,142
3087,142
3088,142
3089,142
3090,142
3091,142
3092,142
3093,142
3094,142
3095,142
3096,142
3097,142
3098,142
3099,142
3100,142
3101,142
3102,142
3103,142
3104,142
3105,142
3106,142
3107,142
3108,142
3109,142
3110,142
3111,142
3112,142
3113,142
3114,142
3115,142
3116,142
3117,142
3118,142
3119,142
3120,142
3121,142
3122,142
3123,142
3124,142
3125,142
3126,142
3127,142
3128,142
3129,142
3130,142
3131,142
3132,142
3133,142
3134,142
3135,142
3136,142
3137,142
3138,142
3139,142
3140,142
3141,142
3142,142
3143,142
3144,142
3145,142
3146,142
3147,142
3148,142
3149,142
3150,142
3151,142
3152,142
3153,142
3154,142
3155,142
3156,142
3157,142
3158,142
3159,142
3160,142
3161,142
3162,142
3163,142
3164,142
3165,142
3166,142
3167,142
3168,142
3169,142
3170,142
3171,142
3172,142
3173,142
3174,142
3175,142
3176,142
3177,142
3178,142
3179,142
3180,142
3181,142
3182,142
3183,142
3184,142
3185,142
3186,142
3187,142
3188,142
3189,142
3190,142
3191,142
3192,142
3193,142
3194,142
3195,142
3196,142
3197,142
3198,142
3199,142
3200,142
3201,142
3202,142
3203,142
3204,142
3205,142
3206,142
3207,142
3208,142
3209,142
3210,142
3211,142
3212,142
3213,142
3214,142
3215,142
3216,142
3217,142
3218,142
3219,142
3220,142
3221,142
3222,142
3223,142
3224,142
3225,142
3226,142
3227,142
3228,142
3229,142
3230,142
3231,142
3232,142
3233,142
3234,142
3235,142
3236,142
3237,142
3238,142
3239,142
3240,142
3241,142
3242,142
3243,142
3244,142
3245,142
3246,142
3247,142
3248,142
3249,142
3250,142
3251,142
3252,142
3253,142
3254,142
3255,142
3256,142
3257,142
3258,142
3259,142
3260,142
3261,142
3262,142
3263,142
3264,142
3265,142
3266,142
3267,142
3268,142
3269,142
3270,142
3271,142
3272,142
3273,142
3274,142
3275,142
3276,142
3277,142
3278,142
3279,142
3280,142
3281,142
3282,142
3283,142
3284,142
3285,142
3286,142
3287,142
3288,142
3289,142
3290,142
3291,142
3292,142
3293,142
3294,142
3295,142
3296,142
3297,142
3298,142
3299,142
3300,142
3301,142
3302,142
3303,142
3304,142
3305,142
3306,142
3307,142
3308,142
3309,142
3310,142
3311,142
3312,142
3313,142
3314,142
3315,142
3316,142
3317,142
3318,142
3319,142
3320,142
3321,142
3322,142
3323,142
3324,142
3325,142
3326,142
3327,142
3328,142
3329,142
3330,142
3331,142
3332,142
3333,142
3334,142
3335,142
3336,142
3337,142
3338,142
3339,142
3340,142
3341,142
3342,142
3343,142
3344,142
3345,142
3346,142
3347,142
3348,142
3349,142
3350,142
3351,142
3352,142
3353,142
3354,142
3355,142
3356,142
3357,142
3358,142
3359,142
3360,142
3361,142
3362,142
3363,142
3364,142
3365,142
3366,142
3367,142
3368,142
3369,142
3370,142
3371,142
3372,142
3373,142
3374,142
3375,142
3376,142
3377,142
3378,142
3379,142
3380,142
3381,142
3382,142
3383,142
3384,142
3385,142
3386,142
3387,142
3388,142
3389,142
3390,142
3391,142
3392,142
3393,142
3394,142
3395,142
3396,142
3397,142
3398,142
3399,142
3400,142
3401,142
3402,142
3403,142
3404,142
3405,142
3406,142
3407,142
3408,142
3409,142
3410,142
3411,142
3412,142
3413,142
3414,142
3415,142
3416,142
3417,142
3418,142
3419,142
3420,142
3421,142
3422,142
3423,142
3424,142
3425,142
3426,142
3427,142
3428,142
3429,142
3430,142
3431,142
3432,142
3433,142
3434,142
3435,142
3436,142
3437,142
3438,142
3439,142
3440,142
3441,142
3442,142
3443,142
3444,142
3445,142
3446,142
3447,142
3448,142
3449,142
3450,142
3451,142
3452,142
3453,142
3454,142
3455,142
3456,142
3457,142
3458,142
3459,142
3460,142
3461,142
3462,142
3463,142
3464,142
3465,142
3466,142
3467,142
3468,142
3469,142
3470,142
3471,142
3472,142
3473,142
3474,142
3475,142
3476,142
3477,142
3478,142
3479,142
3480,142
3481,142
3482,142
3483,142
3484,142
3485,142
3486,142
3487,142
3488,142
3489,142
3490,142
3491,142
3492,142
3493,142
3494,142
3495,142
3496,142
3497,142
3498,142
3499,142
3500,142
3501,142
3502,142
3503,142
3504,142
3505,142
3506,142
3507,142
3508,142
3509,142
3510,142
3511,142
3512,142
3513,142
3514,142
3515,142
3516,142
3517,142
3518,142
3519,142
3520,142
3521,142
3522,142
3523,142
3524,142
3525,142
3526,142
3527,142
3528,142
3529,142
3530,142
3531,142
3532,142
3533,142
3534,142
3535,142
3536,142
3537,142
3538,142
3539,142
3540,142
3541,142
3542,142
3543,142
3544,142
3545,142
3546,142
3547,142
3548,142
3549,142
3550,142
3551,142
3552,142
3553,142
3554,142
3555,142
3556,142
3557,142
3558,142
3559,142
3560,142
3561,142
3562,142
3563,142
3564,142
3565,142
3566,142
3567,142
3568,142
3569,142
3570,142
3571,142
3572,142
3573,142
3574,142
3575,142
3576,142
3577,142
3578,142
3579,142
3580,142
3581,142
3582,142
3583,142
3584,142
3585,142
3586,142
3587,142
3588,142
3589,142
3590,142
3591,142
3592,142
3593,142
3594,142
3595,142
3596,142
3597,142
3598,142
3599,142
3600,142
3601,142
3602,142
3603,142
3604,142
3605,142
3606,142
3607,142
3608,142
3609,142
3610,142
3611,142
3612,142
3613,142
3614,142
3615,142
3616,142
3617,142
3618,142
3619,142
3620,142
3621,142
3622,142
3623,142
3624,142
3625,142
3626,142
3627,142
3628,142
3629,142
3630,142
3631,142
3632,142
3633,142
3634,142
3635,142
3636,142
3637,142
3638,142
3639,142
3640,142
3641,142
3642,142
3643,142
3644,142
3645,142
3646,142
3647,142
3648,142
3649,142
3650,142
3651,142
3652,142
3653,142
3654,142
3655,142
3656,142
3657,142
3658,142
3659,142
3660,142
3661,142
3662,142
3663,142
3664,142
3665,142
3666,142
3667,142
3668,142
3669,142
3670,142
3671,142
3672,142
3673,142
3674,142
3675,142
3676,142
3677,142
3678,142
3679,142
3680,142
3681,142
3682,142
3683,142
3684,142
3685,142
3686,142
3687,142
3688,142
3689,142
3690,142
3691,142
3692,142
3693,142
3694,142
3695,142
3696,142
3697,142
3698,142
3699,142
3700,142
3701,142
3702,142
3703,142
3704,142
3705,142
3706,142
3707,142
3708,142
3709,142
3710,142
3711,142
3712,142
3713,142
3714,142
3715,142
3716,142
3717,142
3718,142
3719,142
3720,142
3721,142
3722,142
3723,142
3724,142
3725,142
3726,142
3727,142
3728,142
3729,142
3730,142
3731,142
3732,142
3733,142
3734,142
3735,142
3736,142
3737,142
3738,142
3739,142
3740,142
3741,142
3742,142
3743,142
3744,142
3745,142
3746,142
3747,142
3748,142
3749,142
3750,142
3751,142
3752,142
3753,142
3754,142
3755,142
3756,142
3757,142
3758,142
3759,142
3760,142
3761,142
3762,142
3763,142
3764,142
3765,142
3766,142
3767,142
3768,142
3769,142
3770,142
3771,142
3772,142
3773,142
3774,142
3775,142
3776,142
3777,142
3778,142
3779,142
3780,142
3781,142
3782,142
3783,142
3784,142
3785,142
3786,142
3787,142
3788,142
3789,142
3790,142
3791,142
3792,142
3793,142
3794,142
3795,142
3796,142
3797,142
3798,142
3799,142
3800,142
3801,142
3802,142
3803,142
3804,142
3805,142
3806,142
3807,142
3808,142
3809,142
3810,142
3811,142
3812,142
3813,142
3814,142
3815,142
3816,142
3817,142
3818,142
3819,142
3820,142
3821,142
3822,142
3823,142
3824,142
3825,142
3826,142
3827,142
3828,142
3829,142
3830,142
3831,142
3832,142
3833,142
3834,142
3835,142
3836,142
3837,142
3838,142
3839,142
3840,142
3841,142
3842,142
3843,142
3844,142
3845,142
3846,142
3847,142
3848,142
3849,142
3850,142
3851,142
3852,142
3853,142
3854,142
3855,142
3856,142
3857,142
3858,142
3859,142
3860,142
3861,142
3862,142
3863,142
3864,142
3865,142
3866,142
3867,142
3868,142
3869,142
3870,142
3871,142
3872,142
3873,142
3874,142
3875,142
3876,142
3877,142
3878,142
3879,142
3880,142
3881,142
3882,142
3883,142
3884,142
3885,142
3886,142
3887,142
3888,142
3889,142
3890,142
3891,142
3892,142
3893,142
3894,142
3895,142
3896,142
3897,142
3898,142
3899,142
3900,142
3901,142
3902,142
3903,142
3904,142
3905,142
3906,142
3907,142
3908,142
3909,142
3910,142
3911,142
3912,142
3913,142
3914,142
3915,142
3916,142
3917,142
3918,142
3919,142
3920,142
3921,142
3922,142
3923,142
3924,142
3925,142
3926,142
3927,142
3928,142
3929,142
3930,142
3931,142
3932,142
3933,142
3934,142
3935,142
3936,142
3937,142
3938,142
3939,142
3940,142
3941,142
3942,142
3943,142
3944,142
3945,142
3946,142
3947,142
3948,142
3949,142
3950,142
3951,142
3952,142
3953,142
3954,142
3955,142
3956,142
3957,142
3958,142
3959,142
3960,142
3961,142
3962,142
3963,142
3964,142
3965,142
3966,142
3967,142
3968,142
3969,142
3970,142
3971,142
3972,142
3973,142
3974,142
3975,142
3976,142
3977,142
3978,142
3979,142
3980,142
3981,142
3982,142
3983,142
3984,142
3985,142
3986,142
3987,142
3988,142
3989,142
3990,142
3991,142
3992,142
3993,142
3994,142
3995,142
3996,142
3997,142
3998,142
3999,142
4000,142
4001,142
4002,142
4003,142
4004,142
4005,142
4006,142
4007,142
4008,142
4009,142
4010,142
4011,142
4012,142
4013,142
4014,142
4015,142
4016,142
4017,142
4018,142
4019,142
4020,142
4021,142
4022,142
4023,142
4024,142
4025,142
4026,142
4027,142
4028,142
4029,142
4030,142
4031,142
4032,142
4033,142
4034,142
4035,142
4036,142
4037,142
4038,142
4039,142
4040,142
4041,142
4042,142
4043,142
4044,142
4045,142
4046,142
4047,142
4048,142
4049,142
4050,142
4051,142
4052,142
4053,142
4054,142
4055,142
4056,142
4057,142
4058,142
4059,142
4060,142
4061,142
4062,142
4063,142
4064,142
4065,142
4066,142
4067,142
4068,142
4069,142
4070,142
4071,142
4072,142
4073,142
4074,142
4075,142
4076,142
4077,142
4078,142
4079,142
4080,142
4081,142
4082,142
4083,142
4084,142
4085,142
4086,142
4087,142
4088,142
4089,142
4090,142
4091,142
4092,142
4093,142
4094,142
4095,142
4096,142
4097,142
4098,142
4099,142
4100,142
4101,142
4102,142
4103,142
4104,142
4105,142
4106,142
4107,142
4108,142
4109,142
4110,142
4111,142
4112,142
4113,142
4114,142
4115,142
4116,142
4117,142
4118,142
4119,142
4120,142
4121,142
4122,142
4123,142
4124,142
4125,142
4126,142
4127,142
4128,142
4129,142
4130,142
4131,142
4132,142
4133,142
4134,142
4135,142
4136,142
4137,142
4138,142
4139,142
4140,142
4141,142
4142,142
4143,142
4144,142
4145,142
4146,142
4147,142
4148,142
4149,142
4150,142
4151,142
4152,142
4153,142
4154,142
4155,142
4156,142
4157,142
4158,142
4159,142
4160,142
4161,142
4162,142
4163,142
4164,142
4165,142
4166,142
4167,142
4168,142
4169,142
4170,142
4171,142
4172,142
4173,142
4174,142
4175,142
4176,142
4177,142
4178,142
4179,142
4180,142
4181,142
4182,142
4183,142
4184,142
4185,142
4186,142
4187,142
4188,142
4189,142
4190,142
4191,142
4192,142
4193,142
4194,142
4195,142
4196,142
4197,142
4198,142
4199,142
4200,142
4201,142
4202,142
4203,142
4204,142
4205,142
4206,142
4207,142
4208,142
4209,142
4210,142
4211,142
4212,142
4213,142
4214,142
4215,142
4216,142
4217,142
4218,142
4219,142
4220,142
4221,142
4222,142
4223,142
4224,142
4225,142
4226,142
4227,142
4228,142
4229,142
4230,142
4231,142
4232,142
4233,142
4234,142
4235,142
4236,142
4237,142
4238,142
4239,142
4240,142
4241,142
4242,142
4243,142
4244,142
4245,142
4246,142
4247,142
4248,142
4249,142
4250,142
4251,142
4252,142
4253,142
4254,142
4255,142
4256,142
4257,142
4258,142
4259,142
4260,142
4261,142
4262,142
4263,142
4264,142
4265,142
4266,142
4267,142
4268,142
4269,142
4270,142
4271,142
4272,142
4273,142
4274,142
4275,142
4276,142
4277,142
4278,142
4279,142
4280,142
4281,142
4282,142
4283,142
4284,142
4285,142
4286,142
4287,142
4288,142
4289,142
4290,142
4291,142
4292,142
4293,142
4294,142
4295,142
4296,142
4297,142
4298,142
4299,142
4300,142
4301,142
4302,142
4303,142
4304,142
4305,142
4306,142
4307,142
4308,142
4309,142
4310,142
4311,142
4312,142
4313,142
4314,142
4315,142
4316,142
4317,142
4318,142
4319,143
4320,144
4321,144
4322,144
4323,144
4324,144
4325,144
4326,144
4327,144
4328,144
4329,144
4330,144
4331,144
4332,144
4333,144
4334,144
4335,144
4336,144
4337,144
4338,144
4339,144
4340,144
4341,144
4342,144
4343,144
4344,144
4345,144
4346,144
4347,144
4348,144
4349,144
4350,144
4351,144
4352,144
4353,144
4354,144
4355,144
4356,144
4357,144
4358,144
4359,144
4360,144
4361,144
4362,144
4363,144
4364,144
4365,144
4366,144
4367,144
4368,144
4369,144
4370,144
4371,144
4372,144
4373,144
4374,144
4375,144
4376,144
4377,144
4378,144
4379,144
4380,144
4381,144
4382,144
4383,144
4384,144
4385,144
4386,144
4387,144
4388,144
4389,144
4390,144
4391,144
4392,144
4393,144
4394,144
4395,144
4396,144
4397,144
4398,144
4399,144
4400,144
4401,144
4402,144
4403,144
4404,144
4405,144
4406,144
4407,144
4408,144
4409,144
4410,144
4411,144
4412,144
4413,144
4414,144
4415,144
4416,144
4417,144
4418,144
4419,144
4420,144
4421,144
4422,144
4423,144
4424,144
4425,144
4426,144
4427,144
4428,144
4429,144
4430,144
4431,144
4432,144
4433,144
4434,144
4435,144
4436,144
4437,144
4438,144
4439,144
4440,144
4441,144
4442,144
4443,144
4444,144
4445,144
4446,144
4447,144
4448,144
4449,144
4450,144
4451,144
4452,144
4453,144
4454,144
4455,144
4456,144
4457,144
4458,144
4459,144
4460,144
4461,144
4462,144
4463,144
4464,144
4465,144
4466,144
4467,144
4468,144
4469,144
4470,144
4471,144
4472,144
4473,144
4474,144
4475,144
4476,144
4477,144
4478,144
4479,144
4480,144
4481,144
4482,144
4483,144
4484,144
4485,144
4486,144
4487,144
4488,144
4489,144
4490,144
4491,144
4492,144
4493,144
4494,144
4495,144
4496,144
4497,144
4498,144
4499,144
4500,144
4501,144
4502,144
4503,144
4504,144
4505,144
4506,144
4507,144
4508,144
4509,144
4510,144
4511,144
4512,144
4513,144
4514,144
4515,144
4516,144
4517,144
4518,144
4519,144
4520,144
4521,144
4522,144
4523,144
4524,144
4525,144
4526,144
4527,144
4528,144
4529,144
4530,144
4531,144
4532,144
4533,144
4534,144
4535,144
4536,144
4537,144
4538,144
4539,144
4540,144
4541,144
4542,144
4543,144
4544,144
4545,144
4546,144
4547,144
4548,144
4549,144
4550,144
4551,144
4552,144
4553,144
4554,144
4555,144
4556,144
4557,144
4558,144
4559,144
4560,144
4561,144
4562,144
4563,144
4564,144
4565,144
4566,144
4567,144
4568,144
4569,144
4570,144
4571,144
4572,144
4573,144
4574,144
4575,144
4576,144
4577,144
4578,144
4579,144
4580,144
4581,144
4582,144
4583,144
4584,144
4585,144
4586,144
4587,144
4588,144
4589,144
4590,144
4591,144
4592,144
4593,144
4594,144
4595,144
4596,144
4597,144
4598,144
4599,144
4600,144
4601,144
4602,144
4603,144
4604,144
4605,144
4606,144
4607,144
4608,144
4609,144
4610,144
4611,144
4612,144
4613,144
4614,144
4615,144
4616,144
4617,144
4618,144
4619,144
4620,144
4621,144
4622,144
4623,144
4624,144
4625,144
4626,144
4627,144
4628,144
4629,144
4630,144
4631,144
4632,144
4633,144
4634,144
4635,144
4636,144
4637,144
4638,144
4639,144
4640,144
4641,144
4642,144
4643,144
4644,144
4645,144
4646,144
4647,144
4648,144
4649,144
4650,144
4651,144
4652,144
4653,144
4654,144
4655,144
4656,144
4657,144
4658,144
4659,144
4660,144
4661,144
4662,144
4663,144
4664,144
4665,144
4666,144
4667,144
4668,144
4669,144
4670,144
4671,144
4672,144
4673,144
4674,144
4675,144
4676,144
4677,144
4678,144
4679,144
4680,144
4681,144
4682,144
4683,144
4684,144
4685,144
4686,144
4687,144
4688,144
4689,144
4690,144
4691,144
4692,144
4693,144
4694,144
4695,144
4696,144
4697,144
4698,144
4699,144
4700,144
4701,144
4702,144
4703,144
4704,144
4705,144
4706,144
4707,144
4708,144
4709,144
4710,144
4711,144
4712,144
4713,144
4714,144
4715,144
4716,144
4717,144
4718,144
4719,144
4720,144
4721,144
4722,144
4723,144
4724,144
4725,144
4726,144
4727,144
4728,144
4729,144
4730,144
4731,144
4732,144
4733,144
4734,144
4735,144
4736,144
4737,144
4738,144
4739,144
4740,144
4741,144
4742,144
4743,144
4744,144
4745,144
4746,144
4747,144
4748,144
4749,144
4750,144
4751,144
4752,144
4753,144
4754,144
4755,144
4756,144
4757,144
4758,144
4759,144
4760,144
4761,144
4762,144
4763,144
4764,144
4765,144
4766,144
4767,144
4768,144
4769,144
4770,144
4771,144
4772,144
4773,144
4774,144
4775,144
4776,144
4777,144
4778,144
4779,144
4780,144
4781,144
4782,144
4783,144
4784,144
4785,144
4786,144
4787,144
4788,144
4789,144
4790,144
4791,144
4792,144
4793,144
4794,144
4795,144
4796,144
4797,144
4798,144
4799,144
4800,144
4801,144
4802,144
4803,144
4804,144
4805,144
4806,144
4807,144
4808,144
4809,144
4810,144
4811,144
4812,144
4813,144
4814,144
4815,144
4816,144
4817,144
4818,144
4819,144
4820,144
4821,144
4822,144
4823,144
4824,144
4825,144
4826,144
4827,144
4828,144
4829,144
4830,144
4831,144
4832,144
4833,144
4834,144
4835,144
4836,144
4837,144
4838,144
4839,144
4840,144
4841,144
4842,144
4843,144
4844,144
4845,144
4846,144
4847,144
4848,144
4849,144
4850,144
4851,144
4852,144
4853,144
4854,144
4855,144
4856,144
4857,144
4858,144
4859,144
4860,144
4861,144
4862,144
4863,144
4864,144
4865,144
4866,144
4867,144
4868,144
4869,144
4870,144
4871,144
4872,144
4873,144
4874,144
4875,144
4876,144
4877,144
4878,144
4879,144
4880,144
4881,144
4882,144
4883,144
4884,144
4885,144
4886,144
4887,144
4888,144
4889,144
4890,144
4891,144
4892,144
4893,144
4894,144
4895,144
4896,144
4897,144
4898,144
4899,144
4900,144
4901,144
4902,144
4903,144
4904,144
4905,144
4906,144
4907,144
4908,144
4909,144
4910,144
4911,144
4912,144
4913,144
4914,144
4915,144
4916,144
4917,144
4918,144
4919,144
4920,144
4921,144
4922,144
4923,144
4924,144
4925,144
4926,144
4927,144
4928,144
4929,144
4930,144
4931,144
4932,144
4933,144
4934,144
4935,144
4936,144
4937,144
4938,144
4939,144
4940,144
4941,144
4942,144
4943,144
4944,144
4945,144
4946,144
4947,144
4948,144
4949,144
4950,144
4951,144
4952,144
4953,144
4954,144
4955,144
4956,144
4957,144
4958,144
4959,144
4960,144
4961,144
4962,144
4963,144
4964,144
4965,144
4966,144
4967,144
4968,144
4969,144
4970,144
4971,144
4972,144
4973,144
4974,144
4975,144
4976,144
4977,144
4978,144
4979,144
4980,144
4981,144
4982,144
4983,144
4984,144
4985,144
4986,144
4987,144
4988,144
4989,144
4990,144
4991,144
4992,144
4993,144
4994,144
4995,144
4996,144
4997,144
4998,144
4999,144
5000,144
5001,144
5002,144
5003,144
5004,144
5005,144
5006,144
5007,144
5008,144
5009,144
5010,144
5011,144
5012,144
5013,144
5014,144
5015,144
5016,144
5017,144
5018,144
5019,144
5020,144
5021,144
5022,144
5023,144
5024,144
5025,144
5026,144
5027,144
5028,144
5029,144
5030,144
5031,144
5032,144
5033,144
5034,144
5035,144
5036,144
5037,144
5038,144
5039,144
5040,144
5041,144
5042,144
5043,144
5044,144
5045,144
5046,144
5047,144
5048,144
5049,144
5050,144
5051,144
5052,144
5053,144
5054,144
5055,144
5056,144
5057,144
5058,144
5059,144
5060,144
5061,144
5062,144
5063,144
5064,144
5065,144
5066,144
5067,144
5068,144
5069,144
5070,144
5071,144
5072,144
5073,144
5074,144
5075,144
5076,144
5077,144
5078,144
5079,144
5080,144
5081,144
5082,144
5083,144
5084,144
5085,144
5086,144
5087,144
5088,144
5089,144
5090,144
5091,144
5092,144
5093,144
5094,144
5095,144
5096,144
5097,144
5098,144
5099,144
5100,144
5101,144
5102,144
5103,144
5104,144
5105,144
5106,144
5107,144
5108,144
5109,144
5110,144
5111,144
5112,144
5113,144
5114,144
5115,144
5116,144
5117,144
5118,144
5119,144
5120,144
5121,144
5122,144
5123,144
5124,144
5125,144
5126,144
5127,144
5128,144
5129,144
5130,144
5131,144
5132,144
5133,144
5134,144
5135,144
5136,144
5137,144
5138,144
5139,144
5140,144
5141,144
5142,144
5143,144
5144,144
5145,144
5146,144
5147,144
5148,144
5149,144
5150,144
5151,144
5152,144
5153,144
5154,144
5155,144
5156,144
5157,144
5158,144
5159,144
5160,144
5161,144
5162,144
5163,144
5164,144
5165,144
5166,144
5167,144
5168,144
5169,144
5170,144
5171,144
5172,144
5173,144
5174,144
5175,144
5176,144
5177,144
5178,144
5179,144
5180,144
5181,144
5182,144
5183,144
5184,144
5185,144
5186,144
5187,144
5188,144
5189,144
5190,144
5191,144
5192,144
5193,144
5194,144
5195,144
5196,144
5197,144
5198,144
5199,144
5200,144
5201,144
5202,144
5203,144
5204,144
5205,144
5206,144
5207,144
5208,144
5209,144
5210,144
5211,144
5212,144
5213,144
5214,144
5215,144
5216,144
5217,144
5218,144
5219,144
5220,144
5221,144
5222,144
5223,144
5224,144
5225,144
5226,144
5227,144
5228,144
5229,144
5230,144
5231,144
5232,144
5233,144
5234,144
5235,144
5236,144
5237,144
5238,144
5239,144
5240,144
5241,144
5242,144
5243,144
5244,144
5245,144
5246,144
5247,144
5248,144
5249,144
5250,144
5251,144
5252,144
5253,144
5254,144
5255,144
5256,144
5257,144
5258,144
5259,144
5260,144
5261,144
5262,144
5263,144
5264,144
5265,144
5266,144
5267,144
5268,144
5269,144
5270,144
5271,144
5272,144
5273,144
5274,144
5275,144
5276,144
5277,144
5278,144
5279,144
5280,144
5281,144
5282,144
5283,144
5284,144
5285,144
5286,144
5287,144
5288,144
5289,144
5290,144
5291,144
5292,144
5293,144
5294,144
5295,144
5296,144
5297,144
5298,144
5299,144
5300,144
5301,144
5302,144
5303,144
5304,144
5305,144
5306,144
5307,144
5308,144
5309,144
5310,144
5311,144
5312,144
5313,144
5314,144
5315,144
5316,144
5317,144
5318,144
5319,144
5320,144
5321,144
5322,144
5323,144
5324,144
5325,144
5326,144
5327,144
5328,144
5329,144
5330,144
5331,144
5332,144
5333,144
5334,144
5335,144
5336,144
5337,144
5338,144
5339,144
5340,144
5341,144
5342,144
5343,144
5344,144
5345,144
5346,144
5347,144
5348,144
5349,144
5350,144
5351,144
5352,144
5353,144
5354,144
5355,144
5356,144
5357,144
5358,144
5359,144
5360,144
5361,144
5362,144
5363,144
5364,144
5365,144
5366,144
5367,144
5368,144
5369,144
5370,144
5371,144
5372,144
5373,144
5374,144
5375,144
5376,144
5377,144
5378,144
5379,144
5380,144
5381,144
5382,144
5383,144
5384,144
5385,144
5386,144
5387,144
5388,144
5389,144
5390,144
5391,144
5392,144
5393,144
5394,144
5395,144
5396,144
5397,144
5398,144
5399,144
5400,144
5401,144
5402,144
5403,144
5404,144
5405,144
5406,144
5407,144
5408,144
5409,144
5410,144
5411,144
5412,144
5413,144
5414,144
5415,144
5416,144
5417,144
5418,144
5419,144
5420,144
5421,144
5422,144
5423,144
5424,144
5425,144
5426,144
5427,144
5428,144
5429,144
5430,144
5431,144
5432,144
5433,144
5434,144
5435,144
5436,144
5437,144
5438,144
5439,144
5440,144
5441,144
5442,144
5443,144
5444,144
5445,144
5446,144
5447,144
5448,144
5449,144
5450,144
5451,144
5452,144
5453,144
5454,144
5455,144
5456,144
5457,144
5458,144
5459,144
5460,144
5461,144
5462,144
5463,144
5464,144
5465,144
5466,144
5467,144
5468,144
5469,144
5470,144
5471,144
5472,144
5473,144
5474,144
5475,144
5476,144
5477,144
5478,144
5479,144
5480,144
5481,144
5482,144
5483,144
5484,144
5485,144
5486,144
5487,144
5488,144
5489,144
5490,144
5491,144
5492,144
5493,144
5494,144
5495,144
5496,144
5497,144
5498,144
5499,144
5500,144
5501,144
5502,144
5503,144
5504,144
5505,144
5506,144
5507,144
5508,144
5509,144
5510,144
5511,144
5512,144
5513,144
5514,144
5515,144
5516,144
5517,144
5518,144
5519,144
5520,144
5521,144
5522,144
5523,144
5524,144
5525,144
5526,144
5527,144
5528,144
5529,144
5530,144
5531,144
5532,144
5533,144
5534,144
5535,144
5536,144
5537,144
5538,144
5539,144
5540,144
5541,144
5542,144
5543,144
5544,144
5545,144
5546,144
5547,144
5548,144
5549,144
5550,144
5551,144
5552,144
5553,144
5554,144
5555,144
5556,144
5557,144
5558,144
5559,144
5560,144
5561,144
5562,144
5563,144
5564,144
5565,144
5566,144
5567,144
5568,144
5569,144
5570,144
5571,144
5572,144
5573,144
5574,144
5575,144
5576,144
5577,144
5578,144
5579,144
5580,144
5581,144
5582,144
5583,144
5584,144
5585,144
5586,144
5587,144
5588,144
5589,144
5590,144
5591,144
5592,144
5593,144
5594,144
5595,144
5596,144
5597,144
5598,144
5599,144
5600,144
5601,144
5602,144
5603,144
5604,144
5605,144
5606,144
5607,144
5608,144
5609,144
5610,144
5611,144
5612,144
5613,144
5614,144
5615,144
5616,144
5617,144
5618,144
5619,144
5620,144
5621,144
5622,144
5623,144
5624,144
5625,144
5626,144
5627,144
5628,144
5629,144
5630,144
5631,144
5632,144
5633,144
5634,144
5635,144
5636,144
5637,144
5638,144
5639,144
5640,144
5641,144
5642,144
5643,144
5644,144
5645,144
5646,144
5647,144
5648,144
5649,144
5650,144
5651,144
5652,144
5653,144
5654,144
5655,144
5656,144
5657,144
5658,144
5659,144
5660,144
5661,144
5662,144
5663,144
5664,144
5665,144
5666,144
5667,144
5668,144
5669,144
5670,144
5671,144
5672,144
5673,144
5674,144
5675,144
5676,144
5677,144
5678,144
5679,144
5680,144
5681,144
5682,144
5683,144
5684,144
5685,144
5686,144
5687,144
5688,144
5689,144
5690,144
5691,144
5692,144
5693,144
5694,144
5695,144
5696,144
5697,144
5698,144
5699,144
5700,144
5701,144
5702,144
5703,144
5704,144
5705,144
5706,144
5707,144
5708,144
5709,144
5710,144
5711,144
5712,144
5713,144
5714,144
5715,144
5716,144
5717,144
5718,144
5719,144
5720,144
5721,144
5722,144
5723,144
5724,144
5725,144
5726,144
5727,144
5728,144
5729,144
5730,144
5731,144
5732,144
5733,144
5734,144
5735,144
5736,144
5737,144
5738,144
5739,144
5740,144
5741,144
5742,144
5743,144
5744,144
5745,144
5746,144
5747,144
5748,144
5749,144
5750,144
5751,144
5752,144
5753,144
5754,144
5755,144
5756,144
5757,144
5758,144
5759,144
5760,144
5761,144
5762,144
5763,144
5764,144
5765,144
5766,144
5767,144
5768,144
5769,144
5770,144
5771,144
5772,144
5773,144
5774,144
5775,144
5776,144
5777,144
5778,144
5779,144
5780,144
5781,144
5782,144
5783,144
5784,144
5785,144
5786,144
5787,144
5788,144
5789,144
5790,144
5791,144
5792,144
5793,144
5794,144
5795,144
5796,144
5797,144
5798,144
5799,144
5800,144
5801,144
5802,144
5803,144
5804,144
5805,144
5806,144
5807,144
5808,144
5809,144
5810,144
5811,144
5812,144
5813,144
5814,144
5815,144
5816,144
5817,144
5818,144
5819,144
5820,144
5821,144
5822,144
5823,144
5824,144
5825,144
5826,144
5827,144
5828,144
5829,144
5830,144
5831,144
5832,144
5833,144
5834,144
5835,144
5836,144
5837,144
5838,144
5839,144
5840,144
5841,144
5842,144
5843,144
5844,144
5845,144
5846,144
5847,144
5848,144
5849,144
5850,144
5851,144
5852,144
5853,144
5854,144
5855,144
5856,144
5857,144
5858,144
5859,144
5860,144
5861,144
5862,144
5863,144
5864,144
5865,144
5866,144
5867,144
5868,144
5869,144
5870,144
5871,144
5872,144
5873,144
5874,144
5875,144
5876,144
5877,144
5878,144
5879,144
5880,144
5881,144
5882,144
5883,144
5884,144
5885,144
5886,144
5887,144
5888,144
5889,144
5890,144
5891,144
5892,144
5893,144
5894,144
5895,144
5896,144
5897,144
5898,144
5899,144
5900,144
5901,144
5902,144
5903,144
5904,144
5905,144
5906,144
5907,144
5908,144
5909,144
5910,144
5911,144
5912,144
5913,144
5914,144
5915,144
5916,144
5917,144
5918,144
5919,144
5920,144
5921,144
5922,144
5923,144
5924,144
5925,144
5926,144
5927,144
5928,144
5929,144
5930,144
5931,144
5932,144
5933,144
5934,144
5935,144
5936,144
5937,144
5938,144
5939,144
5940,144
5941,144
5942,144
5943,144
5944,144
5945,144
5946,144
5947,144
5948,144
5949,144
5950,144
5951,144
5952,144
5953,144
5954,144
5955,144
5956,144
5957,144
5958,144
5959,144
5960,144
5961,144
5962,144
5963,144
5964,144
5965,144
5966,144
5967,144
5968,144
5969,144
5970,144
5971,144
5972,144
5973,144
5974,144
5975,144
5976,144
5977,144
5978,144
5979,144
5980,144
5981,144
5982,144
5983,144
5984,144
5985,144
5986,144
5987,144
5988,144
5989,144
5990,144
5991,144
5992,144
5993,144
5994,144
5995,144
5996,144
5997,144
5998,144
5999,144
6000,144
6001,144
6002,144
6003,144
6004,144
6005,144
6006,144
6007,144
6008,144
6009,144
6010,144
6011,144
6012,144
6013,144
6014,144
6015,144
6016,144
6017,144
6018,144
6019,144
6020,144
6021,144
6022,144
6023,144
6024,144
6025,144
6026,144
6027,144
6028,144
6029,144
6030,144
6031,144
6032,144
6033,144
6034,144
6035,144
6036,144
6037,144
6038,144
6039,144
6040,144
6041,144
6042,144
6043,144
6044,144
6045,144
6046,144
6047,144
6048,144
6049,144
6050,144
6051,144
6052,144
6053,144
6054,144
6055,144
6056,144
6057,144
6058,144
6059,144
6060,144
6061,144
6062,144
6063,144
6064,144
6065,144
6066,144
6067,144
6068,144
6069,144
6070,144
6071,144
6072,144
6073,144
6074,144
6075,144
6076,144
6077,144
6078,144
6079,144
6080,144
6081,144
6082,144
6083,144
6084,144
6085,144
6086,144
6087,144
6088,144
6089,144
6090,144
6091,144
6092,144
6093,144
6094,144
6095,144
6096,144
6097,144
6098,144
6099,144
6100,144
6101,144
6102,144
6103,144
6104,144
6105,144
6106,144
6107,144
6108,144
6109,144
6110,144
6111,144
6112,144
6113,144
6114,144
6115,144
6116,144
6117,144
6118,144
6119,144
6120,144
6121,144
6122,144
6123,144
6124,144
6125,144
6126,144
6127,144
6128,144
6129,144
6130,144
6131,144
6132,144
6133,144
6134,144
6135,144
6136,144
6137,144
6138,144
6139,144
6140,144
6141,144
6142,144
6143,144
6144,144
6145,144
6146,144
6147,144
6148,144
6149,144
6150,144
6151,144
6152,144
6153,144
6154,144
6155,144
6156,144
6157,144
6158,144
6159,144
6160,144
6161,144
6162,144
6163,144
6164,144
6165,144
6166,144
6167,144
6168,144
6169,144
6170,144
6171,144
6172,144
6173,144
6174,144
6175,144
6176,144
6177,144
6178,144
6179,144
6180,144
6181,144
6182,144
6183,144
6184,144
6185,144
6186,144
6187,144
6188,144
6189,144
6190,144
6191,144
6192,144
6193,144
6194,144
6195,144
6196,144
6197,144
6198,144
6199,144
6200,144
6201,144
6202,144
6203,144
6204,144
6205,144
6206,144
6207,144
6208,144
6209,144
6210,144
6211,144
6212,144
6213,144
6214,144
6215,144
6216,144
6217,144
6218,144
6219,144
6220,144
6221,144
6222,144
6223,144
6224,144
6225,144
6226,144
6227,144
6228,144
6229,144
6230,144
6231,144
6232,144
6233,144
6234,144
6235,144
6236,144
6237,144
6238,144
6239,144
6240,144
6241,144
6242,144
6243,144
6244,144
6245,144
6246,144
6247,144
6248,144
6249,144
6250,144
6251,144
6252,144
6253,144
6254,144
6255,144
6256,144
6257,144
6258,144
6259,144
6260,144
6261,144
6262,144
6263,144
6264,144
6265,144
6266,144
6267,144
6268,144
6269,144
6270,144
6271,144
6272,144
6273,144
6274,144
6275,144
6276,144
6277,144
6278,144
6279,144
6280,144
6281,144
6282,144
6283,144
6284,144
6285,144
6286,144
6287,144
6288,144
6289,144
6290,144
6291,144
6292,144
6293,144
6294,144
6295,144
6296,144
6297,144
6298,144
6299,144
6300,144
6301,144
6302,144
6303,144
6304,144
6305,144
6306,144
6307,144
6308,144
6309,144
6310,144
6311,144
6312,144
6313,144
6314,144
6315,144
6316,144
6317,144
6318,144
6319,144
6320,144
6321,144
6322,144
6323,144
6324,144
6325,144
6326,144
6327,144
6328,144
6329,144
6330,144
6331,144
6332,144
6333,144
6334,144
6335,144
6336,144
6337,144
6338,144
6339,144
6340,144
6341,144
6342,144
6343,144
6344,144
6345,144
6346,144
6347,144
6348,144
6349,144
6350,144
6351,144
6352,144
6353,144
6354,144
6355,144
6356,144
6357,144
6358,144
6359,144
6360,144
6361,144
6362,144
6363,144
6364,144
6365,144
6366,144
6367,144
6368,144
6369,144
6370,144
6371,144
6372,144
6373,144
6374,144
6375,144
6376,144
6377,144
6378,144
6379,144
6380,144
6381,144
6382,144
6383,144
6384,144
6385,144
6386,144
6387,144
6388,144
6389,144
6390,144
6391,144
6392,144
6393,144
6394,144
6395,144
6396,144
6397,144
6398,144
6399,144
6400,144
6401,144
6402,144
6403,144
6404,144
6405,144
6406,144
6407,144
6408,144
6409,144
6410,144
6411,144
6412,144
6413,144
6414,144
6415,144
6416,144
6417,144
6418,144
6419,144
6420,144
6421,144
6422,144
6423,144
6424,144
6425,144
6426,144
6427,144
6428,144
6429,144
6430,144
6431,144
6432,144
6433,144
6434,144
6435,144
6436,144
6437,144
6438,144
6439,144
6440,144
6441,144
6442,144
6443,144
6444,144
6445,144
6446,144
6447,144
6448,144
6449,144
6450,144
6451,144
6452,144
6453,144
6454,144
6455,144
6456,144
6457,144
6458,144
6459,144
6460,144
6461,144
6462,144
6463,144
6464,144
6465,144
6466,144
6467,144
6468,144
6469,144
6470,144
6471,144
6472,144
6473,144
6474,144
6475,144
6476,144
6477,144
6478,144
6479,144
6480,144
6481,144
6482,144
6483,144
6484,144
6485,144
6486,144
6487,144
6488,144
6489,144
6490,144
6491,144
6492,144
6493,144
6494,144
6495,144
6496,144
6497,144
6498,144
6499,144
6500,144
6501,144
6502,144
6503,144
6504,144
6505,144
6506,144
6507,144
6508,144
6509,144
6510,144
6511,144
6512,144
6513,144
6514,144
6515,144
6516,144
6517,144
6518,144
6519,144
6520,144
6521,144
6522,144
6523,144
6524,144
6525,144
6526,144
6527,144
6528,144
6529,144
6530,144
6531,144
6532,144
6533,144
6534,144
6535,144
6536,144
6537,144
6538,144
6539,144
6540,144
6541,144
6542,144
6543,144
6544,144
6545,144
6546,144
6547,144
6548,144
6549,144
6550,144
6551,144
6552,144
6553,144
6554,144
6555,144
6556,144
6557,144
6558,144
6559,144
6560,144
6561,144
6562,144
6563,144
6564,144
6565,144
6566,144
6567,144
6568,144
6569,144
6570,144
6571,144
6572,144
6573,144
6574,144
6575,144
6576,144
6577,144
6578,144
6579,144
6580,144
6581,144
6582,144
6583,144
6584,144
6585,144
6586,144
6587,144
6588,144
6589,144
6590,144
6591,144
6592,144
6593,144
6594,144
6595,144
6596,144
6597,144
6598,144
6599,144
6600,144
6601,144
6602,144
6603,144
6604,144
6605,144
6606,144
6607,144
6608,144
6609,144
6610,144
6611,144
6612,144
6613,144
6614,144
6615,144
6616,144
6617,144
6618,144
6619,144
6620,144
6621,144
6622,144
6623,144
6624,144
6625,144
6626,144
6627,144
6628,144
6629,144
6630,144
6631,144
6632,144
6633,144
6634,144
6635,144
6636,144
6637,144
6638,144
6639,144
6640,144
6641,144
6642,144
6643,144
6644,144
6645,144
6646,144
6647,144
6648,144
6649,144
6650,144
6651,144
6652,144
6653,144
6654,144
6655,144
6656,144
6657,144
6658,144
6659,144
6660,144
6661,144
6662,144
6663,144
6664,144
6665,144
6666,144
6667,144
6668,144
6669,144
6670,144
6671,144
6672,144
6673,144
6674,144
6675,144
6676,144
6677,144
6678,144
6679,144
6680,144
6681,144
6682,144
6683,144
6684,144
6685,144
6686,144
6687,144
6688,144
6689,144
6690,144
6691,144
6692,144
6693,144
6694,144
6695,144
6696,144
6697,144
6698,144
6699,144
6700,144
6701,144
6702,144
6703,144
6704,144
6705,144
6706,144
6707,144
6708,144
6709,144
6710,144
6711,144
6712,144
6713,144
6714,144
6715,144
6716,144
6717,144
6718,144
6719,144
6720,144
6721,144
6722,144
6723,144
6724,144
6725,144
6726,144
6727,144
6728,144
6729,144
6730,144
6731,144
6732,144
6733,144
6734,144
6735,144
6736,144
6737,144
6738,144
6739,144
6740,144
6741,144
6742,144
6743,144
6744,144
6745,144
6746,144
6747,144
6748,144
6749,144
6750,144
6751,144
6752,144
6753,144
6754,144
6755,144
6756,144
6757,144
6758,144
6759,144
6760,144
6761,144
6762,144
6763,144
6764,144
6765,144
6766,144
6767,144
6768,144
6769,144
6770,144
6771,144
6772,144
6773,144
6774,144
6775,144
6776,144
6777,144
6778,144
6779,144
6780,144
6781,144
6782,144
6783,144
6784,144
6785,144
6786,144
6787,144
6788,144
6789,144
6790,144
6791,144
6792,144
6793,144
6794,144
6795,144
6796,144
6797,144
6798,144
6799,144
6800,144
6801,144
6802,144
6803,144
6804,144
6805,144
6806,144
6807,144
6808,144
6809,144
6810,144
6811,144
6812,144
6813,144
6814,144
6815,144
6816,144
6817,144
6818,144
6819,144
6820,144
6821,144
6822,144
6823,144
6824,144
6825,144
6826,144
6827,144
6828,144
6829,144
6830,144
6831,144
6832,144
6833,144
6834,144
6835,144
6836,144
6837,144
6838,144
6839,144
6840,144
6841,144
6842,144
6843,144
6844,144
6845,144
6846,144
6847,144
6848,144
6849,144
6850,144
6851,144
6852,144
6853,144
6854,144
6855,144
6856,144
6857,144
6858,144
6859,144
6860,144
6861,144
6862,144
6863,144
6864,144
6865,144
6866,144
6867,144
6868,144
6869,144
6870,144
6871,144
6872,144
6873,144
6874,144
6875,144
6876,144
6877,144
6878,144
6879,144
6880,144
6881,144
6882,144
6883,144
6884,144
6885,144
6886,144
6887,144
6888,144
6889,144
6890,144
6891,144
6892,144
6893,144
6894,144
6895,144
6896,144
6897,144
6898,144
6899,144
6900,144
6901,144
6902,144
6903,144
6904,144
6905,144
6906,144
6907,144
6908,144
6909,144
6910,144
6911,144
6912,144
6913,144
6914,144
6915,144
6916,144
6917,144
6918,144
6919,144
6920,144
6921,144
6922,144
6923,144
6924,144
6925,144
6926,144
6927,144
6928,144
6929,144
6930,144
6931,144
6932,144
6933,144
6934,144
6935,144
6936,144
6937,144
6938,144
6939,144
6940,144
6941,144
6942,144
6943,144
6944,144
6945,144
6946,144
6947,144
6948,144
6949,144
6950,144
6951,144
6952,144
6953,144
6954,144
6955,144
6956,144
6957,144
6958,144
6959,144
6960,144
6961,144
6962,144
6963,144
6964,144
6965,144
6966,144
6967,144
6968,144
6969,144
6970,144
6971,144
6972,144
6973,144
6974,144
6975,144
6976,144
6977,144
6978,144
6979,144
6980,144
6981,144
6982,144
6983,144
6984,144
6985,144
6986,144
6987,144
6988,144
6989,144
6990,144
6991,144
6992,144
6993,144
6994,144
6995,144
6996,144
6997,144
6998,144
6999,144
7000,144
7001,144
7002,144
7003,144
7004,144
7005,144
7006,144
7007,144
7008,144
7009,144
7010,144
7011,144
7012,144
7013,144
7014,144
7015,144
7016,144
7017,144
7018,144
7019,144
7020,144
7021,144
7022,144
7023,144
7024,144
7025,144
7026,144
7027,144
7028,144
7029,144
7030,144
7031,144
7032,144
7033,144
7034,144
7035,144
7036,144
7037,144
7038,144
7039,144
7040,144
7041,144
7042,144
7043,144
7044,144
7045,144
7046,144
7047,144
7048,144
7049,144
7050,144
7051,144
7052,144
7053,144
7054,144
7055,144
7056,144
7057,144
7058,144
7059,144
7060,144
7061,144
7062,144
7063,144
7064,144
7065,144
7066,144
7067,144
7068,144
7069,144
7070,144
7071,144
7072,144
7073,144
7074,144
7075,144
7076,144
7077,144
7078,144
7079,144
7080,144
7081,144
7082,144
7083,144
7084,144
7085,144
7086,144
7087,144
7088,144
7089,144
7090,144
7091,144
7092,144
7093,144
7094,144
7095,144
7096,144
7097,144
7098,144
7099,144
7100,144
7101,144
7102,144
7103,144
7104,144
7105,144
7106,144
7107,144
7108,144
7109,144
7110,144
7111,144
7112,144
7113,144
7114,144
7115,144
7116,144
7117,144
7118,144
7119,144
7120,144
7121,144
7122,144
7123,144
7124,144
7125,144
7126,144
7127,144
7128,144
7129,144
7130,144
7131,144
7132,144
7133,144
7134,144
7135,144
7136,144
7137,144
7138,144
7139,144
7140,144
7141,144
7142,144
7143,144
7144,144
7145,144
7146,144
7147,144
7148,144
7149,144
7150,144
7151,144
7152,144
7153,144
7154,144
7155,144
7156,144
7157,144
7158,144
7159,144
7160,144
7161,144
7162,144
7163,144
7164,144
7165,144
7166,144
7167,144
7168,144
7169,144
7170,144
7171,144
7172,144
7173,144
7174,144
7175,144
7176,144
7177,144
7178,144
7179,144
7180,144
7181,144
7182,144
7183,144
7184,144
7185,144
7186,144
7187,144
7188,144
7189,144
7190,144
7191,144
7192,144
7193,144
7194,144
7195,144
7196,144
7197,144
7198,144
7199,144
7200,144
7201,144
7202,144
7203,144
7204,144
7205,144
7206,144
7207,144
7208,144
7209,144
7210,144
7211,144
7212,144
7213,144
7214,144
7215,144
7216,144
7217,144
7218,144
7219,144
7220,144
7221,144
7222,144
7223,144
7224,144
7225,144
7226,144
7227,144
7228,144
7229,144
7230,144
7231,144
7232,144
7233,144
7234,144
7235,144
7236,144
7237,144
7238,144
7239,144
7240,144
7241,144
7242,144
7243,144
7244,144
7245,144
7246,144
7247,144
7248,144
7249,144
7250,144
7251,144
7252,144
7253,144
7254,144
7255,144
7256,144
7257,144
7258,144
7259,144
7260,144
7261,144
7262,144
7263,144
7264,144
7265,144
7266,144
7267,144
7268,144
7269,144
7270,144
7271,144
7272,144
7273,144
7274,144
7275,144
7276,144
7277,144
7278,144
7279,144
7280,144
7281,144
7282,144
7283,144
7284,144
7285,144
7286,144
7287,144
7288,144
7289,144
7290,144
7291,144
7292,144
7293,144
7294,144
7295,144
7296,144
7297,144
7298,144
7299,144
7300,144
7301,144
7302,144
7303,144
7304,144
7305,144
7306,144
7307,144
7308,144
7309,144
7310,144
7311,144
7312,144
7313,144
7314,144
7315,144
7316,144
7317,144
7318,144
7319,144
7320,144
7321,144
7322,144
7323,144
7324,144
7325,144
7326,144
7327,144
7328,144
7329,144
7330,144
7331,144
7332,144
7333,144
7334,144
7335,144
7336,144
7337,144
7338,144
7339,144
7340,144
7341,144
7342,144
7343,144
7344,144
7345,144
7346,144
7347,144
7348,144
7349,144
7350,144
7351,144
7352,144
7353,144
7354,144
7355,144
7356,144
7357,144
7358,144
7359,144
7360,144
7361,144
7362,144
7363,144
7364,144
7365,144
7366,144
7367,144
7368,144
7369,144
7370,144
7371,144
7372,144
7373,144
7374,144
7375,144
7376,144
7377,144
7378,144
7379,144
7380,144
7381,144
7382,144
7383,144
7384,144
7385,144
7386,144
7387,144
7388,144
7389,144
7390,144
7391,144
7392,144
7393,144
7394,144
7395,144
7396,144
7397,144
7398,144
7399,144
7400,144
7401,144
7402,144
7403,144
7404,144
7405,144
7406,144
7407,144
7408,144
7409,144
7410,144
7411,144
7412,144
7413,144
7414,144
7415,144
7416,144
7417,144
7418,144
7419,144
7420,144
7421,144
7422,144
7423,144
7424,144
7425,144
7426,144
7427,144
7428,144
7429,144
7430,144
7431,144
7432,144
7433,144
7434,144
7435,144
7436,144
7437,144
7438,144
7439,144
7440,144
7441,144
7442,144
7443,144
7444,144
7445,144
7446,144
7447,144
7448,144
7449,144
7450,144
7451,144
7452,144
7453,144
7454,144
7455,144
7456,144
7457,144
7458,144
7459,144
7460,144
7461,144
7462,144
7463,144
7464,144
7465,144
7466,144
7467,144
7468,144
7469,144
7470,144
7471,144
7472,144
7473,144
7474,144
7475,144
7476,144
7477,144
7478,144
7479,144
7480,144
7481,144
7482,144
7483,144
7484,144
7485,144
7486,144
7487,144
7488,144
7489,144
7490,144
7491,144
7492,144
7493,144
7494,144
7495,144
7496,144
7497,144
7498,144
7499,144
7500,144
7501,144
7502,144
7503,144
7504,144
7505,144
7506,144
7507,144
7508,144
7509,144
7510,144
7511,144
7512,144
7513,144
7514,144
7515,144
7516,144
7517,144
7518,144
7519,144
7520,144
7521,144
7522,144
7523,144
7524,144
7525,144
7526,144
7527,144
7528,144
7529,144
7530,144
7531,144
7532,144
7533,144
7534,144
7535,144
7536,144
7537,144
7538,144
7539,144
7540,144
7541,144
7542,144
7543,144
7544,144
7545,144
7546,144
7547,144
7548,144
7549,144
7550,144
7551,144
7552,144
7553,144
7554,144
7555,144
7556,144
7557,144
7558,144
7559,144
7560,144
7561,144
7562,144
7563,144
7564,144
7565,144
7566,144
7567,144
7568,144
7569,144
7570,144
7571,144
7572,144
7573,144
7574,144
7575,144
7576,144
7577,144
7578,144
7579,144
7580,144
7581,144
7582,144
7583,144
7584,144
7585,144
7586,144
7587,144
7588,144
7589,144
7590,144
7591,144
7592,144
7593,144
7594,144
7595,144
7596,144
7597,144
7598,144
7599,144
7600,144
7601,144
7602,144
7603,144
7604,144
7605,144
7606,144
7607,144
7608,144
7609,144
7610,144
7611,144
7612,144
7613,144
7614,144
7615,144
7616,144
7617,144
7618,144
7619,144
7620,144
7621,144
7622,144
7623,144
7624,144
7625,144
7626,144
7627,144
7628,144
7629,144
7630,144
7631,144
7632,144
7633,144
7634,144
7635,144
7636,144
7637,144
7638,144
7639,144
7640,144
7641,144
7642,144
7643,144
7644,144
7645,144
7646,144
7647,144
7648,144
7649,144
7650,144
7651,144
7652,144
7653,144
7654,144
7655,144
7656,144
7657,144
7658,144
7659,144
7660,144
7661,144
7662,144
7663,144
7664,144
7665,144
7666,144
7667,144
7668,144
7669,144
7670,144
7671,144
7672,144
7673,144
7674,144
7675,144
7676,144
7677,144
7678,144
7679,144
7680,144
7681,144
7682,144
7683,144
7684,144
7685,144
7686,144
7687,144
7688,144
7689,144
7690,144
7691,144
7692,144
7693,144
7694,144
7695,144
7696,144
7697,144
7698,144
7699,144
7700,144
7701,144
7702,144
7703,144
7704,144
7705,144
7706,144
7707,144
7708,144
7709,144
7710,144
7711,144
7712,144
7713,144
7714,144
7715,144
7716,144
7717,144
7718,144
7719,144
7720,144
7721,144
7722,144
7723,144
7724,144
7725,144
7726,144
7727,144
7728,144
7729,144
7730,144
7731,144
7732,144
7733,144
7734,144
7735,144
7736,144
7737,144
7738,144
7739,144
7740,144
7741,144
7742,144
7743,144
7744,144
7745,144
7746,144
7747,144
7748,144
7749,144
7750,144
7751,144
7752,144
7753,144
7754,144
7755,144
7756,144
7757,144
7758,144
7759,144
7760,144
7761,144
7762,144
7763,144
7764,144
7765,144
7766,144
7767,144
7768,144
7769,144
7770,144
7771,144
7772,144
7773,144
7774,144
7775,144
7776,144
7777,144
7778,144
7779,144
7780,144
7781,144
7782,144
7783,144
7784,144
7785,144
7786,144
7787,144
7788,144
7789,144
7790,144
7791,144
7792,144
7793,144
7794,144
7795,144
7796,144
7797,144
7798,144
7799,144
7800,144
7801,144
7802,144
7803,144
7804,144
7805,144
7806,144
7807,144
7808,144
7809,144
7810,144
7811,144
7812,144
7813,144
7814,144
7815,144
7816,144
7817,144
7818,144
7819,144
7820,144
7821,144
7822,144
7823,144
7824,144
7825,144
7826,144
7827,144
7828,144
7829,144
7830,144
7831,144
7832,144
7833,144
7834,144
7835,144
7836,144
7837,144
7838,144
7839,144
7840,144
7841,144
7842,144
7843,144
7844,144
7845,144
7846,144
7847,144
7848,144
7849,144
7850,144
7851,144
7852,144
7853,144
7854,144
7855,144
7856,144
7857,144
7858,144
7859,144
7860,144
7861,144
7862,144
7863,144
7864,144
7865,144
7866,144
7867,144
7868,144
7869,144
7870,144
7871,144
7872,144
7873,144
7874,144
7875,144
7876,144
7877,144
7878,144
7879,144
7880,144
7881,144
7882,144
7883,144
7884,144
7885,144
7886,144
7887,144
7888,144
7889,144
7890,144
7891,144
7892,144
7893,144
7894,144
7895,144
7896,144
7897,144
7898,144
7899,144
7900,144
7901,144
7902,144
7903,144
7904,144
7905,144
7906,144
7907,144
7908,144
7909,144
7910,144
7911,144
7912,144
7913,144
7914,144
7915,144
7916,144
7917,144
7918,144
7919,144
7920,144
7921,144
7922,144
7923,144
7924,144
7925,144
7926,144
7927,144
7928,144
7929,144
7930,144
7931,144
7932,144
7933,144
7934,144
7935,144
7936,144
7937,144
7938,144
7939,144
7940,144
7941,144
7942,144
7943,144
7944,144
7945,144
7946,144
7947,144
7948,144
7949,144
7950,144
7951,144
7952,144
7953,144
7954,144
7955,144
7956,144
7957,144
7958,144
7959,144
7960,144
7961,144
7962,144
7963,144
7964,144
7965,144
7966,144
7967,144
7968,144
7969,144
7970,144
7971,144
7972,144
7973,144
7974,144
7975,144
7976,144
7977,144
7978,144
7979,144
7980,144
7981,144
7982,144
7983,144
7984,144
7985,144
7986,144
7987,144
7988,144
7989,144
7990,144
7991,144
7992,144
7993,144
7994,144
7995,144
7996,144
7997,144
7998,144
7999,144
8000,144
8001,144
8002,144
8003,144
8004,144
8005,144
8006,144
8007,144
8008,144
8009,144
8010,144
8011,144
8012,144
8013,144
8014,144
8015,144
8016,144
8017,144
8018,144
8019,144
8020,144
8021,144
8022,144
8023,144
8024,144
8025,144
8026,144
8027,144
8028,144
8029,144
8030,144
8031,144
8032,144
8033,144
8034,144
8035,144
8036,144
8037,144
8038,144
8039,144
8040,144
8041,144
8042,144
8043,144
8044,144
8045,144
8046,144
8047,144
8048,144
8049,144
8050,144
8051,144
8052,144
8053,144
8054,144
8055,144
8056,144
8057,144
8058,144
8059,144
8060,144
8061,144
8062,144
8063,144
8064,144
8065,144
8066,144
8067,144
8068,144
8069,144
8070,144
8071,144
8072,144
8073,144
8074,144
8075,144
8076,144
8077,144
8078,144
8079,144
8080,144
8081,144
8082,144
8083,144
8084,144
8085,144
8086,144
8087,144
8088,144
8089,144
8090,144
8091,144
8092,144
8093,144
8094,144
8095,144
8096,144
8097,144
8098,144
8099,144
8100,144
8101,144
8102,144
8103,144
8104,144
8105,144
8106,144
8107,144
8108,144
8109,144
8110,144
8111,144
8112,144
8113,144
8114,144
8115,144
8116,144
8117,144
8118,144
8119,144
8120,144
8121,144
8122,144
8123,144
8124,144
8125,144
8126,144
8127,144
8128,144
8129,144
8130,144
8131,144
8132,144
8133,144
8134,144
8135,144
8136,144
8137,144
8138,144
8139,144
8140,144
8141,144
8142,144
8143,144
8144,144
8145,144
8146,144
8147,144
8148,144
8149,144
8150,144
8151,144
8152,144
8153,144
8154,144
8155,144
8156,144
8157,144
8158,144
8159,144
8160,144
8161,144
8162,144
8163,144
8164,144
8165,144
8166,144
8167,144
8168,144
8169,144
8170,144
8171,144
8172,144
8173,144
8174,144
8175,144
8176,144
8177,144
8178,144
8179,144
8180,144
8181,144
8182,144
8183,144
8184,144
8185,144
8186,144
8187,144
8188,144
8189,144
8190,144
8191,144
8192,144
8193,144
8194,144
8195,144
8196,144
8197,144
8198,144
8199,144
8200,144
8201,144
8202,144
8203,144
8204,144
8205,144
8206,144
8207,144
8208,144
8209,144
8210,144
8211,144
8212,144
8213,144
8214,144
8215,144
8216,144
8217,144
8218,144
8219,144
8220,144
8221,144
8222,144
8223,144
8224,144
8225,144
8226,144
8227,144
8228,144
8229,144
8230,144
8231,144
8232,144
8233,144
8234,144
8235,144
8236,144
8237,144
8238,144
8239,144
8240,144
8241,144
8242,144
8243,144
8244,144
8245,144
8246,144
8247,144
8248,144
8249,144
8250,144
8251,144
8252,144
8253,144
8254,144
8255,144
8256,144
8257,144
8258,144
8259,144
8260,144
8261,144
8262,144
8263,144
8264,144
8265,144
8266,144
8267,144
8268,144
8269,144
8270,144
8271,144
8272,144
8273,144
8274,144
8275,144
8276,144
8277,144
8278,144
8279,144
8280,144
8281,144
8282,144
8283,144
8284,144
8285,144
8286,144
8287,144
8288,144
8289,144
8290,144
8291,144
8292,144
8293,144
8294,144
8295,144
8296,144
8297,144
8298,144
8299,144
8300,144
8301,144
8302,144
8303,144
8304,144
8305,144
8306,144
8307,144
8308,144
8309,144
8310,144
8311,144
8312,144
8313,144
8314,144
8315,144
8316,144
8317,144
8318,144
8319,144
8320,144
8321,144
8322,144
8323,144
8324,144
8325,144
8326,144
8327,144
8328,144
8329,144
8330,144
8331,144
8332,144
8333,144
8334,144
8335,144
8336,144
8337,144
8338,144
8339,144
8340,144
8341,144
8342,144
8343,144
8344,144
8345,144
8346,144
8347,144
8348,144
8349,144
8350,144
8351,144
8352,144
8353,144
8354,144
8355,144
8356,144
8357,144
8358,144
8359,144
8360,144
8361,144
8362,144
8363,144
8364,144
8365,144
8366,144
8367,144
8368,144
8369,144
8370,144
8371,144
8372,144
8373,144
8374,144
8375,144
8376,144
8377,144
8378,144
8379,144
8380,144
8381,144
8382,144
8383,144
8384,144
8385,144
8386,144
8387,144
8388,144
8389,144
8390,144
8391,144
8392,144
8393,144
8394,144
8395,144
8396,144
8397,144
8398,144
8399,144
8400,144
8401,144
8402,144
8403,144
8404,144
8405,144
8406,144
8407,144
8408,144
8409,144
8410,144
8411,144
8412,144
8413,144
8414,144
8415,144
8416,144
8417,144
8418,144
8419,144
8420,144
8421,144
8422,144
8423,144
8424,144
8425,144
8426,144
8427,144
8428,144
8429,144
8430,144
8431,144
8432,144
8433,144
8434,144
8435,144
8436,144
8437,144
8438,144
8439,144
8440,144
8441,144
8442,144
8443,144
8444,144
8445,144
8446,144
8447,144
8448,144
8449,144
8450,144
8451,144
8452,144
8453,144
8454,144
8455,144
8456,144
8457,144
8458,144
8459,144
8460,144
8461,144
8462,144
8463,144
8464,144
8465,144
8466,144
8467,144
8468,144
8469,144
8470,144
8471,144
8472,144
8473,144
8474,144
8475,144
8476,144
8477,144
8478,144
8479,144
8480,144
8481,144
8482,144
8483,144
8484,144
8485,144
8486,144
8487,144
8488,144
8489,144
8490,144
8491,144
8492,144
8493,144
8494,144
8495,144
8496,144
8497,144
8498,144
8499,144
8500,144
8501,144
8502,144
8503,144
8504,144
8505,144
8506,144
8507,144
8508,144
8509,144
8510,144
8511,144
8512,144
8513,144
8514,144
8515,144
8516,144
8517,144
8518,144
8519,144
8520,144
8521,144
8522,144
8523,144
8524,144
8525,144
8526,144
8527,144
8528,144
8529,144
8530,144
8531,144
8532,144
8533,144
8534,144
8535,144
8536,144
8537,144
8538,144
8539,144
8540,144
8541,144
8542,144
8543,144
8544,144
8545,144
8546,144
8547,144
8548,144
8549,144
8550,144
8551,144
8552,144
8553,144
8554,144
8555,144
8556,144
8557,144
8558,144
8559,144
8560,144
8561,144
8562,144
8563,144
8564,144
8565,144
8566,144
8567,144
8568,144
8569,144
8570,144
8571,144
8572,144
8573,144
8574,144
8575,144
8576,144
8577,144
8578,144
8579,144
8580,144
8581,144
8582,144
8583,144
8584,144
8585,144
8586,144
8587,144
8588,144
8589,144
8590,144
8591,144
8592,144
8593,144
8594,144
8595,144
8596,144
8597,144
8598,144
8599,144
8600,144
8601,144
8602,144
8603,144
8604,144
8605,144
8606,144
8607,144
8608,144
8609,144
8610,144
8611,144
8612,144
8613,144
8614,144
8615,144
8616,144
8617,144
8618,144
8619,144
8620,144
8621,144
8622,144
8623,144
8624,144
8625,144
8626,144
8627,144
8628,144
8629,144
8630,144
8631,144
8632,144
8633,144
8634,144
8635,144
8636,144
8637,144
8638,144
8639,144
8640,144
8641,144
8642,144
8643,144
8644,144
8645,144
8646,144
8647,144
8648,144
8649,145
