0,0
1,2
2,4
3,6
4,7
5,9
6,11
7,13
8,14
9,15
10,17
11,19
12,21
13,23
14,24
15,24
16,25
17,27
18,27
19,29
20,30
21,31
22,33
23,35
24,37
25,39
26,40
27,41
28,42
29,42
30,44
31,46
32,47
33,47
34,47
35,48
36,48
37,50
38,52
39,53
40,54
41,56
42,58
43,59
44,60
45,61
46,61
47,62
48,62
49,63
50,63
51,64
52,65
53,66
54,66
55,66
56,67
57,67
58,68
59,68
60,68
61,68
62,68
63,69
64,69
65,71
66,73
67,75
68,75
69,75
70,77
71,77
72,78
73,78
74,78
75,78
76,78
77,78
78,78
79,79
80,79
81,79
82,79
83,80
84,81
85,82
86,82
87,82
88,82
89,82
90,83
91,84
92,85
93,86
94,86
95,86
96,86
97,86
98,86
99,86
100,86
101,86
102,86
103,86
104,86
105,86
106,86
107,87
108,87
109,87
110,88
111,89
112,91
113,92
114,93
115,95
116,96
117,96
118,96
119,97
120,97
121,97
122,97
123,97
124,97
125,97
126,97
127,97
128,99
129,99
130,99
131,99
132,99
133,100
134,100
135,101
136,101
137,102
138,102
139,102
140,103
141,103
142,103
143,103
144,103
145,103
146,103
147,103
148,104
149,104
150,104
151,104
152,104
153,104
154,104
155,104
156,105
157,106
158,106
159,106
160,106
161,106
162,106
163,106
164,106
165,106
166,106
167,106
168,106
169,106
170,106
171,106
172,106
173,106
174,106
175,106
176,106
177,106
178,106
179,106
180,106
181,106
182,106
183,106
184,106
185,106
186,106
187,107
188,108
189,108
190,108
191,108
192,108
193,109
194,110
195,110
196,111
197,111
198,111
199,111
200,111
201,111
202,111
203,111
204,111
205,111
206,111
207,111
208,111
209,112
210,112
211,112
212,113
213,113
214,113
215,113
216,114
217,114
218,114
219,114
220,114
221,114
222,114
223,114
224,114
225,114
226,114
227,114
228,114
229,114
230,114
231,114
232,114
233,114
234,114
235,114
236,114
237,114
238,114
239,114
240,114
241,114
242,114
243,114
244,114
245,114
246,114
247,114
248,114
249,114
250,114
251,114
252,114
253,114
254,114
255,114
256,114
257,114
258,114
259,114
260,114
261,114
262,114
263,114
264,114
265,114
266,114
267,114
268,114
269,114
270,114
271,114
272,114
273,114
274,114
275,114
276,114
277,114
278,114
279,114
280,114
281,114
282,114
283,114
284,114
285,114
286,114
287,114
288,114
289,114
290,114
291,114
292,114
293,114
294,114
295,114
296,114
297,114
298,114
299,114
300,114
301,114
302,114
303,114
304,114
305,114
306,114
307,114
308,114
309,114
310,114
311,114
312,114
313,114
314,114
315,114
316,114
317,114
318,114
319,114
320,114
321,114
322,114
323,115
324,115
325,115
326,115
327,115
328,115
329,115
330,115
331,115
332,115
333,115
334,115
335,115
336,115
337,115
338,115
339,115
340,115
341,115
342,115
343,115
344,115
345,115
346,115
347,115
348,116
349,117
350,118
351,118
352,118
353,118
354,118
355,118
356,118
357,118
358,118
359,118
360,118
361,118
362,118
363,118
364,118
365,118
366,119
367,119
368,120
369,120
370,120
371,120
372,120
373,121
374,122
375,122
376,122
377,122
378,122
379,122
380,122
381,122
382,122
383,123
384,123
385,123
386,123
387,123
388,123
389,123
390,123
391,123
392,123
393,123
394,123
395,123
396,123
397,123
398,123
399,123
400,123
401,123
402,123
403,123
404,123
405,123
406,123
407,123
408,123
409,123
410,123
411,123
412,123
413,123
414,123
415,123
416,123
417,123
418,123
419,123
420,123
421,123
422,123
423,123
424,123
425,123
426,123
427,123
428,123
429,123
430,123
431,123
432,123
433,123
434,123
435,123
436,123
437,123
438,123
439,123
440,123
441,123
442,123
443,123
444,123
445,123
446,123
447,123
448,123
449,123
450,123
451,123
452,123
453,123
454,123
455,123
456,123
457,123
458,123
459,123
460,123
461,123
462,123
463,123
464,123
465,124
466,124
467,124
468,124
469,124
470,124
471,124
472,124
473,124
474,124
475,124
476,124
477,124
478,124
479,124
480,124
481,124
482,124
483,124
484,124
485,124
486,124
487,124
488,124
489,124
490,125
491,125
492,125
493,125
494,126
495,126
496,126
497,126
498,126
499,126
500,126
501,126
502,126
503,126
504,126
505,126
506,126
507,126
508,126
509,126
510,126
511,126
512,126
513,126
514,126
515,126
516,126
517,126
518,126
519,126
520,126
521,126
522,126
523,126
524,126
525,126
526,126
527,126
528,126
529,126
530,126
531,126
532,126
533,126
534,126
535,126
536,126
537,126
538,126
539,126
540,126
541,126
542,126
543,126
544,126
545,126
546,126
547,126
548,126
549,126
550,126
551,126
552,126
553,126
554,126
555,126
556,126
557,126
558,126
559,126
560,126
561,126
562,126
563,126
564,126
565,126
566,126
567,126
568,126
569,126
570,126
571,126
572,126
573,126
574,127
575,127
576,127
577,127
578,127
579,127
580,127
581,127
582,127
583,127
584,127
585,127
586,127
587,127
588,127
589,127
590,127
591,127
592,127
593,127
594,127
595,127
596,127
597,127
598,127
599,127
600,127
601,127
602,127
603,127
604,127
605,127
606,127
607,127
608,127
609,127
610,127
611,127
612,127
613,127
614,127
615,127
616,127
617,127
618,127
619,127
620,127
621,127
622,127
623,127
624,127
625,127
626,127
627,127
628,127
629,127
630,127
631,127
632,127
633,127
634,127
635,127
636,127
637,127
638,127
639,127
640,127
641,127
642,127
643,127
644,127
645,127
646,127
647,127
648,127
649,127
650,127
651,127
652,127
653,127
654,127
655,127
656,127
657,127
658,127
659,127
660,127
661,127
662,127
663,127
664,127
665,127
666,128
667,128
668,128
669,128
670,128
671,128
672,128
673,128
674,128
675,128
676,128
677,128
678,128
679,128
680,128
681,128
682,128
683,128
684,128
685,128
686,128
687,128
688,128
689,128
690,128
691,128
692,128
693,128
694,128
695,128
696,128
697,128
698,128
699,128
700,128
701,128
702,128
703,128
704,128
705,128
706,128
707,128
708,128
709,128
710,128
711,128
712,128
713,128
714,128
715,128
716,128
717,128
718,128
719,128
720,128
721,128
722,128
723,128
724,128
725,128
726,128
727,128
728,128
729,128
730,128
731,128
732,128
733,128
734,128
735,128
736,128
737,128
738,128
739,128
740,128
741,128
742,128
743,128
744,128
745,128
746,128
747,128
748,128
749,128
750,128
751,128
752,128
753,128
754,128
755,128
756,128
757,128
758,128
759,128
760,128
761,128
762,128
763,128
764,128
765,128
766,128
767,128
768,128
769,128
770,128
771,128
772,128
773,128
774,128
775,128
776,128
777,129
778,130
779,131
780,132
781,132
782,132
783,132
784,132
785,133
786,133
787,134
788,134
789,134
790,135
791,135
792,135
793,136
794,136
795,137
796,137
797,137
798,137
799,137
800,137
801,137
802,137
803,137
804,137
805,137
806,137
807,137
808,137
809,137
810,137
811,137
812,137
813,137
814,137
815,137
816,137
817,137
818,137
819,137
820,137
821,137
822,137
823,137
824,137
825,137
826,137
827,137
828,137
829,137
830,137
831,137
832,137
833,137
834,138
835,138
836,138
837,138
838,138
839,138
840,138
841,138
842,138
843,138
844,138
845,138
846,138
847,138
848,138
849,138
850,138
851,138
852,138
853,138
854,138
855,138
856,138
857,138
858,138
859,138
860,138
861,138
862,138
863,138
864,138
865,138
866,138
867,138
868,138
869,138
870,138
871,138
872,138
873,138
874,138
875,138
876,138
877,138
878,138
879,138
880,138
881,138
882,138
883,138
884,138
885,138
886,138
887,138
888,138
889,139
890,139
891,139
892,139
893,139
894,139
895,139
896,139
897,139
898,139
899,139
900,139
901,139
902,139
903,139
904,139
905,139
906,139
907,139
908,139
909,139
910,139
911,139
912,139
913,139
914,139
915,139
916,139
917,139
918,139
919,139
920,139
921,139
922,139
923,139
924,139
925,139
926,139
927,139
928,139
929,139
930,139
931,139
932,139
933,139
934,139
935,139
936,139
937,139
938,139
939,139
940,139
941,139
942,139
943,139
944,139
945,139
946,139
947,139
948,139
949,139
950,139
951,139
952,139
953,139
954,139
955,139
956,139
957,139
958,139
959,139
960,139
961,139
962,139
963,139
964,139
965,139
966,139
967,139
968,139
969,139
970,139
971,139
972,139
973,139
974,139
975,139
976,139
977,139
978,139
979,139
980,139
981,139
982,139
983,139
984,139
985,139
986,139
987,139
988,139
989,139
990,139
991,139
992,139
993,139
994,139
995,139
996,139
997,139
998,139
999,139
1000,139
1001,139
1002,139
1003,139
1004,139
1005,139
1006,139
1007,139
1008,139
1009,139
1010,139
1011,139
1012,139
1013,139
1014,139
1015,139
1016,139
1017,139
1018,139
1019,139
1020,139
1021,139
1022,139
1023,139
1024,139
1025,139
1026,139
1027,139
1028,139
1029,139
1030,139
1031,139
1032,139
1033,139
1034,139
1035,139
1036,139
1037,139
1038,139
1039,139
1040,139
1041,139
1042,139
1043,139
1044,139
1045,139
1046,139
1047,139
1048,139
1049,139
1050,139
1051,139
1052,139
1053,139
1054,139
1055,139
1056,139
1057,139
1058,139
1059,139
1060,139
1061,139
1062,139
1063,139
1064,139
1065,139
1066,139
1067,139
1068,139
1069,139
1070,139
1071,139
1072,139
1073,139
1074,139
1075,139
1076,139
1077,139
1078,139
1079,139
1080,139
1081,139
1082,139
1083,139
1084,139
1085,139
1086,139
1087,139
1088,139
1089,139
1090,139
1091,139
1092,139
1093,139
1094,139
1095,139
1096,139
1097,139
1098,139
1099,139
1100,139
1101,139
1102,139
1103,139
1104,139
1105,139
1106,139
1107,139
1108,139
1109,139
1110,139
1111,139
1112,139
1113,139
1114,139
1115,139
1116,139
1117,139
1118,139
1119,139
1120,139
1121,139
1122,139
1123,139
1124,139
1125,139
1126,139
1127,139
1128,139
1129,139
1130,139
1131,139
1132,139
1133,139
1134,139
1135,139
1136,139
1137,139
1138,139
1139,139
1140,139
1141,139
1142,139
1143,139
1144,139
1145,139
1146,139
1147,139
1148,139
1149,139
1150,139
1151,139
1152,139
1153,139
1154,139
1155,139
1156,139
1157,139
1158,139
1159,139
1160,139
1161,139
1162,139
1163,139
1164,139
1165,139
1166,139
1167,139
1168,139
1169,139
1170,139
1171,139
1172,139
1173,139
1174,139
1175,139
1176,139
1177,139
1178,139
1179,139
1180,139
1181,139
1182,139
1183,139
1184,139
1185,139
1186,139
1187,139
1188,139
1189,139
1190,139
1191,139
1192,139
1193,139
1194,139
1195,139
1196,139
1197,139
1198,139
1199,139
1200,139
1201,139
1202,139
1203,139
1204,139
1205,139
1206,139
1207,139
1208,139
1209,139
1210,139
1211,139
1212,139
1213,139
1214,139
1215,139
1216,139
1217,139
1218,139
1219,139
1220,139
1221,139
1222,139
1223,139
1224,139
1225,139
1226,139
1227,139
1228,139
1229,140
1230,140
1231,140
1232,140
1233,140
1234,140
1235,140
1236,140
1237,140
1238,140
1239,140
1240,140
1241,140
1242,140
1243,140
1244,140
1245,140
1246,140
1247,140
1248,140
1249,140
1250,140
1251,140
1252,140
1253,140
1254,140
1255,140
1256,140
1257,140
1258,140
1259,140
1260,140
1261,140
1262,140
1263,140
1264,140
1265,140
1266,140
1267,140
1268,140
1269,140
1270,140
1271,140
1272,140
1273,140
1274,140
1275,140
1276,140
1277,140
1278,140
1279,140
1280,140
1281,140
1282,140
1283,140
1284,140
1285,140
1286,140
1287,140
1288,140
1289,140
1290,140
1291,140
1292,140
1293,140
1294,140
1295,140
1296,140
1297,140
1298,140
1299,140
1300,140
1301,140
1302,140
1303,140
1304,140
1305,140
1306,140
1307,140
1308,140
1309,140
1310,140
1311,140
1312,140
1313,140
1314,140
1315,140
1316,140
1317,140
1318,140
1319,140
1320,140
1321,141
1322,141
1323,141
1324,141
1325,141
1326,141
1327,141
1328,141
1329,141
1330,141
1331,141
1332,141
1333,141
1334,141
1335,141
1336,141
1337,141
1338,141
1339,141
1340,141
1341,141
1342,141
1343,141
1344,141
1345,141
1346,141
1347,141
1348,141
1349,141
1350,141
1351,141
1352,141
1353,141
1354,141
1355,141
1356,141
1357,141
1358,141
1359,141
1360,141
1361,141
1362,141
1363,141
1364,141
1365,141
1366,141
1367,141
1368,141
1369,141
1370,141
1371,141
1372,141
1373,141
1374,141
1375,141
1376,141
1377,141
1378,141
1379,141
1380,141
1381,141
1382,141
1383,141
1384,141
1385,141
1386,141
1387,141
1388,141
1389,141
1390,141
1391,141
1392,141
1393,141
1394,141
1395,141
1396,141
1397,141
1398,141
1399,141
1400,141
1401,141
1402,141
1403,141
1404,141
1405,141
1406,141
1407,141
1408,141
1409,141
1410,141
1411,141
1412,141
1413,141
1414,141
1415,141
1416,141
1417,141
1418,141
1419,141
1420,141
1421,141
1422,141
1423,141
1424,141
1425,141
1426,141
1427,141
1428,141
1429,141
1430,141
1431,141
1432,141
1433,141
1434,141
1435,141
1436,141
1437,141
1438,141
1439,141
1440,141
1441,141
1442,141
1443,141
1444,141
1445,141
1446,141
1447,141
1448,141
1449,141
1450,141
1451,141
1452,141
1453,141
1454,141
1455,141
1456,141
1457,141
1458,141
1459,141
1460,141
1461,141
1462,141
1463,141
1464,141
1465,141
1466,141
1467,141
1468,141
1469,141
1470,141
1471,141
1472,141
1473,141
1474,141
1475,141
1476,141
1477,141
1478,141
1479,141
1480,141
1481,141
1482,141
1483,141
1484,141
1485,141
1486,141
1487,141
1488,141
1489,141
1490,141
1491,141
1492,141
1493,141
1494,141
1495,141
1496,141
1497,141
1498,141
1499,141
1500,141
1501,141
1502,141
1503,141
1504,141
1505,141
1506,141
1507,141
1508,141
1509,141
1510,141
1511,141
1512,141
1513,141
1514,141
1515,141
1516,141
1517,141
1518,141
1519,141
1520,141
1521,141
1522,141
1523,141
1524,141
1525,141
1526,141
1527,141
1528,141
1529,141
1530,141
1531,141
1532,141
1533,141
1534,141
1535,141
1536,141
1537,141
1538,141
1539,141
1540,141
1541,141
1542,141
1543,141
1544,141
1545,141
1546,141
1547,141
1548,141
1549,141
1550,141
1551,141
1552,141
1553,141
1554,141
1555,141
1556,141
1557,141
1558,141
1559,141
1560,141
1561,141
1562,141
1563,141
1564,141
1565,141
1566,141
1567,141
1568,141
1569,141
1570,141
1571,141
1572,141
1573,141
1574,141
1575,141
1576,141
1577,141
1578,141
1579,141
1580,141
1581,141
1582,141
1583,141
1584,141
1585,141
1586,141
1587,141
1588,141
1589,141
1590,141
1591,141
1592,141
1593,141
1594,141
1595,141
1596,141
1597,141
1598,141
1599,141
1600,141
1601,141
1602,141
1603,141
1604,141
1605,141
1606,141
1607,141
1608,141
1609,141
1610,141
1611,141
1612,141
1613,141
1614,141
1615,141
1616,141
1617,141
1618,141
1619,141
1620,141
1621,141
1622,141
1623,141
1624,141
1625,141
1626,141
1627,141
1628,141
1629,141
1630,141
1631,141
1632,141
1633,141
1634,141
1635,141
1636,141
1637,141
1638,141
1639,141
1640,141
1641,141
1642,141
1643,141
1644,141
1645,141
1646,141
1647,141
1648,141
1649,141
1650,141
1651,141
1652,141
1653,141
1654,141
1655,141
1656,141
1657,141
1658,141
1659,141
1660,141
1661,141
1662,141
1663,141
1664,141
1665,141
1666,141
1667,141
1668,141
1669,141
1670,141
1671,141
1672,141
1673,141
1674,141
1675,141
1676,141
1677,141
1678,141
1679,141
1680,141
1681,141
1682,141
1683,141
1684,141
1685,141
1686,141
1687,141
1688,141
1689,141
1690,141
1691,141
1692,141
1693,141
1694,141
1695,141
1696,141
1697,141
1698,141
1699,141
1700,141
1701,141
1702,142
1703,143
1704,143
1705,143
1706,143
1707,143
1708,143
1709,143
1710,143
1711,143
1712,143
1713,143
1714,143
1715,143
1716,143
1717,143
1718,143
1719,143
1720,143
1721,143
1722,143
1723,143
1724,143
1725,143
1726,143
1727,143
1728,143
1729,143
1730,143
1731,143
1732,143
1733,143
1734,143
1735,143
1736,143
1737,143
1738,143
1739,143
1740,143
1741,143
1742,143
1743,143
1744,143
1745,143
1746,143
1747,143
1748,143
1749,143
1750,143
1751,143
1752,143
1753,143
1754,143
1755,143
1756,143
1757,143
1758,143
1759,143
1760,143
1761,143
1762,143
1763,143
1764,143
1765,143
1766,143
1767,143
1768,143
1769,143
1770,143
1771,143
1772,143
1773,143
1774,143
1775,143
1776,143
1777,143
1778,143
1779,143
1780,143
1781,143
1782,143
1783,143
1784,143
1785,143
1786,143
1787,143
1788,143
1789,143
1790,143
1791,143
1792,143
1793,143
1794,143
1795,143
1796,143
1797,143
1798,143
1799,143
1800,143
1801,143
1802,143
1803,143
1804,143
1805,143
1806,143
1807,143
1808,143
1809,143
1810,143
1811,143
1812,143
1813,143
1814,143
1815,143
1816,143
1817,143
1818,143
1819,143
1820,143
1821,143
1822,143
1823,143
1824,143
1825,143
1826,143
1827,143
1828,143
1829,143
1830,143
1831,143
1832,143
1833,143
1834,143
1835,143
1836,143
1837,143
1838,143
1839,143
1840,143
1841,143
1842,143
1843,143
1844,143
1845,143
1846,143
1847,143
1848,143
1849,143
1850,143
1851,143
1852,143
1853,143
1854,143
1855,143
1856,143
1857,143
1858,143
1859,143
1860,143
1861,143
1862,143
1863,143
1864,143
1865,143
1866,143
1867,143
1868,143
1869,143
1870,143
1871,143
1872,143
1873,143
1874,143
1875,143
1876,143
1877,143
1878,143
1879,143
1880,143
1881,143
1882,143
1883,143
1884,143
1885,143
1886,143
1887,143
1888,143
1889,143
1890,143
1891,143
1892,143
1893,143
1894,143
1895,143
1896,143
1897,143
1898,143
1899,143
1900,143
1901,143
1902,143
1903,143
1904,143
1905,143
1906,143
1907,143
1908,143
1909,143
1910,143
1911,143
1912,143
1913,143
1914,143
1915,143
1916,143
1917,143
1918,143
1919,143
1920,143
1921,143
1922,143
1923,143
1924,143
1925,143
1926,143
1927,143
1928,143
1929,143
1930,143
1931,143
1932,143
1933,143
1934,143
1935,143
1936,143
1937,143
1938,143
1939,143
1940,143
1941,143
1942,143
1943,143
1944,143
1945,143
1946,143
1947,143
1948,143
1949,143
1950,143
1951,143
1952,143
1953,143
1954,143
1955,143
1956,143
1957,143
1958,143
1959,143
1960,143
1961,143
1962,143
1963,143
1964,143
1965,143
1966,143
1967,143
1968,143
1969,143
1970,143
1971,143
1972,143
1973,143
1974,143
1975,143
1976,143
1977,143
1978,143
1979,143
1980,143
1981,143
1982,143
1983,143
1984,143
1985,143
1986,143
1987,143
1988,143
1989,143
1990,143
1991,143
1992,143
1993,143
1994,143
1995,143
1996,143
1997,143
1998,143
1999,143
2000,143
2001,143
2002,143
2003,143
2004,143
2005,143
2006,143
2007,143
2008,143
2009,143
2010,143
2011,143
2012,143
2013,143
2014,143
2015,143
2016,143
2017,143
2018,143
2019,143
2020,143
2021,143
2022,143
2023,143
2024,143
2025,143
2026,143
2027,143
2028,143
2029,143
2030,143
2031,143
2032,143
2033,143
2034,143
2035,143
2036,143
2037,143
2038,143
2039,143
2040,143
2041,143
2042,143
2043,143
2044,143
2045,143
2046,143
2047,143
2048,143
2049,143
2050,143
2051,143
2052,143
2053,143
2054,143
2055,143
2056,143
2057,143
2058,143
2059,143
2060,143
2061,143
2062,143
2063,143
2064,143
2065,143
2066,143
2067,143
2068,143
2069,143
2070,143
2071,143
2072,143
2073,143
2074,143
2075,143
2076,143
2077,143
2078,143
2079,143
2080,143
2081,143
2082,143
2083,143
2084,143
2085,143
2086,143
2087,143
2088,143
2089,143
2090,143
2091,143
2092,143
2093,143
2094,143
2095,143
2096,143
2097,143
2098,143
2099,143
2100,143
2101,143
2102,143
2103,143
2104,143
2105,143
2106,143
2107,143
2108,143
2109,143
2110,143
2111,143
2112,143
2113,143
2114,143
2115,143
2116,143
2117,143
2118,143
2119,143
2120,143
2121,143
2122,143
2123,143
2124,143
2125,143
2126,143
2127,143
2128,143
2129,143
2130,143
2131,143
2132,143
2133,143
2134,143
2135,143
2136,143
2137,143
2138,143
2139,143
2140,143
2141,143
2142,143
2143,143
2144,143
2145,143
2146,143
2147,143
2148,143
2149,143
2150,143
2151,143
2152,143
2153,143
2154,143
2155,143
2156,143
2157,143
2158,143
2159,143
2160,143
2161,143
2162,143
2163,143
2164,143
2165,143
2166,143
2167,143
2168,143
2169,143
2170,143
2171,143
2172,143
2173,143
2174,143
2175,143
2176,143
2177,143
2178,143
2179,143
2180,143
2181,143
2182,143
2183,143
2184,143
2185,143
2186,143
2187,143
2188,143
2189,143
2190,143
2191,143
2192,143
2193,143
2194,143
2195,143
2196,143
2197,143
2198,143
2199,143
2200,143
2201,143
2202,143
2203,143
2204,143
2205,143
2206,143
2207,143
2208,143
2209,143
2210,143
2211,143
2212,143
2213,143
2214,143
2215,143
2216,143
2217,143
2218,143
2219,143
2220,143
2221,143
2222,143
2223,143
2224,143
2225,143
2226,143
2227,143
2228,143
2229,143
2230,143
2231,143
2232,143
2233,143
2234,143
2235,143
2236,143
2237,143
2238,143
2239,143
2240,143
2241,143
2242,143
2243,143
2244,143
2245,143
2246,143
2247,143
2248,143
2249,143
2250,143
2251,143
2252,143
2253,143
2254,143
2255,143
2256,143
2257,143
2258,143
2259,143
2260,143
2261,143
2262,143
2263,143
2264,143
2265,143
2266,143
2267,143
2268,143
2269,143
2270,143
2271,143
2272,143
2273,143
2274,143
2275,143
2276,143
2277,143
2278,143
2279,143
2280,143
2281,143
2282,143
2283,143
2284,143
2285,143
2286,143
2287,143
2288,143
2289,143
2290,143
2291,143
2292,143
2293,143
2294,143
2295,143
2296,143
2297,143
2298,143
2299,143
2300,143
2301,143
2302,143
2303,143
2304,143
2305,143
2306,143
2307,143
2308,143
2309,143
2310,143
2311,143
2312,143
2313,143
2314,143
2315,143
2316,143
2317,143
2318,143
2319,143
2320,143
2321,143
2322,143
2323,143
2324,143
2325,143
2326,143
2327,143
2328,143
2329,143
2330,143
2331,143
2332,143
2333,143
2334,143
2335,143
2336,143
2337,143
2338,143
2339,143
2340,143
2341,143
2342,143
2343,143
2344,143
2345,143
2346,143
2347,143
2348,143
2349,143
2350,143
2351,143
2352,143
2353,143
2354,143
2355,143
2356,143
2357,143
2358,143
2359,143
2360,143
2361,143
2362,143
2363,143
2364,143
2365,143
2366,143
2367,143
2368,143
2369,143
2370,143
2371,143
2372,143
2373,143
2374,143
2375,143
2376,143
2377,143
2378,143
2379,143
2380,143
2381,143
2382,143
2383,143
2384,143
2385,143
2386,143
2387,143
2388,143
2389,143
2390,143
2391,143
2392,143
2393,143
2394,143
2395,143
2396,143
2397,143
2398,143
2399,143
2400,143
2401,143
2402,143
2403,143
2404,143
2405,143
2406,143
2407,143
2408,143
2409,143
2410,143
2411,143
2412,143
2413,143
2414,143
2415,143
2416,143
2417,143
2418,143
2419,143
2420,143
2421,143
2422,143
2423,143
2424,143
2425,143
2426,143
2427,143
2428,143
2429,143
2430,143
2431,143
2432,143
2433,143
2434,143
2435,143
2436,143
2437,143
2438,143
2439,143
2440,143
2441,143
2442,143
2443,143
2444,143
2445,143
2446,143
2447,143
2448,143
2449,143
2450,143
2451,143
2452,143
2453,143
2454,143
2455,143
2456,143
2457,143
2458,143
2459,143
2460,143
2461,143
2462,143
2463,143
2464,143
2465,143
2466,143
2467,143
2468,143
2469,143
2470,143
2471,143
2472,143
2473,143
2474,143
2475,143
2476,143
2477,143
2478,143
2479,143
2480,143
2481,143
2482,143
2483,143
2484,143
2485,143
2486,143
2487,143
2488,143
2489,143
2490,143
2491,143
2492,143
2493,143
2494,143
2495,143
2496,143
2497,143
2498,143
2499,143
2500,143
2501,143
2502,143
2503,143
2504,143
2505,143
2506,143
2507,143
2508,143
2509,143
2510,143
2511,143
2512,143
2513,143
2514,143
2515,143
2516,143
2517,143
2518,143
2519,143
2520,143
2521,143
2522,143
2523,143
2524,143
2525,143
2526,143
2527,143
2528,143
2529,143
2530,143
2531,143
2532,143
2533,143
2534,143
2535,143
2536,143
2537,143
2538,143
2539,143
2540,143
2541,143
2542,143
2543,143
2544,143
2545,143
2546,143
2547,143
2548,143
2549,143
2550,143
2551,143
2552,143
2553,143
2554,143
2555,143
2556,143
2557,143
2558,143
2559,143
2560,143
2561,143
2562,143
2563,143
2564,143
2565,143
2566,143
2567,143
2568,143
2569,143
2570,143
2571,143
2572,143
2573,143
2574,143
2575,143
2576,143
2577,143
2578,143
2579,143
2580,143
2581,143
2582,143
2583,143
2584,143
2585,143
2586,143
2587,143
2588,143
2589,143
2590,143
2591,143
2592,143
2593,143
2594,143
2595,143
2596,143
2597,143
2598,143
2599,143
2600,143
2601,143
2602,143
2603,143
2604,143
2605,143
2606,143
2607,143
2608,143
2609,143
2610,143
2611,143
2612,143
2613,143
2614,143
2615,143
2616,143
2617,143
2618,143
2619,143
2620,143
2621,143
2622,143
2623,143
2624,143
2625,143
2626,143
2627,143
2628,143
2629,143
2630,143
2631,143
2632,143
2633,143
2634,143
2635,143
2636,143
2637,143
2638,143
2639,143
2640,143
2641,143
2642,143
2643,143
2644,143
2645,143
2646,143
2647,143
2648,143
2649,143
2650,143
2651,143
2652,143
2653,143
2654,143
2655,143
2656,143
2657,143
2658,143
2659,143
2660,143
2661,143
2662,143
2663,143
2664,143
2665,143
2666,143
2667,143
2668,143
2669,143
2670,143
2671,143
2672,143
2673,143
2674,143
2675,143
2676,143
2677,143
2678,143
2679,143
2680,143
2681,143
2682,143
2683,143
2684,143
2685,143
2686,143
2687,143
2688,143
2689,143
2690,143
2691,143
2692,143
2693,143
2694,143
2695,143
2696,143
2697,143
2698,143
2699,143
2700,143
2701,143
2702,143
2703,143
2704,143
2705,143
2706,143
2707,143
2708,143
2709,143
2710,143
2711,143
2712,143
2713,143
2714,143
2715,143
2716,143
2717,143
2718,143
2719,143
2720,143
2721,143
2722,143
2723,143
2724,143
2725,143
2726,143
2727,143
2728,143
2729,143
2730,143
2731,143
2732,143
2733,143
2734,143
2735,143
2736,143
2737,143
2738,143
2739,143
2740,143
2741,143
2742,143
2743,143
2744,143
2745,143
2746,143
2747,143
2748,143
2749,143
2750,143
2751,143
2752,143
2753,143
2754,143
2755,143
2756,143
2757,143
2758,143
2759,143
2760,143
2761,143
2762,143
2763,143
2764,143
2765,143
2766,143
2767,143
2768,143
2769,143
2770,143
2771,143
2772,143
2773,143
2774,143
2775,143
2776,143
2777,143
2778,143
2779,143
2780,143
2781,143
2782,143
2783,143
2784,143
2785,143
2786,143
2787,143
2788,143
2789,143
2790,143
2791,143
2792,143
2793,143
2794,143
2795,143
2796,143
2797,143
2798,143
2799,143
2800,143
2801,143
2802,143
2803,143
2804,143
2805,143
2806,143
2807,143
2808,143
2809,143
2810,143
2811,143
2812,143
2813,143
2814,143
2815,143
2816,143
2817,143
2818,143
2819,143
2820,143
2821,143
2822,143
2823,143
2824,143
2825,143
2826,143
2827,143
2828,143
2829,143
2830,143
2831,143
2832,143
2833,143
2834,143
2835,143
2836,143
2837,143
2838,143
2839,143
2840,143
2841,143
2842,143
2843,143
2844,143
2845,143
2846,143
2847,143
2848,143
2849,143
2850,143
2851,143
2852,143
2853,143
2854,143
2855,143
2856,143
2857,143
2858,143
2859,143
2860,143
2861,143
2862,143
2863,143
2864,143
2865,143
2866,143
2867,143
2868,143
2869,143
2870,143
2871,143
2872,143
2873,143
2874,143
2875,143
2876,143
2877,143
2878,143
2879,143
2880,143
2881,143
2882,143
2883,143
2884,143
2885,143
2886,143
2887,143
2888,143
2889,143
2890,143
2891,143
2892,143
2893,143
2894,143
2895,143
2896,143
2897,143
2898,143
2899,143
2900,143
2901,143
2902,143
2903,143
2904,143
2905,143
2906,143
2907,143
2908,143
2909,143
2910,143
2911,143
2912,143
2913,143
2914,143
2915,143
2916,143
2917,143
2918,143
2919,143
2920,143
2921,143
2922,143
2923,143
2924,143
2925,143
2926,143
2927,143
2928,143
2929,143
2930,143
2931,143
2932,143
2933,143
2934,143
2935,143
2936,143
2937,143
2938,143
2939,143
2940,143
2941,143
2942,143
2943,143
2944,143
2945,143
2946,143
2947,143
2948,143
2949,143
2950,143
2951,143
2952,143
2953,143
2954,143
2955,143
2956,143
2957,143
2958,143
2959,143
2960,143
2961,143
2962,143
2963,143
2964,143
2965,143
2966,143
2967,143
2968,143
2969,143
2970,143
2971,143
2972,143
2973,143
2974,143
2975,143
2976,143
2977,143
2978,143
2979,143
2980,143
2981,143
2982,143
2983,143
2984,143
2985,143
2986,143
2987,143
2988,143
2989,143
2990,143
2991,143
2992,143
2993,143
2994,143
2995,143
2996,143
2997,143
2998,143
2999,143
3000,143
3001,143
3002,143
3003,143
3004,143
3005,143
3006,143
3007,143
3008,143
3009,143
3010,143
3011,143
3012,143
3013,143
3014,143
3015,143
3016,143
3017,143
3018,143
3019,143
3020,143
3021,143
3022,143
3023,143
3024,143
3025,143
3026,143
3027,143
3028,143
3029,143
3030,143
3031,143
3032,143
3033,143
3034,143
3035,143
3036,143
3037,143
3038,143
3039,143
3040,143
3041,143
3042,143
3043,143
3044,143
3045,143
3046,143
3047,143
3048,143
3049,143
3050,143
3051,143
3052,143
3053,143
3054,143
3055,143
3056,143
3057,143
3058,143
3059,143
3060,143
3061,143
3062,143
3063,143
3064,143
3065,143
3066,143
3067,143
3068,143
3069,143
3070,143
3071,143
3072,143
3073,143
3074,143
3075,143
3076,143
3077,143
3078,143
3079,143
3080,143
3081,143
3082,143
3083,143
3084,143
3085,143
3086,143
3087,143
3088,143
3089,143
3090,143
3091,143
3092,143
3093,143
3094,143
3095,143
3096,143
3097,143
3098,143
3099,143
3100,143
3101,143
3102,143
3103,143
3104,143
3105,143
3106,143
3107,143
3108,143
3109,143
3110,143
3111,143
3112,143
3113,143
3114,143
3115,143
3116,143
3117,143
3118,143
3119,143
3120,143
3121,143
3122,143
3123,143
3124,143
3125,143
3126,143
3127,143
3128,143
3129,143
3130,143
3131,143
3132,143
3133,143
3134,143
3135,143
3136,143
3137,143
3138,143
3139,143
3140,143
3141,143
3142,143
3143,143
3144,143
3145,143
3146,143
3147,143
3148,143
3149,143
3150,143
3151,143
3152,143
3153,143
3154,143
3155,143
3156,143
3157,143
3158,143
3159,143
3160,143
3161,143
3162,143
3163,143
3164,143
3165,143
3166,143
3167,143
3168,143
3169,143
3170,143
3171,143
3172,143
3173,143
3174,143
3175,143
3176,143
3177,143
3178,143
3179,143
3180,143
3181,143
3182,143
3183,143
3184,143
3185,143
3186,143
3187,143
3188,143
3189,143
3190,143
3191,143
3192,143
3193,143
3194,143
3195,143
3196,143
3197,143
3198,143
3199,143
3200,143
3201,143
3202,143
3203,143
3204,143
3205,143
3206,143
3207,143
3208,143
3209,143
3210,143
3211,143
3212,143
3213,143
3214,143
3215,143
3216,143
3217,143
3218,143
3219,143
3220,143
3221,143
3222,143
3223,143
3224,143
3225,143
3226,143
3227,143
3228,143
3229,143
3230,143
3231,143
3232,143
3233,143
3234,143
3235,143
3236,143
3237,143
3238,143
3239,143
3240,143
3241,143
3242,143
3243,143
3244,143
3245,143
3246,143
3247,143
3248,143
3249,143
3250,143
3251,143
3252,143
3253,143
3254,143
3255,143
3256,143
3257,143
3258,143
3259,143
3260,143
3261,143
3262,143
3263,143
3264,143
3265,143
3266,143
3267,143
3268,143
3269,143
3270,143
3271,143
3272,143
3273,143
3274,143
3275,143
3276,143
3277,143
3278,143
3279,143
3280,143
3281,143
3282,143
3283,143
3284,143
3285,143
3286,143
3287,143
3288,143
3289,143
3290,143
3291,143
3292,143
3293,143
3294,143
3295,143
3296,143
3297,143
3298,143
3299,143
3300,143
3301,143
3302,143
3303,143
3304,143
3305,143
3306,143
3307,143
3308,143
3309,143
3310,143
3311,143
3312,143
3313,143
3314,143
3315,143
3316,143
3317,143
3318,143
3319,143
3320,143
3321,143
3322,143
3323,143
3324,143
3325,143
3326,143
3327,143
3328,143
3329,143
3330,143
3331,143
3332,143
3333,143
3334,143
3335,143
3336,143
3337,143
3338,143
3339,143
3340,143
3341,143
3342,143
3343,143
3344,143
3345,143
3346,143
3347,143
3348,143
3349,143
3350,143
3351,143
3352,143
3353,143
3354,143
3355,143
3356,143
3357,143
3358,143
3359,143
3360,143
3361,143
3362,143
3363,143
3364,143
3365,143
3366,143
3367,143
3368,143
3369,143
3370,143
3371,143
3372,143
3373,143
3374,143
3375,143
3376,143
3377,143
3378,143
3379,143
3380,143
3381,143
3382,143
3383,143
3384,143
3385,143
3386,143
3387,143
3388,143
3389,143
3390,143
3391,143
3392,143
3393,143
3394,143
3395,143
3396,143
3397,143
3398,143
3399,143
3400,143
3401,143
3402,143
3403,143
3404,143
3405,143
3406,143
3407,143
3408,143
3409,143
3410,143
3411,143
3412,143
3413,143
3414,143
3415,143
3416,143
3417,143
3418,143
3419,143
3420,143
3421,143
3422,143
3423,143
3424,143
3425,143
3426,143
3427,143
3428,143
3429,143
3430,143
3431,143
3432,143
3433,143
3434,143
3435,143
3436,143
3437,143
3438,143
3439,143
3440,143
3441,143
3442,143
3443,143
3444,143
3445,143
3446,143
3447,143
3448,143
3449,143
3450,143
3451,143
3452,143
3453,143
3454,143
3455,143
3456,143
3457,143
3458,143
3459,143
3460,143
3461,143
3462,143
3463,143
3464,143
3465,143
3466,143
3467,143
3468,143
3469,143
3470,143
3471,143
3472,143
3473,143
3474,143
3475,143
3476,143
3477,143
3478,143
3479,143
3480,143
3481,143
3482,143
3483,143
3484,143
3485,143
3486,143
3487,143
3488,143
3489,143
3490,143
3491,143
3492,143
3493,143
3494,143
3495,143
3496,143
3497,143
3498,143
3499,143
3500,143
3501,143
3502,143
3503,143
3504,143
3505,143
3506,143
3507,143
3508,143
3509,143
3510,143
3511,143
3512,143
3513,143
3514,143
3515,143
3516,143
3517,143
3518,143
3519,143
3520,143
3521,143
3522,143
3523,143
3524,143
3525,143
3526,143
3527,143
3528,143
3529,143
3530,143
3531,143
3532,143
3533,143
3534,143
3535,143
3536,143
3537,143
3538,143
3539,143
3540,143
3541,143
3542,143
3543,143
3544,143
3545,143
3546,143
3547,143
3548,143
3549,143
3550,143
3551,143
3552,143
3553,143
3554,143
3555,143
3556,143
3557,143
3558,143
3559,143
3560,143
3561,143
3562,143
3563,143
3564,143
3565,143
3566,143
3567,143
3568,143
3569,143
3570,143
3571,143
3572,143
3573,143
3574,143
3575,143
3576,143
3577,143
3578,143
3579,143
3580,143
3581,143
3582,143
3583,143
3584,143
3585,143
3586,143
3587,143
3588,143
3589,143
3590,143
3591,143
3592,143
3593,143
3594,143
3595,143
3596,143
3597,143
3598,143
3599,143
3600,143
3601,143
3602,143
3603,143
3604,143
3605,143
3606,143
3607,143
3608,143
3609,143
3610,143
3611,143
3612,143
3613,143
3614,143
3615,143
3616,143
3617,143
3618,143
3619,143
3620,143
3621,143
3622,143
3623,143
3624,143
3625,143
3626,143
3627,143
3628,143
3629,143
3630,143
3631,143
3632,143
3633,143
3634,143
3635,143
3636,143
3637,143
3638,143
3639,143
3640,143
3641,143
3642,143
3643,143
3644,143
3645,143
3646,143
3647,143
3648,143
3649,143
3650,143
3651,143
3652,143
3653,143
3654,143
3655,143
3656,143
3657,143
3658,143
3659,143
3660,143
3661,143
3662,143
3663,143
3664,143
3665,143
3666,143
3667,143
3668,143
3669,143
3670,143
3671,143
3672,143
3673,143
3674,143
3675,143
3676,143
3677,143
3678,143
3679,143
3680,143
3681,143
3682,143
3683,143
3684,143
3685,143
3686,143
3687,143
3688,143
3689,143
3690,143
3691,143
3692,143
3693,143
3694,143
3695,143
3696,143
3697,143
3698,143
3699,143
3700,143
3701,143
3702,143
3703,143
3704,143
3705,143
3706,143
3707,143
3708,143
3709,143
3710,143
3711,143
3712,143
3713,143
3714,143
3715,143
3716,143
3717,143
3718,143
3719,143
3720,143
3721,143
3722,143
3723,143
3724,143
3725,143
3726,143
3727,143
3728,143
3729,143
3730,143
3731,143
3732,143
3733,143
3734,143
3735,143
3736,143
3737,143
3738,143
3739,143
3740,143
3741,143
3742,143
3743,143
3744,143
3745,143
3746,143
3747,143
3748,143
3749,143
3750,143
3751,143
3752,143
3753,143
3754,143
3755,143
3756,143
3757,143
3758,143
3759,143
3760,143
3761,143
3762,143
3763,143
3764,143
3765,143
3766,143
3767,143
3768,143
3769,143
3770,143
3771,143
3772,143
3773,143
3774,143
3775,143
3776,143
3777,143
3778,143
3779,143
3780,143
3781,143
3782,143
3783,143
3784,143
3785,143
3786,143
3787,143
3788,143
3789,143
3790,143
3791,143
3792,143
3793,143
3794,143
3795,143
3796,143
3797,143
3798,143
3799,143
3800,143
3801,143
3802,143
3803,143
3804,143
3805,143
3806,143
3807,143
3808,143
3809,143
3810,143
3811,143
3812,143
3813,143
3814,143
3815,143
3816,143
3817,143
3818,143
3819,143
3820,143
3821,143
3822,143
3823,143
3824,143
3825,143
3826,143
3827,143
3828,143
3829,143
3830,143
3831,143
3832,143
3833,143
3834,143
3835,143
3836,143
3837,143
3838,143
3839,143
3840,143
3841,143
3842,143
3843,143
3844,143
3845,143
3846,143
3847,143
3848,143
3849,143
3850,143
3851,143
3852,143
3853,143
3854,143
3855,143
3856,143
3857,143
3858,143
3859,143
3860,143
3861,143
3862,143
3863,143
3864,143
3865,143
3866,143
3867,143
3868,143
3869,143
3870,143
3871,143
3872,143
3873,143
3874,143
3875,143
3876,143
3877,143
3878,143
3879,143
3880,143
3881,143
3882,143
3883,143
3884,143
3885,143
3886,143
3887,143
3888,143
3889,143
3890,143
3891,143
3892,143
3893,143
3894,143
3895,143
3896,143
3897,143
3898,143
3899,143
3900,143
3901,143
3902,143
3903,143
3904,143
3905,143
3906,143
3907,143
3908,143
3909,143
3910,143
3911,143
3912,143
3913,143
3914,143
3915,143
3916,143
3917,143
3918,143
3919,143
3920,143
3921,143
3922,143
3923,143
3924,143
3925,143
3926,143
3927,143
3928,143
3929,143
3930,143
3931,143
3932,143
3933,143
3934,143
3935,143
3936,143
3937,143
3938,143
3939,143
3940,143
3941,143
3942,143
3943,143
3944,143
3945,143
3946,143
3947,143
3948,143
3949,143
3950,143
3951,143
3952,143
3953,143
3954,143
3955,143
3956,143
3957,143
3958,143
3959,143
3960,143
3961,143
3962,143
3963,143
3964,143
3965,143
3966,143
3967,143
3968,143
3969,143
3970,143
3971,143
3972,143
3973,143
3974,143
3975,143
3976,143
3977,143
3978,143
3979,143
3980,143
3981,143
3982,143
3983,143
3984,143
3985,143
3986,143
3987,143
3988,143
3989,143
3990,143
3991,143
3992,143
3993,143
3994,143
3995,143
3996,143
3997,143
3998,143
3999,143
4000,143
4001,143
4002,143
4003,143
4004,143
4005,143
4006,143
4007,143
4008,143
4009,143
4010,143
4011,143
4012,143
4013,143
4014,143
4015,143
4016,143
4017,143
4018,143
4019,143
4020,143
4021,143
4022,143
4023,143
4024,143
4025,143
4026,143
4027,143
4028,143
4029,143
4030,143
4031,143
4032,143
4033,143
4034,143
4035,143
4036,143
4037,143
4038,143
4039,143
4040,143
4041,143
4042,143
4043,143
4044,143
4045,143
4046,143
4047,143
4048,143
4049,143
4050,143
4051,143
4052,143
4053,143
4054,143
4055,143
4056,143
4057,143
4058,143
4059,143
4060,143
4061,143
4062,143
4063,143
4064,143
4065,143
4066,143
4067,143
4068,143
4069,143
4070,143
4071,143
4072,143
4073,143
4074,143
4075,143
4076,143
4077,143
4078,143
4079,143
4080,143
4081,143
4082,143
4083,143
4084,143
4085,143
4086,143
4087,143
4088,143
4089,143
4090,143
4091,143
4092,143
4093,143
4094,143
4095,143
4096,143
4097,143
4098,143
4099,143
4100,143
4101,143
4102,143
4103,143
4104,143
4105,143
4106,143
4107,143
4108,143
4109,143
4110,143
4111,143
4112,143
4113,143
4114,143
4115,143
4116,143
4117,143
4118,143
4119,143
4120,143
4121,143
4122,143
4123,143
4124,143
4125,143
4126,143
4127,143
4128,143
4129,143
4130,143
4131,143
4132,143
4133,143
4134,143
4135,143
4136,143
4137,143
4138,143
4139,143
4140,143
4141,143
4142,143
4143,143
4144,143
4145,143
4146,143
4147,143
4148,143
4149,143
4150,143
4151,143
4152,143
4153,143
4154,143
4155,143
4156,143
4157,143
4158,143
4159,143
4160,143
4161,143
4162,143
4163,143
4164,143
4165,143
4166,143
4167,143
4168,143
4169,143
4170,143
4171,143
4172,143
4173,143
4174,143
4175,143
4176,143
4177,143
4178,143
4179,143
4180,143
4181,143
4182,143
4183,143
4184,143
4185,143
4186,143
4187,143
4188,143
4189,143
4190,143
4191,143
4192,143
4193,143
4194,143
4195,143
4196,143
4197,143
4198,143
4199,143
4200,143
4201,143
4202,143
4203,143
4204,143
4205,143
4206,143
4207,143
4208,143
4209,143
4210,143
4211,143
4212,143
4213,143
4214,143
4215,143
4216,143
4217,143
4218,143
4219,143
4220,143
4221,143
4222,143
4223,143
4224,143
4225,143
4226,143
4227,143
4228,143
4229,143
4230,143
4231,143
4232,143
4233,143
4234,143
4235,143
4236,143
4237,143
4238,143
4239,143
4240,143
4241,143
4242,143
4243,143
4244,143
4245,143
4246,143
4247,143
4248,143
4249,143
4250,143
4251,143
4252,143
4253,143
4254,143
4255,143
4256,143
4257,143
4258,143
4259,143
4260,143
4261,143
4262,143
4263,143
4264,143
4265,143
4266,143
4267,143
4268,143
4269,143
4270,143
4271,143
4272,143
4273,143
4274,143
4275,143
4276,143
4277,143
4278,143
4279,143
4280,143
4281,143
4282,143
4283,143
4284,143
4285,143
4286,143
4287,143
4288,143
4289,143
4290,143
4291,143
4292,143
4293,143
4294,143
4295,143
4296,143
4297,143
4298,143
4299,143
4300,143
4301,143
4302,143
4303,143
4304,143
4305,143
4306,143
4307,143
4308,143
4309,143
4310,143
4311,143
4312,143
4313,143
4314,143
4315,143
4316,143
4317,143
4318,143
4319,143
4320,143
4321,143
4322,143
4323,143
4324,143
4325,143
4326,143
4327,143
4328,143
4329,143
4330,143
4331,143
4332,143
4333,143
4334,143
4335,143
4336,143
4337,143
4338,143
4339,143
4340,143
4341,143
4342,143
4343,143
4344,143
4345,143
4346,143
4347,143
4348,143
4349,143
4350,143
4351,143
4352,143
4353,143
4354,143
4355,143
4356,143
4357,143
4358,143
4359,143
4360,143
4361,143
4362,143
4363,143
4364,143
4365,143
4366,143
4367,143
4368,143
4369,143
4370,143
4371,143
4372,143
4373,143
4374,143
4375,143
4376,143
4377,143
4378,143
4379,143
4380,143
4381,143
4382,143
4383,143
4384,143
4385,143
4386,143
4387,143
4388,143
4389,143
4390,143
4391,143
4392,143
4393,143
4394,143
4395,143
4396,143
4397,143
4398,143
4399,143
4400,143
4401,143
4402,143
4403,143
4404,143
4405,143
4406,143
4407,143
4408,143
4409,143
4410,143
4411,143
4412,143
4413,143
4414,143
4415,143
4416,143
4417,143
4418,143
4419,143
4420,143
4421,143
4422,143
4423,143
4424,143
4425,143
4426,143
4427,143
4428,143
4429,143
4430,143
4431,143
4432,143
4433,143
4434,143
4435,143
4436,143
4437,143
4438,143
4439,143
4440,143
4441,143
4442,143
4443,143
4444,143
4445,143
4446,143
4447,143
4448,143
4449,143
4450,143
4451,143
4452,143
4453,143
4454,143
4455,143
4456,143
4457,143
4458,143
4459,143
4460,143
4461,143
4462,143
4463,143
4464,143
4465,143
4466,143
4467,143
4468,143
4469,143
4470,143
4471,143
4472,143
4473,143
4474,143
4475,143
4476,143
4477,143
4478,143
4479,143
4480,143
4481,143
4482,143
4483,143
4484,143
4485,143
4486,143
4487,143
4488,143
4489,143
4490,143
4491,143
4492,143
4493,143
4494,143
4495,143
4496,143
4497,143
4498,143
4499,143
4500,143
4501,143
4502,143
4503,143
4504,143
4505,143
4506,143
4507,143
4508,143
4509,143
4510,143
4511,143
4512,143
4513,143
4514,143
4515,143
4516,143
4517,143
4518,143
4519,143
4520,143
4521,143
4522,143
4523,143
4524,143
4525,143
4526,143
4527,143
4528,143
4529,143
4530,143
4531,143
4532,143
4533,143
4534,143
4535,143
4536,143
4537,143
4538,143
4539,143
4540,143
4541,143
4542,143
4543,143
4544,143
4545,143
4546,143
4547,143
4548,143
4549,143
4550,143
4551,143
4552,143
4553,143
4554,143
4555,143
4556,143
4557,143
4558,143
4559,143
4560,143
4561,143
4562,143
4563,143
4564,143
4565,143
4566,143
4567,143
4568,143
4569,143
4570,143
4571,143
4572,143
4573,143
4574,143
4575,143
4576,143
4577,143
4578,143
4579,143
4580,143
4581,143
4582,143
4583,143
4584,143
4585,143
4586,143
4587,143
4588,143
4589,143
4590,143
4591,144
4592,144
4593,144
4594,144
4595,144
4596,144
4597,144
4598,144
4599,144
4600,144
4601,144
4602,144
4603,144
4604,144
4605,144
4606,144
4607,144
4608,144
4609,144
4610,144
4611,145
