0,0
1,2
2,4
3,6
4,7
5,9
6,10
7,12
8,14
9,15
10,17
11,19
12,20
13,21
14,21
15,22
16,23
17,24
18,26
19,27
20,27
21,27
22,28
23,30
24,31
25,31
26,32
27,33
28,34
29,35
30,36
31,37
32,39
33,40
34,41
35,41
36,43
37,43
38,43
39,43
40,44
41,45
42,46
43,46
44,46
45,46
46,47
47,48
48,48
49,48
50,50
51,51
52,52
53,53
54,55
55,56
56,57
57,58
58,58
59,59
60,60
61,60
62,60
63,60
64,60
65,60
66,60
67,61
68,61
69,61
70,61
71,62
72,63
73,64
74,64
75,65
76,65
77,66
78,67
79,68
80,69
81,69
82,69
83,70
84,70
85,71
86,71
87,71
88,71
89,71
90,71
91,71
92,71
93,71
94,72
95,73
96,73
97,75
98,76
99,77
100,77
101,77
102,77
103,78
104,79
105,80
106,80
107,80
108,80
109,80
110,80
111,80
112,81
113,82
114,83
115,85
116,86
117,86
118,86
119,87
120,88
121,89
122,89
123,89
124,89
125,90
126,90
127,90
128,90
129,90
130,91
131,93
132,93
133,93
134,93
135,93
136,93
137,93
138,93
139,93
140,93
141,93
142,93
143,94
144,94
145,94
146,94
147,94
148,94
149,95
150,95
151,95
152,95
153,95
154,95
155,95
156,95
157,95
158,96
159,96
160,96
161,96
162,96
163,97
164,98
165,98
166,98
167,98
168,98
169,98
170,98
171,98
172,98
173,98
174,98
175,98
176,98
177,98
178,98
179,98
180,98
181,99
182,100
183,100
184,100
185,100
186,100
187,100
188,100
189,100
190,101
191,102
192,102
193,102
194,102
195,102
196,102
197,102
198,102
199,102
200,102
201,102
202,102
203,102
204,102
205,102
206,102
207,102
208,102
209,102
210,102
211,102
212,102
213,102
214,102
215,102
216,103
217,104
218,104
219,104
220,104
221,104
222,104
223,104
224,104
225,104
226,105
227,106
228,106
229,106
230,106
231,106
232,106
233,106
234,106
235,106
236,106
237,106
238,106
239,106
240,106
241,106
242,106
243,106
244,106
245,106
246,106
247,106
248,106
249,106
250,106
251,106
252,106
253,106
254,106
255,107
256,108
257,109
258,110
259,111
260,111
261,111
262,111
263,111
264,111
265,111
266,112
267,112
268,112
269,112
270,112
271,112
272,112
273,112
274,112
275,112
276,112
277,112
278,112
279,112
280,112
281,112
282,112
283,112
284,112
285,112
286,112
287,112
288,112
289,112
290,112
291,112
292,112
293,112
294,112
295,112
296,112
297,112
298,112
299,112
300,112
301,112
302,112
303,112
304,112
305,112
306,112
307,112
308,112
309,112
310,112
311,112
312,112
313,112
314,112
315,112
316,112
317,112
318,112
319,113
320,113
321,113
322,113
323,113
324,113
325,113
326,113
327,113
328,113
329,113
330,113
331,113
332,113
333,113
334,113
335,113
336,113
337,113
338,113
339,113
340,113
341,113
342,113
343,113
344,113
345,113
346,113
347,113
348,113
349,113
350,113
351,113
352,113
353,113
354,113
355,113
356,113
357,113
358,113
359,113
360,113
361,113
362,113
363,113
364,113
365,113
366,113
367,114
368,114
369,114
370,114
371,114
372,114
373,114
374,114
375,114
376,114
377,114
378,114
379,114
380,114
381,114
382,114
383,114
384,114
385,114
386,114
387,114
388,114
389,114
390,114
391,114
392,114
393,114
394,114
395,114
396,114
397,114
398,114
399,114
400,114
401,114
402,114
403,114
404,114
405,114
406,114
407,114
408,114
409,114
410,114
411,114
412,114
413,114
414,114
415,114
416,114
417,114
418,115
419,115
420,115
421,116
422,116
423,116
424,117
425,118
426,118
427,119
428,119
429,119
430,119
431,119
432,119
433,119
434,119
435,119
436,119
437,119
438,119
439,119
440,119
441,119
442,119
443,119
444,119
445,119
446,119
447,119
448,120
449,120
450,120
451,120
452,120
453,120
454,120
455,120
456,120
457,120
458,120
459,120
460,120
461,120
462,120
463,120
464,120
465,120
466,120
467,120
468,120
469,120
470,120
471,120
472,120
473,120
474,120
475,120
476,120
477,120
478,120
479,120
480,120
481,120
482,120
483,120
484,120
485,120
486,120
487,120
488,120
489,120
490,120
491,120
492,120
493,120
494,120
495,120
496,120
497,120
498,120
499,120
500,120
501,120
502,120
503,120
504,120
505,120
506,120
507,120
508,120
509,120
510,120
511,120
512,120
513,120
514,121
515,122
516,122
517,122
518,122
519,122
520,122
521,122
522,122
523,122
524,122
525,122
526,122
527,122
528,122
529,122
530,122
531,122
532,122
533,122
534,122
535,122
536,122
537,122
538,122
539,122
540,122
541,122
542,122
543,122
544,122
545,122
546,122
547,122
548,122
549,122
550,122
551,122
552,122
553,122
554,122
555,122
556,122
557,122
558,122
559,122
560,122
561,122
562,122
563,122
564,122
565,122
566,122
567,122
568,122
569,122
570,122
571,122
572,122
573,122
574,122
575,122
576,122
577,122
578,122
579,122
580,122
581,122
582,122
583,122
584,122
585,122
586,122
587,122
588,122
589,122
590,122
591,122
592,122
593,122
594,122
595,122
596,122
597,122
598,122
599,122
600,122
601,122
602,122
603,122
604,122
605,122
606,122
607,122
608,122
609,122
610,122
611,122
612,122
613,122
614,122
615,122
616,122
617,122
618,122
619,122
620,122
621,122
622,122
623,122
624,122
625,122
626,122
627,122
628,122
629,122
630,122
631,122
632,122
633,122
634,122
635,122
636,122
637,122
638,122
639,122
640,122
641,122
642,122
643,122
644,122
645,122
646,122
647,122
648,122
649,122
650,122
651,122
652,122
653,122
654,122
655,122
656,122
657,122
658,122
659,122
660,122
661,122
662,122
663,122
664,122
665,122
666,122
667,122
668,122
669,122
670,122
671,122
672,122
673,122
674,122
675,122
676,122
677,122
678,122
679,122
680,122
681,122
682,122
683,122
684,122
685,122
686,122
687,122
688,122
689,122
690,122
691,122
692,122
693,122
694,122
695,122
696,122
697,122
698,122
699,122
700,122
701,122
702,122
703,122
704,122
705,122
706,122
707,122
708,122
709,122
710,122
711,122
712,122
713,122
714,122
715,122
716,122
717,122
718,122
719,122
720,122
721,122
722,122
723,122
724,122
725,122
726,122
727,122
728,122
729,122
730,122
731,122
732,122
733,122
734,122
735,122
736,122
737,122
738,122
739,122
740,122
741,122
742,122
743,122
744,123
745,124
746,124
747,124
748,124
749,124
750,124
751,124
752,124
753,124
754,124
755,124
756,124
757,124
758,124
759,124
760,124
761,124
762,124
763,124
764,124
765,124
766,124
767,124
768,124
769,125
770,126
771,127
772,127
773,127
774,127
775,127
776,127
777,127
778,127
779,127
780,127
781,127
782,127
783,127
784,127
785,127
786,127
787,127
788,127
789,127
790,127
791,127
792,127
793,127
794,127
795,127
796,127
797,127
798,127
799,127
800,127
801,127
802,127
803,127
804,127
805,127
806,127
807,127
808,127
809,127
810,127
811,127
812,127
813,127
814,127
815,127
816,127
817,127
818,127
819,127
820,127
821,127
822,127
823,127
824,127
825,127
826,127
827,127
828,127
829,127
830,127
831,127
832,127
833,127
834,127
835,127
836,127
837,127
838,127
839,127
840,127
841,127
842,127
843,127
844,127
845,127
846,127
847,127
848,127
849,127
850,127
851,127
852,127
853,127
854,127
855,127
856,127
857,127
858,127
859,127
860,127
861,127
862,127
863,127
864,128
865,128
866,128
867,128
868,128
869,128
870,128
871,128
872,128
873,128
874,128
875,128
876,128
877,128
878,128
879,128
880,128
881,128
882,128
883,128
884,128
885,128
886,128
887,128
888,128
889,128
890,128
891,128
892,128
893,128
894,128
895,128
896,128
897,128
898,128
899,128
900,128
901,128
902,128
903,128
904,128
905,128
906,128
907,128
908,128
909,128
910,128
911,128
912,128
913,128
914,128
915,128
916,128
917,128
918,128
919,128
920,128
921,128
922,128
923,128
924,128
925,128
926,128
927,128
928,128
929,128
930,128
931,128
932,128
933,128
934,128
935,128
936,128
937,128
938,128
939,128
940,128
941,128
942,128
943,128
944,128
945,128
946,128
947,128
948,128
949,128
950,128
951,128
952,128
953,128
954,128
955,128
956,128
957,128
958,128
959,128
960,128
961,128
962,128
963,128
964,128
965,128
966,128
967,128
968,128
969,128
970,128
971,128
972,128
973,128
974,128
975,128
976,128
977,128
978,128
979,128
980,128
981,128
982,128
983,128
984,128
985,128
986,128
987,128
988,128
989,128
990,128
991,128
992,128
993,128
994,128
995,128
996,128
997,128
998,128
999,128
1000,128
1001,128
1002,128
1003,128
1004,128
1005,128
1006,128
1007,128
1008,128
1009,128
1010,128
1011,128
1012,128
1013,128
1014,128
1015,128
1016,128
1017,128
1018,128
1019,128
1020,128
1021,128
1022,128
1023,128
1024,128
1025,128
1026,129
1027,130
1028,131
1029,131
1030,131
1031,131
1032,131
1033,131
1034,132
1035,132
1036,132
1037,132
1038,132
1039,132
1040,132
1041,132
1042,132
1043,132
1044,132
1045,132
1046,132
1047,132
1048,132
1049,132
1050,132
1051,132
1052,132
1053,132
1054,132
1055,132
1056,132
1057,132
1058,132
1059,133
1060,133
1061,133
1062,133
1063,133
1064,133
1065,133
1066,133
1067,133
1068,133
1069,133
1070,133
1071,133
1072,133
1073,133
1074,133
1075,133
1076,133
1077,133
1078,133
1079,133
1080,134
1081,134
1082,134
1083,134
1084,134
1085,134
1086,134
1087,134
1088,134
1089,134
1090,134
1091,134
1092,134
1093,134
1094,134
1095,134
1096,134
1097,134
1098,134
1099,134
1100,134
1101,134
1102,134
1103,134
1104,134
1105,134
1106,134
1107,134
1108,134
1109,134
1110,134
1111,134
1112,134
1113,134
1114,134
1115,134
1116,134
1117,134
1118,134
1119,134
1120,134
1121,134
1122,134
1123,134
1124,134
1125,134
1126,134
1127,134
1128,134
1129,134
1130,134
1131,134
1132,134
1133,134
1134,134
1135,134
1136,134
1137,134
1138,134
1139,134
1140,134
1141,134
1142,134
1143,134
1144,134
1145,134
1146,134
1147,134
1148,134
1149,134
1150,134
1151,135
1152,136
1153,136
1154,136
1155,136
1156,136
1157,136
1158,136
1159,136
1160,136
1161,136
1162,136
1163,136
1164,136
1165,136
1166,136
1167,136
1168,136
1169,136
1170,136
1171,136
1172,136
1173,136
1174,136
1175,136
1176,136
1177,136
1178,136
1179,136
1180,136
1181,136
1182,136
1183,136
1184,136
1185,136
1186,136
1187,136
1188,136
1189,136
1190,136
1191,136
1192,136
1193,136
1194,136
1195,136
1196,136
1197,136
1198,136
1199,136
1200,136
1201,136
1202,136
1203,136
1204,136
1205,136
1206,136
1207,136
1208,136
1209,136
1210,136
1211,136
1212,136
1213,136
1214,136
1215,136
1216,136
1217,136
1218,136
1219,136
1220,136
1221,136
1222,136
1223,136
1224,136
1225,136
1226,136
1227,136
1228,136
1229,136
1230,136
1231,136
1232,136
1233,136
1234,136
1235,136
1236,136
1237,136
1238,136
1239,136
1240,136
1241,136
1242,136
1243,136
1244,136
1245,136
1246,136
1247,136
1248,136
1249,136
1250,136
1251,136
1252,136
1253,136
1254,136
1255,136
1256,136
1257,136
1258,136
1259,136
1260,136
1261,136
1262,136
1263,136
1264,136
1265,136
1266,136
1267,136
1268,136
1269,136
1270,136
1271,136
1272,136
1273,136
1274,136
1275,136
1276,136
1277,136
1278,136
1279,136
1280,136
1281,136
1282,136
1283,136
1284,136
1285,136
1286,136
1287,136
1288,136
1289,136
1290,136
1291,136
1292,136
1293,136
1294,136
1295,136
1296,136
1297,136
1298,136
1299,136
1300,136
1301,136
1302,136
1303,136
1304,136
1305,136
1306,136
1307,136
1308,136
1309,136
1310,136
1311,136
1312,136
1313,136
1314,136
1315,136
1316,136
1317,136
1318,136
1319,136
1320,136
1321,136
1322,136
1323,136
1324,136
1325,136
1326,136
1327,136
1328,136
1329,136
1330,136
1331,136
1332,136
1333,136
1334,136
1335,136
1336,136
1337,136
1338,136
1339,136
1340,136
1341,136
1342,137
1343,137
1344,137
1345,137
1346,137
1347,137
1348,137
1349,137
1350,137
1351,137
1352,137
1353,137
1354,137
1355,137
1356,137
1357,137
1358,137
1359,137
1360,137
1361,137
1362,137
1363,137
1364,137
1365,137
1366,137
1367,137
1368,137
1369,137
1370,137
1371,137
1372,137
1373,137
1374,137
1375,137
1376,137
1377,137
1378,137
1379,137
1380,137
1381,137
1382,137
1383,137
1384,137
1385,137
1386,137
1387,137
1388,137
1389,137
1390,137
1391,137
1392,137
1393,137
1394,137
1395,137
1396,137
1397,137
1398,137
1399,137
1400,137
1401,137
1402,137
1403,137
1404,137
1405,137
1406,137
1407,137
1408,137
1409,137
1410,137
1411,137
1412,137
1413,137
1414,137
1415,137
1416,137
1417,137
1418,137
1419,137
1420,137
1421,137
1422,137
1423,137
1424,137
1425,137
1426,137
1427,137
1428,137
1429,137
1430,137
1431,137
1432,137
1433,137
1434,137
1435,137
1436,137
1437,137
1438,137
1439,137
1440,137
1441,137
1442,137
1443,137
1444,137
1445,137
1446,137
1447,137
1448,137
1449,137
1450,137
1451,137
1452,137
1453,137
1454,137
1455,137
1456,137
1457,137
1458,137
1459,137
1460,137
1461,137
1462,137
1463,137
1464,137
1465,137
1466,137
1467,137
1468,137
1469,137
1470,137
1471,137
1472,137
1473,137
1474,137
1475,137
1476,137
1477,137
1478,137
1479,137
1480,137
1481,137
1482,137
1483,137
1484,137
1485,137
1486,137
1487,137
1488,137
1489,137
1490,137
1491,137
1492,137
1493,137
1494,137
1495,137
1496,137
1497,137
1498,137
1499,137
1500,137
1501,137
1502,137
1503,137
1504,137
1505,137
1506,137
1507,137
1508,137
1509,137
1510,137
1511,137
1512,137
1513,137
1514,137
1515,137
1516,137
1517,137
1518,137
1519,137
1520,137
1521,137
1522,137
1523,137
1524,137
1525,137
1526,137
1527,137
1528,137
1529,137
1530,137
1531,137
1532,137
1533,137
1534,137
1535,137
1536,137
1537,137
1538,137
1539,137
1540,137
1541,137
1542,137
1543,137
1544,137
1545,137
1546,137
1547,137
1548,137
1549,137
1550,137
1551,137
1552,137
1553,137
1554,137
1555,137
1556,137
1557,137
1558,137
1559,137
1560,137
1561,137
1562,137
1563,137
1564,137
1565,137
1566,137
1567,137
1568,137
1569,137
1570,137
1571,137
1572,137
1573,137
1574,137
1575,137
1576,137
1577,137
1578,137
1579,137
1580,137
1581,137
1582,137
1583,137
1584,137
1585,137
1586,137
1587,137
1588,137
1589,137
1590,137
1591,137
1592,137
1593,137
1594,137
1595,137
1596,137
1597,137
1598,137
1599,137
1600,137
1601,137
1602,137
1603,137
1604,137
1605,137
1606,137
1607,137
1608,137
1609,137
1610,137
1611,137
1612,137
1613,137
1614,137
1615,137
1616,137
1617,137
1618,137
1619,137
1620,137
1621,137
1622,137
1623,137
1624,137
1625,137
1626,137
1627,137
1628,137
1629,137
1630,137
1631,137
1632,137
1633,137
1634,137
1635,137
1636,137
1637,137
1638,137
1639,137
1640,137
1641,137
1642,137
1643,137
1644,137
1645,137
1646,137
1647,137
1648,137
1649,137
1650,137
1651,137
1652,137
1653,137
1654,137
1655,137
1656,137
1657,137
1658,137
1659,137
1660,137
1661,137
1662,137
1663,137
1664,137
1665,137
1666,137
1667,137
1668,137
1669,137
1670,137
1671,137
1672,137
1673,137
1674,137
1675,137
1676,137
1677,137
1678,137
1679,137
1680,137
1681,137
1682,137
1683,137
1684,137
1685,137
1686,137
1687,137
1688,137
1689,137
1690,137
1691,137
1692,137
1693,137
1694,137
1695,137
1696,137
1697,137
1698,137
1699,137
1700,137
1701,137
1702,137
1703,137
1704,137
1705,137
1706,137
1707,137
1708,137
1709,137
1710,137
1711,137
1712,137
1713,137
1714,137
1715,137
1716,137
1717,137
1718,137
1719,137
1720,137
1721,137
1722,137
1723,137
1724,137
1725,137
1726,137
1727,137
1728,137
1729,137
1730,137
1731,137
1732,137
1733,137
1734,137
1735,137
1736,137
1737,137
1738,137
1739,137
1740,137
1741,137
1742,137
1743,137
1744,137
1745,137
1746,137
1747,137
1748,137
1749,137
1750,137
1751,137
1752,137
1753,137
1754,137
1755,137
1756,137
1757,137
1758,137
1759,137
1760,137
1761,137
1762,137
1763,137
1764,137
1765,137
1766,137
1767,137
1768,137
1769,137
1770,137
1771,137
1772,137
1773,137
1774,137
1775,137
1776,137
1777,137
1778,137
1779,137
1780,137
1781,137
1782,137
1783,137
1784,137
1785,137
1786,137
1787,137
1788,137
1789,137
1790,137
1791,137
1792,137
1793,137
1794,137
1795,137
1796,137
1797,137
1798,137
1799,137
1800,137
1801,137
1802,137
1803,137
1804,137
1805,137
1806,137
1807,137
1808,137
1809,137
1810,137
1811,137
1812,137
1813,137
1814,137
1815,137
1816,137
1817,137
1818,137
1819,137
1820,137
1821,137
1822,137
1823,137
1824,137
1825,137
1826,138
1827,138
1828,138
1829,138
1830,138
1831,138
1832,138
1833,138
1834,138
1835,138
1836,138
1837,138
1838,138
1839,138
1840,138
1841,138
1842,138
1843,138
1844,138
1845,138
1846,138
1847,138
1848,138
1849,138
1850,138
1851,138
1852,138
1853,138
1854,138
1855,138
1856,138
1857,138
1858,138
1859,138
1860,138
1861,138
1862,138
1863,138
1864,138
1865,138
1866,138
1867,138
1868,138
1869,138
1870,138
1871,138
1872,138
1873,138
1874,138
1875,138
1876,138
1877,138
1878,138
1879,138
1880,138
1881,138
1882,138
1883,138
1884,138
1885,138
1886,138
1887,138
1888,138
1889,138
1890,138
1891,138
1892,138
1893,138
1894,138
1895,138
1896,138
1897,138
1898,138
1899,138
1900,138
1901,138
1902,138
1903,138
1904,138
1905,138
1906,138
1907,138
1908,138
1909,138
1910,138
1911,138
1912,138
1913,138
1914,138
1915,138
1916,138
1917,138
1918,138
1919,138
1920,138
1921,138
1922,138
1923,138
1924,138
1925,138
1926,138
1927,138
1928,138
1929,138
1930,138
1931,138
1932,138
1933,138
1934,138
1935,138
1936,138
1937,138
1938,138
1939,138
1940,138
1941,138
1942,138
1943,138
1944,138
1945,138
1946,138
1947,138
1948,138
1949,138
1950,138
1951,138
1952,138
1953,138
1954,138
1955,138
1956,138
1957,138
1958,138
1959,138
1960,138
1961,138
1962,138
1963,138
1964,138
1965,138
1966,138
1967,138
1968,138
1969,138
1970,138
1971,138
1972,138
1973,138
1974,138
1975,138
1976,138
1977,138
1978,138
1979,138
1980,138
1981,138
1982,138
1983,138
1984,138
1985,138
1986,138
1987,138
1988,138
1989,138
1990,138
1991,138
1992,138
1993,138
1994,138
1995,138
1996,138
1997,138
1998,138
1999,138
2000,138
2001,138
2002,138
2003,138
2004,138
2005,138
2006,138
2007,138
2008,138
2009,138
2010,138
2011,138
2012,138
2013,138
2014,138
2015,138
2016,138
2017,138
2018,138
2019,138
2020,138
2021,138
2022,138
2023,138
2024,138
2025,138
2026,138
2027,138
2028,138
2029,138
2030,138
2031,138
2032,138
2033,138
2034,138
2035,138
2036,138
2037,138
2038,138
2039,138
2040,138
2041,138
2042,138
2043,138
2044,138
2045,138
2046,138
2047,138
2048,138
2049,138
2050,138
2051,138
2052,138
2053,138
2054,138
2055,138
2056,138
2057,138
2058,138
2059,138
2060,138
2061,138
2062,138
2063,138
2064,138
2065,138
2066,138
2067,138
2068,138
2069,138
2070,138
2071,138
2072,138
2073,138
2074,138
2075,138
2076,138
2077,138
2078,138
2079,138
2080,138
2081,138
2082,138
2083,138
2084,138
2085,138
2086,138
2087,138
2088,138
2089,138
2090,138
2091,138
2092,138
2093,138
2094,138
2095,138
2096,138
2097,138
2098,138
2099,138
2100,138
2101,138
2102,138
2103,138
2104,138
2105,138
2106,138
2107,138
2108,138
2109,138
2110,138
2111,138
2112,138
2113,138
2114,138
2115,138
2116,138
2117,138
2118,138
2119,138
2120,138
2121,138
2122,138
2123,138
2124,138
2125,138
2126,138
2127,138
2128,138
2129,138
2130,138
2131,138
2132,138
2133,138
2134,138
2135,138
2136,138
2137,138
2138,138
2139,138
2140,138
2141,138
2142,138
2143,138
2144,138
2145,138
2146,138
2147,138
2148,138
2149,138
2150,138
2151,138
2152,138
2153,138
2154,138
2155,138
2156,138
2157,138
2158,138
2159,138
2160,138
2161,138
2162,138
2163,138
2164,138
2165,138
2166,138
2167,138
2168,138
2169,138
2170,138
2171,138
2172,138
2173,138
2174,138
2175,138
2176,138
2177,138
2178,138
2179,138
2180,138
2181,138
2182,138
2183,138
2184,138
2185,138
2186,138
2187,138
2188,138
2189,138
2190,138
2191,138
2192,138
2193,138
2194,138
2195,138
2196,138
2197,138
2198,138
2199,138
2200,138
2201,138
2202,138
2203,138
2204,138
2205,138
2206,138
2207,138
2208,138
2209,138
2210,138
2211,138
2212,138
2213,138
2214,138
2215,138
2216,138
2217,138
2218,138
2219,138
2220,138
2221,138
2222,138
2223,138
2224,138
2225,138
2226,138
2227,138
2228,138
2229,138
2230,138
2231,138
2232,138
2233,138
2234,138
2235,138
2236,138
2237,138
2238,138
2239,138
2240,138
2241,138
2242,138
2243,138
2244,138
2245,138
2246,138
2247,138
2248,138
2249,138
2250,138
2251,138
2252,138
2253,138
2254,138
2255,138
2256,138
2257,138
2258,138
2259,138
2260,138
2261,138
2262,138
2263,138
2264,138
2265,138
2266,138
2267,138
2268,138
2269,138
2270,138
2271,138
2272,138
2273,138
2274,138
2275,138
2276,138
2277,138
2278,138
2279,138
2280,138
2281,138
2282,138
2283,138
2284,138
2285,138
2286,138
2287,138
2288,138
2289,138
2290,138
2291,138
2292,138
2293,138
2294,138
2295,138
2296,138
2297,138
2298,138
2299,138
2300,138
2301,138
2302,138
2303,138
2304,138
2305,138
2306,138
2307,138
2308,138
2309,138
2310,138
2311,138
2312,138
2313,138
2314,138
2315,138
2316,138
2317,138
2318,138
2319,138
2320,138
2321,138
2322,138
2323,138
2324,138
2325,138
2326,138
2327,138
2328,138
2329,138
2330,138
2331,138
2332,138
2333,138
2334,138
2335,138
2336,138
2337,138
2338,138
2339,138
2340,138
2341,138
2342,138
2343,138
2344,138
2345,138
2346,138
2347,138
2348,138
2349,138
2350,138
2351,138
2352,138
2353,138
2354,138
2355,138
2356,138
2357,138
2358,138
2359,138
2360,138
2361,138
2362,138
2363,138
2364,138
2365,138
2366,138
2367,138
2368,138
2369,138
2370,138
2371,138
2372,138
2373,138
2374,138
2375,138
2376,138
2377,138
2378,138
2379,138
2380,138
2381,138
2382,138
2383,138
2384,138
2385,138
2386,138
2387,138
2388,138
2389,138
2390,138
2391,138
2392,138
2393,138
2394,138
2395,138
2396,138
2397,138
2398,138
2399,138
2400,138
2401,138
2402,138
2403,138
2404,138
2405,138
2406,138
2407,138
2408,138
2409,138
2410,138
2411,138
2412,138
2413,138
2414,138
2415,138
2416,138
2417,138
2418,138
2419,138
2420,138
2421,138
2422,138
2423,138
2424,138
2425,138
2426,138
2427,138
2428,138
2429,138
2430,138
2431,138
2432,138
2433,138
2434,138
2435,138
2436,138
2437,138
2438,138
2439,138
2440,138
2441,138
2442,138
2443,138
2444,138
2445,138
2446,138
2447,138
2448,138
2449,138
2450,138
2451,138
2452,138
2453,138
2454,138
2455,138
2456,138
2457,138
2458,138
2459,138
2460,138
2461,138
2462,138
2463,138
2464,138
2465,138
2466,138
2467,138
2468,138
2469,138
2470,138
2471,138
2472,138
2473,138
2474,138
2475,138
2476,138
2477,138
2478,138
2479,138
2480,138
2481,138
2482,138
2483,138
2484,138
2485,138
2486,138
2487,138
2488,138
2489,138
2490,138
2491,138
2492,138
2493,138
2494,138
2495,138
2496,138
2497,138
2498,138
2499,138
2500,138
2501,138
2502,138
2503,138
2504,138
2505,138
2506,138
2507,138
2508,138
2509,138
2510,138
2511,138
2512,138
2513,138
2514,138
2515,138
2516,138
2517,138
2518,138
2519,138
2520,138
2521,138
2522,138
2523,138
2524,138
2525,138
2526,138
2527,138
2528,138
2529,138
2530,138
2531,138
2532,138
2533,138
2534,138
2535,138
2536,138
2537,138
2538,138
2539,138
2540,138
2541,138
2542,138
2543,138
2544,138
2545,138
2546,138
2547,138
2548,138
2549,138
2550,138
2551,138
2552,138
2553,138
2554,138
2555,138
2556,138
2557,138
2558,138
2559,138
2560,138
2561,138
2562,138
2563,138
2564,138
2565,138
2566,138
2567,138
2568,138
2569,138
2570,138
2571,138
2572,138
2573,138
2574,138
2575,138
2576,138
2577,138
2578,138
2579,138
2580,138
2581,138
2582,138
2583,138
2584,138
2585,138
2586,138
2587,138
2588,138
2589,138
2590,138
2591,138
2592,138
2593,138
2594,138
2595,138
2596,138
2597,138
2598,138
2599,138
2600,138
2601,138
2602,138
2603,138
2604,138
2605,138
2606,138
2607,138
2608,138
2609,138
2610,138
2611,138
2612,138
2613,138
2614,138
2615,138
2616,138
2617,138
2618,138
2619,138
2620,138
2621,138
2622,138
2623,138
2624,138
2625,138
2626,138
2627,138
2628,138
2629,138
2630,138
2631,138
2632,138
2633,138
2634,138
2635,138
2636,138
2637,138
2638,138
2639,138
2640,138
2641,138
2642,138
2643,138
2644,138
2645,138
2646,138
2647,138
2648,138
2649,138
2650,138
2651,138
2652,138
2653,138
2654,138
2655,138
2656,138
2657,138
2658,138
2659,138
2660,138
2661,138
2662,138
2663,138
2664,138
2665,138
2666,138
2667,138
2668,138
2669,138
2670,138
2671,138
2672,138
2673,138
2674,138
2675,138
2676,138
2677,138
2678,138
2679,138
2680,138
2681,138
2682,138
2683,138
2684,138
2685,138
2686,138
2687,138
2688,138
2689,138
2690,138
2691,138
2692,138
2693,138
2694,138
2695,138
2696,138
2697,138
2698,138
2699,138
2700,138
2701,138
2702,138
2703,138
2704,138
2705,138
2706,138
2707,138
2708,138
2709,138
2710,138
2711,138
2712,138
2713,138
2714,138
2715,138
2716,138
2717,138
2718,138
2719,138
2720,138
2721,138
2722,138
2723,138
2724,138
2725,138
2726,138
2727,138
2728,138
2729,138
2730,138
2731,138
2732,138
2733,138
2734,138
2735,138
2736,138
2737,138
2738,138
2739,138
2740,138
2741,138
2742,138
2743,138
2744,138
2745,138
2746,138
2747,138
2748,138
2749,138
2750,138
2751,138
2752,138
2753,138
2754,138
2755,138
2756,138
2757,138
2758,138
2759,138
2760,138
2761,138
2762,138
2763,138
2764,138
2765,138
2766,138
2767,138
2768,138
2769,138
2770,138
2771,138
2772,138
2773,138
2774,138
2775,138
2776,138
2777,138
2778,138
2779,138
2780,138
2781,138
2782,138
2783,138
2784,138
2785,138
2786,138
2787,138
2788,138
2789,138
2790,138
2791,138
2792,138
2793,138
2794,138
2795,138
2796,138
2797,138
2798,138
2799,138
2800,138
2801,138
2802,138
2803,138
2804,138
2805,138
2806,138
2807,138
2808,138
2809,138
2810,138
2811,138
2812,138
2813,138
2814,138
2815,138
2816,138
2817,138
2818,138
2819,138
2820,138
2821,138
2822,138
2823,138
2824,138
2825,138
2826,138
2827,138
2828,138
2829,138
2830,138
2831,138
2832,138
2833,138
2834,138
2835,138
2836,138
2837,138
2838,138
2839,138
2840,138
2841,138
2842,138
2843,138
2844,138
2845,138
2846,138
2847,138
2848,138
2849,138
2850,138
2851,138
2852,138
2853,138
2854,138
2855,138
2856,138
2857,138
2858,138
2859,138
2860,138
2861,138
2862,138
2863,138
2864,138
2865,138
2866,138
2867,138
2868,138
2869,138
2870,138
2871,138
2872,138
2873,138
2874,138
2875,138
2876,138
2877,138
2878,138
2879,138
2880,138
2881,138
2882,138
2883,138
2884,138
2885,138
2886,138
2887,138
2888,138
2889,138
2890,138
2891,138
2892,138
2893,138
2894,138
2895,138
2896,138
2897,138
2898,138
2899,138
2900,138
2901,138
2902,138
2903,138
2904,138
2905,138
2906,138
2907,138
2908,138
2909,138
2910,138
2911,138
2912,138
2913,138
2914,138
2915,138
2916,138
2917,138
2918,138
2919,138
2920,138
2921,138
2922,138
2923,138
2924,138
2925,138
2926,138
2927,138
2928,138
2929,138
2930,138
2931,138
2932,138
2933,138
2934,138
2935,138
2936,138
2937,138
2938,138
2939,138
2940,138
2941,138
2942,138
2943,138
2944,138
2945,138
2946,138
2947,138
2948,138
2949,138
2950,138
2951,138
2952,138
2953,138
2954,138
2955,138
2956,138
2957,138
2958,138
2959,138
2960,138
2961,138
2962,138
2963,138
2964,138
2965,138
2966,138
2967,138
2968,138
2969,138
2970,138
2971,138
2972,138
2973,138
2974,138
2975,138
2976,138
2977,138
2978,138
2979,138
2980,138
2981,138
2982,138
2983,138
2984,138
2985,138
2986,138
2987,138
2988,138
2989,138
2990,138
2991,138
2992,138
2993,138
2994,138
2995,138
2996,138
2997,138
2998,138
2999,138
3000,138
3001,138
3002,138
3003,138
3004,138
3005,138
3006,138
3007,138
3008,138
3009,138
3010,138
3011,138
3012,138
3013,138
3014,138
3015,138
3016,138
3017,138
3018,138
3019,138
3020,138
3021,138
3022,138
3023,138
3024,138
3025,138
3026,138
3027,138
3028,138
3029,138
3030,138
3031,138
3032,138
3033,138
3034,138
3035,138
3036,138
3037,138
3038,138
3039,138
3040,138
3041,138
3042,138
3043,138
3044,138
3045,138
3046,138
3047,138
3048,138
3049,138
3050,138
3051,138
3052,138
3053,138
3054,138
3055,138
3056,138
3057,138
3058,138
3059,138
3060,138
3061,138
3062,138
3063,138
3064,138
3065,138
3066,138
3067,138
3068,138
3069,138
3070,138
3071,138
3072,138
3073,138
3074,138
3075,138
3076,138
3077,138
3078,138
3079,138
3080,138
3081,138
3082,138
3083,138
3084,138
3085,138
3086,138
3087,138
3088,138
3089,138
3090,138
3091,138
3092,138
3093,138
3094,138
3095,138
3096,138
3097,138
3098,138
3099,138
3100,138
3101,138
3102,138
3103,138
3104,138
3105,138
3106,138
3107,138
3108,138
3109,138
3110,138
3111,138
3112,138
3113,138
3114,138
3115,138
3116,138
3117,138
3118,138
3119,138
3120,138
3121,138
3122,138
3123,138
3124,138
3125,138
3126,138
3127,138
3128,138
3129,138
3130,138
3131,138
3132,138
3133,138
3134,138
3135,138
3136,138
3137,138
3138,138
3139,138
3140,138
3141,138
3142,138
3143,138
3144,138
3145,138
3146,138
3147,138
3148,138
3149,138
3150,138
3151,138
3152,138
3153,138
3154,138
3155,138
3156,138
3157,138
3158,138
3159,138
3160,138
3161,138
3162,138
3163,138
3164,138
3165,138
3166,138
3167,138
3168,138
3169,138
3170,138
3171,138
3172,138
3173,138
3174,138
3175,138
3176,138
3177,138
3178,138
3179,138
3180,138
3181,138
3182,138
3183,138
3184,138
3185,138
3186,138
3187,138
3188,138
3189,138
3190,138
3191,138
3192,138
3193,138
3194,138
3195,138
3196,138
3197,138
3198,138
3199,138
3200,138
3201,138
3202,138
3203,138
3204,138
3205,138
3206,138
3207,138
3208,138
3209,138
3210,138
3211,138
3212,138
3213,138
3214,138
3215,138
3216,138
3217,138
3218,138
3219,138
3220,138
3221,138
3222,138
3223,138
3224,138
3225,138
3226,138
3227,138
3228,138
3229,138
3230,138
3231,138
3232,138
3233,138
3234,138
3235,138
3236,138
3237,138
3238,138
3239,138
3240,138
3241,138
3242,138
3243,138
3244,138
3245,138
3246,138
3247,138
3248,138
3249,138
3250,138
3251,138
3252,138
3253,138
3254,138
3255,138
3256,138
3257,138
3258,138
3259,138
3260,138
3261,138
3262,138
3263,138
3264,138
3265,138
3266,138
3267,138
3268,138
3269,138
3270,138
3271,138
3272,138
3273,138
3274,138
3275,138
3276,138
3277,138
3278,138
3279,138
3280,138
3281,138
3282,138
3283,138
3284,138
3285,138
3286,138
3287,138
3288,138
3289,138
3290,138
3291,138
3292,138
3293,138
3294,138
3295,138
3296,138
3297,138
3298,138
3299,138
3300,138
3301,138
3302,138
3303,138
3304,138
3305,138
3306,138
3307,138
3308,138
3309,138
3310,138
3311,138
3312,138
3313,138
3314,138
3315,138
3316,138
3317,138
3318,138
3319,138
3320,138
3321,138
3322,138
3323,138
3324,138
3325,138
3326,138
3327,138
3328,138
3329,138
3330,138
3331,138
3332,138
3333,138
3334,138
3335,138
3336,138
3337,138
3338,138
3339,138
3340,138
3341,138
3342,138
3343,138
3344,138
3345,138
3346,138
3347,138
3348,138
3349,138
3350,138
3351,138
3352,138
3353,138
3354,138
3355,138
3356,138
3357,138
3358,138
3359,138
3360,138
3361,138
3362,138
3363,138
3364,138
3365,138
3366,138
3367,138
3368,138
3369,138
3370,138
3371,138
3372,138
3373,138
3374,138
3375,138
3376,138
3377,138
3378,138
3379,138
3380,138
3381,138
3382,138
3383,138
3384,138
3385,138
3386,138
3387,138
3388,138
3389,138
3390,138
3391,138
3392,138
3393,138
3394,138
3395,138
3396,138
3397,138
3398,138
3399,138
3400,138
3401,138
3402,138
3403,138
3404,138
3405,138
3406,138
3407,138
3408,138
3409,138
3410,138
3411,138
3412,138
3413,138
3414,138
3415,138
3416,138
3417,138
3418,138
3419,138
3420,138
3421,138
3422,138
3423,138
3424,138
3425,138
3426,138
3427,138
3428,138
3429,138
3430,138
3431,138
3432,138
3433,138
3434,138
3435,138
3436,138
3437,138
3438,138
3439,138
3440,138
3441,138
3442,138
3443,138
3444,138
3445,138
3446,138
3447,138
3448,138
3449,138
3450,138
3451,138
3452,138
3453,138
3454,138
3455,138
3456,138
3457,138
3458,138
3459,138
3460,138
3461,138
3462,138
3463,138
3464,138
3465,138
3466,138
3467,138
3468,138
3469,138
3470,138
3471,138
3472,138
3473,138
3474,138
3475,138
3476,138
3477,138
3478,138
3479,138
3480,138
3481,138
3482,138
3483,138
3484,138
3485,138
3486,138
3487,138
3488,138
3489,138
3490,138
3491,138
3492,138
3493,138
3494,138
3495,138
3496,138
3497,138
3498,138
3499,138
3500,138
3501,138
3502,138
3503,138
3504,138
3505,138
3506,138
3507,138
3508,138
3509,138
3510,138
3511,138
3512,138
3513,138
3514,138
3515,138
3516,138
3517,138
3518,138
3519,138
3520,138
3521,138
3522,138
3523,138
3524,138
3525,138
3526,138
3527,138
3528,138
3529,138
3530,138
3531,138
3532,138
3533,138
3534,138
3535,138
3536,138
3537,138
3538,138
3539,138
3540,138
3541,138
3542,138
3543,138
3544,138
3545,138
3546,138
3547,138
3548,138
3549,138
3550,138
3551,138
3552,138
3553,138
3554,138
3555,138
3556,138
3557,138
3558,138
3559,138
3560,138
3561,138
3562,138
3563,138
3564,138
3565,138
3566,138
3567,138
3568,138
3569,138
3570,138
3571,138
3572,138
3573,138
3574,138
3575,138
3576,138
3577,138
3578,138
3579,138
3580,138
3581,138
3582,138
3583,138
3584,138
3585,138
3586,138
3587,138
3588,138
3589,138
3590,138
3591,138
3592,138
3593,138
3594,138
3595,138
3596,138
3597,138
3598,138
3599,138
3600,138
3601,138
3602,138
3603,138
3604,138
3605,138
3606,138
3607,138
3608,138
3609,138
3610,138
3611,138
3612,138
3613,138
3614,138
3615,138
3616,138
3617,138
3618,138
3619,138
3620,138
3621,138
3622,138
3623,138
3624,138
3625,138
3626,138
3627,138
3628,138
3629,138
3630,138
3631,138
3632,138
3633,138
3634,138
3635,138
3636,138
3637,138
3638,138
3639,138
3640,138
3641,138
3642,138
3643,138
3644,138
3645,138
3646,138
3647,138
3648,138
3649,138
3650,138
3651,138
3652,138
3653,138
3654,138
3655,138
3656,138
3657,138
3658,138
3659,138
3660,138
3661,138
3662,138
3663,138
3664,138
3665,138
3666,138
3667,138
3668,138
3669,138
3670,138
3671,138
3672,138
3673,138
3674,138
3675,138
3676,138
3677,138
3678,138
3679,138
3680,138
3681,138
3682,138
3683,138
3684,138
3685,138
3686,138
3687,138
3688,138
3689,138
3690,138
3691,138
3692,138
3693,138
3694,138
3695,138
3696,138
3697,138
3698,138
3699,138
3700,138
3701,138
3702,138
3703,138
3704,138
3705,138
3706,138
3707,138
3708,138
3709,138
3710,138
3711,138
3712,138
3713,138
3714,138
3715,138
3716,138
3717,138
3718,138
3719,138
3720,138
3721,138
3722,138
3723,138
3724,138
3725,138
3726,138
3727,138
3728,138
3729,138
3730,138
3731,138
3732,138
3733,138
3734,138
3735,138
3736,138
3737,138
3738,138
3739,138
3740,138
3741,138
3742,138
3743,138
3744,138
3745,138
3746,138
3747,138
3748,138
3749,138
3750,138
3751,138
3752,138
3753,138
3754,138
3755,138
3756,138
3757,138
3758,138
3759,138
3760,138
3761,138
3762,138
3763,138
3764,138
3765,138
3766,138
3767,138
3768,138
3769,138
3770,138
3771,138
3772,138
3773,138
3774,138
3775,138
3776,138
3777,138
3778,138
3779,138
3780,138
3781,138
3782,138
3783,138
3784,138
3785,138
3786,138
3787,138
3788,138
3789,138
3790,138
3791,138
3792,138
3793,138
3794,138
3795,138
3796,138
3797,138
3798,138
3799,138
3800,138
3801,138
3802,138
3803,138
3804,138
3805,138
3806,138
3807,138
3808,138
3809,138
3810,138
3811,138
3812,138
3813,138
3814,138
3815,138
3816,138
3817,138
3818,138
3819,138
3820,138
3821,138
3822,138
3823,138
3824,138
3825,138
3826,138
3827,138
3828,138
3829,138
3830,138
3831,138
3832,138
3833,138
3834,138
3835,138
3836,138
3837,138
3838,138
3839,138
3840,138
3841,138
3842,138
3843,138
3844,138
3845,138
3846,138
3847,138
3848,138
3849,138
3850,138
3851,138
3852,138
3853,138
3854,138
3855,138
3856,138
3857,138
3858,138
3859,138
3860,138
3861,138
3862,138
3863,138
3864,138
3865,138
3866,138
3867,138
3868,138
3869,138
3870,138
3871,138
3872,138
3873,138
3874,138
3875,138
3876,138
3877,138
3878,138
3879,138
3880,138
3881,138
3882,138
3883,138
3884,138
3885,138
3886,138
3887,138
3888,138
3889,138
3890,138
3891,138
3892,138
3893,138
3894,138
3895,138
3896,138
3897,138
3898,138
3899,138
3900,138
3901,138
3902,138
3903,138
3904,138
3905,138
3906,138
3907,138
3908,138
3909,138
3910,138
3911,138
3912,138
3913,138
3914,138
3915,138
3916,138
3917,138
3918,138
3919,138
3920,138
3921,138
3922,138
3923,138
3924,138
3925,138
3926,138
3927,138
3928,138
3929,138
3930,138
3931,138
3932,138
3933,138
3934,138
3935,138
3936,138
3937,138
3938,138
3939,138
3940,138
3941,138
3942,138
3943,138
3944,138
3945,138
3946,138
3947,138
3948,138
3949,138
3950,138
3951,138
3952,138
3953,138
3954,138
3955,138
3956,138
3957,138
3958,138
3959,138
3960,138
3961,138
3962,138
3963,138
3964,138
3965,138
3966,138
3967,138
3968,138
3969,138
3970,138
3971,138
3972,138
3973,138
3974,138
3975,138
3976,138
3977,138
3978,138
3979,138
3980,138
3981,138
3982,138
3983,138
3984,138
3985,138
3986,138
3987,138
3988,138
3989,138
3990,138
3991,138
3992,138
3993,138
3994,138
3995,138
3996,138
3997,138
3998,138
3999,138
4000,138
4001,138
4002,138
4003,138
4004,138
4005,138
4006,138
4007,138
4008,138
4009,138
4010,138
4011,138
4012,138
4013,138
4014,138
4015,138
4016,138
4017,138
4018,138
4019,138
4020,138
4021,138
4022,138
4023,138
4024,138
4025,138
4026,138
4027,138
4028,138
4029,138
4030,138
4031,138
4032,138
4033,138
4034,138
4035,138
4036,138
4037,138
4038,138
4039,138
4040,138
4041,138
4042,138
4043,138
4044,138
4045,138
4046,138
4047,138
4048,138
4049,138
4050,138
4051,138
4052,138
4053,138
4054,138
4055,138
4056,138
4057,138
4058,138
4059,138
4060,138
4061,138
4062,138
4063,138
4064,138
4065,138
4066,138
4067,138
4068,138
4069,138
4070,138
4071,138
4072,138
4073,138
4074,138
4075,138
4076,138
4077,138
4078,138
4079,138
4080,138
4081,138
4082,138
4083,138
4084,138
4085,138
4086,138
4087,138
4088,138
4089,138
4090,138
4091,138
4092,138
4093,138
4094,138
4095,138
4096,138
4097,138
4098,138
4099,138
4100,138
4101,138
4102,138
4103,138
4104,138
4105,138
4106,138
4107,138
4108,138
4109,138
4110,138
4111,138
4112,138
4113,138
4114,138
4115,138
4116,138
4117,138
4118,138
4119,138
4120,138
4121,138
4122,138
4123,138
4124,138
4125,138
4126,138
4127,138
4128,138
4129,138
4130,138
4131,138
4132,138
4133,138
4134,138
4135,138
4136,138
4137,138
4138,138
4139,138
4140,138
4141,138
4142,138
4143,138
4144,138
4145,138
4146,138
4147,138
4148,138
4149,138
4150,138
4151,138
4152,138
4153,138
4154,138
4155,138
4156,138
4157,138
4158,138
4159,138
4160,138
4161,138
4162,138
4163,138
4164,138
4165,138
4166,138
4167,138
4168,138
4169,138
4170,138
4171,138
4172,138
4173,138
4174,138
4175,138
4176,138
4177,138
4178,138
4179,138
4180,138
4181,138
4182,138
4183,138
4184,138
4185,138
4186,138
4187,138
4188,138
4189,138
4190,138
4191,138
4192,138
4193,138
4194,138
4195,138
4196,138
4197,138
4198,138
4199,138
4200,138
4201,138
4202,138
4203,138
4204,138
4205,138
4206,138
4207,138
4208,138
4209,138
4210,138
4211,138
4212,138
4213,138
4214,138
4215,138
4216,138
4217,138
4218,138
4219,138
4220,138
4221,138
4222,138
4223,138
4224,138
4225,138
4226,138
4227,138
4228,138
4229,138
4230,138
4231,138
4232,138
4233,138
4234,138
4235,138
4236,138
4237,138
4238,138
4239,138
4240,138
4241,138
4242,138
4243,138
4244,138
4245,138
4246,138
4247,138
4248,138
4249,138
4250,138
4251,138
4252,138
4253,138
4254,138
4255,138
4256,138
4257,138
4258,138
4259,138
4260,138
4261,138
4262,138
4263,138
4264,138
4265,138
4266,138
4267,138
4268,138
4269,138
4270,138
4271,138
4272,138
4273,138
4274,138
4275,138
4276,138
4277,138
4278,138
4279,138
4280,138
4281,138
4282,138
4283,138
4284,138
4285,138
4286,138
4287,138
4288,138
4289,138
4290,138
4291,138
4292,138
4293,138
4294,138
4295,138
4296,138
4297,138
4298,138
4299,138
4300,138
4301,138
4302,138
4303,138
4304,138
4305,138
4306,138
4307,138
4308,138
4309,138
4310,138
4311,138
4312,138
4313,138
4314,138
4315,138
4316,138
4317,138
4318,138
4319,138
4320,138
4321,138
4322,138
4323,138
4324,138
4325,138
4326,138
4327,138
4328,138
4329,138
4330,138
4331,138
4332,138
4333,138
4334,138
4335,138
4336,138
4337,138
4338,138
4339,138
4340,138
4341,138
4342,138
4343,138
4344,138
4345,138
4346,138
4347,138
4348,138
4349,138
4350,138
4351,138
4352,138
4353,138
4354,138
4355,138
4356,138
4357,138
4358,138
4359,138
4360,138
4361,138
4362,138
4363,138
4364,138
4365,138
4366,138
4367,138
4368,138
4369,138
4370,138
4371,138
4372,138
4373,138
4374,138
4375,138
4376,138
4377,138
4378,138
4379,138
4380,138
4381,138
4382,138
4383,138
4384,138
4385,138
4386,138
4387,138
4388,138
4389,138
4390,138
4391,138
4392,138
4393,138
4394,138
4395,138
4396,138
4397,138
4398,138
4399,138
4400,138
4401,138
4402,138
4403,138
4404,138
4405,138
4406,138
4407,138
4408,138
4409,138
4410,138
4411,138
4412,138
4413,138
4414,138
4415,138
4416,138
4417,138
4418,138
4419,138
4420,138
4421,138
4422,138
4423,138
4424,138
4425,138
4426,138
4427,138
4428,138
4429,138
4430,138
4431,138
4432,138
4433,138
4434,138
4435,138
4436,138
4437,138
4438,138
4439,138
4440,138
4441,138
4442,138
4443,138
4444,138
4445,138
4446,138
4447,138
4448,138
4449,138
4450,138
4451,138
4452,138
4453,138
4454,138
4455,138
4456,138
4457,138
4458,138
4459,138
4460,138
4461,138
4462,138
4463,138
4464,138
4465,138
4466,138
4467,138
4468,138
4469,138
4470,138
4471,138
4472,138
4473,138
4474,138
4475,138
4476,138
4477,138
4478,138
4479,138
4480,138
4481,138
4482,138
4483,138
4484,138
4485,138
4486,138
4487,138
4488,138
4489,138
4490,138
4491,138
4492,138
4493,138
4494,138
4495,138
4496,138
4497,138
4498,138
4499,138
4500,138
4501,138
4502,138
4503,138
4504,138
4505,138
4506,138
4507,138
4508,138
4509,138
4510,138
4511,138
4512,138
4513,138
4514,138
4515,138
4516,138
4517,138
4518,138
4519,138
4520,138
4521,138
4522,138
4523,138
4524,138
4525,138
4526,138
4527,138
4528,138
4529,138
4530,138
4531,138
4532,138
4533,138
4534,138
4535,138
4536,138
4537,138
4538,138
4539,138
4540,138
4541,138
4542,138
4543,138
4544,138
4545,138
4546,138
4547,138
4548,138
4549,138
4550,138
4551,138
4552,138
4553,138
4554,138
4555,138
4556,138
4557,138
4558,138
4559,138
4560,138
4561,138
4562,138
4563,138
4564,138
4565,138
4566,138
4567,138
4568,138
4569,138
4570,138
4571,138
4572,138
4573,138
4574,138
4575,138
4576,138
4577,138
4578,138
4579,138
4580,138
4581,138
4582,138
4583,138
4584,138
4585,138
4586,138
4587,138
4588,138
4589,138
4590,138
4591,138
4592,138
4593,138
4594,138
4595,138
4596,138
4597,138
4598,138
4599,138
4600,138
4601,138
4602,138
4603,138
4604,138
4605,138
4606,138
4607,138
4608,138
4609,138
4610,138
4611,138
4612,138
4613,138
4614,138
4615,138
4616,138
4617,138
4618,138
4619,138
4620,138
4621,138
4622,138
4623,138
4624,138
4625,138
4626,138
4627,138
4628,138
4629,138
4630,138
4631,138
4632,138
4633,138
4634,138
4635,138
4636,138
4637,138
4638,138
4639,138
4640,138
4641,138
4642,138
4643,138
4644,138
4645,138
4646,138
4647,138
4648,138
4649,138
4650,138
4651,138
4652,138
4653,138
4654,138
4655,138
4656,138
4657,138
4658,138
4659,138
4660,138
4661,138
4662,138
4663,138
4664,138
4665,138
4666,138
4667,138
4668,138
4669,138
4670,138
4671,138
4672,138
4673,138
4674,138
4675,138
4676,138
4677,138
4678,138
4679,138
4680,138
4681,138
4682,138
4683,138
4684,138
4685,138
4686,138
4687,138
4688,138
4689,138
4690,138
4691,138
4692,138
4693,138
4694,138
4695,138
4696,138
4697,138
4698,138
4699,138
4700,138
4701,138
4702,138
4703,138
4704,138
4705,138
4706,138
4707,138
4708,138
4709,138
4710,138
4711,138
4712,138
4713,138
4714,138
4715,138
4716,138
4717,138
4718,138
4719,138
4720,138
4721,138
4722,138
4723,138
4724,138
4725,138
4726,138
4727,138
4728,138
4729,138
4730,138
4731,138
4732,138
4733,138
4734,138
4735,138
4736,138
4737,138
4738,138
4739,138
4740,138
4741,138
4742,138
4743,138
4744,139
4745,139
4746,139
4747,140
4748,140
4749,140
4750,140
4751,140
4752,140
4753,140
4754,140
4755,140
4756,140
4757,140
4758,140
4759,140
4760,140
4761,140
4762,140
4763,140
4764,140
4765,140
4766,140
4767,140
4768,140
4769,140
4770,140
4771,140
4772,140
4773,140
4774,140
4775,140
4776,140
4777,140
4778,140
4779,140
4780,140
4781,140
4782,140
4783,140
4784,140
4785,140
4786,140
4787,140
4788,140
4789,140
4790,140
4791,140
4792,140
4793,140
4794,140
4795,140
4796,140
4797,140
4798,140
4799,140
4800,140
4801,140
4802,140
4803,140
4804,140
4805,140
4806,140
4807,140
4808,140
4809,140
4810,140
4811,140
4812,140
4813,140
4814,140
4815,140
4816,140
4817,140
4818,140
4819,140
4820,140
4821,140
4822,140
4823,140
4824,140
4825,140
4826,140
4827,140
4828,140
4829,140
4830,140
4831,140
4832,140
4833,140
4834,140
4835,140
4836,140
4837,140
4838,140
4839,140
4840,140
4841,140
4842,140
4843,140
4844,140
4845,140
4846,140
4847,140
4848,140
4849,140
4850,140
4851,140
4852,140
4853,140
4854,140
4855,140
4856,140
4857,140
4858,140
4859,140
4860,140
4861,140
4862,140
4863,140
4864,140
4865,140
4866,140
4867,140
4868,140
4869,140
4870,140
4871,140
4872,140
4873,140
4874,141
4875,141
4876,142
4877,143
4878,143
4879,143
4880,143
4881,143
4882,143
4883,143
4884,143
4885,143
4886,143
4887,143
4888,143
4889,143
4890,143
4891,143
4892,143
4893,143
4894,143
4895,143
4896,143
4897,143
4898,143
4899,143
4900,143
4901,143
4902,143
4903,143
4904,143
4905,143
4906,143
4907,143
4908,143
4909,143
4910,143
4911,143
4912,143
4913,143
4914,143
4915,143
4916,143
4917,143
4918,143
4919,143
4920,143
4921,143
4922,143
4923,143
4924,143
4925,143
4926,143
4927,143
4928,143
4929,143
4930,143
4931,143
4932,143
4933,143
4934,143
4935,143
4936,143
4937,143
4938,143
4939,143
4940,143
4941,143
4942,143
4943,143
4944,143
4945,143
4946,143
4947,143
4948,143
4949,143
4950,143
4951,143
4952,143
4953,143
4954,143
4955,143
4956,143
4957,143
4958,143
4959,143
4960,143
4961,143
4962,143
4963,143
4964,143
4965,143
4966,143
4967,143
4968,143
4969,143
4970,143
4971,143
4972,143
4973,143
4974,143
4975,143
4976,143
4977,143
4978,143
4979,143
4980,143
4981,143
4982,143
4983,143
4984,143
4985,143
4986,143
4987,143
4988,143
4989,143
4990,143
4991,143
4992,143
4993,143
4994,143
4995,143
4996,143
4997,143
4998,143
4999,143
5000,143
5001,143
5002,143
5003,143
5004,143
5005,143
5006,143
5007,143
5008,143
5009,143
5010,143
5011,143
5012,143
5013,143
5014,143
5015,143
5016,143
5017,143
5018,143
5019,143
5020,143
5021,143
5022,143
5023,143
5024,143
5025,143
5026,143
5027,143
5028,143
5029,143
5030,143
5031,143
5032,143
5033,143
5034,143
5035,143
5036,143
5037,143
5038,143
5039,143
5040,143
5041,143
5042,143
5043,143
5044,143
5045,143
5046,143
5047,143
5048,143
5049,143
5050,143
5051,143
5052,143
5053,143
5054,143
5055,143
5056,143
5057,143
5058,143
5059,143
5060,143
5061,143
5062,143
5063,143
5064,143
5065,143
5066,143
5067,143
5068,143
5069,143
5070,143
5071,143
5072,143
5073,143
5074,143
5075,143
5076,143
5077,143
5078,143
5079,143
5080,143
5081,143
5082,143
5083,143
5084,143
5085,143
5086,143
5087,143
5088,143
5089,143
5090,143
5091,143
5092,143
5093,143
5094,143
5095,143
5096,143
5097,143
5098,143
5099,143
5100,143
5101,143
5102,143
5103,143
5104,143
5105,143
5106,143
5107,143
5108,143
5109,143
5110,143
5111,143
5112,143
5113,143
5114,143
5115,143
5116,143
5117,143
5118,143
5119,143
5120,143
5121,143
5122,143
5123,143
5124,143
5125,143
5126,143
5127,143
5128,143
5129,143
5130,143
5131,143
5132,143
5133,143
5134,143
5135,143
5136,143
5137,143
5138,143
5139,143
5140,143
5141,143
5142,143
5143,143
5144,143
5145,143
5146,143
5147,143
5148,143
5149,143
5150,143
5151,143
5152,143
5153,143
5154,143
5155,143
5156,143
5157,143
5158,143
5159,143
5160,143
5161,143
5162,143
5163,143
5164,143
5165,143
5166,143
5167,143
5168,143
5169,143
5170,143
5171,143
5172,143
5173,143
5174,143
5175,143
5176,143
5177,143
5178,143
5179,143
5180,143
5181,143
5182,143
5183,143
5184,143
5185,143
5186,143
5187,143
5188,143
5189,143
5190,143
5191,143
5192,143
5193,143
5194,143
5195,143
5196,143
5197,143
5198,143
5199,143
5200,143
5201,143
5202,143
5203,143
5204,143
5205,143
5206,143
5207,143
5208,143
5209,143
5210,143
5211,143
5212,143
5213,143
5214,143
5215,143
5216,143
5217,143
5218,143
5219,143
5220,143
5221,143
5222,143
5223,143
5224,143
5225,143
5226,143
5227,143
5228,143
5229,143
5230,143
5231,143
5232,143
5233,143
5234,143
5235,143
5236,143
5237,143
5238,143
5239,143
5240,143
5241,143
5242,143
5243,143
5244,143
5245,143
5246,143
5247,143
5248,143
5249,143
5250,143
5251,143
5252,143
5253,143
5254,143
5255,143
5256,143
5257,143
5258,143
5259,143
5260,143
5261,143
5262,143
5263,143
5264,143
5265,143
5266,143
5267,143
5268,143
5269,143
5270,143
5271,143
5272,143
5273,143
5274,143
5275,143
5276,143
5277,143
5278,143
5279,143
5280,143
5281,143
5282,143
5283,143
5284,143
5285,143
5286,143
5287,143
5288,143
5289,143
5290,143
5291,143
5292,143
5293,143
5294,143
5295,143
5296,143
5297,143
5298,143
5299,143
5300,143
5301,143
5302,143
5303,143
5304,143
5305,143
5306,143
5307,143
5308,143
5309,143
5310,143
5311,143
5312,143
5313,143
5314,143
5315,143
5316,143
5317,143
5318,143
5319,143
5320,143
5321,143
5322,143
5323,143
5324,143
5325,143
5326,143
5327,143
5328,143
5329,143
5330,143
5331,143
5332,143
5333,143
5334,143
5335,143
5336,143
5337,143
5338,143
5339,143
5340,143
5341,143
5342,143
5343,143
5344,143
5345,143
5346,143
5347,143
5348,143
5349,143
5350,143
5351,143
5352,143
5353,143
5354,143
5355,143
5356,143
5357,143
5358,143
5359,143
5360,143
5361,143
5362,143
5363,143
5364,143
5365,143
5366,143
5367,143
5368,143
5369,143
5370,143
5371,143
5372,143
5373,143
5374,143
5375,143
5376,143
5377,143
5378,143
5379,143
5380,143
5381,143
5382,143
5383,143
5384,143
5385,143
5386,143
5387,143
5388,143
5389,143
5390,143
5391,143
5392,143
5393,143
5394,143
5395,143
5396,143
5397,143
5398,143
5399,143
5400,143
5401,143
5402,143
5403,143
5404,143
5405,143
5406,143
5407,143
5408,143
5409,143
5410,143
5411,143
5412,143
5413,143
5414,143
5415,143
5416,143
5417,143
5418,143
5419,143
5420,143
5421,143
5422,143
5423,143
5424,143
5425,143
5426,143
5427,143
5428,143
5429,143
5430,143
5431,143
5432,143
5433,143
5434,143
5435,143
5436,143
5437,143
5438,143
5439,143
5440,143
5441,143
5442,143
5443,143
5444,143
5445,143
5446,143
5447,143
5448,143
5449,143
5450,143
5451,143
5452,143
5453,143
5454,143
5455,143
5456,143
5457,143
5458,143
5459,143
5460,143
5461,143
5462,143
5463,143
5464,143
5465,143
5466,143
5467,143
5468,143
5469,143
5470,143
5471,143
5472,143
5473,143
5474,143
5475,143
5476,143
5477,143
5478,143
5479,143
5480,143
5481,143
5482,143
5483,143
5484,143
5485,143
5486,143
5487,143
5488,143
5489,143
5490,143
5491,143
5492,143
5493,143
5494,143
5495,143
5496,143
5497,143
5498,143
5499,143
5500,143
5501,143
5502,143
5503,143
5504,143
5505,143
5506,143
5507,143
5508,143
5509,143
5510,143
5511,143
5512,143
5513,143
5514,143
5515,143
5516,143
5517,143
5518,143
5519,143
5520,143
5521,143
5522,143
5523,143
5524,143
5525,143
5526,143
5527,143
5528,143
5529,143
5530,143
5531,143
5532,143
5533,143
5534,143
5535,143
5536,143
5537,143
5538,143
5539,143
5540,143
5541,143
5542,143
5543,143
5544,143
5545,143
5546,143
5547,143
5548,143
5549,143
5550,143
5551,143
5552,143
5553,143
5554,143
5555,143
5556,143
5557,143
5558,143
5559,143
5560,143
5561,143
5562,143
5563,143
5564,143
5565,143
5566,143
5567,143
5568,143
5569,143
5570,143
5571,143
5572,143
5573,143
5574,143
5575,143
5576,143
5577,143
5578,143
5579,143
5580,143
5581,143
5582,143
5583,144
5584,144
5585,144
5586,144
5587,144
5588,144
5589,144
5590,144
5591,144
5592,144
5593,144
5594,144
5595,144
5596,144
5597,144
5598,144
5599,144
5600,144
5601,144
5602,144
5603,144
5604,144
5605,144
5606,144
5607,144
5608,144
5609,144
5610,144
5611,144
5612,144
5613,144
5614,144
5615,144
5616,144
5617,144
5618,144
5619,144
5620,144
5621,144
5622,144
5623,144
5624,144
5625,144
5626,144
5627,144
5628,144
5629,144
5630,144
5631,144
5632,144
5633,144
5634,144
5635,144
5636,144
5637,144
5638,144
5639,144
5640,144
5641,144
5642,144
5643,144
5644,144
5645,144
5646,144
5647,144
5648,144
5649,144
5650,144
5651,144
5652,144
5653,144
5654,144
5655,144
5656,144
5657,144
5658,144
5659,144
5660,144
5661,144
5662,144
5663,144
5664,144
5665,144
5666,144
5667,144
5668,144
5669,144
5670,144
5671,144
5672,144
5673,144
5674,144
5675,144
5676,144
5677,144
5678,144
5679,144
5680,144
5681,144
5682,144
5683,144
5684,144
5685,144
5686,144
5687,144
5688,144
5689,144
5690,144
5691,144
5692,144
5693,144
5694,144
5695,144
5696,144
5697,144
5698,144
5699,144
5700,144
5701,144
5702,144
5703,144
5704,144
5705,144
5706,144
5707,144
5708,144
5709,144
5710,144
5711,144
5712,144
5713,144
5714,144
5715,144
5716,144
5717,144
5718,144
5719,144
5720,144
5721,144
5722,144
5723,144
5724,144
5725,144
5726,144
5727,144
5728,144
5729,144
5730,144
5731,144
5732,144
5733,144
5734,144
5735,144
5736,144
5737,144
5738,144
5739,144
5740,144
5741,144
5742,144
5743,144
5744,144
5745,144
5746,144
5747,144
5748,144
5749,144
5750,144
5751,144
5752,144
5753,144
5754,144
5755,144
5756,144
5757,144
5758,144
5759,144
5760,144
5761,144
5762,144
5763,144
5764,144
5765,144
5766,144
5767,144
5768,144
5769,144
5770,144
5771,144
5772,144
5773,144
5774,144
5775,144
5776,144
5777,144
5778,144
5779,144
5780,144
5781,144
5782,144
5783,144
5784,144
5785,144
5786,144
5787,144
5788,144
5789,144
5790,144
5791,144
5792,144
5793,144
5794,144
5795,144
5796,144
5797,144
5798,144
5799,144
5800,144
5801,144
5802,144
5803,144
5804,144
5805,144
5806,144
5807,144
5808,144
5809,144
5810,144
5811,144
5812,144
5813,144
5814,144
5815,144
5816,144
5817,144
5818,144
5819,144
5820,144
5821,144
5822,144
5823,144
5824,144
5825,144
5826,144
5827,144
5828,144
5829,144
5830,144
5831,144
5832,144
5833,144
5834,144
5835,144
5836,144
5837,144
5838,144
5839,144
5840,144
5841,144
5842,144
5843,144
5844,144
5845,144
5846,144
5847,144
5848,144
5849,144
5850,144
5851,144
5852,144
5853,144
5854,144
5855,144
5856,144
5857,144
5858,144
5859,144
5860,144
5861,144
5862,144
5863,144
5864,144
5865,144
5866,144
5867,144
5868,144
5869,144
5870,144
5871,144
5872,144
5873,144
5874,144
5875,144
5876,144
5877,144
5878,144
5879,144
5880,144
5881,144
5882,144
5883,144
5884,144
5885,144
5886,144
5887,144
5888,144
5889,144
5890,144
5891,144
5892,144
5893,144
5894,144
5895,144
5896,144
5897,144
5898,144
5899,144
5900,144
5901,144
5902,144
5903,144
5904,144
5905,144
5906,144
5907,144
5908,144
5909,144
5910,144
5911,144
5912,144
5913,144
5914,144
5915,144
5916,144
5917,144
5918,144
5919,144
5920,144
5921,144
5922,144
5923,144
5924,144
5925,144
5926,144
5927,144
5928,144
5929,144
5930,144
5931,144
5932,144
5933,144
5934,144
5935,144
5936,144
5937,144
5938,144
5939,144
5940,144
5941,144
5942,144
5943,144
5944,144
5945,144
5946,144
5947,144
5948,144
5949,144
5950,144
5951,144
5952,144
5953,144
5954,144
5955,144
5956,144
5957,144
5958,144
5959,144
5960,144
5961,144
5962,144
5963,144
5964,144
5965,144
5966,144
5967,144
5968,144
5969,144
5970,144
5971,144
5972,144
5973,144
5974,144
5975,144
5976,144
5977,144
5978,144
5979,144
5980,144
5981,144
5982,144
5983,144
5984,144
5985,144
5986,144
5987,144
5988,144
5989,144
5990,144
5991,144
5992,144
5993,144
5994,144
5995,144
5996,144
5997,144
5998,144
5999,144
6000,144
6001,144
6002,144
6003,144
6004,144
6005,144
6006,144
6007,144
6008,144
6009,144
6010,144
6011,144
6012,144
6013,144
6014,144
6015,144
6016,144
6017,144
6018,144
6019,144
6020,144
6021,144
6022,144
6023,144
6024,144
6025,144
6026,144
6027,144
6028,144
6029,144
6030,144
6031,144
6032,144
6033,144
6034,144
6035,144
6036,144
6037,144
6038,144
6039,144
6040,144
6041,144
6042,144
6043,144
6044,144
6045,144
6046,144
6047,144
6048,144
6049,144
6050,144
6051,144
6052,144
6053,144
6054,144
6055,144
6056,144
6057,144
6058,144
6059,144
6060,144
6061,144
6062,144
6063,144
6064,144
6065,144
6066,144
6067,144
6068,144
6069,144
6070,144
6071,144
6072,144
6073,144
6074,144
6075,144
6076,144
6077,144
6078,144
6079,144
6080,144
6081,144
6082,144
6083,144
6084,144
6085,144
6086,144
6087,144
6088,144
6089,144
6090,144
6091,144
6092,144
6093,144
6094,144
6095,144
6096,144
6097,144
6098,144
6099,144
6100,144
6101,144
6102,144
6103,144
6104,144
6105,144
6106,144
6107,144
6108,144
6109,144
6110,144
6111,144
6112,144
6113,144
6114,144
6115,144
6116,144
6117,144
6118,144
6119,144
6120,144
6121,144
6122,144
6123,144
6124,144
6125,144
6126,144
6127,144
6128,144
6129,144
6130,144
6131,144
6132,144
6133,144
6134,144
6135,144
6136,144
6137,144
6138,144
6139,144
6140,144
6141,144
6142,144
6143,144
6144,144
6145,144
6146,144
6147,144
6148,144
6149,144
6150,144
6151,144
6152,144
6153,144
6154,144
6155,144
6156,144
6157,144
6158,144
6159,144
6160,144
6161,144
6162,144
6163,144
6164,144
6165,144
6166,144
6167,144
6168,144
6169,144
6170,144
6171,144
6172,144
6173,144
6174,144
6175,144
6176,144
6177,144
6178,144
6179,144
6180,144
6181,144
6182,144
6183,144
6184,144
6185,144
6186,144
6187,144
6188,144
6189,144
6190,144
6191,144
6192,144
6193,144
6194,144
6195,144
6196,144
6197,144
6198,144
6199,144
6200,144
6201,144
6202,144
6203,144
6204,144
6205,144
6206,144
6207,144
6208,144
6209,144
6210,144
6211,144
6212,144
6213,144
6214,144
6215,144
6216,144
6217,144
6218,144
6219,144
6220,144
6221,144
6222,144
6223,144
6224,144
6225,144
6226,144
6227,144
6228,144
6229,144
6230,144
6231,144
6232,144
6233,144
6234,144
6235,144
6236,144
6237,144
6238,144
6239,144
6240,144
6241,144
6242,144
6243,144
6244,144
6245,144
6246,144
6247,144
6248,144
6249,144
6250,144
6251,144
6252,144
6253,144
6254,144
6255,144
6256,144
6257,144
6258,144
6259,144
6260,144
6261,144
6262,144
6263,144
6264,144
6265,144
6266,144
6267,144
6268,144
6269,144
6270,144
6271,144
6272,144
6273,144
6274,144
6275,144
6276,144
6277,144
6278,144
6279,144
6280,144
6281,144
6282,144
6283,144
6284,144
6285,144
6286,144
6287,144
6288,144
6289,144
6290,144
6291,144
6292,144
6293,144
6294,144
6295,144
6296,144
6297,144
6298,144
6299,144
6300,144
6301,144
6302,144
6303,144
6304,144
6305,144
6306,144
6307,144
6308,144
6309,144
6310,144
6311,144
6312,144
6313,144
6314,144
6315,144
6316,144
6317,144
6318,144
6319,144
6320,144
6321,144
6322,144
6323,144
6324,144
6325,144
6326,144
6327,144
6328,144
6329,144
6330,144
6331,144
6332,144
6333,144
6334,144
6335,144
6336,144
6337,144
6338,144
6339,144
6340,144
6341,144
6342,144
6343,144
6344,144
6345,144
6346,144
6347,144
6348,144
6349,144
6350,144
6351,144
6352,144
6353,144
6354,144
6355,144
6356,144
6357,144
6358,144
6359,144
6360,144
6361,144
6362,144
6363,144
6364,144
6365,144
6366,144
6367,144
6368,144
6369,144
6370,144
6371,144
6372,144
6373,144
6374,144
6375,144
6376,144
6377,144
6378,144
6379,144
6380,144
6381,144
6382,144
6383,144
6384,144
6385,144
6386,144
6387,144
6388,144
6389,144
6390,144
6391,144
6392,144
6393,144
6394,144
6395,144
6396,144
6397,144
6398,144
6399,144
6400,144
6401,144
6402,144
6403,144
6404,144
6405,144
6406,144
6407,144
6408,144
6409,144
6410,144
6411,144
6412,144
6413,144
6414,144
6415,144
6416,144
6417,144
6418,144
6419,144
6420,144
6421,144
6422,144
6423,144
6424,144
6425,144
6426,144
6427,144
6428,144
6429,144
6430,144
6431,144
6432,144
6433,144
6434,144
6435,144
6436,144
6437,144
6438,144
6439,144
6440,144
6441,144
6442,144
6443,144
6444,144
6445,144
6446,144
6447,144
6448,144
6449,144
6450,144
6451,144
6452,144
6453,144
6454,144
6455,144
6456,144
6457,144
6458,144
6459,144
6460,144
6461,144
6462,144
6463,144
6464,144
6465,144
6466,144
6467,144
6468,144
6469,144
6470,144
6471,144
6472,144
6473,144
6474,144
6475,144
6476,144
6477,144
6478,144
6479,144
6480,144
6481,144
6482,144
6483,144
6484,144
6485,144
6486,144
6487,144
6488,144
6489,144
6490,144
6491,144
6492,144
6493,144
6494,144
6495,144
6496,144
6497,144
6498,144
6499,144
6500,144
6501,144
6502,144
6503,144
6504,144
6505,144
6506,144
6507,144
6508,144
6509,144
6510,144
6511,144
6512,144
6513,144
6514,144
6515,144
6516,144
6517,144
6518,144
6519,144
6520,144
6521,144
6522,144
6523,144
6524,144
6525,144
6526,144
6527,144
6528,144
6529,144
6530,144
6531,144
6532,144
6533,144
6534,144
6535,144
6536,144
6537,144
6538,144
6539,144
6540,144
6541,144
6542,144
6543,144
6544,144
6545,144
6546,144
6547,144
6548,144
6549,144
6550,144
6551,144
6552,144
6553,144
6554,144
6555,144
6556,144
6557,144
6558,144
6559,144
6560,144
6561,144
6562,144
6563,144
6564,144
6565,144
6566,144
6567,144
6568,144
6569,144
6570,144
6571,144
6572,144
6573,144
6574,144
6575,144
6576,144
6577,144
6578,144
6579,144
6580,144
6581,144
6582,144
6583,144
6584,144
6585,144
6586,144
6587,144
6588,144
6589,144
6590,144
6591,144
6592,144
6593,144
6594,144
6595,144
6596,144
6597,144
6598,144
6599,144
6600,144
6601,144
6602,144
6603,144
6604,144
6605,144
6606,144
6607,144
6608,144
6609,144
6610,144
6611,144
6612,144
6613,144
6614,144
6615,144
6616,144
6617,144
6618,144
6619,144
6620,144
6621,144
6622,144
6623,144
6624,144
6625,144
6626,144
6627,144
6628,144
6629,144
6630,144
6631,144
6632,144
6633,144
6634,144
6635,144
6636,144
6637,144
6638,144
6639,144
6640,144
6641,144
6642,144
6643,144
6644,144
6645,144
6646,144
6647,144
6648,144
6649,144
6650,144
6651,144
6652,144
6653,144
6654,144
6655,144
6656,144
6657,144
6658,144
6659,144
6660,144
6661,144
6662,144
6663,144
6664,144
6665,144
6666,144
6667,144
6668,144
6669,144
6670,144
6671,144
6672,144
6673,144
6674,144
6675,144
6676,144
6677,144
6678,144
6679,144
6680,144
6681,144
6682,144
6683,144
6684,144
6685,144
6686,144
6687,144
6688,144
6689,144
6690,144
6691,144
6692,144
6693,144
6694,144
6695,144
6696,144
6697,144
6698,144
6699,144
6700,144
6701,144
6702,144
6703,144
6704,144
6705,144
6706,144
6707,144
6708,144
6709,144
6710,144
6711,144
6712,144
6713,144
6714,144
6715,144
6716,144
6717,144
6718,144
6719,144
6720,144
6721,144
6722,144
6723,144
6724,144
6725,144
6726,144
6727,144
6728,144
6729,144
6730,144
6731,144
6732,144
6733,144
6734,144
6735,144
6736,144
6737,144
6738,144
6739,144
6740,144
6741,144
6742,144
6743,144
6744,144
6745,144
6746,144
6747,144
6748,144
6749,144
6750,144
6751,144
6752,144
6753,144
6754,144
6755,144
6756,144
6757,144
6758,144
6759,144
6760,144
6761,144
6762,144
6763,144
6764,144
6765,144
6766,144
6767,144
6768,144
6769,144
6770,144
6771,144
6772,144
6773,144
6774,144
6775,144
6776,144
6777,144
6778,144
6779,144
6780,144
6781,144
6782,144
6783,144
6784,144
6785,144
6786,144
6787,144
6788,144
6789,144
6790,144
6791,144
6792,144
6793,144
6794,144
6795,144
6796,144
6797,144
6798,144
6799,144
6800,144
6801,144
6802,144
6803,144
6804,144
6805,144
6806,144
6807,144
6808,144
6809,144
6810,144
6811,144
6812,144
6813,144
6814,144
6815,144
6816,144
6817,144
6818,144
6819,144
6820,144
6821,144
6822,144
6823,144
6824,144
6825,144
6826,144
6827,144
6828,144
6829,144
6830,144
6831,144
6832,144
6833,144
6834,144
6835,144
6836,144
6837,144
6838,144
6839,144
6840,144
6841,144
6842,144
6843,144
6844,144
6845,144
6846,144
6847,144
6848,144
6849,144
6850,144
6851,144
6852,144
6853,144
6854,144
6855,144
6856,144
6857,144
6858,144
6859,144
6860,144
6861,144
6862,144
6863,144
6864,144
6865,144
6866,144
6867,144
6868,144
6869,144
6870,144
6871,144
6872,144
6873,144
6874,144
6875,144
6876,144
6877,144
6878,144
6879,144
6880,144
6881,144
6882,144
6883,144
6884,144
6885,144
6886,144
6887,144
6888,144
6889,144
6890,144
6891,144
6892,144
6893,144
6894,144
6895,144
6896,144
6897,144
6898,144
6899,144
6900,144
6901,144
6902,144
6903,144
6904,144
6905,144
6906,144
6907,144
6908,144
6909,144
6910,144
6911,144
6912,144
6913,144
6914,144
6915,144
6916,144
6917,144
6918,144
6919,144
6920,144
6921,144
6922,144
6923,144
6924,144
6925,144
6926,144
6927,144
6928,144
6929,144
6930,144
6931,144
6932,144
6933,144
6934,144
6935,144
6936,144
6937,144
6938,144
6939,144
6940,144
6941,144
6942,144
6943,144
6944,144
6945,144
6946,144
6947,144
6948,144
6949,144
6950,144
6951,144
6952,144
6953,144
6954,144
6955,144
6956,144
6957,144
6958,144
6959,144
6960,144
6961,144
6962,144
6963,144
6964,144
6965,144
6966,144
6967,144
6968,144
6969,144
6970,144
6971,144
6972,144
6973,144
6974,144
6975,144
6976,144
6977,144
6978,144
6979,144
6980,144
6981,144
6982,144
6983,144
6984,144
6985,144
6986,144
6987,144
6988,144
6989,144
6990,144
6991,144
6992,144
6993,144
6994,144
6995,144
6996,144
6997,144
6998,144
6999,144
7000,144
7001,144
7002,144
7003,144
7004,144
7005,144
7006,144
7007,144
7008,144
7009,144
7010,144
7011,144
7012,144
7013,144
7014,144
7015,144
7016,144
7017,144
7018,144
7019,144
7020,144
7021,144
7022,144
7023,144
7024,144
7025,144
7026,144
7027,144
7028,144
7029,144
7030,144
7031,144
7032,144
7033,144
7034,144
7035,144
7036,144
7037,144
7038,144
7039,144
7040,144
7041,144
7042,144
7043,144
7044,144
7045,144
7046,144
7047,144
7048,144
7049,144
7050,144
7051,144
7052,144
7053,144
7054,144
7055,144
7056,144
7057,144
7058,144
7059,144
7060,144
7061,144
7062,144
7063,144
7064,144
7065,144
7066,144
7067,144
7068,144
7069,144
7070,144
7071,144
7072,144
7073,144
7074,144
7075,144
7076,144
7077,144
7078,144
7079,144
7080,144
7081,144
7082,144
7083,144
7084,144
7085,144
7086,144
7087,144
7088,144
7089,144
7090,144
7091,144
7092,144
7093,144
7094,144
7095,144
7096,144
7097,144
7098,144
7099,144
7100,144
7101,144
7102,144
7103,144
7104,144
7105,144
7106,144
7107,144
7108,144
7109,144
7110,144
7111,144
7112,144
7113,144
7114,144
7115,144
7116,144
7117,144
7118,144
7119,144
7120,144
7121,144
7122,144
7123,144
7124,144
7125,144
7126,144
7127,144
7128,144
7129,144
7130,144
7131,144
7132,144
7133,144
7134,144
7135,144
7136,144
7137,144
7138,144
7139,144
7140,144
7141,144
7142,144
7143,144
7144,144
7145,144
7146,144
7147,144
7148,144
7149,144
7150,144
7151,144
7152,144
7153,144
7154,144
7155,144
7156,144
7157,144
7158,144
7159,144
7160,144
7161,144
7162,144
7163,144
7164,144
7165,144
7166,144
7167,144
7168,144
7169,144
7170,144
7171,144
7172,144
7173,144
7174,144
7175,144
7176,144
7177,144
7178,144
7179,144
7180,144
7181,144
7182,144
7183,144
7184,144
7185,144
7186,144
7187,144
7188,144
7189,144
7190,144
7191,144
7192,144
7193,144
7194,144
7195,144
7196,144
7197,144
7198,144
7199,144
7200,144
7201,144
7202,144
7203,144
7204,144
7205,144
7206,144
7207,144
7208,144
7209,144
7210,144
7211,144
7212,144
7213,144
7214,144
7215,144
7216,144
7217,144
7218,144
7219,144
7220,144
7221,144
7222,144
7223,144
7224,144
7225,144
7226,144
7227,144
7228,144
7229,144
7230,144
7231,144
7232,144
7233,144
7234,144
7235,144
7236,144
7237,144
7238,144
7239,144
7240,144
7241,144
7242,144
7243,144
7244,144
7245,144
7246,144
7247,144
7248,144
7249,144
7250,144
7251,144
7252,144
7253,144
7254,144
7255,144
7256,144
7257,144
7258,144
7259,144
7260,144
7261,144
7262,144
7263,144
7264,144
7265,144
7266,144
7267,144
7268,144
7269,144
7270,144
7271,144
7272,144
7273,144
7274,144
7275,144
7276,144
7277,144
7278,144
7279,144
7280,144
7281,144
7282,144
7283,144
7284,144
7285,144
7286,144
7287,144
7288,144
7289,144
7290,144
7291,144
7292,144
7293,144
7294,144
7295,144
7296,144
7297,144
7298,144
7299,144
7300,144
7301,144
7302,144
7303,144
7304,144
7305,144
7306,144
7307,144
7308,144
7309,144
7310,144
7311,144
7312,144
7313,144
7314,144
7315,144
7316,144
7317,144
7318,144
7319,144
7320,144
7321,144
7322,144
7323,144
7324,144
7325,144
7326,144
7327,144
7328,144
7329,144
7330,144
7331,144
7332,144
7333,144
7334,144
7335,144
7336,144
7337,144
7338,144
7339,144
7340,144
7341,144
7342,144
7343,144
7344,144
7345,144
7346,144
7347,144
7348,144
7349,144
7350,144
7351,144
7352,144
7353,144
7354,144
7355,144
7356,144
7357,144
7358,144
7359,144
7360,144
7361,144
7362,144
7363,144
7364,144
7365,144
7366,144
7367,144
7368,144
7369,144
7370,144
7371,144
7372,144
7373,144
7374,144
7375,144
7376,144
7377,144
7378,144
7379,144
7380,144
7381,144
7382,144
7383,144
7384,144
7385,144
7386,144
7387,144
7388,144
7389,144
7390,144
7391,144
7392,144
7393,144
7394,144
7395,144
7396,144
7397,144
7398,144
7399,144
7400,144
7401,144
7402,144
7403,144
7404,144
7405,144
7406,144
7407,144
7408,144
7409,144
7410,144
7411,144
7412,144
7413,144
7414,144
7415,144
7416,144
7417,144
7418,144
7419,144
7420,144
7421,144
7422,144
7423,144
7424,144
7425,144
7426,144
7427,144
7428,144
7429,144
7430,144
7431,144
7432,144
7433,144
7434,144
7435,144
7436,144
7437,144
7438,144
7439,144
7440,144
7441,144
7442,144
7443,144
7444,144
7445,144
7446,144
7447,144
7448,144
7449,144
7450,144
7451,144
7452,144
7453,144
7454,144
7455,144
7456,144
7457,144
7458,144
7459,144
7460,144
7461,144
7462,144
7463,144
7464,144
7465,144
7466,144
7467,144
7468,144
7469,144
7470,144
7471,144
7472,144
7473,144
7474,144
7475,144
7476,144
7477,144
7478,144
7479,144
7480,144
7481,144
7482,144
7483,144
7484,144
7485,144
7486,144
7487,144
7488,144
7489,144
7490,144
7491,144
7492,144
7493,144
7494,144
7495,144
7496,144
7497,144
7498,144
7499,144
7500,144
7501,144
7502,144
7503,144
7504,144
7505,144
7506,144
7507,144
7508,144
7509,144
7510,144
7511,144
7512,144
7513,144
7514,144
7515,144
7516,144
7517,144
7518,144
7519,144
7520,144
7521,144
7522,144
7523,144
7524,144
7525,144
7526,144
7527,144
7528,144
7529,144
7530,144
7531,144
7532,144
7533,144
7534,144
7535,144
7536,144
7537,144
7538,144
7539,144
7540,144
7541,144
7542,144
7543,144
7544,144
7545,144
7546,144
7547,144
7548,144
7549,144
7550,144
7551,144
7552,144
7553,144
7554,144
7555,144
7556,144
7557,144
7558,144
7559,144
7560,144
7561,144
7562,144
7563,144
7564,144
7565,144
7566,144
7567,144
7568,144
7569,144
7570,144
7571,144
7572,144
7573,144
7574,144
7575,144
7576,144
7577,144
7578,144
7579,144
7580,144
7581,144
7582,144
7583,144
7584,144
7585,144
7586,144
7587,144
7588,144
7589,144
7590,144
7591,144
7592,144
7593,144
7594,144
7595,144
7596,144
7597,144
7598,144
7599,144
7600,144
7601,144
7602,144
7603,144
7604,144
7605,144
7606,144
7607,144
7608,144
7609,144
7610,144
7611,144
7612,144
7613,144
7614,144
7615,144
7616,144
7617,144
7618,144
7619,144
7620,144
7621,144
7622,144
7623,144
7624,144
7625,144
7626,144
7627,144
7628,144
7629,144
7630,144
7631,144
7632,144
7633,144
7634,144
7635,144
7636,144
7637,144
7638,144
7639,144
7640,144
7641,144
7642,144
7643,144
7644,144
7645,144
7646,144
7647,144
7648,144
7649,144
7650,144
7651,144
7652,144
7653,144
7654,144
7655,144
7656,144
7657,144
7658,144
7659,144
7660,144
7661,144
7662,144
7663,144
7664,144
7665,144
7666,144
7667,144
7668,144
7669,144
7670,144
7671,144
7672,144
7673,144
7674,144
7675,144
7676,144
7677,144
7678,144
7679,144
7680,144
7681,144
7682,144
7683,144
7684,144
7685,144
7686,144
7687,144
7688,144
7689,144
7690,144
7691,144
7692,144
7693,144
7694,144
7695,144
7696,144
7697,144
7698,144
7699,144
7700,144
7701,144
7702,144
7703,144
7704,144
7705,144
7706,144
7707,144
7708,144
7709,144
7710,144
7711,144
7712,144
7713,144
7714,144
7715,144
7716,144
7717,144
7718,144
7719,144
7720,144
7721,144
7722,144
7723,144
7724,144
7725,144
7726,144
7727,144
7728,144
7729,144
7730,144
7731,144
7732,144
7733,144
7734,144
7735,144
7736,144
7737,144
7738,144
7739,144
7740,144
7741,144
7742,144
7743,144
7744,144
7745,144
7746,144
7747,144
7748,144
7749,144
7750,144
7751,144
7752,144
7753,144
7754,144
7755,144
7756,144
7757,144
7758,144
7759,144
7760,144
7761,144
7762,144
7763,144
7764,144
7765,144
7766,144
7767,144
7768,144
7769,144
7770,144
7771,144
7772,144
7773,144
7774,144
7775,144
7776,144
7777,144
7778,144
7779,144
7780,144
7781,144
7782,144
7783,144
7784,144
7785,144
7786,144
7787,144
7788,144
7789,144
7790,144
7791,144
7792,144
7793,144
7794,144
7795,144
7796,144
7797,144
7798,144
7799,144
7800,144
7801,144
7802,144
7803,144
7804,144
7805,144
7806,144
7807,144
7808,144
7809,144
7810,144
7811,144
7812,144
7813,144
7814,144
7815,144
7816,144
7817,144
7818,144
7819,144
7820,144
7821,144
7822,144
7823,144
7824,144
7825,144
7826,144
7827,144
7828,144
7829,144
7830,144
7831,144
7832,144
7833,144
7834,144
7835,144
7836,144
7837,144
7838,144
7839,144
7840,144
7841,144
7842,144
7843,144
7844,144
7845,144
7846,144
7847,144
7848,144
7849,144
7850,144
7851,144
7852,144
7853,144
7854,144
7855,144
7856,144
7857,144
7858,144
7859,144
7860,144
7861,144
7862,144
7863,144
7864,144
7865,144
7866,144
7867,144
7868,144
7869,144
7870,144
7871,144
7872,144
7873,144
7874,144
7875,144
7876,144
7877,144
7878,144
7879,144
7880,144
7881,144
7882,144
7883,144
7884,144
7885,144
7886,144
7887,144
7888,144
7889,144
7890,144
7891,144
7892,144
7893,144
7894,144
7895,144
7896,144
7897,144
7898,144
7899,144
7900,144
7901,144
7902,144
7903,144
7904,144
7905,144
7906,144
7907,144
7908,144
7909,144
7910,144
7911,144
7912,144
7913,144
7914,144
7915,144
7916,144
7917,144
7918,144
7919,144
7920,144
7921,144
7922,144
7923,144
7924,144
7925,144
7926,144
7927,144
7928,144
7929,144
7930,144
7931,144
7932,144
7933,144
7934,144
7935,144
7936,144
7937,144
7938,144
7939,144
7940,144
7941,144
7942,144
7943,144
7944,144
7945,144
7946,144
7947,144
7948,144
7949,144
7950,144
7951,144
7952,144
7953,144
7954,144
7955,144
7956,144
7957,144
7958,144
7959,144
7960,144
7961,144
7962,144
7963,144
7964,144
7965,144
7966,144
7967,144
7968,144
7969,144
7970,144
7971,144
7972,144
7973,144
7974,144
7975,144
7976,144
7977,144
7978,144
7979,144
7980,144
7981,144
7982,144
7983,144
7984,144
7985,144
7986,144
7987,144
7988,144
7989,144
7990,144
7991,144
7992,144
7993,144
7994,144
7995,144
7996,144
7997,144
7998,144
7999,144
8000,144
8001,144
8002,144
8003,144
8004,144
8005,144
8006,144
8007,144
8008,144
8009,144
8010,144
8011,144
8012,144
8013,144
8014,144
8015,144
8016,144
8017,144
8018,144
8019,144
8020,144
8021,144
8022,144
8023,144
8024,144
8025,144
8026,144
8027,144
8028,144
8029,144
8030,144
8031,144
8032,144
8033,144
8034,144
8035,144
8036,144
8037,144
8038,144
8039,144
8040,144
8041,144
8042,144
8043,144
8044,144
8045,144
8046,144
8047,144
8048,144
8049,144
8050,144
8051,144
8052,144
8053,144
8054,144
8055,144
8056,144
8057,144
8058,144
8059,144
8060,144
8061,144
8062,144
8063,144
8064,144
8065,144
8066,144
8067,144
8068,144
8069,144
8070,144
8071,144
8072,144
8073,144
8074,144
8075,144
8076,144
8077,144
8078,144
8079,144
8080,144
8081,144
8082,144
8083,144
8084,144
8085,144
8086,144
8087,144
8088,144
8089,144
8090,144
8091,144
8092,144
8093,144
8094,144
8095,144
8096,144
8097,144
8098,144
8099,144
8100,144
8101,144
8102,144
8103,144
8104,144
8105,144
8106,144
8107,144
8108,144
8109,144
8110,144
8111,144
8112,144
8113,144
8114,144
8115,144
8116,144
8117,144
8118,144
8119,144
8120,144
8121,144
8122,144
8123,144
8124,144
8125,144
8126,144
8127,144
8128,144
8129,144
8130,144
8131,144
8132,144
8133,144
8134,144
8135,144
8136,144
8137,144
8138,144
8139,144
8140,144
8141,144
8142,144
8143,144
8144,144
8145,144
8146,144
8147,144
8148,144
8149,144
8150,144
8151,144
8152,144
8153,144
8154,144
8155,144
8156,144
8157,144
8158,144
8159,144
8160,144
8161,144
8162,144
8163,144
8164,144
8165,144
8166,144
8167,144
8168,144
8169,144
8170,144
8171,144
8172,144
8173,144
8174,144
8175,144
8176,144
8177,144
8178,144
8179,144
8180,144
8181,144
8182,144
8183,144
8184,144
8185,144
8186,144
8187,144
8188,144
8189,144
8190,144
8191,144
8192,144
8193,144
8194,144
8195,144
8196,144
8197,144
8198,144
8199,144
8200,144
8201,144
8202,144
8203,144
8204,144
8205,144
8206,144
8207,144
8208,144
8209,144
8210,144
8211,145
