0,0
1,3
2,7
3,9
4,12
5,15
6,19
7,23
8,28
9,32
10,34
11,36
12,38
13,40
14,42
15,45
16,47
17,49
18,50
19,52
20,52
21,53
22,53
23,55
24,56
25,57
26,59
27,61
28,61
29,62
30,62
31,62
32,62
33,62
34,63
35,64
36,65
37,66
38,67
39,69
40,70
41,70
42,70
43,70
44,70
45,70
46,70
47,70
48,70
49,70
50,70
51,70
52,70
53,70
54,70
55,71
56,71
57,71
58,71
59,71
60,71
61,71
62,72
63,72
64,72
65,72
66,72
67,73
68,74
69,74
70,74
71,74
72,74
73,74
74,74
75,74
76,75
77,76
78,76
79,77
80,78
81,78
82,78
83,78
84,78
85,79
86,79
87,79
88,79
89,79
90,79
91,79
92,79
93,79
94,79
95,79
96,80
97,80
98,80
99,80
100,80
101,81
102,81
103,81
104,81
105,81
106,82
107,83
108,84
109,85
110,86
111,87
112,88
113,89
114,90
115,91
116,92
117,93
118,93
119,94
120,94
121,94
122,95
123,95
124,96
125,97
126,97
127,98
128,98
129,99
130,99
131,99
132,99
133,99
134,99
135,99
136,99
137,99
138,99
139,99
140,99
141,99
142,99
143,99
144,99
145,99
146,99
147,99
148,99
149,99
150,99
151,99
152,100
