0,0
1,4
2,8
3,10
4,15
5,20
6,24
7,26
8,27
9,28
10,31
11,31
12,32
13,32
14,32
15,34
16,35
17,36
18,38
19,39
20,40
21,40
22,41
23,42
24,42
25,42
26,42
27,42
28,42
29,42
30,42
31,44
32,44
33,44
34,44
35,44
36,44
37,44
38,44
39,44
40,45
41,45
42,45
43,45
44,45
45,45
46,45
47,45
48,45
49,45
50,45
51,45
52,45
53,45
54,46
55,47
56,48
57,48
58,48
59,48
60,48
61,48
62,48
63,48
64,48
65,48
66,48
67,48
68,48
69,48
70,48
71,48
72,48
73,48
74,48
75,48
76,48
77,48
78,48
79,48
80,48
81,48
82,48
83,48
84,48
85,48
86,48
87,48
88,48
89,48
90,49
91,49
92,49
93,49
94,49
95,49
96,49
97,49
98,49
99,49
100,49
101,49
102,49
103,49
104,49
105,49
106,49
107,49
108,49
109,49
110,49
111,49
112,49
113,49
114,49
115,49
116,49
117,49
118,49
119,49
120,49
121,49
122,49
123,49
124,49
125,49
126,49
127,49
128,49
129,49
130,49
131,49
132,49
133,49
134,49
135,49
136,49
137,49
138,49
139,49
140,49
141,49
142,49
143,49
144,49
145,50
