0,0
1,1
2,2
3,3
4,4
5,5
6,6
7,7
8,8
9,9
10,10
11,11
12,12
13,13
14,14
15,15
16,15
17,16
18,17
19,18
20,19
21,20
22,21
23,22
24,23
25,24
26,25
27,25
28,25
29,25
30,26
31,26
32,27
33,28
34,29
35,30
36,31
37,32
38,32
39,33
40,34
41,34
42,35
43,36
44,37
45,38
46,38
47,39
48,40
49,40
50,41
51,41
52,42
53,42
54,42
55,42
56,43
57,44
58,45
59,46
60,46
61,46
62,47
63,47
64,47
65,48
66,48
67,49
68,49
69,50
70,50
71,51
72,51
73,51
74,52
75,53
76,53
77,53
78,53
79,54
80,55
81,56
82,57
83,58
84,59
85,60
86,61
87,61
88,61
89,62
90,63
91,64
92,65
93,65
94,65
95,66
96,66
97,66
98,67
99,67
100,67
101,67
102,67
103,67
104,67
105,67
106,67
107,67
108,67
109,67
110,67
111,67
112,67
113,67
114,67
115,67
116,67
117,67
118,67
119,67
120,67
121,67
122,67
123,68
124,68
125,68
126,68
127,68
128,68
129,68
130,68
131,68
132,68
133,69
134,69
135,70
136,70
137,70
138,70
139,70
140,70
141,70
142,70
143,70
144,70
145,71
146,71
147,71
148,71
149,71
150,71
151,71
152,71
153,71
154,71
155,71
156,71
157,71
158,71
159,71
160,71
161,71
162,71
163,71
164,71
165,71
166,71
167,71
168,71
169,71
170,71
171,72
172,72
173,72
174,72
175,72
176,72
177,72
178,72
179,72
180,72
181,72
182,72
183,72
184,72
185,72
186,72
187,72
188,72
189,72
190,72
191,72
192,72
193,72
194,72
195,72
196,72
197,72
198,72
199,72
200,72
201,72
202,72
203,73
204,73
205,74
206,74
207,74
208,74
209,74
210,75
211,75
212,75
213,76
214,76
215,76
216,76
217,76
218,76
219,76
220,76
221,76
222,76
223,76
224,77
225,77
226,77
227,77
228,77
229,77
230,77
231,77
232,77
233,78
234,78
235,78
236,78
237,78
238,79
239,80
240,81
241,81
242,82
243,83
244,83
245,84
246,85
247,86
248,86
249,87
250,87
251,87
252,87
253,87
254,88
255,88
256,88
257,88
258,89
259,89
260,89
261,89
262,89
263,90
264,90
265,90
266,90
267,90
268,90
269,90
270,90
271,91
272,91
273,92
274,93
275,93
276,94
277,94
278,95
279,96
280,96
281,96
282,96
283,97
284,97
285,97
286,97
287,97
288,97
289,97
290,97
291,97
292,97
293,97
294,98
295,98
296,98
297,98
298,99
299,99
300,100
301,100
302,100
303,100
304,100
305,100
306,100
307,100
308,100
309,100
310,100
311,100
312,100
313,100
314,100
315,100
316,100
317,100
318,100
319,100
320,100
321,100
322,100
323,100
324,100
325,100
326,100
327,100
328,100
329,101
330,102
331,102
332,102
333,102
334,102
335,102
336,102
337,102
338,102
339,102
340,102
341,102
342,102
343,102
344,102
345,102
346,102
347,102
348,102
349,102
350,102
351,102
352,102
353,102
354,102
355,102
356,102
357,102
358,102
359,102
360,102
361,103
362,103
363,103
364,103
365,103
366,103
367,104
368,105
369,105
370,105
371,105
372,105
373,105
374,105
375,106
376,106
377,106
378,106
379,106
380,106
381,106
382,106
383,106
384,106
385,106
386,106
387,106
388,106
389,106
390,106
391,106
392,106
393,106
394,106
395,106
396,106
397,106
398,106
399,106
400,106
401,107
402,108
403,108
404,108
405,108
406,109
407,109
408,110
409,110
410,110
411,110
412,110
413,110
414,110
415,110
416,110
417,110
418,110
419,110
420,110
421,110
422,110
423,110
424,110
425,110
426,110
427,110
428,110
429,110
430,110
431,110
432,110
433,110
434,110
435,110
436,111
437,111
438,111
439,111
440,111
441,111
442,111
443,111
444,111
445,111
446,111
447,112
448,112
449,112
450,112
451,112
452,112
453,112
454,112
455,113
456,113
457,113
458,113
459,113
460,113
461,113
462,113
463,113
464,113
465,114
466,114
467,114
468,114
469,114
470,114
471,114
472,114
473,114
474,114
475,114
476,114
477,114
478,114
479,114
480,114
481,114
482,114
483,114
484,114
485,114
486,114
487,114
488,114
489,114
490,114
491,114
492,114
493,114
494,114
495,114
496,114
497,114
498,114
499,114
500,114
501,114
502,114
503,114
504,114
505,114
506,115
507,115
508,115
509,115
510,115
511,115
512,115
513,115
514,115
515,115
516,116
517,116
518,116
519,116
520,116
521,116
522,116
523,116
524,116
525,116
526,116
527,116
528,116
529,116
530,116
531,116
532,116
533,116
534,116
535,116
536,116
537,116
538,116
539,116
540,116
541,116
542,116
543,116
544,116
545,116
546,116
547,116
548,116
549,116
550,116
551,116
552,116
553,116
554,116
555,116
556,116
557,116
558,116
559,116
560,116
561,116
562,116
563,116
564,116
565,116
566,116
567,116
568,116
569,116
570,116
571,116
572,116
573,116
574,116
575,116
576,116
577,116
578,116
579,116
580,116
581,116
582,116
583,116
584,116
585,116
586,116
587,116
588,116
589,116
590,116
591,116
592,116
593,116
594,116
595,116
596,116
597,116
598,116
599,116
600,116
601,116
602,116
603,116
604,116
605,116
606,116
607,116
608,116
609,116
610,116
611,116
612,116
613,116
614,116
615,116
616,116
617,116
618,116
619,116
620,116
621,116
622,116
623,116
624,116
625,116
626,116
627,116
628,116
629,116
630,116
631,116
632,117
633,118
634,118
635,119
636,120
637,121
638,121
639,121
640,121
641,121
642,121
643,121
644,121
645,121
646,121
647,121
648,121
649,121
650,121
651,121
652,121
653,121
654,121
655,121
656,121
657,121
658,121
659,121
660,121
661,121
662,121
663,121
664,121
665,121
666,121
667,121
668,121
669,121
670,121
671,121
672,121
673,121
674,121
675,121
676,121
677,121
678,121
679,121
680,121
681,121
682,121
683,121
684,121
685,121
686,121
687,121
688,121
689,121
690,121
691,121
692,121
693,121
694,121
695,121
696,121
697,121
698,121
699,121
700,121
701,121
702,121
703,121
704,121
705,121
706,121
707,121
708,121
709,121
710,121
711,121
712,121
713,121
714,121
715,121
716,121
717,121
718,121
719,121
720,121
721,121
722,121
723,121
724,121
725,121
726,121
727,121
728,121
729,121
730,121
731,121
732,121
733,121
734,121
735,121
736,121
737,121
738,121
739,121
740,121
741,121
742,121
743,121
744,121
745,121
746,121
747,121
748,121
749,121
750,122
751,122
752,122
753,122
754,122
755,122
756,122
757,122
758,122
759,122
760,122
761,122
762,122
763,122
764,122
765,122
766,122
767,122
768,122
769,122
770,122
771,122
772,122
773,122
774,122
775,122
776,122
777,122
778,122
779,122
780,122
781,122
782,122
783,122
784,122
785,122
786,122
787,122
788,122
789,122
790,122
791,122
792,122
793,122
794,122
795,122
796,122
797,122
798,122
799,122
800,122
801,122
802,122
803,122
804,122
805,122
806,122
807,122
808,122
809,122
810,122
811,122
812,122
813,122
814,122
815,122
816,122
817,122
818,122
819,122
820,122
821,122
822,122
823,122
824,122
825,122
826,122
827,122
828,122
829,122
830,122
831,122
832,122
833,122
834,122
835,122
836,122
837,122
838,122
839,122
840,123
841,123
842,123
843,123
844,123
845,124
846,124
847,124
848,124
849,124
850,124
851,124
852,124
853,124
854,125
855,125
856,125
857,125
858,125
859,125
860,125
861,125
862,125
863,125
864,125
865,125
866,125
867,125
868,125
869,125
870,125
871,125
872,125
873,125
874,125
875,125
876,125
877,125
878,125
879,125
880,125
881,125
882,125
883,125
884,125
885,125
886,125
887,125
888,125
889,125
890,125
891,125
892,125
893,125
894,125
895,125
896,125
897,125
898,125
899,125
900,125
901,125
902,125
903,125
904,125
905,125
906,125
907,125
908,125
909,125
910,125
911,125
912,125
913,125
914,125
915,125
916,125
917,125
918,125
919,125
920,125
921,125
922,125
923,125
924,125
925,125
926,125
927,125
928,125
929,125
930,125
931,125
932,125
933,125
934,125
935,125
936,125
937,125
938,125
939,125
940,125
941,125
942,125
943,125
944,125
945,125
946,125
947,125
948,125
949,125
950,125
951,125
952,125
953,125
954,125
955,125
956,125
957,125
958,125
959,125
960,125
961,125
962,125
963,125
964,125
965,125
966,125
967,125
968,125
969,125
970,125
971,125
972,125
973,125
974,125
975,125
976,125
977,125
978,125
979,125
980,125
981,125
982,125
983,125
984,125
985,125
986,125
987,125
988,125
989,125
990,125
991,125
992,125
993,125
994,125
995,125
996,125
997,125
998,125
999,125
1000,125
1001,125
1002,125
1003,126
1004,127
1005,128
1006,128
1007,128
1008,128
1009,128
1010,128
1011,128
1012,128
1013,128
1014,128
1015,128
1016,128
1017,128
1018,128
1019,128
1020,128
1021,128
1022,128
1023,128
1024,128
1025,128
1026,128
1027,128
1028,128
1029,128
1030,128
1031,128
1032,128
1033,128
1034,128
1035,128
1036,128
1037,128
1038,128
1039,129
1040,129
1041,129
1042,129
1043,129
1044,129
1045,129
1046,129
1047,129
1048,129
1049,129
1050,129
1051,129
1052,129
1053,129
1054,129
1055,129
1056,129
1057,129
1058,129
1059,129
1060,129
1061,129
1062,129
1063,129
1064,129
1065,129
1066,129
1067,129
1068,129
1069,129
1070,129
1071,129
1072,129
1073,129
1074,129
1075,129
1076,129
1077,129
1078,129
1079,129
1080,129
1081,129
1082,129
1083,129
1084,129
1085,129
1086,129
1087,129
1088,129
1089,129
1090,129
1091,129
1092,129
1093,129
1094,129
1095,129
1096,129
1097,129
1098,129
1099,129
1100,129
1101,129
1102,129
1103,129
1104,129
1105,129
1106,129
1107,130
1108,130
1109,130
1110,130
1111,130
1112,130
1113,130
1114,130
1115,130
1116,130
1117,130
1118,130
1119,130
1120,130
1121,130
1122,130
1123,130
1124,131
1125,132
1126,133
1127,133
1128,133
1129,133
1130,133
1131,133
1132,133
1133,133
1134,133
1135,133
1136,133
1137,133
1138,133
1139,133
1140,133
1141,133
1142,133
1143,133
1144,133
1145,133
1146,133
1147,133
1148,133
1149,133
1150,133
1151,133
1152,133
1153,133
1154,133
1155,133
1156,133
1157,133
1158,133
1159,133
1160,133
1161,133
1162,133
1163,133
1164,133
1165,133
1166,133
1167,133
1168,133
1169,133
1170,133
1171,133
1172,133
1173,133
1174,133
1175,133
1176,133
1177,133
1178,133
1179,133
1180,133
1181,133
1182,133
1183,133
1184,133
1185,133
1186,133
1187,133
1188,133
1189,133
1190,133
1191,133
1192,133
1193,133
1194,133
1195,133
1196,133
1197,133
1198,133
1199,133
1200,133
1201,133
1202,133
1203,133
1204,133
1205,133
1206,133
1207,133
1208,133
1209,134
1210,134
1211,134
1212,134
1213,134
1214,134
1215,134
1216,134
1217,134
1218,134
1219,134
1220,134
1221,134
1222,134
1223,134
1224,134
1225,134
1226,134
1227,134
1228,134
1229,134
1230,134
1231,134
1232,134
1233,134
1234,134
1235,134
1236,134
1237,134
1238,134
1239,134
1240,134
1241,134
1242,134
1243,134
1244,134
1245,134
1246,135
1247,135
1248,135
1249,135
1250,135
1251,135
1252,135
1253,135
1254,135
1255,135
1256,135
1257,135
1258,135
1259,135
1260,135
1261,135
1262,135
1263,135
1264,135
1265,135
1266,135
1267,135
1268,135
1269,135
1270,135
1271,135
1272,135
1273,135
1274,135
1275,135
1276,135
1277,135
1278,135
1279,135
1280,135
1281,135
1282,135
1283,135
1284,135
1285,135
1286,135
1287,135
1288,135
1289,135
1290,135
1291,135
1292,135
1293,135
1294,135
1295,135
1296,135
1297,135
1298,135
1299,136
1300,136
1301,136
1302,137
1303,137
1304,138
1305,139
1306,139
1307,139
1308,139
1309,139
1310,139
1311,140
1312,140
1313,140
1314,140
1315,140
1316,140
1317,140
1318,140
1319,140
1320,140
1321,140
1322,140
1323,140
1324,140
1325,140
1326,140
1327,140
1328,140
1329,140
1330,140
1331,140
1332,140
1333,140
1334,140
1335,140
1336,140
1337,140
1338,140
1339,140
1340,140
1341,140
1342,140
1343,140
1344,140
1345,140
1346,140
1347,140
1348,140
1349,140
1350,140
1351,140
1352,140
1353,140
1354,140
1355,140
1356,140
1357,140
1358,140
1359,140
1360,140
1361,140
1362,140
1363,140
1364,140
1365,140
1366,140
1367,140
1368,140
1369,140
1370,140
1371,140
1372,140
1373,140
1374,140
1375,140
1376,140
1377,140
1378,140
1379,140
1380,140
1381,140
1382,140
1383,140
1384,140
1385,140
1386,140
1387,140
1388,140
1389,140
1390,140
1391,140
1392,140
1393,140
1394,140
1395,140
1396,140
1397,140
1398,140
1399,140
1400,140
1401,140
1402,140
1403,140
1404,140
1405,140
1406,140
1407,140
1408,140
1409,140
1410,140
1411,140
1412,140
1413,140
1414,140
1415,140
1416,140
1417,140
1418,140
1419,140
1420,140
1421,140
1422,140
1423,140
1424,140
1425,140
1426,140
1427,140
1428,140
1429,140
1430,140
1431,140
1432,140
1433,140
1434,140
1435,140
1436,140
1437,140
1438,140
1439,140
1440,140
1441,140
1442,140
1443,140
1444,140
1445,140
1446,140
1447,140
1448,140
1449,140
1450,140
1451,140
1452,140
1453,140
1454,140
1455,140
1456,140
1457,140
1458,140
1459,140
1460,140
1461,140
1462,140
1463,140
1464,140
1465,140
1466,140
1467,140
1468,140
1469,140
1470,140
1471,140
1472,140
1473,140
1474,140
1475,140
1476,140
1477,140
1478,140
1479,140
1480,140
1481,140
1482,140
1483,140
1484,140
1485,140
1486,140
1487,140
1488,140
1489,140
1490,140
1491,140
1492,140
1493,140
1494,140
1495,140
1496,140
1497,140
1498,140
1499,140
1500,140
1501,140
1502,140
1503,140
1504,140
1505,140
1506,140
1507,140
1508,140
1509,140
1510,140
1511,140
1512,140
1513,140
1514,140
1515,140
1516,140
1517,140
1518,140
1519,140
1520,140
1521,140
1522,140
1523,140
1524,140
1525,140
1526,140
1527,140
1528,140
1529,140
1530,140
1531,140
1532,140
1533,140
1534,140
1535,140
1536,140
1537,140
1538,140
1539,140
1540,140
1541,140
1542,140
1543,140
1544,140
1545,140
1546,140
1547,140
1548,140
1549,140
1550,140
1551,140
1552,140
1553,140
1554,140
1555,140
1556,140
1557,140
1558,140
1559,140
1560,140
1561,140
1562,140
1563,140
1564,140
1565,140
1566,140
1567,140
1568,140
1569,140
1570,140
1571,140
1572,140
1573,140
1574,140
1575,140
1576,140
1577,140
1578,140
1579,140
1580,140
1581,140
1582,140
1583,140
1584,140
1585,140
1586,140
1587,140
1588,140
1589,140
1590,140
1591,140
1592,140
1593,140
1594,140
1595,140
1596,140
1597,140
1598,140
1599,140
1600,140
1601,140
1602,140
1603,140
1604,140
1605,140
1606,140
1607,140
1608,140
1609,140
1610,140
1611,140
1612,140
1613,140
1614,140
1615,140
1616,140
1617,140
1618,140
1619,140
1620,140
1621,140
1622,140
1623,140
1624,140
1625,140
1626,140
1627,140
1628,140
1629,140
1630,140
1631,140
1632,140
1633,140
1634,140
1635,140
1636,140
1637,140
1638,140
1639,140
1640,140
1641,140
1642,140
1643,140
1644,140
1645,140
1646,140
1647,140
1648,140
1649,140
1650,140
1651,140
1652,140
1653,140
1654,140
1655,140
1656,140
1657,140
1658,140
1659,140
1660,140
1661,140
1662,140
1663,140
1664,140
1665,140
1666,140
1667,140
1668,140
1669,140
1670,140
1671,140
1672,140
1673,140
1674,140
1675,140
1676,140
1677,140
1678,140
1679,140
1680,140
1681,140
1682,140
1683,140
1684,140
1685,140
1686,140
1687,140
1688,140
1689,140
1690,140
1691,140
1692,140
1693,140
1694,140
1695,140
1696,140
1697,140
1698,140
1699,140
1700,140
1701,140
1702,140
1703,140
1704,140
1705,140
1706,140
1707,140
1708,140
1709,140
1710,140
1711,140
1712,140
1713,140
1714,140
1715,140
1716,140
1717,140
1718,140
1719,140
1720,140
1721,140
1722,140
1723,140
1724,140
1725,140
1726,140
1727,140
1728,140
1729,140
1730,140
1731,140
1732,140
1733,140
1734,140
1735,140
1736,140
1737,140
1738,140
1739,140
1740,140
1741,140
1742,140
1743,140
1744,140
1745,140
1746,140
1747,140
1748,140
1749,140
1750,140
1751,140
1752,140
1753,140
1754,140
1755,140
1756,140
1757,140
1758,140
1759,140
1760,140
1761,140
1762,140
1763,140
1764,140
1765,140
1766,140
1767,140
1768,140
1769,140
1770,140
1771,140
1772,140
1773,140
1774,140
1775,140
1776,140
1777,140
1778,140
1779,140
1780,140
1781,140
1782,140
1783,140
1784,140
1785,140
1786,140
1787,140
1788,140
1789,140
1790,140
1791,140
1792,140
1793,140
1794,140
1795,140
1796,140
1797,140
1798,140
1799,140
1800,140
1801,140
1802,140
1803,140
1804,140
1805,140
1806,140
1807,140
1808,140
1809,140
1810,140
1811,140
1812,140
1813,140
1814,140
1815,140
1816,140
1817,140
1818,140
1819,140
1820,140
1821,140
1822,140
1823,140
1824,140
1825,140
1826,140
1827,140
1828,140
1829,140
1830,140
1831,140
1832,140
1833,140
1834,140
1835,140
1836,140
1837,140
1838,140
1839,140
1840,140
1841,140
1842,140
1843,140
1844,140
1845,140
1846,140
1847,140
1848,140
1849,140
1850,140
1851,140
1852,140
1853,140
1854,140
1855,140
1856,140
1857,140
1858,140
1859,140
1860,140
1861,140
1862,140
1863,140
1864,140
1865,140
1866,140
1867,140
1868,140
1869,140
1870,140
1871,140
1872,140
1873,140
1874,140
1875,140
1876,140
1877,140
1878,140
1879,140
1880,140
1881,140
1882,140
1883,140
1884,140
1885,140
1886,140
1887,140
1888,140
1889,140
1890,140
1891,140
1892,140
1893,140
1894,140
1895,140
1896,140
1897,140
1898,140
1899,140
1900,140
1901,140
1902,140
1903,140
1904,140
1905,140
1906,140
1907,140
1908,140
1909,140
1910,140
1911,140
1912,140
1913,140
1914,140
1915,140
1916,140
1917,140
1918,140
1919,140
1920,140
1921,140
1922,140
1923,140
1924,140
1925,140
1926,140
1927,140
1928,140
1929,140
1930,140
1931,140
1932,140
1933,140
1934,140
1935,140
1936,140
1937,140
1938,140
1939,140
1940,140
1941,140
1942,140
1943,140
1944,140
1945,140
1946,140
1947,140
1948,140
1949,140
1950,140
1951,140
1952,140
1953,140
1954,140
1955,140
1956,140
1957,140
1958,140
1959,140
1960,140
1961,140
1962,140
1963,140
1964,140
1965,140
1966,140
1967,140
1968,140
1969,140
1970,140
1971,140
1972,140
1973,140
1974,140
1975,140
1976,140
1977,140
1978,140
1979,140
1980,140
1981,140
1982,140
1983,140
1984,140
1985,140
1986,140
1987,140
1988,140
1989,140
1990,140
1991,140
1992,140
1993,140
1994,140
1995,140
1996,140
1997,140
1998,140
1999,140
2000,140
2001,140
2002,140
2003,140
2004,140
2005,140
2006,140
2007,140
2008,140
2009,140
2010,140
2011,140
2012,140
2013,140
2014,140
2015,140
2016,140
2017,140
2018,140
2019,140
2020,140
2021,140
2022,140
2023,140
2024,140
2025,140
2026,140
2027,140
2028,140
2029,140
2030,140
2031,140
2032,140
2033,140
2034,140
2035,140
2036,140
2037,140
2038,140
2039,140
2040,140
2041,140
2042,140
2043,140
2044,140
2045,140
2046,140
2047,140
2048,140
2049,140
2050,140
2051,140
2052,140
2053,140
2054,140
2055,140
2056,140
2057,140
2058,140
2059,140
2060,140
2061,140
2062,140
2063,140
2064,140
2065,140
2066,140
2067,140
2068,140
2069,140
2070,140
2071,140
2072,140
2073,140
2074,140
2075,140
2076,140
2077,140
2078,140
2079,140
2080,140
2081,140
2082,140
2083,140
2084,140
2085,140
2086,140
2087,140
2088,140
2089,140
2090,140
2091,140
2092,140
2093,140
2094,140
2095,140
2096,140
2097,140
2098,140
2099,140
2100,140
2101,140
2102,140
2103,140
2104,140
2105,140
2106,140
2107,140
2108,140
2109,140
2110,140
2111,140
2112,140
2113,140
2114,140
2115,140
2116,140
2117,140
2118,140
2119,140
2120,140
2121,140
2122,140
2123,140
2124,140
2125,140
2126,140
2127,140
2128,140
2129,140
2130,140
2131,140
2132,140
2133,140
2134,140
2135,140
2136,140
2137,140
2138,140
2139,140
2140,140
2141,140
2142,140
2143,140
2144,140
2145,140
2146,140
2147,140
2148,140
2149,140
2150,140
2151,140
2152,140
2153,140
2154,140
2155,140
2156,140
2157,140
2158,140
2159,140
2160,140
2161,140
2162,140
2163,140
2164,140
2165,140
2166,140
2167,140
2168,140
2169,140
2170,140
2171,140
2172,140
2173,140
2174,140
2175,140
2176,140
2177,140
2178,140
2179,140
2180,140
2181,140
2182,140
2183,140
2184,140
2185,140
2186,140
2187,140
2188,140
2189,140
2190,140
2191,140
2192,140
2193,140
2194,140
2195,140
2196,140
2197,140
2198,140
2199,140
2200,140
2201,140
2202,140
2203,140
2204,140
2205,140
2206,140
2207,140
2208,140
2209,140
2210,140
2211,140
2212,140
2213,140
2214,140
2215,140
2216,140
2217,140
2218,140
2219,140
2220,140
2221,140
2222,140
2223,140
2224,140
2225,140
2226,140
2227,140
2228,140
2229,140
2230,140
2231,140
2232,140
2233,140
2234,140
2235,140
2236,140
2237,140
2238,140
2239,140
2240,140
2241,140
2242,140
2243,140
2244,140
2245,140
2246,140
2247,140
2248,140
2249,140
2250,140
2251,140
2252,140
2253,140
2254,140
2255,140
2256,140
2257,140
2258,140
2259,140
2260,140
2261,140
2262,140
2263,140
2264,140
2265,140
2266,140
2267,140
2268,140
2269,140
2270,140
2271,140
2272,140
2273,140
2274,140
2275,140
2276,140
2277,140
2278,140
2279,140
2280,140
2281,140
2282,140
2283,140
2284,140
2285,140
2286,140
2287,140
2288,140
2289,140
2290,140
2291,140
2292,140
2293,140
2294,140
2295,140
2296,140
2297,140
2298,140
2299,140
2300,140
2301,140
2302,140
2303,140
2304,140
2305,140
2306,140
2307,140
2308,140
2309,140
2310,140
2311,140
2312,140
2313,140
2314,140
2315,140
2316,140
2317,140
2318,140
2319,140
2320,140
2321,140
2322,140
2323,140
2324,140
2325,140
2326,140
2327,140
2328,140
2329,140
2330,140
2331,140
2332,140
2333,140
2334,140
2335,140
2336,140
2337,140
2338,140
2339,140
2340,140
2341,140
2342,140
2343,140
2344,140
2345,140
2346,140
2347,140
2348,140
2349,140
2350,140
2351,140
2352,140
2353,140
2354,140
2355,140
2356,140
2357,140
2358,140
2359,140
2360,140
2361,140
2362,140
2363,140
2364,140
2365,140
2366,140
2367,140
2368,140
2369,140
2370,140
2371,140
2372,140
2373,140
2374,140
2375,140
2376,140
2377,140
2378,140
2379,140
2380,140
2381,140
2382,140
2383,140
2384,140
2385,140
2386,140
2387,140
2388,140
2389,140
2390,140
2391,140
2392,140
2393,140
2394,140
2395,140
2396,140
2397,140
2398,140
2399,140
2400,140
2401,140
2402,140
2403,140
2404,140
2405,140
2406,140
2407,140
2408,140
2409,140
2410,140
2411,140
2412,140
2413,140
2414,140
2415,140
2416,140
2417,140
2418,140
2419,140
2420,140
2421,140
2422,140
2423,140
2424,140
2425,140
2426,140
2427,140
2428,140
2429,140
2430,140
2431,140
2432,140
2433,140
2434,140
2435,140
2436,140
2437,140
2438,140
2439,140
2440,140
2441,140
2442,140
2443,140
2444,140
2445,140
2446,140
2447,140
2448,140
2449,140
2450,140
2451,140
2452,140
2453,140
2454,140
2455,140
2456,140
2457,140
2458,140
2459,140
2460,140
2461,140
2462,140
2463,140
2464,140
2465,140
2466,140
2467,140
2468,140
2469,140
2470,140
2471,140
2472,140
2473,140
2474,140
2475,140
2476,140
2477,140
2478,140
2479,140
2480,140
2481,140
2482,140
2483,140
2484,140
2485,140
2486,140
2487,140
2488,140
2489,140
2490,140
2491,140
2492,140
2493,140
2494,140
2495,140
2496,140
2497,140
2498,140
2499,140
2500,140
2501,140
2502,140
2503,140
2504,140
2505,140
2506,140
2507,140
2508,140
2509,140
2510,140
2511,140
2512,140
2513,140
2514,140
2515,140
2516,140
2517,140
2518,140
2519,140
2520,140
2521,140
2522,140
2523,140
2524,140
2525,140
2526,141
2527,141
2528,141
2529,141
2530,142
2531,142
2532,143
2533,143
2534,144
2535,144
2536,144
2537,144
2538,144
2539,144
2540,144
2541,144
2542,144
2543,144
2544,144
2545,144
2546,144
2547,144
2548,144
2549,144
2550,144
2551,144
2552,144
2553,144
2554,144
2555,144
2556,144
2557,144
2558,144
2559,144
2560,144
2561,144
2562,144
2563,144
2564,144
2565,144
2566,144
2567,144
2568,144
2569,144
2570,144
2571,144
2572,144
2573,144
2574,144
2575,144
2576,144
2577,144
2578,144
2579,144
2580,144
2581,144
2582,144
2583,144
2584,144
2585,144
2586,144
2587,144
2588,144
2589,144
2590,144
2591,144
2592,144
2593,144
2594,144
2595,144
2596,144
2597,144
2598,144
2599,144
2600,144
2601,144
2602,144
2603,144
2604,144
2605,144
2606,144
2607,144
2608,144
2609,144
2610,144
2611,144
2612,144
2613,144
2614,144
2615,144
2616,144
2617,144
2618,144
2619,144
2620,144
2621,144
2622,144
2623,144
2624,144
2625,144
2626,144
2627,144
2628,144
2629,144
2630,144
2631,144
2632,144
2633,144
2634,144
2635,144
2636,144
2637,144
2638,144
2639,144
2640,144
2641,144
2642,144
2643,144
2644,144
2645,144
2646,144
2647,144
2648,144
2649,144
2650,144
2651,144
2652,144
2653,144
2654,144
2655,144
2656,144
2657,144
2658,144
2659,144
2660,144
2661,144
2662,144
2663,144
2664,144
2665,144
2666,144
2667,144
2668,144
2669,144
2670,144
2671,144
2672,144
2673,144
2674,144
2675,144
2676,144
2677,144
2678,144
2679,144
2680,144
2681,144
2682,144
2683,144
2684,144
2685,144
2686,144
2687,144
2688,144
2689,144
2690,144
2691,144
2692,144
2693,144
2694,144
2695,144
2696,144
2697,144
2698,144
2699,144
2700,144
2701,144
2702,144
2703,144
2704,144
2705,144
2706,144
2707,144
2708,144
2709,144
2710,144
2711,144
2712,144
2713,144
2714,144
2715,144
2716,144
2717,144
2718,144
2719,144
2720,144
2721,144
2722,144
2723,144
2724,144
2725,144
2726,144
2727,144
2728,144
2729,144
2730,144
2731,144
2732,144
2733,144
2734,144
2735,144
2736,144
2737,144
2738,144
2739,144
2740,144
2741,144
2742,144
2743,144
2744,144
2745,144
2746,144
2747,144
2748,144
2749,144
2750,144
2751,144
2752,144
2753,144
2754,144
2755,144
2756,144
2757,144
2758,144
2759,144
2760,144
2761,144
2762,144
2763,144
2764,144
2765,144
2766,144
2767,144
2768,144
2769,144
2770,144
2771,144
2772,144
2773,144
2774,144
2775,144
2776,144
2777,144
2778,144
2779,144
2780,144
2781,144
2782,144
2783,144
2784,144
2785,144
2786,144
2787,144
2788,144
2789,144
2790,144
2791,144
2792,144
2793,144
2794,144
2795,144
2796,144
2797,144
2798,144
2799,144
2800,144
2801,144
2802,144
2803,144
2804,144
2805,144
2806,144
2807,144
2808,144
2809,144
2810,144
2811,144
2812,144
2813,144
2814,144
2815,144
2816,144
2817,144
2818,144
2819,144
2820,144
2821,144
2822,144
2823,144
2824,144
2825,144
2826,144
2827,144
2828,144
2829,144
2830,144
2831,144
2832,144
2833,144
2834,144
2835,144
2836,144
2837,144
2838,144
2839,144
2840,144
2841,144
2842,144
2843,144
2844,144
2845,144
2846,144
2847,144
2848,144
2849,144
2850,144
2851,144
2852,144
2853,144
2854,144
2855,144
2856,144
2857,144
2858,144
2859,144
2860,144
2861,144
2862,144
2863,144
2864,144
2865,144
2866,144
2867,144
2868,144
2869,144
2870,144
2871,144
2872,144
2873,144
2874,144
2875,144
2876,144
2877,144
2878,144
2879,144
2880,144
2881,144
2882,144
2883,144
2884,144
2885,144
2886,144
2887,144
2888,144
2889,144
2890,144
2891,144
2892,144
2893,144
2894,144
2895,144
2896,144
2897,144
2898,144
2899,144
2900,144
2901,144
2902,144
2903,144
2904,144
2905,144
2906,144
2907,145
