0,0
1,1
2,2
3,3
4,4
5,5
6,6
7,7
8,8
9,8
10,9
11,10
12,11
13,12
14,13
15,14
16,15
17,16
18,17
19,18
20,19
21,20
22,20
23,21
24,22
25,22
26,22
27,23
28,23
29,23
30,23
31,23
32,24
33,24
34,24
35,24
36,24
37,24
38,24
39,24
40,25
41,26
42,27
43,27
44,28
45,29
46,30
47,31
48,31
49,32
50,33
51,34
52,35
53,36
54,37
55,38
56,38
57,39
58,40
59,41
60,42
61,42
62,43
63,44
64,44
65,45
66,46
67,47
68,47
69,48
70,48
71,48
72,49
73,49
74,49
75,50
76,50
77,50
78,51
79,52
80,53
81,53
82,53
83,54
84,54
85,55
86,55
87,55
88,56
89,56
90,57
91,58
92,59
93,60
94,61
95,62
96,63
97,63
98,63
99,64
100,64
101,64
102,64
103,65
104,65
105,66
106,66
107,66
108,66
109,66
110,66
111,66
112,66
113,66
114,66
115,67
116,67
117,68
118,68
119,68
120,68
121,69
122,69
123,69
124,69
125,70
126,70
127,70
128,71
129,71
130,71
131,71
132,71
133,71
134,71
135,71
136,71
137,71
138,71
139,72
140,72
141,73
142,73
143,73
144,74
145,74
146,74
147,74
148,74
149,74
150,74
151,74
152,75
153,75
154,75
155,76
156,77
157,78
158,78
159,79
160,79
161,79
162,80
163,80
164,80
165,80
166,80
167,81
168,81
169,82
170,83
171,83
172,83
173,83
174,83
175,83
176,83
177,83
178,83
179,83
180,83
181,83
182,83
183,83
184,84
185,84
186,85
187,86
188,86
189,86
190,86
191,86
192,86
193,86
194,86
195,86
196,87
197,88
198,88
199,88
200,88
201,88
202,89
203,89
204,89
205,90
206,90
207,90
208,90
209,91
210,92
211,92
212,92
213,92
214,93
215,93
216,93
217,93
218,93
219,93
220,93
221,94
222,94
223,94
224,94
225,94
226,95
227,96
228,96
229,97
230,97
231,97
232,97
233,97
234,97
235,97
236,98
237,98
238,98
239,98
240,98
241,98
242,98
243,98
244,98
245,98
246,98
247,98
248,99
249,99
250,99
251,99
252,99
253,99
254,99
255,99
256,99
257,99
258,99
259,99
260,99
261,99
262,99
263,99
264,99
265,99
266,100
267,100
268,100
269,100
270,100
271,100
272,100
273,100
274,100
275,100
276,100
277,100
278,100
279,100
280,100
281,100
282,100
283,101
284,102
285,103
286,104
287,105
288,105
289,105
290,105
291,106
292,106
293,106
294,106
295,106
296,106
297,106
298,106
299,106
300,106
301,106
302,106
303,106
304,106
305,106
306,107
307,108
308,109
309,110
310,111
311,112
312,113
313,114
314,114
315,114
316,114
317,114
318,115
319,116
320,117
321,117
322,118
323,118
324,118
325,118
326,118
327,118
328,118
329,118
330,118
331,118
332,118
333,118
334,118
335,118
336,118
337,118
338,118
339,118
340,118
341,118
342,118
343,118
344,118
345,118
346,118
347,118
348,118
349,118
350,118
351,118
352,118
353,118
354,118
355,118
356,118
357,118
358,118
359,118
360,118
361,118
362,119
363,119
364,119
365,119
366,119
367,119
368,120
369,121
370,122
371,122
372,122
373,122
374,122
375,122
376,122
377,122
378,122
379,123
380,123
381,123
382,123
383,123
384,123
385,123
386,123
387,123
388,123
389,123
390,123
391,123
392,123
393,123
394,123
395,123
396,123
397,123
398,123
399,123
400,123
401,123
402,123
403,123
404,123
405,123
406,123
407,123
408,123
409,123
410,123
411,123
412,123
413,123
414,124
415,124
416,124
417,124
418,124
419,124
420,124
421,124
422,124
423,124
424,124
425,124
426,125
427,126
428,126
429,126
430,127
431,127
432,127
433,127
434,127
435,127
436,127
437,127
438,127
439,127
440,128
441,128
442,128
443,128
444,128
445,128
446,128
447,128
448,128
449,128
450,128
451,128
452,128
453,128
454,129
455,129
456,130
457,130
458,130
459,130
460,130
461,130
462,130
463,130
464,130
465,130
466,130
467,130
468,130
469,130
470,130
471,130
472,130
473,130
474,130
475,130
476,130
477,130
478,130
479,130
480,130
481,130
482,130
483,130
484,130
485,130
486,130
487,130
488,130
489,130
490,130
491,130
492,130
493,130
494,130
495,131
496,131
497,131
498,131
499,131
500,131
501,131
502,131
503,131
504,131
505,131
506,131
507,131
508,131
509,131
510,131
511,131
512,131
513,131
514,131
515,131
516,131
517,131
518,131
519,131
520,131
521,131
522,131
523,131
524,131
525,131
526,131
527,131
528,131
529,131
530,131
531,131
532,131
533,131
534,131
535,131
536,131
537,131
538,131
539,131
540,131
541,131
542,131
543,131
544,131
545,131
546,131
547,131
548,131
549,131
550,131
551,131
552,131
553,131
554,131
555,131
556,131
557,131
558,131
559,131
560,131
561,131
562,131
563,131
564,131
565,132
566,132
567,132
568,132
569,132
570,132
571,132
572,132
573,132
574,132
575,132
576,132
577,132
578,132
579,132
580,132
581,132
582,132
583,132
584,132
585,132
586,132
587,132
588,132
589,132
590,132
591,132
592,132
593,132
594,132
595,132
596,132
597,132
598,132
599,132
600,132
601,132
602,132
603,132
604,132
605,132
606,132
607,132
608,132
609,132
610,132
611,132
612,132
613,132
614,132
615,132
616,132
617,132
618,132
619,132
620,132
621,132
622,132
623,132
624,132
625,132
626,132
627,132
628,132
629,132
630,132
631,132
632,132
633,132
634,132
635,132
636,132
637,132
638,132
639,132
640,132
641,132
642,132
643,132
644,132
645,132
646,132
647,132
648,132
649,132
650,132
651,132
652,132
653,132
654,132
655,132
656,132
657,132
658,132
659,132
660,132
661,132
662,132
663,132
664,132
665,132
666,132
667,132
668,132
669,132
670,132
671,132
672,132
673,132
674,132
675,132
676,132
677,132
678,132
679,132
680,132
681,132
682,132
683,132
684,132
685,132
686,132
687,132
688,132
689,132
690,132
691,132
692,132
693,132
694,132
695,132
696,132
697,132
698,132
699,132
700,132
701,132
702,132
703,132
704,132
705,132
706,132
707,132
708,132
709,132
710,132
711,132
712,132
713,132
714,132
715,132
716,132
717,132
718,132
719,132
720,133
721,133
722,133
723,133
724,133
725,133
726,133
727,133
728,133
729,133
730,133
731,133
732,133
733,133
734,133
735,133
736,133
737,133
738,133
739,133
740,133
741,133
742,133
743,133
744,133
745,133
746,133
747,133
748,133
749,133
750,133
751,133
752,133
753,133
754,133
755,133
756,133
757,133
758,133
759,133
760,133
761,133
762,133
763,133
764,133
765,133
766,133
767,133
768,133
769,133
770,133
771,133
772,133
773,133
774,133
775,133
776,133
777,133
778,133
779,133
780,133
781,133
782,133
783,133
784,133
785,133
786,133
787,133
788,133
789,133
790,133
791,133
792,133
793,133
794,133
795,134
796,134
797,134
798,134
799,134
800,134
801,134
802,134
803,134
804,134
805,134
806,134
807,134
808,134
809,134
810,134
811,134
812,134
813,134
814,134
815,134
816,135
817,135
818,135
819,135
820,135
821,135
822,135
823,135
824,135
825,135
826,135
827,135
828,135
829,135
830,135
831,135
832,135
833,135
834,135
835,135
836,135
837,135
838,135
839,135
840,135
841,135
842,135
843,135
844,135
845,135
846,135
847,135
848,135
849,135
850,135
851,135
852,135
853,135
854,135
855,135
856,135
857,135
858,135
859,135
860,135
861,135
862,135
863,135
864,135
865,135
866,135
867,135
868,135
869,135
870,135
871,135
872,135
873,135
874,135
875,135
876,135
877,135
878,135
879,135
880,135
881,135
882,135
883,135
884,135
885,135
886,135
887,135
888,135
889,135
890,135
891,135
892,135
893,135
894,135
895,135
896,135
897,135
898,135
899,135
900,135
901,135
902,135
903,135
904,135
905,135
906,135
907,135
908,135
909,135
910,135
911,135
912,135
913,135
914,135
915,135
916,135
917,135
918,135
919,135
920,135
921,135
922,135
923,135
924,135
925,135
926,135
927,135
928,135
929,135
930,135
931,135
932,135
933,136
934,136
935,136
936,136
937,136
938,136
939,136
940,136
941,136
942,136
943,136
944,136
945,136
946,136
947,136
948,136
949,136
950,136
951,136
952,136
953,136
954,136
955,136
956,136
957,136
958,136
959,136
960,136
961,136
962,136
963,136
964,136
965,136
966,137
967,137
968,137
969,137
970,137
971,137
972,137
973,137
974,137
975,137
976,137
977,137
978,137
979,137
980,137
981,137
982,137
983,137
984,137
985,137
986,137
987,137
988,137
989,137
990,137
991,137
992,137
993,137
994,137
995,137
996,137
997,137
998,137
999,137
1000,137
1001,137
1002,137
1003,137
1004,137
1005,137
1006,137
1007,137
1008,137
1009,137
1010,137
1011,137
1012,137
1013,137
1014,137
1015,137
1016,137
1017,137
1018,137
1019,137
1020,137
1021,137
1022,137
1023,137
1024,137
1025,137
1026,137
1027,137
1028,137
1029,137
1030,138
1031,138
1032,138
1033,138
1034,138
1035,138
1036,138
1037,138
1038,138
1039,138
1040,138
1041,138
1042,138
1043,138
1044,138
1045,138
1046,138
1047,138
1048,138
1049,138
1050,138
1051,138
1052,138
1053,138
1054,138
1055,138
1056,138
1057,138
1058,138
1059,138
1060,138
1061,138
1062,138
1063,138
1064,138
1065,138
1066,138
1067,138
1068,138
1069,138
1070,138
1071,138
1072,138
1073,138
1074,138
1075,138
1076,138
1077,138
1078,138
1079,138
1080,138
1081,138
1082,138
1083,138
1084,138
1085,138
1086,138
1087,138
1088,138
1089,138
1090,138
1091,138
1092,138
1093,138
1094,138
1095,138
1096,138
1097,138
1098,138
1099,138
1100,138
1101,138
1102,138
1103,138
1104,138
1105,138
1106,138
1107,138
1108,138
1109,138
1110,138
1111,138
1112,138
1113,138
1114,138
1115,138
1116,138
1117,138
1118,138
1119,138
1120,138
1121,138
1122,138
1123,138
1124,138
1125,138
1126,138
1127,138
1128,138
1129,138
1130,138
1131,138
1132,138
1133,138
1134,138
1135,138
1136,138
1137,138
1138,138
1139,138
1140,138
1141,138
1142,138
1143,138
1144,138
1145,138
1146,138
1147,138
1148,138
1149,138
1150,138
1151,138
1152,138
1153,138
1154,138
1155,138
1156,138
1157,138
1158,138
1159,138
1160,138
1161,138
1162,138
1163,138
1164,138
1165,138
1166,138
1167,138
1168,138
1169,138
1170,138
1171,138
1172,138
1173,138
1174,138
1175,138
1176,138
1177,138
1178,138
1179,138
1180,138
1181,138
1182,138
1183,138
1184,138
1185,138
1186,138
1187,138
1188,138
1189,138
1190,138
1191,138
1192,138
1193,138
1194,138
1195,138
1196,138
1197,138
1198,138
1199,138
1200,138
1201,138
1202,138
1203,138
1204,138
1205,138
1206,138
1207,138
1208,138
1209,138
1210,138
1211,138
1212,138
1213,138
1214,138
1215,138
1216,138
1217,138
1218,138
1219,138
1220,138
1221,138
1222,138
1223,138
1224,138
1225,138
1226,138
1227,138
1228,138
1229,138
1230,138
1231,138
1232,138
1233,138
1234,138
1235,138
1236,138
1237,138
1238,138
1239,138
1240,138
1241,138
1242,138
1243,138
1244,138
1245,138
1246,138
1247,138
1248,138
1249,138
1250,138
1251,138
1252,138
1253,138
1254,138
1255,138
1256,138
1257,138
1258,138
1259,138
1260,138
1261,138
1262,138
1263,138
1264,138
1265,138
1266,138
1267,138
1268,138
1269,138
1270,138
1271,138
1272,138
1273,138
1274,138
1275,138
1276,138
1277,139
1278,139
1279,139
1280,139
1281,139
1282,139
1283,139
1284,139
1285,139
1286,139
1287,139
1288,139
1289,139
1290,139
1291,139
1292,139
1293,139
1294,139
1295,139
1296,139
1297,139
1298,139
1299,139
1300,139
1301,139
1302,139
1303,139
1304,139
1305,139
1306,139
1307,139
1308,139
1309,139
1310,139
1311,139
1312,139
1313,139
1314,139
1315,139
1316,139
1317,139
1318,139
1319,139
1320,139
1321,139
1322,139
1323,139
1324,139
1325,139
1326,139
1327,139
1328,139
1329,139
1330,139
1331,139
1332,139
1333,139
1334,139
1335,139
1336,139
1337,139
1338,139
1339,139
1340,139
1341,139
1342,139
1343,139
1344,139
1345,139
1346,139
1347,139
1348,139
1349,139
1350,139
1351,139
1352,139
1353,139
1354,139
1355,139
1356,139
1357,139
1358,139
1359,139
1360,139
1361,139
1362,139
1363,139
1364,139
1365,139
1366,139
1367,139
1368,139
1369,139
1370,139
1371,139
1372,139
1373,139
1374,139
1375,139
1376,139
1377,139
1378,139
1379,139
1380,139
1381,139
1382,139
1383,139
1384,139
1385,139
1386,139
1387,139
1388,139
1389,139
1390,139
1391,139
1392,139
1393,139
1394,139
1395,139
1396,139
1397,139
1398,139
1399,139
1400,139
1401,140
1402,140
1403,140
1404,140
1405,140
1406,140
1407,140
1408,140
1409,140
1410,140
1411,140
1412,140
1413,140
1414,140
1415,140
1416,140
1417,140
1418,140
1419,140
1420,140
1421,140
1422,140
1423,140
1424,140
1425,140
1426,140
1427,140
1428,140
1429,140
1430,140
1431,140
1432,140
1433,140
1434,140
1435,140
1436,140
1437,140
1438,140
1439,140
1440,140
1441,140
1442,140
1443,140
1444,140
1445,140
1446,140
1447,140
1448,140
1449,140
1450,140
1451,140
1452,140
1453,140
1454,140
1455,140
1456,140
1457,140
1458,140
1459,140
1460,140
1461,140
1462,140
1463,140
1464,140
1465,140
1466,140
1467,140
1468,140
1469,140
1470,140
1471,140
1472,140
1473,140
1474,140
1475,140
1476,140
1477,140
1478,140
1479,140
1480,140
1481,140
1482,140
1483,140
1484,140
1485,140
1486,140
1487,140
1488,140
1489,140
1490,140
1491,140
1492,140
1493,140
1494,140
1495,140
1496,140
1497,140
1498,140
1499,140
1500,140
1501,140
1502,140
1503,140
1504,140
1505,140
1506,140
1507,140
1508,140
1509,140
1510,140
1511,140
1512,140
1513,140
1514,140
1515,140
1516,140
1517,140
1518,140
1519,140
1520,140
1521,140
1522,140
1523,140
1524,140
1525,140
1526,140
1527,140
1528,140
1529,140
1530,140
1531,140
1532,140
1533,140
1534,140
1535,140
1536,140
1537,140
1538,140
1539,140
1540,140
1541,140
1542,140
1543,140
1544,140
1545,140
1546,140
1547,140
1548,140
1549,140
1550,140
1551,140
1552,140
1553,140
1554,140
1555,140
1556,140
1557,140
1558,140
1559,140
1560,140
1561,140
1562,140
1563,140
1564,140
1565,140
1566,140
1567,140
1568,140
1569,140
1570,140
1571,140
1572,140
1573,140
1574,140
1575,140
1576,140
1577,140
1578,140
1579,140
1580,140
1581,141
1582,141
1583,141
1584,141
1585,141
1586,141
1587,141
1588,141
1589,141
1590,142
1591,143
1592,144
1593,144
1594,144
1595,144
1596,144
1597,144
1598,144
1599,144
1600,144
1601,144
1602,144
1603,144
1604,144
1605,144
1606,144
1607,144
1608,144
1609,144
1610,144
1611,144
1612,144
1613,144
1614,144
1615,144
1616,144
1617,144
1618,144
1619,144
1620,144
1621,144
1622,144
1623,144
1624,144
1625,144
1626,144
1627,144
1628,144
1629,144
1630,144
1631,144
1632,144
1633,144
1634,144
1635,144
1636,144
1637,144
1638,144
1639,144
1640,144
1641,144
1642,144
1643,144
1644,144
1645,144
1646,144
1647,144
1648,144
1649,144
1650,144
1651,144
1652,144
1653,144
1654,144
1655,144
1656,144
1657,144
1658,144
1659,144
1660,144
1661,144
1662,144
1663,144
1664,144
1665,144
1666,144
1667,144
1668,144
1669,144
1670,144
1671,144
1672,144
1673,144
1674,144
1675,144
1676,144
1677,144
1678,144
1679,144
1680,144
1681,144
1682,144
1683,144
1684,144
1685,144
1686,144
1687,144
1688,144
1689,144
1690,144
1691,144
1692,144
1693,144
1694,144
1695,144
1696,144
1697,144
1698,144
1699,144
1700,144
1701,144
1702,144
1703,144
1704,144
1705,144
1706,144
1707,144
1708,144
1709,144
1710,144
1711,144
1712,144
1713,144
1714,144
1715,144
1716,144
1717,144
1718,144
1719,144
1720,144
1721,144
1722,144
1723,144
1724,144
1725,144
1726,144
1727,144
1728,144
1729,144
1730,144
1731,144
1732,144
1733,144
1734,144
1735,144
1736,144
1737,144
1738,144
1739,144
1740,144
1741,144
1742,144
1743,144
1744,144
1745,144
1746,144
1747,144
1748,144
1749,144
1750,144
1751,144
1752,144
1753,144
1754,144
1755,144
1756,144
1757,144
1758,144
1759,144
1760,144
1761,144
1762,144
1763,144
1764,144
1765,144
1766,144
1767,144
1768,144
1769,144
1770,144
1771,144
1772,144
1773,144
1774,144
1775,144
1776,144
1777,144
1778,144
1779,144
1780,144
1781,144
1782,144
1783,144
1784,144
1785,144
1786,144
1787,144
1788,144
1789,144
1790,144
1791,144
1792,144
1793,144
1794,144
1795,144
1796,144
1797,144
1798,144
1799,144
1800,144
1801,144
1802,144
1803,144
1804,144
1805,144
1806,144
1807,144
1808,144
1809,144
1810,144
1811,144
1812,144
1813,144
1814,144
1815,144
1816,144
1817,144
1818,144
1819,144
1820,144
1821,144
1822,144
1823,144
1824,144
1825,144
1826,144
1827,144
1828,144
1829,144
1830,144
1831,144
1832,144
1833,144
1834,144
1835,144
1836,144
1837,144
1838,144
1839,144
1840,144
1841,144
1842,144
1843,144
1844,144
1845,144
1846,144
1847,144
1848,144
1849,144
1850,144
1851,144
1852,144
1853,144
1854,144
1855,144
1856,144
1857,144
1858,144
1859,144
1860,144
1861,144
1862,144
1863,144
1864,144
1865,144
1866,144
1867,144
1868,144
1869,144
1870,144
1871,144
1872,144
1873,144
1874,144
1875,144
1876,144
1877,144
1878,144
1879,144
1880,144
1881,144
1882,144
1883,144
1884,144
1885,144
1886,144
1887,144
1888,144
1889,144
1890,144
1891,144
1892,144
1893,144
1894,144
1895,144
1896,144
1897,144
1898,144
1899,144
1900,144
1901,144
1902,144
1903,144
1904,144
1905,144
1906,144
1907,144
1908,144
1909,144
1910,144
1911,144
1912,144
1913,144
1914,144
1915,144
1916,144
1917,144
1918,144
1919,144
1920,144
1921,144
1922,144
1923,144
1924,144
1925,144
1926,144
1927,144
1928,144
1929,144
1930,144
1931,144
1932,144
1933,144
1934,144
1935,144
1936,144
1937,144
1938,144
1939,144
1940,144
1941,144
1942,144
1943,144
1944,144
1945,144
1946,144
1947,144
1948,144
1949,144
1950,144
1951,144
1952,144
1953,144
1954,144
1955,144
1956,144
1957,144
1958,144
1959,144
1960,144
1961,144
1962,144
1963,144
1964,144
1965,144
1966,144
1967,144
1968,144
1969,144
1970,144
1971,144
1972,144
1973,144
1974,144
1975,144
1976,144
1977,144
1978,144
1979,144
1980,144
1981,144
1982,144
1983,144
1984,144
1985,144
1986,144
1987,144
1988,144
1989,144
1990,144
1991,144
1992,144
1993,144
1994,144
1995,144
1996,144
1997,144
1998,144
1999,144
2000,144
2001,144
2002,144
2003,144
2004,144
2005,144
2006,144
2007,144
2008,144
2009,144
2010,144
2011,144
2012,144
2013,144
2014,144
2015,144
2016,144
2017,144
2018,144
2019,144
2020,144
2021,144
2022,144
2023,144
2024,144
2025,144
2026,144
2027,144
2028,144
2029,144
2030,144
2031,144
2032,144
2033,144
2034,144
2035,144
2036,144
2037,144
2038,144
2039,144
2040,144
2041,144
2042,144
2043,144
2044,144
2045,144
2046,144
2047,144
2048,144
2049,144
2050,144
2051,144
2052,144
2053,144
2054,144
2055,144
2056,144
2057,144
2058,144
2059,144
2060,144
2061,144
2062,144
2063,144
2064,144
2065,144
2066,144
2067,144
2068,144
2069,144
2070,144
2071,144
2072,144
2073,144
2074,144
2075,144
2076,144
2077,144
2078,144
2079,144
2080,144
2081,144
2082,144
2083,144
2084,144
2085,144
2086,144
2087,144
2088,144
2089,144
2090,144
2091,144
2092,144
2093,144
2094,144
2095,144
2096,144
2097,144
2098,144
2099,144
2100,144
2101,144
2102,144
2103,144
2104,144
2105,144
2106,144
2107,144
2108,144
2109,144
2110,144
2111,144
2112,144
2113,144
2114,144
2115,144
2116,144
2117,144
2118,144
2119,144
2120,144
2121,144
2122,144
2123,144
2124,144
2125,144
2126,144
2127,144
2128,144
2129,144
2130,144
2131,144
2132,144
2133,144
2134,144
2135,144
2136,144
2137,144
2138,144
2139,144
2140,144
2141,144
2142,144
2143,144
2144,144
2145,144
2146,144
2147,144
2148,144
2149,144
2150,144
2151,144
2152,144
2153,144
2154,144
2155,144
2156,144
2157,144
2158,144
2159,144
2160,144
2161,144
2162,144
2163,144
2164,144
2165,144
2166,144
2167,144
2168,144
2169,144
2170,144
2171,144
2172,144
2173,144
2174,144
2175,144
2176,144
2177,144
2178,144
2179,144
2180,144
2181,144
2182,144
2183,144
2184,144
2185,144
2186,144
2187,144
2188,144
2189,144
2190,144
2191,144
2192,144
2193,144
2194,144
2195,144
2196,144
2197,144
2198,144
2199,144
2200,144
2201,144
2202,144
2203,144
2204,144
2205,144
2206,144
2207,144
2208,144
2209,144
2210,144
2211,144
2212,144
2213,144
2214,144
2215,144
2216,144
2217,144
2218,144
2219,144
2220,144
2221,144
2222,144
2223,144
2224,144
2225,144
2226,144
2227,144
2228,144
2229,144
2230,144
2231,144
2232,144
2233,144
2234,144
2235,144
2236,144
2237,144
2238,144
2239,144
2240,144
2241,144
2242,144
2243,144
2244,144
2245,144
2246,144
2247,144
2248,144
2249,144
2250,144
2251,144
2252,144
2253,144
2254,144
2255,144
2256,144
2257,144
2258,144
2259,144
2260,144
2261,144
2262,144
2263,144
2264,144
2265,144
2266,144
2267,144
2268,144
2269,144
2270,144
2271,144
2272,144
2273,144
2274,144
2275,144
2276,144
2277,144
2278,144
2279,144
2280,144
2281,144
2282,144
2283,144
2284,144
2285,144
2286,144
2287,144
2288,144
2289,144
2290,144
2291,144
2292,144
2293,144
2294,144
2295,144
2296,144
2297,144
2298,144
2299,144
2300,144
2301,144
2302,144
2303,144
2304,144
2305,144
2306,144
2307,144
2308,144
2309,144
2310,144
2311,144
2312,144
2313,144
2314,144
2315,144
2316,144
2317,144
2318,144
2319,144
2320,144
2321,144
2322,144
2323,144
2324,144
2325,144
2326,144
2327,144
2328,144
2329,144
2330,144
2331,144
2332,144
2333,144
2334,144
2335,144
2336,144
2337,144
2338,144
2339,144
2340,144
2341,144
2342,144
2343,144
2344,144
2345,144
2346,144
2347,144
2348,144
2349,144
2350,144
2351,144
2352,144
2353,144
2354,144
2355,144
2356,144
2357,144
2358,144
2359,144
2360,144
2361,144
2362,144
2363,144
2364,144
2365,144
2366,144
2367,144
2368,144
2369,144
2370,144
2371,144
2372,144
2373,144
2374,144
2375,144
2376,144
2377,144
2378,144
2379,144
2380,144
2381,144
2382,144
2383,144
2384,144
2385,144
2386,144
2387,144
2388,144
2389,144
2390,144
2391,144
2392,144
2393,144
2394,144
2395,144
2396,144
2397,144
2398,144
2399,144
2400,144
2401,144
2402,144
2403,144
2404,144
2405,144
2406,144
2407,144
2408,144
2409,144
2410,144
2411,144
2412,144
2413,144
2414,144
2415,144
2416,144
2417,144
2418,144
2419,144
2420,144
2421,144
2422,144
2423,144
2424,144
2425,144
2426,144
2427,144
2428,144
2429,144
2430,144
2431,144
2432,144
2433,144
2434,144
2435,144
2436,144
2437,144
2438,144
2439,144
2440,144
2441,144
2442,144
2443,144
2444,144
2445,144
2446,144
2447,144
2448,144
2449,144
2450,144
2451,144
2452,144
2453,144
2454,144
2455,144
2456,144
2457,144
2458,144
2459,144
2460,144
2461,144
2462,144
2463,144
2464,144
2465,144
2466,144
2467,144
2468,144
2469,144
2470,144
2471,144
2472,144
2473,144
2474,144
2475,144
2476,144
2477,144
2478,144
2479,144
2480,144
2481,144
2482,144
2483,144
2484,144
2485,144
2486,144
2487,144
2488,144
2489,144
2490,144
2491,144
2492,144
2493,144
2494,144
2495,144
2496,144
2497,144
2498,144
2499,144
2500,144
2501,144
2502,144
2503,144
2504,144
2505,144
2506,144
2507,144
2508,144
2509,144
2510,144
2511,144
2512,144
2513,144
2514,144
2515,144
2516,144
2517,144
2518,144
2519,144
2520,144
2521,144
2522,144
2523,144
2524,144
2525,144
2526,144
2527,144
2528,144
2529,144
2530,144
2531,144
2532,144
2533,144
2534,144
2535,144
2536,144
2537,144
2538,144
2539,144
2540,144
2541,144
2542,144
2543,144
2544,144
2545,144
2546,144
2547,144
2548,144
2549,144
2550,144
2551,144
2552,144
2553,144
2554,144
2555,144
2556,144
2557,144
2558,144
2559,144
2560,144
2561,144
2562,144
2563,144
2564,144
2565,144
2566,144
2567,144
2568,144
2569,144
2570,144
2571,144
2572,144
2573,144
2574,144
2575,144
2576,144
2577,144
2578,144
2579,144
2580,144
2581,144
2582,144
2583,144
2584,144
2585,144
2586,144
2587,144
2588,144
2589,144
2590,144
2591,144
2592,144
2593,144
2594,144
2595,144
2596,144
2597,144
2598,144
2599,144
2600,144
2601,144
2602,144
2603,144
2604,144
2605,144
2606,144
2607,144
2608,144
2609,144
2610,144
2611,144
2612,144
2613,144
2614,144
2615,144
2616,144
2617,144
2618,144
2619,144
2620,144
2621,144
2622,144
2623,144
2624,144
2625,144
2626,144
2627,144
2628,144
2629,144
2630,144
2631,144
2632,144
2633,144
2634,144
2635,144
2636,144
2637,144
2638,144
2639,144
2640,144
2641,144
2642,144
2643,144
2644,144
2645,144
2646,144
2647,144
2648,144
2649,144
2650,144
2651,144
2652,144
2653,144
2654,144
2655,144
2656,144
2657,144
2658,144
2659,144
2660,144
2661,144
2662,144
2663,144
2664,144
2665,144
2666,144
2667,144
2668,144
2669,144
2670,144
2671,144
2672,144
2673,144
2674,144
2675,144
2676,144
2677,144
2678,144
2679,144
2680,144
2681,144
2682,144
2683,144
2684,144
2685,144
2686,144
2687,144
2688,144
2689,144
2690,144
2691,144
2692,144
2693,144
2694,144
2695,144
2696,144
2697,144
2698,144
2699,144
2700,144
2701,144
2702,144
2703,144
2704,144
2705,144
2706,144
2707,144
2708,144
2709,144
2710,144
2711,144
2712,144
2713,144
2714,144
2715,144
2716,144
2717,144
2718,144
2719,144
2720,144
2721,144
2722,144
2723,144
2724,144
2725,144
2726,144
2727,144
2728,144
2729,144
2730,144
2731,144
2732,144
2733,144
2734,144
2735,144
2736,144
2737,144
2738,144
2739,144
2740,144
2741,144
2742,144
2743,144
2744,144
2745,144
2746,144
2747,144
2748,144
2749,144
2750,144
2751,144
2752,144
2753,144
2754,144
2755,144
2756,144
2757,144
2758,144
2759,144
2760,144
2761,144
2762,144
2763,144
2764,144
2765,144
2766,144
2767,144
2768,144
2769,144
2770,144
2771,144
2772,144
2773,144
2774,144
2775,144
2776,144
2777,144
2778,144
2779,144
2780,144
2781,144
2782,144
2783,144
2784,144
2785,144
2786,144
2787,144
2788,144
2789,144
2790,144
2791,144
2792,144
2793,144
2794,144
2795,144
2796,144
2797,144
2798,144
2799,144
2800,144
2801,144
2802,144
2803,144
2804,144
2805,144
2806,144
2807,144
2808,144
2809,144
2810,144
2811,144
2812,144
2813,144
2814,144
2815,144
2816,144
2817,144
2818,144
2819,144
2820,144
2821,144
2822,144
2823,144
2824,144
2825,144
2826,144
2827,144
2828,144
2829,144
2830,144
2831,144
2832,144
2833,144
2834,144
2835,144
2836,144
2837,144
2838,144
2839,144
2840,144
2841,144
2842,144
2843,144
2844,144
2845,144
2846,144
2847,144
2848,144
2849,144
2850,144
2851,144
2852,144
2853,144
2854,144
2855,144
2856,144
2857,144
2858,144
2859,144
2860,144
2861,144
2862,144
2863,144
2864,144
2865,144
2866,144
2867,144
2868,144
2869,144
2870,144
2871,144
2872,144
2873,144
2874,144
2875,144
2876,144
2877,144
2878,144
2879,144
2880,144
2881,144
2882,144
2883,144
2884,144
2885,144
2886,144
2887,144
2888,144
2889,144
2890,144
2891,144
2892,144
2893,144
2894,144
2895,144
2896,144
2897,144
2898,144
2899,144
2900,144
2901,144
2902,144
2903,144
2904,144
2905,144
2906,144
2907,144
2908,144
2909,144
2910,144
2911,144
2912,144
2913,144
2914,144
2915,144
2916,144
2917,144
2918,144
2919,144
2920,144
2921,144
2922,144
2923,144
2924,144
2925,144
2926,144
2927,144
2928,144
2929,144
2930,144
2931,144
2932,144
2933,144
2934,144
2935,144
2936,144
2937,144
2938,144
2939,144
2940,144
2941,144
2942,144
2943,144
2944,144
2945,144
2946,144
2947,144
2948,144
2949,144
2950,144
2951,144
2952,144
2953,144
2954,144
2955,144
2956,144
2957,144
2958,144
2959,144
2960,144
2961,144
2962,144
2963,144
2964,144
2965,144
2966,144
2967,144
2968,144
2969,144
2970,144
2971,144
2972,144
2973,144
2974,144
2975,144
2976,144
2977,144
2978,144
2979,144
2980,144
2981,144
2982,144
2983,144
2984,144
2985,144
2986,144
2987,144
2988,144
2989,144
2990,144
2991,144
2992,144
2993,144
2994,144
2995,144
2996,144
2997,144
2998,144
2999,144
3000,144
3001,144
3002,144
3003,144
3004,144
3005,144
3006,144
3007,144
3008,144
3009,144
3010,144
3011,144
3012,144
3013,144
3014,144
3015,144
3016,144
3017,144
3018,144
3019,144
3020,144
3021,144
3022,144
3023,144
3024,144
3025,144
3026,144
3027,144
3028,144
3029,144
3030,144
3031,144
3032,144
3033,144
3034,144
3035,144
3036,144
3037,144
3038,144
3039,144
3040,144
3041,144
3042,144
3043,144
3044,144
3045,144
3046,144
3047,144
3048,144
3049,144
3050,144
3051,144
3052,144
3053,144
3054,144
3055,144
3056,144
3057,144
3058,144
3059,144
3060,144
3061,144
3062,144
3063,144
3064,144
3065,144
3066,144
3067,144
3068,144
3069,144
3070,144
3071,144
3072,144
3073,144
3074,144
3075,144
3076,144
3077,144
3078,144
3079,144
3080,144
3081,144
3082,144
3083,144
3084,144
3085,144
3086,144
3087,144
3088,144
3089,144
3090,144
3091,144
3092,144
3093,144
3094,144
3095,145
