0,0
1,1
2,2
3,3
4,4
5,5
6,6
7,7
8,8
9,9
10,10
11,10
12,11
13,12
14,13
15,14
16,15
17,16
18,17
19,18
20,19
21,20
22,20
23,21
24,22
25,23
26,23
27,24
28,25
29,25
30,26
31,27
32,28
33,28
34,29
35,30
36,31
37,31
38,32
39,33
40,33
41,34
42,34
43,34
44,34
45,35
46,35
47,36
48,36
49,37
50,37
51,38
52,38
53,39
54,40
55,41
56,42
57,43
58,43
59,43
60,43
61,43
62,43
63,43
64,43
65,44
66,44
67,45
68,46
69,47
70,48
71,49
72,50
73,50
74,51
75,51
76,52
77,52
78,53
79,54
80,55
81,56
82,56
83,57
84,57
85,58
86,58
87,59
88,59
89,59
90,59
91,60
92,61
93,62
94,63
95,64
96,64
97,65
98,65
99,65
100,66
101,66
102,66
103,66
104,66
105,66
106,66
107,66
108,66
109,66
110,66
111,66
112,66
113,67
114,67
115,67
116,67
117,68
118,69
119,69
120,69
121,69
122,70
123,70
124,71
125,71
126,72
127,73
128,73
129,73
130,73
131,74
132,75
133,76
134,76
135,76
136,76
137,76
138,77
139,78
140,78
141,79
142,79
143,79
144,79
145,79
146,79
147,79
148,79
149,80
150,80
151,80
152,80
153,80
154,81
155,81
156,81
157,81
158,81
159,82
160,82
161,83
162,83
163,83
164,83
165,83
166,83
167,83
168,83
169,84
170,85
171,85
172,85
173,85
174,85
175,85
176,85
177,85
178,85
179,86
180,87
181,88
182,88
183,89
184,89
185,90
186,91
187,91
188,92
189,92
190,92
191,92
192,92
193,92
194,92
195,92
196,92
197,92
198,93
199,93
200,93
201,94
202,94
203,94
204,94
205,95
206,95
207,95
208,95
209,95
210,95
211,95
212,95
213,95
214,96
215,96
216,96
217,96
218,96
219,96
220,96
221,96
222,96
223,97
224,98
225,98
226,98
227,98
228,98
229,99
230,99
231,99
232,99
233,99
234,99
235,99
236,99
237,99
238,99
239,99
240,99
241,99
242,99
243,99
244,99
245,99
246,100
247,101
248,101
249,101
250,101
251,101
252,101
253,101
254,101
255,101
256,101
257,101
258,101
259,101
260,101
261,101
262,101
263,102
264,103
265,103
266,103
267,103
268,103
269,103
270,103
271,103
272,103
273,103
274,103
275,103
276,103
277,103
278,103
279,103
280,104
281,104
282,104
283,104
284,104
285,104
286,104
287,104
288,104
289,104
290,105
291,105
292,105
293,105
294,105
295,105
296,105
297,105
298,105
299,105
300,105
301,105
302,105
303,105
304,105
305,105
306,105
307,105
308,105
309,105
310,105
311,105
312,105
313,105
314,105
315,105
316,105
317,105
318,105
319,105
320,105
321,105
322,105
323,105
324,105
325,105
326,106
327,106
328,106
329,106
330,106
331,106
332,106
333,106
334,106
335,107
336,107
337,107
338,107
339,107
340,107
341,107
342,107
343,107
344,107
345,108
346,109
347,109
348,109
349,109
350,109
351,109
352,109
353,109
354,109
355,109
356,109
357,109
358,109
359,109
360,109
361,109
362,110
363,110
364,110
365,110
366,110
367,110
368,110
369,110
370,110
371,110
372,110
373,111
374,111
375,111
376,111
377,111
378,111
379,111
380,111
381,111
382,112
383,113
384,113
385,113
386,113
387,113
388,113
389,113
390,113
391,113
392,113
393,113
394,113
395,113
396,113
397,113
398,113
399,113
400,113
401,113
402,113
403,113
404,113
405,113
406,113
407,113
408,114
409,114
410,114
411,114
412,114
413,114
414,114
415,114
416,115
417,115
418,115
419,115
420,115
421,115
422,115
423,115
424,115
425,115
426,115
427,115
428,115
429,115
430,115
431,115
432,115
433,115
434,115
435,115
436,115
437,115
438,115
439,115
440,115
441,115
442,115
443,115
444,115
445,115
446,116
447,116
448,116
449,116
450,116
451,116
452,116
453,116
454,116
455,116
456,116
457,116
458,116
459,116
460,116
461,116
462,116
463,116
464,116
465,116
466,116
467,116
468,116
469,116
470,116
471,116
472,116
473,116
474,116
475,116
476,116
477,116
478,116
479,116
480,116
481,116
482,116
483,116
484,116
485,116
486,116
487,116
488,116
489,116
490,116
491,116
492,116
493,116
494,116
495,116
496,116
497,116
498,116
499,116
500,116
501,116
502,116
503,116
504,116
505,116
506,116
507,116
508,116
509,116
510,116
511,116
512,116
513,116
514,116
515,116
516,116
517,116
518,116
519,116
520,116
521,116
522,116
523,116
524,116
525,116
526,116
527,116
528,116
529,116
530,116
531,116
532,116
533,116
534,116
535,116
536,116
537,116
538,116
539,116
540,116
541,116
542,116
543,116
544,116
545,116
546,116
547,116
548,116
549,116
550,116
551,116
552,116
553,116
554,116
555,116
556,116
557,116
558,116
559,116
560,116
561,116
562,116
563,116
564,116
565,116
566,116
567,116
568,116
569,116
570,116
571,116
572,116
573,116
574,116
575,116
576,116
577,116
578,116
579,116
580,116
581,116
582,116
583,116
584,116
585,116
586,116
587,116
588,116
589,116
590,116
591,116
592,116
593,116
594,116
595,116
596,116
597,116
598,116
599,116
600,116
601,116
602,116
603,116
604,116
605,116
606,116
607,116
608,116
609,116
610,116
611,116
612,116
613,116
614,116
615,116
616,116
617,116
618,116
619,116
620,116
621,116
622,116
623,116
624,116
625,117
626,117
627,117
628,117
629,117
630,117
631,117
632,117
633,117
634,117
635,117
636,117
637,117
638,117
639,117
640,117
641,117
642,117
643,117
644,117
645,117
646,117
647,117
648,117
649,117
650,117
651,117
652,117
653,117
654,117
655,117
656,117
657,117
658,117
659,117
660,117
661,117
662,117
663,117
664,117
665,117
666,117
667,117
668,117
669,117
670,117
671,117
672,117
673,117
674,117
675,117
676,117
677,117
678,117
679,117
680,117
681,117
682,117
683,117
684,117
685,117
686,117
687,117
688,117
689,117
690,117
691,117
692,117
693,117
694,117
695,117
696,117
697,117
698,117
699,117
700,117
701,117
702,117
703,117
704,117
705,117
706,117
707,117
708,117
709,117
710,117
711,117
712,117
713,117
714,117
715,117
716,117
717,117
718,117
719,117
720,117
721,117
722,117
723,117
724,118
725,118
726,118
727,118
728,118
729,118
730,118
731,118
732,118
733,118
734,118
735,118
736,118
737,118
738,118
739,118
740,118
741,118
742,118
743,118
744,118
745,118
746,118
747,118
748,118
749,118
750,118
751,118
752,118
753,118
754,118
755,118
756,118
757,118
758,118
759,119
760,119
761,119
762,119
763,119
764,119
765,119
766,119
767,119
768,119
769,119
770,119
771,119
772,119
773,119
774,119
775,119
776,119
777,119
778,119
779,119
780,119
781,119
782,119
783,119
784,119
785,119
786,119
787,119
788,119
789,119
790,119
791,119
792,119
793,119
794,119
795,119
796,119
797,119
798,119
799,119
800,119
801,119
802,119
803,119
804,119
805,119
806,119
807,119
808,119
809,119
810,119
811,119
812,119
813,119
814,119
815,119
816,119
817,119
818,119
819,119
820,119
821,119
822,119
823,119
824,119
825,119
826,119
827,119
828,119
829,119
830,119
831,119
832,119
833,119
834,119
835,119
836,119
837,119
838,119
839,119
840,119
841,119
842,119
843,119
844,119
845,119
846,119
847,119
848,119
849,119
850,119
851,119
852,119
853,119
854,119
855,119
856,119
857,119
858,119
859,119
860,119
861,119
862,119
863,119
864,119
865,119
866,119
867,119
868,119
869,119
870,119
871,119
872,119
873,119
874,119
875,119
876,119
877,119
878,119
879,119
880,119
881,119
882,119
883,119
884,119
885,119
886,119
887,119
888,119
889,119
890,119
891,119
892,119
893,119
894,119
895,119
896,119
897,119
898,119
899,119
900,119
901,119
902,119
903,119
904,119
905,119
906,119
907,119
908,119
909,119
910,119
911,119
912,119
913,119
914,119
915,119
916,119
917,119
918,119
919,119
920,119
921,119
922,119
923,119
924,119
925,119
926,119
927,119
928,119
929,119
930,119
931,119
932,119
933,119
934,119
935,119
936,119
937,119
938,119
939,119
940,119
941,119
942,119
943,119
944,119
945,119
946,119
947,119
948,119
949,119
950,119
951,119
952,119
953,119
954,119
955,119
956,119
957,119
958,119
959,119
960,120
961,120
962,120
963,120
964,120
965,120
966,120
967,120
968,120
969,120
970,120
971,120
972,120
973,120
974,120
975,120
976,120
977,120
978,120
979,120
980,120
981,120
982,120
983,120
984,120
985,120
986,120
987,120
988,120
989,120
990,120
991,120
992,120
993,120
994,120
995,120
996,120
997,120
998,120
999,120
1000,120
1001,120
1002,120
1003,120
1004,120
1005,120
1006,120
1007,121
1008,121
1009,121
1010,121
1011,121
1012,121
1013,121
1014,121
1015,121
1016,121
1017,121
1018,121
1019,121
1020,121
1021,121
1022,121
1023,121
1024,121
1025,121
1026,121
1027,121
1028,121
1029,121
1030,121
1031,121
1032,121
1033,121
1034,121
1035,121
1036,121
1037,121
1038,121
1039,121
1040,121
1041,121
1042,121
1043,121
1044,121
1045,121
1046,121
1047,122
1048,123
1049,124
1050,125
1051,125
1052,125
1053,126
1054,127
1055,127
1056,128
1057,128
1058,128
1059,128
1060,128
1061,128
1062,129
1063,129
1064,129
1065,129
1066,129
1067,129
1068,129
1069,129
1070,129
1071,129
1072,129
1073,129
1074,129
1075,129
1076,129
1077,129
1078,129
1079,129
1080,129
1081,129
1082,129
1083,129
1084,129
1085,129
1086,129
1087,129
1088,129
1089,129
1090,129
1091,129
1092,129
1093,129
1094,129
1095,129
1096,129
1097,129
1098,129
1099,129
1100,129
1101,129
1102,129
1103,129
1104,129
1105,129
1106,129
1107,129
1108,129
1109,129
1110,129
1111,129
1112,129
1113,129
1114,129
1115,129
1116,129
1117,129
1118,129
1119,129
1120,129
1121,129
1122,129
1123,129
1124,129
1125,129
1126,129
1127,129
1128,129
1129,129
1130,129
1131,129
1132,129
1133,129
1134,129
1135,129
1136,129
1137,129
1138,129
1139,130
1140,131
1141,131
1142,131
1143,131
1144,131
1145,131
1146,132
1147,132
1148,132
1149,133
1150,134
1151,134
1152,135
1153,135
1154,135
1155,135
1156,135
1157,135
1158,135
1159,135
1160,135
1161,135
1162,135
1163,135
1164,135
1165,135
1166,135
1167,135
1168,135
1169,135
1170,135
1171,135
1172,135
1173,135
1174,135
1175,135
1176,135
1177,135
1178,135
1179,135
1180,135
1181,135
1182,135
1183,135
1184,135
1185,135
1186,135
1187,135
1188,135
1189,135
1190,135
1191,135
1192,135
1193,135
1194,135
1195,135
1196,135
1197,135
1198,135
1199,135
1200,136
1201,136
1202,136
1203,136
1204,136
1205,136
1206,136
1207,136
1208,136
1209,136
1210,137
1211,137
1212,137
1213,137
1214,137
1215,137
1216,137
1217,137
1218,137
1219,137
1220,137
1221,137
1222,137
1223,137
1224,137
1225,137
1226,137
1227,137
1228,137
1229,137
1230,137
1231,137
1232,137
1233,137
1234,137
1235,137
1236,137
1237,137
1238,137
1239,137
1240,137
1241,137
1242,137
1243,137
1244,137
1245,137
1246,137
1247,137
1248,137
1249,137
1250,137
1251,137
1252,137
1253,137
1254,137
1255,137
1256,137
1257,137
1258,137
1259,137
1260,137
1261,137
1262,137
1263,137
1264,137
1265,137
1266,137
1267,137
1268,137
1269,137
1270,137
1271,137
1272,137
1273,137
1274,137
1275,137
1276,137
1277,137
1278,137
1279,137
1280,137
1281,137
1282,137
1283,137
1284,137
1285,137
1286,137
1287,137
1288,137
1289,137
1290,137
1291,137
1292,137
1293,137
1294,137
1295,137
1296,137
1297,137
1298,137
1299,137
1300,137
1301,137
1302,137
1303,137
1304,137
1305,137
1306,137
1307,137
1308,137
1309,137
1310,137
1311,137
1312,137
1313,137
1314,137
1315,137
1316,137
1317,137
1318,137
1319,137
1320,137
1321,137
1322,137
1323,137
1324,137
1325,137
1326,137
1327,137
1328,137
1329,137
1330,137
1331,137
1332,137
1333,137
1334,137
1335,137
1336,137
1337,137
1338,137
1339,137
1340,137
1341,137
1342,137
1343,137
1344,137
1345,137
1346,137
1347,137
1348,137
1349,137
1350,137
1351,137
1352,138
1353,138
1354,138
1355,138
1356,138
1357,138
1358,138
1359,138
1360,138
1361,138
1362,138
1363,138
1364,138
1365,138
1366,138
1367,138
1368,138
1369,138
1370,138
1371,138
1372,138
1373,138
1374,138
1375,138
1376,138
1377,138
1378,138
1379,138
1380,138
1381,138
1382,138
1383,138
1384,138
1385,138
1386,138
1387,138
1388,138
1389,138
1390,138
1391,138
1392,138
1393,138
1394,138
1395,138
1396,138
1397,138
1398,138
1399,138
1400,138
1401,138
1402,138
1403,138
1404,138
1405,138
1406,138
1407,138
1408,138
1409,138
1410,138
1411,138
1412,138
1413,138
1414,138
1415,138
1416,138
1417,138
1418,138
1419,138
1420,138
1421,138
1422,138
1423,138
1424,138
1425,138
1426,138
1427,138
1428,138
1429,138
1430,138
1431,138
1432,138
1433,138
1434,138
1435,138
1436,138
1437,138
1438,138
1439,138
1440,138
1441,138
1442,138
1443,138
1444,138
1445,138
1446,138
1447,138
1448,138
1449,138
1450,138
1451,138
1452,138
1453,138
1454,138
1455,138
1456,138
1457,138
1458,138
1459,138
1460,138
1461,138
1462,138
1463,138
1464,138
1465,138
1466,138
1467,138
1468,138
1469,138
1470,138
1471,138
1472,138
1473,138
1474,138
1475,139
1476,139
1477,139
1478,139
1479,139
1480,139
1481,139
1482,139
1483,139
1484,139
1485,139
1486,139
1487,139
1488,139
1489,139
1490,139
1491,139
1492,139
1493,139
1494,139
1495,139
1496,139
1497,139
1498,139
1499,139
1500,139
1501,139
1502,139
1503,139
1504,139
1505,139
1506,139
1507,139
1508,139
1509,139
1510,139
1511,139
1512,139
1513,139
1514,139
1515,139
1516,139
1517,139
1518,139
1519,139
1520,139
1521,139
1522,139
1523,139
1524,139
1525,139
1526,139
1527,139
1528,139
1529,139
1530,139
1531,139
1532,139
1533,139
1534,139
1535,139
1536,139
1537,139
1538,139
1539,139
1540,139
1541,139
1542,139
1543,139
1544,139
1545,139
1546,139
1547,139
1548,139
1549,139
1550,139
1551,139
1552,139
1553,139
1554,139
1555,139
1556,139
1557,139
1558,139
1559,139
1560,139
1561,139
1562,139
1563,139
1564,139
1565,139
1566,139
1567,139
1568,139
1569,139
1570,139
1571,139
1572,139
1573,139
1574,139
1575,139
1576,139
1577,139
1578,139
1579,139
1580,139
1581,139
1582,139
1583,139
1584,139
1585,139
1586,139
1587,139
1588,139
1589,139
1590,139
1591,139
1592,139
1593,139
1594,139
1595,139
1596,139
1597,139
1598,139
1599,139
1600,139
1601,139
1602,139
1603,139
1604,139
1605,139
1606,139
1607,139
1608,139
1609,139
1610,139
1611,139
1612,139
1613,139
1614,139
1615,139
1616,139
1617,139
1618,139
1619,139
1620,139
1621,139
1622,139
1623,139
1624,139
1625,139
1626,139
1627,139
1628,139
1629,139
1630,139
1631,139
1632,139
1633,139
1634,139
1635,139
1636,139
1637,139
1638,139
1639,139
1640,139
1641,139
1642,139
1643,139
1644,139
1645,139
1646,139
1647,139
1648,139
1649,139
1650,139
1651,139
1652,139
1653,139
1654,139
1655,139
1656,139
1657,139
1658,139
1659,139
1660,139
1661,139
1662,139
1663,139
1664,139
1665,139
1666,139
1667,139
1668,139
1669,139
1670,139
1671,139
1672,139
1673,139
1674,139
1675,139
1676,139
1677,139
1678,139
1679,139
1680,139
1681,139
1682,139
1683,139
1684,139
1685,139
1686,139
1687,139
1688,139
1689,139
1690,139
1691,139
1692,139
1693,139
1694,139
1695,139
1696,139
1697,139
1698,139
1699,139
1700,139
1701,139
1702,139
1703,139
1704,139
1705,139
1706,139
1707,139
1708,139
1709,139
1710,139
1711,139
1712,139
1713,139
1714,139
1715,139
1716,139
1717,139
1718,139
1719,139
1720,139
1721,139
1722,139
1723,139
1724,139
1725,139
1726,139
1727,139
1728,139
1729,139
1730,139
1731,139
1732,139
1733,139
1734,139
1735,139
1736,139
1737,139
1738,139
1739,139
1740,139
1741,139
1742,139
1743,139
1744,139
1745,139
1746,139
1747,139
1748,139
1749,139
1750,139
1751,139
1752,139
1753,139
1754,139
1755,139
1756,139
1757,139
1758,139
1759,139
1760,139
1761,139
1762,139
1763,139
1764,139
1765,139
1766,139
1767,139
1768,139
1769,139
1770,139
1771,139
1772,139
1773,139
1774,139
1775,139
1776,139
1777,139
1778,139
1779,139
1780,139
1781,139
1782,139
1783,139
1784,139
1785,139
1786,139
1787,139
1788,139
1789,139
1790,139
1791,139
1792,139
1793,139
1794,139
1795,139
1796,139
1797,139
1798,139
1799,139
1800,139
1801,139
1802,139
1803,139
1804,139
1805,139
1806,139
1807,139
1808,139
1809,139
1810,139
1811,139
1812,139
1813,139
1814,139
1815,139
1816,139
1817,139
1818,139
1819,139
1820,139
1821,139
1822,139
1823,139
1824,139
1825,139
1826,139
1827,139
1828,139
1829,139
1830,139
1831,139
1832,139
1833,139
1834,139
1835,139
1836,139
1837,139
1838,139
1839,139
1840,139
1841,139
1842,139
1843,139
1844,139
1845,139
1846,139
1847,139
1848,139
1849,139
1850,139
1851,139
1852,139
1853,139
1854,139
1855,139
1856,139
1857,139
1858,139
1859,139
1860,139
1861,139
1862,139
1863,139
1864,139
1865,139
1866,139
1867,139
1868,139
1869,139
1870,139
1871,139
1872,139
1873,139
1874,139
1875,139
1876,139
1877,139
1878,139
1879,139
1880,139
1881,139
1882,139
1883,139
1884,139
1885,139
1886,139
1887,139
1888,139
1889,139
1890,139
1891,139
1892,139
1893,139
1894,139
1895,139
1896,139
1897,139
1898,139
1899,139
1900,139
1901,139
1902,139
1903,139
1904,139
1905,139
1906,139
1907,139
1908,139
1909,139
1910,139
1911,139
1912,139
1913,139
1914,139
1915,139
1916,139
1917,139
1918,139
1919,139
1920,139
1921,139
1922,139
1923,139
1924,139
1925,139
1926,139
1927,139
1928,139
1929,139
1930,139
1931,139
1932,139
1933,139
1934,139
1935,139
1936,139
1937,139
1938,139
1939,139
1940,139
1941,139
1942,139
1943,139
1944,140
1945,141
1946,142
1947,143
1948,143
1949,143
1950,143
1951,143
1952,143
1953,143
1954,143
1955,143
1956,143
1957,143
1958,143
1959,143
1960,143
1961,143
1962,143
1963,143
1964,143
1965,143
1966,143
1967,143
1968,143
1969,143
1970,143
1971,143
1972,143
1973,143
1974,143
1975,143
1976,143
1977,143
1978,143
1979,143
1980,143
1981,143
1982,143
1983,143
1984,143
1985,143
1986,143
1987,143
1988,143
1989,143
1990,143
1991,143
1992,143
1993,143
1994,143
1995,143
1996,143
1997,143
1998,143
1999,143
2000,143
2001,143
2002,143
2003,143
2004,143
2005,143
2006,143
2007,143
2008,143
2009,143
2010,143
2011,143
2012,143
2013,143
2014,143
2015,143
2016,143
2017,143
2018,143
2019,143
2020,143
2021,143
2022,143
2023,143
2024,143
2025,143
2026,143
2027,143
2028,143
2029,143
2030,143
2031,143
2032,143
2033,143
2034,143
2035,143
2036,143
2037,143
2038,143
2039,143
2040,143
2041,143
2042,143
2043,143
2044,143
2045,143
2046,143
2047,143
2048,143
2049,143
2050,143
2051,143
2052,143
2053,143
2054,143
2055,143
2056,143
2057,143
2058,143
2059,143
2060,143
2061,143
2062,143
2063,143
2064,143
2065,143
2066,143
2067,143
2068,143
2069,143
2070,143
2071,143
2072,143
2073,143
2074,143
2075,143
2076,143
2077,143
2078,143
2079,143
2080,143
2081,143
2082,143
2083,143
2084,143
2085,143
2086,143
2087,143
2088,143
2089,143
2090,143
2091,143
2092,143
2093,143
2094,143
2095,143
2096,143
2097,143
2098,143
2099,143
2100,143
2101,143
2102,143
2103,143
2104,143
2105,143
2106,143
2107,143
2108,143
2109,143
2110,143
2111,143
2112,143
2113,143
2114,143
2115,143
2116,143
2117,143
2118,143
2119,143
2120,143
2121,143
2122,143
2123,143
2124,143
2125,143
2126,143
2127,143
2128,143
2129,143
2130,143
2131,143
2132,143
2133,143
2134,143
2135,143
2136,143
2137,143
2138,143
2139,143
2140,143
2141,143
2142,143
2143,143
2144,143
2145,143
2146,143
2147,143
2148,143
2149,143
2150,143
2151,143
2152,143
2153,143
2154,143
2155,143
2156,143
2157,143
2158,143
2159,143
2160,143
2161,143
2162,143
2163,143
2164,143
2165,143
2166,143
2167,143
2168,143
2169,143
2170,143
2171,143
2172,143
2173,143
2174,143
2175,143
2176,143
2177,143
2178,143
2179,143
2180,143
2181,143
2182,143
2183,143
2184,143
2185,143
2186,143
2187,143
2188,143
2189,143
2190,143
2191,143
2192,143
2193,143
2194,143
2195,143
2196,143
2197,143
2198,143
2199,143
2200,143
2201,143
2202,143
2203,143
2204,143
2205,143
2206,143
2207,143
2208,143
2209,143
2210,143
2211,143
2212,143
2213,143
2214,143
2215,143
2216,143
2217,143
2218,143
2219,143
2220,143
2221,143
2222,143
2223,143
2224,143
2225,143
2226,143
2227,143
2228,143
2229,143
2230,143
2231,143
2232,143
2233,143
2234,143
2235,143
2236,143
2237,143
2238,143
2239,143
2240,143
2241,143
2242,143
2243,143
2244,143
2245,143
2246,143
2247,143
2248,143
2249,143
2250,143
2251,143
2252,143
2253,143
2254,143
2255,143
2256,143
2257,143
2258,143
2259,143
2260,143
2261,143
2262,143
2263,143
2264,143
2265,143
2266,143
2267,143
2268,143
2269,143
2270,143
2271,143
2272,143
2273,143
2274,143
2275,143
2276,143
2277,143
2278,143
2279,143
2280,143
2281,143
2282,143
2283,143
2284,143
2285,143
2286,143
2287,143
2288,143
2289,143
2290,143
2291,143
2292,143
2293,143
2294,143
2295,143
2296,143
2297,143
2298,143
2299,143
2300,143
2301,143
2302,143
2303,143
2304,143
2305,143
2306,143
2307,143
2308,143
2309,143
2310,143
2311,143
2312,143
2313,143
2314,143
2315,143
2316,143
2317,143
2318,143
2319,143
2320,143
2321,143
2322,143
2323,143
2324,143
2325,143
2326,143
2327,143
2328,143
2329,143
2330,143
2331,143
2332,143
2333,143
2334,143
2335,143
2336,143
2337,143
2338,143
2339,143
2340,143
2341,143
2342,143
2343,143
2344,143
2345,143
2346,143
2347,143
2348,143
2349,143
2350,143
2351,143
2352,143
2353,143
2354,143
2355,143
2356,143
2357,143
2358,143
2359,143
2360,143
2361,143
2362,143
2363,143
2364,143
2365,143
2366,143
2367,143
2368,143
2369,143
2370,143
2371,143
2372,143
2373,143
2374,143
2375,143
2376,143
2377,143
2378,143
2379,143
2380,143
2381,143
2382,143
2383,143
2384,143
2385,143
2386,143
2387,143
2388,143
2389,143
2390,143
2391,143
2392,143
2393,143
2394,143
2395,143
2396,143
2397,143
2398,143
2399,143
2400,143
2401,143
2402,143
2403,143
2404,143
2405,143
2406,143
2407,143
2408,143
2409,143
2410,143
2411,143
2412,143
2413,143
2414,143
2415,143
2416,143
2417,143
2418,143
2419,143
2420,143
2421,143
2422,143
2423,143
2424,143
2425,143
2426,143
2427,143
2428,143
2429,143
2430,143
2431,143
2432,143
2433,143
2434,143
2435,143
2436,143
2437,143
2438,143
2439,143
2440,143
2441,143
2442,143
2443,143
2444,143
2445,143
2446,143
2447,143
2448,143
2449,143
2450,143
2451,143
2452,143
2453,143
2454,143
2455,143
2456,143
2457,143
2458,143
2459,143
2460,143
2461,143
2462,143
2463,143
2464,143
2465,143
2466,143
2467,143
2468,143
2469,143
2470,143
2471,143
2472,143
2473,143
2474,143
2475,143
2476,143
2477,143
2478,143
2479,143
2480,143
2481,143
2482,143
2483,143
2484,143
2485,143
2486,143
2487,143
2488,143
2489,143
2490,143
2491,143
2492,143
2493,143
2494,143
2495,143
2496,143
2497,143
2498,143
2499,143
2500,143
2501,143
2502,143
2503,143
2504,143
2505,143
2506,143
2507,143
2508,143
2509,143
2510,143
2511,143
2512,143
2513,143
2514,143
2515,143
2516,143
2517,143
2518,143
2519,143
2520,143
2521,143
2522,143
2523,143
2524,143
2525,143
2526,143
2527,143
2528,143
2529,143
2530,143
2531,143
2532,143
2533,143
2534,143
2535,143
2536,143
2537,143
2538,143
2539,143
2540,143
2541,143
2542,143
2543,143
2544,143
2545,143
2546,143
2547,143
2548,143
2549,143
2550,143
2551,143
2552,143
2553,143
2554,143
2555,143
2556,143
2557,143
2558,143
2559,143
2560,143
2561,143
2562,143
2563,143
2564,143
2565,143
2566,143
2567,143
2568,143
2569,143
2570,143
2571,143
2572,143
2573,143
2574,143
2575,143
2576,143
2577,143
2578,143
2579,143
2580,143
2581,143
2582,143
2583,143
2584,143
2585,143
2586,143
2587,143
2588,143
2589,143
2590,143
2591,143
2592,143
2593,143
2594,143
2595,143
2596,143
2597,143
2598,143
2599,143
2600,143
2601,143
2602,143
2603,143
2604,143
2605,143
2606,143
2607,143
2608,143
2609,143
2610,143
2611,143
2612,143
2613,143
2614,143
2615,143
2616,143
2617,143
2618,143
2619,143
2620,143
2621,143
2622,143
2623,143
2624,143
2625,143
2626,143
2627,143
2628,143
2629,143
2630,143
2631,143
2632,143
2633,143
2634,143
2635,143
2636,143
2637,143
2638,143
2639,143
2640,143
2641,143
2642,143
2643,143
2644,143
2645,143
2646,143
2647,143
2648,143
2649,143
2650,143
2651,143
2652,143
2653,143
2654,143
2655,143
2656,143
2657,143
2658,143
2659,143
2660,143
2661,143
2662,143
2663,143
2664,143
2665,143
2666,143
2667,143
2668,143
2669,143
2670,143
2671,143
2672,143
2673,143
2674,143
2675,143
2676,143
2677,143
2678,143
2679,143
2680,143
2681,143
2682,143
2683,143
2684,143
2685,143
2686,143
2687,143
2688,143
2689,143
2690,143
2691,143
2692,143
2693,143
2694,143
2695,143
2696,143
2697,143
2698,143
2699,143
2700,143
2701,143
2702,143
2703,143
2704,143
2705,143
2706,143
2707,143
2708,143
2709,143
2710,143
2711,143
2712,143
2713,143
2714,143
2715,143
2716,143
2717,143
2718,143
2719,143
2720,143
2721,143
2722,143
2723,143
2724,143
2725,143
2726,143
2727,143
2728,143
2729,143
2730,143
2731,143
2732,143
2733,143
2734,143
2735,143
2736,143
2737,143
2738,143
2739,143
2740,143
2741,143
2742,143
2743,143
2744,143
2745,143
2746,143
2747,143
2748,143
2749,143
2750,143
2751,143
2752,143
2753,143
2754,143
2755,143
2756,143
2757,143
2758,143
2759,143
2760,143
2761,143
2762,143
2763,143
2764,143
2765,143
2766,143
2767,143
2768,143
2769,143
2770,143
2771,143
2772,143
2773,143
2774,143
2775,143
2776,143
2777,143
2778,143
2779,143
2780,143
2781,143
2782,143
2783,143
2784,143
2785,143
2786,143
2787,143
2788,143
2789,143
2790,143
2791,143
2792,143
2793,143
2794,143
2795,143
2796,143
2797,143
2798,143
2799,143
2800,143
2801,143
2802,143
2803,143
2804,143
2805,143
2806,143
2807,143
2808,143
2809,143
2810,143
2811,143
2812,143
2813,143
2814,143
2815,143
2816,143
2817,143
2818,143
2819,143
2820,143
2821,143
2822,143
2823,143
2824,143
2825,143
2826,143
2827,143
2828,143
2829,143
2830,143
2831,143
2832,143
2833,143
2834,143
2835,143
2836,143
2837,143
2838,143
2839,143
2840,143
2841,143
2842,143
2843,143
2844,143
2845,143
2846,143
2847,143
2848,143
2849,143
2850,143
2851,143
2852,143
2853,143
2854,143
2855,143
2856,143
2857,143
2858,143
2859,143
2860,143
2861,143
2862,143
2863,143
2864,143
2865,143
2866,143
2867,143
2868,143
2869,143
2870,143
2871,143
2872,143
2873,143
2874,143
2875,143
2876,143
2877,143
2878,143
2879,143
2880,143
2881,143
2882,143
2883,143
2884,143
2885,143
2886,143
2887,143
2888,143
2889,143
2890,143
2891,143
2892,143
2893,143
2894,143
2895,143
2896,143
2897,143
2898,143
2899,143
2900,143
2901,143
2902,143
2903,143
2904,143
2905,143
2906,143
2907,143
2908,143
2909,143
2910,143
2911,143
2912,143
2913,143
2914,143
2915,143
2916,143
2917,143
2918,143
2919,143
2920,143
2921,143
2922,143
2923,143
2924,143
2925,143
2926,143
2927,143
2928,143
2929,143
2930,143
2931,143
2932,143
2933,143
2934,143
2935,143
2936,143
2937,143
2938,143
2939,143
2940,143
2941,143
2942,143
2943,143
2944,143
2945,143
2946,143
2947,143
2948,143
2949,143
2950,143
2951,143
2952,143
2953,143
2954,143
2955,143
2956,143
2957,143
2958,143
2959,143
2960,143
2961,143
2962,143
2963,143
2964,143
2965,143
2966,143
2967,143
2968,143
2969,143
2970,143
2971,143
2972,143
2973,143
2974,143
2975,143
2976,143
2977,143
2978,143
2979,143
2980,143
2981,143
2982,143
2983,143
2984,143
2985,143
2986,143
2987,143
2988,143
2989,143
2990,143
2991,143
2992,143
2993,143
2994,143
2995,143
2996,143
2997,143
2998,143
2999,143
3000,143
3001,143
3002,143
3003,143
3004,143
3005,143
3006,143
3007,143
3008,143
3009,143
3010,143
3011,143
3012,143
3013,143
3014,143
3015,143
3016,143
3017,143
3018,143
3019,143
3020,143
3021,143
3022,143
3023,143
3024,143
3025,143
3026,143
3027,143
3028,143
3029,143
3030,143
3031,143
3032,143
3033,143
3034,143
3035,143
3036,143
3037,143
3038,143
3039,143
3040,143
3041,143
3042,143
3043,143
3044,143
3045,143
3046,143
3047,143
3048,143
3049,143
3050,143
3051,143
3052,143
3053,143
3054,143
3055,143
3056,143
3057,143
3058,143
3059,143
3060,143
3061,143
3062,143
3063,143
3064,143
3065,143
3066,143
3067,143
3068,143
3069,143
3070,143
3071,143
3072,143
3073,143
3074,143
3075,143
3076,143
3077,143
3078,143
3079,143
3080,143
3081,143
3082,143
3083,143
3084,143
3085,143
3086,143
3087,143
3088,143
3089,143
3090,143
3091,143
3092,143
3093,143
3094,143
3095,143
3096,143
3097,143
3098,143
3099,143
3100,143
3101,143
3102,143
3103,143
3104,143
3105,143
3106,143
3107,143
3108,143
3109,143
3110,143
3111,143
3112,143
3113,143
3114,143
3115,143
3116,143
3117,143
3118,143
3119,143
3120,143
3121,143
3122,143
3123,143
3124,143
3125,143
3126,143
3127,143
3128,143
3129,143
3130,143
3131,143
3132,143
3133,143
3134,143
3135,143
3136,143
3137,143
3138,143
3139,143
3140,143
3141,143
3142,143
3143,143
3144,143
3145,143
3146,143
3147,143
3148,143
3149,143
3150,143
3151,143
3152,143
3153,143
3154,143
3155,143
3156,143
3157,143
3158,144
3159,144
3160,144
3161,144
3162,144
3163,144
3164,144
3165,144
3166,144
3167,144
3168,144
3169,144
3170,144
3171,144
3172,144
3173,144
3174,144
3175,144
3176,144
3177,144
3178,144
3179,144
3180,144
3181,144
3182,144
3183,144
3184,144
3185,144
3186,144
3187,144
3188,144
3189,144
3190,144
3191,144
3192,144
3193,144
3194,144
3195,144
3196,144
3197,144
3198,144
3199,144
3200,144
3201,144
3202,144
3203,144
3204,144
3205,144
3206,144
3207,144
3208,144
3209,144
3210,144
3211,144
3212,144
3213,144
3214,144
3215,144
3216,144
3217,144
3218,144
3219,144
3220,144
3221,144
3222,144
3223,144
3224,144
3225,144
3226,144
3227,144
3228,144
3229,144
3230,144
3231,144
3232,144
3233,144
3234,144
3235,144
3236,144
3237,144
3238,144
3239,144
3240,144
3241,144
3242,144
3243,144
3244,144
3245,144
3246,144
3247,144
3248,144
3249,144
3250,144
3251,144
3252,144
3253,144
3254,144
3255,144
3256,144
3257,144
3258,144
3259,144
3260,144
3261,144
3262,144
3263,144
3264,144
3265,144
3266,144
3267,144
3268,144
3269,144
3270,144
3271,144
3272,144
3273,144
3274,144
3275,144
3276,144
3277,144
3278,144
3279,144
3280,144
3281,144
3282,144
3283,144
3284,144
3285,144
3286,144
3287,144
3288,144
3289,144
3290,144
3291,144
3292,144
3293,144
3294,144
3295,144
3296,144
3297,144
3298,144
3299,144
3300,144
3301,144
3302,144
3303,144
3304,144
3305,144
3306,144
3307,144
3308,144
3309,144
3310,144
3311,144
3312,144
3313,144
3314,144
3315,144
3316,144
3317,144
3318,144
3319,144
3320,144
3321,144
3322,144
3323,144
3324,144
3325,144
3326,144
3327,144
3328,144
3329,144
3330,144
3331,144
3332,144
3333,144
3334,144
3335,144
3336,144
3337,144
3338,144
3339,144
3340,144
3341,144
3342,144
3343,144
3344,144
3345,144
3346,144
3347,144
3348,144
3349,144
3350,144
3351,144
3352,144
3353,144
3354,144
3355,144
3356,144
3357,144
3358,144
3359,144
3360,144
3361,144
3362,144
3363,144
3364,144
3365,144
3366,144
3367,144
3368,144
3369,144
3370,144
3371,144
3372,144
3373,144
3374,144
3375,144
3376,144
3377,144
3378,144
3379,144
3380,144
3381,144
3382,144
3383,144
3384,144
3385,144
3386,144
3387,144
3388,144
3389,144
3390,144
3391,144
3392,144
3393,144
3394,144
3395,144
3396,144
3397,144
3398,144
3399,144
3400,144
3401,144
3402,144
3403,144
3404,144
3405,144
3406,144
3407,144
3408,144
3409,144
3410,144
3411,144
3412,144
3413,144
3414,144
3415,144
3416,144
3417,144
3418,144
3419,144
3420,144
3421,144
3422,144
3423,144
3424,144
3425,144
3426,144
3427,144
3428,144
3429,144
3430,144
3431,144
3432,144
3433,144
3434,144
3435,144
3436,144
3437,144
3438,144
3439,144
3440,144
3441,144
3442,144
3443,144
3444,144
3445,144
3446,144
3447,144
3448,144
3449,144
3450,144
3451,144
3452,144
3453,144
3454,144
3455,144
3456,144
3457,144
3458,144
3459,144
3460,144
3461,144
3462,144
3463,144
3464,144
3465,144
3466,144
3467,144
3468,144
3469,144
3470,144
3471,144
3472,144
3473,144
3474,144
3475,144
3476,144
3477,144
3478,144
3479,144
3480,144
3481,144
3482,144
3483,144
3484,145
