0,0
1,1
2,2
3,3
4,4
5,5
6,6
7,6
8,7
9,7
10,8
11,9
12,9
13,10
14,11
15,11
16,12
17,13
18,14
19,15
20,15
21,15
22,16
23,17
24,18
25,19
26,19
27,20
28,21
29,22
30,23
31,24
32,25
33,25
34,25
35,26
36,27
37,27
38,28
39,29
40,29
41,30
42,31
43,31
44,32
45,33
46,34
47,35
48,35
49,36
50,37
51,38
52,39
53,40
54,41
55,42
56,43
57,44
58,45
59,46
60,46
61,46
62,47
63,48
64,49
65,49
66,50
67,51
68,52
69,52
70,53
71,54
72,55
73,55
74,55
75,55
76,55
77,56
78,57
79,57
80,57
81,58
82,58
83,59
84,60
85,60
86,61
87,61
88,61
89,61
90,62
91,63
92,63
93,63
94,64
95,64
96,64
97,65
98,65
99,65
100,66
101,67
102,67
103,67
104,68
105,69
106,70
107,70
108,70
109,70
110,70
111,70
112,70
113,70
114,70
115,70
116,71
117,72
118,73
119,74
120,74
121,75
122,75
123,76
124,76
125,77
126,77
127,77
128,77
129,77
130,77
131,77
132,78
133,78
134,78
135,78
136,78
137,78
138,78
139,78
140,78
141,78
142,79
143,79
144,80
145,80
146,80
147,81
148,81
149,81
150,81
151,81
152,82
153,82
154,82
155,82
156,82
157,82
158,82
159,82
160,82
161,83
162,83
163,83
164,83
165,83
166,83
167,83
168,83
169,83
170,84
171,84
172,85
173,85
174,86
175,87
176,88
177,88
178,88
179,89
180,89
181,89
182,89
183,90
184,90
185,91
186,91
187,91
188,91
189,92
190,92
191,92
192,92
193,92
194,93
195,93
196,93
197,93
198,93
199,93
200,93
201,93
202,93
203,93
204,93
205,93
206,93
207,93
208,93
209,93
210,93
211,93
212,93
213,94
214,94
215,94
216,94
217,94
218,94
219,94
220,94
221,94
222,94
223,94
224,94
225,94
226,95
227,95
228,95
229,96
230,96
231,96
232,96
233,96
234,96
235,97
236,97
237,97
238,97
239,97
240,97
241,97
242,97
243,97
244,97
245,97
246,97
247,97
248,97
249,97
250,97
251,97
252,97
253,97
254,97
255,97
256,97
257,97
258,97
259,97
260,97
261,97
262,97
263,97
264,98
265,98
266,98
267,98
268,98
269,98
270,98
271,98
272,99
273,99
274,99
275,99
276,99
277,99
278,99
279,99
280,99
281,99
282,99
283,99
284,99
285,99
286,99
287,99
288,99
289,100
290,100
291,100
292,101
293,102
294,103
295,104
296,105
297,105
298,106
299,106
300,106
301,107
302,107
303,107
304,107
305,107
306,107
307,107
308,107
309,107
310,107
311,107
312,108
313,108
314,108
315,109
316,110
317,110
318,110
319,110
320,110
321,111
322,111
323,111
324,111
325,111
326,111
327,111
328,111
329,111
330,111
331,111
332,111
333,111
334,111
335,111
336,111
337,111
338,111
339,111
340,112
341,112
342,112
343,113
344,113
345,113
346,114
347,114
348,114
349,114
350,114
351,114
352,114
353,114
354,114
355,114
356,114
357,114
358,114
359,114
360,114
361,114
362,114
363,114
364,114
365,114
366,114
367,114
368,114
369,114
370,114
371,114
372,114
373,114
374,114
375,114
376,115
377,115
378,115
379,115
380,116
381,116
382,116
383,116
384,116
385,116
386,116
387,116
388,116
389,116
390,116
391,116
392,116
393,117
394,117
395,117
396,117
397,117
398,117
399,117
400,117
401,117
402,117
403,117
404,117
405,117
406,117
407,117
408,117
409,117
410,117
411,117
412,117
413,117
414,117
415,117
416,118
417,119
418,119
419,119
420,119
421,119
422,119
423,119
424,119
425,119
426,119
427,119
428,119
429,119
430,119
431,119
432,119
433,119
434,119
435,119
436,119
437,119
438,119
439,119
440,119
441,119
442,119
443,119
444,119
445,119
446,119
447,119
448,119
449,119
450,119
451,119
452,119
453,119
454,119
455,119
456,119
457,119
458,119
459,119
460,119
461,119
462,119
463,119
464,119
465,119
466,119
467,119
468,119
469,119
470,119
471,119
472,119
473,119
474,119
475,119
476,119
477,119
478,119
479,119
480,119
481,119
482,119
483,119
484,119
485,119
486,119
487,119
488,119
489,119
490,119
491,119
492,119
493,119
494,119
495,119
496,119
497,119
498,119
499,119
500,119
501,119
502,119
503,119
504,119
505,119
506,119
507,119
508,119
509,119
510,119
511,119
512,119
513,119
514,119
515,119
516,119
517,119
518,119
519,119
520,119
521,119
522,119
523,119
524,119
525,119
526,119
527,119
528,119
529,119
530,119
531,119
532,119
533,119
534,119
535,119
536,119
537,119
538,119
539,119
540,119
541,119
542,119
543,119
544,119
545,119
546,119
547,119
548,119
549,119
550,119
551,119
552,119
553,119
554,119
555,119
556,119
557,119
558,119
559,119
560,119
561,120
562,120
563,120
564,120
565,120
566,120
567,120
568,120
569,120
570,120
571,120
572,120
573,120
574,120
575,120
576,120
577,120
578,120
579,120
580,120
581,120
582,120
583,120
584,120
585,120
586,120
587,120
588,120
589,120
590,120
591,120
592,120
593,120
594,120
595,120
596,120
597,120
598,120
599,120
600,120
601,120
602,120
603,120
604,120
605,120
606,120
607,120
608,120
609,121
610,121
611,121
612,121
613,121
614,121
615,121
616,121
617,121
618,121
619,121
620,121
621,121
622,121
623,121
624,121
625,121
626,121
627,121
628,121
629,121
630,121
631,121
632,121
633,121
634,121
635,121
636,121
637,121
638,121
639,121
640,121
641,121
642,121
643,121
644,121
645,121
646,121
647,121
648,122
649,122
650,122
651,122
652,122
653,122
654,122
655,122
656,122
657,122
658,122
659,122
660,122
661,122
662,122
663,122
664,122
665,122
666,122
667,122
668,122
669,122
670,122
671,122
672,122
673,122
674,122
675,122
676,122
677,122
678,122
679,122
680,122
681,122
682,122
683,122
684,122
685,122
686,122
687,122
688,122
689,122
690,122
691,122
692,122
693,122
694,122
695,122
696,122
697,122
698,122
699,122
700,122
701,122
702,122
703,122
704,122
705,122
706,122
707,122
708,122
709,122
710,122
711,122
712,122
713,122
714,122
715,122
716,122
717,122
718,122
719,122
720,122
721,122
722,122
723,122
724,122
725,122
726,122
727,122
728,122
729,122
730,122
731,122
732,122
733,122
734,122
735,122
736,122
737,122
738,122
739,122
740,122
741,122
742,122
743,122
744,122
745,122
746,122
747,122
748,122
749,122
750,122
751,122
752,122
753,122
754,122
755,122
756,122
757,122
758,122
759,122
760,122
761,122
762,122
763,122
764,122
765,122
766,122
767,122
768,122
769,122
770,122
771,122
772,122
773,122
774,122
775,122
776,122
777,122
778,122
779,122
780,122
781,122
782,122
783,122
784,122
785,122
786,122
787,122
788,122
789,122
790,122
791,122
792,122
793,122
794,122
795,122
796,122
797,122
798,122
799,122
800,122
801,122
802,122
803,122
804,122
805,122
806,122
807,122
808,122
809,122
810,122
811,122
812,123
813,123
814,123
815,123
816,123
817,123
818,123
819,123
820,123
821,123
822,123
823,123
824,123
825,123
826,123
827,123
828,123
829,123
830,123
831,123
832,123
833,123
834,123
835,123
836,123
837,123
838,123
839,123
840,123
841,123
842,123
843,123
844,123
845,123
846,123
847,123
848,123
849,123
850,123
851,123
852,123
853,123
854,123
855,123
856,123
857,123
858,123
859,123
860,123
861,123
862,123
863,123
864,123
865,123
866,123
867,123
868,123
869,123
870,123
871,123
872,123
873,123
874,123
875,123
876,123
877,123
878,123
879,123
880,123
881,123
882,123
883,123
884,123
885,123
886,123
887,123
888,123
889,123
890,123
891,123
892,123
893,123
894,123
895,123
896,123
897,123
898,123
899,123
900,123
901,123
902,123
903,123
904,123
905,123
906,123
907,123
908,123
909,123
910,123
911,123
912,123
913,123
914,123
915,123
916,123
917,123
918,123
919,123
920,123
921,123
922,123
923,123
924,123
925,123
926,123
927,123
928,123
929,123
930,123
931,123
932,123
933,123
934,123
935,123
936,123
937,123
938,123
939,123
940,123
941,123
942,123
943,123
944,123
945,123
946,123
947,123
948,123
949,123
950,123
951,123
952,123
953,123
954,123
955,123
956,123
957,123
958,123
959,123
960,123
961,123
962,123
963,123
964,123
965,123
966,123
967,123
968,123
969,123
970,123
971,123
972,123
973,123
974,123
975,123
976,123
977,123
978,123
979,123
980,123
981,123
982,123
983,123
984,123
985,123
986,123
987,123
988,123
989,123
990,123
991,123
992,123
993,123
994,123
995,123
996,123
997,123
998,123
999,123
1000,123
1001,123
1002,123
1003,123
1004,123
1005,123
1006,123
1007,123
1008,123
1009,123
1010,123
1011,123
1012,123
1013,123
1014,123
1015,123
1016,123
1017,123
1018,123
1019,123
1020,123
1021,123
1022,123
1023,123
1024,123
1025,123
1026,123
1027,123
1028,123
1029,123
1030,123
1031,123
1032,123
1033,123
1034,123
1035,123
1036,123
1037,123
1038,123
1039,123
1040,123
1041,123
1042,123
1043,123
1044,123
1045,123
1046,123
1047,123
1048,123
1049,123
1050,123
1051,123
1052,123
1053,123
1054,123
1055,123
1056,123
1057,123
1058,123
1059,123
1060,123
1061,123
1062,123
1063,123
1064,123
1065,123
1066,123
1067,123
1068,123
1069,123
1070,123
1071,123
1072,123
1073,123
1074,123
1075,123
1076,123
1077,123
1078,123
1079,123
1080,123
1081,123
1082,123
1083,123
1084,123
1085,123
1086,123
1087,123
1088,123
1089,123
1090,123
1091,123
1092,123
1093,123
1094,123
1095,123
1096,123
1097,123
1098,123
1099,123
1100,123
1101,123
1102,123
1103,123
1104,123
1105,123
1106,123
1107,123
1108,123
1109,123
1110,123
1111,123
1112,123
1113,123
1114,123
1115,123
1116,123
1117,123
1118,123
1119,123
1120,123
1121,123
1122,123
1123,123
1124,123
1125,123
1126,123
1127,123
1128,123
1129,123
1130,123
1131,123
1132,123
1133,123
1134,123
1135,123
1136,123
1137,123
1138,123
1139,123
1140,123
1141,123
1142,123
1143,123
1144,123
1145,123
1146,123
1147,123
1148,123
1149,123
1150,123
1151,123
1152,123
1153,123
1154,123
1155,123
1156,123
1157,123
1158,123
1159,123
1160,123
1161,123
1162,123
1163,123
1164,123
1165,123
1166,123
1167,123
1168,123
1169,123
1170,123
1171,123
1172,123
1173,123
1174,123
1175,123
1176,123
1177,123
1178,123
1179,123
1180,123
1181,123
1182,123
1183,123
1184,123
1185,123
1186,123
1187,123
1188,123
1189,123
1190,123
1191,123
1192,123
1193,123
1194,123
1195,123
1196,123
1197,123
1198,123
1199,123
1200,123
1201,123
1202,123
1203,123
1204,123
1205,123
1206,123
1207,123
1208,123
1209,123
1210,123
1211,123
1212,123
1213,123
1214,123
1215,123
1216,123
1217,123
1218,123
1219,123
1220,123
1221,123
1222,123
1223,123
1224,123
1225,124
1226,125
1227,125
1228,125
1229,125
1230,125
1231,125
1232,125
1233,125
1234,125
1235,125
1236,125
1237,125
1238,125
1239,125
1240,125
1241,125
1242,125
1243,125
1244,125
1245,125
1246,125
1247,125
1248,125
1249,125
1250,125
1251,125
1252,125
1253,125
1254,125
1255,125
1256,125
1257,125
1258,125
1259,125
1260,125
1261,125
1262,125
1263,125
1264,125
1265,125
1266,125
1267,125
1268,125
1269,125
1270,125
1271,125
1272,125
1273,125
1274,125
1275,125
1276,125
1277,125
1278,125
1279,125
1280,125
1281,125
1282,125
1283,126
1284,126
1285,126
1286,126
1287,126
1288,126
1289,126
1290,126
1291,126
1292,126
1293,126
1294,126
1295,126
1296,126
1297,126
1298,126
1299,126
1300,126
1301,126
1302,126
1303,126
1304,126
1305,126
1306,126
1307,126
1308,126
1309,126
1310,126
1311,126
1312,126
1313,126
1314,126
1315,126
1316,126
1317,126
1318,126
1319,126
1320,126
1321,126
1322,126
1323,126
1324,126
1325,126
1326,126
1327,126
1328,126
1329,126
1330,126
1331,126
1332,126
1333,126
1334,126
1335,126
1336,126
1337,126
1338,126
1339,126
1340,126
1341,126
1342,126
1343,126
1344,126
1345,126
1346,126
1347,126
1348,126
1349,126
1350,126
1351,126
1352,126
1353,126
1354,126
1355,126
1356,126
1357,126
1358,126
1359,126
1360,126
1361,126
1362,126
1363,126
1364,126
1365,126
1366,126
1367,126
1368,126
1369,126
1370,126
1371,126
1372,126
1373,126
1374,126
1375,126
1376,126
1377,126
1378,126
1379,126
1380,126
1381,126
1382,126
1383,126
1384,126
1385,126
1386,126
1387,126
1388,126
1389,126
1390,126
1391,126
1392,126
1393,126
1394,126
1395,126
1396,126
1397,126
1398,126
1399,126
1400,126
1401,126
1402,126
1403,126
1404,126
1405,126
1406,126
1407,126
1408,126
1409,126
1410,126
1411,126
1412,126
1413,126
1414,126
1415,126
1416,126
1417,126
1418,126
1419,126
1420,126
1421,126
1422,126
1423,126
1424,126
1425,126
1426,126
1427,126
1428,126
1429,126
1430,126
1431,126
1432,126
1433,126
1434,126
1435,126
1436,126
1437,126
1438,126
1439,126
1440,126
1441,126
1442,126
1443,126
1444,126
1445,126
1446,126
1447,126
1448,126
1449,126
1450,126
1451,126
1452,126
1453,126
1454,126
1455,126
1456,126
1457,126
1458,127
1459,127
1460,127
1461,127
1462,127
1463,127
1464,127
1465,127
1466,127
1467,127
1468,127
1469,127
1470,127
1471,127
1472,127
1473,127
1474,127
1475,127
1476,127
1477,127
1478,127
1479,127
1480,127
1481,127
1482,127
1483,127
1484,127
1485,127
1486,127
1487,127
1488,127
1489,127
1490,127
1491,127
1492,127
1493,127
1494,127
1495,127
1496,127
1497,127
1498,127
1499,127
1500,127
1501,127
1502,127
1503,127
1504,127
1505,127
1506,127
1507,127
1508,127
1509,127
1510,127
1511,127
1512,127
1513,127
1514,127
1515,127
1516,127
1517,127
1518,127
1519,127
1520,127
1521,127
1522,127
1523,127
1524,127
1525,127
1526,127
1527,127
1528,127
1529,127
1530,127
1531,127
1532,127
1533,127
1534,127
1535,127
1536,127
1537,127
1538,127
1539,127
1540,127
1541,127
1542,127
1543,127
1544,127
1545,127
1546,127
1547,127
1548,127
1549,127
1550,127
1551,127
1552,127
1553,127
1554,127
1555,127
1556,127
1557,127
1558,128
1559,129
1560,130
1561,131
1562,131
1563,131
1564,131
1565,132
1566,132
1567,132
1568,132
1569,132
1570,132
1571,132
1572,132
1573,132
1574,132
1575,132
1576,132
1577,132
1578,132
1579,132
1580,132
1581,132
1582,132
1583,132
1584,132
1585,132
1586,132
1587,132
1588,132
1589,132
1590,132
1591,132
1592,132
1593,132
1594,132
1595,132
1596,132
1597,132
1598,132
1599,132
1600,132
1601,132
1602,132
1603,132
1604,132
1605,132
1606,132
1607,132
1608,132
1609,132
1610,132
1611,132
1612,132
1613,132
1614,132
1615,132
1616,132
1617,132
1618,132
1619,132
1620,132
1621,132
1622,132
1623,132
1624,132
1625,132
1626,132
1627,132
1628,132
1629,132
1630,132
1631,132
1632,132
1633,132
1634,132
1635,132
1636,133
1637,134
1638,135
1639,135
1640,136
1641,137
1642,137
1643,137
1644,137
1645,137
1646,137
1647,137
1648,138
1649,138
1650,139
1651,139
1652,139
1653,139
1654,139
1655,139
1656,139
1657,139
1658,139
1659,139
1660,139
1661,139
1662,139
1663,139
1664,139
1665,139
1666,139
1667,139
1668,139
1669,139
1670,139
1671,139
1672,139
1673,139
1674,139
1675,139
1676,139
1677,139
1678,139
1679,139
1680,139
1681,139
1682,139
1683,139
1684,139
1685,139
1686,139
1687,139
1688,139
1689,139
1690,139
1691,139
1692,139
1693,139
1694,139
1695,139
1696,139
1697,139
1698,139
1699,139
1700,139
1701,139
1702,139
1703,139
1704,139
1705,139
1706,139
1707,139
1708,139
1709,139
1710,139
1711,139
1712,139
1713,139
1714,139
1715,139
1716,139
1717,139
1718,139
1719,139
1720,139
1721,139
1722,139
1723,139
1724,139
1725,139
1726,139
1727,139
1728,139
1729,139
1730,139
1731,139
1732,139
1733,139
1734,139
1735,139
1736,139
1737,139
1738,139
1739,139
1740,139
1741,139
1742,139
1743,139
1744,139
1745,139
1746,139
1747,139
1748,139
1749,139
1750,139
1751,139
1752,139
1753,139
1754,139
1755,139
1756,139
1757,139
1758,139
1759,139
1760,139
1761,139
1762,139
1763,139
1764,139
1765,139
1766,139
1767,139
1768,139
1769,139
1770,139
1771,139
1772,139
1773,139
1774,139
1775,139
1776,139
1777,139
1778,139
1779,139
1780,139
1781,139
1782,139
1783,139
1784,139
1785,139
1786,139
1787,139
1788,139
1789,139
1790,139
1791,139
1792,139
1793,139
1794,139
1795,139
1796,139
1797,139
1798,139
1799,139
1800,139
1801,139
1802,139
1803,139
1804,139
1805,139
1806,139
1807,139
1808,139
1809,139
1810,139
1811,139
1812,139
1813,139
1814,139
1815,139
1816,139
1817,139
1818,139
1819,139
1820,139
1821,139
1822,139
1823,139
1824,139
1825,139
1826,139
1827,139
1828,139
1829,139
1830,139
1831,139
1832,139
1833,139
1834,139
1835,139
1836,139
1837,139
1838,139
1839,139
1840,139
1841,139
1842,139
1843,139
1844,139
1845,139
1846,139
1847,139
1848,139
1849,139
1850,139
1851,139
1852,139
1853,139
1854,139
1855,139
1856,139
1857,139
1858,139
1859,139
1860,139
1861,139
1862,139
1863,139
1864,139
1865,139
1866,139
1867,139
1868,139
1869,139
1870,139
1871,139
1872,139
1873,139
1874,139
1875,139
1876,139
1877,139
1878,139
1879,139
1880,139
1881,139
1882,139
1883,139
1884,139
1885,139
1886,139
1887,139
1888,139
1889,139
1890,139
1891,139
1892,139
1893,139
1894,139
1895,139
1896,139
1897,139
1898,139
1899,139
1900,139
1901,139
1902,139
1903,139
1904,139
1905,139
1906,139
1907,139
1908,139
1909,139
1910,139
1911,139
1912,139
1913,139
1914,139
1915,139
1916,139
1917,139
1918,139
1919,139
1920,139
1921,139
1922,139
1923,139
1924,139
1925,139
1926,139
1927,139
1928,139
1929,139
1930,139
1931,139
1932,139
1933,139
1934,139
1935,139
1936,139
1937,139
1938,139
1939,139
1940,139
1941,139
1942,139
1943,139
1944,139
1945,139
1946,139
1947,139
1948,139
1949,139
1950,139
1951,139
1952,139
1953,139
1954,139
1955,139
1956,139
1957,139
1958,139
1959,139
1960,139
1961,139
1962,139
1963,139
1964,139
1965,139
1966,139
1967,139
1968,139
1969,139
1970,139
1971,139
1972,139
1973,139
1974,139
1975,139
1976,139
1977,139
1978,139
1979,139
1980,139
1981,139
1982,139
1983,139
1984,139
1985,139
1986,139
1987,139
1988,139
1989,139
1990,139
1991,139
1992,139
1993,139
1994,139
1995,139
1996,139
1997,139
1998,139
1999,139
2000,139
2001,139
2002,139
2003,139
2004,139
2005,139
2006,139
2007,139
2008,139
2009,139
2010,139
2011,139
2012,139
2013,139
2014,139
2015,139
2016,139
2017,139
2018,139
2019,139
2020,139
2021,139
2022,139
2023,139
2024,139
2025,139
2026,139
2027,139
2028,139
2029,139
2030,139
2031,139
2032,139
2033,139
2034,139
2035,139
2036,139
2037,139
2038,139
2039,139
2040,139
2041,139
2042,139
2043,139
2044,139
2045,139
2046,139
2047,139
2048,139
2049,139
2050,139
2051,139
2052,139
2053,139
2054,139
2055,139
2056,139
2057,139
2058,139
2059,139
2060,139
2061,139
2062,139
2063,139
2064,139
2065,139
2066,139
2067,139
2068,139
2069,139
2070,139
2071,139
2072,139
2073,139
2074,139
2075,139
2076,139
2077,139
2078,139
2079,139
2080,139
2081,139
2082,139
2083,139
2084,139
2085,139
2086,139
2087,139
2088,139
2089,139
2090,139
2091,139
2092,139
2093,139
2094,139
2095,139
2096,139
2097,139
2098,139
2099,139
2100,139
2101,139
2102,139
2103,139
2104,139
2105,139
2106,139
2107,139
2108,139
2109,139
2110,139
2111,139
2112,139
2113,139
2114,139
2115,139
2116,139
2117,139
2118,139
2119,139
2120,139
2121,139
2122,139
2123,139
2124,139
2125,139
2126,139
2127,139
2128,139
2129,139
2130,139
2131,139
2132,139
2133,139
2134,139
2135,139
2136,139
2137,139
2138,139
2139,139
2140,139
2141,139
2142,139
2143,139
2144,139
2145,139
2146,139
2147,139
2148,139
2149,139
2150,139
2151,139
2152,139
2153,139
2154,139
2155,139
2156,139
2157,139
2158,139
2159,139
2160,139
2161,139
2162,139
2163,139
2164,139
2165,139
2166,139
2167,139
2168,139
2169,139
2170,139
2171,139
2172,139
2173,139
2174,139
2175,139
2176,139
2177,139
2178,139
2179,139
2180,139
2181,139
2182,139
2183,139
2184,139
2185,139
2186,139
2187,139
2188,139
2189,139
2190,139
2191,139
2192,139
2193,139
2194,139
2195,139
2196,139
2197,139
2198,139
2199,139
2200,139
2201,139
2202,139
2203,139
2204,139
2205,139
2206,139
2207,139
2208,140
2209,140
2210,140
2211,140
2212,140
2213,140
2214,140
2215,140
2216,140
2217,140
2218,140
2219,140
2220,140
2221,140
2222,140
2223,140
2224,140
2225,140
2226,140
2227,140
2228,140
2229,140
2230,140
2231,140
2232,140
2233,140
2234,140
2235,140
2236,140
2237,140
2238,140
2239,140
2240,140
2241,140
2242,140
2243,140
2244,140
2245,140
2246,140
2247,140
2248,140
2249,140
2250,140
2251,140
2252,140
2253,140
2254,140
2255,140
2256,140
2257,140
2258,140
2259,140
2260,140
2261,140
2262,140
2263,140
2264,140
2265,140
2266,140
2267,140
2268,140
2269,140
2270,140
2271,140
2272,140
2273,140
2274,140
2275,140
2276,140
2277,140
2278,140
2279,140
2280,140
2281,140
2282,140
2283,140
2284,140
2285,140
2286,140
2287,140
2288,140
2289,140
2290,140
2291,140
2292,140
2293,140
2294,140
2295,140
2296,140
2297,140
2298,140
2299,140
2300,140
2301,140
2302,140
2303,140
2304,140
2305,140
2306,140
2307,140
2308,140
2309,140
2310,140
2311,140
2312,140
2313,140
2314,140
2315,140
2316,140
2317,140
2318,140
2319,140
2320,140
2321,140
2322,140
2323,140
2324,140
2325,140
2326,140
2327,140
2328,140
2329,140
2330,140
2331,140
2332,140
2333,140
2334,140
2335,140
2336,140
2337,140
2338,140
2339,140
2340,140
2341,140
2342,140
2343,140
2344,140
2345,140
2346,140
2347,140
2348,140
2349,140
2350,140
2351,140
2352,140
2353,140
2354,140
2355,140
2356,140
2357,140
2358,140
2359,140
2360,140
2361,140
2362,140
2363,140
2364,140
2365,140
2366,140
2367,140
2368,140
2369,140
2370,140
2371,140
2372,140
2373,140
2374,140
2375,140
2376,140
2377,140
2378,140
2379,140
2380,140
2381,140
2382,140
2383,140
2384,140
2385,140
2386,140
2387,140
2388,140
2389,140
2390,140
2391,140
2392,140
2393,140
2394,140
2395,140
2396,140
2397,140
2398,140
2399,140
2400,140
2401,140
2402,140
2403,140
2404,140
2405,140
2406,140
2407,140
2408,140
2409,140
2410,140
2411,140
2412,140
2413,140
2414,140
2415,140
2416,140
2417,140
2418,140
2419,140
2420,140
2421,140
2422,140
2423,140
2424,140
2425,140
2426,140
2427,140
2428,140
2429,140
2430,140
2431,140
2432,140
2433,140
2434,140
2435,140
2436,140
2437,140
2438,140
2439,140
2440,140
2441,140
2442,140
2443,140
2444,140
2445,140
2446,140
2447,140
2448,140
2449,140
2450,140
2451,140
2452,140
2453,140
2454,140
2455,140
2456,140
2457,140
2458,140
2459,140
2460,140
2461,140
2462,140
2463,140
2464,140
2465,140
2466,140
2467,140
2468,140
2469,140
2470,140
2471,140
2472,140
2473,140
2474,140
2475,140
2476,140
2477,140
2478,140
2479,140
2480,140
2481,140
2482,140
2483,140
2484,140
2485,140
2486,140
2487,140
2488,140
2489,140
2490,140
2491,140
2492,140
2493,140
2494,140
2495,140
2496,140
2497,140
2498,140
2499,140
2500,140
2501,140
2502,140
2503,140
2504,140
2505,140
2506,140
2507,140
2508,140
2509,140
2510,140
2511,140
2512,140
2513,140
2514,140
2515,140
2516,140
2517,140
2518,140
2519,140
2520,140
2521,140
2522,140
2523,140
2524,140
2525,140
2526,140
2527,140
2528,140
2529,140
2530,140
2531,140
2532,140
2533,140
2534,140
2535,140
2536,140
2537,140
2538,140
2539,140
2540,140
2541,140
2542,140
2543,140
2544,140
2545,140
2546,140
2547,140
2548,140
2549,140
2550,140
2551,140
2552,140
2553,140
2554,140
2555,140
2556,140
2557,140
2558,140
2559,140
2560,140
2561,140
2562,140
2563,140
2564,140
2565,140
2566,140
2567,140
2568,140
2569,140
2570,140
2571,140
2572,140
2573,140
2574,140
2575,140
2576,140
2577,140
2578,140
2579,140
2580,140
2581,140
2582,140
2583,140
2584,140
2585,140
2586,140
2587,140
2588,140
2589,140
2590,140
2591,140
2592,140
2593,140
2594,140
2595,140
2596,140
2597,140
2598,140
2599,140
2600,140
2601,140
2602,140
2603,140
2604,140
2605,140
2606,140
2607,140
2608,140
2609,140
2610,140
2611,140
2612,140
2613,140
2614,140
2615,140
2616,140
2617,140
2618,140
2619,140
2620,140
2621,140
2622,140
2623,140
2624,140
2625,140
2626,140
2627,140
2628,140
2629,140
2630,140
2631,140
2632,140
2633,140
2634,140
2635,140
2636,140
2637,140
2638,140
2639,140
2640,140
2641,140
2642,140
2643,140
2644,140
2645,140
2646,140
2647,140
2648,140
2649,140
2650,140
2651,140
2652,140
2653,140
2654,140
2655,140
2656,140
2657,140
2658,140
2659,140
2660,140
2661,140
2662,140
2663,140
2664,140
2665,140
2666,140
2667,140
2668,140
2669,140
2670,140
2671,140
2672,140
2673,140
2674,140
2675,140
2676,140
2677,140
2678,140
2679,140
2680,140
2681,140
2682,140
2683,140
2684,140
2685,140
2686,140
2687,140
2688,140
2689,140
2690,140
2691,140
2692,140
2693,140
2694,140
2695,140
2696,140
2697,140
2698,140
2699,140
2700,140
2701,140
2702,140
2703,140
2704,140
2705,140
2706,140
2707,140
2708,140
2709,140
2710,140
2711,140
2712,140
2713,140
2714,140
2715,140
2716,140
2717,140
2718,140
2719,140
2720,140
2721,140
2722,140
2723,140
2724,140
2725,140
2726,140
2727,140
2728,140
2729,140
2730,140
2731,140
2732,140
2733,140
2734,140
2735,140
2736,140
2737,140
2738,140
2739,140
2740,140
2741,140
2742,140
2743,140
2744,140
2745,140
2746,140
2747,140
2748,140
2749,140
2750,140
2751,140
2752,140
2753,140
2754,140
2755,140
2756,140
2757,140
2758,140
2759,140
2760,140
2761,140
2762,140
2763,140
2764,140
2765,140
2766,140
2767,140
2768,140
2769,140
2770,140
2771,140
2772,140
2773,140
2774,140
2775,140
2776,140
2777,140
2778,140
2779,140
2780,140
2781,140
2782,140
2783,140
2784,140
2785,140
2786,140
2787,140
2788,140
2789,140
2790,140
2791,140
2792,140
2793,140
2794,140
2795,140
2796,140
2797,140
2798,140
2799,140
2800,140
2801,140
2802,140
2803,140
2804,140
2805,140
2806,140
2807,140
2808,140
2809,140
2810,140
2811,140
2812,140
2813,140
2814,140
2815,140
2816,140
2817,140
2818,140
2819,140
2820,140
2821,140
2822,140
2823,140
2824,140
2825,140
2826,140
2827,140
2828,140
2829,140
2830,140
2831,140
2832,140
2833,140
2834,140
2835,140
2836,140
2837,140
2838,140
2839,140
2840,140
2841,140
2842,140
2843,140
2844,140
2845,140
2846,140
2847,140
2848,140
2849,140
2850,140
2851,140
2852,140
2853,140
2854,140
2855,140
2856,140
2857,140
2858,140
2859,140
2860,140
2861,140
2862,140
2863,140
2864,140
2865,140
2866,140
2867,140
2868,140
2869,140
2870,140
2871,140
2872,140
2873,140
2874,140
2875,140
2876,140
2877,140
2878,140
2879,140
2880,140
2881,140
2882,140
2883,140
2884,140
2885,140
2886,140
2887,140
2888,140
2889,140
2890,140
2891,140
2892,140
2893,140
2894,140
2895,140
2896,140
2897,140
2898,140
2899,140
2900,140
2901,140
2902,140
2903,140
2904,140
2905,140
2906,140
2907,140
2908,140
2909,140
2910,140
2911,140
2912,140
2913,140
2914,140
2915,140
2916,140
2917,140
2918,140
2919,140
2920,140
2921,140
2922,140
2923,140
2924,140
2925,140
2926,140
2927,140
2928,140
2929,140
2930,140
2931,140
2932,140
2933,140
2934,140
2935,140
2936,140
2937,140
2938,140
2939,140
2940,140
2941,140
2942,140
2943,140
2944,140
2945,140
2946,140
2947,140
2948,140
2949,140
2950,140
2951,140
2952,140
2953,140
2954,140
2955,140
2956,140
2957,140
2958,140
2959,140
2960,140
2961,140
2962,140
2963,140
2964,140
2965,140
2966,140
2967,140
2968,140
2969,140
2970,140
2971,140
2972,140
2973,140
2974,140
2975,140
2976,140
2977,140
2978,140
2979,140
2980,140
2981,140
2982,140
2983,140
2984,140
2985,140
2986,140
2987,140
2988,140
2989,140
2990,140
2991,140
2992,140
2993,140
2994,140
2995,140
2996,140
2997,140
2998,140
2999,140
3000,140
3001,140
3002,140
3003,140
3004,140
3005,140
3006,140
3007,140
3008,140
3009,140
3010,140
3011,140
3012,140
3013,140
3014,140
3015,140
3016,140
3017,140
3018,140
3019,140
3020,140
3021,140
3022,140
3023,140
3024,140
3025,140
3026,140
3027,140
3028,140
3029,140
3030,140
3031,140
3032,140
3033,140
3034,140
3035,140
3036,140
3037,140
3038,140
3039,140
3040,140
3041,140
3042,140
3043,140
3044,140
3045,140
3046,140
3047,140
3048,140
3049,140
3050,140
3051,140
3052,140
3053,140
3054,140
3055,140
3056,140
3057,140
3058,140
3059,140
3060,140
3061,140
3062,140
3063,140
3064,140
3065,140
3066,140
3067,140
3068,140
3069,140
3070,140
3071,140
3072,140
3073,140
3074,140
3075,140
3076,140
3077,140
3078,140
3079,141
3080,141
3081,141
3082,141
3083,141
3084,141
3085,141
3086,141
3087,141
3088,141
3089,141
3090,141
3091,141
3092,141
3093,141
3094,141
3095,141
3096,141
3097,141
3098,141
3099,141
3100,141
3101,141
3102,141
3103,141
3104,141
3105,141
3106,141
3107,141
3108,141
3109,141
3110,141
3111,141
3112,141
3113,141
3114,141
3115,141
3116,141
3117,141
3118,141
3119,141
3120,141
3121,141
3122,141
3123,141
3124,141
3125,141
3126,141
3127,141
3128,141
3129,141
3130,141
3131,141
3132,141
3133,141
3134,141
3135,141
3136,141
3137,142
3138,143
3139,143
3140,143
3141,144
3142,144
3143,144
3144,144
3145,144
3146,144
3147,144
3148,144
3149,144
3150,144
3151,144
3152,144
3153,144
3154,144
3155,144
3156,144
3157,144
3158,144
3159,144
3160,144
3161,144
3162,144
3163,144
3164,144
3165,144
3166,144
3167,144
3168,144
3169,144
3170,144
3171,144
3172,144
3173,144
3174,144
3175,144
3176,144
3177,144
3178,144
3179,144
3180,144
3181,144
3182,144
3183,144
3184,144
3185,144
3186,144
3187,144
3188,144
3189,144
3190,144
3191,144
3192,144
3193,144
3194,144
3195,144
3196,144
3197,144
3198,144
3199,144
3200,144
3201,144
3202,144
3203,144
3204,144
3205,144
3206,144
3207,144
3208,144
3209,144
3210,144
3211,144
3212,144
3213,144
3214,144
3215,145
