0,0
1,1
2,2
3,3
4,4
5,5
6,6
7,7
8,8
9,9
10,10
11,11
12,12
13,13
14,14
15,15
16,16
17,17
18,18
19,19
20,19
21,20
22,21
23,21
24,22
25,22
26,23
27,24
28,25
29,26
30,27
31,27
32,28
33,29
34,30
35,31
36,32
37,32
38,33
39,34
40,34
41,35
42,36
43,37
44,37
45,38
46,38
47,39
48,40
49,41
50,42
51,43
52,44
53,45
54,46
55,47
56,48
57,48
58,49
59,50
60,50
61,51
62,52
63,53
64,53
65,53
66,54
67,55
68,56
69,57
70,58
71,58
72,58
73,58
74,59
75,59
76,60
77,60
78,61
79,61
80,62
81,62
82,63
83,64
84,65
85,65
86,66
87,66
88,67
89,68
90,69
91,70
92,71
93,71
94,71
95,71
96,71
97,71
98,71
99,71
100,71
101,71
102,71
103,72
104,72
105,72
106,72
107,72
108,73
109,74
110,74
111,74
112,75
113,76
114,76
115,76
116,76
117,77
118,78
119,78
120,78
121,78
122,78
123,79
124,79
125,79
126,80
127,80
128,80
129,80
130,80
131,80
132,80
133,81
134,82
135,82
136,82
137,83
138,83
139,83
140,83
141,84
142,84
143,85
144,85
145,85
146,86
147,87
148,87
149,87
150,87
151,87
152,87
153,87
154,87
155,88
156,88
157,88
158,89
159,89
160,90
161,90
162,90
163,90
164,90
165,90
166,90
167,90
168,90
169,90
170,90
171,90
172,90
173,90
174,90
175,90
176,90
177,90
178,90
179,90
180,90
181,90
182,90
183,91
184,91
185,91
186,91
187,91
188,92
189,92
190,92
191,92
192,92
193,92
194,92
195,92
196,92
197,92
198,92
199,92
200,92
201,92
202,93
203,93
204,93
205,93
206,93
207,93
208,93
209,93
210,93
211,93
212,93
213,93
214,93
215,93
216,93
217,93
218,93
219,93
220,94
221,94
222,94
223,94
224,94
225,94
226,94
227,94
228,94
229,94
230,94
231,94
232,94
233,94
234,94
235,94
236,94
237,94
238,94
239,94
240,94
241,94
242,94
243,94
244,94
245,94
246,94
247,94
248,94
249,94
250,94
251,94
252,94
253,94
254,94
255,94
256,94
257,94
258,95
259,96
260,96
261,96
262,96
263,96
264,96
265,96
266,96
267,96
268,96
269,96
270,96
271,96
272,96
273,96
274,96
275,96
276,96
277,96
278,96
279,96
280,96
281,96
282,96
283,96
284,96
285,96
286,96
287,96
288,96
289,96
290,96
291,96
292,96
293,96
294,96
295,97
296,97
297,97
298,97
299,97
300,97
301,97
302,97
303,97
304,97
305,97
306,98
307,98
308,98
309,98
310,98
311,98
312,98
313,98
314,98
315,98
316,98
317,98
318,98
319,98
320,98
321,98
322,98
323,98
324,98
325,98
326,98
327,98
328,98
329,98
330,98
331,98
332,98
333,98
334,98
335,99
336,99
337,99
338,99
339,99
340,99
341,99
342,99
343,99
344,99
345,99
346,99
347,99
348,99
349,99
350,99
351,99
352,99
353,99
354,99
355,99
356,99
357,99
358,99
359,99
360,99
361,99
362,99
363,99
364,99
365,99
366,99
367,99
368,99
369,99
370,99
371,99
372,99
373,99
374,99
375,99
376,99
377,99
378,99
379,99
380,99
381,99
382,99
383,99
384,99
385,99
386,99
387,99
388,99
389,99
390,99
391,99
392,99
393,99
394,99
395,99
396,99
397,99
398,99
399,99
400,99
401,99
402,99
403,99
404,99
405,99
406,99
407,99
408,99
409,99
410,99
411,99
412,99
413,99
414,99
415,99
416,99
417,99
418,99
419,99
420,99
421,99
422,99
423,99
424,99
425,99
426,99
427,99
428,100
429,100
430,100
431,100
432,100
433,100
434,100
435,100
436,100
437,100
438,100
439,100
440,100
441,100
442,100
443,100
444,100
445,100
446,100
447,100
448,100
449,100
450,100
451,100
452,100
453,100
454,100
455,100
456,100
457,100
458,100
459,100
460,100
461,100
462,100
463,100
464,100
465,100
466,100
467,100
468,100
469,100
470,100
471,100
472,100
473,100
474,100
475,100
476,100
477,101
478,101
479,101
480,101
481,101
482,101
483,101
484,101
485,101
486,101
487,101
488,101
489,101
490,101
491,101
492,101
493,101
494,101
495,101
496,101
497,101
498,101
499,101
500,101
501,101
502,101
503,102
504,102
505,103
506,103
507,104
508,104
509,105
510,106
511,106
512,107
513,107
514,107
515,107
516,108
517,109
518,109
519,110
520,110
521,111
522,111
523,111
524,112
525,112
526,113
527,113
528,113
529,113
530,113
531,113
532,114
533,115
534,115
535,115
536,115
537,115
538,115
539,115
540,115
541,115
542,115
543,115
544,115
545,115
546,115
547,115
548,115
549,115
550,115
551,115
552,115
553,115
554,115
555,115
556,115
557,116
558,117
559,117
560,117
561,117
562,117
563,117
564,117
565,117
566,117
567,117
568,117
569,117
570,117
571,117
572,117
573,117
574,117
575,117
576,117
577,117
578,117
579,117
580,117
581,117
582,117
583,118
584,118
585,118
586,118
587,118
588,118
589,118
590,118
591,118
592,118
593,118
594,118
595,118
596,118
597,118
598,118
599,118
600,118
601,118
602,118
603,118
604,118
605,118
606,118
607,118
608,118
609,118
610,118
611,118
612,118
613,118
614,118
615,118
616,118
617,118
618,118
619,118
620,118
621,118
622,118
623,118
624,118
625,118
626,118
627,118
628,119
629,120
630,121
631,121
632,121
633,121
634,121
635,121
636,121
637,121
638,121
639,121
640,121
641,121
642,121
643,121
644,121
645,121
646,121
647,121
648,121
649,121
650,121
651,121
652,121
653,121
654,121
655,121
656,121
657,121
658,121
659,121
660,121
661,121
662,121
663,121
664,121
665,121
666,121
667,121
668,121
669,121
670,121
671,121
672,121
673,121
674,121
675,121
676,121
677,121
678,121
679,121
680,121
681,121
682,121
683,121
684,121
685,121
686,121
687,121
688,121
689,121
690,121
691,121
692,121
693,121
694,121
695,121
696,121
697,121
698,121
699,121
700,121
701,121
702,121
703,121
704,121
705,121
706,121
707,121
708,121
709,121
710,121
711,121
712,121
713,121
714,121
715,121
716,121
717,121
718,121
719,121
720,121
721,121
722,121
723,121
724,121
725,121
726,121
727,121
728,121
729,121
730,121
731,121
732,121
733,122
734,122
735,122
736,122
737,122
738,122
739,122
740,122
741,122
742,122
743,122
744,122
745,122
746,122
747,122
748,122
749,122
750,122
751,122
752,122
753,122
754,122
755,122
756,122
757,122
758,122
759,122
760,122
761,122
762,122
763,122
764,122
765,122
766,122
767,122
768,122
769,122
770,122
771,122
772,122
773,122
774,122
775,122
776,122
777,122
778,122
779,122
780,122
781,122
782,122
783,122
784,122
785,122
786,122
787,122
788,122
789,122
790,122
791,122
792,122
793,122
794,122
795,122
796,122
797,122
798,122
799,122
800,122
801,122
802,122
803,122
804,122
805,122
806,122
807,122
808,122
809,123
810,123
811,123
812,123
813,123
814,123
815,123
816,123
817,123
818,123
819,123
820,123
821,124
822,124
823,124
824,124
825,124
826,124
827,124
828,124
829,124
830,124
831,124
832,124
833,124
834,124
835,124
836,124
837,124
838,124
839,124
840,124
841,124
842,124
843,124
844,124
845,124
846,124
847,124
848,124
849,124
850,124
851,124
852,124
853,124
854,124
855,124
856,124
857,124
858,124
859,124
860,124
861,124
862,124
863,124
864,124
865,124
866,124
867,124
868,124
869,124
870,124
871,124
872,124
873,124
874,124
875,124
876,124
877,124
878,124
879,124
880,124
881,124
882,124
883,124
884,124
885,124
886,124
887,124
888,124
889,124
890,124
891,124
892,124
893,124
894,124
895,124
896,124
897,124
898,124
899,124
900,124
901,124
902,124
903,124
904,124
905,124
906,124
907,124
908,124
909,124
910,124
911,124
912,124
913,124
914,124
915,124
916,124
917,124
918,124
919,124
920,124
921,124
922,124
923,124
924,124
925,124
926,124
927,124
928,124
929,124
930,124
931,124
932,124
933,124
934,124
935,124
936,124
937,124
938,124
939,124
940,124
941,124
942,124
943,124
944,124
945,124
946,124
947,124
948,124
949,124
950,124
951,124
952,124
953,124
954,124
955,124
956,124
957,124
958,124
959,124
960,124
961,124
962,124
963,124
964,124
965,124
966,124
967,124
968,124
969,124
970,124
971,124
972,124
973,124
974,124
975,124
976,124
977,124
978,124
979,124
980,124
981,124
982,124
983,124
984,124
985,124
986,124
987,124
988,124
989,124
990,124
991,124
992,124
993,124
994,124
995,124
996,124
997,124
998,124
999,124
1000,124
1001,124
1002,124
1003,124
1004,124
1005,124
1006,124
1007,124
1008,124
1009,124
1010,124
1011,124
1012,124
1013,124
1014,124
1015,124
1016,124
1017,124
1018,124
1019,124
1020,124
1021,124
1022,124
1023,124
1024,124
1025,124
1026,124
1027,124
1028,124
1029,124
1030,124
1031,124
1032,124
1033,124
1034,124
1035,124
1036,124
1037,124
1038,124
1039,124
1040,124
1041,124
1042,124
1043,124
1044,124
1045,124
1046,124
1047,124
1048,124
1049,124
1050,124
1051,124
1052,124
1053,124
1054,124
1055,124
1056,124
1057,124
1058,124
1059,124
1060,124
1061,124
1062,124
1063,124
1064,124
1065,124
1066,124
1067,124
1068,124
1069,124
1070,124
1071,124
1072,124
1073,124
1074,124
1075,124
1076,124
1077,124
1078,124
1079,124
1080,124
1081,124
1082,124
1083,124
1084,124
1085,124
1086,124
1087,124
1088,124
1089,124
1090,124
1091,124
1092,124
1093,124
1094,124
1095,124
1096,124
1097,124
1098,124
1099,124
1100,124
1101,124
1102,124
1103,124
1104,124
1105,124
1106,124
1107,124
1108,124
1109,124
1110,124
1111,124
1112,124
1113,124
1114,124
1115,124
1116,124
1117,124
1118,124
1119,124
1120,124
1121,124
1122,124
1123,124
1124,124
1125,124
1126,124
1127,124
1128,124
1129,124
1130,124
1131,124
1132,124
1133,124
1134,124
1135,124
1136,124
1137,124
1138,124
1139,124
1140,124
1141,124
1142,124
1143,124
1144,124
1145,124
1146,124
1147,124
1148,124
1149,124
1150,124
1151,124
1152,124
1153,124
1154,124
1155,124
1156,124
1157,124
1158,124
1159,124
1160,124
1161,124
1162,124
1163,124
1164,124
1165,124
1166,124
1167,124
1168,124
1169,124
1170,124
1171,124
1172,124
1173,124
1174,124
1175,124
1176,124
1177,124
1178,124
1179,124
1180,124
1181,124
1182,124
1183,124
1184,124
1185,124
1186,124
1187,124
1188,124
1189,124
1190,124
1191,124
1192,124
1193,124
1194,124
1195,124
1196,124
1197,124
1198,124
1199,124
1200,124
1201,124
1202,124
1203,124
1204,124
1205,124
1206,124
1207,124
1208,124
1209,124
1210,124
1211,124
1212,124
1213,124
1214,124
1215,124
1216,124
1217,124
1218,124
1219,124
1220,124
1221,124
1222,124
1223,124
1224,124
1225,124
1226,124
1227,124
1228,124
1229,124
1230,124
1231,124
1232,124
1233,124
1234,124
1235,124
1236,124
1237,124
1238,124
1239,124
1240,124
1241,125
1242,125
1243,125
1244,125
1245,125
1246,125
1247,125
1248,125
1249,125
1250,125
1251,125
1252,125
1253,125
1254,125
1255,125
1256,125
1257,125
1258,125
1259,125
1260,125
1261,125
1262,125
1263,125
1264,125
1265,125
1266,125
1267,125
1268,125
1269,125
1270,125
1271,125
1272,125
1273,125
1274,125
1275,125
1276,125
1277,125
1278,125
1279,125
1280,125
1281,125
1282,125
1283,125
1284,125
1285,125
1286,125
1287,125
1288,125
1289,125
1290,125
1291,125
1292,125
1293,125
1294,125
1295,125
1296,125
1297,125
1298,125
1299,125
1300,125
1301,125
1302,125
1303,125
1304,125
1305,125
1306,125
1307,125
1308,125
1309,125
1310,125
1311,125
1312,125
1313,125
1314,125
1315,125
1316,125
1317,125
1318,125
1319,125
1320,125
1321,125
1322,125
1323,125
1324,125
1325,125
1326,125
1327,125
1328,125
1329,125
1330,125
1331,125
1332,125
1333,125
1334,125
1335,125
1336,126
1337,126
1338,127
1339,128
1340,129
1341,130
1342,131
1343,131
1344,132
1345,132
1346,132
1347,132
1348,132
1349,132
1350,132
1351,132
1352,132
1353,132
1354,132
1355,132
1356,132
1357,132
1358,132
1359,132
1360,132
1361,132
1362,132
1363,132
1364,132
1365,132
1366,132
1367,132
1368,132
1369,132
1370,132
1371,132
1372,132
1373,132
1374,132
1375,132
1376,132
1377,132
1378,132
1379,132
1380,132
1381,132
1382,132
1383,132
1384,132
1385,132
1386,132
1387,132
1388,132
1389,132
1390,132
1391,132
1392,132
1393,132
1394,132
1395,132
1396,132
1397,132
1398,132
1399,132
1400,132
1401,132
1402,132
1403,132
1404,132
1405,132
1406,132
1407,132
1408,132
1409,132
1410,132
1411,132
1412,132
1413,132
1414,132
1415,132
1416,132
1417,132
1418,132
1419,132
1420,132
1421,132
1422,132
1423,132
1424,132
1425,132
1426,132
1427,132
1428,132
1429,132
1430,132
1431,132
1432,132
1433,132
1434,132
1435,132
1436,132
1437,132
1438,132
1439,132
1440,132
1441,132
1442,132
1443,132
1444,132
1445,132
1446,132
1447,132
1448,132
1449,132
1450,132
1451,132
1452,132
1453,132
1454,132
1455,132
1456,132
1457,132
1458,132
1459,132
1460,132
1461,132
1462,132
1463,132
1464,132
1465,132
1466,132
1467,132
1468,132
1469,132
1470,132
1471,132
1472,132
1473,132
1474,132
1475,132
1476,132
1477,132
1478,132
1479,132
1480,132
1481,132
1482,132
1483,132
1484,132
1485,132
1486,132
1487,132
1488,132
1489,132
1490,132
1491,132
1492,132
1493,132
1494,132
1495,132
1496,132
1497,132
1498,132
1499,132
1500,132
1501,132
1502,132
1503,132
1504,132
1505,132
1506,132
1507,132
1508,132
1509,132
1510,132
1511,132
1512,132
1513,132
1514,132
1515,132
1516,132
1517,132
1518,132
1519,132
1520,132
1521,132
1522,132
1523,132
1524,132
1525,132
1526,132
1527,132
1528,132
1529,132
1530,132
1531,132
1532,132
1533,132
1534,132
1535,132
1536,132
1537,132
1538,132
1539,132
1540,132
1541,132
1542,132
1543,132
1544,132
1545,132
1546,132
1547,132
1548,132
1549,132
1550,132
1551,132
1552,132
1553,132
1554,132
1555,132
1556,132
1557,132
1558,132
1559,132
1560,132
1561,132
1562,132
1563,132
1564,132
1565,132
1566,132
1567,132
1568,132
1569,132
1570,132
1571,132
1572,132
1573,132
1574,132
1575,132
1576,132
1577,132
1578,132
1579,132
1580,132
1581,132
1582,132
1583,132
1584,132
1585,132
1586,132
1587,132
1588,132
1589,132
1590,132
1591,132
1592,132
1593,132
1594,132
1595,132
1596,132
1597,132
1598,132
1599,132
1600,132
1601,132
1602,132
1603,132
1604,132
1605,132
1606,132
1607,132
1608,132
1609,132
1610,132
1611,132
1612,132
1613,132
1614,132
1615,132
1616,132
1617,132
1618,132
1619,132
1620,132
1621,132
1622,132
1623,132
1624,132
1625,132
1626,132
1627,132
1628,132
1629,132
1630,132
1631,132
1632,132
1633,132
1634,132
1635,132
1636,132
1637,132
1638,132
1639,132
1640,132
1641,132
1642,132
1643,132
1644,132
1645,132
1646,132
1647,132
1648,132
1649,132
1650,132
1651,132
1652,132
1653,132
1654,132
1655,132
1656,132
1657,132
1658,132
1659,132
1660,132
1661,132
1662,132
1663,132
1664,132
1665,132
1666,132
1667,132
1668,132
1669,132
1670,132
1671,132
1672,132
1673,132
1674,132
1675,132
1676,132
1677,132
1678,132
1679,132
1680,132
1681,132
1682,132
1683,132
1684,132
1685,132
1686,132
1687,132
1688,132
1689,132
1690,132
1691,132
1692,132
1693,132
1694,133
1695,133
1696,133
1697,133
1698,133
1699,133
1700,133
1701,133
1702,133
1703,134
1704,134
1705,134
1706,134
1707,134
1708,134
1709,134
1710,134
1711,134
1712,134
1713,134
1714,134
1715,134
1716,134
1717,134
1718,134
1719,134
1720,134
1721,134
1722,134
1723,134
1724,134
1725,134
1726,134
1727,134
1728,134
1729,134
1730,134
1731,134
1732,134
1733,134
1734,134
1735,134
1736,134
1737,134
1738,134
1739,134
1740,134
1741,134
1742,134
1743,134
1744,134
1745,134
1746,134
1747,134
1748,134
1749,134
1750,134
1751,134
1752,134
1753,134
1754,134
1755,134
1756,134
1757,134
1758,134
1759,134
1760,134
1761,134
1762,134
1763,134
1764,134
1765,134
1766,134
1767,134
1768,134
1769,134
1770,134
1771,134
1772,134
1773,134
1774,134
1775,134
1776,134
1777,134
1778,134
1779,134
1780,134
1781,134
1782,134
1783,134
1784,134
1785,134
1786,134
1787,134
1788,134
1789,134
1790,134
1791,134
1792,134
1793,134
1794,134
1795,134
1796,134
1797,134
1798,134
1799,134
1800,134
1801,134
1802,134
1803,134
1804,134
1805,134
1806,134
1807,134
1808,134
1809,134
1810,134
1811,134
1812,134
1813,134
1814,134
1815,134
1816,134
1817,134
1818,134
1819,134
1820,134
1821,134
1822,134
1823,134
1824,134
1825,134
1826,134
1827,134
1828,134
1829,134
1830,134
1831,134
1832,134
1833,134
1834,134
1835,134
1836,134
1837,134
1838,134
1839,134
1840,134
1841,134
1842,134
1843,134
1844,134
1845,134
1846,134
1847,134
1848,134
1849,134
1850,134
1851,134
1852,134
1853,134
1854,134
1855,134
1856,134
1857,134
1858,134
1859,134
1860,134
1861,134
1862,134
1863,134
1864,134
1865,134
1866,134
1867,134
1868,134
1869,134
1870,134
1871,134
1872,134
1873,134
1874,134
1875,134
1876,134
1877,134
1878,134
1879,134
1880,134
1881,134
1882,134
1883,134
1884,134
1885,134
1886,134
1887,134
1888,134
1889,134
1890,134
1891,134
1892,134
1893,134
1894,134
1895,134
1896,134
1897,134
1898,134
1899,134
1900,134
1901,134
1902,134
1903,134
1904,134
1905,134
1906,134
1907,134
1908,134
1909,134
1910,134
1911,134
1912,134
1913,134
1914,134
1915,134
1916,134
1917,134
1918,134
1919,134
1920,134
1921,134
1922,134
1923,134
1924,134
1925,134
1926,134
1927,134
1928,134
1929,134
1930,134
1931,134
1932,134
1933,134
1934,134
1935,134
1936,134
1937,134
1938,134
1939,134
1940,134
1941,134
1942,134
1943,134
1944,134
1945,134
1946,134
1947,134
1948,134
1949,134
1950,134
1951,134
1952,134
1953,134
1954,134
1955,134
1956,134
1957,134
1958,134
1959,134
1960,134
1961,134
1962,134
1963,134
1964,134
1965,134
1966,134
1967,134
1968,134
1969,134
1970,134
1971,134
1972,134
1973,134
1974,134
1975,134
1976,134
1977,134
1978,134
1979,134
1980,134
1981,134
1982,134
1983,134
1984,134
1985,134
1986,134
1987,134
1988,134
1989,134
1990,134
1991,134
1992,134
1993,134
1994,134
1995,134
1996,134
1997,134
1998,134
1999,134
2000,134
2001,134
2002,134
2003,134
2004,134
2005,134
2006,134
2007,134
2008,134
2009,134
2010,134
2011,134
2012,134
2013,134
2014,134
2015,134
2016,134
2017,134
2018,134
2019,134
2020,134
2021,134
2022,134
2023,134
2024,134
2025,134
2026,134
2027,134
2028,134
2029,134
2030,134
2031,134
2032,134
2033,134
2034,134
2035,134
2036,134
2037,134
2038,134
2039,134
2040,134
2041,134
2042,134
2043,134
2044,134
2045,134
2046,134
2047,134
2048,134
2049,134
2050,135
2051,135
2052,135
2053,135
2054,135
2055,135
2056,135
2057,135
2058,135
2059,135
2060,135
2061,135
2062,135
2063,135
2064,135
2065,135
2066,135
2067,135
2068,135
2069,135
2070,135
2071,135
2072,135
2073,135
2074,135
2075,135
2076,135
2077,135
2078,135
2079,135
2080,135
2081,135
2082,135
2083,135
2084,135
2085,135
2086,135
2087,135
2088,135
2089,135
2090,135
2091,135
2092,135
2093,135
2094,135
2095,135
2096,135
2097,135
2098,135
2099,135
2100,135
2101,135
2102,135
2103,135
2104,135
2105,135
2106,135
2107,135
2108,135
2109,135
2110,135
2111,135
2112,135
2113,135
2114,135
2115,135
2116,135
2117,135
2118,135
2119,135
2120,135
2121,135
2122,135
2123,135
2124,135
2125,136
2126,136
2127,136
2128,136
2129,136
2130,136
2131,136
2132,136
2133,136
2134,136
2135,136
2136,136
2137,136
2138,136
2139,136
2140,136
2141,136
2142,136
2143,136
2144,136
2145,136
2146,136
2147,136
2148,136
2149,136
2150,136
2151,136
2152,136
2153,136
2154,136
2155,136
2156,136
2157,136
2158,136
2159,136
2160,136
2161,136
2162,136
2163,136
2164,136
2165,136
2166,136
2167,136
2168,136
2169,136
2170,136
2171,136
2172,136
2173,136
2174,136
2175,136
2176,136
2177,136
2178,136
2179,136
2180,136
2181,136
2182,136
2183,136
2184,136
2185,136
2186,136
2187,136
2188,136
2189,136
2190,136
2191,136
2192,136
2193,136
2194,136
2195,136
2196,136
2197,136
2198,136
2199,136
2200,136
2201,136
2202,136
2203,136
2204,136
2205,136
2206,136
2207,136
2208,136
2209,136
2210,136
2211,136
2212,136
2213,136
2214,136
2215,136
2216,136
2217,136
2218,136
2219,136
2220,136
2221,136
2222,136
2223,136
2224,136
2225,136
2226,136
2227,136
2228,136
2229,136
2230,136
2231,136
2232,136
2233,136
2234,136
2235,136
2236,137
2237,138
2238,139
2239,140
2240,140
2241,140
2242,140
2243,141
2244,141
2245,141
2246,141
2247,141
2248,141
2249,141
2250,141
2251,141
2252,141
2253,141
2254,142
2255,143
2256,144
2257,144
2258,144
2259,144
2260,144
2261,144
2262,144
2263,144
2264,144
2265,144
2266,144
2267,144
2268,145
