0,0
1,1
2,2
3,3
4,4
5,5
6,6
7,7
8,8
9,9
10,10
11,11
12,11
13,12
14,13
15,14
16,14
17,14
18,15
19,16
20,17
21,18
22,18
23,19
24,19
25,20
26,21
27,21
28,22
29,23
30,23
31,24
32,24
33,24
34,25
35,26
36,27
37,28
38,29
39,30
40,31
41,32
42,32
43,33
44,33
45,34
46,35
47,36
48,37
49,38
50,39
51,40
52,41
53,42
54,43
55,44
56,44
57,45
58,45
59,45
60,46
61,47
62,48
63,48
64,49
65,49
66,50
67,51
68,52
69,53
70,54
71,54
72,54
73,55
74,56
75,56
76,56
77,57
78,57
79,58
80,58
81,59
82,59
83,59
84,59
85,59
86,59
87,59
88,59
89,59
90,59
91,59
92,59
93,59
94,59
95,60
96,60
97,61
98,62
99,63
100,63
101,63
102,63
103,63
104,64
105,64
106,64
107,65
108,66
109,66
110,67
111,67
112,67
113,67
114,67
115,67
116,67
117,67
118,67
119,67
120,67
121,67
122,67
123,68
124,69
125,69
126,69
127,69
128,69
129,70
130,70
131,71
132,71
133,72
134,72
135,72
136,72
137,72
138,72
139,72
140,72
141,72
142,72
143,72
144,73
145,73
146,74
147,74
148,74
149,75
150,75
151,75
152,75
153,75
154,76
155,77
156,77
157,77
158,77
159,77
160,77
161,77
162,77
163,77
164,78
165,78
166,78
167,78
168,79
169,79
170,80
171,81
172,82
173,83
174,83
175,84
176,85
177,86
178,86
179,86
180,87
181,88
182,88
183,88
184,88
185,88
186,88
187,88
188,89
189,89
190,90
191,90
192,90
193,90
194,90
195,90
196,90
197,90
198,91
199,91
200,91
201,91
202,91
203,91
204,91
205,91
206,91
207,91
208,91
209,91
210,91
211,91
212,91
213,91
214,91
215,91
216,91
217,92
218,92
219,92
220,93
221,93
222,94
223,94
224,94
225,95
226,96
227,96
228,97
229,98
230,99
231,99
232,99
233,99
234,100
235,101
236,101
237,101
238,101
239,101
240,102
241,102
242,102
243,102
244,102
245,102
246,102
247,102
248,102
249,102
250,102
251,102
252,102
253,102
254,102
255,102
256,102
257,102
258,102
259,102
260,102
261,102
262,102
263,102
264,102
265,102
266,102
267,102
268,102
269,103
270,103
271,103
272,103
273,103
274,103
275,103
276,103
277,103
278,103
279,103
280,104
281,104
282,104
283,104
284,104
285,104
286,104
287,104
288,104
289,105
290,105
291,106
292,106
293,106
294,106
295,106
296,106
297,106
298,106
299,106
300,106
301,106
302,106
303,106
304,106
305,106
306,106
307,106
308,106
309,106
310,106
311,106
312,106
313,106
314,106
315,106
316,106
317,106
318,106
319,106
320,106
321,106
322,106
323,106
324,106
325,106
326,106
327,106
328,106
329,106
330,106
331,106
332,106
333,106
334,106
335,106
336,106
337,106
338,106
339,106
340,106
341,106
342,106
343,106
344,107
345,108
346,108
347,108
348,108
349,108
350,109
351,109
352,109
353,109
354,109
355,109
356,110
357,111
358,111
359,112
360,112
361,112
362,112
363,112
364,112
365,112
366,112
367,112
368,112
369,112
370,112
371,112
372,112
373,112
374,112
375,113
376,113
377,113
378,113
379,113
380,113
381,113
382,113
383,113
384,113
385,113
386,113
387,113
388,113
389,113
390,113
391,113
392,113
393,113
394,113
395,113
396,113
397,113
398,113
399,113
400,113
401,113
402,113
403,113
404,113
405,113
406,113
407,113
408,113
409,113
410,114
411,115
412,115
413,115
414,116
415,116
416,116
417,116
418,116
419,116
420,116
421,116
422,116
423,116
424,116
425,117
426,117
427,117
428,117
429,117
430,117
431,118
432,118
433,118
434,118
435,118
436,118
437,118
438,118
439,118
440,118
441,118
442,118
443,118
444,118
445,118
446,118
447,118
448,118
449,118
450,119
451,119
452,119
453,120
454,120
455,120
456,120
457,120
458,120
459,120
460,120
461,120
462,120
463,121
464,121
465,121
466,121
467,121
468,121
469,121
470,121
471,121
472,121
473,121
474,122
475,122
476,122
477,122
478,122
479,122
480,122
481,122
482,122
483,122
484,122
485,122
486,123
487,123
488,123
489,123
490,123
491,123
492,123
493,123
494,123
495,123
496,123
497,123
498,123
499,123
500,123
501,123
502,123
503,123
504,123
505,123
506,123
507,123
508,123
509,123
510,123
511,123
512,123
513,123
514,123
515,123
516,123
517,123
518,123
519,123
520,123
521,123
522,123
523,123
524,123
525,123
526,123
527,123
528,123
529,123
530,123
531,123
532,123
533,123
534,123
535,123
536,123
537,123
538,123
539,123
540,123
541,124
542,124
543,124
544,125
545,125
546,125
547,125
548,125
549,125
550,125
551,125
552,125
553,125
554,125
555,125
556,125
557,125
558,125
559,125
560,125
561,125
562,125
563,125
564,125
565,125
566,125
567,125
568,125
569,125
570,125
571,125
572,125
573,125
574,125
575,125
576,125
577,125
578,125
579,125
580,125
581,125
582,125
583,125
584,125
585,125
586,125
587,125
588,125
589,125
590,125
591,125
592,125
593,125
594,125
595,125
596,125
597,125
598,125
599,125
600,125
601,125
602,125
603,125
604,125
605,125
606,125
607,125
608,125
609,125
610,125
611,125
612,125
613,125
614,125
615,125
616,125
617,125
618,125
619,125
620,125
621,125
622,125
623,125
624,125
625,125
626,125
627,125
628,125
629,125
630,125
631,125
632,125
633,125
634,125
635,125
636,125
637,125
638,125
639,125
640,125
641,125
642,125
643,125
644,125
645,125
646,125
647,125
648,125
649,125
650,125
651,125
652,125
653,125
654,125
655,126
656,126
657,126
658,126
659,126
660,126
661,126
662,126
663,126
664,126
665,126
666,126
667,126
668,126
669,126
670,126
671,126
672,126
673,126
674,126
675,126
676,126
677,126
678,126
679,126
680,126
681,126
682,126
683,126
684,126
685,126
686,126
687,126
688,126
689,126
690,126
691,126
692,126
693,126
694,126
695,126
696,126
697,126
698,126
699,126
700,126
701,126
702,126
703,126
704,126
705,126
706,126
707,126
708,126
709,126
710,126
711,126
712,126
713,126
714,126
715,126
716,126
717,126
718,126
719,126
720,126
721,126
722,126
723,126
724,126
725,126
726,126
727,126
728,126
729,126
730,126
731,126
732,126
733,126
734,126
735,126
736,126
737,126
738,126
739,126
740,126
741,126
742,126
743,126
744,126
745,126
746,126
747,126
748,126
749,126
750,126
751,126
752,126
753,126
754,126
755,126
756,126
757,126
758,126
759,126
760,126
761,126
762,126
763,126
764,126
765,126
766,126
767,126
768,126
769,126
770,126
771,126
772,126
773,126
774,126
775,126
776,126
777,126
778,126
779,126
780,126
781,126
782,126
783,126
784,126
785,126
786,126
787,126
788,126
789,126
790,126
791,126
792,126
793,126
794,126
795,126
796,126
797,126
798,126
799,126
800,126
801,126
802,126
803,126
804,126
805,126
806,126
807,126
808,126
809,126
810,126
811,126
812,126
813,126
814,126
815,126
816,126
817,126
818,126
819,126
820,126
821,126
822,126
823,127
824,127
825,127
826,128
827,128
828,128
829,128
830,128
831,128
832,128
833,128
834,128
835,128
836,128
837,128
838,128
839,128
840,128
841,128
842,128
843,128
844,128
845,128
846,128
847,128
848,128
849,128
850,128
851,128
852,128
853,128
854,128
855,128
856,128
857,128
858,128
859,128
860,128
861,128
862,128
863,128
864,128
865,128
866,128
867,128
868,128
869,128
870,128
871,128
872,128
873,128
874,128
875,128
876,128
877,128
878,128
879,128
880,128
881,128
882,128
883,128
884,128
885,128
886,128
887,128
888,129
889,129
890,129
891,129
892,129
893,129
894,129
895,129
896,129
897,129
898,129
899,129
900,129
901,129
902,129
903,129
904,129
905,129
906,129
907,129
908,129
909,129
910,129
911,129
912,129
913,129
914,129
915,129
916,129
917,129
918,129
919,129
920,129
921,129
922,129
923,129
924,129
925,129
926,129
927,129
928,129
929,129
930,129
931,129
932,129
933,129
934,129
935,129
936,129
937,129
938,129
939,129
940,129
941,129
942,129
943,129
944,129
945,129
946,129
947,129
948,129
949,129
950,129
951,129
952,129
953,129
954,129
955,129
956,129
957,129
958,129
959,129
960,129
961,129
962,129
963,129
964,129
965,129
966,129
967,129
968,129
969,129
970,130
971,130
972,130
973,130
974,130
975,130
976,130
977,130
978,130
979,130
980,130
981,130
982,130
983,130
984,130
985,130
986,130
987,130
988,130
989,130
990,130
991,130
992,130
993,130
994,130
995,130
996,130
997,130
998,130
999,130
1000,130
1001,130
1002,130
1003,130
1004,130
1005,130
1006,130
1007,130
1008,130
1009,131
1010,131
1011,131
1012,131
1013,131
1014,131
1015,131
1016,131
1017,131
1018,131
1019,131
1020,131
1021,131
1022,131
1023,131
1024,131
1025,131
1026,131
1027,131
1028,131
1029,131
1030,131
1031,131
1032,131
1033,131
1034,131
1035,131
1036,131
1037,131
1038,131
1039,131
1040,131
1041,131
1042,131
1043,131
1044,131
1045,131
1046,131
1047,131
1048,131
1049,131
1050,131
1051,131
1052,131
1053,132
1054,132
1055,132
1056,132
1057,132
1058,132
1059,132
1060,132
1061,132
1062,132
1063,132
1064,132
1065,132
1066,132
1067,132
1068,132
1069,132
1070,132
1071,132
1072,132
1073,132
1074,132
1075,132
1076,132
1077,132
1078,132
1079,132
1080,132
1081,132
1082,132
1083,132
1084,132
1085,132
1086,132
1087,132
1088,132
1089,132
1090,132
1091,132
1092,132
1093,132
1094,132
1095,132
1096,132
1097,132
1098,132
1099,132
1100,132
1101,132
1102,132
1103,132
1104,132
1105,132
1106,132
1107,132
1108,132
1109,132
1110,132
1111,132
1112,132
1113,132
1114,132
1115,132
1116,132
1117,132
1118,132
1119,132
1120,132
1121,132
1122,132
1123,132
1124,132
1125,132
1126,132
1127,132
1128,132
1129,132
1130,132
1131,132
1132,132
1133,132
1134,132
1135,132
1136,132
1137,132
1138,132
1139,132
1140,132
1141,132
1142,132
1143,132
1144,132
1145,132
1146,132
1147,132
1148,132
1149,132
1150,132
1151,132
1152,132
1153,132
1154,132
1155,132
1156,132
1157,132
1158,132
1159,132
1160,132
1161,132
1162,132
1163,132
1164,132
1165,132
1166,132
1167,132
1168,132
1169,132
1170,132
1171,132
1172,132
1173,132
1174,132
1175,132
1176,132
1177,132
1178,132
1179,132
1180,132
1181,132
1182,132
1183,132
1184,132
1185,132
1186,132
1187,132
1188,132
1189,132
1190,132
1191,132
1192,132
1193,132
1194,132
1195,132
1196,132
1197,132
1198,132
1199,132
1200,132
1201,132
1202,132
1203,132
1204,132
1205,132
1206,132
1207,132
1208,132
1209,132
1210,132
1211,132
1212,132
1213,132
1214,132
1215,132
1216,132
1217,132
1218,132
1219,132
1220,132
1221,132
1222,132
1223,132
1224,132
1225,132
1226,132
1227,132
1228,132
1229,132
1230,132
1231,132
1232,132
1233,132
1234,132
1235,132
1236,132
1237,132
1238,132
1239,132
1240,132
1241,132
1242,132
1243,132
1244,132
1245,132
1246,132
1247,132
1248,132
1249,132
1250,132
1251,132
1252,132
1253,132
1254,132
1255,132
1256,132
1257,132
1258,132
1259,132
1260,132
1261,132
1262,132
1263,132
1264,132
1265,132
1266,132
1267,132
1268,132
1269,132
1270,132
1271,132
1272,132
1273,132
1274,132
1275,132
1276,132
1277,132
1278,132
1279,132
1280,132
1281,132
1282,132
1283,132
1284,132
1285,132
1286,132
1287,132
1288,132
1289,132
1290,132
1291,132
1292,132
1293,132
1294,132
1295,132
1296,132
1297,132
1298,132
1299,132
1300,132
1301,132
1302,132
1303,132
1304,132
1305,132
1306,132
1307,132
1308,132
1309,132
1310,132
1311,132
1312,132
1313,132
1314,132
1315,132
1316,132
1317,132
1318,132
1319,132
1320,132
1321,132
1322,132
1323,132
1324,132
1325,132
1326,132
1327,132
1328,132
1329,132
1330,132
1331,132
1332,132
1333,132
1334,132
1335,132
1336,132
1337,132
1338,132
1339,132
1340,132
1341,132
1342,132
1343,132
1344,132
1345,132
1346,132
1347,132
1348,132
1349,132
1350,132
1351,132
1352,132
1353,132
1354,132
1355,132
1356,132
1357,132
1358,132
1359,132
1360,132
1361,132
1362,132
1363,132
1364,132
1365,132
1366,132
1367,132
1368,132
1369,132
1370,132
1371,132
1372,132
1373,132
1374,132
1375,132
1376,132
1377,132
1378,133
1379,134
1380,134
1381,134
1382,134
1383,134
1384,134
1385,134
1386,134
1387,134
1388,134
1389,134
1390,134
1391,134
1392,134
1393,134
1394,134
1395,134
1396,134
1397,134
1398,134
1399,134
1400,134
1401,134
1402,134
1403,134
1404,134
1405,134
1406,134
1407,134
1408,134
1409,134
1410,134
1411,134
1412,134
1413,134
1414,134
1415,134
1416,134
1417,134
1418,134
1419,134
1420,134
1421,134
1422,134
1423,134
1424,134
1425,134
1426,134
1427,134
1428,134
1429,134
1430,134
1431,134
1432,134
1433,134
1434,134
1435,134
1436,134
1437,134
1438,134
1439,134
1440,134
1441,134
1442,134
1443,134
1444,134
1445,134
1446,134
1447,134
1448,134
1449,134
1450,134
1451,134
1452,134
1453,134
1454,134
1455,134
1456,134
1457,134
1458,134
1459,134
1460,134
1461,134
1462,134
1463,134
1464,134
1465,134
1466,134
1467,134
1468,134
1469,134
1470,134
1471,134
1472,134
1473,134
1474,134
1475,134
1476,134
1477,134
1478,134
1479,134
1480,134
1481,134
1482,134
1483,134
1484,134
1485,134
1486,135
1487,136
1488,137
1489,138
1490,139
1491,139
1492,139
1493,140
1494,141
1495,141
1496,141
1497,141
1498,142
1499,142
1500,142
1501,142
1502,142
1503,142
1504,142
1505,142
1506,142
1507,142
1508,142
1509,142
1510,142
1511,142
1512,142
1513,142
1514,142
1515,142
1516,142
1517,142
1518,142
1519,142
1520,142
1521,142
1522,142
1523,142
1524,142
1525,142
1526,142
1527,142
1528,142
1529,142
1530,142
1531,142
1532,142
1533,142
1534,142
1535,142
1536,142
1537,142
1538,142
1539,142
1540,142
1541,142
1542,142
1543,142
1544,142
1545,142
1546,142
1547,142
1548,142
1549,142
1550,142
1551,142
1552,142
1553,142
1554,142
1555,142
1556,142
1557,142
1558,142
1559,142
1560,142
1561,142
1562,142
1563,142
1564,142
1565,142
1566,142
1567,142
1568,142
1569,142
1570,142
1571,142
1572,142
1573,142
1574,142
1575,142
1576,142
1577,142
1578,142
1579,142
1580,142
1581,142
1582,142
1583,142
1584,142
1585,142
1586,142
1587,142
1588,142
1589,142
1590,142
1591,142
1592,142
1593,142
1594,142
1595,142
1596,142
1597,142
1598,142
1599,142
1600,142
1601,142
1602,142
1603,142
1604,142
1605,142
1606,142
1607,142
1608,142
1609,142
1610,142
1611,142
1612,142
1613,142
1614,142
1615,142
1616,142
1617,142
1618,142
1619,142
1620,142
1621,142
1622,142
1623,142
1624,142
1625,142
1626,142
1627,142
1628,142
1629,142
1630,142
1631,142
1632,142
1633,142
1634,142
1635,142
1636,142
1637,142
1638,142
1639,142
1640,142
1641,142
1642,142
1643,142
1644,142
1645,142
1646,142
1647,142
1648,142
1649,142
1650,142
1651,142
1652,142
1653,142
1654,142
1655,142
1656,142
1657,142
1658,142
1659,142
1660,142
1661,142
1662,142
1663,142
1664,142
1665,142
1666,142
1667,142
1668,142
1669,142
1670,142
1671,142
1672,142
1673,142
1674,143
1675,144
1676,144
1677,144
1678,144
1679,144
1680,144
1681,144
1682,144
1683,144
1684,144
1685,144
1686,144
1687,144
1688,144
1689,144
1690,144
1691,144
1692,144
1693,144
1694,144
1695,144
1696,144
1697,144
1698,144
1699,144
1700,144
1701,144
1702,144
1703,144
1704,144
1705,144
1706,144
1707,144
1708,144
1709,144
1710,144
1711,144
1712,144
1713,144
1714,144
1715,144
1716,144
1717,144
1718,144
1719,144
1720,144
1721,144
1722,144
1723,144
1724,144
1725,144
1726,144
1727,144
1728,144
1729,144
1730,144
1731,144
1732,144
1733,144
1734,144
1735,144
1736,144
1737,144
1738,144
1739,144
1740,144
1741,144
1742,144
1743,144
1744,144
1745,144
1746,144
1747,144
1748,144
1749,144
1750,144
1751,144
1752,144
1753,144
1754,144
1755,144
1756,144
1757,144
1758,144
1759,144
1760,145
