0,0
1,1
2,2
3,3
4,4
5,5
6,6
7,6
8,7
9,8
10,9
11,10
12,10
13,11
14,12
15,13
16,14
17,14
18,15
19,15
20,16
21,17
22,18
23,19
24,20
25,21
26,22
27,23
28,24
29,24
30,25
31,26
32,26
33,27
34,28
35,29
36,29
37,30
38,31
39,31
40,32
41,33
42,34
43,35
44,36
45,36
46,36
47,37
48,38
49,39
50,40
51,40
52,41
53,42
54,43
55,43
56,43
57,43
58,43
59,44
60,45
61,46
62,46
63,46
64,46
65,47
66,48
67,48
68,48
69,48
70,49
71,49
72,49
73,49
74,50
75,50
76,50
77,51
78,51
79,52
80,53
81,53
82,54
83,54
84,54
85,55
86,55
87,55
88,55
89,56
90,56
91,57
92,58
93,58
94,59
95,60
96,60
97,60
98,60
99,60
100,60
101,60
102,61
103,62
104,63
105,63
106,63
107,63
108,63
109,63
110,63
111,63
112,63
113,63
114,63
115,63
116,63
117,64
118,65
119,66
120,66
121,66
122,66
123,67
124,67
125,67
126,68
127,68
128,68
129,68
130,68
131,68
132,68
133,68
134,68
135,68
136,69
137,69
138,70
139,71
140,72
141,73
142,73
143,74
144,74
145,75
146,76
147,76
148,76
149,76
150,77
151,77
152,77
153,78
154,78
155,78
156,78
157,78
158,78
159,78
160,78
161,78
162,78
163,78
164,78
165,78
166,78
167,78
168,78
169,78
170,78
171,78
172,79
173,80
174,80
175,81
176,82
177,83
178,83
179,83
180,83
181,83
182,83
183,83
184,83
185,83
186,83
187,84
188,84
189,84
190,84
191,84
192,84
193,84
194,84
195,84
196,84
197,84
198,84
199,84
200,84
201,84
202,84
203,84
204,84
205,84
206,84
207,84
208,85
209,85
210,85
211,85
212,85
213,85
214,85
215,85
216,85
217,85
218,85
219,85
220,85
221,85
222,85
223,85
224,85
225,85
226,85
227,85
228,85
229,85
230,85
231,85
232,85
233,85
234,85
235,85
236,85
237,85
238,85
239,85
240,85
241,85
242,85
243,85
244,85
245,85
246,85
247,85
248,85
249,85
250,85
251,85
252,86
253,87
254,87
255,88
256,89
257,89
258,89
259,90
260,91
261,92
262,92
263,93
264,93
265,93
266,93
267,93
268,93
269,93
270,93
271,93
272,93
273,93
274,93
275,93
276,93
277,93
278,93
279,93
280,93
281,93
282,93
283,93
284,93
285,93
286,94
287,94
288,94
289,94
290,94
291,94
292,94
293,94
294,94
295,94
296,94
297,94
298,94
299,95
300,96
301,96
302,96
303,96
304,96
305,96
306,96
307,96
308,96
309,96
310,96
311,96
312,96
313,96
314,96
315,96
316,96
317,96
318,96
319,96
320,96
321,96
322,96
323,96
324,96
325,96
326,96
327,96
328,96
329,96
330,96
331,96
332,96
333,96
334,96
335,96
336,96
337,96
338,96
339,96
340,96
341,96
342,96
343,96
344,96
345,97
346,97
347,97
348,98
349,98
350,98
351,98
352,99
353,99
354,99
355,100
356,100
357,100
358,100
359,100
360,101
361,101
362,102
363,103
364,103
365,103
366,104
367,104
368,104
369,104
370,104
371,104
372,104
373,104
374,104
375,104
376,104
377,105
378,105
379,105
380,105
381,105
382,105
383,105
384,105
385,106
386,106
387,106
388,106
389,106
390,106
391,106
392,106
393,106
394,106
395,106
396,106
397,106
398,106
399,106
400,106
401,106
402,106
403,106
404,106
405,106
406,106
407,107
408,107
409,107
410,107
411,107
412,107
413,107
414,107
415,107
416,107
417,107
418,107
419,107
420,107
421,107
422,107
423,107
424,107
425,107
426,107
427,107
428,107
429,107
430,107
431,107
432,107
433,107
434,107
435,107
436,107
437,107
438,107
439,107
440,107
441,108
442,109
443,110
444,111
445,111
446,111
447,111
448,111
449,111
450,111
451,111
452,111
453,111
454,111
455,111
456,111
457,111
458,111
459,111
460,111
461,111
462,111
463,111
464,111
465,111
466,111
467,111
468,111
469,111
470,111
471,111
472,111
473,111
474,111
475,111
476,111
477,111
478,111
479,111
480,111
481,111
482,111
483,111
484,111
485,111
486,111
487,111
488,111
489,111
490,111
491,111
492,111
493,112
494,112
495,112
496,112
497,112
498,112
499,112
500,112
501,112
502,112
503,112
504,112
505,112
506,112
507,112
508,112
509,112
510,113
511,113
512,113
513,113
514,113
515,113
516,113
517,113
518,113
519,113
520,113
521,113
522,113
523,113
524,113
525,113
526,113
527,113
528,113
529,113
530,114
531,115
532,115
533,115
534,115
535,115
536,115
537,115
538,115
539,115
540,115
541,115
542,115
543,115
544,115
545,115
546,115
547,115
548,116
549,116
550,116
551,117
552,117
553,117
554,117
555,117
556,117
557,117
558,117
559,117
560,117
561,117
562,117
563,118
564,118
565,118
566,118
567,118
568,118
569,118
570,118
571,118
572,118
573,118
574,118
575,118
576,118
577,118
578,118
579,118
580,118
581,118
582,118
583,118
584,118
585,118
586,118
587,118
588,118
589,118
590,118
591,118
592,118
593,118
594,118
595,118
596,118
597,118
598,118
599,118
600,118
601,118
602,118
603,118
604,118
605,118
606,118
607,118
608,118
609,118
610,118
611,118
612,118
613,118
614,118
615,118
616,118
617,118
618,118
619,118
620,118
621,118
622,118
623,118
624,118
625,118
626,118
627,119
628,119
629,120
630,120
631,120
632,120
633,120
634,120
635,120
636,120
637,120
638,120
639,120
640,120
641,120
642,120
643,120
644,120
645,120
646,120
647,120
648,120
649,120
650,120
651,120
652,120
653,120
654,120
655,120
656,120
657,120
658,120
659,120
660,120
661,120
662,120
663,120
664,120
665,120
666,120
667,120
668,120
669,120
670,120
671,120
672,120
673,120
674,120
675,120
676,120
677,120
678,120
679,120
680,120
681,120
682,120
683,120
684,120
685,120
686,120
687,120
688,120
689,120
690,120
691,120
692,120
693,120
694,120
695,120
696,120
697,120
698,120
699,120
700,120
701,120
702,120
703,120
704,120
705,120
706,120
707,120
708,120
709,120
710,120
711,120
712,120
713,120
714,120
715,120
716,120
717,120
718,120
719,120
720,120
721,120
722,120
723,120
724,120
725,120
726,120
727,120
728,120
729,120
730,120
731,120
732,120
733,120
734,120
735,120
736,120
737,120
738,120
739,120
740,120
741,120
742,120
743,120
744,120
745,120
746,120
747,120
748,120
749,120
750,120
751,120
752,120
753,120
754,120
755,120
756,120
757,120
758,120
759,120
760,120
761,120
762,120
763,120
764,120
765,120
766,120
767,120
768,120
769,120
770,120
771,120
772,120
773,120
774,120
775,120
776,120
777,120
778,120
779,120
780,120
781,120
782,120
783,120
784,120
785,120
786,120
787,120
788,120
789,120
790,120
791,120
792,120
793,120
794,120
795,120
796,120
797,120
798,120
799,120
800,120
801,120
802,120
803,120
804,120
805,120
806,120
807,120
808,120
809,120
810,120
811,120
812,120
813,120
814,120
815,120
816,120
817,120
818,120
819,120
820,120
821,120
822,120
823,120
824,120
825,120
826,120
827,120
828,120
829,120
830,120
831,120
832,120
833,120
834,120
835,120
836,120
837,120
838,120
839,120
840,120
841,120
842,120
843,120
844,120
845,120
846,120
847,120
848,120
849,120
850,120
851,120
852,120
853,120
854,120
855,120
856,120
857,120
858,120
859,120
860,120
861,120
862,120
863,120
864,120
865,120
866,120
867,120
868,120
869,120
870,120
871,120
872,120
873,120
874,121
875,121
876,121
877,121
878,121
879,121
880,121
881,121
882,121
883,121
884,121
885,121
886,121
887,121
888,121
889,121
890,121
891,121
892,121
893,121
894,121
895,121
896,121
897,121
898,121
899,121
900,121
901,121
902,121
903,121
904,121
905,121
906,121
907,121
908,121
909,121
910,121
911,121
912,121
913,121
914,121
915,121
916,121
917,121
918,121
919,121
920,121
921,121
922,121
923,121
924,121
925,121
926,121
927,121
928,121
929,121
930,121
931,121
932,121
933,121
934,121
935,121
936,121
937,121
938,121
939,121
940,121
941,121
942,121
943,121
944,121
945,121
946,121
947,121
948,121
949,121
950,121
951,121
952,121
953,121
954,121
955,121
956,121
957,121
958,121
959,121
960,121
961,121
962,121
963,121
964,121
965,121
966,121
967,121
968,121
969,121
970,121
971,122
972,123
973,123
974,123
975,123
976,123
977,123
978,123
979,123
980,123
981,123
982,123
983,123
984,123
985,123
986,123
987,123
988,123
989,123
990,123
991,123
992,123
993,123
994,123
995,123
996,123
997,123
998,123
999,123
1000,123
1001,123
1002,123
1003,124
1004,125
1005,126
1006,127
1007,127
1008,127
1009,127
1010,127
1011,127
1012,127
1013,127
1014,127
1015,127
1016,127
1017,127
1018,127
1019,127
1020,127
1021,127
1022,127
1023,127
1024,127
1025,127
1026,127
1027,127
1028,127
1029,127
1030,127
1031,127
1032,127
1033,127
1034,127
1035,128
1036,129
1037,130
1038,131
1039,131
1040,131
1041,131
1042,131
1043,131
1044,131
1045,131
1046,131
1047,131
1048,131
1049,131
1050,131
1051,131
1052,131
1053,131
1054,131
1055,131
1056,131
1057,131
1058,131
1059,131
1060,131
1061,131
1062,131
1063,131
1064,131
1065,131
1066,131
1067,131
1068,131
1069,131
1070,131
1071,131
1072,131
1073,131
1074,131
1075,131
1076,131
1077,131
1078,131
1079,131
1080,131
1081,131
1082,131
1083,131
1084,131
1085,131
1086,132
1087,132
1088,132
1089,132
1090,132
1091,132
1092,132
1093,132
1094,132
1095,132
1096,132
1097,132
1098,132
1099,132
1100,132
1101,132
1102,132
1103,132
1104,132
1105,132
1106,132
1107,132
1108,132
1109,132
1110,132
1111,132
1112,132
1113,132
1114,133
1115,133
1116,133
1117,133
1118,133
1119,133
1120,133
1121,133
1122,133
1123,133
1124,133
1125,133
1126,133
1127,133
1128,133
1129,133
1130,133
1131,133
1132,133
1133,133
1134,133
1135,133
1136,133
1137,133
1138,133
1139,133
1140,133
1141,133
1142,133
1143,133
1144,133
1145,133
1146,133
1147,133
1148,133
1149,133
1150,133
1151,133
1152,133
1153,133
1154,133
1155,133
1156,133
1157,133
1158,133
1159,133
1160,133
1161,133
1162,133
1163,133
1164,133
1165,133
1166,133
1167,133
1168,133
1169,133
1170,133
1171,133
1172,133
1173,133
1174,133
1175,133
1176,133
1177,133
1178,133
1179,133
1180,133
1181,133
1182,133
1183,133
1184,133
1185,133
1186,133
1187,133
1188,133
1189,133
1190,133
1191,133
1192,133
1193,133
1194,133
1195,133
1196,133
1197,133
1198,133
1199,133
1200,133
1201,133
1202,133
1203,133
1204,133
1205,133
1206,133
1207,133
1208,133
1209,133
1210,133
1211,133
1212,133
1213,133
1214,133
1215,133
1216,133
1217,133
1218,133
1219,133
1220,133
1221,133
1222,133
1223,133
1224,133
1225,133
1226,133
1227,133
1228,133
1229,133
1230,133
1231,133
1232,133
1233,133
1234,133
1235,133
1236,133
1237,133
1238,133
1239,133
1240,133
1241,133
1242,133
1243,133
1244,133
1245,133
1246,133
1247,133
1248,133
1249,133
1250,133
1251,133
1252,133
1253,133
1254,133
1255,133
1256,133
1257,133
1258,133
1259,133
1260,133
1261,133
1262,133
1263,133
1264,133
1265,133
1266,133
1267,133
1268,133
1269,133
1270,133
1271,133
1272,133
1273,133
1274,133
1275,133
1276,133
1277,133
1278,133
1279,133
1280,133
1281,133
1282,133
1283,133
1284,133
1285,133
1286,133
1287,133
1288,133
1289,133
1290,133
1291,133
1292,133
1293,133
1294,133
1295,133
1296,133
1297,133
1298,133
1299,133
1300,133
1301,133
1302,133
1303,133
1304,133
1305,133
1306,133
1307,133
1308,133
1309,133
1310,133
1311,133
1312,133
1313,133
1314,133
1315,133
1316,133
1317,133
1318,133
1319,133
1320,133
1321,133
1322,133
1323,133
1324,133
1325,133
1326,133
1327,133
1328,133
1329,133
1330,133
1331,133
1332,133
1333,133
1334,133
1335,133
1336,133
1337,133
1338,133
1339,133
1340,133
1341,133
1342,133
1343,133
1344,133
1345,133
1346,133
1347,133
1348,133
1349,133
1350,133
1351,133
1352,133
1353,133
1354,133
1355,133
1356,133
1357,133
1358,133
1359,133
1360,133
1361,133
1362,133
1363,133
1364,133
1365,133
1366,133
1367,133
1368,133
1369,133
1370,133
1371,133
1372,133
1373,133
1374,133
1375,133
1376,133
1377,133
1378,133
1379,133
1380,133
1381,133
1382,133
1383,133
1384,133
1385,133
1386,133
1387,133
1388,133
1389,133
1390,133
1391,133
1392,133
1393,133
1394,133
1395,133
1396,133
1397,133
1398,133
1399,133
1400,133
1401,133
1402,133
1403,133
1404,133
1405,133
1406,133
1407,133
1408,133
1409,133
1410,133
1411,133
1412,133
1413,133
1414,133
1415,133
1416,133
1417,133
1418,133
1419,133
1420,133
1421,133
1422,133
1423,133
1424,133
1425,133
1426,133
1427,133
1428,133
1429,133
1430,133
1431,133
1432,133
1433,133
1434,133
1435,133
1436,133
1437,133
1438,133
1439,133
1440,133
1441,133
1442,133
1443,133
1444,134
1445,135
1446,135
1447,135
1448,135
1449,135
1450,135
1451,135
1452,135
1453,135
1454,135
1455,135
1456,135
1457,136
1458,136
1459,136
1460,136
1461,136
1462,136
1463,136
1464,136
1465,136
1466,136
1467,136
1468,136
1469,136
1470,136
1471,136
1472,136
1473,136
1474,136
1475,136
1476,136
1477,136
1478,136
1479,136
1480,136
1481,136
1482,136
1483,136
1484,136
1485,136
1486,136
1487,136
1488,136
1489,136
1490,136
1491,136
1492,136
1493,136
1494,136
1495,136
1496,136
1497,136
1498,136
1499,136
1500,136
1501,136
1502,136
1503,136
1504,136
1505,136
1506,136
1507,136
1508,136
1509,136
1510,136
1511,136
1512,136
1513,136
1514,136
1515,136
1516,136
1517,136
1518,136
1519,136
1520,137
1521,137
1522,138
1523,138
1524,138
1525,138
1526,138
1527,138
1528,138
1529,138
1530,138
1531,138
1532,138
1533,138
1534,138
1535,138
1536,138
1537,138
1538,138
1539,138
1540,138
1541,138
1542,138
1543,138
1544,138
1545,138
1546,138
1547,138
1548,138
1549,138
1550,138
1551,138
1552,138
1553,138
1554,138
1555,138
1556,138
1557,138
1558,138
1559,138
1560,138
1561,138
1562,138
1563,138
1564,138
1565,138
1566,138
1567,138
1568,138
1569,138
1570,138
1571,138
1572,138
1573,138
1574,138
1575,138
1576,138
1577,138
1578,138
1579,138
1580,138
1581,138
1582,139
1583,139
1584,139
1585,139
1586,139
1587,139
1588,139
1589,139
1590,139
1591,139
1592,139
1593,139
1594,139
1595,139
1596,139
1597,139
1598,139
1599,139
1600,139
1601,139
1602,139
1603,139
1604,139
1605,139
1606,139
1607,139
1608,139
1609,139
1610,139
1611,139
1612,139
1613,139
1614,139
1615,139
1616,139
1617,139
1618,139
1619,139
1620,139
1621,139
1622,139
1623,139
1624,139
1625,139
1626,139
1627,139
1628,139
1629,139
1630,139
1631,139
1632,139
1633,139
1634,139
1635,139
1636,139
1637,139
1638,139
1639,139
1640,139
1641,139
1642,139
1643,139
1644,139
1645,139
1646,139
1647,139
1648,139
1649,139
1650,139
1651,139
1652,139
1653,139
1654,139
1655,139
1656,139
1657,139
1658,139
1659,139
1660,139
1661,139
1662,139
1663,139
1664,139
1665,139
1666,139
1667,139
1668,139
1669,139
1670,139
1671,139
1672,139
1673,139
1674,139
1675,139
1676,139
1677,139
1678,139
1679,139
1680,139
1681,139
1682,139
1683,139
1684,139
1685,139
1686,139
1687,139
1688,139
1689,139
1690,139
1691,139
1692,139
1693,139
1694,139
1695,139
1696,139
1697,139
1698,139
1699,139
1700,139
1701,139
1702,139
1703,139
1704,139
1705,139
1706,139
1707,139
1708,139
1709,139
1710,139
1711,139
1712,139
1713,139
1714,139
1715,139
1716,139
1717,139
1718,139
1719,139
1720,139
1721,139
1722,139
1723,139
1724,139
1725,139
1726,139
1727,139
1728,139
1729,139
1730,139
1731,139
1732,139
1733,139
1734,139
1735,139
1736,139
1737,139
1738,139
1739,139
1740,139
1741,139
1742,139
1743,139
1744,139
1745,139
1746,139
1747,139
1748,139
1749,139
1750,139
1751,139
1752,139
1753,139
1754,139
1755,139
1756,139
1757,139
1758,139
1759,139
1760,139
1761,139
1762,139
1763,139
1764,139
1765,139
1766,139
1767,139
1768,139
1769,139
1770,139
1771,139
1772,139
1773,139
1774,139
1775,139
1776,139
1777,139
1778,139
1779,139
1780,139
1781,139
1782,139
1783,139
1784,139
1785,139
1786,139
1787,139
1788,139
1789,139
1790,139
1791,139
1792,139
1793,139
1794,139
1795,139
1796,139
1797,139
1798,139
1799,139
1800,139
1801,139
1802,139
1803,139
1804,139
1805,139
1806,139
1807,139
1808,139
1809,139
1810,139
1811,139
1812,139
1813,139
1814,139
1815,139
1816,139
1817,139
1818,139
1819,139
1820,139
1821,139
1822,139
1823,139
1824,139
1825,139
1826,139
1827,139
1828,139
1829,139
1830,139
1831,139
1832,139
1833,139
1834,139
1835,139
1836,139
1837,139
1838,139
1839,139
1840,139
1841,139
1842,139
1843,139
1844,139
1845,139
1846,139
1847,139
1848,139
1849,139
1850,139
1851,139
1852,139
1853,139
1854,139
1855,139
1856,139
1857,139
1858,139
1859,139
1860,139
1861,139
1862,139
1863,139
1864,139
1865,139
1866,139
1867,139
1868,139
1869,139
1870,139
1871,139
1872,139
1873,139
1874,139
1875,139
1876,139
1877,139
1878,139
1879,139
1880,139
1881,139
1882,139
1883,139
1884,139
1885,139
1886,139
1887,139
1888,139
1889,139
1890,139
1891,139
1892,139
1893,139
1894,139
1895,139
1896,139
1897,139
1898,139
1899,139
1900,139
1901,139
1902,139
1903,139
1904,139
1905,139
1906,139
1907,139
1908,139
1909,139
1910,139
1911,139
1912,139
1913,139
1914,139
1915,139
1916,139
1917,139
1918,139
1919,139
1920,139
1921,139
1922,139
1923,139
1924,139
1925,139
1926,139
1927,139
1928,139
1929,139
1930,139
1931,139
1932,139
1933,139
1934,139
1935,139
1936,139
1937,139
1938,139
1939,139
1940,139
1941,139
1942,139
1943,139
1944,139
1945,139
1946,139
1947,139
1948,139
1949,139
1950,139
1951,139
1952,139
1953,139
1954,139
1955,139
1956,139
1957,139
1958,139
1959,139
1960,139
1961,139
1962,139
1963,139
1964,139
1965,139
1966,139
1967,139
1968,139
1969,139
1970,139
1971,139
1972,139
1973,139
1974,139
1975,139
1976,139
1977,139
1978,139
1979,139
1980,139
1981,139
1982,139
1983,139
1984,139
1985,139
1986,139
1987,139
1988,139
1989,139
1990,139
1991,139
1992,139
1993,139
1994,139
1995,139
1996,139
1997,139
1998,139
1999,139
2000,139
2001,139
2002,139
2003,139
2004,139
2005,139
2006,139
2007,139
2008,139
2009,139
2010,139
2011,139
2012,139
2013,139
2014,139
2015,139
2016,139
2017,139
2018,139
2019,139
2020,139
2021,139
2022,139
2023,139
2024,139
2025,139
2026,139
2027,139
2028,139
2029,139
2030,139
2031,139
2032,139
2033,139
2034,139
2035,139
2036,139
2037,139
2038,139
2039,139
2040,139
2041,139
2042,139
2043,139
2044,139
2045,139
2046,139
2047,139
2048,139
2049,139
2050,139
2051,139
2052,139
2053,139
2054,139
2055,139
2056,139
2057,139
2058,139
2059,139
2060,139
2061,139
2062,139
2063,139
2064,139
2065,139
2066,139
2067,139
2068,139
2069,139
2070,139
2071,139
2072,139
2073,139
2074,139
2075,139
2076,139
2077,139
2078,139
2079,139
2080,139
2081,139
2082,139
2083,139
2084,139
2085,139
2086,139
2087,139
2088,139
2089,139
2090,139
2091,139
2092,139
2093,139
2094,139
2095,139
2096,139
2097,139
2098,139
2099,139
2100,139
2101,139
2102,139
2103,139
2104,139
2105,139
2106,139
2107,139
2108,139
2109,139
2110,139
2111,139
2112,139
2113,139
2114,139
2115,139
2116,139
2117,139
2118,139
2119,139
2120,139
2121,139
2122,139
2123,139
2124,139
2125,139
2126,139
2127,139
2128,139
2129,139
2130,139
2131,139
2132,139
2133,139
2134,139
2135,139
2136,139
2137,139
2138,139
2139,139
2140,139
2141,139
2142,139
2143,139
2144,139
2145,139
2146,139
2147,139
2148,139
2149,139
2150,139
2151,139
2152,139
2153,139
2154,139
2155,139
2156,139
2157,139
2158,139
2159,139
2160,139
2161,139
2162,139
2163,139
2164,139
2165,139
2166,139
2167,139
2168,139
2169,139
2170,139
2171,139
2172,139
2173,139
2174,139
2175,139
2176,139
2177,139
2178,139
2179,139
2180,139
2181,139
2182,139
2183,139
2184,139
2185,139
2186,139
2187,139
2188,139
2189,139
2190,139
2191,139
2192,139
2193,139
2194,139
2195,139
2196,139
2197,139
2198,139
2199,139
2200,139
2201,139
2202,139
2203,139
2204,139
2205,139
2206,139
2207,139
2208,139
2209,139
2210,139
2211,139
2212,139
2213,139
2214,139
2215,139
2216,139
2217,139
2218,139
2219,139
2220,139
2221,139
2222,139
2223,139
2224,139
2225,139
2226,139
2227,139
2228,139
2229,139
2230,139
2231,139
2232,139
2233,139
2234,139
2235,139
2236,139
2237,139
2238,139
2239,139
2240,139
2241,139
2242,139
2243,139
2244,139
2245,139
2246,139
2247,139
2248,139
2249,139
2250,139
2251,139
2252,139
2253,139
2254,139
2255,139
2256,139
2257,139
2258,139
2259,139
2260,139
2261,139
2262,139
2263,139
2264,139
2265,139
2266,139
2267,139
2268,139
2269,139
2270,139
2271,139
2272,139
2273,139
2274,139
2275,139
2276,139
2277,139
2278,139
2279,139
2280,139
2281,139
2282,139
2283,139
2284,139
2285,139
2286,139
2287,139
2288,139
2289,139
2290,139
2291,139
2292,139
2293,139
2294,139
2295,139
2296,139
2297,139
2298,139
2299,139
2300,139
2301,139
2302,139
2303,139
2304,139
2305,139
2306,139
2307,139
2308,139
2309,139
2310,139
2311,139
2312,139
2313,139
2314,139
2315,139
2316,139
2317,139
2318,139
2319,139
2320,139
2321,139
2322,139
2323,139
2324,139
2325,139
2326,139
2327,139
2328,139
2329,139
2330,139
2331,139
2332,139
2333,139
2334,139
2335,139
2336,139
2337,139
2338,139
2339,139
2340,139
2341,139
2342,139
2343,139
2344,139
2345,139
2346,139
2347,139
2348,139
2349,139
2350,139
2351,139
2352,139
2353,139
2354,139
2355,139
2356,139
2357,139
2358,139
2359,139
2360,139
2361,139
2362,139
2363,139
2364,139
2365,139
2366,139
2367,139
2368,139
2369,139
2370,139
2371,139
2372,139
2373,139
2374,139
2375,139
2376,139
2377,139
2378,139
2379,139
2380,139
2381,139
2382,139
2383,139
2384,139
2385,139
2386,139
2387,139
2388,139
2389,140
2390,140
2391,140
2392,140
2393,140
2394,140
2395,140
2396,140
2397,140
2398,140
2399,140
2400,140
2401,140
2402,140
2403,140
2404,140
2405,140
2406,140
2407,140
2408,140
2409,140
2410,140
2411,140
2412,140
2413,140
2414,140
2415,140
2416,140
2417,140
2418,140
2419,141
2420,142
2421,142
2422,142
2423,142
2424,142
2425,142
2426,142
2427,142
2428,142
2429,142
2430,142
2431,142
2432,142
2433,142
2434,142
2435,142
2436,142
2437,142
2438,142
2439,142
2440,142
2441,142
2442,142
2443,142
2444,142
2445,142
2446,142
2447,142
2448,142
2449,142
2450,142
2451,142
2452,142
2453,142
2454,142
2455,142
2456,142
2457,142
2458,142
2459,142
2460,142
2461,142
2462,142
2463,142
2464,142
2465,142
2466,142
2467,142
2468,142
2469,142
2470,142
2471,142
2472,142
2473,142
2474,142
2475,142
2476,142
2477,142
2478,142
2479,142
2480,142
2481,142
2482,142
2483,142
2484,142
2485,142
2486,142
2487,142
2488,142
2489,142
2490,142
2491,142
2492,142
2493,142
2494,142
2495,142
2496,142
2497,142
2498,142
2499,142
2500,142
2501,142
2502,142
2503,142
2504,142
2505,142
2506,142
2507,142
2508,142
2509,142
2510,142
2511,142
2512,142
2513,142
2514,142
2515,142
2516,142
2517,142
2518,142
2519,142
2520,142
2521,142
2522,142
2523,142
2524,142
2525,142
2526,142
2527,142
2528,142
2529,142
2530,142
2531,142
2532,142
2533,142
2534,142
2535,142
2536,142
2537,142
2538,142
2539,142
2540,142
2541,142
2542,142
2543,142
2544,142
2545,142
2546,142
2547,142
2548,142
2549,142
2550,142
2551,142
2552,142
2553,142
2554,142
2555,142
2556,142
2557,142
2558,142
2559,142
2560,142
2561,142
2562,142
2563,142
2564,142
2565,142
2566,142
2567,142
2568,142
2569,142
2570,142
2571,142
2572,142
2573,142
2574,142
2575,142
2576,142
2577,142
2578,142
2579,142
2580,142
2581,142
2582,142
2583,142
2584,142
2585,142
2586,142
2587,142
2588,142
2589,142
2590,142
2591,142
2592,142
2593,142
2594,142
2595,142
2596,142
2597,142
2598,142
2599,142
2600,142
2601,142
2602,142
2603,142
2604,142
2605,142
2606,142
2607,142
2608,142
2609,142
2610,142
2611,142
2612,142
2613,142
2614,142
2615,142
2616,142
2617,142
2618,142
2619,142
2620,142
2621,142
2622,142
2623,142
2624,142
2625,142
2626,142
2627,142
2628,142
2629,142
2630,142
2631,142
2632,142
2633,142
2634,142
2635,142
2636,142
2637,142
2638,142
2639,142
2640,142
2641,142
2642,142
2643,142
2644,142
2645,142
2646,142
2647,142
2648,142
2649,142
2650,142
2651,142
2652,142
2653,142
2654,142
2655,142
2656,142
2657,142
2658,142
2659,142
2660,142
2661,142
2662,142
2663,142
2664,142
2665,142
2666,142
2667,142
2668,142
2669,142
2670,142
2671,142
2672,142
2673,142
2674,142
2675,142
2676,142
2677,142
2678,142
2679,142
2680,142
2681,142
2682,142
2683,142
2684,142
2685,142
2686,142
2687,142
2688,142
2689,142
2690,142
2691,142
2692,142
2693,142
2694,142
2695,142
2696,142
2697,142
2698,142
2699,142
2700,142
2701,142
2702,142
2703,142
2704,142
2705,142
2706,142
2707,142
2708,142
2709,142
2710,142
2711,142
2712,142
2713,142
2714,142
2715,142
2716,142
2717,142
2718,142
2719,142
2720,142
2721,142
2722,142
2723,142
2724,142
2725,142
2726,142
2727,142
2728,142
2729,142
2730,142
2731,142
2732,142
2733,142
2734,142
2735,142
2736,142
2737,142
2738,142
2739,142
2740,142
2741,142
2742,142
2743,142
2744,142
2745,142
2746,142
2747,142
2748,142
2749,142
2750,142
2751,142
2752,142
2753,142
2754,142
2755,142
2756,142
2757,142
2758,142
2759,142
2760,142
2761,142
2762,142
2763,142
2764,142
2765,142
2766,142
2767,142
2768,142
2769,142
2770,142
2771,142
2772,142
2773,142
2774,142
2775,142
2776,142
2777,142
2778,142
2779,142
2780,142
2781,142
2782,142
2783,142
2784,142
2785,142
2786,142
2787,142
2788,142
2789,142
2790,142
2791,142
2792,142
2793,142
2794,142
2795,142
2796,142
2797,142
2798,142
2799,142
2800,142
2801,142
2802,142
2803,142
2804,142
2805,142
2806,142
2807,142
2808,142
2809,142
2810,142
2811,142
2812,142
2813,142
2814,142
2815,142
2816,142
2817,142
2818,142
2819,142
2820,142
2821,142
2822,142
2823,142
2824,142
2825,142
2826,142
2827,142
2828,142
2829,142
2830,142
2831,142
2832,142
2833,142
2834,142
2835,142
2836,142
2837,142
2838,142
2839,142
2840,142
2841,142
2842,142
2843,142
2844,142
2845,142
2846,142
2847,142
2848,142
2849,142
2850,142
2851,142
2852,142
2853,142
2854,142
2855,142
2856,142
2857,142
2858,142
2859,142
2860,142
2861,142
2862,142
2863,142
2864,142
2865,142
2866,142
2867,142
2868,142
2869,142
2870,142
2871,142
2872,142
2873,142
2874,142
2875,142
2876,142
2877,142
2878,142
2879,142
2880,142
2881,142
2882,142
2883,142
2884,142
2885,142
2886,142
2887,142
2888,142
2889,143
2890,143
2891,143
2892,143
2893,143
2894,143
2895,143
2896,143
2897,143
2898,143
2899,143
2900,143
2901,143
2902,143
2903,143
2904,143
2905,143
2906,143
2907,143
2908,143
2909,143
2910,143
2911,143
2912,143
2913,143
2914,143
2915,143
2916,143
2917,143
2918,143
2919,143
2920,143
2921,143
2922,143
2923,143
2924,143
2925,143
2926,143
2927,143
2928,143
2929,143
2930,143
2931,143
2932,143
2933,143
2934,143
2935,143
2936,143
2937,143
2938,143
2939,143
2940,143
2941,143
2942,143
2943,143
2944,143
2945,143
2946,143
2947,143
2948,143
2949,143
2950,143
2951,143
2952,143
2953,143
2954,143
2955,143
2956,143
2957,143
2958,143
2959,143
2960,143
2961,143
2962,143
2963,143
2964,143
2965,143
2966,143
2967,143
2968,143
2969,143
2970,143
2971,143
2972,143
2973,143
2974,143
2975,143
2976,143
2977,143
2978,143
2979,143
2980,143
2981,143
2982,143
2983,143
2984,143
2985,143
2986,143
2987,143
2988,143
2989,143
2990,143
2991,143
2992,143
2993,143
2994,143
2995,143
2996,143
2997,143
2998,143
2999,143
3000,143
3001,143
3002,143
3003,143
3004,143
3005,143
3006,143
3007,143
3008,143
3009,143
3010,143
3011,143
3012,143
3013,143
3014,143
3015,143
3016,143
3017,143
3018,143
3019,143
3020,143
3021,143
3022,143
3023,143
3024,143
3025,143
3026,143
3027,143
3028,143
3029,143
3030,143
3031,143
3032,143
3033,143
3034,143
3035,143
3036,143
3037,143
3038,143
3039,143
3040,143
3041,143
3042,143
3043,143
3044,143
3045,143
3046,143
3047,143
3048,143
3049,143
3050,143
3051,143
3052,143
3053,143
3054,143
3055,143
3056,143
3057,143
3058,143
3059,143
3060,143
3061,143
3062,143
3063,143
3064,143
3065,143
3066,143
3067,143
3068,143
3069,143
3070,143
3071,143
3072,143
3073,143
3074,143
3075,143
3076,143
3077,143
3078,143
3079,143
3080,143
3081,143
3082,143
3083,143
3084,143
3085,143
3086,143
3087,143
3088,143
3089,143
3090,143
3091,143
3092,143
3093,143
3094,143
3095,143
3096,143
3097,143
3098,143
3099,143
3100,143
3101,143
3102,143
3103,143
3104,143
3105,143
3106,143
3107,143
3108,143
3109,143
3110,143
3111,143
3112,143
3113,143
3114,143
3115,143
3116,143
3117,143
3118,143
3119,143
3120,143
3121,143
3122,143
3123,143
3124,143
3125,143
3126,143
3127,143
3128,143
3129,143
3130,143
3131,143
3132,143
3133,143
3134,143
3135,143
3136,144
3137,144
3138,144
3139,144
3140,144
3141,144
3142,144
3143,144
3144,144
3145,144
3146,144
3147,144
3148,144
3149,144
3150,144
3151,144
3152,144
3153,144
3154,144
3155,144
3156,144
3157,144
3158,144
3159,144
3160,144
3161,144
3162,144
3163,144
3164,144
3165,144
3166,144
3167,144
3168,144
3169,144
3170,144
3171,144
3172,144
3173,144
3174,144
3175,144
3176,144
3177,144
3178,144
3179,144
3180,144
3181,144
3182,144
3183,144
3184,144
3185,144
3186,144
3187,144
3188,144
3189,144
3190,144
3191,144
3192,144
3193,144
3194,144
3195,144
3196,144
3197,144
3198,144
3199,144
3200,144
3201,144
3202,144
3203,144
3204,144
3205,144
3206,144
3207,144
3208,144
3209,144
3210,144
3211,144
3212,144
3213,144
3214,144
3215,144
3216,144
3217,144
3218,144
3219,144
3220,144
3221,144
3222,144
3223,144
3224,144
3225,144
3226,144
3227,144
3228,144
3229,144
3230,144
3231,144
3232,144
3233,144
3234,144
3235,144
3236,144
3237,144
3238,144
3239,144
3240,144
3241,144
3242,144
3243,144
3244,144
3245,144
3246,144
3247,144
3248,144
3249,144
3250,144
3251,144
3252,144
3253,144
3254,144
3255,144
3256,144
3257,144
3258,144
3259,144
3260,144
3261,144
3262,144
3263,144
3264,144
3265,144
3266,144
3267,144
3268,144
3269,144
3270,144
3271,144
3272,144
3273,144
3274,144
3275,144
3276,144
3277,144
3278,144
3279,144
3280,144
3281,144
3282,144
3283,144
3284,144
3285,144
3286,144
3287,144
3288,144
3289,144
3290,144
3291,144
3292,144
3293,144
3294,144
3295,144
3296,144
3297,144
3298,144
3299,144
3300,144
3301,144
3302,144
3303,144
3304,144
3305,144
3306,144
3307,144
3308,144
3309,144
3310,144
3311,144
3312,144
3313,144
3314,144
3315,144
3316,144
3317,144
3318,144
3319,144
3320,144
3321,144
3322,144
3323,144
3324,144
3325,144
3326,144
3327,144
3328,144
3329,144
3330,144
3331,144
3332,144
3333,144
3334,144
3335,144
3336,144
3337,144
3338,144
3339,145
