0,0
1,1
2,2
3,3
4,4
5,5
6,6
7,7
8,8
9,8
10,9
11,10
12,11
13,11
14,12
15,13
16,14
17,15
18,16
19,16
20,17
21,18
22,19
23,20
24,21
25,22
26,23
27,23
28,24
29,25
30,25
31,26
32,27
33,28
34,29
35,30
36,31
37,32
38,33
39,34
40,35
41,36
42,37
43,38
44,39
45,39
46,39
47,40
48,41
49,41
50,42
51,43
52,43
53,43
54,44
55,44
56,44
57,45
58,45
59,45
60,45
61,46
62,46
63,47
64,47
65,48
66,49
67,49
68,49
69,49
70,50
71,51
72,51
73,51
74,51
75,51
76,51
77,51
78,52
79,53
80,54
81,55
82,55
83,56
84,57
85,58
86,59
87,60
88,61
89,61
90,62
91,62
92,62
93,62
94,62
95,62
96,63
97,63
98,63
99,63
100,63
101,64
102,65
103,66
104,66
105,66
106,66
107,66
108,66
109,67
110,68
111,69
112,69
113,69
114,69
115,69
116,69
117,69
118,69
119,69
120,69
121,70
122,70
123,70
124,70
125,70
126,70
127,71
128,71
129,71
130,71
131,71
132,71
133,71
134,71
135,72
136,73
137,74
138,74
139,74
140,75
141,75
142,75
143,76
144,76
145,76
146,76
147,76
148,77
149,77
150,77
151,77
152,78
153,78
154,78
155,78
156,78
157,78
158,78
159,78
160,78
161,78
162,78
163,78
164,79
165,79
166,79
167,80
168,80
169,80
170,80
171,80
172,80
173,80
174,80
175,80
176,80
177,80
178,80
179,80
180,80
181,80
182,80
183,80
184,80
185,80
186,80
187,81
188,81
189,81
190,81
191,81
192,81
193,81
194,81
195,81
196,81
197,81
198,81
199,81
200,81
201,81
202,81
203,81
204,82
205,82
206,82
207,82
208,82
209,83
210,84
211,85
212,86
213,86
214,87
215,88
216,88
217,88
218,88
219,88
220,88
221,88
222,88
223,88
224,88
225,88
226,89
227,90
228,91
229,91
230,92
231,93
232,93
233,93
234,93
235,94
236,95
237,95
238,95
239,95
240,95
241,95
242,95
243,95
244,95
245,95
246,96
247,96
248,96
249,96
250,97
251,97
252,97
253,98
254,98
255,98
256,99
257,99
258,100
259,101
260,102
261,103
262,103
263,103
264,103
265,103
266,103
267,104
268,105
269,105
270,106
271,106
272,106
273,107
274,107
275,107
276,108
277,108
278,108
279,108
280,108
281,108
282,109
283,110
284,110
285,111
286,112
287,112
288,112
289,112
290,113
291,113
292,113
293,113
294,113
295,113
296,113
297,113
298,113
299,113
300,113
301,114
302,114
303,114
304,114
305,114
306,114
307,114
308,114
309,114
310,115
311,115
312,115
313,115
314,115
315,115
316,115
317,115
318,115
319,115
320,115
321,116
322,116
323,116
324,116
325,116
326,116
327,116
328,116
329,116
330,116
331,117
332,117
333,117
334,117
335,117
336,117
337,117
338,117
339,117
340,117
341,117
342,117
343,117
344,117
345,117
346,117
347,117
348,117
349,117
350,117
351,117
352,118
353,118
354,118
355,118
356,118
357,118
358,118
359,118
360,118
361,118
362,118
363,118
364,118
365,118
366,118
367,118
368,118
369,118
370,118
371,119
372,119
373,120
374,120
375,120
376,120
377,120
378,120
379,120
380,120
381,120
382,120
383,120
384,120
385,120
386,120
387,120
388,120
389,120
390,120
391,120
392,120
393,120
394,120
395,120
396,120
397,120
398,120
399,120
400,120
401,120
402,120
403,120
404,120
405,120
406,120
407,120
408,120
409,120
410,120
411,120
412,120
413,120
414,120
415,120
416,120
417,120
418,120
419,120
420,120
421,120
422,120
423,120
424,120
425,120
426,120
427,120
428,120
429,120
430,120
431,120
432,121
433,121
434,121
435,121
436,122
437,122
438,122
439,122
440,122
441,122
442,122
443,122
444,122
445,122
446,122
447,122
448,122
449,122
450,122
451,122
452,122
453,122
454,122
455,122
456,122
457,122
458,122
459,122
460,122
461,122
462,122
463,122
464,122
465,122
466,122
467,122
468,122
469,122
470,122
471,122
472,122
473,122
474,122
475,122
476,122
477,122
478,122
479,122
480,122
481,122
482,122
483,122
484,122
485,122
486,122
487,122
488,122
489,122
490,122
491,122
492,122
493,122
494,122
495,122
496,122
497,122
498,122
499,122
500,122
501,122
502,122
503,122
504,122
505,122
506,122
507,122
508,122
509,122
510,122
511,122
512,122
513,122
514,122
515,122
516,122
517,122
518,122
519,122
520,122
521,122
522,122
523,122
524,122
525,122
526,122
527,122
528,122
529,122
530,123
531,123
532,123
533,123
534,123
535,123
536,123
537,124
538,124
539,124
540,124
541,124
542,124
543,124
544,124
545,124
546,124
547,124
548,124
549,124
550,124
551,124
552,124
553,124
554,124
555,124
556,124
557,124
558,124
559,124
560,124
561,124
562,124
563,124
564,124
565,124
566,124
567,124
568,124
569,124
570,124
571,124
572,124
573,124
574,124
575,124
576,124
577,124
578,124
579,124
580,124
581,124
582,124
583,124
584,124
585,124
586,124
587,124
588,124
589,124
590,124
591,124
592,124
593,124
594,124
595,124
596,124
597,124
598,124
599,124
600,125
601,126
602,126
603,126
604,126
605,126
606,126
607,126
608,126
609,126
610,126
611,126
612,126
613,126
614,126
615,126
616,126
617,126
618,126
619,126
620,126
621,126
622,126
623,126
624,126
625,126
626,126
627,126
628,126
629,126
630,126
631,126
632,126
633,126
634,126
635,126
636,126
637,126
638,126
639,126
640,126
641,126
642,127
643,127
644,127
645,127
646,127
647,127
648,128
649,129
650,129
651,129
652,129
653,129
654,129
655,129
656,129
657,129
658,129
659,129
660,129
661,129
662,129
663,129
664,129
665,129
666,129
667,129
668,129
669,129
670,129
671,129
672,129
673,129
674,129
675,129
676,129
677,129
678,129
679,129
680,129
681,129
682,129
683,129
684,129
685,129
686,129
687,129
688,129
689,129
690,129
691,129
692,129
693,129
694,129
695,129
696,129
697,129
698,129
699,129
700,129
701,130
702,130
703,130
704,130
705,130
706,130
707,130
708,130
709,130
710,130
711,130
712,130
713,130
714,130
715,130
716,130
717,130
718,130
719,130
720,130
721,130
722,130
723,130
724,130
725,130
726,130
727,130
728,130
729,130
730,130
731,130
732,130
733,130
734,130
735,130
736,130
737,130
738,130
739,130
740,130
741,130
742,130
743,130
744,130
745,130
746,130
747,130
748,130
749,130
750,130
751,130
752,130
753,130
754,130
755,130
756,130
757,130
758,130
759,130
760,130
761,130
762,130
763,130
764,130
765,130
766,130
767,130
768,130
769,130
770,130
771,130
772,130
773,130
774,130
775,130
776,130
777,130
778,130
779,130
780,130
781,130
782,130
783,130
784,130
785,130
786,130
787,130
788,130
789,130
790,130
791,130
792,130
793,130
794,130
795,130
796,130
797,130
798,130
799,130
800,130
801,130
802,130
803,130
804,130
805,130
806,130
807,130
808,130
809,130
810,130
811,130
812,130
813,130
814,130
815,130
816,130
817,130
818,130
819,130
820,130
821,130
822,130
823,130
824,130
825,130
826,130
827,130
828,130
829,130
830,130
831,130
832,130
833,130
834,130
835,130
836,130
837,130
838,130
839,130
840,130
841,130
842,130
843,130
844,130
845,130
846,130
847,130
848,130
849,130
850,130
851,130
852,130
853,130
854,130
855,130
856,130
857,130
858,130
859,130
860,130
861,130
862,130
863,130
864,130
865,130
866,130
867,130
868,130
869,130
870,130
871,130
872,130
873,130
874,130
875,130
876,130
877,130
878,130
879,130
880,130
881,130
882,130
883,130
884,130
885,130
886,130
887,130
888,130
889,130
890,130
891,130
892,131
893,131
894,132
895,132
896,132
897,133
898,133
899,133
900,133
901,133
902,133
903,133
904,133
905,133
906,133
907,133
908,134
909,134
910,134
911,134
912,134
913,134
914,134
915,134
916,134
917,134
918,134
919,134
920,134
921,134
922,134
923,134
924,134
925,134
926,134
927,134
928,134
929,134
930,134
931,134
932,134
933,134
934,134
935,134
936,134
937,134
938,134
939,134
940,134
941,134
942,134
943,134
944,134
945,134
946,134
947,134
948,134
949,134
950,134
951,134
952,134
953,134
954,134
955,134
956,134
957,134
958,134
959,134
960,134
961,134
962,134
963,134
964,134
965,134
966,134
967,134
968,134
969,134
970,134
971,134
972,134
973,134
974,134
975,134
976,134
977,134
978,134
979,134
980,134
981,134
982,134
983,134
984,134
985,134
986,134
987,134
988,134
989,134
990,134
991,134
992,134
993,134
994,134
995,134
996,134
997,134
998,134
999,134
1000,134
1001,134
1002,134
1003,134
1004,134
1005,134
1006,134
1007,134
1008,134
1009,134
1010,134
1011,134
1012,134
1013,134
1014,134
1015,134
1016,134
1017,134
1018,134
1019,134
1020,134
1021,135
1022,135
1023,135
1024,135
1025,135
1026,135
1027,135
1028,135
1029,135
1030,135
1031,135
1032,135
1033,135
1034,135
1035,135
1036,135
1037,135
1038,135
1039,135
1040,135
1041,135
1042,135
1043,135
1044,135
1045,135
1046,135
1047,135
1048,135
1049,135
1050,135
1051,135
1052,135
1053,135
1054,135
1055,135
1056,135
1057,135
1058,135
1059,135
1060,135
1061,135
1062,135
1063,135
1064,135
1065,135
1066,135
1067,135
1068,135
1069,135
1070,135
1071,135
1072,135
1073,135
1074,135
1075,135
1076,135
1077,135
1078,135
1079,135
1080,135
1081,135
1082,135
1083,135
1084,135
1085,135
1086,135
1087,135
1088,135
1089,135
1090,135
1091,135
1092,135
1093,135
1094,135
1095,135
1096,135
1097,135
1098,135
1099,135
1100,135
1101,135
1102,135
1103,135
1104,135
1105,135
1106,135
1107,135
1108,135
1109,135
1110,135
1111,135
1112,135
1113,135
1114,135
1115,135
1116,135
1117,135
1118,135
1119,135
1120,135
1121,135
1122,135
1123,135
1124,135
1125,135
1126,135
1127,135
1128,135
1129,135
1130,135
1131,135
1132,135
1133,135
1134,135
1135,135
1136,135
1137,135
1138,135
1139,135
1140,135
1141,135
1142,135
1143,135
1144,135
1145,135
1146,135
1147,135
1148,135
1149,135
1150,135
1151,135
1152,135
1153,135
1154,135
1155,135
1156,135
1157,135
1158,135
1159,135
1160,135
1161,135
1162,135
1163,135
1164,135
1165,135
1166,135
1167,135
1168,135
1169,135
1170,135
1171,135
1172,135
1173,135
1174,135
1175,135
1176,135
1177,135
1178,135
1179,135
1180,135
1181,135
1182,135
1183,135
1184,135
1185,135
1186,135
1187,135
1188,135
1189,135
1190,135
1191,135
1192,135
1193,135
1194,135
1195,135
1196,135
1197,135
1198,135
1199,135
1200,135
1201,135
1202,135
1203,135
1204,135
1205,135
1206,135
1207,135
1208,135
1209,135
1210,135
1211,135
1212,135
1213,135
1214,135
1215,135
1216,135
1217,135
1218,135
1219,135
1220,135
1221,135
1222,135
1223,135
1224,135
1225,135
1226,135
1227,135
1228,135
1229,135
1230,135
1231,135
1232,135
1233,135
1234,135
1235,135
1236,135
1237,135
1238,135
1239,135
1240,135
1241,135
1242,135
1243,135
1244,135
1245,135
1246,135
1247,135
1248,135
1249,135
1250,135
1251,135
1252,135
1253,135
1254,135
1255,135
1256,135
1257,135
1258,135
1259,135
1260,135
1261,135
1262,135
1263,135
1264,135
1265,135
1266,135
1267,135
1268,135
1269,135
1270,135
1271,135
1272,135
1273,135
1274,135
1275,135
1276,135
1277,135
1278,135
1279,135
1280,135
1281,135
1282,135
1283,135
1284,135
1285,135
1286,135
1287,135
1288,135
1289,135
1290,135
1291,135
1292,135
1293,135
1294,135
1295,135
1296,135
1297,135
1298,135
1299,135
1300,135
1301,135
1302,135
1303,135
1304,135
1305,135
1306,135
1307,135
1308,135
1309,135
1310,135
1311,135
1312,135
1313,135
1314,135
1315,135
1316,135
1317,135
1318,135
1319,135
1320,135
1321,135
1322,135
1323,135
1324,135
1325,135
1326,135
1327,135
1328,135
1329,135
1330,135
1331,135
1332,135
1333,135
1334,136
1335,137
1336,138
1337,139
1338,140
1339,140
1340,140
1341,140
1342,140
1343,140
1344,140
1345,140
1346,140
1347,140
1348,140
1349,140
1350,140
1351,140
1352,140
1353,140
1354,140
1355,140
1356,140
1357,140
1358,140
1359,140
1360,140
1361,140
1362,140
1363,140
1364,140
1365,140
1366,140
1367,140
1368,140
1369,140
1370,140
1371,140
1372,140
1373,140
1374,140
1375,140
1376,140
1377,140
1378,140
1379,140
1380,140
1381,140
1382,140
1383,140
1384,140
1385,140
1386,140
1387,140
1388,140
1389,140
1390,140
1391,140
1392,140
1393,140
1394,140
1395,140
1396,140
1397,140
1398,140
1399,140
1400,140
1401,140
1402,140
1403,140
1404,140
1405,140
1406,140
1407,140
1408,140
1409,140
1410,140
1411,140
1412,140
1413,140
1414,140
1415,140
1416,140
1417,140
1418,140
1419,140
1420,140
1421,140
1422,140
1423,140
1424,140
1425,140
1426,140
1427,140
1428,140
1429,140
1430,140
1431,140
1432,140
1433,140
1434,140
1435,140
1436,140
1437,140
1438,140
1439,140
1440,140
1441,140
1442,140
1443,140
1444,140
1445,140
1446,140
1447,140
1448,140
1449,140
1450,140
1451,140
1452,140
1453,140
1454,140
1455,140
1456,140
1457,140
1458,140
1459,140
1460,140
1461,140
1462,140
1463,140
1464,140
1465,140
1466,140
1467,140
1468,140
1469,140
1470,140
1471,140
1472,140
1473,140
1474,140
1475,140
1476,140
1477,140
1478,140
1479,140
1480,140
1481,140
1482,140
1483,140
1484,140
1485,140
1486,140
1487,140
1488,140
1489,140
1490,140
1491,140
1492,140
1493,140
1494,140
1495,140
1496,140
1497,141
1498,142
1499,142
1500,143
1501,143
1502,143
1503,143
1504,143
1505,143
1506,143
1507,143
1508,143
1509,143
1510,143
1511,143
1512,143
1513,143
1514,143
1515,143
1516,143
1517,143
1518,143
1519,143
1520,143
1521,143
1522,143
1523,143
1524,143
1525,143
1526,143
1527,143
1528,143
1529,143
1530,143
1531,143
1532,143
1533,143
1534,143
1535,143
1536,143
1537,143
1538,143
1539,143
1540,143
1541,143
1542,143
1543,143
1544,143
1545,143
1546,143
1547,143
1548,143
1549,143
1550,143
1551,143
1552,143
1553,143
1554,143
1555,143
1556,143
1557,143
1558,143
1559,143
1560,143
1561,143
1562,143
1563,143
1564,143
1565,143
1566,143
1567,143
1568,143
1569,143
1570,143
1571,143
1572,143
1573,143
1574,143
1575,143
1576,143
1577,143
1578,143
1579,143
1580,143
1581,143
1582,143
1583,143
1584,143
1585,143
1586,143
1587,143
1588,143
1589,143
1590,143
1591,143
1592,143
1593,143
1594,143
1595,143
1596,143
1597,143
1598,143
1599,143
1600,143
1601,143
1602,143
1603,144
1604,144
1605,144
1606,144
1607,144
1608,144
1609,144
1610,144
1611,144
1612,144
1613,144
1614,144
1615,144
1616,144
1617,144
1618,144
1619,144
1620,144
1621,144
1622,144
1623,144
1624,144
1625,144
1626,144
1627,144
1628,144
1629,144
1630,144
1631,144
1632,144
1633,144
1634,144
1635,144
1636,144
1637,144
1638,144
1639,144
1640,144
1641,144
1642,144
1643,144
1644,144
1645,144
1646,144
1647,144
1648,144
1649,144
1650,144
1651,144
1652,144
1653,144
1654,144
1655,144
1656,144
1657,144
1658,144
1659,144
1660,144
1661,144
1662,144
1663,144
1664,144
1665,144
1666,144
1667,144
1668,144
1669,144
1670,144
1671,144
1672,144
1673,144
1674,144
1675,144
1676,144
1677,144
1678,144
1679,144
1680,144
1681,144
1682,144
1683,144
1684,144
1685,144
1686,144
1687,144
1688,144
1689,144
1690,144
1691,144
1692,144
1693,144
1694,144
1695,144
1696,144
1697,144
1698,144
1699,144
1700,144
1701,144
1702,144
1703,144
1704,144
1705,144
1706,144
1707,144
1708,144
1709,144
1710,144
1711,144
1712,144
1713,144
1714,144
1715,144
1716,144
1717,144
1718,144
1719,144
1720,144
1721,144
1722,144
1723,144
1724,144
1725,144
1726,144
1727,144
1728,144
1729,144
1730,144
1731,144
1732,144
1733,144
1734,144
1735,144
1736,144
1737,144
1738,144
1739,144
1740,144
1741,144
1742,144
1743,144
1744,144
1745,144
1746,144
1747,144
1748,144
1749,144
1750,144
1751,144
1752,144
1753,144
1754,144
1755,144
1756,144
1757,144
1758,144
1759,144
1760,144
1761,144
1762,144
1763,144
1764,144
1765,144
1766,144
1767,144
1768,144
1769,144
1770,144
1771,144
1772,144
1773,144
1774,144
1775,144
1776,144
1777,144
1778,144
1779,144
1780,144
1781,144
1782,144
1783,144
1784,144
1785,144
1786,144
1787,144
1788,144
1789,144
1790,144
1791,144
1792,144
1793,144
1794,144
1795,144
1796,144
1797,144
1798,144
1799,144
1800,144
1801,144
1802,144
1803,144
1804,144
1805,144
1806,144
1807,144
1808,144
1809,144
1810,144
1811,144
1812,144
1813,144
1814,144
1815,144
1816,144
1817,144
1818,144
1819,144
1820,144
1821,144
1822,144
1823,144
1824,144
1825,144
1826,144
1827,144
1828,144
1829,144
1830,144
1831,144
1832,144
1833,144
1834,144
1835,144
1836,144
1837,144
1838,144
1839,144
1840,144
1841,144
1842,144
1843,144
1844,144
1845,144
1846,144
1847,144
1848,144
1849,144
1850,144
1851,144
1852,144
1853,144
1854,144
1855,144
1856,144
1857,144
1858,144
1859,144
1860,144
1861,144
1862,144
1863,144
1864,144
1865,144
1866,144
1867,144
1868,144
1869,144
1870,144
1871,144
1872,144
1873,144
1874,144
1875,144
1876,144
1877,144
1878,144
1879,144
1880,144
1881,144
1882,144
1883,144
1884,144
1885,144
1886,144
1887,144
1888,144
1889,144
1890,144
1891,144
1892,144
1893,144
1894,144
1895,144
1896,144
1897,144
1898,144
1899,144
1900,144
1901,144
1902,144
1903,144
1904,144
1905,144
1906,144
1907,144
1908,144
1909,144
1910,144
1911,144
1912,144
1913,145
