0,0
1,1
2,2
3,3
4,4
5,5
6,6
7,7
8,8
9,9
10,10
11,11
12,12
13,13
14,13
15,14
16,15
17,16
18,17
19,18
20,19
21,20
22,21
23,22
24,23
25,23
26,24
27,25
28,26
29,27
30,27
31,28
32,29
33,29
34,30
35,30
36,30
37,31
38,31
39,32
40,32
41,32
42,32
43,33
44,34
45,35
46,36
47,37
48,37
49,38
50,38
51,39
52,39
53,40
54,40
55,40
56,40
57,40
58,40
59,40
60,40
61,40
62,41
63,41
64,41
65,42
66,42
67,42
68,42
69,42
70,42
71,42
72,43
73,43
74,44
75,44
76,45
77,45
78,46
79,47
80,47
81,48
82,49
83,49
84,50
85,51
86,52
87,53
88,54
89,55
90,55
91,55
92,55
93,56
94,56
95,56
96,56
97,56
98,57
99,58
100,58
101,58
102,58
103,58
104,58
105,59
106,59
107,60
108,61
109,61
110,61
111,61
112,61
113,62
114,62
115,62
116,62
117,63
118,64
119,64
120,65
121,66
122,67
123,67
124,68
125,69
126,69
127,69
128,70
129,70
130,71
131,72
132,72
133,73
134,74
135,75
136,76
137,76
138,76
139,77
140,77
141,77
142,77
143,77
144,77
145,78
146,78
147,78
148,78
149,78
150,78
151,78
152,78
153,78
154,79
155,79
156,79
157,79
158,80
159,80
160,80
161,80
162,80
163,80
164,80
165,81
166,81
167,81
168,81
169,82
170,83
171,84
172,85
173,85
174,86
175,87
176,87
177,88
178,88
179,88
180,88
181,88
182,88
183,88
184,88
185,88
186,88
187,88
188,89
189,89
190,89
191,89
192,89
193,89
194,89
195,89
196,89
197,89
198,89
199,89
200,89
201,89
202,89
203,89
204,89
205,89
206,89
207,90
208,90
209,90
210,90
211,90
212,90
213,91
214,91
215,91
216,91
217,91
218,91
219,91
220,92
221,93
222,93
223,93
224,93
225,93
226,93
227,93
228,93
229,93
230,93
231,94
232,94
233,94
234,94
235,94
236,94
237,94
238,94
239,94
240,95
241,95
242,95
243,95
244,95
245,96
246,96
247,96
248,96
249,96
250,96
251,96
252,96
253,96
254,96
255,96
256,96
257,96
258,96
259,96
260,96
261,96
262,96
263,96
264,96
265,96
266,96
267,96
268,96
269,96
270,96
271,96
272,96
273,97
274,98
275,99
276,99
277,100
278,100
279,101
280,101
281,101
282,102
283,103
284,104
285,105
286,105
287,105
288,105
289,106
290,106
291,106
292,106
293,107
294,108
295,108
296,109
297,110
298,111
299,111
300,112
301,112
302,112
303,112
304,112
305,112
306,113
307,114
308,115
309,115
310,115
311,115
312,115
313,115
314,115
315,115
316,115
317,115
318,115
319,115
320,115
321,115
322,115
323,115
324,115
325,115
326,115
327,115
328,115
329,115
330,115
331,115
332,115
333,116
334,116
335,116
336,116
337,116
338,116
339,116
340,116
341,116
342,116
343,116
344,116
345,116
346,116
347,116
348,116
349,116
350,116
351,116
352,116
353,116
354,116
355,116
356,116
357,116
358,116
359,116
360,116
361,116
362,116
363,116
364,116
365,116
366,116
367,116
368,116
369,116
370,116
371,116
372,116
373,116
374,116
375,116
376,116
377,116
378,116
379,116
380,116
381,116
382,116
383,116
384,116
385,116
386,116
387,116
388,116
389,116
390,116
391,116
392,117
393,117
394,117
395,117
396,117
397,117
398,117
399,117
400,117
401,117
402,117
403,117
404,118
405,119
406,119
407,119
408,119
409,119
410,119
411,119
412,119
413,119
414,119
415,119
416,119
417,119
418,119
419,119
420,119
421,119
422,119
423,119
424,119
425,119
426,119
427,119
428,119
429,119
430,119
431,119
432,120
433,120
434,120
435,120
436,120
437,120
438,120
439,120
440,120
441,121
442,122
443,122
444,122
445,122
446,122
447,122
448,122
449,122
450,122
451,122
452,122
453,122
454,122
455,122
456,122
457,122
458,122
459,122
460,122
461,122
462,122
463,122
464,122
465,122
466,122
467,122
468,122
469,122
470,122
471,122
472,123
473,124
474,124
475,124
476,124
477,124
478,124
479,124
480,124
481,124
482,124
483,124
484,124
485,124
486,124
487,124
488,124
489,124
490,124
491,124
492,124
493,124
494,124
495,124
496,124
497,124
498,124
499,124
500,124
501,124
502,124
503,124
504,124
505,124
506,124
507,124
508,124
509,124
510,124
511,124
512,124
513,124
514,125
515,125
516,125
517,125
518,125
519,125
520,125
521,125
522,125
523,125
524,125
525,125
526,125
527,125
528,125
529,125
530,126
531,127
532,128
533,128
534,129
535,129
536,129
537,129
538,129
539,129
540,129
541,129
542,129
543,129
544,129
545,129
546,129
547,129
548,129
549,129
550,129
551,129
552,129
553,129
554,129
555,129
556,129
557,129
558,129
559,129
560,129
561,129
562,129
563,129
564,129
565,129
566,129
567,129
568,129
569,129
570,129
571,129
572,129
573,129
574,129
575,129
576,129
577,129
578,129
579,129
580,129
581,129
582,129
583,129
584,129
585,129
586,129
587,129
588,129
589,129
590,129
591,129
592,129
593,129
594,129
595,129
596,129
597,129
598,129
599,129
600,129
601,129
602,129
603,129
604,129
605,129
606,129
607,129
608,129
609,129
610,129
611,129
612,129
613,129
614,129
615,129
616,129
617,129
618,129
619,129
620,129
621,129
622,129
623,129
624,129
625,129
626,129
627,129
628,129
629,129
630,129
631,129
632,129
633,129
634,129
635,129
636,129
637,129
638,129
639,129
640,129
641,129
642,129
643,129
644,129
645,129
646,129
647,129
648,129
649,129
650,129
651,129
652,129
653,130
654,130
655,130
656,130
657,130
658,130
659,130
660,130
661,130
662,130
663,130
664,130
665,130
666,130
667,130
668,130
669,130
670,130
671,130
672,130
673,130
674,130
675,130
676,130
677,130
678,130
679,130
680,130
681,130
682,130
683,130
684,130
685,130
686,130
687,130
688,130
689,130
690,130
691,130
692,131
693,131
694,131
695,131
696,131
697,131
698,131
699,131
700,131
701,131
702,131
703,131
704,131
705,131
706,131
707,131
708,131
709,131
710,131
711,131
712,131
713,131
714,131
715,131
716,131
717,131
718,131
719,131
720,131
721,131
722,131
723,131
724,131
725,131
726,131
727,131
728,131
729,131
730,131
731,131
732,131
733,131
734,131
735,131
736,131
737,131
738,131
739,131
740,132
741,132
742,133
743,133
744,133
745,133
746,133
747,133
748,133
749,133
750,133
751,133
752,133
753,133
754,133
755,133
756,133
757,133
758,133
759,133
760,133
761,133
762,133
763,133
764,133
765,133
766,133
767,133
768,133
769,133
770,133
771,133
772,133
773,133
774,133
775,133
776,133
777,133
778,133
779,133
780,133
781,133
782,133
783,133
784,133
785,133
786,133
787,133
788,133
789,133
790,133
791,133
792,133
793,133
794,133
795,133
796,133
797,133
798,133
799,133
800,133
801,133
802,133
803,133
804,133
805,133
806,133
807,133
808,133
809,133
810,133
811,133
812,133
813,133
814,133
815,133
816,133
817,133
818,133
819,133
820,133
821,133
822,133
823,133
824,133
825,133
826,133
827,133
828,133
829,133
830,133
831,133
832,133
833,133
834,133
835,133
836,133
837,133
838,133
839,133
840,133
841,133
842,133
843,133
844,133
845,133
846,133
847,133
848,133
849,133
850,133
851,133
852,133
853,133
854,133
855,133
856,133
857,133
858,133
859,133
860,133
861,133
862,133
863,133
864,133
865,133
866,133
867,133
868,133
869,133
870,133
871,133
872,133
873,133
874,133
875,133
876,133
877,133
878,133
879,133
880,133
881,133
882,133
883,133
884,133
885,133
886,133
887,133
888,133
889,133
890,133
891,133
892,133
893,133
894,133
895,133
896,133
897,133
898,133
899,133
900,133
901,133
902,133
903,133
904,133
905,133
906,133
907,133
908,133
909,133
910,133
911,133
912,133
913,133
914,133
915,133
916,133
917,133
918,133
919,133
920,133
921,133
922,133
923,133
924,133
925,133
926,133
927,133
928,133
929,133
930,133
931,133
932,133
933,133
934,133
935,133
936,133
937,133
938,133
939,133
940,133
941,133
942,133
943,133
944,133
945,133
946,133
947,133
948,133
949,133
950,133
951,133
952,133
953,133
954,133
955,133
956,133
957,133
958,133
959,133
960,133
961,133
962,133
963,133
964,133
965,133
966,133
967,133
968,133
969,133
970,133
971,133
972,133
973,133
974,133
975,133
976,133
977,133
978,133
979,133
980,133
981,133
982,133
983,133
984,133
985,133
986,133
987,133
988,133
989,133
990,133
991,133
992,133
993,133
994,133
995,133
996,133
997,133
998,133
999,133
1000,133
1001,133
1002,133
1003,133
1004,133
1005,133
1006,134
1007,134
1008,134
1009,134
1010,134
1011,134
1012,134
1013,134
1014,134
1015,134
1016,134
1017,134
1018,134
1019,134
1020,134
1021,134
1022,134
1023,134
1024,135
1025,135
1026,135
1027,135
1028,135
1029,135
1030,135
1031,135
1032,135
1033,135
1034,135
1035,135
1036,135
1037,135
1038,135
1039,135
1040,135
1041,135
1042,135
1043,135
1044,135
1045,135
1046,135
1047,135
1048,135
1049,135
1050,135
1051,135
1052,135
1053,135
1054,135
1055,135
1056,135
1057,135
1058,135
1059,135
1060,135
1061,135
1062,135
1063,135
1064,135
1065,135
1066,135
1067,135
1068,135
1069,135
1070,135
1071,135
1072,135
1073,135
1074,135
1075,135
1076,135
1077,135
1078,135
1079,135
1080,135
1081,135
1082,135
1083,135
1084,135
1085,135
1086,136
1087,137
1088,138
1089,138
1090,138
1091,139
1092,140
1093,140
1094,140
1095,141
1096,142
1097,142
1098,142
1099,142
1100,142
1101,142
1102,142
1103,142
1104,142
1105,142
1106,142
1107,142
1108,142
1109,142
1110,142
1111,142
1112,142
1113,142
1114,142
1115,142
1116,142
1117,142
1118,142
1119,142
1120,142
1121,142
1122,142
1123,142
1124,142
1125,142
1126,142
1127,142
1128,142
1129,142
1130,142
1131,142
1132,142
1133,142
1134,142
1135,142
1136,142
1137,142
1138,142
1139,142
1140,142
1141,142
1142,142
1143,142
1144,142
1145,142
1146,142
1147,142
1148,142
1149,142
1150,142
1151,142
1152,142
1153,142
1154,142
1155,142
1156,142
1157,142
1158,142
1159,142
1160,142
1161,142
1162,142
1163,142
1164,142
1165,142
1166,142
1167,142
1168,142
1169,142
1170,142
1171,142
1172,142
1173,142
1174,142
1175,142
1176,142
1177,142
1178,142
1179,142
1180,142
1181,142
1182,142
1183,142
1184,142
1185,142
1186,142
1187,142
1188,142
1189,142
1190,142
1191,142
1192,142
1193,142
1194,142
1195,142
1196,142
1197,142
1198,142
1199,142
1200,142
1201,142
1202,142
1203,142
1204,142
1205,142
1206,142
1207,142
1208,142
1209,142
1210,142
1211,142
1212,142
1213,142
1214,142
1215,142
1216,142
1217,142
1218,142
1219,142
1220,142
1221,142
1222,142
1223,142
1224,142
1225,142
1226,142
1227,142
1228,142
1229,142
1230,142
1231,142
1232,142
1233,142
1234,142
1235,142
1236,142
1237,142
1238,142
1239,142
1240,142
1241,142
1242,142
1243,142
1244,142
1245,142
1246,142
1247,142
1248,142
1249,142
1250,142
1251,142
1252,142
1253,142
1254,142
1255,142
1256,142
1257,142
1258,142
1259,142
1260,142
1261,142
1262,142
1263,142
1264,142
1265,142
1266,142
1267,142
1268,142
1269,142
1270,142
1271,142
1272,142
1273,142
1274,142
1275,142
1276,142
1277,142
1278,142
1279,142
1280,142
1281,142
1282,142
1283,142
1284,142
1285,142
1286,142
1287,142
1288,142
1289,142
1290,142
1291,142
1292,142
1293,142
1294,142
1295,142
1296,142
1297,142
1298,142
1299,142
1300,142
1301,142
1302,142
1303,142
1304,142
1305,142
1306,142
1307,142
1308,142
1309,142
1310,142
1311,142
1312,142
1313,142
1314,142
1315,142
1316,142
1317,142
1318,142
1319,142
1320,142
1321,142
1322,142
1323,142
1324,142
1325,142
1326,142
1327,142
1328,142
1329,142
1330,142
1331,142
1332,142
1333,142
1334,142
1335,142
1336,142
1337,142
1338,142
1339,142
1340,142
1341,142
1342,142
1343,142
1344,142
1345,142
1346,142
1347,142
1348,142
1349,142
1350,142
1351,142
1352,142
1353,142
1354,142
1355,142
1356,142
1357,142
1358,142
1359,142
1360,142
1361,142
1362,142
1363,142
1364,142
1365,142
1366,142
1367,142
1368,142
1369,142
1370,143
1371,143
1372,143
1373,143
1374,143
1375,143
1376,143
1377,143
1378,143
1379,143
1380,143
1381,143
1382,143
1383,143
1384,143
1385,143
1386,143
1387,143
1388,143
1389,143
1390,143
1391,143
1392,143
1393,143
1394,143
1395,143
1396,143
1397,143
1398,143
1399,143
1400,143
1401,143
1402,143
1403,143
1404,143
1405,143
1406,143
1407,143
1408,143
1409,143
1410,143
1411,143
1412,143
1413,143
1414,143
1415,143
1416,143
1417,143
1418,143
1419,143
1420,143
1421,143
1422,143
1423,143
1424,143
1425,143
1426,143
1427,143
1428,143
1429,143
1430,143
1431,143
1432,143
1433,143
1434,143
1435,143
1436,143
1437,143
1438,143
1439,143
1440,143
1441,143
1442,143
1443,143
1444,143
1445,143
1446,143
1447,143
1448,143
1449,143
1450,143
1451,143
1452,143
1453,143
1454,143
1455,143
1456,143
1457,143
1458,143
1459,143
1460,143
1461,143
1462,143
1463,143
1464,143
1465,143
1466,143
1467,143
1468,143
1469,143
1470,143
1471,143
1472,143
1473,143
1474,143
1475,143
1476,143
1477,143
1478,143
1479,143
1480,143
1481,143
1482,143
1483,143
1484,143
1485,143
1486,143
1487,143
1488,143
1489,143
1490,143
1491,143
1492,143
1493,143
1494,143
1495,143
1496,143
1497,143
1498,143
1499,143
1500,143
1501,143
1502,143
1503,143
1504,143
1505,143
1506,143
1507,143
1508,143
1509,143
1510,143
1511,143
1512,143
1513,143
1514,143
1515,143
1516,143
1517,143
1518,144
1519,144
1520,144
1521,144
1522,144
1523,144
1524,144
1525,144
1526,144
1527,144
1528,144
1529,144
1530,144
1531,144
1532,144
1533,144
1534,144
1535,144
1536,144
1537,144
1538,144
1539,144
1540,144
1541,144
1542,144
1543,144
1544,144
1545,144
1546,144
1547,144
1548,144
1549,144
1550,144
1551,144
1552,144
1553,144
1554,144
1555,144
1556,144
1557,144
1558,144
1559,144
1560,144
1561,144
1562,144
1563,144
1564,144
1565,144
1566,144
1567,144
1568,144
1569,144
1570,144
1571,144
1572,144
1573,144
1574,144
1575,144
1576,144
1577,144
1578,144
1579,144
1580,144
1581,144
1582,144
1583,144
1584,144
1585,144
1586,144
1587,144
1588,144
1589,144
1590,144
1591,144
1592,144
1593,144
1594,144
1595,144
1596,144
1597,144
1598,144
1599,144
1600,144
1601,144
1602,144
1603,144
1604,144
1605,144
1606,144
1607,144
1608,144
1609,144
1610,144
1611,144
1612,144
1613,144
1614,144
1615,144
1616,144
1617,144
1618,144
1619,144
1620,144
1621,144
1622,144
1623,144
1624,144
1625,144
1626,144
1627,144
1628,144
1629,144
1630,144
1631,144
1632,144
1633,144
1634,144
1635,144
1636,144
1637,144
1638,144
1639,144
1640,144
1641,144
1642,144
1643,144
1644,144
1645,144
1646,144
1647,144
1648,144
1649,144
1650,144
1651,144
1652,144
1653,144
1654,144
1655,144
1656,144
1657,144
1658,144
1659,144
1660,144
1661,144
1662,144
1663,144
1664,144
1665,144
1666,144
1667,144
1668,144
1669,144
1670,144
1671,144
1672,144
1673,144
1674,144
1675,144
1676,144
1677,144
1678,144
1679,144
1680,144
1681,144
1682,144
1683,144
1684,144
1685,144
1686,144
1687,144
1688,144
1689,144
1690,144
1691,144
1692,144
1693,144
1694,144
1695,144
1696,144
1697,144
1698,144
1699,144
1700,144
1701,144
1702,144
1703,144
1704,144
1705,144
1706,144
1707,144
1708,144
1709,144
1710,144
1711,144
1712,144
1713,144
1714,144
1715,144
1716,144
1717,144
1718,144
1719,144
1720,144
1721,144
1722,144
1723,144
1724,144
1725,144
1726,144
1727,144
1728,144
1729,144
1730,144
1731,144
1732,144
1733,144
1734,144
1735,144
1736,144
1737,144
1738,144
1739,144
1740,144
1741,144
1742,144
1743,144
1744,144
1745,144
1746,144
1747,144
1748,144
1749,144
1750,144
1751,144
1752,144
1753,144
1754,144
1755,144
1756,144
1757,144
1758,144
1759,144
1760,144
1761,144
1762,144
1763,144
1764,144
1765,144
1766,144
1767,144
1768,144
1769,144
1770,144
1771,144
1772,144
1773,144
1774,144
1775,144
1776,144
1777,144
1778,144
1779,144
1780,144
1781,144
1782,144
1783,144
1784,144
1785,144
1786,144
1787,144
1788,144
1789,144
1790,144
1791,144
1792,144
1793,144
1794,144
1795,144
1796,144
1797,144
1798,144
1799,144
1800,144
1801,144
1802,144
1803,144
1804,144
1805,144
1806,144
1807,144
1808,144
1809,144
1810,144
1811,144
1812,144
1813,144
1814,144
1815,144
1816,144
1817,144
1818,144
1819,144
1820,144
1821,144
1822,144
1823,144
1824,144
1825,144
1826,144
1827,144
1828,144
1829,144
1830,144
1831,144
1832,144
1833,144
1834,144
1835,144
1836,144
1837,144
1838,144
1839,144
1840,144
1841,144
1842,144
1843,144
1844,144
1845,144
1846,144
1847,144
1848,144
1849,144
1850,144
1851,144
1852,144
1853,144
1854,144
1855,144
1856,144
1857,144
1858,144
1859,144
1860,144
1861,144
1862,144
1863,144
1864,144
1865,144
1866,144
1867,144
1868,144
1869,144
1870,144
1871,144
1872,144
1873,144
1874,144
1875,144
1876,144
1877,144
1878,144
1879,144
1880,144
1881,144
1882,144
1883,144
1884,144
1885,144
1886,144
1887,144
1888,144
1889,144
1890,144
1891,144
1892,144
1893,144
1894,144
1895,144
1896,144
1897,144
1898,144
1899,144
1900,144
1901,144
1902,144
1903,144
1904,144
1905,144
1906,144
1907,144
1908,144
1909,144
1910,144
1911,144
1912,144
1913,144
1914,144
1915,144
1916,144
1917,144
1918,144
1919,144
1920,144
1921,144
1922,144
1923,144
1924,144
1925,144
1926,144
1927,144
1928,144
1929,144
1930,144
1931,144
1932,144
1933,144
1934,144
1935,144
1936,144
1937,144
1938,144
1939,144
1940,144
1941,144
1942,144
1943,144
1944,144
1945,144
1946,144
1947,144
1948,144
1949,144
1950,144
1951,144
1952,144
1953,144
1954,144
1955,144
1956,144
1957,144
1958,144
1959,144
1960,144
1961,144
1962,144
1963,144
1964,144
1965,144
1966,144
1967,144
1968,144
1969,144
1970,144
1971,144
1972,144
1973,144
1974,144
1975,144
1976,144
1977,144
1978,144
1979,144
1980,144
1981,144
1982,144
1983,144
1984,144
1985,144
1986,144
1987,144
1988,144
1989,144
1990,144
1991,144
1992,144
1993,144
1994,144
1995,144
1996,144
1997,144
1998,144
1999,144
2000,144
2001,144
2002,144
2003,144
2004,144
2005,144
2006,144
2007,144
2008,144
2009,144
2010,144
2011,144
2012,144
2013,144
2014,144
2015,144
2016,144
2017,144
2018,144
2019,144
2020,144
2021,144
2022,144
2023,144
2024,144
2025,144
2026,144
2027,144
2028,144
2029,144
2030,144
2031,144
2032,144
2033,144
2034,144
2035,144
2036,144
2037,144
2038,144
2039,144
2040,144
2041,144
2042,144
2043,144
2044,144
2045,144
2046,144
2047,144
2048,144
2049,144
2050,144
2051,144
2052,144
2053,144
2054,144
2055,144
2056,144
2057,144
2058,144
2059,144
2060,144
2061,144
2062,144
2063,144
2064,144
2065,144
2066,144
2067,144
2068,144
2069,144
2070,144
2071,144
2072,144
2073,144
2074,144
2075,144
2076,144
2077,144
2078,144
2079,144
2080,144
2081,144
2082,144
2083,144
2084,144
2085,144
2086,144
2087,144
2088,144
2089,144
2090,144
2091,144
2092,144
2093,144
2094,144
2095,144
2096,144
2097,144
2098,144
2099,144
2100,144
2101,144
2102,144
2103,144
2104,144
2105,144
2106,144
2107,144
2108,144
2109,144
2110,144
2111,144
2112,144
2113,144
2114,144
2115,144
2116,144
2117,144
2118,144
2119,144
2120,144
2121,144
2122,144
2123,144
2124,144
2125,144
2126,144
2127,144
2128,144
2129,144
2130,144
2131,144
2132,144
2133,144
2134,144
2135,144
2136,144
2137,144
2138,144
2139,144
2140,144
2141,145
