0,0
1,1
2,2
3,3
4,4
5,4
6,5
7,6
8,7
9,8
10,8
11,8
12,9
13,10
14,11
15,12
16,13
17,13
18,14
19,14
20,15
21,16
22,17
23,18
24,19
25,20
26,21
27,22
28,23
29,24
30,25
31,25
32,26
33,26
34,26
35,27
36,27
37,28
38,29
39,29
40,30
41,31
42,31
43,32
44,33
45,33
46,34
47,35
48,36
49,37
50,38
51,39
52,39
53,39
54,40
55,41
56,42
57,43
58,43
59,44
60,45
61,46
62,47
63,48
64,48
65,48
66,49
67,49
68,49
69,49
70,50
71,50
72,51
73,51
74,51
75,51
76,51
77,52
78,52
79,52
80,52
81,52
82,52
83,52
84,53
85,53
86,54
87,54
88,54
89,54
90,55
91,55
92,55
93,55
94,56
95,56
96,56
97,56
98,57
99,58
100,58
101,58
102,58
103,58
104,58
105,58
106,58
107,58
108,58
109,58
110,58
111,58
112,58
113,58
114,59
115,60
116,61
117,62
118,62
119,63
120,64
121,64
122,64
123,65
124,66
125,66
126,66
127,67
128,68
129,68
130,68
131,69
132,70
133,71
134,72
135,72
136,72
137,72
138,72
139,72
140,72
141,73
142,74
143,74
144,75
145,75
146,75
147,75
148,75
149,75
150,75
151,75
152,75
153,76
154,76
155,76
156,76
157,76
158,76
159,76
160,76
161,76
162,77
163,77
164,77
165,77
166,78
167,79
168,79
169,80
170,81
171,82
172,83
173,84
174,85
175,86
176,87
177,88
178,89
179,89
180,89
181,90
182,91
183,91
184,91
185,92
186,93
187,93
188,94
189,95
190,95
191,96
192,97
193,98
194,98
195,98
196,98
197,98
198,98
199,99
200,99
201,99
202,99
203,99
204,99
205,99
206,100
207,100
208,100
209,100
210,100
211,100
212,100
213,100
214,100
215,100
216,100
217,100
218,100
219,100
220,100
221,100
222,100
223,100
224,100
225,100
226,100
227,100
228,100
229,101
230,101
231,101
232,101
233,101
234,101
235,101
236,101
237,101
238,101
239,102
240,102
241,102
242,102
243,102
244,102
245,102
246,102
247,102
248,102
249,102
250,102
251,102
252,102
253,102
254,102
255,102
256,102
257,102
258,102
259,102
260,102
261,102
262,102
263,102
264,102
265,102
266,103
267,103
268,103
269,103
270,103
271,103
272,103
273,103
274,104
275,104
276,104
277,104
278,104
279,104
280,104
281,104
282,104
283,104
284,104
285,104
286,104
287,104
288,104
289,104
290,104
291,104
292,104
293,104
294,104
295,104
296,104
297,104
298,104
299,104
300,104
301,104
302,104
303,104
304,104
305,104
306,104
307,104
308,104
309,104
310,104
311,104
312,104
313,104
314,104
315,104
316,104
317,104
318,104
319,104
320,104
321,104
322,104
323,104
324,104
325,104
326,104
327,104
328,104
329,104
330,104
331,104
332,104
333,104
334,104
335,104
336,104
337,104
338,104
339,104
340,104
341,104
342,104
343,104
344,104
345,104
346,104
347,104
348,104
349,104
350,104
351,104
352,104
353,104
354,104
355,104
356,104
357,104
358,104
359,104
360,104
361,104
362,104
363,104
364,104
365,104
366,104
367,104
368,104
369,104
370,104
371,104
372,104
373,104
374,104
375,104
376,104
377,104
378,104
379,104
380,104
381,104
382,104
383,104
384,104
385,104
386,104
387,104
388,104
389,104
390,104
391,104
392,104
393,104
394,104
395,104
396,104
397,104
398,104
399,104
400,104
401,104
402,104
403,104
404,104
405,104
406,104
407,104
408,104
409,104
410,104
411,104
412,104
413,104
414,104
415,104
416,105
417,106
418,107
419,108
420,109
421,110
422,111
423,112
424,112
425,112
426,112
427,112
428,112
429,112
430,112
431,112
432,112
433,112
434,112
435,112
436,112
437,112
438,112
439,112
440,112
441,112
442,112
443,112
444,112
445,112
446,113
447,113
448,113
449,114
450,115
451,115
452,115
453,115
454,115
455,115
456,115
457,115
458,116
459,116
460,116
461,116
462,117
463,117
464,117
465,117
466,117
467,117
468,117
469,117
470,117
471,117
472,117
473,117
474,117
475,117
476,117
477,117
478,117
479,117
480,117
481,117
482,117
483,117
484,117
485,117
486,117
487,117
488,117
489,117
490,118
491,118
492,118
493,118
494,118
495,118
496,118
497,118
498,118
499,118
500,118
501,118
502,118
503,118
504,118
505,118
506,118
507,118
508,118
509,118
510,118
511,118
512,118
513,118
514,118
515,118
516,118
517,118
518,118
519,118
520,118
521,119
522,119
523,119
524,119
525,119
526,119
527,119
528,119
529,119
530,119
531,119
532,119
533,119
534,119
535,119
536,119
537,120
538,120
539,120
540,120
541,121
542,121
543,121
544,121
545,121
546,121
547,121
548,121
549,121
550,121
551,121
552,121
553,121
554,121
555,121
556,121
557,121
558,121
559,121
560,121
561,121
562,121
563,121
564,121
565,121
566,121
567,121
568,121
569,121
570,121
571,121
572,121
573,121
574,121
575,121
576,121
577,121
578,121
579,121
580,121
581,121
582,121
583,121
584,121
585,121
586,121
587,121
588,121
589,121
590,121
591,121
592,121
593,121
594,121
595,121
596,121
597,121
598,121
599,121
600,121
601,121
602,121
603,121
604,121
605,121
606,121
607,121
608,121
609,121
610,121
611,121
612,121
613,121
614,121
615,121
616,121
617,121
618,121
619,121
620,121
621,121
622,121
623,121
624,121
625,121
626,121
627,121
628,121
629,121
630,121
631,121
632,121
633,121
634,121
635,121
636,121
637,121
638,121
639,121
640,121
641,121
642,121
643,121
644,121
645,121
646,121
647,121
648,121
649,121
650,121
651,121
652,121
653,121
654,121
655,121
656,121
657,121
658,121
659,121
660,121
661,121
662,121
663,121
664,121
665,121
666,121
667,121
668,121
669,121
670,121
671,121
672,121
673,121
674,121
675,121
676,121
677,121
678,121
679,121
680,121
681,121
682,121
683,121
684,121
685,121
686,121
687,122
688,123
689,123
690,123
691,123
692,123
693,123
694,123
695,123
696,123
697,123
698,123
699,123
700,123
701,123
702,123
703,123
704,124
705,124
706,125
707,126
708,126
709,127
710,128
711,128
712,128
713,128
714,128
715,128
716,128
717,128
718,128
719,128
720,128
721,128
722,128
723,128
724,128
725,128
726,128
727,128
728,128
729,128
730,128
731,128
732,128
733,128
734,128
735,128
736,128
737,128
738,128
739,128
740,128
741,128
742,128
743,128
744,128
745,128
746,128
747,128
748,128
749,128
750,128
751,128
752,128
753,128
754,128
755,128
756,128
757,128
758,128
759,128
760,128
761,128
762,128
763,129
764,129
765,129
766,129
767,129
768,129
769,129
770,129
771,130
772,130
773,131
774,131
775,131
776,132
777,132
778,133
779,133
780,133
781,133
782,133
783,133
784,133
785,133
786,133
787,133
788,133
789,133
790,133
791,133
792,133
793,133
794,133
795,133
796,133
797,133
798,133
799,133
800,133
801,133
802,133
803,133
804,133
805,133
806,133
807,133
808,133
809,133
810,133
811,133
812,133
813,133
814,133
815,133
816,133
817,133
818,133
819,133
820,133
821,133
822,133
823,133
824,133
825,133
826,133
827,133
828,133
829,133
830,133
831,133
832,133
833,133
834,133
835,133
836,133
837,133
838,133
839,133
840,133
841,133
842,133
843,133
844,133
845,133
846,133
847,133
848,133
849,133
850,133
851,133
852,133
853,133
854,133
855,133
856,133
857,133
858,133
859,133
860,133
861,133
862,133
863,133
864,133
865,133
866,133
867,133
868,133
869,133
870,133
871,133
872,133
873,133
874,133
875,133
876,133
877,133
878,133
879,133
880,133
881,133
882,133
883,133
884,133
885,133
886,133
887,133
888,133
889,133
890,133
891,133
892,133
893,133
894,133
895,133
896,133
897,133
898,133
899,133
900,133
901,133
902,133
903,133
904,133
905,133
906,133
907,133
908,133
909,133
910,133
911,133
912,133
913,133
914,133
915,133
916,133
917,133
918,133
919,133
920,133
921,133
922,133
923,133
924,133
925,133
926,133
927,133
928,133
929,133
930,133
931,133
932,133
933,133
934,133
935,133
936,133
937,133
938,133
939,133
940,133
941,133
942,133
943,133
944,133
945,133
946,133
947,133
948,133
949,133
950,133
951,133
952,133
953,133
954,133
955,133
956,133
957,133
958,133
959,133
960,133
961,133
962,133
963,133
964,133
965,133
966,133
967,133
968,133
969,133
970,133
971,133
972,133
973,133
974,133
975,133
976,133
977,133
978,133
979,133
980,133
981,133
982,133
983,133
984,133
985,133
986,133
987,133
988,134
989,134
990,134
991,134
992,134
993,134
994,134
995,134
996,134
997,134
998,134
999,134
1000,134
1001,134
1002,134
1003,134
1004,134
1005,134
1006,134
1007,134
1008,134
1009,134
1010,134
1011,134
1012,134
1013,134
1014,134
1015,134
1016,134
1017,134
1018,134
1019,134
1020,134
1021,134
1022,134
1023,134
1024,134
1025,134
1026,134
1027,134
1028,134
1029,134
1030,134
1031,134
1032,134
1033,134
1034,134
1035,134
1036,134
1037,134
1038,134
1039,134
1040,134
1041,134
1042,134
1043,134
1044,134
1045,134
1046,135
1047,135
1048,135
1049,135
1050,135
1051,135
1052,136
1053,136
1054,136
1055,136
1056,136
1057,136
1058,136
1059,136
1060,136
1061,136
1062,136
1063,136
1064,136
1065,136
1066,136
1067,136
1068,136
1069,136
1070,136
1071,136
1072,136
1073,136
1074,136
1075,136
1076,136
1077,136
1078,136
1079,136
1080,136
1081,136
1082,136
1083,136
1084,136
1085,136
1086,136
1087,136
1088,136
1089,136
1090,136
1091,136
1092,136
1093,136
1094,136
1095,136
1096,136
1097,136
1098,136
1099,136
1100,136
1101,136
1102,136
1103,136
1104,136
1105,136
1106,136
1107,136
1108,136
1109,136
1110,136
1111,136
1112,136
1113,136
1114,136
1115,136
1116,136
1117,136
1118,136
1119,136
1120,136
1121,136
1122,136
1123,136
1124,136
1125,136
1126,136
1127,136
1128,136
1129,136
1130,136
1131,136
1132,136
1133,136
1134,136
1135,136
1136,136
1137,136
1138,136
1139,136
1140,136
1141,136
1142,136
1143,136
1144,136
1145,136
1146,136
1147,136
1148,136
1149,136
1150,136
1151,136
1152,136
1153,136
1154,136
1155,136
1156,136
1157,136
1158,136
1159,136
1160,136
1161,136
1162,136
1163,136
1164,136
1165,136
1166,136
1167,136
1168,136
1169,136
1170,136
1171,136
1172,136
1173,136
1174,136
1175,136
1176,136
1177,136
1178,136
1179,136
1180,136
1181,136
1182,136
1183,136
1184,136
1185,136
1186,136
1187,136
1188,136
1189,137
1190,137
1191,137
1192,137
1193,137
1194,137
1195,137
1196,137
1197,137
1198,137
1199,137
1200,137
1201,137
1202,137
1203,137
1204,137
1205,137
1206,137
1207,137
1208,137
1209,137
1210,137
1211,137
1212,137
1213,137
1214,137
1215,137
1216,137
1217,137
1218,137
1219,137
1220,137
1221,137
1222,137
1223,137
1224,137
1225,137
1226,137
1227,137
1228,137
1229,137
1230,137
1231,137
1232,137
1233,137
1234,137
1235,137
1236,137
1237,137
1238,137
1239,137
1240,137
1241,137
1242,137
1243,137
1244,137
1245,137
1246,137
1247,137
1248,137
1249,137
1250,137
1251,137
1252,137
1253,137
1254,137
1255,137
1256,137
1257,137
1258,137
1259,137
1260,137
1261,137
1262,137
1263,137
1264,137
1265,137
1266,137
1267,137
1268,137
1269,137
1270,137
1271,137
1272,137
1273,137
1274,137
1275,137
1276,137
1277,137
1278,137
1279,137
1280,137
1281,137
1282,137
1283,137
1284,137
1285,137
1286,137
1287,137
1288,137
1289,137
1290,137
1291,137
1292,137
1293,137
1294,137
1295,137
1296,137
1297,137
1298,137
1299,137
1300,137
1301,137
1302,137
1303,137
1304,137
1305,137
1306,137
1307,137
1308,137
1309,137
1310,137
1311,137
1312,137
1313,137
1314,137
1315,137
1316,137
1317,137
1318,137
1319,137
1320,137
1321,137
1322,137
1323,137
1324,137
1325,137
1326,137
1327,137
1328,137
1329,137
1330,137
1331,137
1332,137
1333,138
1334,138
1335,138
1336,138
1337,138
1338,138
1339,138
1340,138
1341,138
1342,138
1343,138
1344,138
1345,138
1346,138
1347,138
1348,138
1349,138
1350,138
1351,138
1352,138
1353,138
1354,138
1355,138
1356,138
1357,138
1358,138
1359,138
1360,138
1361,138
1362,138
1363,138
1364,138
1365,138
1366,138
1367,138
1368,138
1369,138
1370,138
1371,138
1372,138
1373,138
1374,138
1375,138
1376,138
1377,138
1378,138
1379,138
1380,138
1381,138
1382,138
1383,138
1384,138
1385,138
1386,138
1387,138
1388,138
1389,138
1390,138
1391,138
1392,138
1393,138
1394,138
1395,138
1396,138
1397,138
1398,138
1399,138
1400,138
1401,138
1402,138
1403,138
1404,138
1405,138
1406,138
1407,138
1408,138
1409,138
1410,138
1411,138
1412,138
1413,138
1414,138
1415,138
1416,138
1417,138
1418,138
1419,138
1420,138
1421,138
1422,138
1423,138
1424,138
1425,138
1426,138
1427,138
1428,138
1429,138
1430,138
1431,138
1432,138
1433,138
1434,138
1435,138
1436,138
1437,138
1438,138
1439,138
1440,138
1441,138
1442,138
1443,138
1444,138
1445,139
1446,139
1447,139
1448,139
1449,139
1450,139
1451,139
1452,139
1453,139
1454,139
1455,139
1456,139
1457,139
1458,139
1459,139
1460,139
1461,139
1462,139
1463,139
1464,139
1465,139
1466,139
1467,139
1468,139
1469,139
1470,139
1471,139
1472,139
1473,139
1474,139
1475,139
1476,139
1477,139
1478,139
1479,139
1480,139
1481,139
1482,139
1483,139
1484,139
1485,139
1486,139
1487,139
1488,139
1489,139
1490,139
1491,139
1492,139
1493,139
1494,139
1495,139
1496,139
1497,139
1498,139
1499,139
1500,139
1501,139
1502,139
1503,139
1504,139
1505,139
1506,139
1507,139
1508,139
1509,139
1510,139
1511,139
1512,139
1513,139
1514,139
1515,139
1516,139
1517,139
1518,139
1519,139
1520,139
1521,139
1522,139
1523,139
1524,139
1525,139
1526,139
1527,139
1528,139
1529,139
1530,139
1531,139
1532,139
1533,139
1534,139
1535,139
1536,139
1537,139
1538,139
1539,139
1540,139
1541,139
1542,139
1543,139
1544,139
1545,139
1546,139
1547,139
1548,139
1549,139
1550,139
1551,139
1552,139
1553,139
1554,139
1555,139
1556,139
1557,139
1558,139
1559,139
1560,139
1561,139
1562,139
1563,139
1564,139
1565,139
1566,139
1567,139
1568,139
1569,139
1570,139
1571,139
1572,139
1573,139
1574,139
1575,139
1576,139
1577,139
1578,139
1579,139
1580,139
1581,139
1582,139
1583,139
1584,139
1585,139
1586,139
1587,139
1588,139
1589,139
1590,139
1591,139
1592,139
1593,139
1594,139
1595,139
1596,139
1597,139
1598,139
1599,139
1600,139
1601,139
1602,139
1603,139
1604,139
1605,139
1606,139
1607,139
1608,139
1609,139
1610,139
1611,139
1612,139
1613,139
1614,139
1615,139
1616,139
1617,139
1618,139
1619,139
1620,139
1621,139
1622,139
1623,139
1624,139
1625,139
1626,139
1627,139
1628,139
1629,139
1630,139
1631,139
1632,139
1633,139
1634,139
1635,139
1636,139
1637,139
1638,139
1639,139
1640,139
1641,139
1642,139
1643,139
1644,139
1645,139
1646,139
1647,139
1648,139
1649,139
1650,139
1651,139
1652,139
1653,139
1654,139
1655,139
1656,139
1657,139
1658,139
1659,139
1660,139
1661,139
1662,139
1663,139
1664,139
1665,139
1666,139
1667,139
1668,139
1669,139
1670,139
1671,139
1672,139
1673,139
1674,139
1675,139
1676,139
1677,139
1678,139
1679,139
1680,139
1681,139
1682,139
1683,139
1684,139
1685,139
1686,139
1687,139
1688,139
1689,139
1690,139
1691,139
1692,139
1693,139
1694,139
1695,139
1696,139
1697,139
1698,139
1699,139
1700,139
1701,139
1702,139
1703,139
1704,139
1705,139
1706,139
1707,139
1708,139
1709,139
1710,139
1711,139
1712,139
1713,139
1714,139
1715,139
1716,139
1717,139
1718,139
1719,139
1720,139
1721,139
1722,139
1723,139
1724,139
1725,139
1726,139
1727,139
1728,139
1729,139
1730,139
1731,139
1732,139
1733,139
1734,139
1735,139
1736,139
1737,139
1738,139
1739,139
1740,139
1741,139
1742,139
1743,139
1744,140
1745,140
1746,140
1747,140
1748,140
1749,140
1750,140
1751,140
1752,140
1753,140
1754,140
1755,140
1756,140
1757,140
1758,140
1759,140
1760,140
1761,140
1762,140
1763,140
1764,140
1765,140
1766,140
1767,140
1768,140
1769,140
1770,140
1771,140
1772,140
1773,140
1774,140
1775,140
1776,140
1777,140
1778,140
1779,140
1780,140
1781,140
1782,140
1783,140
1784,140
1785,140
1786,140
1787,140
1788,140
1789,140
1790,140
1791,140
1792,140
1793,140
1794,140
1795,140
1796,140
1797,140
1798,140
1799,140
1800,140
1801,140
1802,140
1803,140
1804,140
1805,140
1806,140
1807,140
1808,140
1809,140
1810,140
1811,140
1812,140
1813,140
1814,140
1815,140
1816,140
1817,140
1818,140
1819,140
1820,140
1821,140
1822,140
1823,140
1824,140
1825,140
1826,140
1827,140
1828,140
1829,140
1830,140
1831,140
1832,140
1833,140
1834,140
1835,140
1836,140
1837,140
1838,140
1839,140
1840,140
1841,140
1842,140
1843,140
1844,140
1845,140
1846,140
1847,140
1848,140
1849,140
1850,140
1851,140
1852,140
1853,140
1854,140
1855,140
1856,140
1857,140
1858,140
1859,140
1860,140
1861,140
1862,140
1863,140
1864,140
1865,140
1866,140
1867,140
1868,140
1869,140
1870,140
1871,140
1872,140
1873,140
1874,140
1875,140
1876,140
1877,140
1878,140
1879,140
1880,140
1881,140
1882,140
1883,140
1884,140
1885,140
1886,140
1887,140
1888,140
1889,140
1890,140
1891,140
1892,140
1893,140
1894,140
1895,140
1896,140
1897,140
1898,140
1899,140
1900,140
1901,140
1902,140
1903,140
1904,140
1905,140
1906,140
1907,140
1908,140
1909,140
1910,140
1911,140
1912,140
1913,140
1914,140
1915,140
1916,140
1917,140
1918,140
1919,140
1920,140
1921,140
1922,140
1923,140
1924,140
1925,140
1926,140
1927,140
1928,140
1929,140
1930,140
1931,141
1932,142
1933,142
1934,142
1935,142
1936,142
1937,142
1938,142
1939,142
1940,142
1941,142
1942,142
1943,142
1944,142
1945,142
1946,142
1947,142
1948,142
1949,142
1950,142
1951,142
1952,142
1953,142
1954,142
1955,142
1956,142
1957,142
1958,142
1959,142
1960,142
1961,142
1962,142
1963,142
1964,142
1965,142
1966,142
1967,142
1968,142
1969,142
1970,142
1971,142
1972,142
1973,142
1974,142
1975,142
1976,142
1977,142
1978,142
1979,142
1980,142
1981,142
1982,142
1983,142
1984,142
1985,142
1986,142
1987,142
1988,142
1989,142
1990,142
1991,142
1992,142
1993,142
1994,142
1995,142
1996,142
1997,142
1998,142
1999,142
2000,142
2001,142
2002,142
2003,143
2004,143
2005,143
2006,143
2007,143
2008,143
2009,143
2010,143
2011,143
2012,143
2013,143
2014,143
2015,143
2016,143
2017,143
2018,143
2019,143
2020,143
2021,143
2022,143
2023,143
2024,143
2025,143
2026,143
2027,143
2028,143
2029,143
2030,143
2031,143
2032,143
2033,143
2034,143
2035,143
2036,143
2037,143
2038,143
2039,143
2040,143
2041,143
2042,143
2043,143
2044,143
2045,143
2046,143
2047,143
2048,143
2049,143
2050,143
2051,143
2052,143
2053,143
2054,143
2055,143
2056,143
2057,143
2058,143
2059,143
2060,143
2061,143
2062,143
2063,143
2064,143
2065,143
2066,143
2067,143
2068,143
2069,143
2070,143
2071,143
2072,143
2073,143
2074,143
2075,143
2076,143
2077,143
2078,143
2079,143
2080,143
2081,143
2082,143
2083,143
2084,143
2085,143
2086,143
2087,143
2088,143
2089,143
2090,143
2091,143
2092,143
2093,143
2094,143
2095,143
2096,143
2097,143
2098,143
2099,143
2100,143
2101,143
2102,143
2103,143
2104,143
2105,143
2106,143
2107,143
2108,143
2109,143
2110,143
2111,143
2112,143
2113,143
2114,143
2115,143
2116,143
2117,143
2118,143
2119,143
2120,143
2121,143
2122,143
2123,143
2124,143
2125,143
2126,143
2127,143
2128,143
2129,143
2130,143
2131,143
2132,143
2133,143
2134,143
2135,143
2136,143
2137,143
2138,143
2139,143
2140,143
2141,143
2142,143
2143,143
2144,143
2145,143
2146,143
2147,143
2148,143
2149,143
2150,143
2151,143
2152,143
2153,143
2154,143
2155,143
2156,143
2157,143
2158,143
2159,143
2160,143
2161,143
2162,143
2163,143
2164,143
2165,143
2166,143
2167,143
2168,143
2169,143
2170,143
2171,143
2172,143
2173,143
2174,143
2175,143
2176,143
2177,143
2178,143
2179,143
2180,143
2181,143
2182,143
2183,143
2184,143
2185,143
2186,143
2187,143
2188,143
2189,143
2190,143
2191,143
2192,143
2193,143
2194,143
2195,143
2196,143
2197,143
2198,143
2199,143
2200,143
2201,143
2202,143
2203,143
2204,143
2205,143
2206,143
2207,143
2208,143
2209,143
2210,143
2211,143
2212,143
2213,143
2214,143
2215,143
2216,143
2217,143
2218,143
2219,143
2220,143
2221,143
2222,143
2223,143
2224,143
2225,143
2226,143
2227,143
2228,143
2229,143
2230,143
2231,143
2232,143
2233,143
2234,143
2235,143
2236,143
2237,143
2238,143
2239,143
2240,143
2241,143
2242,143
2243,143
2244,143
2245,143
2246,143
2247,143
2248,143
2249,143
2250,143
2251,143
2252,143
2253,143
2254,143
2255,143
2256,143
2257,143
2258,143
2259,143
2260,143
2261,143
2262,143
2263,143
2264,143
2265,143
2266,143
2267,143
2268,143
2269,143
2270,143
2271,143
2272,143
2273,143
2274,143
2275,143
2276,143
2277,143
2278,143
2279,143
2280,143
2281,143
2282,143
2283,143
2284,143
2285,143
2286,143
2287,143
2288,143
2289,143
2290,143
2291,143
2292,143
2293,143
2294,143
2295,143
2296,143
2297,143
2298,143
2299,143
2300,143
2301,143
2302,143
2303,143
2304,143
2305,143
2306,143
2307,143
2308,143
2309,143
2310,143
2311,143
2312,143
2313,143
2314,143
2315,143
2316,143
2317,143
2318,143
2319,143
2320,143
2321,143
2322,143
2323,143
2324,143
2325,143
2326,143
2327,143
2328,143
2329,143
2330,143
2331,143
2332,143
2333,143
2334,143
2335,143
2336,143
2337,143
2338,143
2339,143
2340,143
2341,143
2342,143
2343,143
2344,143
2345,143
2346,143
2347,143
2348,143
2349,143
2350,143
2351,143
2352,143
2353,143
2354,143
2355,143
2356,143
2357,143
2358,143
2359,143
2360,143
2361,143
2362,143
2363,143
2364,143
2365,143
2366,143
2367,143
2368,143
2369,143
2370,143
2371,143
2372,143
2373,143
2374,143
2375,143
2376,143
2377,143
2378,143
2379,143
2380,144
2381,144
2382,144
2383,144
2384,144
2385,144
2386,144
2387,144
2388,144
2389,144
2390,144
2391,144
2392,144
2393,144
2394,144
2395,144
2396,144
2397,144
2398,144
2399,144
2400,144
2401,144
2402,144
2403,144
2404,144
2405,144
2406,144
2407,144
2408,144
2409,144
2410,144
2411,144
2412,144
2413,144
2414,144
2415,144
2416,144
2417,144
2418,144
2419,144
2420,144
2421,144
2422,144
2423,144
2424,144
2425,144
2426,144
2427,144
2428,144
2429,144
2430,144
2431,144
2432,144
2433,144
2434,144
2435,144
2436,144
2437,144
2438,144
2439,144
2440,144
2441,144
2442,144
2443,144
2444,144
2445,144
2446,144
2447,144
2448,144
2449,144
2450,144
2451,144
2452,144
2453,144
2454,144
2455,144
2456,144
2457,144
2458,144
2459,144
2460,144
2461,144
2462,144
2463,144
2464,144
2465,144
2466,144
2467,144
2468,144
2469,144
2470,144
2471,144
2472,144
2473,144
2474,144
2475,144
2476,144
2477,144
2478,144
2479,144
2480,144
2481,144
2482,144
2483,144
2484,144
2485,144
2486,144
2487,144
2488,144
2489,144
2490,144
2491,144
2492,144
2493,144
2494,144
2495,144
2496,144
2497,144
2498,144
2499,144
2500,144
2501,144
2502,144
2503,144
2504,144
2505,144
2506,144
2507,144
2508,144
2509,144
2510,144
2511,144
2512,144
2513,144
2514,144
2515,144
2516,144
2517,144
2518,144
2519,144
2520,144
2521,144
2522,144
2523,144
2524,144
2525,144
2526,144
2527,144
2528,144
2529,144
2530,144
2531,144
2532,144
2533,144
2534,144
2535,144
2536,144
2537,144
2538,144
2539,144
2540,144
2541,144
2542,144
2543,144
2544,144
2545,144
2546,144
2547,144
2548,144
2549,144
2550,144
2551,144
2552,144
2553,144
2554,144
2555,144
2556,144
2557,144
2558,144
2559,144
2560,144
2561,144
2562,144
2563,144
2564,144
2565,144
2566,144
2567,144
2568,144
2569,144
2570,144
2571,144
2572,144
2573,144
2574,144
2575,144
2576,144
2577,144
2578,144
2579,144
2580,144
2581,144
2582,144
2583,144
2584,144
2585,144
2586,144
2587,144
2588,144
2589,144
2590,144
2591,144
2592,144
2593,144
2594,144
2595,144
2596,144
2597,144
2598,144
2599,144
2600,144
2601,144
2602,144
2603,144
2604,144
2605,144
2606,144
2607,144
2608,144
2609,144
2610,144
2611,144
2612,144
2613,144
2614,144
2615,144
2616,144
2617,144
2618,144
2619,144
2620,144
2621,144
2622,144
2623,144
2624,144
2625,144
2626,144
2627,144
2628,144
2629,144
2630,144
2631,144
2632,144
2633,144
2634,144
2635,144
2636,144
2637,144
2638,144
2639,144
2640,144
2641,144
2642,144
2643,144
2644,144
2645,144
2646,144
2647,144
2648,144
2649,144
2650,144
2651,144
2652,144
2653,144
2654,144
2655,144
2656,144
2657,144
2658,144
2659,144
2660,144
2661,144
2662,144
2663,144
2664,144
2665,144
2666,144
2667,144
2668,144
2669,144
2670,144
2671,144
2672,144
2673,144
2674,144
2675,144
2676,144
2677,144
2678,144
2679,144
2680,144
2681,144
2682,144
2683,144
2684,144
2685,144
2686,144
2687,144
2688,144
2689,144
2690,144
2691,144
2692,144
2693,144
2694,144
2695,144
2696,144
2697,144
2698,144
2699,144
2700,144
2701,144
2702,144
2703,144
2704,144
2705,144
2706,144
2707,144
2708,144
2709,144
2710,144
2711,144
2712,144
2713,144
2714,144
2715,144
2716,144
2717,144
2718,144
2719,144
2720,144
2721,144
2722,144
2723,144
2724,144
2725,144
2726,144
2727,144
2728,144
2729,144
2730,144
2731,144
2732,144
2733,144
2734,144
2735,144
2736,144
2737,144
2738,144
2739,144
2740,144
2741,144
2742,144
2743,144
2744,144
2745,144
2746,144
2747,144
2748,144
2749,144
2750,144
2751,144
2752,144
2753,144
2754,144
2755,144
2756,144
2757,144
2758,144
2759,144
2760,144
2761,144
2762,144
2763,144
2764,144
2765,144
2766,144
2767,144
2768,144
2769,144
2770,144
2771,144
2772,144
2773,144
2774,144
2775,144
2776,144
2777,144
2778,144
2779,144
2780,144
2781,144
2782,144
2783,144
2784,144
2785,144
2786,144
2787,144
2788,144
2789,144
2790,144
2791,144
2792,144
2793,144
2794,144
2795,144
2796,144
2797,144
2798,144
2799,144
2800,144
2801,144
2802,144
2803,144
2804,144
2805,144
2806,144
2807,144
2808,144
2809,144
2810,144
2811,144
2812,144
2813,144
2814,144
2815,144
2816,144
2817,144
2818,144
2819,144
2820,144
2821,144
2822,144
2823,144
2824,144
2825,144
2826,144
2827,144
2828,144
2829,144
2830,144
2831,144
2832,144
2833,144
2834,144
2835,144
2836,144
2837,144
2838,144
2839,144
2840,144
2841,144
2842,144
2843,144
2844,144
2845,144
2846,144
2847,144
2848,144
2849,144
2850,144
2851,144
2852,144
2853,144
2854,144
2855,144
2856,144
2857,144
2858,144
2859,144
2860,144
2861,144
2862,144
2863,144
2864,144
2865,144
2866,144
2867,144
2868,144
2869,144
2870,144
2871,144
2872,144
2873,144
2874,144
2875,144
2876,144
2877,144
2878,144
2879,144
2880,144
2881,144
2882,144
2883,144
2884,144
2885,144
2886,144
2887,144
2888,144
2889,144
2890,144
2891,144
2892,144
2893,144
2894,144
2895,144
2896,144
2897,144
2898,144
2899,144
2900,144
2901,144
2902,144
2903,144
2904,144
2905,144
2906,144
2907,144
2908,144
2909,144
2910,144
2911,144
2912,144
2913,144
2914,144
2915,144
2916,144
2917,144
2918,144
2919,144
2920,144
2921,144
2922,144
2923,144
2924,144
2925,144
2926,144
2927,144
2928,144
2929,144
2930,144
2931,144
2932,144
2933,144
2934,144
2935,144
2936,144
2937,144
2938,144
2939,144
2940,144
2941,144
2942,144
2943,144
2944,144
2945,144
2946,144
2947,144
2948,144
2949,144
2950,144
2951,144
2952,144
2953,144
2954,144
2955,144
2956,144
2957,144
2958,144
2959,144
2960,144
2961,144
2962,144
2963,144
2964,144
2965,144
2966,144
2967,144
2968,144
2969,144
2970,144
2971,144
2972,144
2973,144
2974,144
2975,144
2976,144
2977,144
2978,144
2979,144
2980,144
2981,144
2982,144
2983,144
2984,144
2985,144
2986,144
2987,144
2988,144
2989,144
2990,144
2991,144
2992,144
2993,144
2994,144
2995,144
2996,144
2997,144
2998,144
2999,144
3000,144
3001,144
3002,144
3003,144
3004,144
3005,144
3006,144
3007,144
3008,144
3009,144
3010,144
3011,144
3012,144
3013,144
3014,144
3015,144
3016,144
3017,144
3018,144
3019,144
3020,144
3021,144
3022,144
3023,144
3024,144
3025,144
3026,144
3027,144
3028,144
3029,144
3030,144
3031,144
3032,144
3033,144
3034,144
3035,144
3036,145
