0,0
1,1
2,2
3,3
4,4
5,5
6,6
7,7
8,8
9,9
10,10
11,11
12,12
13,13
14,14
15,15
16,15
17,16
18,17
19,18
20,19
21,20
22,20
23,20
24,20
25,21
26,22
27,23
28,24
29,25
30,26
31,27
32,28
33,29
34,30
35,31
36,32
37,32
38,33
39,34
40,35
41,36
42,36
43,37
44,37
45,38
46,38
47,38
48,38
49,39
50,40
51,41
52,42
53,43
54,43
55,43
56,44
57,45
58,46
59,46
60,47
61,47
62,47
63,48
64,48
65,48
66,49
67,49
68,50
69,50
70,50
71,51
72,51
73,52
74,53
75,53
76,53
77,54
78,54
79,55
80,55
81,55
82,55
83,55
84,55
85,55
86,56
87,57
88,57
89,57
90,57
91,58
92,58
93,59
94,59
95,60
96,60
97,60
98,60
99,61
100,61
101,61
102,61
103,61
104,61
105,61
106,61
107,61
108,61
109,61
110,62
111,62
112,62
113,62
114,62
115,62
116,62
117,62
118,63
119,63
120,64
121,64
122,64
123,64
124,64
125,64
126,65
127,65
128,66
129,67
130,67
131,67
132,67
133,68
134,68
135,69
136,69
137,70
138,71
139,71
140,71
141,72
142,72
143,73
144,73
145,73
146,73
147,73
148,73
149,73
150,73
151,73
152,74
153,74
154,74
155,74
156,75
157,76
158,76
159,76
160,76
161,76
162,76
163,76
164,76
165,76
166,76
167,76
168,76
169,76
170,76
171,76
172,76
173,76
174,76
175,76
176,76
177,76
178,76
179,76
180,76
181,76
182,76
183,76
184,76
185,76
186,76
187,76
188,76
189,76
190,76
191,76
192,76
193,76
194,77
195,77
196,77
197,77
198,77
199,77
200,77
201,77
202,77
203,77
204,77
205,77
206,77
207,77
208,77
209,77
210,77
211,77
212,77
213,77
214,77
215,77
216,77
217,78
218,79
219,80
220,81
221,82
222,83
223,84
224,85
225,86
226,86
227,86
228,86
229,86
230,86
231,86
232,86
233,86
234,86
235,86
236,86
237,86
238,86
239,86
240,86
241,86
242,86
243,86
244,86
245,86
246,87
247,88
248,88
249,89
250,89
251,89
252,89
253,89
254,89
255,89
256,90
257,91
258,91
259,91
260,91
261,91
262,91
263,91
264,91
265,91
266,91
267,91
268,91
269,91
270,91
271,91
272,91
273,91
274,91
275,91
276,91
277,91
278,91
279,91
280,91
281,91
282,91
283,91
284,91
285,91
286,91
287,91
288,91
289,92
290,92
291,92
292,92
293,92
294,92
295,92
296,92
297,93
298,93
299,93
300,93
301,93
302,93
303,93
304,93
305,93
306,93
307,93
308,93
309,93
310,93
311,93
312,93
313,93
314,93
315,93
316,93
317,93
318,94
319,94
320,94
321,94
322,94
323,95
324,95
325,95
326,95
327,95
328,95
329,95
330,95
331,95
332,95
333,95
334,95
335,95
336,95
337,95
338,95
339,95
340,95
341,95
342,95
343,95
344,95
345,95
346,95
347,95
348,95
349,95
350,95
351,95
352,95
353,95
354,95
355,95
356,95
357,95
358,95
359,95
360,95
361,95
362,95
363,95
364,95
365,95
366,95
367,95
368,95
369,95
370,95
371,95
372,95
373,95
374,95
375,95
376,95
377,95
378,95
379,95
380,95
381,95
382,95
383,95
384,95
385,95
386,95
387,95
388,95
389,95
390,95
391,95
392,95
393,95
394,95
395,95
396,95
397,95
398,95
399,95
400,95
401,95
402,96
403,97
404,98
405,99
406,100
407,100
408,101
409,102
410,103
411,103
412,103
413,103
414,103
415,104
416,104
417,104
418,104
419,104
420,104
421,104
422,104
423,104
424,104
425,104
426,104
427,104
428,104
429,104
430,104
431,105
432,105
433,106
434,107
435,108
436,109
437,110
438,111
439,112
440,112
441,112
442,112
443,113
444,114
445,114
446,115
447,115
448,116
449,116
450,116
451,116
452,116
453,116
454,116
455,116
456,116
457,116
458,116
459,116
460,116
461,116
462,116
463,116
464,116
465,116
466,116
467,116
468,116
469,116
470,116
471,116
472,116
473,116
474,116
475,116
476,116
477,116
478,116
479,116
480,116
481,116
482,116
483,116
484,116
485,116
486,116
487,116
488,116
489,116
490,116
491,116
492,116
493,116
494,116
495,116
496,116
497,116
498,116
499,116
500,116
501,116
502,116
503,116
504,116
505,116
506,116
507,116
508,116
509,116
510,116
511,116
512,116
513,116
514,116
515,116
516,116
517,116
518,116
519,116
520,116
521,116
522,116
523,116
524,116
525,116
526,116
527,116
528,116
529,116
530,116
531,116
532,116
533,116
534,116
535,116
536,116
537,116
538,116
539,116
540,116
541,116
542,116
543,116
544,116
545,116
546,116
547,116
548,116
549,116
550,116
551,116
552,116
553,116
554,116
555,116
556,116
557,116
558,116
559,116
560,116
561,116
562,116
563,116
564,116
565,116
566,116
567,116
568,116
569,116
570,116
571,116
572,116
573,116
574,116
575,116
576,116
577,116
578,116
579,116
580,116
581,116
582,116
583,116
584,116
585,116
586,116
587,116
588,116
589,116
590,116
591,116
592,116
593,116
594,116
595,116
596,116
597,116
598,116
599,116
600,116
601,116
602,116
603,116
604,116
605,116
606,116
607,116
608,116
609,116
610,116
611,116
612,116
613,116
614,116
615,116
616,116
617,116
618,116
619,116
620,116
621,116
622,116
623,116
624,116
625,116
626,116
627,116
628,116
629,116
630,116
631,116
632,116
633,116
634,116
635,116
636,116
637,116
638,116
639,116
640,116
641,116
642,116
643,116
644,116
645,116
646,116
647,116
648,116
649,116
650,116
651,116
652,116
653,116
654,116
655,116
656,116
657,116
658,116
659,116
660,116
661,116
662,116
663,116
664,116
665,116
666,116
667,116
668,116
669,116
670,116
671,116
672,116
673,116
674,116
675,116
676,116
677,116
678,116
679,116
680,116
681,117
682,117
683,117
684,117
685,117
686,117
687,117
688,117
689,117
690,117
691,117
692,117
693,117
694,117
695,117
696,117
697,117
698,117
699,117
700,117
701,117
702,117
703,117
704,117
705,117
706,117
707,117
708,117
709,117
710,117
711,117
712,117
713,117
714,117
715,117
716,117
717,117
718,117
719,117
720,117
721,117
722,117
723,117
724,117
725,117
726,117
727,117
728,117
729,117
730,117
731,117
732,117
733,117
734,117
735,117
736,117
737,117
738,117
739,117
740,117
741,117
742,117
743,117
744,117
745,117
746,117
747,117
748,117
749,117
750,117
751,117
752,117
753,117
754,117
755,117
756,117
757,117
758,117
759,117
760,117
761,117
762,118
763,118
764,118
765,118
766,118
767,118
768,118
769,118
770,118
771,118
772,118
773,118
774,118
775,118
776,118
777,118
778,118
779,118
780,118
781,118
782,118
783,118
784,118
785,118
786,118
787,118
788,118
789,118
790,118
791,118
792,118
793,118
794,118
795,118
796,118
797,118
798,118
799,118
800,118
801,118
802,118
803,118
804,118
805,118
806,118
807,118
808,118
809,118
810,118
811,118
812,118
813,118
814,118
815,118
816,118
817,118
818,119
819,119
820,119
821,119
822,120
823,120
824,120
825,120
826,121
827,121
828,121
829,121
830,121
831,121
832,121
833,121
834,121
835,121
836,121
837,121
838,121
839,121
840,121
841,121
842,121
843,121
844,121
845,121
846,121
847,121
848,121
849,121
850,121
851,121
852,121
853,121
854,121
855,121
856,121
857,121
858,121
859,121
860,121
861,121
862,121
863,121
864,121
865,121
866,121
867,121
868,121
869,121
870,121
871,121
872,121
873,121
874,121
875,121
876,121
877,121
878,121
879,121
880,121
881,121
882,121
883,121
884,121
885,121
886,121
887,121
888,121
889,121
890,121
891,121
892,121
893,121
894,121
895,121
896,121
897,121
898,121
899,121
900,121
901,121
902,121
903,121
904,121
905,121
906,121
907,121
908,121
909,121
910,121
911,121
912,121
913,121
914,121
915,121
916,121
917,121
918,122
919,122
920,122
921,122
922,122
923,122
924,122
925,122
926,122
927,122
928,123
929,123
930,123
931,123
932,123
933,123
934,123
935,123
936,123
937,123
938,124
939,124
940,124
941,124
942,124
943,124
944,124
945,124
946,124
947,124
948,124
949,124
950,124
951,124
952,124
953,124
954,124
955,124
956,124
957,124
958,124
959,124
960,124
961,124
962,124
963,124
964,124
965,124
966,124
967,124
968,124
969,124
970,124
971,124
972,124
973,124
974,124
975,124
976,124
977,124
978,124
979,124
980,124
981,124
982,124
983,124
984,124
985,124
986,124
987,124
988,124
989,124
990,124
991,124
992,124
993,124
994,124
995,124
996,124
997,124
998,124
999,124
1000,124
1001,124
1002,124
1003,124
1004,124
1005,124
1006,124
1007,124
1008,124
1009,124
1010,124
1011,124
1012,124
1013,124
1014,124
1015,124
1016,124
1017,124
1018,124
1019,124
1020,124
1021,124
1022,124
1023,124
1024,124
1025,124
1026,124
1027,124
1028,124
1029,124
1030,124
1031,124
1032,124
1033,124
1034,124
1035,124
1036,125
1037,126
1038,126
1039,126
1040,126
1041,126
1042,127
1043,127
1044,127
1045,127
1046,127
1047,127
1048,127
1049,127
1050,127
1051,127
1052,127
1053,127
1054,127
1055,127
1056,127
1057,127
1058,127
1059,127
1060,127
1061,127
1062,127
1063,127
1064,128
1065,129
1066,130
1067,131
1068,131
1069,131
1070,131
1071,131
1072,131
1073,131
1074,131
1075,131
1076,131
1077,131
1078,131
1079,131
1080,131
1081,131
1082,131
1083,131
1084,131
1085,131
1086,131
1087,131
1088,131
1089,131
1090,131
1091,131
1092,131
1093,131
1094,131
1095,131
1096,131
1097,131
1098,132
1099,132
1100,132
1101,132
1102,132
1103,132
1104,132
1105,132
1106,132
1107,132
1108,132
1109,132
1110,132
1111,132
1112,132
1113,132
1114,132
1115,132
1116,132
1117,132
1118,132
1119,132
1120,133
1121,133
1122,134
1123,135
1124,135
1125,135
1126,136
1127,136
1128,137
1129,137
1130,137
1131,137
1132,137
1133,137
1134,137
1135,137
1136,137
1137,137
1138,137
1139,137
1140,137
1141,137
1142,137
1143,137
1144,137
1145,137
1146,137
1147,137
1148,137
1149,137
1150,137
1151,137
1152,137
1153,137
1154,137
1155,137
1156,137
1157,137
1158,137
1159,137
1160,137
1161,137
1162,137
1163,137
1164,137
1165,137
1166,137
1167,137
1168,137
1169,137
1170,137
1171,137
1172,137
1173,137
1174,137
1175,137
1176,137
1177,137
1178,137
1179,137
1180,137
1181,137
1182,137
1183,137
1184,137
1185,137
1186,137
1187,137
1188,137
1189,137
1190,137
1191,137
1192,137
1193,137
1194,137
1195,137
1196,137
1197,137
1198,137
1199,137
1200,137
1201,137
1202,137
1203,137
1204,137
1205,137
1206,137
1207,137
1208,137
1209,137
1210,137
1211,138
1212,138
1213,138
1214,138
1215,138
1216,138
1217,138
1218,138
1219,138
1220,138
1221,138
1222,138
1223,138
1224,138
1225,138
1226,138
1227,138
1228,138
1229,138
1230,138
1231,138
1232,138
1233,138
1234,138
1235,138
1236,138
1237,138
1238,138
1239,138
1240,138
1241,138
1242,138
1243,138
1244,138
1245,138
1246,138
1247,138
1248,138
1249,138
1250,138
1251,138
1252,138
1253,138
1254,138
1255,138
1256,138
1257,138
1258,138
1259,138
1260,138
1261,138
1262,138
1263,138
1264,138
1265,138
1266,138
1267,138
1268,138
1269,138
1270,138
1271,138
1272,138
1273,138
1274,138
1275,138
1276,138
1277,138
1278,138
1279,138
1280,138
1281,138
1282,138
1283,138
1284,138
1285,138
1286,138
1287,138
1288,138
1289,138
1290,138
1291,138
1292,138
1293,138
1294,138
1295,138
1296,138
1297,138
1298,138
1299,138
1300,138
1301,138
1302,138
1303,138
1304,138
1305,138
1306,138
1307,138
1308,138
1309,138
1310,138
1311,138
1312,138
1313,138
1314,138
1315,138
1316,138
1317,138
1318,138
1319,138
1320,138
1321,138
1322,138
1323,138
1324,138
1325,138
1326,138
1327,138
1328,138
1329,138
1330,138
1331,138
1332,138
1333,138
1334,138
1335,138
1336,138
1337,138
1338,138
1339,138
1340,138
1341,138
1342,138
1343,138
1344,138
1345,138
1346,138
1347,138
1348,138
1349,138
1350,138
1351,138
1352,138
1353,138
1354,138
1355,138
1356,138
1357,138
1358,138
1359,138
1360,138
1361,138
1362,138
1363,138
1364,138
1365,138
1366,138
1367,138
1368,138
1369,138
1370,138
1371,138
1372,138
1373,138
1374,138
1375,138
1376,138
1377,138
1378,138
1379,138
1380,138
1381,138
1382,138
1383,138
1384,138
1385,138
1386,138
1387,138
1388,139
1389,139
1390,139
1391,139
1392,139
1393,139
1394,139
1395,139
1396,139
1397,139
1398,139
1399,139
1400,139
1401,139
1402,139
1403,139
1404,139
1405,139
1406,139
1407,139
1408,139
1409,139
1410,139
1411,139
1412,139
1413,139
1414,139
1415,139
1416,139
1417,139
1418,139
1419,139
1420,139
1421,139
1422,139
1423,139
1424,139
1425,139
1426,139
1427,139
1428,139
1429,139
1430,139
1431,139
1432,139
1433,139
1434,139
1435,139
1436,139
1437,139
1438,139
1439,139
1440,139
1441,139
1442,139
1443,139
1444,139
1445,139
1446,139
1447,139
1448,139
1449,139
1450,139
1451,139
1452,139
1453,139
1454,139
1455,139
1456,139
1457,139
1458,139
1459,139
1460,139
1461,139
1462,139
1463,139
1464,139
1465,139
1466,139
1467,139
1468,139
1469,139
1470,139
1471,139
1472,139
1473,139
1474,139
1475,139
1476,139
1477,139
1478,139
1479,139
1480,139
1481,139
1482,139
1483,139
1484,139
1485,139
1486,139
1487,139
1488,139
1489,139
1490,139
1491,139
1492,139
1493,139
1494,139
1495,139
1496,139
1497,139
1498,139
1499,139
1500,139
1501,139
1502,139
1503,139
1504,139
1505,139
1506,139
1507,139
1508,140
1509,140
1510,140
1511,140
1512,140
1513,140
1514,140
1515,140
1516,140
1517,140
1518,140
1519,140
1520,140
1521,140
1522,140
1523,140
1524,140
1525,140
1526,140
1527,140
1528,140
1529,140
1530,140
1531,140
1532,140
1533,140
1534,140
1535,140
1536,140
1537,140
1538,140
1539,140
1540,140
1541,140
1542,140
1543,140
1544,140
1545,140
1546,140
1547,140
1548,140
1549,140
1550,140
1551,140
1552,140
1553,140
1554,140
1555,140
1556,140
1557,140
1558,140
1559,140
1560,140
1561,140
1562,140
1563,140
1564,140
1565,140
1566,140
1567,140
1568,140
1569,140
1570,140
1571,140
1572,140
1573,140
1574,140
1575,140
1576,140
1577,140
1578,140
1579,140
1580,140
1581,140
1582,140
1583,140
1584,140
1585,140
1586,140
1587,140
1588,140
1589,140
1590,140
1591,140
1592,140
1593,140
1594,140
1595,140
1596,140
1597,140
1598,140
1599,140
1600,140
1601,140
1602,140
1603,140
1604,140
1605,140
1606,140
1607,140
1608,140
1609,140
1610,140
1611,140
1612,140
1613,140
1614,140
1615,140
1616,140
1617,140
1618,140
1619,140
1620,140
1621,140
1622,140
1623,140
1624,140
1625,140
1626,140
1627,140
1628,140
1629,140
1630,140
1631,140
1632,140
1633,140
1634,140
1635,140
1636,140
1637,140
1638,140
1639,140
1640,140
1641,140
1642,140
1643,140
1644,140
1645,140
1646,140
1647,140
1648,140
1649,140
1650,140
1651,140
1652,140
1653,140
1654,140
1655,140
1656,140
1657,140
1658,140
1659,140
1660,140
1661,140
1662,140
1663,140
1664,140
1665,140
1666,140
1667,140
1668,140
1669,140
1670,140
1671,140
1672,140
1673,140
1674,140
1675,140
1676,140
1677,140
1678,140
1679,140
1680,140
1681,140
1682,140
1683,140
1684,140
1685,140
1686,140
1687,140
1688,140
1689,140
1690,140
1691,140
1692,140
1693,140
1694,140
1695,140
1696,140
1697,140
1698,140
1699,140
1700,140
1701,140
1702,140
1703,140
1704,140
1705,140
1706,140
1707,140
1708,140
1709,140
1710,140
1711,140
1712,140
1713,140
1714,140
1715,140
1716,140
1717,140
1718,140
1719,140
1720,140
1721,140
1722,140
1723,140
1724,140
1725,140
1726,140
1727,140
1728,140
1729,140
1730,140
1731,140
1732,140
1733,140
1734,140
1735,140
1736,140
1737,140
1738,140
1739,140
1740,140
1741,140
1742,140
1743,140
1744,140
1745,140
1746,140
1747,140
1748,140
1749,140
1750,140
1751,140
1752,140
1753,140
1754,140
1755,140
1756,140
1757,140
1758,140
1759,140
1760,140
1761,140
1762,140
1763,140
1764,140
1765,140
1766,140
1767,140
1768,140
1769,140
1770,140
1771,140
1772,140
1773,140
1774,140
1775,140
1776,140
1777,140
1778,140
1779,140
1780,140
1781,140
1782,140
1783,140
1784,140
1785,140
1786,140
1787,140
1788,140
1789,140
1790,140
1791,140
1792,140
1793,140
1794,140
1795,140
1796,140
1797,140
1798,140
1799,140
1800,140
1801,140
1802,140
1803,140
1804,140
1805,140
1806,140
1807,140
1808,140
1809,140
1810,140
1811,140
1812,140
1813,140
1814,140
1815,140
1816,140
1817,140
1818,140
1819,140
1820,140
1821,140
1822,140
1823,140
1824,140
1825,140
1826,140
1827,140
1828,140
1829,140
1830,140
1831,141
1832,142
1833,143
1834,144
1835,144
1836,144
1837,144
1838,144
1839,144
1840,144
1841,144
1842,144
1843,144
1844,144
1845,144
1846,144
1847,144
1848,144
1849,144
1850,144
1851,144
1852,144
1853,144
1854,144
1855,144
1856,144
1857,144
1858,144
1859,144
1860,144
1861,144
1862,144
1863,144
1864,144
1865,144
1866,144
1867,144
1868,144
1869,144
1870,144
1871,144
1872,144
1873,144
1874,144
1875,144
1876,144
1877,144
1878,144
1879,144
1880,144
1881,144
1882,144
1883,144
1884,144
1885,144
1886,144
1887,144
1888,144
1889,144
1890,144
1891,144
1892,144
1893,144
1894,144
1895,144
1896,144
1897,144
1898,144
1899,144
1900,144
1901,144
1902,144
1903,144
1904,144
1905,144
1906,144
1907,144
1908,144
1909,144
1910,144
1911,144
1912,144
1913,144
1914,144
1915,144
1916,144
1917,144
1918,144
1919,144
1920,144
1921,144
1922,144
1923,144
1924,144
1925,144
1926,144
1927,144
1928,144
1929,144
1930,144
1931,144
1932,144
1933,144
1934,144
1935,144
1936,144
1937,144
1938,144
1939,144
1940,144
1941,144
1942,144
1943,144
1944,144
1945,144
1946,144
1947,144
1948,144
1949,144
1950,144
1951,144
1952,144
1953,144
1954,144
1955,144
1956,144
1957,144
1958,144
1959,144
1960,144
1961,144
1962,144
1963,144
1964,144
1965,144
1966,144
1967,144
1968,144
1969,144
1970,144
1971,144
1972,144
1973,144
1974,144
1975,144
1976,144
1977,144
1978,144
1979,144
1980,144
1981,144
1982,144
1983,144
1984,144
1985,144
1986,144
1987,144
1988,144
1989,144
1990,144
1991,144
1992,144
1993,144
1994,144
1995,144
1996,144
1997,144
1998,144
1999,144
2000,144
2001,144
2002,144
2003,144
2004,144
2005,144
2006,144
2007,144
2008,144
2009,144
2010,144
2011,144
2012,144
2013,144
2014,144
2015,144
2016,144
2017,144
2018,144
2019,144
2020,144
2021,144
2022,144
2023,144
2024,144
2025,144
2026,144
2027,144
2028,144
2029,144
2030,144
2031,144
2032,144
2033,144
2034,144
2035,144
2036,144
2037,144
2038,144
2039,144
2040,144
2041,144
2042,144
2043,144
2044,144
2045,144
2046,144
2047,144
2048,144
2049,144
2050,144
2051,144
2052,144
2053,144
2054,144
2055,144
2056,144
2057,144
2058,144
2059,144
2060,144
2061,144
2062,144
2063,144
2064,144
2065,144
2066,144
2067,144
2068,144
2069,144
2070,144
2071,144
2072,144
2073,144
2074,144
2075,144
2076,144
2077,144
2078,144
2079,144
2080,144
2081,144
2082,144
2083,144
2084,144
2085,144
2086,144
2087,144
2088,144
2089,144
2090,144
2091,144
2092,144
2093,144
2094,144
2095,144
2096,144
2097,144
2098,144
2099,144
2100,144
2101,144
2102,144
2103,144
2104,144
2105,144
2106,144
2107,144
2108,144
2109,144
2110,144
2111,144
2112,144
2113,144
2114,144
2115,144
2116,144
2117,144
2118,144
2119,144
2120,144
2121,144
2122,144
2123,144
2124,144
2125,144
2126,144
2127,144
2128,144
2129,144
2130,144
2131,144
2132,144
2133,144
2134,144
2135,144
2136,144
2137,144
2138,144
2139,144
2140,144
2141,144
2142,144
2143,144
2144,144
2145,144
2146,144
2147,144
2148,144
2149,144
2150,144
2151,144
2152,144
2153,144
2154,144
2155,144
2156,144
2157,144
2158,144
2159,144
2160,144
2161,144
2162,144
2163,144
2164,144
2165,144
2166,144
2167,144
2168,144
2169,144
2170,144
2171,144
2172,144
2173,144
2174,144
2175,144
2176,144
2177,144
2178,144
2179,144
2180,144
2181,144
2182,144
2183,144
2184,144
2185,144
2186,144
2187,144
2188,144
2189,144
2190,144
2191,144
2192,144
2193,144
2194,145
