0,0
1,1
2,2
3,3
4,4
5,5
6,6
7,7
8,8
9,9
10,10
11,11
12,12
13,12
14,13
15,13
16,14
17,15
18,16
19,16
20,17
21,18
22,18
23,18
24,19
25,19
26,20
27,21
28,21
29,21
30,22
31,22
32,23
33,23
34,23
35,23
36,23
37,23
38,24
39,25
40,26
41,26
42,27
43,27
44,28
45,28
46,28
47,29
48,29
49,30
50,30
51,31
52,32
53,33
54,33
55,33
56,33
57,34
58,34
59,35
60,36
61,36
62,37
63,37
64,38
65,39
66,40
67,41
68,42
69,43
70,44
71,45
72,45
73,46
74,46
75,47
76,48
77,49
78,50
79,50
80,50
81,50
82,51
83,51
84,51
85,52
86,52
87,53
88,54
89,54
90,55
91,56
92,56
93,57
94,57
95,57
96,57
97,57
98,57
99,58
100,59
101,60
102,61
103,62
104,63
105,63
106,64
107,65
108,66
109,66
110,67
111,68
112,69
113,70
114,70
115,71
116,72
117,72
118,73
119,74
120,75
121,75
122,76
123,76
124,77
125,78
126,78
127,78
128,78
129,78
130,78
131,78
132,78
133,78
134,79
135,79
136,79
137,79
138,80
139,80
140,81
141,81
142,81
143,81
144,82
145,83
146,84
147,84
148,84
149,84
150,85
151,85
152,85
153,86
154,87
155,87
156,87
157,88
158,88
159,88
160,88
161,88
162,89
163,90
164,91
165,92
166,93
167,93
168,93
169,93
170,93
171,93
172,93
173,93
174,93
175,93
176,93
177,94
178,95
179,95
180,95
181,95
182,95
183,95
184,95
185,96
186,97
187,97
188,97
189,97
190,97
191,97
192,97
193,97
194,97
195,97
196,97
197,97
198,97
199,98
200,98
201,98
202,98
203,99
204,99
205,99
206,99
207,99
208,99
209,99
210,99
211,99
212,99
213,99
214,99
215,100
216,100
217,100
218,100
219,100
220,100
221,101
222,102
223,102
224,103
225,103
226,103
227,103
228,103
229,103
230,103
231,103
232,103
233,103
234,103
235,103
236,103
237,104
238,104
239,104
240,104
241,104
242,104
243,104
244,104
245,104
246,104
247,104
248,104
249,104
250,104
251,105
252,105
253,105
254,105
255,105
256,106
257,106
258,106
259,106
260,107
261,107
262,107
263,107
264,107
265,107
266,107
267,108
268,108
269,108
270,108
271,109
272,109
273,109
274,109
275,109
276,109
277,109
278,109
279,109
280,109
281,109
282,109
283,109
284,109
285,109
286,109
287,109
288,109
289,109
290,109
291,109
292,109
293,109
294,109
295,109
296,109
297,109
298,109
299,109
300,109
301,109
302,110
303,110
304,110
305,110
306,110
307,110
308,110
309,110
310,110
311,110
312,110
313,110
314,110
315,110
316,110
317,110
318,111
319,111
320,111
321,111
322,111
323,111
324,111
325,111
326,111
327,111
328,111
329,111
330,111
331,112
332,112
333,112
334,112
335,112
336,112
337,112
338,112
339,112
340,112
341,112
342,112
343,112
344,112
345,112
346,112
347,112
348,113
349,113
350,114
351,115
352,115
353,115
354,115
355,116
356,116
357,116
358,116
359,117
360,117
361,117
362,117
363,117
364,117
365,117
366,117
367,117
368,117
369,117
370,117
371,117
372,117
373,117
374,117
375,117
376,117
377,117
378,117
379,117
380,117
381,117
382,117
383,117
384,117
385,117
386,117
387,118
388,118
389,118
390,118
391,118
392,118
393,118
394,118
395,118
396,119
397,119
398,119
399,119
400,119
401,119
402,119
403,119
404,119
405,119
406,119
407,119
408,119
409,120
410,121
411,122
412,123
413,124
414,124
415,124
416,125
417,125
418,125
419,126
420,126
421,126
422,126
423,126
424,126
425,126
426,126
427,126
428,126
429,126
430,126
431,126
432,126
433,126
434,126
435,126
436,126
437,126
438,126
439,126
440,126
441,126
442,126
443,126
444,126
445,126
446,126
447,127
448,127
449,127
450,127
451,127
452,127
453,127
454,128
455,128
456,128
457,128
458,128
459,128
460,128
461,128
462,128
463,128
464,128
465,128
466,128
467,128
468,128
469,128
470,128
471,128
472,128
473,128
474,128
475,128
476,128
477,128
478,128
479,128
480,128
481,128
482,128
483,128
484,128
485,128
486,128
487,128
488,128
489,129
490,129
491,129
492,129
493,129
494,129
495,129
496,129
497,129
498,129
499,129
500,129
501,129
502,129
503,129
504,129
505,129
506,129
507,129
508,129
509,129
510,129
511,129
512,129
513,129
514,129
515,129
516,129
517,129
518,129
519,129
520,129
521,129
522,129
523,129
524,129
525,129
526,129
527,129
528,129
529,129
530,129
531,129
532,129
533,129
534,129
535,129
536,129
537,129
538,129
539,129
540,129
541,129
542,129
543,129
544,129
545,129
546,129
547,129
548,129
549,129
550,129
551,129
552,129
553,129
554,129
555,129
556,129
557,129
558,129
559,129
560,129
561,129
562,129
563,129
564,129
565,129
566,129
567,129
568,129
569,129
570,129
571,129
572,129
573,129
574,129
575,129
576,129
577,129
578,129
579,129
580,129
581,129
582,129
583,129
584,129
585,129
586,129
587,129
588,129
589,129
590,129
591,129
592,129
593,129
594,129
595,129
596,129
597,129
598,129
599,129
600,129
601,129
602,129
603,129
604,129
605,129
606,129
607,129
608,129
609,129
610,129
611,129
612,129
613,129
614,129
615,129
616,129
617,129
618,129
619,129
620,129
621,129
622,129
623,129
624,129
625,129
626,129
627,129
628,129
629,129
630,129
631,129
632,129
633,129
634,129
635,129
636,129
637,129
638,129
639,129
640,129
641,129
642,129
643,129
644,129
645,129
646,129
647,129
648,129
649,129
650,129
651,129
652,130
653,130
654,130
655,130
656,130
657,130
658,130
659,130
660,130
661,131
662,131
663,131
664,131
665,131
666,131
667,131
668,131
669,131
670,131
671,131
672,131
673,131
674,131
675,131
676,131
677,131
678,131
679,131
680,131
681,131
682,131
683,131
684,131
685,131
686,131
687,131
688,131
689,131
690,131
691,131
692,131
693,131
694,131
695,131
696,132
697,132
698,132
699,132
700,132
701,132
702,132
703,132
704,132
705,132
706,132
707,132
708,132
709,132
710,132
711,132
712,132
713,132
714,132
715,132
716,133
717,134
718,134
719,135
720,136
721,136
722,136
723,136
724,137
725,137
726,137
727,137
728,137
729,137
730,137
731,138
732,138
733,138
734,138
735,138
736,138
737,138
738,138
739,138
740,138
741,138
742,138
743,138
744,138
745,138
746,138
747,138
748,138
749,138
750,138
751,138
752,138
753,138
754,138
755,138
756,138
757,138
758,138
759,138
760,138
761,138
762,138
763,138
764,138
765,138
766,138
767,138
768,138
769,139
770,139
771,139
772,140
773,140
774,140
775,140
776,140
777,140
778,140
779,140
780,140
781,140
782,140
783,140
784,140
785,140
786,140
787,141
788,141
789,141
790,141
791,141
792,141
793,141
794,141
795,141
796,141
797,141
798,141
799,141
800,141
801,141
802,141
803,141
804,141
805,141
806,141
807,141
808,141
809,141
810,141
811,141
812,141
813,141
814,141
815,141
816,141
817,141
818,141
819,141
820,141
821,141
822,141
823,141
824,141
825,141
826,141
827,141
828,141
829,141
830,141
831,141
832,141
833,141
834,141
835,141
836,141
837,141
838,141
839,141
840,141
841,141
842,141
843,141
844,141
845,141
846,141
847,141
848,141
849,141
850,141
851,141
852,141
853,141
854,141
855,141
856,141
857,141
858,141
859,141
860,141
861,141
862,141
863,141
864,141
865,141
866,141
867,141
868,141
869,141
870,141
871,141
872,141
873,141
874,141
875,141
876,141
877,141
878,141
879,141
880,141
881,141
882,141
883,141
884,141
885,141
886,141
887,141
888,141
889,141
890,141
891,141
892,141
893,141
894,141
895,141
896,141
897,141
898,141
899,141
900,141
901,141
902,141
903,141
904,141
905,141
906,141
907,141
908,141
909,141
910,141
911,141
912,141
913,141
914,141
915,141
916,141
917,141
918,141
919,141
920,141
921,141
922,141
923,141
924,141
925,141
926,141
927,141
928,141
929,141
930,141
931,141
932,141
933,141
934,141
935,141
936,141
937,141
938,141
939,141
940,141
941,141
942,141
943,141
944,141
945,141
946,141
947,141
948,141
949,141
950,141
951,141
952,141
953,141
954,141
955,141
956,141
957,141
958,141
959,141
960,141
961,141
962,141
963,141
964,141
965,141
966,141
967,141
968,141
969,141
970,141
971,141
972,141
973,141
974,141
975,141
976,141
977,141
978,141
979,141
980,141
981,141
982,141
983,141
984,141
985,141
986,141
987,141
988,141
989,141
990,141
991,141
992,141
993,141
994,141
995,141
996,141
997,141
998,141
999,141
1000,141
1001,141
1002,141
1003,141
1004,141
1005,141
1006,141
1007,141
1008,141
1009,141
1010,141
1011,141
1012,141
1013,141
1014,141
1015,141
1016,141
1017,141
1018,141
1019,141
1020,141
1021,141
1022,141
1023,141
1024,141
1025,141
1026,141
1027,141
1028,141
1029,141
1030,141
1031,141
1032,141
1033,141
1034,141
1035,141
1036,141
1037,141
1038,141
1039,141
1040,141
1041,141
1042,141
1043,141
1044,141
1045,141
1046,141
1047,141
1048,141
1049,141
1050,141
1051,141
1052,141
1053,141
1054,141
1055,141
1056,141
1057,141
1058,141
1059,141
1060,141
1061,141
1062,141
1063,141
1064,141
1065,141
1066,141
1067,141
1068,141
1069,141
1070,141
1071,141
1072,141
1073,141
1074,141
1075,141
1076,141
1077,141
1078,141
1079,141
1080,141
1081,141
1082,141
1083,141
1084,141
1085,141
1086,141
1087,141
1088,141
1089,141
1090,141
1091,141
1092,141
1093,141
1094,141
1095,141
1096,141
1097,141
1098,141
1099,141
1100,141
1101,141
1102,141
1103,141
1104,141
1105,141
1106,141
1107,141
1108,141
1109,141
1110,141
1111,141
1112,141
1113,141
1114,141
1115,141
1116,141
1117,141
1118,141
1119,141
1120,141
1121,141
1122,141
1123,141
1124,141
1125,141
1126,141
1127,141
1128,141
1129,141
1130,141
1131,141
1132,141
1133,141
1134,141
1135,141
1136,141
1137,141
1138,141
1139,141
1140,141
1141,141
1142,141
1143,141
1144,141
1145,141
1146,141
1147,141
1148,141
1149,141
1150,141
1151,141
1152,141
1153,141
1154,141
1155,141
1156,141
1157,141
1158,141
1159,141
1160,141
1161,141
1162,141
1163,141
1164,141
1165,141
1166,141
1167,141
1168,141
1169,141
1170,141
1171,141
1172,141
1173,141
1174,141
1175,141
1176,141
1177,141
1178,141
1179,141
1180,141
1181,141
1182,141
1183,141
1184,141
1185,141
1186,141
1187,141
1188,141
1189,141
1190,141
1191,141
1192,141
1193,141
1194,141
1195,141
1196,141
1197,141
1198,141
1199,141
1200,141
1201,141
1202,141
1203,141
1204,141
1205,141
1206,141
1207,141
1208,141
1209,141
1210,141
1211,141
1212,141
1213,141
1214,141
1215,141
1216,141
1217,141
1218,141
1219,141
1220,141
1221,141
1222,141
1223,141
1224,141
1225,141
1226,141
1227,141
1228,141
1229,141
1230,141
1231,141
1232,141
1233,141
1234,141
1235,141
1236,141
1237,141
1238,141
1239,141
1240,141
1241,141
1242,141
1243,141
1244,141
1245,141
1246,141
1247,141
1248,141
1249,141
1250,141
1251,141
1252,141
1253,141
1254,141
1255,141
1256,141
1257,141
1258,141
1259,141
1260,141
1261,141
1262,141
1263,141
1264,141
1265,141
1266,141
1267,141
1268,141
1269,141
1270,141
1271,141
1272,141
1273,141
1274,141
1275,141
1276,141
1277,141
1278,141
1279,141
1280,141
1281,141
1282,141
1283,141
1284,141
1285,141
1286,141
1287,141
1288,141
1289,141
1290,141
1291,141
1292,141
1293,141
1294,141
1295,141
1296,141
1297,141
1298,141
1299,141
1300,141
1301,141
1302,141
1303,141
1304,141
1305,141
1306,141
1307,141
1308,141
1309,141
1310,141
1311,141
1312,141
1313,141
1314,141
1315,141
1316,141
1317,141
1318,141
1319,141
1320,141
1321,141
1322,141
1323,141
1324,141
1325,141
1326,141
1327,141
1328,141
1329,141
1330,141
1331,141
1332,141
1333,141
1334,141
1335,141
1336,141
1337,141
1338,141
1339,141
1340,141
1341,141
1342,141
1343,141
1344,141
1345,141
1346,141
1347,141
1348,141
1349,141
1350,141
1351,141
1352,141
1353,141
1354,141
1355,141
1356,141
1357,141
1358,141
1359,141
1360,141
1361,141
1362,141
1363,141
1364,141
1365,141
1366,141
1367,141
1368,141
1369,141
1370,141
1371,141
1372,141
1373,141
1374,141
1375,141
1376,141
1377,141
1378,141
1379,141
1380,141
1381,141
1382,141
1383,141
1384,141
1385,141
1386,141
1387,141
1388,141
1389,141
1390,141
1391,141
1392,141
1393,141
1394,141
1395,141
1396,141
1397,141
1398,141
1399,141
1400,141
1401,141
1402,141
1403,141
1404,141
1405,141
1406,141
1407,141
1408,141
1409,141
1410,141
1411,141
1412,141
1413,141
1414,141
1415,141
1416,141
1417,141
1418,141
1419,142
1420,143
1421,143
1422,143
1423,143
1424,143
1425,143
1426,143
1427,143
1428,143
1429,143
1430,143
1431,143
1432,143
1433,143
1434,143
1435,143
1436,143
1437,143
1438,143
1439,143
1440,143
1441,143
1442,143
1443,143
1444,143
1445,143
1446,143
1447,143
1448,143
1449,143
1450,143
1451,143
1452,143
1453,143
1454,143
1455,143
1456,143
1457,143
1458,143
1459,143
1460,143
1461,143
1462,143
1463,143
1464,143
1465,143
1466,143
1467,143
1468,143
1469,143
1470,143
1471,143
1472,143
1473,143
1474,143
1475,143
1476,143
1477,143
1478,143
1479,143
1480,143
1481,143
1482,143
1483,143
1484,143
1485,143
1486,143
1487,143
1488,143
1489,143
1490,143
1491,143
1492,143
1493,143
1494,143
1495,143
1496,143
1497,143
1498,143
1499,143
1500,143
1501,143
1502,143
1503,143
1504,143
1505,143
1506,143
1507,143
1508,143
1509,143
1510,143
1511,143
1512,143
1513,143
1514,143
1515,143
1516,143
1517,143
1518,143
1519,143
1520,143
1521,143
1522,143
1523,143
1524,143
1525,143
1526,143
1527,143
1528,143
1529,143
1530,143
1531,143
1532,143
1533,143
1534,143
1535,143
1536,143
1537,143
1538,143
1539,143
1540,143
1541,143
1542,143
1543,143
1544,143
1545,143
1546,143
1547,143
1548,143
1549,143
1550,143
1551,143
1552,143
1553,143
1554,143
1555,143
1556,143
1557,143
1558,143
1559,143
1560,143
1561,143
1562,143
1563,143
1564,143
1565,143
1566,143
1567,143
1568,143
1569,143
1570,143
1571,143
1572,143
1573,143
1574,143
1575,143
1576,143
1577,143
1578,143
1579,143
1580,143
1581,143
1582,143
1583,143
1584,143
1585,143
1586,143
1587,143
1588,143
1589,143
1590,143
1591,143
1592,143
1593,143
1594,143
1595,143
1596,143
1597,143
1598,143
1599,143
1600,143
1601,143
1602,143
1603,143
1604,143
1605,143
1606,143
1607,143
1608,143
1609,143
1610,143
1611,143
1612,143
1613,143
1614,143
1615,143
1616,143
1617,143
1618,143
1619,143
1620,143
1621,143
1622,143
1623,143
1624,143
1625,143
1626,143
1627,143
1628,143
1629,143
1630,143
1631,143
1632,143
1633,143
1634,143
1635,143
1636,143
1637,143
1638,143
1639,143
1640,143
1641,143
1642,143
1643,143
1644,143
1645,143
1646,143
1647,143
1648,143
1649,143
1650,143
1651,143
1652,143
1653,143
1654,143
1655,143
1656,143
1657,143
1658,143
1659,143
1660,143
1661,143
1662,143
1663,143
1664,143
1665,143
1666,143
1667,143
1668,143
1669,143
1670,143
1671,143
1672,143
1673,143
1674,143
1675,143
1676,143
1677,143
1678,143
1679,143
1680,143
1681,143
1682,143
1683,143
1684,143
1685,143
1686,143
1687,143
1688,143
1689,143
1690,143
1691,143
1692,143
1693,143
1694,143
1695,143
1696,143
1697,143
1698,143
1699,143
1700,143
1701,143
1702,143
1703,143
1704,143
1705,143
1706,143
1707,143
1708,143
1709,143
1710,144
1711,144
1712,144
1713,144
1714,144
1715,144
1716,144
1717,144
1718,144
1719,144
1720,144
1721,144
1722,144
1723,144
1724,144
1725,144
1726,144
1727,144
1728,144
1729,144
1730,144
1731,144
1732,144
1733,144
1734,144
1735,144
1736,144
1737,144
1738,144
1739,144
1740,144
1741,144
1742,144
1743,144
1744,144
1745,144
1746,144
1747,144
1748,144
1749,144
1750,144
1751,144
1752,144
1753,144
1754,144
1755,144
1756,144
1757,144
1758,144
1759,144
1760,144
1761,144
1762,144
1763,144
1764,144
1765,144
1766,144
1767,144
1768,144
1769,144
1770,144
1771,144
1772,144
1773,144
1774,144
1775,144
1776,144
1777,144
1778,144
1779,144
1780,144
1781,144
1782,144
1783,144
1784,144
1785,144
1786,144
1787,144
1788,144
1789,144
1790,144
1791,144
1792,144
1793,144
1794,144
1795,144
1796,144
1797,144
1798,144
1799,144
1800,144
1801,144
1802,144
1803,144
1804,144
1805,144
1806,144
1807,144
1808,144
1809,144
1810,144
1811,144
1812,144
1813,144
1814,144
1815,144
1816,144
1817,144
1818,144
1819,144
1820,144
1821,144
1822,144
1823,144
1824,144
1825,144
1826,144
1827,144
1828,144
1829,144
1830,144
1831,144
1832,144
1833,144
1834,144
1835,144
1836,144
1837,144
1838,144
1839,144
1840,144
1841,144
1842,144
1843,144
1844,144
1845,144
1846,144
1847,144
1848,144
1849,144
1850,144
1851,144
1852,144
1853,144
1854,144
1855,144
1856,144
1857,144
1858,144
1859,144
1860,144
1861,144
1862,144
1863,144
1864,144
1865,144
1866,144
1867,144
1868,144
1869,144
1870,144
1871,144
1872,144
1873,144
1874,144
1875,144
1876,144
1877,144
1878,144
1879,144
1880,144
1881,144
1882,144
1883,144
1884,144
1885,144
1886,144
1887,144
1888,144
1889,144
1890,144
1891,144
1892,144
1893,144
1894,144
1895,144
1896,144
1897,144
1898,144
1899,144
1900,144
1901,144
1902,144
1903,144
1904,144
1905,144
1906,144
1907,144
1908,144
1909,144
1910,144
1911,144
1912,144
1913,144
1914,144
1915,144
1916,144
1917,144
1918,144
1919,144
1920,144
1921,144
1922,144
1923,144
1924,144
1925,144
1926,144
1927,144
1928,144
1929,144
1930,144
1931,144
1932,144
1933,144
1934,144
1935,144
1936,144
1937,144
1938,144
1939,144
1940,144
1941,144
1942,144
1943,144
1944,144
1945,144
1946,144
1947,144
1948,144
1949,144
1950,144
1951,144
1952,144
1953,144
1954,144
1955,144
1956,144
1957,144
1958,144
1959,144
1960,144
1961,144
1962,144
1963,144
1964,144
1965,144
1966,144
1967,144
1968,144
1969,144
1970,144
1971,144
1972,144
1973,144
1974,144
1975,144
1976,144
1977,144
1978,144
1979,144
1980,144
1981,144
1982,144
1983,144
1984,144
1985,144
1986,144
1987,144
1988,144
1989,144
1990,144
1991,144
1992,144
1993,144
1994,144
1995,144
1996,144
1997,144
1998,144
1999,144
2000,144
2001,144
2002,144
2003,144
2004,144
2005,144
2006,144
2007,144
2008,144
2009,144
2010,144
2011,144
2012,144
2013,144
2014,144
2015,144
2016,144
2017,144
2018,144
2019,144
2020,144
2021,144
2022,144
2023,144
2024,144
2025,144
2026,144
2027,144
2028,144
2029,144
2030,144
2031,144
2032,144
2033,144
2034,144
2035,144
2036,144
2037,144
2038,144
2039,144
2040,144
2041,144
2042,144
2043,144
2044,144
2045,144
2046,144
2047,144
2048,144
2049,144
2050,144
2051,144
2052,144
2053,144
2054,144
2055,144
2056,144
2057,144
2058,144
2059,144
2060,144
2061,144
2062,144
2063,144
2064,144
2065,144
2066,144
2067,144
2068,144
2069,144
2070,144
2071,144
2072,144
2073,144
2074,144
2075,144
2076,144
2077,144
2078,144
2079,144
2080,144
2081,144
2082,144
2083,144
2084,144
2085,144
2086,144
2087,144
2088,144
2089,144
2090,144
2091,144
2092,144
2093,144
2094,144
2095,144
2096,144
2097,144
2098,144
2099,144
2100,144
2101,144
2102,144
2103,144
2104,144
2105,144
2106,144
2107,144
2108,144
2109,144
2110,144
2111,144
2112,144
2113,144
2114,144
2115,144
2116,144
2117,144
2118,144
2119,144
2120,144
2121,144
2122,144
2123,144
2124,144
2125,144
2126,144
2127,144
2128,145
