0,0
1,1
2,2
3,3
4,4
5,5
6,6
7,7
8,7
9,8
10,9
11,10
12,11
13,11
14,11
15,12
16,12
17,12
18,13
19,13
20,13
21,14
22,15
23,16
24,17
25,18
26,19
27,20
28,20
29,20
30,20
31,21
32,22
33,23
34,24
35,24
36,25
37,26
38,27
39,28
40,29
41,30
42,31
43,32
44,33
45,34
46,35
47,35
48,36
49,37
50,37
51,38
52,39
53,40
54,40
55,40
56,41
57,42
58,43
59,43
60,43
61,44
62,44
63,44
64,45
65,46
66,47
67,47
68,48
69,48
70,48
71,48
72,48
73,48
74,48
75,48
76,48
77,49
78,49
79,50
80,50
81,51
82,52
83,53
84,54
85,55
86,56
87,57
88,58
89,59
90,60
91,60
92,60
93,61
94,61
95,62
96,62
97,63
98,64
99,65
100,65
101,65
102,66
103,67
104,67
105,68
106,69
107,70
108,71
109,72
110,72
111,73
112,73
113,73
114,73
115,74
116,75
117,76
118,77
119,77
120,78
121,79
122,80
123,80
124,80
125,81
126,81
127,81
128,81
129,81
130,82
131,83
132,83
133,84
134,85
135,86
136,87
137,87
138,87
139,88
140,88
141,88
142,88
143,88
144,89
145,90
146,90
147,90
148,90
149,90
150,90
151,90
152,90
153,90
154,90
155,90
156,90
157,91
158,91
159,91
160,91
161,91
162,91
163,91
164,91
165,91
166,91
167,91
168,92
169,92
170,92
171,92
172,93
173,93
174,94
175,95
176,95
177,95
178,95
179,95
180,96
181,96
182,96
183,96
184,96
185,96
186,97
187,98
188,99
189,99
190,99
191,99
192,99
193,99
194,99
195,99
196,99
197,99
198,99
199,100
200,100
201,100
202,100
203,100
204,100
205,100
206,100
207,100
208,100
209,100
210,100
211,100
212,100
213,100
214,100
215,101
216,101
217,101
218,102
219,102
220,102
221,102
222,103
223,104
224,104
225,105
226,106
227,106
228,107
229,107
230,107
231,107
232,107
233,107
234,108
235,108
236,108
237,108
238,108
239,108
240,109
241,109
242,109
243,109
244,109
245,109
246,109
247,109
248,109
249,109
250,110
251,110
252,110
253,111
254,112
255,112
256,113
257,113
258,114
259,114
260,114
261,114
262,114
263,114
264,115
265,115
266,115
267,115
268,116
269,116
270,117
271,117
272,117
273,118
274,118
275,118
276,118
277,118
278,118
279,118
280,118
281,119
282,119
283,119
284,119
285,119
286,119
287,119
288,119
289,120
290,120
291,120
292,120
293,121
294,121
295,121
296,121
297,121
298,121
299,121
300,121
301,121
302,121
303,121
304,121
305,121
306,121
307,122
308,123
309,123
310,123
311,123
312,123
313,123
314,123
315,123
316,123
317,123
318,123
319,123
320,123
321,123
322,123
323,123
324,123
325,123
326,123
327,123
328,123
329,123
330,123
331,123
332,123
333,123
334,123
335,123
336,123
337,124
338,124
339,124
340,124
341,124
342,124
343,124
344,124
345,124
346,124
347,124
348,124
349,124
350,124
351,124
352,124
353,124
354,124
355,124
356,124
357,124
358,125
359,125
360,125
361,125
362,125
363,125
364,125
365,125
366,125
367,125
368,125
369,125
370,125
371,126
372,126
373,126
374,126
375,126
376,126
377,126
378,126
379,126
380,126
381,126
382,126
383,126
384,126
385,126
386,126
387,126
388,126
389,126
390,126
391,126
392,126
393,126
394,126
395,126
396,126
397,126
398,126
399,126
400,126
401,126
402,126
403,126
404,126
405,126
406,126
407,126
408,126
409,126
410,126
411,126
412,126
413,126
414,126
415,126
416,126
417,126
418,126
419,126
420,127
421,127
422,128
423,128
424,128
425,128
426,128
427,128
428,128
429,128
430,128
431,128
432,128
433,128
434,128
435,128
436,128
437,128
438,128
439,129
440,129
441,129
442,129
443,130
444,130
445,130
446,130
447,130
448,130
449,130
450,130
451,130
452,130
453,130
454,130
455,130
456,130
457,130
458,131
459,131
460,131
461,131
462,131
463,131
464,131
465,131
466,131
467,131
468,131
469,131
470,131
471,131
472,131
473,131
474,131
475,131
476,131
477,131
478,131
479,131
480,131
481,131
482,131
483,131
484,131
485,131
486,131
487,131
488,131
489,131
490,132
491,132
492,132
493,132
494,132
495,132
496,132
497,132
498,132
499,132
500,132
501,132
502,132
503,132
504,132
505,132
506,132
507,132
508,132
509,132
510,132
511,132
512,132
513,132
514,132
515,132
516,132
517,132
518,132
519,132
520,132
521,132
522,132
523,132
524,132
525,132
526,132
527,132
528,132
529,132
530,132
531,132
532,132
533,132
534,132
535,132
536,132
537,132
538,132
539,132
540,132
541,132
542,132
543,132
544,132
545,132
546,132
547,132
548,132
549,132
550,132
551,132
552,132
553,132
554,132
555,132
556,132
557,132
558,132
559,132
560,132
561,132
562,132
563,132
564,132
565,132
566,132
567,132
568,132
569,132
570,132
571,132
572,132
573,132
574,133
575,133
576,133
577,133
578,133
579,133
580,133
581,133
582,133
583,133
584,133
585,133
586,133
587,133
588,133
589,133
590,133
591,133
592,133
593,133
594,133
595,133
596,133
597,133
598,133
599,133
600,133
601,133
602,133
603,133
604,133
605,133
606,133
607,133
608,133
609,133
610,133
611,133
612,133
613,133
614,133
615,133
616,133
617,134
618,134
619,134
620,134
621,134
622,134
623,134
624,134
625,134
626,135
627,135
628,135
629,135
630,135
631,135
632,135
633,135
634,135
635,135
636,135
637,135
638,135
639,135
640,135
641,135
642,135
643,135
644,135
645,135
646,135
647,135
648,135
649,135
650,135
651,135
652,135
653,135
654,135
655,135
656,135
657,135
658,135
659,135
660,135
661,135
662,135
663,135
664,135
665,135
666,135
667,135
668,135
669,135
670,135
671,135
672,135
673,135
674,135
675,135
676,135
677,135
678,135
679,135
680,135
681,135
682,135
683,135
684,135
685,135
686,135
687,135
688,135
689,135
690,135
691,135
692,135
693,135
694,135
695,135
696,135
697,135
698,135
699,135
700,135
701,135
702,135
703,135
704,135
705,135
706,135
707,135
708,135
709,136
710,137
711,137
712,138
713,138
714,138
715,138
716,138
717,138
718,138
719,138
720,138
721,138
722,138
723,138
724,138
725,138
726,138
727,138
728,138
729,138
730,138
731,138
732,138
733,138
734,138
735,138
736,138
737,138
738,138
739,138
740,138
741,138
742,138
743,138
744,138
745,139
746,139
747,139
748,139
749,139
750,139
751,139
752,139
753,139
754,139
755,139
756,139
757,139
758,139
759,139
760,139
761,139
762,139
763,139
764,139
765,139
766,139
767,139
768,139
769,139
770,139
771,139
772,139
773,139
774,139
775,139
776,139
777,139
778,139
779,139
780,139
781,139
782,139
783,139
784,139
785,139
786,139
787,140
788,140
789,140
790,140
791,140
792,140
793,140
794,140
795,140
796,140
797,140
798,140
799,140
800,140
801,140
802,140
803,140
804,140
805,140
806,140
807,140
808,140
809,140
810,140
811,140
812,140
813,140
814,140
815,140
816,140
817,140
818,140
819,140
820,140
821,140
822,140
823,140
824,140
825,140
826,140
827,140
828,140
829,140
830,140
831,140
832,140
833,140
834,140
835,140
836,140
837,140
838,140
839,140
840,140
841,140
842,140
843,140
844,140
845,140
846,140
847,140
848,140
849,140
850,140
851,140
852,140
853,140
854,140
855,140
856,140
857,140
858,140
859,140
860,140
861,140
862,140
863,140
864,140
865,140
866,140
867,140
868,140
869,140
870,140
871,140
872,140
873,140
874,140
875,140
876,140
877,140
878,140
879,140
880,140
881,140
882,140
883,140
884,140
885,140
886,140
887,140
888,140
889,140
890,140
891,140
892,140
893,140
894,140
895,140
896,140
897,140
898,140
899,140
900,140
901,140
902,140
903,140
904,140
905,140
906,140
907,140
908,140
909,140
910,140
911,140
912,140
913,140
914,140
915,140
916,140
917,140
918,140
919,140
920,140
921,140
922,140
923,140
924,140
925,140
926,140
927,140
928,140
929,140
930,140
931,140
932,140
933,140
934,140
935,140
936,140
937,140
938,140
939,140
940,140
941,140
942,140
943,140
944,140
945,140
946,140
947,140
948,140
949,140
950,140
951,140
952,140
953,140
954,140
955,140
956,140
957,140
958,140
959,140
960,140
961,140
962,140
963,140
964,140
965,140
966,140
967,140
968,140
969,140
970,140
971,140
972,140
973,140
974,140
975,140
976,140
977,140
978,140
979,140
980,140
981,140
982,140
983,140
984,140
985,140
986,140
987,140
988,140
989,140
990,140
991,140
992,140
993,140
994,140
995,140
996,140
997,140
998,140
999,140
1000,140
1001,140
1002,140
1003,140
1004,140
1005,140
1006,140
1007,140
1008,140
1009,140
1010,140
1011,140
1012,140
1013,140
1014,140
1015,140
1016,140
1017,140
1018,140
1019,140
1020,140
1021,140
1022,140
1023,140
1024,140
1025,140
1026,140
1027,140
1028,140
1029,140
1030,140
1031,140
1032,140
1033,140
1034,140
1035,140
1036,140
1037,140
1038,140
1039,140
1040,140
1041,140
1042,140
1043,140
1044,140
1045,140
1046,140
1047,140
1048,140
1049,140
1050,140
1051,140
1052,140
1053,140
1054,140
1055,140
1056,140
1057,141
1058,141
1059,141
1060,141
1061,141
1062,141
1063,141
1064,141
1065,141
1066,141
1067,141
1068,141
1069,142
1070,142
1071,142
1072,142
1073,142
1074,142
1075,142
1076,142
1077,142
1078,142
1079,142
1080,142
1081,142
1082,142
1083,142
1084,142
1085,142
1086,142
1087,142
1088,142
1089,142
1090,142
1091,142
1092,142
1093,142
1094,142
1095,142
1096,142
1097,142
1098,142
1099,142
1100,142
1101,142
1102,142
1103,142
1104,142
1105,142
1106,142
1107,142
1108,142
1109,142
1110,142
1111,142
1112,142
1113,142
1114,142
1115,142
1116,142
1117,143
1118,143
1119,143
1120,143
1121,143
1122,143
1123,143
1124,143
1125,143
1126,143
1127,143
1128,143
1129,143
1130,143
1131,143
1132,143
1133,143
1134,143
1135,143
1136,143
1137,143
1138,143
1139,143
1140,143
1141,143
1142,143
1143,143
1144,143
1145,143
1146,143
1147,143
1148,143
1149,143
1150,143
1151,143
1152,143
1153,143
1154,143
1155,143
1156,143
1157,143
1158,143
1159,143
1160,143
1161,143
1162,143
1163,143
1164,143
1165,143
1166,143
1167,143
1168,143
1169,143
1170,143
1171,143
1172,143
1173,143
1174,143
1175,143
1176,143
1177,143
1178,143
1179,143
1180,143
1181,143
1182,143
1183,143
1184,143
1185,143
1186,143
1187,143
1188,143
1189,143
1190,143
1191,143
1192,143
1193,143
1194,143
1195,143
1196,143
1197,143
1198,143
1199,143
1200,143
1201,143
1202,143
1203,143
1204,143
1205,143
1206,143
1207,143
1208,143
1209,143
1210,143
1211,143
1212,143
1213,143
1214,143
1215,143
1216,143
1217,143
1218,143
1219,143
1220,143
1221,143
1222,143
1223,143
1224,143
1225,143
1226,143
1227,143
1228,143
1229,143
1230,143
1231,143
1232,143
1233,143
1234,143
1235,143
1236,143
1237,143
1238,143
1239,143
1240,143
1241,143
1242,143
1243,143
1244,143
1245,143
1246,143
1247,143
1248,143
1249,143
1250,143
1251,143
1252,143
1253,143
1254,143
1255,143
1256,143
1257,143
1258,143
1259,143
1260,143
1261,143
1262,143
1263,143
1264,143
1265,143
1266,143
1267,143
1268,143
1269,143
1270,143
1271,143
1272,143
1273,143
1274,143
1275,143
1276,143
1277,143
1278,143
1279,143
1280,143
1281,143
1282,143
1283,143
1284,143
1285,143
1286,143
1287,143
1288,143
1289,143
1290,143
1291,143
1292,143
1293,143
1294,143
1295,143
1296,143
1297,143
1298,143
1299,143
1300,143
1301,143
1302,143
1303,143
1304,143
1305,143
1306,143
1307,143
1308,143
1309,143
1310,143
1311,143
1312,143
1313,143
1314,143
1315,143
1316,143
1317,143
1318,143
1319,143
1320,143
1321,143
1322,143
1323,143
1324,143
1325,143
1326,143
1327,143
1328,143
1329,143
1330,143
1331,143
1332,143
1333,143
1334,143
1335,143
1336,143
1337,143
1338,143
1339,143
1340,143
1341,143
1342,143
1343,143
1344,143
1345,143
1346,143
1347,143
1348,143
1349,143
1350,143
1351,143
1352,143
1353,143
1354,143
1355,143
1356,143
1357,143
1358,143
1359,143
1360,143
1361,143
1362,143
1363,143
1364,143
1365,143
1366,143
1367,143
1368,143
1369,143
1370,143
1371,143
1372,143
1373,143
1374,143
1375,143
1376,143
1377,143
1378,143
1379,143
1380,143
1381,143
1382,143
1383,143
1384,143
1385,143
1386,143
1387,143
1388,143
1389,143
1390,143
1391,143
1392,143
1393,143
1394,143
1395,143
1396,143
1397,143
1398,143
1399,143
1400,143
1401,143
1402,143
1403,143
1404,143
1405,143
1406,143
1407,143
1408,143
1409,143
1410,143
1411,143
1412,143
1413,143
1414,143
1415,143
1416,143
1417,143
1418,143
1419,143
1420,143
1421,143
1422,143
1423,143
1424,143
1425,143
1426,143
1427,143
1428,143
1429,143
1430,143
1431,143
1432,143
1433,143
1434,143
1435,143
1436,143
1437,143
1438,143
1439,143
1440,143
1441,143
1442,143
1443,143
1444,143
1445,143
1446,143
1447,143
1448,143
1449,143
1450,143
1451,143
1452,143
1453,143
1454,143
1455,143
1456,143
1457,143
1458,143
1459,143
1460,143
1461,143
1462,143
1463,143
1464,143
1465,143
1466,143
1467,143
1468,143
1469,143
1470,143
1471,143
1472,143
1473,143
1474,143
1475,143
1476,143
1477,143
1478,143
1479,143
1480,143
1481,143
1482,143
1483,143
1484,143
1485,143
1486,143
1487,143
1488,143
1489,143
1490,143
1491,143
1492,143
1493,143
1494,143
1495,143
1496,143
1497,143
1498,143
1499,143
1500,143
1501,143
1502,143
1503,143
1504,143
1505,143
1506,143
1507,143
1508,143
1509,143
1510,143
1511,143
1512,143
1513,143
1514,143
1515,143
1516,143
1517,143
1518,143
1519,143
1520,143
1521,143
1522,143
1523,143
1524,143
1525,143
1526,143
1527,143
1528,143
1529,143
1530,143
1531,143
1532,143
1533,143
1534,143
1535,143
1536,143
1537,143
1538,143
1539,143
1540,143
1541,143
1542,143
1543,143
1544,143
1545,143
1546,143
1547,143
1548,143
1549,143
1550,143
1551,143
1552,143
1553,143
1554,144
1555,144
1556,144
1557,144
1558,144
1559,144
1560,144
1561,144
1562,144
1563,144
1564,144
1565,144
1566,144
1567,144
1568,144
1569,144
1570,144
1571,144
1572,144
1573,144
1574,144
1575,144
1576,144
1577,144
1578,144
1579,144
1580,144
1581,144
1582,144
1583,144
1584,144
1585,144
1586,144
1587,144
1588,144
1589,144
1590,144
1591,144
1592,144
1593,144
1594,144
1595,144
1596,144
1597,144
1598,144
1599,144
1600,144
1601,144
1602,144
1603,144
1604,144
1605,144
1606,144
1607,144
1608,144
1609,144
1610,144
1611,144
1612,144
1613,144
1614,144
1615,144
1616,144
1617,144
1618,144
1619,144
1620,144
1621,144
1622,144
1623,144
1624,144
1625,144
1626,144
1627,144
1628,144
1629,144
1630,144
1631,144
1632,144
1633,144
1634,144
1635,144
1636,144
1637,144
1638,144
1639,144
1640,144
1641,144
1642,144
1643,144
1644,144
1645,144
1646,144
1647,144
1648,144
1649,144
1650,144
1651,144
1652,144
1653,144
1654,144
1655,144
1656,144
1657,144
1658,144
1659,144
1660,144
1661,144
1662,144
1663,144
1664,144
1665,144
1666,144
1667,144
1668,144
1669,144
1670,144
1671,144
1672,144
1673,144
1674,144
1675,144
1676,144
1677,144
1678,144
1679,144
1680,144
1681,144
1682,144
1683,144
1684,144
1685,144
1686,144
1687,144
1688,144
1689,144
1690,144
1691,144
1692,144
1693,144
1694,144
1695,144
1696,144
1697,144
1698,144
1699,144
1700,144
1701,144
1702,144
1703,144
1704,144
1705,144
1706,144
1707,144
1708,144
1709,144
1710,144
1711,144
1712,144
1713,144
1714,144
1715,144
1716,144
1717,144
1718,144
1719,144
1720,144
1721,144
1722,144
1723,144
1724,144
1725,144
1726,144
1727,144
1728,144
1729,144
1730,144
1731,144
1732,144
1733,144
1734,144
1735,144
1736,144
1737,144
1738,144
1739,144
1740,144
1741,144
1742,144
1743,144
1744,144
1745,144
1746,144
1747,144
1748,144
1749,144
1750,144
1751,144
1752,144
1753,144
1754,144
1755,144
1756,144
1757,144
1758,144
1759,144
1760,144
1761,144
1762,144
1763,144
1764,144
1765,144
1766,144
1767,144
1768,144
1769,144
1770,144
1771,144
1772,144
1773,144
1774,144
1775,144
1776,144
1777,144
1778,144
1779,144
1780,144
1781,144
1782,144
1783,144
1784,144
1785,144
1786,144
1787,144
1788,144
1789,144
1790,144
1791,144
1792,144
1793,144
1794,144
1795,144
1796,144
1797,144
1798,144
1799,144
1800,144
1801,144
1802,144
1803,144
1804,144
1805,144
1806,144
1807,144
1808,144
1809,144
1810,144
1811,144
1812,144
1813,144
1814,144
1815,144
1816,144
1817,144
1818,144
1819,144
1820,144
1821,144
1822,144
1823,144
1824,144
1825,144
1826,144
1827,144
1828,144
1829,144
1830,144
1831,144
1832,144
1833,144
1834,144
1835,144
1836,144
1837,144
1838,144
1839,144
1840,144
1841,144
1842,144
1843,144
1844,144
1845,144
1846,144
1847,144
1848,144
1849,144
1850,144
1851,144
1852,144
1853,144
1854,144
1855,144
1856,144
1857,144
1858,144
1859,144
1860,144
1861,144
1862,144
1863,144
1864,144
1865,144
1866,144
1867,144
1868,144
1869,144
1870,144
1871,144
1872,144
1873,144
1874,144
1875,144
1876,144
1877,144
1878,144
1879,144
1880,144
1881,144
1882,144
1883,144
1884,144
1885,144
1886,144
1887,144
1888,144
1889,144
1890,144
1891,144
1892,144
1893,144
1894,144
1895,144
1896,144
1897,144
1898,144
1899,144
1900,144
1901,144
1902,144
1903,144
1904,144
1905,144
1906,144
1907,144
1908,144
1909,144
1910,144
1911,144
1912,144
1913,144
1914,144
1915,144
1916,144
1917,144
1918,144
1919,144
1920,144
1921,144
1922,144
1923,144
1924,144
1925,144
1926,144
1927,144
1928,144
1929,144
1930,144
1931,144
1932,144
1933,144
1934,144
1935,144
1936,144
1937,144
1938,144
1939,144
1940,144
1941,144
1942,144
1943,144
1944,144
1945,144
1946,144
1947,144
1948,144
1949,144
1950,144
1951,144
1952,144
1953,144
1954,144
1955,144
1956,144
1957,144
1958,144
1959,144
1960,144
1961,144
1962,144
1963,144
1964,144
1965,144
1966,144
1967,144
1968,144
1969,144
1970,144
1971,144
1972,144
1973,144
1974,144
1975,144
1976,144
1977,144
1978,144
1979,144
1980,144
1981,144
1982,144
1983,144
1984,144
1985,144
1986,144
1987,144
1988,144
1989,144
1990,144
1991,144
1992,144
1993,144
1994,144
1995,144
1996,144
1997,144
1998,144
1999,144
2000,144
2001,144
2002,144
2003,144
2004,144
2005,144
2006,144
2007,144
2008,144
2009,144
2010,144
2011,144
2012,144
2013,144
2014,144
2015,144
2016,144
2017,144
2018,144
2019,144
2020,144
2021,144
2022,144
2023,144
2024,144
2025,144
2026,144
2027,144
2028,144
2029,144
2030,144
2031,144
2032,144
2033,144
2034,144
2035,144
2036,144
2037,144
2038,144
2039,144
2040,144
2041,144
2042,144
2043,144
2044,144
2045,144
2046,144
2047,144
2048,144
2049,144
2050,144
2051,144
2052,144
2053,144
2054,144
2055,144
2056,144
2057,144
2058,144
2059,144
2060,144
2061,144
2062,144
2063,144
2064,144
2065,144
2066,144
2067,144
2068,144
2069,144
2070,144
2071,144
2072,144
2073,144
2074,144
2075,144
2076,144
2077,144
2078,144
2079,144
2080,144
2081,144
2082,144
2083,144
2084,144
2085,144
2086,144
2087,144
2088,144
2089,144
2090,144
2091,144
2092,144
2093,144
2094,144
2095,144
2096,144
2097,144
2098,144
2099,144
2100,144
2101,144
2102,144
2103,144
2104,144
2105,144
2106,144
2107,144
2108,144
2109,144
2110,144
2111,144
2112,144
2113,144
2114,144
2115,144
2116,144
2117,144
2118,144
2119,144
2120,144
2121,144
2122,144
2123,144
2124,144
2125,144
2126,144
2127,144
2128,144
2129,144
2130,144
2131,144
2132,144
2133,144
2134,144
2135,144
2136,144
2137,144
2138,144
2139,144
2140,144
2141,144
2142,144
2143,144
2144,144
2145,144
2146,144
2147,144
2148,144
2149,144
2150,144
2151,144
2152,144
2153,144
2154,144
2155,144
2156,144
2157,144
2158,144
2159,144
2160,144
2161,144
2162,144
2163,144
2164,144
2165,144
2166,144
2167,144
2168,144
2169,144
2170,144
2171,144
2172,144
2173,144
2174,144
2175,144
2176,144
2177,144
2178,144
2179,144
2180,144
2181,144
2182,144
2183,144
2184,144
2185,144
2186,144
2187,144
2188,144
2189,144
2190,144
2191,144
2192,144
2193,144
2194,144
2195,144
2196,144
2197,144
2198,144
2199,144
2200,144
2201,144
2202,144
2203,144
2204,144
2205,144
2206,144
2207,144
2208,144
2209,144
2210,144
2211,144
2212,144
2213,144
2214,144
2215,144
2216,144
2217,144
2218,144
2219,144
2220,144
2221,144
2222,144
2223,144
2224,144
2225,144
2226,144
2227,144
2228,144
2229,144
2230,144
2231,144
2232,144
2233,144
2234,144
2235,144
2236,144
2237,144
2238,144
2239,144
2240,144
2241,144
2242,144
2243,144
2244,144
2245,144
2246,144
2247,144
2248,144
2249,144
2250,144
2251,144
2252,144
2253,144
2254,144
2255,145
