0,0
1,1
2,2
3,3
4,4
5,5
6,5
7,6
8,7
9,8
10,9
11,10
12,11
13,12
14,13
15,14
16,15
17,15
18,16
19,16
20,17
21,18
22,19
23,19
24,19
25,20
26,21
27,22
28,23
29,23
30,23
31,23
32,24
33,24
34,25
35,26
36,27
37,28
38,29
39,29
40,30
41,31
42,32
43,33
44,34
45,34
46,34
47,35
48,36
49,36
50,36
51,36
52,36
53,36
54,37
55,38
56,39
57,39
58,40
59,41
60,42
61,43
62,43
63,43
64,44
65,44
66,44
67,44
68,45
69,45
70,46
71,47
72,47
73,48
74,49
75,50
76,50
77,50
78,51
79,51
80,51
81,51
82,52
83,52
84,52
85,53
86,53
87,54
88,55
89,56
90,57
91,57
92,57
93,57
94,57
95,58
96,59
97,60
98,61
99,62
100,63
101,64
102,65
103,65
104,66
105,67
106,68
107,68
108,69
109,70
110,70
111,70
112,71
113,71
114,71
115,72
116,72
117,73
118,74
119,74
120,74
121,74
122,74
123,74
124,75
125,75
126,75
127,75
128,76
129,76
130,76
131,76
132,77
133,77
134,77
135,77
136,77
137,77
138,77
139,77
140,77
141,77
142,77
143,77
144,77
145,77
146,78
147,78
148,79
149,79
150,79
151,79
152,79
153,79
154,79
155,79
156,79
157,79
158,79
159,79
160,80
161,80
162,80
163,80
164,81
165,82
166,82
167,82
168,82
169,82
170,82
171,82
172,83
173,83
174,83
175,84
176,84
177,84
178,84
179,84
180,84
181,84
182,84
183,84
184,84
185,85
186,85
187,85
188,85
189,85
190,85
191,85
192,86
193,86
194,86
195,86
196,86
197,86
198,86
199,86
200,86
201,86
202,86
203,86
204,87
205,87
206,87
207,87
208,87
209,87
210,87
211,87
212,88
213,88
214,89
215,90
216,90
217,91
218,91
219,91
220,92
221,92
222,92
223,92
224,92
225,92
226,92
227,92
228,93
229,93
230,93
231,93
232,93
233,93
234,94
235,95
236,96
237,97
238,97
239,97
240,98
241,98
242,98
243,98
244,98
245,98
246,98
247,99
248,99
249,99
250,99
251,100
252,100
253,100
254,100
255,100
256,100
257,100
258,100
259,100
260,100
261,100
262,100
263,100
264,100
265,100
266,100
267,100
268,100
269,100
270,100
271,100
272,100
273,100
274,100
275,100
276,100
277,100
278,101
279,102
280,102
281,102
282,102
283,102
284,103
285,103
286,103
287,103
288,103
289,103
290,103
291,103
292,104
293,104
294,104
295,104
296,105
297,105
298,106
299,106
300,106
301,106
302,106
303,106
304,106
305,106
306,106
307,107
308,107
309,107
310,107
311,107
312,107
313,107
314,107
315,107
316,107
317,107
318,107
319,107
320,107
321,107
322,107
323,107
324,107
325,107
326,107
327,107
328,107
329,107
330,107
331,107
332,107
333,107
334,107
335,107
336,107
337,107
338,107
339,107
340,108
341,108
342,108
343,108
344,108
345,108
346,108
347,108
348,108
349,108
350,109
351,109
352,109
353,109
354,109
355,109
356,109
357,109
358,109
359,109
360,109
361,109
362,109
363,109
364,109
365,109
366,109
367,109
368,109
369,109
370,109
371,109
372,109
373,110
374,110
375,110
376,110
377,110
378,110
379,110
380,110
381,110
382,110
383,110
384,110
385,110
386,110
387,110
388,110
389,110
390,110
391,110
392,110
393,110
394,111
395,111
396,111
397,111
398,111
399,111
400,111
401,111
402,111
403,111
404,111
405,111
406,111
407,111
408,111
409,111
410,111
411,111
412,111
413,111
414,111
415,111
416,111
417,111
418,111
419,111
420,111
421,111
422,111
423,111
424,111
425,111
426,111
427,111
428,111
429,111
430,111
431,111
432,111
433,111
434,111
435,111
436,111
437,111
438,111
439,111
440,111
441,111
442,111
443,111
444,111
445,111
446,111
447,111
448,111
449,111
450,111
451,111
452,111
453,111
454,111
455,111
456,111
457,111
458,111
459,111
460,111
461,111
462,111
463,111
464,111
465,111
466,111
467,111
468,111
469,111
470,112
471,112
472,112
473,112
474,112
475,112
476,112
477,112
478,112
479,112
480,112
481,112
482,112
483,112
484,112
485,112
486,113
487,113
488,113
489,113
490,113
491,113
492,113
493,113
494,113
495,113
496,113
497,113
498,113
499,114
500,114
501,114
502,114
503,115
504,116
505,117
506,118
507,119
508,119
509,119
510,119
511,120
512,121
513,121
514,122
515,122
516,122
517,123
518,123
519,123
520,123
521,123
522,123
523,123
524,123
525,123
526,123
527,123
528,123
529,123
530,123
531,123
532,123
533,123
534,123
535,123
536,123
537,123
538,123
539,123
540,123
541,123
542,123
543,123
544,123
545,123
546,123
547,123
548,123
549,123
550,123
551,123
552,123
553,123
554,123
555,123
556,124
557,124
558,124
559,124
560,124
561,124
562,124
563,124
564,124
565,124
566,124
567,124
568,124
569,124
570,124
571,124
572,124
573,124
574,124
575,124
576,124
577,124
578,124
579,124
580,124
581,124
582,124
583,124
584,124
585,124
586,124
587,124
588,124
589,124
590,124
591,124
592,124
593,124
594,124
595,124
596,124
597,124
598,124
599,124
600,124
601,124
602,124
603,124
604,124
605,124
606,124
607,124
608,124
609,124
610,124
611,124
612,124
613,124
614,124
615,124
616,124
617,124
618,124
619,124
620,124
621,124
622,124
623,124
624,124
625,124
626,124
627,124
628,124
629,124
630,124
631,124
632,124
633,124
634,124
635,124
636,124
637,124
638,124
639,124
640,124
641,124
642,124
643,124
644,124
645,124
646,124
647,124
648,124
649,124
650,124
651,124
652,124
653,124
654,124
655,124
656,124
657,124
658,124
659,124
660,124
661,124
662,124
663,124
664,124
665,124
666,124
667,124
668,124
669,124
670,124
671,124
672,124
673,124
674,124
675,124
676,124
677,124
678,124
679,124
680,124
681,124
682,124
683,124
684,124
685,124
686,124
687,124
688,124
689,124
690,124
691,124
692,124
693,124
694,124
695,124
696,124
697,124
698,124
699,124
700,125
701,126
702,126
703,126
704,126
705,126
706,126
707,126
708,126
709,126
710,126
711,126
712,126
713,126
714,126
715,126
716,126
717,126
718,126
719,126
720,126
721,126
722,126
723,126
724,126
725,126
726,126
727,126
728,126
729,126
730,126
731,126
732,126
733,126
734,126
735,126
736,126
737,126
738,126
739,126
740,126
741,126
742,126
743,126
744,126
745,126
746,126
747,126
748,126
749,126
750,126
751,126
752,126
753,126
754,126
755,126
756,126
757,126
758,126
759,126
760,126
761,126
762,126
763,126
764,126
765,126
766,126
767,126
768,126
769,126
770,126
771,126
772,126
773,126
774,126
775,126
776,126
777,126
778,126
779,126
780,126
781,126
782,126
783,126
784,126
785,126
786,126
787,126
788,126
789,126
790,126
791,126
792,126
793,126
794,126
795,126
796,126
797,126
798,126
799,126
800,126
801,126
802,126
803,126
804,126
805,126
806,126
807,126
808,126
809,126
810,126
811,126
812,126
813,126
814,126
815,126
816,126
817,126
818,126
819,126
820,126
821,126
822,126
823,126
824,126
825,126
826,126
827,126
828,126
829,126
830,126
831,126
832,126
833,126
834,126
835,126
836,126
837,126
838,126
839,126
840,126
841,126
842,126
843,126
844,126
845,126
846,126
847,126
848,126
849,126
850,126
851,126
852,126
853,126
854,126
855,126
856,126
857,126
858,126
859,126
860,126
861,126
862,126
863,126
864,126
865,126
866,126
867,126
868,126
869,126
870,126
871,126
872,126
873,126
874,126
875,126
876,126
877,126
878,126
879,126
880,126
881,126
882,126
883,126
884,126
885,126
886,126
887,126
888,126
889,126
890,126
891,126
892,126
893,126
894,126
895,126
896,126
897,126
898,126
899,126
900,127
901,127
902,127
903,127
904,127
905,127
906,127
907,127
908,127
909,127
910,127
911,127
912,127
913,127
914,127
915,127
916,127
917,127
918,127
919,127
920,127
921,127
922,127
923,127
924,127
925,127
926,127
927,127
928,127
929,127
930,127
931,127
932,127
933,127
934,127
935,127
936,127
937,127
938,127
939,127
940,127
941,127
942,127
943,127
944,127
945,127
946,127
947,127
948,127
949,127
950,127
951,127
952,127
953,127
954,127
955,127
956,127
957,127
958,127
959,127
960,127
961,127
962,127
963,127
964,127
965,127
966,127
967,127
968,127
969,127
970,127
971,127
972,127
973,127
974,127
975,127
976,127
977,127
978,127
979,127
980,127
981,127
982,127
983,127
984,127
985,127
986,127
987,127
988,127
989,127
990,127
991,127
992,128
993,129
994,129
995,129
996,129
997,129
998,129
999,129
1000,129
1001,129
1002,129
1003,129
1004,129
1005,129
1006,130
1007,131
1008,132
1009,133
1010,134
1011,135
1012,135
1013,135
1014,135
1015,135
1016,135
1017,135
1018,135
1019,135
1020,135
1021,135
1022,135
1023,135
1024,135
1025,135
1026,135
1027,135
1028,135
1029,135
1030,135
1031,135
1032,135
1033,135
1034,135
1035,135
1036,135
1037,135
1038,135
1039,135
1040,135
1041,135
1042,135
1043,135
1044,135
1045,135
1046,135
1047,135
1048,135
1049,135
1050,135
1051,135
1052,135
1053,135
1054,135
1055,135
1056,135
1057,135
1058,135
1059,135
1060,135
1061,135
1062,135
1063,135
1064,135
1065,135
1066,135
1067,135
1068,135
1069,135
1070,135
1071,135
1072,135
1073,135
1074,135
1075,135
1076,135
1077,135
1078,135
1079,135
1080,135
1081,135
1082,135
1083,135
1084,135
1085,135
1086,135
1087,135
1088,135
1089,135
1090,135
1091,135
1092,135
1093,135
1094,135
1095,135
1096,136
1097,136
1098,136
1099,136
1100,136
1101,136
1102,136
1103,136
1104,136
1105,136
1106,136
1107,136
1108,136
1109,136
1110,136
1111,136
1112,136
1113,136
1114,136
1115,136
1116,136
1117,136
1118,136
1119,136
1120,136
1121,136
1122,136
1123,136
1124,136
1125,136
1126,136
1127,136
1128,136
1129,136
1130,136
1131,136
1132,136
1133,136
1134,136
1135,136
1136,136
1137,136
1138,136
1139,136
1140,136
1141,136
1142,136
1143,136
1144,136
1145,136
1146,136
1147,136
1148,136
1149,136
1150,136
1151,136
1152,136
1153,136
1154,136
1155,136
1156,136
1157,136
1158,136
1159,136
1160,136
1161,137
1162,137
1163,137
1164,137
1165,138
1166,138
1167,138
1168,138
1169,139
1170,139
1171,139
1172,139
1173,139
1174,139
1175,139
1176,139
1177,139
1178,139
1179,139
1180,139
1181,139
1182,139
1183,139
1184,139
1185,139
1186,139
1187,139
1188,139
1189,139
1190,139
1191,139
1192,139
1193,139
1194,139
1195,139
1196,139
1197,139
1198,139
1199,139
1200,139
1201,139
1202,139
1203,139
1204,139
1205,139
1206,139
1207,139
1208,139
1209,139
1210,139
1211,139
1212,139
1213,139
1214,139
1215,139
1216,139
1217,139
1218,139
1219,139
1220,139
1221,139
1222,139
1223,139
1224,139
1225,139
1226,139
1227,139
1228,139
1229,139
1230,139
1231,139
1232,139
1233,139
1234,139
1235,139
1236,139
1237,139
1238,139
1239,139
1240,139
1241,139
1242,139
1243,139
1244,139
1245,139
1246,139
1247,139
1248,139
1249,139
1250,139
1251,139
1252,139
1253,139
1254,139
1255,139
1256,139
1257,139
1258,139
1259,139
1260,139
1261,139
1262,139
1263,139
1264,139
1265,139
1266,139
1267,139
1268,139
1269,139
1270,139
1271,139
1272,139
1273,139
1274,139
1275,139
1276,139
1277,139
1278,139
1279,139
1280,139
1281,139
1282,139
1283,139
1284,139
1285,139
1286,139
1287,139
1288,139
1289,139
1290,139
1291,139
1292,139
1293,139
1294,139
1295,139
1296,139
1297,139
1298,139
1299,139
1300,139
1301,139
1302,139
1303,139
1304,139
1305,139
1306,139
1307,139
1308,139
1309,139
1310,139
1311,139
1312,139
1313,139
1314,139
1315,139
1316,139
1317,139
1318,139
1319,139
1320,139
1321,139
1322,139
1323,139
1324,139
1325,139
1326,139
1327,139
1328,139
1329,139
1330,139
1331,139
1332,139
1333,139
1334,139
1335,139
1336,139
1337,139
1338,139
1339,139
1340,139
1341,139
1342,139
1343,139
1344,139
1345,139
1346,139
1347,139
1348,139
1349,139
1350,139
1351,139
1352,139
1353,139
1354,139
1355,139
1356,139
1357,139
1358,139
1359,139
1360,139
1361,139
1362,139
1363,139
1364,139
1365,139
1366,139
1367,139
1368,139
1369,139
1370,139
1371,139
1372,139
1373,139
1374,139
1375,139
1376,139
1377,139
1378,139
1379,139
1380,139
1381,139
1382,139
1383,139
1384,139
1385,140
1386,140
1387,140
1388,140
1389,140
1390,140
1391,140
1392,140
1393,140
1394,140
1395,140
1396,140
1397,140
1398,140
1399,140
1400,140
1401,140
1402,140
1403,140
1404,140
1405,140
1406,140
1407,140
1408,140
1409,140
1410,140
1411,140
1412,140
1413,140
1414,140
1415,140
1416,140
1417,140
1418,140
1419,140
1420,140
1421,140
1422,140
1423,140
1424,140
1425,140
1426,140
1427,140
1428,140
1429,140
1430,140
1431,140
1432,140
1433,140
1434,140
1435,140
1436,140
1437,140
1438,140
1439,140
1440,140
1441,140
1442,140
1443,140
1444,140
1445,141
1446,141
1447,141
1448,141
1449,141
1450,141
1451,141
1452,141
1453,141
1454,141
1455,141
1456,141
1457,141
1458,141
1459,141
1460,141
1461,141
1462,141
1463,141
1464,141
1465,141
1466,141
1467,141
1468,141
1469,141
1470,141
1471,141
1472,141
1473,141
1474,141
1475,141
1476,141
1477,141
1478,141
1479,141
1480,141
1481,141
1482,141
1483,141
1484,141
1485,141
1486,141
1487,141
1488,141
1489,141
1490,141
1491,141
1492,141
1493,141
1494,141
1495,141
1496,141
1497,141
1498,141
1499,141
1500,141
1501,141
1502,141
1503,141
1504,141
1505,141
1506,141
1507,141
1508,141
1509,141
1510,141
1511,141
1512,141
1513,141
1514,141
1515,141
1516,141
1517,141
1518,141
1519,141
1520,141
1521,141
1522,141
1523,141
1524,141
1525,141
1526,141
1527,141
1528,141
1529,141
1530,141
1531,141
1532,141
1533,141
1534,141
1535,141
1536,141
1537,141
1538,141
1539,141
1540,141
1541,141
1542,141
1543,141
1544,141
1545,141
1546,141
1547,141
1548,141
1549,141
1550,141
1551,141
1552,141
1553,141
1554,141
1555,141
1556,141
1557,141
1558,141
1559,141
1560,141
1561,141
1562,141
1563,141
1564,141
1565,141
1566,141
1567,141
1568,141
1569,141
1570,141
1571,141
1572,141
1573,141
1574,141
1575,141
1576,141
1577,141
1578,141
1579,141
1580,141
1581,141
1582,141
1583,141
1584,141
1585,141
1586,141
1587,141
1588,141
1589,141
1590,141
1591,141
1592,141
1593,141
1594,141
1595,141
1596,141
1597,141
1598,141
1599,141
1600,141
1601,141
1602,141
1603,141
1604,141
1605,141
1606,141
1607,141
1608,141
1609,141
1610,141
1611,141
1612,141
1613,141
1614,141
1615,141
1616,141
1617,141
1618,141
1619,141
1620,141
1621,141
1622,141
1623,141
1624,141
1625,141
1626,141
1627,141
1628,141
1629,141
1630,141
1631,141
1632,141
1633,141
1634,141
1635,141
1636,141
1637,141
1638,141
1639,141
1640,141
1641,141
1642,141
1643,141
1644,141
1645,141
1646,141
1647,141
1648,141
1649,141
1650,141
1651,141
1652,141
1653,141
1654,141
1655,141
1656,141
1657,141
1658,141
1659,141
1660,141
1661,141
1662,141
1663,141
1664,141
1665,141
1666,141
1667,141
1668,141
1669,141
1670,141
1671,141
1672,141
1673,141
1674,141
1675,141
1676,141
1677,141
1678,141
1679,141
1680,141
1681,141
1682,141
1683,141
1684,141
1685,141
1686,141
1687,141
1688,141
1689,141
1690,141
1691,141
1692,141
1693,141
1694,141
1695,141
1696,141
1697,141
1698,141
1699,141
1700,141
1701,141
1702,141
1703,141
1704,141
1705,141
1706,141
1707,141
1708,141
1709,141
1710,141
1711,141
1712,141
1713,141
1714,141
1715,141
1716,141
1717,141
1718,141
1719,141
1720,141
1721,141
1722,141
1723,141
1724,141
1725,141
1726,141
1727,141
1728,141
1729,141
1730,141
1731,141
1732,141
1733,141
1734,141
1735,141
1736,141
1737,141
1738,141
1739,141
1740,141
1741,141
1742,141
1743,141
1744,141
1745,141
1746,141
1747,141
1748,141
1749,141
1750,141
1751,141
1752,141
1753,141
1754,141
1755,141
1756,141
1757,141
1758,141
1759,141
1760,141
1761,141
1762,141
1763,141
1764,141
1765,141
1766,141
1767,141
1768,141
1769,141
1770,141
1771,141
1772,141
1773,141
1774,141
1775,141
1776,141
1777,141
1778,141
1779,141
1780,141
1781,141
1782,141
1783,141
1784,141
1785,141
1786,141
1787,141
1788,141
1789,141
1790,141
1791,141
1792,141
1793,141
1794,141
1795,141
1796,141
1797,141
1798,141
1799,141
1800,141
1801,141
1802,141
1803,141
1804,141
1805,141
1806,141
1807,141
1808,141
1809,141
1810,141
1811,141
1812,141
1813,141
1814,141
1815,141
1816,141
1817,141
1818,141
1819,141
1820,141
1821,141
1822,141
1823,141
1824,141
1825,141
1826,141
1827,141
1828,141
1829,141
1830,141
1831,141
1832,141
1833,141
1834,141
1835,141
1836,141
1837,141
1838,141
1839,141
1840,141
1841,141
1842,141
1843,141
1844,141
1845,141
1846,141
1847,141
1848,141
1849,141
1850,141
1851,141
1852,141
1853,141
1854,141
1855,141
1856,141
1857,141
1858,141
1859,141
1860,141
1861,141
1862,141
1863,141
1864,141
1865,141
1866,141
1867,141
1868,141
1869,141
1870,141
1871,141
1872,141
1873,141
1874,141
1875,141
1876,141
1877,141
1878,141
1879,141
1880,141
1881,141
1882,141
1883,141
1884,141
1885,141
1886,141
1887,141
1888,141
1889,141
1890,141
1891,141
1892,141
1893,141
1894,141
1895,141
1896,141
1897,141
1898,141
1899,141
1900,141
1901,141
1902,141
1903,141
1904,141
1905,141
1906,141
1907,141
1908,141
1909,141
1910,141
1911,141
1912,141
1913,141
1914,141
1915,141
1916,141
1917,141
1918,141
1919,141
1920,141
1921,141
1922,141
1923,141
1924,141
1925,141
1926,141
1927,141
1928,141
1929,141
1930,141
1931,141
1932,141
1933,141
1934,141
1935,141
1936,141
1937,141
1938,141
1939,141
1940,141
1941,141
1942,141
1943,141
1944,141
1945,141
1946,141
1947,141
1948,141
1949,141
1950,141
1951,141
1952,141
1953,141
1954,141
1955,141
1956,141
1957,141
1958,141
1959,141
1960,141
1961,141
1962,141
1963,141
1964,141
1965,141
1966,141
1967,141
1968,141
1969,141
1970,141
1971,141
1972,141
1973,141
1974,141
1975,141
1976,141
1977,141
1978,141
1979,141
1980,141
1981,141
1982,141
1983,141
1984,141
1985,141
1986,141
1987,141
1988,141
1989,141
1990,141
1991,141
1992,141
1993,141
1994,141
1995,141
1996,141
1997,141
1998,141
1999,141
2000,141
2001,141
2002,141
2003,141
2004,141
2005,141
2006,141
2007,141
2008,141
2009,141
2010,141
2011,141
2012,141
2013,141
2014,141
2015,141
2016,141
2017,141
2018,141
2019,141
2020,141
2021,141
2022,141
2023,141
2024,141
2025,141
2026,141
2027,141
2028,141
2029,141
2030,141
2031,141
2032,141
2033,141
2034,141
2035,141
2036,141
2037,141
2038,141
2039,141
2040,141
2041,141
2042,141
2043,141
2044,141
2045,141
2046,141
2047,141
2048,141
2049,141
2050,141
2051,141
2052,141
2053,141
2054,141
2055,141
2056,141
2057,141
2058,141
2059,141
2060,142
2061,142
2062,142
2063,142
2064,142
2065,142
2066,142
2067,142
2068,142
2069,142
2070,142
2071,142
2072,142
2073,142
2074,142
2075,142
2076,142
2077,142
2078,142
2079,142
2080,142
2081,142
2082,142
2083,142
2084,142
2085,142
2086,142
2087,142
2088,142
2089,142
2090,142
2091,142
2092,142
2093,142
2094,142
2095,142
2096,142
2097,142
2098,142
2099,142
2100,142
2101,142
2102,142
2103,142
2104,142
2105,142
2106,142
2107,142
2108,142
2109,142
2110,142
2111,142
2112,142
2113,142
2114,142
2115,142
2116,142
2117,142
2118,142
2119,142
2120,142
2121,142
2122,142
2123,142
2124,142
2125,142
2126,142
2127,142
2128,142
2129,142
2130,142
2131,142
2132,142
2133,142
2134,142
2135,142
2136,142
2137,142
2138,142
2139,142
2140,142
2141,142
2142,142
2143,142
2144,142
2145,142
2146,142
2147,142
2148,142
2149,142
2150,142
2151,142
2152,142
2153,142
2154,142
2155,142
2156,142
2157,142
2158,142
2159,142
2160,142
2161,142
2162,142
2163,142
2164,142
2165,142
2166,142
2167,142
2168,142
2169,142
2170,142
2171,142
2172,142
2173,142
2174,142
2175,142
2176,142
2177,142
2178,142
2179,143
2180,143
2181,143
2182,143
2183,143
2184,143
2185,143
2186,143
2187,143
2188,143
2189,143
2190,143
2191,143
2192,143
2193,143
2194,143
2195,143
2196,143
2197,143
2198,143
2199,143
2200,143
2201,143
2202,143
2203,143
2204,143
2205,143
2206,143
2207,143
2208,143
2209,143
2210,143
2211,143
2212,143
2213,143
2214,143
2215,143
2216,143
2217,143
2218,143
2219,143
2220,143
2221,143
2222,143
2223,143
2224,143
2225,143
2226,143
2227,143
2228,143
2229,143
2230,143
2231,143
2232,143
2233,143
2234,143
2235,143
2236,143
2237,143
2238,143
2239,143
2240,143
2241,143
2242,143
2243,143
2244,143
2245,143
2246,143
2247,143
2248,143
2249,143
2250,143
2251,143
2252,143
2253,143
2254,143
2255,143
2256,143
2257,143
2258,143
2259,143
2260,143
2261,143
2262,143
2263,143
2264,143
2265,143
2266,143
2267,143
2268,143
2269,143
2270,143
2271,143
2272,143
2273,143
2274,143
2275,143
2276,143
2277,143
2278,143
2279,143
2280,143
2281,143
2282,143
2283,143
2284,143
2285,143
2286,143
2287,143
2288,143
2289,143
2290,143
2291,143
2292,143
2293,143
2294,143
2295,143
2296,143
2297,143
2298,143
2299,143
2300,143
2301,143
2302,143
2303,143
2304,143
2305,143
2306,143
2307,143
2308,143
2309,143
2310,143
2311,143
2312,143
2313,143
2314,143
2315,143
2316,143
2317,143
2318,143
2319,143
2320,143
2321,143
2322,143
2323,143
2324,143
2325,143
2326,143
2327,143
2328,143
2329,143
2330,143
2331,143
2332,143
2333,143
2334,143
2335,143
2336,143
2337,143
2338,143
2339,143
2340,143
2341,143
2342,143
2343,143
2344,143
2345,143
2346,143
2347,143
2348,143
2349,143
2350,143
2351,143
2352,143
2353,143
2354,143
2355,143
2356,143
2357,143
2358,143
2359,143
2360,143
2361,143
2362,143
2363,143
2364,143
2365,143
2366,143
2367,143
2368,143
2369,143
2370,143
2371,143
2372,143
2373,143
2374,143
2375,143
2376,143
2377,143
2378,143
2379,143
2380,143
2381,143
2382,143
2383,143
2384,143
2385,143
2386,143
2387,143
2388,143
2389,143
2390,143
2391,143
2392,143
2393,143
2394,143
2395,143
2396,143
2397,143
2398,143
2399,143
2400,143
2401,143
2402,143
2403,143
2404,143
2405,143
2406,143
2407,143
2408,143
2409,143
2410,143
2411,143
2412,143
2413,143
2414,143
2415,143
2416,143
2417,143
2418,143
2419,143
2420,143
2421,143
2422,143
2423,143
2424,143
2425,143
2426,143
2427,143
2428,143
2429,143
2430,143
2431,143
2432,143
2433,143
2434,143
2435,143
2436,143
2437,143
2438,143
2439,143
2440,143
2441,143
2442,143
2443,143
2444,143
2445,143
2446,143
2447,143
2448,143
2449,143
2450,143
2451,143
2452,143
2453,143
2454,143
2455,143
2456,143
2457,143
2458,143
2459,143
2460,143
2461,143
2462,143
2463,143
2464,143
2465,143
2466,143
2467,143
2468,143
2469,143
2470,143
2471,143
2472,143
2473,143
2474,143
2475,143
2476,143
2477,143
2478,143
2479,143
2480,143
2481,143
2482,143
2483,143
2484,143
2485,143
2486,143
2487,143
2488,143
2489,143
2490,143
2491,143
2492,143
2493,143
2494,143
2495,143
2496,143
2497,143
2498,143
2499,143
2500,143
2501,143
2502,143
2503,143
2504,143
2505,143
2506,143
2507,143
2508,143
2509,143
2510,143
2511,143
2512,143
2513,143
2514,143
2515,143
2516,143
2517,143
2518,143
2519,143
2520,143
2521,143
2522,143
2523,143
2524,143
2525,143
2526,143
2527,143
2528,143
2529,143
2530,143
2531,143
2532,143
2533,143
2534,143
2535,143
2536,143
2537,143
2538,143
2539,143
2540,143
2541,143
2542,143
2543,143
2544,143
2545,143
2546,143
2547,143
2548,143
2549,143
2550,143
2551,143
2552,143
2553,143
2554,143
2555,143
2556,143
2557,143
2558,143
2559,143
2560,143
2561,143
2562,143
2563,143
2564,143
2565,143
2566,143
2567,143
2568,143
2569,143
2570,143
2571,143
2572,143
2573,143
2574,143
2575,143
2576,143
2577,143
2578,143
2579,143
2580,143
2581,143
2582,143
2583,143
2584,143
2585,143
2586,143
2587,143
2588,143
2589,143
2590,143
2591,143
2592,143
2593,143
2594,143
2595,143
2596,143
2597,143
2598,143
2599,143
2600,143
2601,143
2602,143
2603,143
2604,143
2605,143
2606,143
2607,143
2608,143
2609,143
2610,143
2611,143
2612,143
2613,143
2614,143
2615,143
2616,143
2617,143
2618,143
2619,143
2620,143
2621,143
2622,143
2623,143
2624,143
2625,143
2626,143
2627,143
2628,143
2629,143
2630,143
2631,143
2632,143
2633,143
2634,143
2635,143
2636,143
2637,143
2638,143
2639,143
2640,143
2641,143
2642,143
2643,143
2644,143
2645,143
2646,143
2647,143
2648,143
2649,143
2650,143
2651,143
2652,143
2653,143
2654,143
2655,143
2656,143
2657,143
2658,143
2659,143
2660,143
2661,143
2662,143
2663,143
2664,143
2665,143
2666,143
2667,143
2668,143
2669,143
2670,143
2671,143
2672,143
2673,143
2674,143
2675,143
2676,143
2677,143
2678,143
2679,143
2680,143
2681,143
2682,143
2683,143
2684,143
2685,143
2686,143
2687,143
2688,143
2689,143
2690,143
2691,143
2692,143
2693,143
2694,143
2695,143
2696,143
2697,143
2698,143
2699,143
2700,143
2701,143
2702,143
2703,143
2704,143
2705,143
2706,143
2707,143
2708,143
2709,143
2710,143
2711,143
2712,143
2713,143
2714,143
2715,143
2716,143
2717,143
2718,143
2719,143
2720,143
2721,143
2722,143
2723,143
2724,143
2725,143
2726,143
2727,143
2728,143
2729,143
2730,143
2731,143
2732,143
2733,143
2734,143
2735,143
2736,143
2737,143
2738,143
2739,143
2740,143
2741,143
2742,143
2743,143
2744,143
2745,143
2746,143
2747,143
2748,143
2749,143
2750,143
2751,143
2752,143
2753,143
2754,143
2755,143
2756,143
2757,143
2758,143
2759,143
2760,143
2761,143
2762,143
2763,143
2764,143
2765,143
2766,143
2767,143
2768,143
2769,143
2770,143
2771,143
2772,143
2773,143
2774,144
2775,144
2776,144
2777,144
2778,144
2779,144
2780,144
2781,144
2782,144
2783,144
2784,144
2785,144
2786,144
2787,144
2788,144
2789,144
2790,144
2791,144
2792,144
2793,144
2794,144
2795,144
2796,144
2797,144
2798,144
2799,144
2800,144
2801,144
2802,144
2803,144
2804,144
2805,144
2806,144
2807,144
2808,144
2809,144
2810,144
2811,144
2812,144
2813,144
2814,144
2815,144
2816,144
2817,144
2818,144
2819,144
2820,144
2821,144
2822,144
2823,144
2824,144
2825,144
2826,144
2827,144
2828,144
2829,144
2830,144
2831,144
2832,144
2833,144
2834,144
2835,144
2836,144
2837,144
2838,144
2839,144
2840,144
2841,144
2842,144
2843,144
2844,144
2845,144
2846,144
2847,144
2848,144
2849,144
2850,144
2851,144
2852,144
2853,144
2854,144
2855,144
2856,144
2857,144
2858,144
2859,144
2860,144
2861,144
2862,144
2863,144
2864,144
2865,144
2866,144
2867,144
2868,144
2869,144
2870,144
2871,144
2872,144
2873,144
2874,144
2875,144
2876,144
2877,144
2878,144
2879,144
2880,144
2881,144
2882,144
2883,144
2884,144
2885,144
2886,144
2887,144
2888,144
2889,144
2890,144
2891,144
2892,144
2893,144
2894,144
2895,144
2896,144
2897,144
2898,144
2899,144
2900,144
2901,144
2902,144
2903,144
2904,144
2905,144
2906,144
2907,144
2908,144
2909,144
2910,144
2911,144
2912,144
2913,144
2914,144
2915,144
2916,144
2917,144
2918,144
2919,144
2920,144
2921,144
2922,144
2923,144
2924,144
2925,144
2926,144
2927,144
2928,144
2929,144
2930,144
2931,144
2932,144
2933,144
2934,144
2935,144
2936,144
2937,144
2938,144
2939,144
2940,144
2941,144
2942,144
2943,144
2944,144
2945,144
2946,144
2947,144
2948,144
2949,144
2950,144
2951,144
2952,144
2953,144
2954,144
2955,144
2956,144
2957,144
2958,144
2959,144
2960,144
2961,144
2962,144
2963,144
2964,144
2965,144
2966,144
2967,144
2968,144
2969,144
2970,144
2971,144
2972,144
2973,144
2974,144
2975,144
2976,144
2977,144
2978,144
2979,144
2980,144
2981,144
2982,144
2983,144
2984,144
2985,144
2986,144
2987,144
2988,144
2989,144
2990,144
2991,144
2992,144
2993,144
2994,144
2995,144
2996,144
2997,144
2998,144
2999,144
3000,144
3001,144
3002,144
3003,144
3004,144
3005,144
3006,144
3007,144
3008,144
3009,144
3010,144
3011,144
3012,144
3013,144
3014,144
3015,144
3016,144
3017,144
3018,144
3019,144
3020,144
3021,144
3022,144
3023,144
3024,144
3025,144
3026,144
3027,144
3028,144
3029,144
3030,144
3031,144
3032,144
3033,144
3034,144
3035,144
3036,144
3037,144
3038,144
3039,144
3040,144
3041,144
3042,144
3043,144
3044,144
3045,144
3046,144
3047,144
3048,144
3049,144
3050,144
3051,144
3052,144
3053,144
3054,144
3055,144
3056,144
3057,144
3058,144
3059,144
3060,144
3061,144
3062,144
3063,144
3064,144
3065,144
3066,144
3067,144
3068,144
3069,144
3070,144
3071,144
3072,144
3073,144
3074,144
3075,144
3076,144
3077,144
3078,144
3079,144
3080,144
3081,144
3082,144
3083,144
3084,144
3085,144
3086,144
3087,144
3088,144
3089,144
3090,144
3091,144
3092,144
3093,144
3094,144
3095,144
3096,144
3097,144
3098,144
3099,144
3100,144
3101,144
3102,144
3103,144
3104,144
3105,144
3106,144
3107,144
3108,144
3109,144
3110,144
3111,144
3112,144
3113,144
3114,144
3115,144
3116,144
3117,144
3118,144
3119,144
3120,144
3121,144
3122,144
3123,144
3124,144
3125,144
3126,144
3127,144
3128,144
3129,144
3130,144
3131,144
3132,144
3133,144
3134,144
3135,144
3136,144
3137,144
3138,144
3139,144
3140,144
3141,144
3142,144
3143,144
3144,144
3145,144
3146,144
3147,144
3148,144
3149,144
3150,144
3151,144
3152,144
3153,144
3154,144
3155,144
3156,144
3157,144
3158,144
3159,144
3160,144
3161,144
3162,144
3163,144
3164,144
3165,144
3166,144
3167,144
3168,144
3169,144
3170,144
3171,144
3172,144
3173,144
3174,144
3175,144
3176,144
3177,144
3178,144
3179,144
3180,144
3181,144
3182,144
3183,144
3184,144
3185,144
3186,144
3187,144
3188,144
3189,144
3190,144
3191,144
3192,144
3193,144
3194,144
3195,144
3196,144
3197,144
3198,144
3199,144
3200,144
3201,144
3202,144
3203,144
3204,144
3205,144
3206,144
3207,144
3208,144
3209,144
3210,144
3211,144
3212,144
3213,144
3214,144
3215,144
3216,144
3217,144
3218,144
3219,144
3220,144
3221,144
3222,144
3223,144
3224,144
3225,144
3226,144
3227,144
3228,144
3229,144
3230,144
3231,144
3232,144
3233,144
3234,144
3235,144
3236,144
3237,144
3238,144
3239,144
3240,144
3241,144
3242,144
3243,144
3244,144
3245,144
3246,144
3247,144
3248,144
3249,144
3250,144
3251,144
3252,144
3253,144
3254,144
3255,144
3256,144
3257,144
3258,144
3259,144
3260,144
3261,144
3262,144
3263,144
3264,144
3265,144
3266,144
3267,144
3268,144
3269,144
3270,144
3271,144
3272,144
3273,144
3274,144
3275,144
3276,144
3277,144
3278,144
3279,144
3280,144
3281,144
3282,144
3283,144
3284,144
3285,144
3286,144
3287,144
3288,144
3289,144
3290,144
3291,144
3292,144
3293,144
3294,144
3295,144
3296,144
3297,144
3298,144
3299,144
3300,144
3301,144
3302,144
3303,144
3304,144
3305,144
3306,144
3307,144
3308,144
3309,144
3310,144
3311,144
3312,144
3313,144
3314,144
3315,144
3316,144
3317,144
3318,144
3319,144
3320,144
3321,144
3322,144
3323,144
3324,144
3325,144
3326,144
3327,144
3328,144
3329,144
3330,144
3331,144
3332,144
3333,144
3334,144
3335,144
3336,144
3337,144
3338,144
3339,144
3340,144
3341,144
3342,144
3343,144
3344,144
3345,144
3346,144
3347,144
3348,144
3349,144
3350,144
3351,144
3352,144
3353,144
3354,144
3355,144
3356,144
3357,144
3358,144
3359,144
3360,144
3361,144
3362,144
3363,144
3364,144
3365,144
3366,144
3367,144
3368,144
3369,144
3370,144
3371,144
3372,144
3373,144
3374,144
3375,144
3376,144
3377,144
3378,144
3379,144
3380,144
3381,144
3382,144
3383,144
3384,144
3385,144
3386,144
3387,144
3388,144
3389,144
3390,144
3391,144
3392,144
3393,144
3394,144
3395,144
3396,144
3397,144
3398,144
3399,144
3400,144
3401,144
3402,144
3403,144
3404,144
3405,144
3406,144
3407,144
3408,144
3409,144
3410,144
3411,144
3412,144
3413,144
3414,144
3415,144
3416,144
3417,144
3418,144
3419,144
3420,144
3421,144
3422,144
3423,144
3424,144
3425,144
3426,144
3427,144
3428,144
3429,144
3430,144
3431,144
3432,144
3433,144
3434,144
3435,144
3436,144
3437,144
3438,144
3439,144
3440,144
3441,144
3442,144
3443,144
3444,144
3445,144
3446,144
3447,144
3448,144
3449,144
3450,144
3451,144
3452,144
3453,144
3454,144
3455,144
3456,144
3457,144
3458,144
3459,144
3460,144
3461,144
3462,144
3463,144
3464,144
3465,144
3466,144
3467,144
3468,144
3469,144
3470,144
3471,144
3472,144
3473,144
3474,144
3475,144
3476,144
3477,144
3478,144
3479,144
3480,144
3481,144
3482,144
3483,144
3484,144
3485,144
3486,144
3487,144
3488,144
3489,144
3490,144
3491,144
3492,144
3493,144
3494,144
3495,144
3496,144
3497,144
3498,144
3499,144
3500,144
3501,144
3502,144
3503,144
3504,144
3505,144
3506,144
3507,144
3508,144
3509,144
3510,144
3511,144
3512,144
3513,144
3514,144
3515,144
3516,144
3517,144
3518,144
3519,144
3520,144
3521,144
3522,144
3523,144
3524,144
3525,144
3526,144
3527,144
3528,144
3529,144
3530,144
3531,144
3532,144
3533,144
3534,144
3535,144
3536,144
3537,144
3538,144
3539,144
3540,144
3541,144
3542,144
3543,144
3544,144
3545,144
3546,144
3547,144
3548,144
3549,144
3550,144
3551,144
3552,144
3553,144
3554,144
3555,144
3556,144
3557,144
3558,144
3559,144
3560,144
3561,144
3562,144
3563,144
3564,144
3565,144
3566,144
3567,144
3568,144
3569,144
3570,144
3571,144
3572,144
3573,144
3574,144
3575,144
3576,144
3577,144
3578,144
3579,144
3580,144
3581,144
3582,144
3583,144
3584,144
3585,144
3586,144
3587,144
3588,144
3589,144
3590,144
3591,144
3592,144
3593,144
3594,144
3595,144
3596,144
3597,144
3598,144
3599,144
3600,144
3601,144
3602,144
3603,144
3604,144
3605,144
3606,144
3607,144
3608,144
3609,144
3610,144
3611,144
3612,144
3613,144
3614,144
3615,144
3616,144
3617,144
3618,144
3619,144
3620,144
3621,144
3622,144
3623,144
3624,144
3625,144
3626,144
3627,144
3628,144
3629,144
3630,144
3631,144
3632,144
3633,144
3634,144
3635,144
3636,144
3637,144
3638,144
3639,144
3640,144
3641,144
3642,144
3643,144
3644,144
3645,144
3646,144
3647,144
3648,144
3649,144
3650,144
3651,144
3652,144
3653,144
3654,144
3655,144
3656,144
3657,144
3658,144
3659,144
3660,144
3661,144
3662,144
3663,144
3664,144
3665,144
3666,144
3667,144
3668,144
3669,144
3670,144
3671,144
3672,144
3673,144
3674,144
3675,144
3676,144
3677,144
3678,144
3679,144
3680,145
