0,0
1,1
2,2
3,3
4,4
5,5
6,6
7,7
8,7
9,8
10,9
11,10
12,11
13,12
14,13
15,13
16,14
17,15
18,16
19,17
20,18
21,19
22,19
23,19
24,20
25,21
26,22
27,22
28,23
29,24
30,25
31,26
32,26
33,26
34,27
35,28
36,28
37,29
38,30
39,30
40,31
41,31
42,32
43,33
44,34
45,34
46,34
47,34
48,35
49,36
50,37
51,37
52,37
53,38
54,39
55,40
56,41
57,42
58,43
59,44
60,45
61,45
62,46
63,46
64,47
65,47
66,47
67,47
68,48
69,49
70,50
71,51
72,52
73,53
74,54
75,54
76,55
77,55
78,56
79,57
80,58
81,59
82,59
83,59
84,60
85,60
86,60
87,60
88,61
89,61
90,61
91,61
92,61
93,62
94,62
95,62
96,63
97,63
98,63
99,64
100,65
101,66
102,67
103,67
104,67
105,68
106,68
107,68
108,68
109,68
110,69
111,70
112,70
113,70
114,70
115,70
116,70
117,71
118,71
119,71
120,71
121,71
122,72
123,73
124,73
125,73
126,74
127,75
128,75
129,75
130,75
131,75
132,75
133,75
134,76
135,76
136,77
137,77
138,77
139,77
140,77
141,77
142,77
143,77
144,77
145,77
146,77
147,77
148,77
149,77
150,77
151,77
152,77
153,77
154,77
155,77
156,77
157,77
158,77
159,77
160,77
161,78
162,79
163,80
164,81
165,82
166,83
167,84
168,85
169,86
170,86
171,87
172,87
173,87
174,88
175,88
176,89
177,89
178,89
179,89
180,89
181,89
182,89
183,89
184,89
185,89
186,89
187,89
188,89
189,89
190,90
191,91
192,91
193,91
194,91
195,91
196,91
197,91
198,91
199,92
200,92
201,92
202,92
203,93
204,93
205,93
206,93
207,93
208,93
209,93
210,93
211,93
212,93
213,93
214,93
215,93
216,93
217,94
218,94
219,94
220,94
221,94
222,94
223,94
224,95
225,95
226,96
227,96
228,97
229,97
230,97
231,97
232,97
233,97
234,97
235,97
236,98
237,99
238,99
239,99
240,100
241,100
242,100
243,100
244,100
245,100
246,100
247,100
248,101
249,101
250,101
251,101
252,101
253,101
254,102
255,103
256,103
257,103
258,103
259,103
260,103
261,103
262,103
263,103
264,103
265,103
266,103
267,103
268,104
269,105
270,106
271,107
272,108
273,109
274,109
275,109
276,109
277,109
278,109
279,109
280,109
281,109
282,109
283,109
284,109
285,109
286,109
287,109
288,109
289,109
290,109
291,109
292,109
293,109
294,109
295,109
296,109
297,109
298,109
299,109
300,109
301,109
302,109
303,109
304,109
305,109
306,109
307,109
308,109
309,109
310,109
311,109
312,109
313,109
314,110
315,110
316,110
317,110
318,110
319,110
320,110
321,110
322,110
323,110
324,110
325,110
326,110
327,110
328,110
329,110
330,111
331,111
332,111
333,111
334,111
335,111
336,111
337,111
338,111
339,111
340,111
341,111
342,111
343,111
344,111
345,111
346,111
347,111
348,111
349,112
350,112
351,112
352,112
353,112
354,112
355,112
356,112
357,112
358,112
359,112
360,112
361,112
362,112
363,112
364,112
365,112
366,112
367,112
368,112
369,112
370,112
371,112
372,112
373,112
374,112
375,112
376,112
377,112
378,112
379,112
380,112
381,113
382,113
383,113
384,113
385,113
386,113
387,113
388,113
389,113
390,113
391,113
392,113
393,113
394,113
395,113
396,113
397,113
398,113
399,113
400,113
401,113
402,113
403,113
404,113
405,113
406,113
407,113
408,113
409,113
410,113
411,113
412,113
413,113
414,113
415,113
416,113
417,113
418,113
419,114
420,115
421,116
422,117
423,117
424,117
425,117
426,117
427,117
428,117
429,117
430,117
431,117
432,117
433,117
434,117
435,117
436,117
437,117
438,117
439,117
440,117
441,117
442,117
443,118
444,119
445,119
446,120
447,120
448,120
449,120
450,120
451,120
452,120
453,120
454,120
455,120
456,120
457,120
458,120
459,120
460,120
461,121
462,121
463,122
464,122
465,122
466,122
467,122
468,122
469,122
470,122
471,122
472,122
473,122
474,122
475,122
476,122
477,122
478,122
479,122
480,122
481,123
482,124
483,125
484,126
485,127
486,128
487,128
488,128
489,128
490,128
491,128
492,128
493,128
494,128
495,128
496,128
497,128
498,128
499,128
500,128
501,128
502,128
503,128
504,128
505,128
506,128
507,128
508,128
509,128
510,128
511,128
512,128
513,128
514,128
515,128
516,128
517,128
518,128
519,128
520,128
521,128
522,128
523,128
524,128
525,128
526,128
527,129
528,130
529,130
530,130
531,130
532,130
533,130
534,130
535,130
536,130
537,130
538,130
539,130
540,130
541,130
542,130
543,130
544,130
545,130
546,130
547,130
548,130
549,130
550,130
551,130
552,130
553,130
554,130
555,130
556,130
557,130
558,130
559,130
560,130
561,130
562,130
563,130
564,130
565,130
566,130
567,130
568,130
569,130
570,130
571,130
572,130
573,130
574,130
575,130
576,130
577,130
578,130
579,130
580,130
581,130
582,130
583,130
584,130
585,130
586,130
587,130
588,130
589,130
590,130
591,130
592,130
593,130
594,130
595,130
596,130
597,130
598,130
599,130
600,130
601,130
602,130
603,130
604,130
605,130
606,130
607,130
608,130
609,130
610,130
611,130
612,130
613,130
614,130
615,130
616,130
617,130
618,130
619,130
620,130
621,130
622,130
623,130
624,130
625,130
626,130
627,130
628,130
629,130
630,130
631,130
632,130
633,130
634,130
635,130
636,130
637,130
638,130
639,130
640,130
641,130
642,130
643,130
644,130
645,130
646,130
647,130
648,130
649,130
650,130
651,130
652,130
653,130
654,130
655,130
656,130
657,130
658,130
659,130
660,130
661,130
662,130
663,130
664,130
665,130
666,130
667,130
668,130
669,130
670,130
671,130
672,130
673,130
674,130
675,130
676,130
677,130
678,130
679,130
680,130
681,130
682,130
683,130
684,130
685,130
686,130
687,130
688,130
689,130
690,130
691,130
692,130
693,130
694,131
695,131
696,131
697,131
698,131
699,131
700,131
701,131
702,131
703,131
704,131
705,131
706,131
707,131
708,131
709,131
710,131
711,131
712,131
713,131
714,131
715,131
716,131
717,131
718,131
719,131
720,131
721,131
722,131
723,131
724,131
725,131
726,131
727,131
728,131
729,131
730,131
731,131
732,131
733,131
734,131
735,131
736,131
737,131
738,131
739,131
740,131
741,131
742,131
743,131
744,131
745,131
746,131
747,131
748,131
749,131
750,131
751,131
752,131
753,131
754,131
755,131
756,131
757,131
758,131
759,131
760,131
761,131
762,131
763,131
764,131
765,131
766,131
767,131
768,131
769,131
770,131
771,131
772,131
773,131
774,131
775,131
776,131
777,131
778,131
779,131
780,131
781,131
782,131
783,131
784,131
785,131
786,131
787,131
788,131
789,131
790,131
791,131
792,131
793,131
794,131
795,131
796,131
797,131
798,131
799,131
800,131
801,131
802,131
803,131
804,131
805,131
806,131
807,131
808,131
809,131
810,131
811,131
812,131
813,131
814,131
815,131
816,131
817,131
818,131
819,131
820,131
821,131
822,131
823,131
824,131
825,131
826,131
827,131
828,131
829,131
830,131
831,131
832,131
833,131
834,131
835,131
836,131
837,131
838,131
839,131
840,131
841,131
842,131
843,131
844,131
845,131
846,131
847,131
848,131
849,131
850,131
851,131
852,131
853,131
854,131
855,131
856,131
857,131
858,131
859,131
860,131
861,131
862,131
863,131
864,131
865,131
866,131
867,131
868,131
869,131
870,131
871,131
872,131
873,131
874,131
875,131
876,131
877,131
878,131
879,131
880,131
881,131
882,131
883,131
884,131
885,131
886,131
887,131
888,131
889,131
890,131
891,131
892,131
893,131
894,131
895,131
896,131
897,131
898,131
899,131
900,131
901,131
902,131
903,131
904,131
905,131
906,131
907,131
908,131
909,131
910,131
911,131
912,131
913,131
914,131
915,131
916,131
917,131
918,131
919,132
920,133
921,133
922,133
923,133
924,133
925,133
926,133
927,133
928,133
929,133
930,133
931,133
932,133
933,133
934,133
935,133
936,133
937,133
938,133
939,133
940,133
941,133
942,133
943,133
944,133
945,133
946,133
947,133
948,133
949,133
950,133
951,133
952,133
953,133
954,133
955,133
956,133
957,133
958,133
959,133
960,133
961,133
962,133
963,133
964,134
965,134
966,134
967,134
968,134
969,134
970,134
971,134
972,134
973,134
974,134
975,134
976,134
977,134
978,134
979,134
980,134
981,134
982,134
983,134
984,134
985,134
986,134
987,134
988,134
989,134
990,134
991,134
992,134
993,134
994,134
995,134
996,134
997,134
998,134
999,134
1000,134
1001,134
1002,134
1003,134
1004,134
1005,134
1006,134
1007,134
1008,134
1009,134
1010,134
1011,134
1012,134
1013,134
1014,134
1015,134
1016,134
1017,134
1018,134
1019,134
1020,134
1021,134
1022,134
1023,134
1024,134
1025,134
1026,134
1027,134
1028,134
1029,134
1030,134
1031,134
1032,134
1033,134
1034,134
1035,134
1036,134
1037,134
1038,134
1039,134
1040,134
1041,135
1042,135
1043,135
1044,135
1045,135
1046,135
1047,135
1048,135
1049,135
1050,135
1051,135
1052,135
1053,135
1054,135
1055,135
1056,135
1057,135
1058,135
1059,135
1060,135
1061,135
1062,135
1063,135
1064,135
1065,135
1066,135
1067,135
1068,135
1069,135
1070,135
1071,135
1072,135
1073,135
1074,135
1075,135
1076,135
1077,135
1078,135
1079,135
1080,135
1081,135
1082,135
1083,135
1084,135
1085,135
1086,135
1087,135
1088,135
1089,135
1090,135
1091,135
1092,135
1093,135
1094,135
1095,135
1096,135
1097,135
1098,135
1099,135
1100,135
1101,135
1102,135
1103,135
1104,135
1105,135
1106,135
1107,135
1108,135
1109,135
1110,135
1111,135
1112,135
1113,135
1114,135
1115,135
1116,135
1117,135
1118,135
1119,135
1120,135
1121,135
1122,135
1123,135
1124,135
1125,135
1126,135
1127,135
1128,135
1129,135
1130,135
1131,135
1132,135
1133,135
1134,135
1135,135
1136,135
1137,135
1138,135
1139,135
1140,135
1141,135
1142,135
1143,135
1144,135
1145,135
1146,135
1147,135
1148,135
1149,135
1150,135
1151,135
1152,135
1153,135
1154,135
1155,135
1156,135
1157,135
1158,135
1159,135
1160,135
1161,135
1162,135
1163,135
1164,135
1165,135
1166,135
1167,135
1168,135
1169,135
1170,135
1171,135
1172,135
1173,135
1174,135
1175,135
1176,135
1177,135
1178,135
1179,135
1180,135
1181,135
1182,135
1183,135
1184,135
1185,135
1186,135
1187,135
1188,135
1189,135
1190,135
1191,135
1192,135
1193,135
1194,135
1195,135
1196,135
1197,135
1198,135
1199,136
1200,136
1201,136
1202,136
1203,136
1204,136
1205,137
1206,137
1207,137
1208,137
1209,137
1210,137
1211,137
1212,137
1213,137
1214,137
1215,137
1216,137
1217,137
1218,137
1219,137
1220,137
1221,137
1222,137
1223,137
1224,137
1225,137
1226,137
1227,137
1228,137
1229,137
1230,137
1231,137
1232,137
1233,137
1234,137
1235,137
1236,137
1237,137
1238,137
1239,137
1240,137
1241,137
1242,137
1243,137
1244,137
1245,137
1246,137
1247,137
1248,137
1249,137
1250,137
1251,137
1252,137
1253,137
1254,137
1255,137
1256,137
1257,137
1258,137
1259,137
1260,137
1261,137
1262,137
1263,137
1264,137
1265,137
1266,137
1267,137
1268,137
1269,137
1270,137
1271,137
1272,137
1273,137
1274,137
1275,137
1276,137
1277,137
1278,137
1279,137
1280,137
1281,137
1282,137
1283,137
1284,137
1285,137
1286,137
1287,137
1288,137
1289,137
1290,137
1291,137
1292,137
1293,137
1294,137
1295,137
1296,137
1297,137
1298,137
1299,137
1300,137
1301,137
1302,137
1303,137
1304,137
1305,137
1306,137
1307,137
1308,137
1309,137
1310,137
1311,137
1312,137
1313,137
1314,137
1315,137
1316,137
1317,137
1318,137
1319,137
1320,137
1321,137
1322,137
1323,137
1324,138
1325,138
1326,138
1327,138
1328,138
1329,138
1330,138
1331,138
1332,138
1333,138
1334,138
1335,138
1336,138
1337,138
1338,138
1339,138
1340,138
1341,138
1342,138
1343,138
1344,138
1345,138
1346,138
1347,138
1348,138
1349,138
1350,138
1351,138
1352,138
1353,138
1354,138
1355,138
1356,138
1357,138
1358,138
1359,138
1360,138
1361,138
1362,138
1363,138
1364,138
1365,138
1366,138
1367,138
1368,138
1369,138
1370,138
1371,138
1372,138
1373,138
1374,138
1375,138
1376,138
1377,138
1378,138
1379,138
1380,138
1381,138
1382,138
1383,139
1384,139
1385,139
1386,139
1387,139
1388,139
1389,139
1390,139
1391,139
1392,139
1393,139
1394,139
1395,139
1396,139
1397,139
1398,139
1399,139
1400,139
1401,139
1402,139
1403,139
1404,139
1405,139
1406,139
1407,139
1408,139
1409,139
1410,139
1411,139
1412,139
1413,139
1414,139
1415,139
1416,139
1417,139
1418,139
1419,139
1420,139
1421,139
1422,139
1423,139
1424,139
1425,139
1426,139
1427,139
1428,139
1429,139
1430,139
1431,139
1432,139
1433,139
1434,139
1435,139
1436,139
1437,139
1438,139
1439,139
1440,139
1441,139
1442,139
1443,139
1444,139
1445,139
1446,140
1447,140
1448,140
1449,140
1450,140
1451,140
1452,140
1453,140
1454,140
1455,140
1456,140
1457,140
1458,140
1459,140
1460,140
1461,140
1462,140
1463,140
1464,140
1465,140
1466,140
1467,140
1468,140
1469,140
1470,140
1471,140
1472,140
1473,140
1474,140
1475,140
1476,140
1477,140
1478,140
1479,140
1480,140
1481,140
1482,140
1483,140
1484,140
1485,140
1486,140
1487,140
1488,140
1489,140
1490,140
1491,140
1492,140
1493,140
1494,140
1495,140
1496,140
1497,140
1498,140
1499,140
1500,140
1501,140
1502,140
1503,140
1504,140
1505,140
1506,140
1507,140
1508,140
1509,140
1510,140
1511,140
1512,140
1513,140
1514,140
1515,140
1516,140
1517,140
1518,140
1519,140
1520,140
1521,140
1522,140
1523,140
1524,140
1525,140
1526,140
1527,140
1528,140
1529,140
1530,140
1531,140
1532,140
1533,140
1534,140
1535,140
1536,140
1537,140
1538,140
1539,140
1540,140
1541,140
1542,140
1543,140
1544,140
1545,140
1546,140
1547,140
1548,140
1549,140
1550,140
1551,140
1552,140
1553,140
1554,140
1555,140
1556,140
1557,140
1558,140
1559,140
1560,140
1561,140
1562,140
1563,140
1564,140
1565,140
1566,140
1567,140
1568,140
1569,140
1570,140
1571,140
1572,140
1573,140
1574,140
1575,140
1576,140
1577,140
1578,140
1579,140
1580,140
1581,140
1582,140
1583,140
1584,140
1585,140
1586,140
1587,140
1588,140
1589,140
1590,140
1591,140
1592,140
1593,140
1594,140
1595,140
1596,140
1597,140
1598,140
1599,140
1600,140
1601,140
1602,140
1603,140
1604,140
1605,140
1606,140
1607,140
1608,140
1609,140
1610,140
1611,140
1612,140
1613,140
1614,140
1615,140
1616,140
1617,140
1618,140
1619,140
1620,140
1621,140
1622,140
1623,140
1624,140
1625,140
1626,140
1627,140
1628,140
1629,140
1630,140
1631,140
1632,140
1633,140
1634,140
1635,140
1636,140
1637,140
1638,140
1639,140
1640,140
1641,140
1642,140
1643,140
1644,140
1645,140
1646,140
1647,140
1648,140
1649,140
1650,140
1651,140
1652,140
1653,140
1654,140
1655,140
1656,140
1657,140
1658,140
1659,140
1660,140
1661,140
1662,140
1663,140
1664,140
1665,140
1666,140
1667,140
1668,140
1669,140
1670,140
1671,140
1672,140
1673,140
1674,140
1675,140
1676,140
1677,140
1678,140
1679,140
1680,140
1681,140
1682,140
1683,140
1684,140
1685,140
1686,140
1687,140
1688,140
1689,140
1690,140
1691,140
1692,140
1693,140
1694,140
1695,140
1696,140
1697,140
1698,140
1699,140
1700,140
1701,141
1702,141
1703,141
1704,141
1705,141
1706,141
1707,141
1708,141
1709,141
1710,141
1711,141
1712,141
1713,141
1714,141
1715,141
1716,141
1717,141
1718,141
1719,141
1720,141
1721,141
1722,141
1723,141
1724,141
1725,141
1726,141
1727,141
1728,141
1729,141
1730,141
1731,141
1732,141
1733,141
1734,141
1735,141
1736,141
1737,141
1738,141
1739,141
1740,141
1741,141
1742,141
1743,141
1744,141
1745,141
1746,141
1747,141
1748,141
1749,141
1750,141
1751,141
1752,141
1753,141
1754,141
1755,141
1756,141
1757,141
1758,141
1759,141
1760,141
1761,141
1762,141
1763,141
1764,141
1765,141
1766,141
1767,141
1768,141
1769,141
1770,141
1771,141
1772,141
1773,141
1774,141
1775,141
1776,141
1777,141
1778,141
1779,141
1780,141
1781,141
1782,141
1783,141
1784,141
1785,141
1786,141
1787,141
1788,141
1789,141
1790,141
1791,141
1792,141
1793,141
1794,141
1795,141
1796,141
1797,141
1798,141
1799,141
1800,141
1801,141
1802,141
1803,141
1804,141
1805,141
1806,141
1807,141
1808,141
1809,141
1810,141
1811,141
1812,141
1813,141
1814,141
1815,141
1816,141
1817,141
1818,141
1819,141
1820,141
1821,141
1822,141
1823,141
1824,141
1825,141
1826,141
1827,141
1828,141
1829,141
1830,141
1831,141
1832,141
1833,141
1834,141
1835,141
1836,141
1837,141
1838,141
1839,141
1840,141
1841,141
1842,141
1843,141
1844,141
1845,141
1846,141
1847,141
1848,141
1849,141
1850,141
1851,141
1852,141
1853,141
1854,141
1855,141
1856,141
1857,141
1858,141
1859,141
1860,141
1861,141
1862,141
1863,141
1864,141
1865,141
1866,141
1867,141
1868,141
1869,141
1870,141
1871,141
1872,141
1873,141
1874,141
1875,141
1876,141
1877,141
1878,141
1879,141
1880,141
1881,141
1882,141
1883,141
1884,141
1885,141
1886,141
1887,141
1888,141
1889,141
1890,141
1891,141
1892,141
1893,141
1894,141
1895,141
1896,141
1897,141
1898,141
1899,141
1900,141
1901,141
1902,141
1903,141
1904,141
1905,141
1906,141
1907,141
1908,141
1909,141
1910,141
1911,141
1912,141
1913,141
1914,141
1915,141
1916,141
1917,141
1918,141
1919,141
1920,141
1921,141
1922,141
1923,141
1924,141
1925,141
1926,141
1927,141
1928,141
1929,141
1930,141
1931,141
1932,141
1933,141
1934,141
1935,141
1936,141
1937,141
1938,141
1939,141
1940,141
1941,141
1942,141
1943,141
1944,141
1945,141
1946,141
1947,141
1948,141
1949,141
1950,141
1951,141
1952,141
1953,141
1954,141
1955,141
1956,141
1957,141
1958,141
1959,141
1960,141
1961,141
1962,141
1963,141
1964,141
1965,141
1966,141
1967,141
1968,141
1969,141
1970,141
1971,141
1972,141
1973,141
1974,141
1975,141
1976,141
1977,141
1978,141
1979,141
1980,141
1981,141
1982,141
1983,141
1984,141
1985,141
1986,141
1987,141
1988,141
1989,141
1990,141
1991,141
1992,141
1993,141
1994,141
1995,141
1996,141
1997,141
1998,141
1999,141
2000,141
2001,141
2002,141
2003,141
2004,141
2005,141
2006,141
2007,141
2008,141
2009,141
2010,141
2011,141
2012,141
2013,141
2014,141
2015,141
2016,141
2017,141
2018,141
2019,141
2020,141
2021,141
2022,141
2023,141
2024,141
2025,141
2026,141
2027,141
2028,141
2029,141
2030,141
2031,141
2032,141
2033,141
2034,141
2035,141
2036,141
2037,141
2038,141
2039,141
2040,141
2041,141
2042,141
2043,141
2044,141
2045,141
2046,141
2047,141
2048,141
2049,141
2050,141
2051,141
2052,141
2053,141
2054,141
2055,141
2056,141
2057,141
2058,141
2059,141
2060,141
2061,141
2062,141
2063,141
2064,141
2065,141
2066,141
2067,141
2068,141
2069,141
2070,141
2071,141
2072,141
2073,141
2074,141
2075,141
2076,141
2077,141
2078,141
2079,141
2080,141
2081,141
2082,141
2083,141
2084,141
2085,141
2086,141
2087,141
2088,141
2089,141
2090,141
2091,141
2092,141
2093,141
2094,141
2095,141
2096,141
2097,141
2098,141
2099,141
2100,141
2101,141
2102,141
2103,141
2104,141
2105,141
2106,141
2107,141
2108,141
2109,141
2110,141
2111,141
2112,141
2113,141
2114,141
2115,141
2116,141
2117,141
2118,141
2119,141
2120,141
2121,141
2122,141
2123,141
2124,141
2125,141
2126,141
2127,141
2128,141
2129,141
2130,141
2131,141
2132,141
2133,141
2134,141
2135,141
2136,141
2137,141
2138,141
2139,141
2140,141
2141,141
2142,141
2143,141
2144,141
2145,141
2146,141
2147,141
2148,141
2149,141
2150,141
2151,141
2152,141
2153,141
2154,141
2155,141
2156,141
2157,141
2158,141
2159,141
2160,141
2161,141
2162,141
2163,141
2164,141
2165,141
2166,141
2167,141
2168,141
2169,141
2170,141
2171,141
2172,141
2173,141
2174,141
2175,141
2176,141
2177,141
2178,141
2179,141
2180,141
2181,141
2182,141
2183,141
2184,141
2185,141
2186,141
2187,141
2188,141
2189,141
2190,141
2191,141
2192,141
2193,141
2194,141
2195,141
2196,141
2197,141
2198,141
2199,141
2200,141
2201,141
2202,141
2203,141
2204,141
2205,141
2206,141
2207,141
2208,141
2209,141
2210,141
2211,141
2212,141
2213,141
2214,141
2215,141
2216,141
2217,141
2218,141
2219,141
2220,141
2221,141
2222,141
2223,141
2224,141
2225,141
2226,141
2227,141
2228,141
2229,141
2230,141
2231,141
2232,141
2233,141
2234,141
2235,141
2236,141
2237,141
2238,141
2239,141
2240,141
2241,141
2242,141
2243,141
2244,141
2245,141
2246,141
2247,141
2248,141
2249,141
2250,141
2251,141
2252,141
2253,141
2254,141
2255,141
2256,141
2257,141
2258,141
2259,141
2260,141
2261,141
2262,141
2263,141
2264,141
2265,141
2266,141
2267,141
2268,141
2269,141
2270,141
2271,141
2272,141
2273,141
2274,141
2275,141
2276,141
2277,141
2278,141
2279,141
2280,141
2281,141
2282,141
2283,141
2284,141
2285,141
2286,141
2287,141
2288,141
2289,141
2290,141
2291,141
2292,141
2293,141
2294,141
2295,141
2296,141
2297,141
2298,141
2299,141
2300,141
2301,141
2302,141
2303,141
2304,141
2305,141
2306,141
2307,141
2308,141
2309,141
2310,141
2311,141
2312,141
2313,141
2314,141
2315,141
2316,141
2317,141
2318,141
2319,141
2320,141
2321,141
2322,141
2323,141
2324,141
2325,141
2326,141
2327,141
2328,141
2329,141
2330,141
2331,141
2332,141
2333,141
2334,141
2335,141
2336,141
2337,141
2338,141
2339,141
2340,141
2341,141
2342,141
2343,141
2344,141
2345,141
2346,141
2347,141
2348,141
2349,141
2350,141
2351,141
2352,141
2353,141
2354,141
2355,141
2356,141
2357,141
2358,141
2359,141
2360,141
2361,141
2362,141
2363,141
2364,141
2365,141
2366,141
2367,141
2368,141
2369,141
2370,141
2371,141
2372,141
2373,141
2374,141
2375,141
2376,141
2377,141
2378,141
2379,141
2380,141
2381,141
2382,141
2383,141
2384,141
2385,141
2386,141
2387,141
2388,141
2389,141
2390,141
2391,141
2392,141
2393,141
2394,141
2395,141
2396,141
2397,141
2398,141
2399,141
2400,141
2401,141
2402,141
2403,141
2404,141
2405,141
2406,141
2407,141
2408,141
2409,141
2410,141
2411,141
2412,141
2413,141
2414,141
2415,141
2416,141
2417,141
2418,141
2419,141
2420,141
2421,141
2422,141
2423,141
2424,141
2425,141
2426,141
2427,141
2428,141
2429,141
2430,141
2431,141
2432,141
2433,141
2434,141
2435,141
2436,141
2437,141
2438,141
2439,141
2440,141
2441,141
2442,141
2443,141
2444,141
2445,141
2446,141
2447,141
2448,141
2449,141
2450,141
2451,141
2452,141
2453,141
2454,141
2455,141
2456,141
2457,141
2458,141
2459,141
2460,141
2461,141
2462,141
2463,141
2464,141
2465,141
2466,141
2467,141
2468,141
2469,141
2470,141
2471,141
2472,141
2473,141
2474,141
2475,141
2476,141
2477,141
2478,141
2479,141
2480,141
2481,141
2482,141
2483,141
2484,141
2485,141
2486,141
2487,141
2488,141
2489,141
2490,141
2491,141
2492,141
2493,141
2494,141
2495,141
2496,142
2497,143
2498,144
2499,144
2500,144
2501,144
2502,144
2503,144
2504,144
2505,144
2506,144
2507,144
2508,144
2509,144
2510,144
2511,144
2512,144
2513,144
2514,144
2515,144
2516,144
2517,144
2518,144
2519,144
2520,144
2521,144
2522,144
2523,144
2524,144
2525,144
2526,144
2527,144
2528,144
2529,144
2530,144
2531,144
2532,144
2533,144
2534,144
2535,144
2536,144
2537,144
2538,144
2539,144
2540,144
2541,144
2542,144
2543,144
2544,144
2545,144
2546,144
2547,144
2548,144
2549,144
2550,144
2551,144
2552,144
2553,144
2554,144
2555,144
2556,144
2557,144
2558,144
2559,144
2560,144
2561,144
2562,144
2563,144
2564,144
2565,144
2566,144
2567,144
2568,144
2569,144
2570,144
2571,144
2572,144
2573,144
2574,144
2575,144
2576,144
2577,144
2578,144
2579,144
2580,144
2581,144
2582,144
2583,144
2584,144
2585,144
2586,144
2587,144
2588,144
2589,144
2590,144
2591,144
2592,144
2593,144
2594,144
2595,144
2596,144
2597,144
2598,144
2599,144
2600,144
2601,144
2602,144
2603,144
2604,144
2605,144
2606,144
2607,144
2608,144
2609,144
2610,144
2611,144
2612,144
2613,144
2614,144
2615,144
2616,144
2617,144
2618,144
2619,144
2620,144
2621,144
2622,144
2623,144
2624,144
2625,144
2626,144
2627,144
2628,144
2629,144
2630,144
2631,144
2632,144
2633,144
2634,144
2635,144
2636,144
2637,144
2638,144
2639,144
2640,144
2641,144
2642,144
2643,144
2644,144
2645,144
2646,144
2647,144
2648,144
2649,144
2650,144
2651,144
2652,144
2653,144
2654,144
2655,144
2656,144
2657,144
2658,144
2659,144
2660,144
2661,144
2662,144
2663,144
2664,144
2665,144
2666,144
2667,144
2668,144
2669,144
2670,144
2671,144
2672,144
2673,144
2674,144
2675,144
2676,144
2677,144
2678,144
2679,144
2680,144
2681,144
2682,144
2683,144
2684,144
2685,144
2686,144
2687,144
2688,144
2689,144
2690,144
2691,144
2692,144
2693,144
2694,144
2695,144
2696,144
2697,144
2698,144
2699,144
2700,144
2701,144
2702,144
2703,144
2704,144
2705,144
2706,144
2707,144
2708,144
2709,144
2710,144
2711,144
2712,144
2713,144
2714,144
2715,144
2716,144
2717,144
2718,144
2719,144
2720,144
2721,144
2722,144
2723,144
2724,144
2725,144
2726,144
2727,144
2728,144
2729,144
2730,144
2731,144
2732,144
2733,144
2734,144
2735,144
2736,144
2737,144
2738,144
2739,144
2740,144
2741,144
2742,144
2743,144
2744,144
2745,144
2746,144
2747,144
2748,144
2749,144
2750,144
2751,144
2752,144
2753,144
2754,144
2755,144
2756,144
2757,144
2758,144
2759,144
2760,144
2761,144
2762,144
2763,144
2764,144
2765,144
2766,144
2767,144
2768,144
2769,144
2770,144
2771,144
2772,144
2773,144
2774,144
2775,144
2776,144
2777,144
2778,144
2779,144
2780,144
2781,144
2782,144
2783,144
2784,144
2785,144
2786,144
2787,144
2788,144
2789,144
2790,144
2791,144
2792,144
2793,144
2794,144
2795,144
2796,144
2797,144
2798,144
2799,144
2800,144
2801,144
2802,144
2803,144
2804,144
2805,144
2806,144
2807,144
2808,144
2809,144
2810,144
2811,144
2812,144
2813,144
2814,144
2815,144
2816,144
2817,144
2818,144
2819,144
2820,144
2821,144
2822,144
2823,144
2824,144
2825,144
2826,144
2827,144
2828,144
2829,144
2830,144
2831,144
2832,144
2833,144
2834,144
2835,144
2836,144
2837,144
2838,144
2839,144
2840,144
2841,144
2842,144
2843,144
2844,144
2845,144
2846,144
2847,144
2848,144
2849,144
2850,144
2851,144
2852,144
2853,144
2854,144
2855,144
2856,144
2857,144
2858,144
2859,144
2860,144
2861,144
2862,144
2863,144
2864,144
2865,144
2866,144
2867,144
2868,144
2869,144
2870,144
2871,144
2872,144
2873,144
2874,144
2875,144
2876,144
2877,144
2878,144
2879,144
2880,144
2881,144
2882,144
2883,144
2884,144
2885,144
2886,144
2887,144
2888,144
2889,144
2890,144
2891,144
2892,144
2893,144
2894,144
2895,144
2896,144
2897,144
2898,144
2899,144
2900,144
2901,144
2902,144
2903,144
2904,144
2905,144
2906,144
2907,144
2908,144
2909,144
2910,144
2911,144
2912,144
2913,144
2914,144
2915,144
2916,144
2917,144
2918,144
2919,144
2920,144
2921,144
2922,144
2923,144
2924,144
2925,144
2926,144
2927,144
2928,144
2929,144
2930,144
2931,144
2932,144
2933,144
2934,144
2935,144
2936,144
2937,144
2938,144
2939,144
2940,144
2941,144
2942,144
2943,144
2944,144
2945,144
2946,144
2947,144
2948,144
2949,144
2950,144
2951,144
2952,144
2953,144
2954,144
2955,144
2956,144
2957,144
2958,144
2959,144
2960,144
2961,144
2962,144
2963,144
2964,144
2965,144
2966,144
2967,144
2968,144
2969,144
2970,144
2971,144
2972,144
2973,144
2974,144
2975,144
2976,144
2977,144
2978,144
2979,144
2980,144
2981,144
2982,144
2983,144
2984,144
2985,144
2986,144
2987,144
2988,144
2989,144
2990,144
2991,144
2992,144
2993,144
2994,144
2995,144
2996,144
2997,144
2998,144
2999,144
3000,144
3001,144
3002,144
3003,144
3004,144
3005,144
3006,144
3007,144
3008,144
3009,144
3010,144
3011,144
3012,144
3013,144
3014,144
3015,144
3016,144
3017,144
3018,144
3019,144
3020,144
3021,144
3022,144
3023,144
3024,144
3025,144
3026,144
3027,144
3028,144
3029,144
3030,144
3031,144
3032,144
3033,144
3034,144
3035,144
3036,144
3037,144
3038,144
3039,144
3040,144
3041,144
3042,144
3043,144
3044,144
3045,144
3046,144
3047,144
3048,144
3049,144
3050,144
3051,144
3052,144
3053,144
3054,144
3055,144
3056,144
3057,144
3058,144
3059,144
3060,144
3061,144
3062,144
3063,144
3064,144
3065,144
3066,144
3067,144
3068,144
3069,144
3070,144
3071,144
3072,144
3073,144
3074,144
3075,144
3076,144
3077,144
3078,144
3079,144
3080,144
3081,144
3082,144
3083,144
3084,144
3085,144
3086,144
3087,144
3088,144
3089,144
3090,144
3091,144
3092,144
3093,144
3094,144
3095,144
3096,144
3097,144
3098,144
3099,144
3100,144
3101,144
3102,144
3103,144
3104,144
3105,144
3106,144
3107,144
3108,144
3109,144
3110,144
3111,144
3112,144
3113,144
3114,144
3115,144
3116,144
3117,144
3118,144
3119,144
3120,144
3121,144
3122,144
3123,144
3124,144
3125,144
3126,144
3127,144
3128,144
3129,144
3130,144
3131,144
3132,144
3133,144
3134,144
3135,144
3136,144
3137,144
3138,144
3139,144
3140,144
3141,144
3142,144
3143,144
3144,144
3145,144
3146,144
3147,144
3148,144
3149,144
3150,144
3151,144
3152,144
3153,144
3154,144
3155,144
3156,144
3157,144
3158,144
3159,144
3160,144
3161,144
3162,144
3163,144
3164,144
3165,144
3166,144
3167,144
3168,144
3169,144
3170,144
3171,144
3172,144
3173,144
3174,144
3175,144
3176,144
3177,144
3178,144
3179,144
3180,144
3181,144
3182,144
3183,144
3184,144
3185,144
3186,144
3187,144
3188,144
3189,144
3190,144
3191,144
3192,144
3193,144
3194,144
3195,144
3196,144
3197,144
3198,144
3199,144
3200,144
3201,144
3202,144
3203,144
3204,144
3205,144
3206,144
3207,144
3208,144
3209,144
3210,144
3211,144
3212,144
3213,144
3214,144
3215,144
3216,144
3217,144
3218,144
3219,144
3220,144
3221,144
3222,144
3223,144
3224,144
3225,144
3226,144
3227,144
3228,144
3229,144
3230,144
3231,144
3232,144
3233,144
3234,144
3235,144
3236,144
3237,144
3238,144
3239,144
3240,144
3241,144
3242,144
3243,144
3244,144
3245,144
3246,144
3247,144
3248,144
3249,144
3250,144
3251,144
3252,144
3253,144
3254,144
3255,144
3256,144
3257,144
3258,144
3259,144
3260,144
3261,144
3262,144
3263,144
3264,144
3265,144
3266,144
3267,144
3268,144
3269,144
3270,144
3271,144
3272,144
3273,144
3274,144
3275,144
3276,144
3277,144
3278,144
3279,144
3280,144
3281,144
3282,144
3283,144
3284,144
3285,144
3286,144
3287,144
3288,144
3289,144
3290,144
3291,144
3292,144
3293,144
3294,144
3295,144
3296,144
3297,144
3298,144
3299,144
3300,144
3301,144
3302,144
3303,144
3304,144
3305,144
3306,144
3307,144
3308,144
3309,144
3310,144
3311,144
3312,144
3313,144
3314,144
3315,144
3316,144
3317,144
3318,144
3319,144
3320,144
3321,144
3322,144
3323,144
3324,144
3325,144
3326,144
3327,144
3328,144
3329,144
3330,144
3331,144
3332,144
3333,144
3334,144
3335,144
3336,144
3337,144
3338,144
3339,144
3340,144
3341,144
3342,144
3343,144
3344,144
3345,144
3346,144
3347,144
3348,144
3349,144
3350,144
3351,144
3352,144
3353,144
3354,144
3355,144
3356,144
3357,144
3358,144
3359,144
3360,144
3361,144
3362,144
3363,144
3364,144
3365,144
3366,144
3367,144
3368,144
3369,144
3370,144
3371,144
3372,144
3373,144
3374,144
3375,144
3376,144
3377,144
3378,144
3379,144
3380,144
3381,144
3382,144
3383,144
3384,144
3385,144
3386,144
3387,144
3388,144
3389,144
3390,144
3391,144
3392,144
3393,144
3394,144
3395,144
3396,144
3397,144
3398,144
3399,144
3400,144
3401,144
3402,144
3403,144
3404,144
3405,144
3406,144
3407,144
3408,144
3409,144
3410,144
3411,144
3412,144
3413,144
3414,144
3415,144
3416,144
3417,144
3418,144
3419,144
3420,144
3421,144
3422,144
3423,144
3424,144
3425,144
3426,144
3427,144
3428,144
3429,144
3430,144
3431,144
3432,144
3433,144
3434,144
3435,144
3436,144
3437,144
3438,144
3439,144
3440,144
3441,144
3442,144
3443,144
3444,144
3445,144
3446,144
3447,144
3448,144
3449,144
3450,144
3451,144
3452,144
3453,144
3454,144
3455,144
3456,144
3457,144
3458,144
3459,144
3460,144
3461,144
3462,144
3463,144
3464,144
3465,144
3466,144
3467,144
3468,144
3469,144
3470,144
3471,144
3472,144
3473,144
3474,144
3475,144
3476,144
3477,144
3478,144
3479,144
3480,144
3481,144
3482,144
3483,144
3484,144
3485,144
3486,144
3487,144
3488,144
3489,144
3490,144
3491,144
3492,144
3493,144
3494,144
3495,144
3496,144
3497,144
3498,144
3499,144
3500,144
3501,144
3502,144
3503,144
3504,144
3505,144
3506,144
3507,144
3508,144
3509,144
3510,144
3511,144
3512,144
3513,144
3514,144
3515,144
3516,144
3517,144
3518,144
3519,144
3520,144
3521,144
3522,144
3523,144
3524,144
3525,144
3526,144
3527,144
3528,144
3529,144
3530,144
3531,144
3532,144
3533,144
3534,144
3535,144
3536,144
3537,144
3538,144
3539,144
3540,144
3541,144
3542,144
3543,144
3544,144
3545,144
3546,144
3547,144
3548,144
3549,144
3550,144
3551,144
3552,144
3553,144
3554,144
3555,144
3556,144
3557,145
