0,0
1,1
2,2
3,3
4,4
5,5
6,6
7,7
8,8
9,9
10,10
11,11
12,12
13,13
14,13
15,14
16,15
17,16
18,16
19,17
20,18
21,19
22,20
23,21
24,22
25,23
26,24
27,24
28,25
29,26
30,26
31,27
32,28
33,29
34,30
35,30
36,31
37,31
38,31
39,31
40,32
41,33
42,33
43,34
44,35
45,36
46,36
47,36
48,36
49,36
50,36
51,37
52,38
53,39
54,40
55,41
56,42
57,43
58,44
59,45
60,46
61,46
62,46
63,47
64,48
65,49
66,50
67,51
68,51
69,52
70,53
71,53
72,53
73,54
74,54
75,54
76,54
77,55
78,56
79,56
80,56
81,56
82,56
83,57
84,58
85,59
86,60
87,61
88,62
89,63
90,63
91,64
92,64
93,65
94,66
95,66
96,67
97,68
98,68
99,68
100,68
101,68
102,68
103,68
104,68
105,68
106,68
107,68
108,68
109,68
110,68
111,68
112,68
113,68
114,68
115,69
116,70
117,71
118,72
119,73
120,73
121,73
122,73
123,74
124,75
125,76
126,77
127,78
128,78
129,78
130,79
131,79
132,79
133,80
134,80
135,80
136,80
137,81
138,82
139,82
140,82
141,83
142,83
143,83
144,83
145,83
146,83
147,84
148,84
149,84
150,84
151,84
152,84
153,84
154,84
155,84
156,85
157,85
158,85
159,85
160,85
161,85
162,85
163,86
164,86
165,87
166,88
167,88
168,88
169,88
170,89
171,90
172,90
173,91
174,91
175,91
176,91
177,91
178,91
179,91
180,91
181,91
182,91
183,91
184,91
185,91
186,91
187,91
188,91
189,92
190,92
191,93
192,93
193,93
194,93
195,93
196,94
197,94
198,94
199,94
200,94
201,94
202,94
203,94
204,94
205,94
206,94
207,94
208,94
209,94
210,94
211,94
212,95
213,95
214,95
215,95
216,95
217,95
218,95
219,95
220,95
221,95
222,96
223,96
224,96
225,96
226,96
227,96
228,96
229,97
230,97
231,98
232,98
233,98
234,98
235,98
236,98
237,98
238,98
239,98
240,98
241,98
242,98
243,98
244,98
245,98
246,99
247,99
248,99
249,99
250,99
251,99
252,100
253,100
254,100
255,100
256,100
257,100
258,100
259,101
260,102
261,103
262,104
263,104
264,104
265,104
266,104
267,104
268,104
269,104
270,104
271,104
272,104
273,104
274,104
275,104
276,104
277,104
278,104
279,105
280,105
281,105
282,106
283,106
284,106
285,106
286,107
287,107
288,107
289,107
290,108
291,108
292,109
293,109
294,109
295,109
296,109
297,109
298,110
299,110
300,110
301,110
302,110
303,110
304,110
305,110
306,110
307,110
308,110
309,111
310,112
311,112
312,112
313,112
314,112
315,112
316,112
317,112
318,112
319,112
320,112
321,112
322,112
323,112
324,112
325,112
326,112
327,113
328,113
329,113
330,113
331,113
332,113
333,113
334,113
335,113
336,113
337,114
338,114
339,114
340,114
341,115
342,115
343,115
344,115
345,115
346,115
347,115
348,116
349,116
350,116
351,116
352,116
353,116
354,116
355,116
356,116
357,116
358,116
359,116
360,116
361,116
362,116
363,116
364,116
365,116
366,116
367,116
368,116
369,116
370,116
371,116
372,116
373,116
374,116
375,116
376,116
377,116
378,116
379,116
380,116
381,116
382,116
383,116
384,116
385,116
386,116
387,116
388,116
389,116
390,116
391,116
392,116
393,116
394,116
395,117
396,117
397,117
398,117
399,118
400,119
401,119
402,119
403,119
404,119
405,119
406,119
407,119
408,119
409,119
410,119
411,119
412,119
413,119
414,119
415,119
416,119
417,119
418,119
419,119
420,119
421,119
422,119
423,119
424,119
425,119
426,119
427,119
428,119
429,119
430,119
431,119
432,119
433,119
434,119
435,119
436,119
437,119
438,119
439,119
440,119
441,119
442,119
443,119
444,119
445,119
446,119
447,119
448,119
449,119
450,119
451,119
452,119
453,119
454,119
455,119
456,119
457,119
458,119
459,119
460,119
461,119
462,119
463,119
464,119
465,119
466,119
467,119
468,119
469,119
470,119
471,119
472,119
473,119
474,119
475,119
476,119
477,119
478,119
479,119
480,119
481,119
482,119
483,119
484,119
485,120
486,120
487,120
488,120
489,120
490,120
491,120
492,120
493,120
494,120
495,120
496,120
497,120
498,120
499,120
500,120
501,120
502,121
503,122
504,123
505,124
506,125
507,125
508,125
509,125
510,125
511,125
512,125
513,125
514,125
515,125
516,125
517,125
518,125
519,125
520,125
521,125
522,125
523,125
524,125
525,125
526,125
527,125
528,125
529,125
530,125
531,125
532,125
533,125
534,125
535,125
536,125
537,125
538,125
539,125
540,125
541,125
542,125
543,125
544,125
545,125
546,125
547,125
548,125
549,125
550,125
551,125
552,125
553,125
554,125
555,125
556,125
557,125
558,125
559,125
560,125
561,125
562,125
563,125
564,125
565,125
566,125
567,125
568,125
569,125
570,125
571,125
572,125
573,125
574,125
575,125
576,125
577,125
578,125
579,125
580,126
581,126
582,126
583,126
584,126
585,126
586,126
587,126
588,126
589,126
590,126
591,126
592,126
593,126
594,126
595,126
596,126
597,126
598,126
599,126
600,126
601,126
602,126
603,126
604,126
605,126
606,126
607,126
608,126
609,126
610,126
611,126
612,126
613,127
614,127
615,127
616,127
617,127
618,127
619,127
620,127
621,127
622,127
623,127
624,127
625,127
626,127
627,127
628,127
629,127
630,127
631,127
632,127
633,127
634,127
635,127
636,127
637,127
638,127
639,127
640,127
641,127
642,127
643,127
644,127
645,127
646,128
647,128
648,128
649,128
650,128
651,128
652,128
653,128
654,128
655,128
656,128
657,128
658,128
659,128
660,128
661,128
662,128
663,128
664,128
665,128
666,128
667,128
668,128
669,128
670,128
671,128
672,128
673,128
674,128
675,128
676,128
677,128
678,128
679,128
680,128
681,128
682,128
683,128
684,128
685,128
686,128
687,128
688,128
689,128
690,128
691,128
692,128
693,128
694,128
695,128
696,128
697,129
698,130
699,131
700,131
701,131
702,131
703,131
704,131
705,131
706,131
707,131
708,131
709,131
710,131
711,131
712,131
713,131
714,131
715,131
716,131
717,131
718,131
719,131
720,131
721,131
722,131
723,131
724,131
725,131
726,131
727,131
728,131
729,131
730,131
731,131
732,131
733,131
734,131
735,131
736,131
737,131
738,131
739,131
740,131
741,131
742,131
743,131
744,131
745,131
746,131
747,131
748,131
749,131
750,131
751,131
752,131
753,131
754,131
755,131
756,131
757,131
758,131
759,131
760,131
761,131
762,131
763,131
764,131
765,131
766,131
767,131
768,131
769,131
770,131
771,131
772,131
773,131
774,131
775,131
776,131
777,131
778,131
779,131
780,131
781,131
782,131
783,131
784,131
785,131
786,131
787,131
788,131
789,131
790,131
791,131
792,131
793,131
794,131
795,131
796,131
797,131
798,131
799,131
800,131
801,131
802,131
803,131
804,131
805,131
806,131
807,131
808,131
809,131
810,131
811,131
812,132
813,132
814,132
815,132
816,132
817,132
818,132
819,132
820,132
821,132
822,132
823,132
824,132
825,132
826,132
827,132
828,132
829,132
830,132
831,132
832,132
833,132
834,132
835,132
836,132
837,132
838,132
839,132
840,132
841,132
842,132
843,132
844,132
845,132
846,132
847,132
848,132
849,132
850,132
851,132
852,132
853,132
854,132
855,132
856,132
857,132
858,132
859,132
860,132
861,132
862,132
863,132
864,132
865,132
866,132
867,132
868,132
869,132
870,132
871,132
872,132
873,132
874,132
875,132
876,132
877,132
878,132
879,132
880,132
881,132
882,132
883,132
884,132
885,132
886,132
887,132
888,132
889,132
890,132
891,132
892,132
893,132
894,132
895,132
896,132
897,132
898,132
899,132
900,132
901,132
902,132
903,132
904,132
905,132
906,132
907,132
908,132
909,132
910,132
911,132
912,132
913,132
914,132
915,132
916,132
917,133
918,133
919,133
920,133
921,133
922,133
923,133
924,133
925,133
926,133
927,133
928,133
929,133
930,133
931,133
932,133
933,133
934,133
935,133
936,133
937,133
938,133
939,133
940,133
941,133
942,133
943,133
944,133
945,133
946,133
947,133
948,133
949,133
950,133
951,133
952,133
953,133
954,133
955,133
956,133
957,133
958,133
959,133
960,133
961,133
962,133
963,133
964,133
965,133
966,133
967,133
968,133
969,133
970,133
971,133
972,133
973,133
974,133
975,133
976,133
977,133
978,133
979,133
980,133
981,133
982,133
983,133
984,133
985,133
986,133
987,133
988,133
989,133
990,133
991,133
992,133
993,133
994,133
995,133
996,133
997,133
998,133
999,133
1000,133
1001,133
1002,133
1003,133
1004,133
1005,133
1006,133
1007,133
1008,134
1009,134
1010,134
1011,134
1012,134
1013,134
1014,134
1015,134
1016,134
1017,134
1018,134
1019,134
1020,134
1021,134
1022,135
1023,135
1024,135
1025,135
1026,135
1027,135
1028,135
1029,135
1030,135
1031,135
1032,135
1033,135
1034,135
1035,135
1036,135
1037,135
1038,135
1039,135
1040,135
1041,135
1042,135
1043,135
1044,135
1045,135
1046,135
1047,135
1048,135
1049,135
1050,135
1051,135
1052,135
1053,135
1054,135
1055,135
1056,135
1057,135
1058,135
1059,135
1060,135
1061,135
1062,135
1063,135
1064,135
1065,135
1066,136
1067,136
1068,136
1069,136
1070,136
1071,136
1072,136
1073,136
1074,136
1075,136
1076,136
1077,136
1078,136
1079,136
1080,136
1081,136
1082,136
1083,136
1084,136
1085,136
1086,136
1087,136
1088,136
1089,136
1090,136
1091,136
1092,136
1093,136
1094,136
1095,136
1096,136
1097,136
1098,136
1099,136
1100,136
1101,136
1102,136
1103,136
1104,136
1105,136
1106,136
1107,136
1108,136
1109,136
1110,136
1111,136
1112,136
1113,136
1114,136
1115,136
1116,136
1117,136
1118,136
1119,136
1120,136
1121,136
1122,136
1123,136
1124,136
1125,136
1126,136
1127,136
1128,136
1129,136
1130,136
1131,136
1132,136
1133,136
1134,136
1135,136
1136,136
1137,136
1138,136
1139,136
1140,136
1141,136
1142,136
1143,136
1144,136
1145,137
1146,137
1147,137
1148,137
1149,137
1150,137
1151,137
1152,137
1153,137
1154,137
1155,137
1156,137
1157,137
1158,137
1159,137
1160,137
1161,137
1162,137
1163,137
1164,137
1165,137
1166,137
1167,138
1168,138
1169,138
1170,138
1171,138
1172,138
1173,138
1174,138
1175,138
1176,138
1177,138
1178,138
1179,138
1180,138
1181,138
1182,138
1183,138
1184,138
1185,138
1186,138
1187,138
1188,138
1189,138
1190,138
1191,138
1192,138
1193,138
1194,138
1195,138
1196,138
1197,138
1198,138
1199,138
1200,138
1201,138
1202,138
1203,138
1204,138
1205,138
1206,138
1207,138
1208,138
1209,138
1210,138
1211,138
1212,138
1213,138
1214,138
1215,138
1216,138
1217,138
1218,138
1219,138
1220,138
1221,138
1222,138
1223,138
1224,138
1225,138
1226,138
1227,139
1228,139
1229,139
1230,139
1231,139
1232,139
1233,139
1234,139
1235,139
1236,139
1237,139
1238,139
1239,139
1240,139
1241,139
1242,139
1243,139
1244,139
1245,139
1246,139
1247,139
1248,139
1249,139
1250,139
1251,139
1252,139
1253,139
1254,139
1255,139
1256,139
1257,139
1258,139
1259,139
1260,139
1261,139
1262,139
1263,139
1264,139
1265,139
1266,139
1267,139
1268,139
1269,139
1270,139
1271,139
1272,139
1273,139
1274,139
1275,139
1276,139
1277,139
1278,139
1279,139
1280,139
1281,139
1282,139
1283,139
1284,139
1285,139
1286,139
1287,139
1288,139
1289,139
1290,139
1291,139
1292,139
1293,139
1294,139
1295,139
1296,139
1297,139
1298,139
1299,139
1300,139
1301,139
1302,139
1303,139
1304,139
1305,139
1306,139
1307,139
1308,139
1309,139
1310,139
1311,139
1312,139
1313,139
1314,139
1315,139
1316,139
1317,139
1318,139
1319,139
1320,139
1321,139
1322,139
1323,139
1324,139
1325,139
1326,139
1327,139
1328,139
1329,139
1330,139
1331,139
1332,139
1333,139
1334,139
1335,139
1336,139
1337,139
1338,139
1339,139
1340,139
1341,139
1342,139
1343,139
1344,139
1345,139
1346,139
1347,139
1348,139
1349,139
1350,139
1351,139
1352,139
1353,139
1354,139
1355,139
1356,139
1357,139
1358,139
1359,139
1360,139
1361,139
1362,139
1363,139
1364,139
1365,139
1366,139
1367,139
1368,139
1369,139
1370,139
1371,139
1372,139
1373,139
1374,139
1375,139
1376,139
1377,139
1378,139
1379,139
1380,139
1381,139
1382,139
1383,139
1384,139
1385,139
1386,139
1387,139
1388,139
1389,139
1390,139
1391,139
1392,139
1393,139
1394,139
1395,139
1396,139
1397,139
1398,139
1399,139
1400,139
1401,139
1402,139
1403,139
1404,139
1405,139
1406,139
1407,139
1408,139
1409,139
1410,139
1411,139
1412,139
1413,139
1414,139
1415,139
1416,139
1417,139
1418,139
1419,139
1420,139
1421,139
1422,139
1423,139
1424,139
1425,139
1426,139
1427,139
1428,139
1429,139
1430,139
1431,139
1432,139
1433,139
1434,139
1435,139
1436,139
1437,139
1438,139
1439,139
1440,139
1441,139
1442,139
1443,139
1444,139
1445,139
1446,139
1447,139
1448,139
1449,139
1450,139
1451,139
1452,139
1453,139
1454,139
1455,139
1456,139
1457,139
1458,139
1459,139
1460,139
1461,139
1462,139
1463,139
1464,139
1465,139
1466,139
1467,139
1468,139
1469,139
1470,139
1471,139
1472,139
1473,139
1474,139
1475,139
1476,139
1477,140
1478,141
1479,142
1480,142
1481,142
1482,142
1483,142
1484,142
1485,142
1486,142
1487,142
1488,142
1489,142
1490,142
1491,142
1492,142
1493,142
1494,142
1495,142
1496,142
1497,142
1498,142
1499,142
1500,142
1501,142
1502,142
1503,142
1504,142
1505,142
1506,142
1507,142
1508,142
1509,142
1510,142
1511,142
1512,142
1513,142
1514,142
1515,142
1516,142
1517,142
1518,142
1519,142
1520,142
1521,142
1522,142
1523,142
1524,142
1525,142
1526,142
1527,142
1528,142
1529,142
1530,142
1531,142
1532,142
1533,142
1534,142
1535,142
1536,142
1537,142
1538,142
1539,142
1540,142
1541,142
1542,142
1543,142
1544,142
1545,142
1546,142
1547,142
1548,142
1549,142
1550,142
1551,142
1552,142
1553,142
1554,142
1555,142
1556,142
1557,142
1558,142
1559,142
1560,142
1561,142
1562,142
1563,142
1564,142
1565,142
1566,142
1567,142
1568,142
1569,142
1570,142
1571,142
1572,142
1573,142
1574,142
1575,142
1576,142
1577,142
1578,142
1579,142
1580,142
1581,142
1582,142
1583,142
1584,142
1585,142
1586,142
1587,142
1588,142
1589,142
1590,142
1591,142
1592,142
1593,142
1594,142
1595,142
1596,142
1597,142
1598,142
1599,142
1600,142
1601,142
1602,142
1603,142
1604,142
1605,142
1606,142
1607,142
1608,143
1609,143
1610,143
1611,143
1612,143
1613,143
1614,143
1615,143
1616,143
1617,143
1618,143
1619,143
1620,143
1621,143
1622,143
1623,143
1624,143
1625,143
1626,143
1627,143
1628,143
1629,143
1630,143
1631,143
1632,143
1633,143
1634,143
1635,143
1636,143
1637,143
1638,143
1639,143
1640,143
1641,143
1642,143
1643,143
1644,143
1645,143
1646,143
1647,143
1648,143
1649,143
1650,143
1651,143
1652,143
1653,143
1654,143
1655,143
1656,143
1657,143
1658,143
1659,143
1660,143
1661,143
1662,143
1663,143
1664,143
1665,143
1666,143
1667,143
1668,143
1669,143
1670,143
1671,143
1672,143
1673,143
1674,143
1675,143
1676,143
1677,143
1678,143
1679,143
1680,143
1681,143
1682,143
1683,143
1684,143
1685,143
1686,143
1687,143
1688,143
1689,143
1690,143
1691,143
1692,143
1693,143
1694,143
1695,143
1696,143
1697,143
1698,143
1699,143
1700,143
1701,143
1702,143
1703,143
1704,143
1705,143
1706,143
1707,143
1708,143
1709,143
1710,143
1711,143
1712,143
1713,143
1714,143
1715,143
1716,143
1717,143
1718,143
1719,143
1720,143
1721,143
1722,143
1723,143
1724,143
1725,143
1726,143
1727,143
1728,143
1729,143
1730,143
1731,143
1732,143
1733,143
1734,143
1735,143
1736,143
1737,143
1738,143
1739,143
1740,143
1741,143
1742,143
1743,143
1744,143
1745,143
1746,143
1747,143
1748,143
1749,143
1750,143
1751,143
1752,143
1753,143
1754,143
1755,143
1756,143
1757,143
1758,143
1759,143
1760,143
1761,143
1762,143
1763,143
1764,143
1765,143
1766,143
1767,143
1768,143
1769,143
1770,143
1771,143
1772,143
1773,143
1774,143
1775,143
1776,143
1777,143
1778,143
1779,143
1780,143
1781,143
1782,143
1783,143
1784,143
1785,143
1786,143
1787,143
1788,143
1789,143
1790,143
1791,143
1792,143
1793,143
1794,143
1795,143
1796,143
1797,143
1798,143
1799,143
1800,143
1801,143
1802,143
1803,143
1804,143
1805,143
1806,143
1807,143
1808,143
1809,143
1810,143
1811,143
1812,143
1813,143
1814,143
1815,143
1816,143
1817,143
1818,143
1819,143
1820,143
1821,143
1822,143
1823,143
1824,143
1825,143
1826,143
1827,143
1828,143
1829,143
1830,143
1831,143
1832,143
1833,143
1834,143
1835,143
1836,143
1837,143
1838,143
1839,143
1840,143
1841,143
1842,143
1843,143
1844,143
1845,143
1846,143
1847,143
1848,143
1849,143
1850,143
1851,143
1852,143
1853,143
1854,143
1855,143
1856,143
1857,143
1858,143
1859,143
1860,143
1861,143
1862,143
1863,143
1864,143
1865,143
1866,143
1867,143
1868,143
1869,143
1870,143
1871,143
1872,143
1873,143
1874,143
1875,143
1876,143
1877,143
1878,143
1879,143
1880,143
1881,143
1882,143
1883,143
1884,143
1885,143
1886,143
1887,143
1888,143
1889,143
1890,143
1891,143
1892,143
1893,143
1894,143
1895,143
1896,143
1897,143
1898,143
1899,143
1900,143
1901,143
1902,143
1903,143
1904,143
1905,143
1906,143
1907,143
1908,143
1909,143
1910,143
1911,143
1912,143
1913,143
1914,143
1915,143
1916,143
1917,143
1918,143
1919,143
1920,143
1921,143
1922,143
1923,143
1924,143
1925,143
1926,143
1927,143
1928,143
1929,143
1930,143
1931,143
1932,143
1933,143
1934,143
1935,143
1936,143
1937,143
1938,143
1939,143
1940,143
1941,143
1942,143
1943,143
1944,143
1945,143
1946,143
1947,143
1948,143
1949,143
1950,143
1951,143
1952,143
1953,143
1954,143
1955,143
1956,143
1957,143
1958,143
1959,143
1960,143
1961,143
1962,143
1963,143
1964,143
1965,143
1966,143
1967,143
1968,143
1969,143
1970,143
1971,143
1972,143
1973,143
1974,143
1975,143
1976,143
1977,143
1978,143
1979,143
1980,143
1981,143
1982,143
1983,143
1984,143
1985,143
1986,143
1987,143
1988,143
1989,143
1990,143
1991,143
1992,143
1993,143
1994,143
1995,143
1996,143
1997,143
1998,143
1999,143
2000,143
2001,143
2002,143
2003,143
2004,143
2005,143
2006,143
2007,143
2008,143
2009,143
2010,143
2011,143
2012,143
2013,143
2014,143
2015,143
2016,143
2017,143
2018,143
2019,143
2020,143
2021,143
2022,143
2023,143
2024,143
2025,143
2026,143
2027,143
2028,143
2029,143
2030,143
2031,143
2032,143
2033,143
2034,143
2035,144
2036,144
2037,144
2038,144
2039,144
2040,144
2041,144
2042,144
2043,144
2044,144
2045,144
2046,144
2047,144
2048,144
2049,144
2050,144
2051,144
2052,144
2053,144
2054,144
2055,144
2056,144
2057,144
2058,144
2059,144
2060,144
2061,144
2062,144
2063,144
2064,144
2065,144
2066,144
2067,144
2068,144
2069,144
2070,144
2071,144
2072,144
2073,144
2074,144
2075,144
2076,144
2077,144
2078,144
2079,144
2080,144
2081,144
2082,144
2083,144
2084,144
2085,144
2086,144
2087,144
2088,144
2089,144
2090,144
2091,144
2092,144
2093,144
2094,144
2095,144
2096,144
2097,144
2098,144
2099,144
2100,144
2101,144
2102,144
2103,144
2104,144
2105,144
2106,144
2107,144
2108,144
2109,144
2110,144
2111,144
2112,144
2113,144
2114,144
2115,144
2116,144
2117,144
2118,144
2119,144
2120,144
2121,144
2122,144
2123,144
2124,144
2125,144
2126,144
2127,144
2128,144
2129,144
2130,144
2131,144
2132,144
2133,144
2134,144
2135,144
2136,144
2137,144
2138,144
2139,144
2140,144
2141,144
2142,144
2143,144
2144,144
2145,144
2146,144
2147,144
2148,144
2149,144
2150,144
2151,144
2152,144
2153,144
2154,144
2155,144
2156,144
2157,144
2158,144
2159,144
2160,144
2161,144
2162,144
2163,144
2164,144
2165,144
2166,144
2167,144
2168,144
2169,144
2170,144
2171,144
2172,144
2173,144
2174,144
2175,144
2176,144
2177,144
2178,144
2179,144
2180,144
2181,144
2182,144
2183,144
2184,144
2185,144
2186,144
2187,144
2188,144
2189,144
2190,144
2191,144
2192,144
2193,144
2194,144
2195,144
2196,144
2197,144
2198,144
2199,144
2200,144
2201,144
2202,144
2203,144
2204,144
2205,144
2206,144
2207,144
2208,144
2209,144
2210,144
2211,144
2212,144
2213,144
2214,144
2215,144
2216,144
2217,144
2218,144
2219,144
2220,144
2221,144
2222,144
2223,144
2224,144
2225,144
2226,144
2227,144
2228,144
2229,144
2230,144
2231,144
2232,144
2233,144
2234,144
2235,144
2236,144
2237,144
2238,144
2239,144
2240,144
2241,144
2242,144
2243,144
2244,144
2245,144
2246,144
2247,144
2248,144
2249,144
2250,144
2251,144
2252,144
2253,144
2254,144
2255,144
2256,144
2257,144
2258,144
2259,144
2260,144
2261,144
2262,144
2263,144
2264,144
2265,144
2266,144
2267,144
2268,144
2269,144
2270,144
2271,144
2272,144
2273,144
2274,144
2275,144
2276,144
2277,144
2278,144
2279,144
2280,144
2281,144
2282,144
2283,144
2284,144
2285,144
2286,144
2287,144
2288,144
2289,144
2290,144
2291,144
2292,144
2293,144
2294,144
2295,144
2296,144
2297,144
2298,144
2299,144
2300,144
2301,144
2302,144
2303,144
2304,144
2305,144
2306,144
2307,144
2308,144
2309,144
2310,144
2311,144
2312,144
2313,144
2314,144
2315,144
2316,144
2317,144
2318,144
2319,144
2320,144
2321,144
2322,144
2323,144
2324,144
2325,144
2326,144
2327,144
2328,144
2329,144
2330,144
2331,144
2332,144
2333,144
2334,144
2335,144
2336,144
2337,144
2338,144
2339,144
2340,144
2341,144
2342,144
2343,144
2344,144
2345,144
2346,144
2347,144
2348,144
2349,144
2350,144
2351,144
2352,144
2353,144
2354,144
2355,144
2356,144
2357,144
2358,144
2359,144
2360,144
2361,144
2362,144
2363,144
2364,144
2365,144
2366,144
2367,144
2368,144
2369,144
2370,144
2371,144
2372,144
2373,144
2374,144
2375,144
2376,144
2377,144
2378,144
2379,144
2380,144
2381,144
2382,144
2383,144
2384,144
2385,144
2386,144
2387,144
2388,144
2389,144
2390,144
2391,144
2392,144
2393,144
2394,144
2395,144
2396,144
2397,144
2398,144
2399,144
2400,144
2401,144
2402,144
2403,144
2404,144
2405,144
2406,144
2407,144
2408,144
2409,144
2410,144
2411,144
2412,144
2413,144
2414,144
2415,144
2416,144
2417,144
2418,144
2419,144
2420,144
2421,144
2422,144
2423,144
2424,144
2425,144
2426,144
2427,144
2428,144
2429,144
2430,144
2431,144
2432,144
2433,144
2434,144
2435,144
2436,144
2437,144
2438,144
2439,144
2440,144
2441,144
2442,144
2443,144
2444,144
2445,144
2446,144
2447,144
2448,144
2449,144
2450,144
2451,144
2452,144
2453,144
2454,144
2455,144
2456,144
2457,144
2458,144
2459,144
2460,144
2461,144
2462,144
2463,144
2464,144
2465,144
2466,144
2467,144
2468,144
2469,144
2470,144
2471,144
2472,144
2473,144
2474,144
2475,144
2476,144
2477,144
2478,144
2479,144
2480,144
2481,144
2482,144
2483,144
2484,144
2485,144
2486,144
2487,144
2488,144
2489,144
2490,144
2491,144
2492,144
2493,144
2494,144
2495,144
2496,144
2497,144
2498,144
2499,144
2500,144
2501,144
2502,144
2503,144
2504,144
2505,144
2506,144
2507,144
2508,144
2509,144
2510,144
2511,144
2512,144
2513,144
2514,144
2515,144
2516,144
2517,144
2518,144
2519,144
2520,144
2521,144
2522,144
2523,144
2524,144
2525,144
2526,144
2527,144
2528,144
2529,144
2530,144
2531,144
2532,144
2533,144
2534,144
2535,144
2536,144
2537,144
2538,144
2539,144
2540,144
2541,144
2542,144
2543,144
2544,144
2545,144
2546,144
2547,144
2548,144
2549,144
2550,144
2551,144
2552,144
2553,144
2554,144
2555,144
2556,144
2557,144
2558,144
2559,144
2560,144
2561,144
2562,144
2563,144
2564,144
2565,144
2566,144
2567,144
2568,144
2569,144
2570,144
2571,144
2572,144
2573,144
2574,144
2575,144
2576,144
2577,144
2578,144
2579,144
2580,144
2581,144
2582,144
2583,144
2584,144
2585,144
2586,144
2587,144
2588,144
2589,144
2590,144
2591,144
2592,144
2593,144
2594,144
2595,144
2596,144
2597,144
2598,144
2599,144
2600,144
2601,144
2602,144
2603,144
2604,144
2605,144
2606,144
2607,144
2608,144
2609,144
2610,144
2611,144
2612,144
2613,144
2614,144
2615,144
2616,144
2617,144
2618,144
2619,144
2620,144
2621,144
2622,144
2623,144
2624,144
2625,144
2626,144
2627,144
2628,144
2629,144
2630,144
2631,144
2632,144
2633,144
2634,144
2635,144
2636,144
2637,144
2638,144
2639,144
2640,144
2641,144
2642,144
2643,144
2644,144
2645,144
2646,144
2647,144
2648,144
2649,144
2650,144
2651,144
2652,144
2653,144
2654,144
2655,144
2656,144
2657,144
2658,144
2659,144
2660,144
2661,144
2662,144
2663,144
2664,144
2665,144
2666,144
2667,144
2668,144
2669,144
2670,144
2671,144
2672,144
2673,144
2674,144
2675,144
2676,144
2677,144
2678,144
2679,144
2680,144
2681,144
2682,144
2683,144
2684,144
2685,144
2686,144
2687,144
2688,144
2689,144
2690,144
2691,144
2692,144
2693,144
2694,144
2695,144
2696,144
2697,144
2698,144
2699,144
2700,144
2701,145
