0,0
1,1
2,2
3,3
4,4
5,5
6,6
7,7
8,7
9,8
10,9
11,10
12,10
13,11
14,12
15,13
16,13
17,13
18,14
19,14
20,15
21,16
22,17
23,18
24,19
25,19
26,20
27,21
28,21
29,22
30,23
31,24
32,25
33,25
34,26
35,27
36,28
37,29
38,30
39,31
40,32
41,32
42,32
43,32
44,32
45,33
46,33
47,33
48,33
49,34
50,34
51,35
52,36
53,37
54,38
55,39
56,40
57,41
58,42
59,42
60,43
61,44
62,45
63,45
64,45
65,45
66,45
67,46
68,46
69,46
70,46
71,46
72,47
73,47
74,47
75,47
76,47
77,48
78,49
79,50
80,51
81,52
82,53
83,54
84,55
85,56
86,57
87,57
88,58
89,59
90,60
91,60
92,60
93,60
94,61
95,62
96,62
97,62
98,62
99,62
100,62
101,62
102,62
103,63
104,63
105,64
106,65
107,66
108,66
109,66
110,66
111,66
112,66
113,66
114,67
115,67
116,68
117,68
118,69
119,70
120,70
121,70
122,70
123,70
124,70
125,70
126,71
127,71
128,71
129,72
130,73
131,74
132,75
133,75
134,76
135,76
136,76
137,76
138,76
139,76
140,76
141,76
142,76
143,77
144,77
145,78
146,79
147,79
148,79
149,79
150,80
151,80
152,80
153,80
154,80
155,81
156,82
157,82
158,82
159,83
160,83
161,84
162,84
163,85
164,86
165,86
166,86
167,86
168,86
169,86
170,86
171,86
172,86
173,86
174,86
175,86
176,86
177,86
178,86
179,87
180,87
181,87
182,87
183,87
184,88
185,88
186,88
187,88
188,88
189,88
190,88
191,88
192,88
193,88
194,89
195,89
196,89
197,89
198,90
199,90
200,90
201,90
202,90
203,91
204,92
205,93
206,93
207,93
208,93
209,93
210,93
211,93
212,93
213,93
214,93
215,93
216,93
217,93
218,94
219,94
220,94
221,94
222,94
223,94
224,94
225,95
226,95
227,95
228,95
229,95
230,95
231,95
232,95
233,95
234,95
235,95
236,95
237,95
238,95
239,95
240,95
241,95
242,95
243,95
244,95
245,95
246,95
247,95
248,95
249,96
250,96
251,96
252,96
253,96
254,96
255,96
256,97
257,98
258,98
259,98
260,98
261,98
262,98
263,98
264,98
265,98
266,98
267,98
268,98
269,99
270,99
271,99
272,99
273,99
274,99
275,99
276,99
277,99
278,99
279,99
280,99
281,99
282,99
283,99
284,99
285,99
286,99
287,99
288,99
289,99
290,99
291,99
292,99
293,99
294,99
295,99
296,99
297,99
298,99
299,99
300,99
301,99
302,99
303,99
304,99
305,99
306,99
307,100
308,100
309,100
310,100
311,100
312,100
313,100
314,101
315,101
316,102
317,102
318,103
319,103
320,103
321,103
322,103
323,103
324,103
325,103
326,103
327,103
328,103
329,103
330,103
331,103
332,103
333,103
334,103
335,103
336,103
337,103
338,103
339,103
340,103
341,103
342,103
343,103
344,103
345,103
346,103
347,103
348,103
349,103
350,103
351,103
352,103
353,103
354,103
355,103
356,103
357,103
358,103
359,103
360,103
361,103
362,103
363,104
364,104
365,105
366,105
367,105
368,105
369,105
370,105
371,105
372,105
373,105
374,105
375,105
376,105
377,105
378,105
379,105
380,105
381,105
382,105
383,105
384,105
385,105
386,105
387,105
388,105
389,105
390,105
391,105
392,105
393,105
394,105
395,105
396,105
397,105
398,105
399,105
400,105
401,105
402,105
403,105
404,105
405,105
406,105
407,105
408,105
409,105
410,106
411,107
412,108
413,109
414,110
415,110
416,110
417,110
418,111
419,112
420,113
421,113
422,114
423,114
424,114
425,114
426,114
427,114
428,114
429,114
430,114
431,114
432,114
433,114
434,114
435,114
436,114
437,114
438,114
439,114
440,114
441,114
442,114
443,114
444,115
445,116
446,116
447,116
448,116
449,116
450,116
451,116
452,116
453,116
454,116
455,116
456,116
457,116
458,116
459,116
460,116
461,116
462,116
463,116
464,116
465,116
466,116
467,116
468,116
469,116
470,116
471,116
472,116
473,116
474,116
475,116
476,116
477,116
478,116
479,116
480,116
481,116
482,116
483,116
484,117
485,117
486,117
487,117
488,117
489,117
490,117
491,117
492,117
493,117
494,117
495,117
496,117
497,117
498,117
499,117
500,117
501,117
502,117
503,117
504,117
505,117
506,117
507,117
508,117
509,117
510,118
511,118
512,118
513,118
514,118
515,118
516,118
517,118
518,118
519,118
520,118
521,118
522,118
523,118
524,118
525,118
526,118
527,118
528,118
529,118
530,118
531,118
532,118
533,118
534,118
535,118
536,118
537,118
538,118
539,118
540,118
541,118
542,118
543,118
544,118
545,118
546,118
547,118
548,118
549,118
550,118
551,118
552,118
553,118
554,118
555,118
556,118
557,118
558,118
559,118
560,118
561,118
562,118
563,118
564,118
565,119
566,119
567,119
568,119
569,119
570,119
571,119
572,119
573,119
574,119
575,119
576,119
577,119
578,119
579,119
580,119
581,119
582,119
583,119
584,119
585,119
586,119
587,119
588,119
589,119
590,119
591,119
592,119
593,119
594,119
595,119
596,119
597,119
598,119
599,119
600,119
601,119
602,119
603,119
604,119
605,119
606,119
607,119
608,119
609,119
610,119
611,119
612,119
613,119
614,119
615,119
616,119
617,119
618,119
619,119
620,119
621,119
622,119
623,119
624,119
625,119
626,119
627,119
628,119
629,119
630,120
631,120
632,120
633,120
634,120
635,120
636,120
637,120
638,120
639,120
640,120
641,120
642,120
643,120
644,120
645,120
646,120
647,120
648,120
649,120
650,120
651,120
652,120
653,120
654,120
655,120
656,120
657,120
658,120
659,120
660,120
661,120
662,120
663,120
664,120
665,120
666,120
667,120
668,120
669,120
670,120
671,120
672,120
673,121
674,122
675,122
676,122
677,122
678,122
679,122
680,122
681,122
682,122
683,122
684,122
685,122
686,122
687,122
688,122
689,122
690,122
691,122
692,122
693,122
694,122
695,122
696,122
697,122
698,122
699,122
700,122
701,122
702,122
703,122
704,122
705,122
706,122
707,122
708,122
709,122
710,122
711,122
712,122
713,122
714,122
715,122
716,122
717,122
718,122
719,122
720,122
721,122
722,122
723,122
724,122
725,122
726,122
727,122
728,122
729,122
730,122
731,122
732,122
733,122
734,122
735,123
736,123
737,123
738,123
739,123
740,123
741,123
742,123
743,123
744,123
745,123
746,123
747,123
748,123
749,123
750,123
751,123
752,123
753,123
754,123
755,123
756,123
757,123
758,123
759,123
760,123
761,123
762,123
763,123
764,123
765,123
766,123
767,123
768,123
769,123
770,123
771,123
772,123
773,123
774,123
775,123
776,123
777,123
778,123
779,123
780,123
781,123
782,123
783,123
784,123
785,123
786,123
787,123
788,123
789,123
790,123
791,123
792,123
793,123
794,123
795,123
796,123
797,123
798,123
799,123
800,123
801,123
802,123
803,123
804,123
805,123
806,123
807,123
808,123
809,123
810,123
811,123
812,123
813,123
814,123
815,123
816,123
817,123
818,123
819,123
820,123
821,123
822,123
823,123
824,123
825,123
826,123
827,123
828,123
829,123
830,123
831,123
832,123
833,123
834,123
835,123
836,123
837,123
838,123
839,123
840,123
841,123
842,123
843,123
844,123
845,123
846,123
847,123
848,123
849,123
850,124
851,125
852,125
853,125
854,126
855,126
856,126
857,126
858,126
859,126
860,126
861,127
862,127
863,127
864,127
865,127
866,127
867,127
868,127
869,127
870,127
871,127
872,127
873,127
874,127
875,127
876,127
877,127
878,127
879,127
880,127
881,127
882,127
883,127
884,127
885,127
886,127
887,127
888,127
889,127
890,127
891,127
892,127
893,127
894,127
895,127
896,127
897,127
898,127
899,127
900,127
901,127
902,127
903,127
904,127
905,127
906,127
907,127
908,127
909,127
910,127
911,127
912,127
913,128
914,129
915,130
916,130
917,130
918,130
919,130
920,130
921,130
922,130
923,130
924,130
925,130
926,130
927,130
928,130
929,130
930,130
931,130
932,130
933,130
934,130
935,130
936,130
937,130
938,130
939,130
940,130
941,130
942,130
943,130
944,130
945,130
946,130
947,130
948,130
949,130
950,130
951,130
952,130
953,130
954,130
955,130
956,130
957,130
958,130
959,130
960,130
961,130
962,130
963,130
964,130
965,130
966,130
967,130
968,130
969,130
970,130
971,130
972,130
973,130
974,130
975,130
976,130
977,130
978,130
979,130
980,130
981,130
982,130
983,130
984,130
985,130
986,130
987,130
988,130
989,130
990,130
991,130
992,130
993,130
994,130
995,130
996,130
997,130
998,130
999,130
1000,130
1001,130
1002,130
1003,130
1004,130
1005,130
1006,130
1007,130
1008,130
1009,130
1010,130
1011,130
1012,130
1013,130
1014,130
1015,130
1016,130
1017,130
1018,130
1019,130
1020,130
1021,130
1022,130
1023,130
1024,130
1025,130
1026,130
1027,130
1028,130
1029,130
1030,130
1031,130
1032,130
1033,130
1034,130
1035,130
1036,130
1037,130
1038,130
1039,131
1040,131
1041,131
1042,131
1043,131
1044,132
1045,133
1046,133
1047,134
1048,134
1049,134
1050,135
1051,135
1052,135
1053,135
1054,135
1055,135
1056,135
1057,135
1058,135
1059,135
1060,135
1061,135
1062,135
1063,135
1064,135
1065,135
1066,135
1067,135
1068,135
1069,135
1070,135
1071,135
1072,135
1073,135
1074,135
1075,135
1076,135
1077,135
1078,135
1079,135
1080,135
1081,135
1082,135
1083,136
1084,136
1085,136
1086,136
1087,136
1088,136
1089,136
1090,136
1091,136
1092,136
1093,136
1094,136
1095,136
1096,136
1097,136
1098,136
1099,136
1100,136
1101,136
1102,136
1103,136
1104,136
1105,136
1106,136
1107,136
1108,136
1109,136
1110,136
1111,136
1112,136
1113,136
1114,136
1115,136
1116,136
1117,136
1118,136
1119,136
1120,136
1121,136
1122,136
1123,136
1124,136
1125,136
1126,136
1127,136
1128,136
1129,136
1130,136
1131,137
1132,137
1133,137
1134,137
1135,137
1136,137
1137,137
1138,137
1139,137
1140,137
1141,137
1142,137
1143,137
1144,137
1145,137
1146,137
1147,137
1148,137
1149,137
1150,137
1151,137
1152,137
1153,137
1154,137
1155,137
1156,137
1157,137
1158,137
1159,137
1160,137
1161,137
1162,137
1163,137
1164,137
1165,137
1166,138
1167,138
1168,138
1169,138
1170,138
1171,138
1172,138
1173,138
1174,138
1175,138
1176,138
1177,138
1178,138
1179,138
1180,138
1181,138
1182,138
1183,138
1184,138
1185,138
1186,138
1187,138
1188,138
1189,138
1190,138
1191,138
1192,138
1193,138
1194,138
1195,138
1196,138
1197,138
1198,138
1199,138
1200,138
1201,139
1202,139
1203,139
1204,139
1205,139
1206,139
1207,139
1208,139
1209,139
1210,139
1211,139
1212,139
1213,139
1214,139
1215,139
1216,139
1217,139
1218,139
1219,139
1220,139
1221,139
1222,139
1223,139
1224,139
1225,139
1226,139
1227,139
1228,139
1229,139
1230,139
1231,139
1232,139
1233,139
1234,139
1235,139
1236,139
1237,139
1238,139
1239,139
1240,139
1241,139
1242,139
1243,139
1244,139
1245,139
1246,139
1247,139
1248,139
1249,139
1250,139
1251,139
1252,139
1253,139
1254,139
1255,139
1256,139
1257,139
1258,139
1259,139
1260,139
1261,139
1262,139
1263,139
1264,139
1265,139
1266,139
1267,139
1268,139
1269,139
1270,139
1271,139
1272,139
1273,139
1274,139
1275,139
1276,139
1277,139
1278,139
1279,139
1280,139
1281,139
1282,139
1283,139
1284,139
1285,139
1286,139
1287,139
1288,139
1289,139
1290,139
1291,139
1292,139
1293,139
1294,139
1295,139
1296,139
1297,139
1298,139
1299,139
1300,139
1301,139
1302,139
1303,139
1304,139
1305,139
1306,139
1307,139
1308,139
1309,139
1310,139
1311,139
1312,139
1313,139
1314,139
1315,139
1316,139
1317,139
1318,139
1319,139
1320,139
1321,139
1322,139
1323,139
1324,139
1325,139
1326,139
1327,139
1328,139
1329,139
1330,139
1331,139
1332,139
1333,139
1334,139
1335,139
1336,139
1337,139
1338,139
1339,139
1340,139
1341,139
1342,139
1343,139
1344,139
1345,139
1346,139
1347,139
1348,139
1349,139
1350,139
1351,139
1352,139
1353,139
1354,139
1355,139
1356,139
1357,139
1358,139
1359,139
1360,139
1361,139
1362,139
1363,139
1364,139
1365,139
1366,139
1367,139
1368,139
1369,139
1370,139
1371,139
1372,139
1373,139
1374,139
1375,139
1376,140
1377,140
1378,140
1379,140
1380,140
1381,140
1382,140
1383,140
1384,140
1385,140
1386,140
1387,140
1388,140
1389,140
1390,140
1391,140
1392,140
1393,140
1394,140
1395,140
1396,140
1397,140
1398,140
1399,140
1400,140
1401,140
1402,140
1403,140
1404,140
1405,140
1406,140
1407,140
1408,140
1409,140
1410,140
1411,140
1412,140
1413,140
1414,140
1415,140
1416,140
1417,140
1418,140
1419,140
1420,140
1421,140
1422,140
1423,140
1424,140
1425,140
1426,140
1427,140
1428,140
1429,140
1430,140
1431,140
1432,140
1433,140
1434,140
1435,140
1436,140
1437,140
1438,140
1439,140
1440,140
1441,140
1442,140
1443,140
1444,140
1445,140
1446,140
1447,140
1448,140
1449,140
1450,140
1451,140
1452,140
1453,140
1454,140
1455,140
1456,140
1457,140
1458,140
1459,140
1460,140
1461,140
1462,140
1463,140
1464,140
1465,140
1466,140
1467,140
1468,140
1469,140
1470,140
1471,140
1472,140
1473,140
1474,140
1475,140
1476,140
1477,140
1478,140
1479,140
1480,140
1481,140
1482,140
1483,140
1484,140
1485,140
1486,140
1487,140
1488,140
1489,140
1490,140
1491,140
1492,140
1493,140
1494,140
1495,140
1496,140
1497,140
1498,140
1499,140
1500,140
1501,141
1502,141
1503,141
1504,141
1505,141
1506,141
1507,141
1508,141
1509,141
1510,141
1511,141
1512,141
1513,141
1514,141
1515,141
1516,141
1517,141
1518,141
1519,141
1520,141
1521,141
1522,141
1523,141
1524,141
1525,141
1526,141
1527,141
1528,141
1529,141
1530,141
1531,141
1532,141
1533,141
1534,141
1535,141
1536,141
1537,141
1538,141
1539,141
1540,141
1541,141
1542,141
1543,141
1544,141
1545,141
1546,141
1547,141
1548,141
1549,141
1550,141
1551,141
1552,141
1553,141
1554,141
1555,141
1556,141
1557,141
1558,141
1559,141
1560,141
1561,141
1562,141
1563,141
1564,141
1565,141
1566,141
1567,141
1568,141
1569,141
1570,141
1571,141
1572,141
1573,141
1574,141
1575,141
1576,141
1577,141
1578,141
1579,141
1580,141
1581,141
1582,141
1583,141
1584,141
1585,141
1586,141
1587,141
1588,141
1589,141
1590,141
1591,141
1592,141
1593,141
1594,141
1595,141
1596,141
1597,141
1598,141
1599,141
1600,141
1601,141
1602,141
1603,141
1604,141
1605,141
1606,141
1607,141
1608,141
1609,141
1610,141
1611,141
1612,141
1613,141
1614,141
1615,141
1616,141
1617,141
1618,141
1619,141
1620,141
1621,141
1622,141
1623,141
1624,141
1625,141
1626,141
1627,141
1628,141
1629,141
1630,141
1631,141
1632,141
1633,141
1634,141
1635,141
1636,141
1637,141
1638,141
1639,141
1640,141
1641,141
1642,141
1643,141
1644,141
1645,141
1646,141
1647,141
1648,141
1649,141
1650,141
1651,141
1652,141
1653,141
1654,141
1655,141
1656,141
1657,141
1658,141
1659,141
1660,141
1661,141
1662,141
1663,141
1664,141
1665,141
1666,141
1667,141
1668,141
1669,141
1670,141
1671,141
1672,141
1673,141
1674,141
1675,141
1676,141
1677,141
1678,141
1679,141
1680,141
1681,141
1682,141
1683,141
1684,141
1685,141
1686,141
1687,141
1688,141
1689,141
1690,141
1691,141
1692,141
1693,141
1694,141
1695,141
1696,141
1697,141
1698,141
1699,141
1700,141
1701,141
1702,141
1703,142
1704,143
1705,144
1706,144
1707,145
