0,0
1,1
2,2
3,3
4,4
5,5
6,6
7,7
8,8
9,9
10,10
11,11
12,12
13,13
14,14
15,15
16,16
17,17
18,17
19,18
20,19
21,19
22,20
23,21
24,22
25,23
26,24
27,25
28,25
29,25
30,26
31,27
32,28
33,29
34,29
35,30
36,31
37,32
38,33
39,33
40,33
41,34
42,35
43,36
44,37
45,38
46,39
47,40
48,41
49,41
50,42
51,43
52,44
53,44
54,45
55,46
56,47
57,48
58,48
59,48
60,49
61,50
62,51
63,51
64,51
65,52
66,52
67,52
68,52
69,52
70,52
71,52
72,52
73,52
74,52
75,53
76,53
77,54
78,54
79,54
80,54
81,54
82,55
83,56
84,57
85,57
86,57
87,58
88,58
89,58
90,59
91,59
92,60
93,61
94,62
95,63
96,64
97,65
98,66
99,67
100,68
101,69
102,69
103,70
104,70
105,71
106,72
107,73
108,73
109,73
110,73
111,74
112,74
113,74
114,74
115,74
116,75
117,75
118,76
119,76
120,76
121,77
122,77
123,77
124,77
125,78
126,79
127,79
128,79
129,79
130,80
131,80
132,81
133,81
134,81
135,81
136,81
137,81
138,81
139,81
140,81
141,82
142,83
143,84
144,85
145,86
146,87
147,87
148,87
149,87
150,87
151,87
152,87
153,88
154,88
155,88
156,89
157,90
158,90
159,91
160,91
161,91
162,91
163,91
164,91
165,92
166,93
167,93
168,94
169,95
170,96
171,97
172,97
173,97
174,98
175,99
176,99
177,100
178,100
179,100
180,100
181,100
182,100
183,101
184,101
185,101
186,101
187,101
188,101
189,101
190,101
191,102
192,102
193,102
194,103
195,103
196,103
197,103
198,103
199,103
200,103
201,104
202,104
203,105
204,105
205,105
206,105
207,105
208,105
209,105
210,105
211,105
212,105
213,106
214,106
215,106
216,106
217,106
218,106
219,107
220,107
221,107
222,107
223,107
224,108
225,108
226,108
227,108
228,108
229,108
230,108
231,108
232,108
233,108
234,108
235,108
236,108
237,108
238,109
239,110
240,111
241,111
242,111
243,111
244,111
245,111
246,111
247,111
248,111
249,111
250,112
251,112
252,112
253,112
254,113
255,113
256,113
257,113
258,114
259,114
260,114
261,114
262,114
263,114
264,114
265,114
266,114
267,114
268,114
269,114
270,114
271,115
272,116
273,116
274,116
275,116
276,117
277,117
278,117
279,117
280,117
281,117
282,117
283,117
284,117
285,117
286,117
287,117
288,117
289,117
290,117
291,117
292,117
293,117
294,117
295,117
296,117
297,117
298,117
299,117
300,117
301,117
302,117
303,117
304,117
305,117
306,117
307,117
308,118
309,118
310,118
311,118
312,118
313,118
314,118
315,118
316,118
317,118
318,118
319,118
320,118
321,118
322,118
323,118
324,119
325,119
326,119
327,119
328,119
329,119
330,119
331,119
332,119
333,119
334,119
335,119
336,119
337,120
338,120
339,120
340,120
341,120
342,120
343,120
344,120
345,120
346,120
347,120
348,120
349,120
350,120
351,120
352,120
353,120
354,120
355,120
356,120
357,120
358,120
359,120
360,120
361,120
362,120
363,120
364,120
365,120
366,120
367,120
368,120
369,120
370,120
371,120
372,120
373,120
374,120
375,120
376,120
377,120
378,120
379,120
380,120
381,120
382,120
383,120
384,120
385,120
386,120
387,120
388,120
389,120
390,120
391,120
392,120
393,120
394,120
395,120
396,120
397,120
398,120
399,120
400,120
401,120
402,120
403,120
404,120
405,120
406,120
407,120
408,120
409,120
410,120
411,120
412,120
413,120
414,120
415,120
416,120
417,120
418,120
419,120
420,120
421,120
422,120
423,121
424,121
425,121
426,121
427,121
428,121
429,121
430,121
431,121
432,122
433,123
434,123
435,124
436,124
437,124
438,124
439,124
440,124
441,124
442,124
443,124
444,124
445,124
446,124
447,124
448,124
449,124
450,124
451,124
452,124
453,124
454,124
455,125
456,125
457,125
458,125
459,125
460,125
461,125
462,125
463,125
464,125
465,125
466,125
467,125
468,125
469,125
470,125
471,125
472,125
473,125
474,125
475,125
476,125
477,125
478,125
479,125
480,125
481,125
482,125
483,125
484,125
485,126
486,126
487,126
488,126
489,126
490,126
491,126
492,126
493,126
494,126
495,126
496,126
497,126
498,126
499,126
500,126
501,126
502,126
503,126
504,126
505,126
506,126
507,126
508,126
509,126
510,126
511,126
512,126
513,126
514,126
515,126
516,126
517,126
518,126
519,126
520,126
521,126
522,126
523,126
524,126
525,126
526,126
527,126
528,126
529,126
530,126
531,126
532,126
533,126
534,126
535,126
536,126
537,126
538,126
539,126
540,126
541,126
542,126
543,126
544,126
545,126
546,126
547,126
548,126
549,126
550,126
551,126
552,126
553,126
554,126
555,126
556,126
557,126
558,126
559,126
560,126
561,126
562,126
563,126
564,126
565,126
566,126
567,126
568,126
569,126
570,126
571,126
572,126
573,126
574,126
575,126
576,126
577,126
578,126
579,126
580,126
581,126
582,126
583,126
584,126
585,126
586,126
587,126
588,126
589,126
590,126
591,126
592,126
593,126
594,126
595,126
596,126
597,127
598,127
599,127
600,127
601,127
602,127
603,127
604,127
605,127
606,127
607,127
608,127
609,127
610,127
611,127
612,127
613,127
614,127
615,127
616,127
617,127
618,127
619,127
620,127
621,127
622,127
623,127
624,127
625,127
626,127
627,127
628,127
629,127
630,127
631,127
632,127
633,127
634,127
635,127
636,127
637,127
638,127
639,127
640,127
641,127
642,127
643,127
644,127
645,127
646,127
647,127
648,127
649,127
650,127
651,127
652,127
653,127
654,127
655,127
656,127
657,127
658,127
659,127
660,127
661,127
662,127
663,127
664,127
665,127
666,127
667,127
668,127
669,127
670,127
671,127
672,127
673,127
674,127
675,127
676,127
677,127
678,127
679,127
680,127
681,127
682,127
683,127
684,127
685,127
686,127
687,127
688,127
689,127
690,127
691,127
692,127
693,127
694,127
695,127
696,127
697,127
698,127
699,127
700,127
701,127
702,127
703,127
704,127
705,127
706,127
707,127
708,127
709,127
710,127
711,127
712,127
713,127
714,127
715,127
716,127
717,127
718,127
719,127
720,127
721,127
722,127
723,127
724,127
725,127
726,127
727,127
728,127
729,127
730,127
731,127
732,127
733,127
734,127
735,127
736,127
737,127
738,127
739,127
740,127
741,127
742,127
743,127
744,127
745,127
746,127
747,127
748,127
749,127
750,127
751,127
752,127
753,127
754,127
755,127
756,127
757,127
758,127
759,127
760,127
761,127
762,127
763,127
764,127
765,127
766,127
767,127
768,127
769,127
770,127
771,127
772,127
773,127
774,127
775,127
776,127
777,127
778,127
779,127
780,127
781,127
782,127
783,127
784,127
785,127
786,128
787,128
788,128
789,128
790,128
791,128
792,128
793,128
794,128
795,128
796,128
797,128
798,128
799,128
800,128
801,128
802,128
803,128
804,128
805,128
806,128
807,128
808,128
809,128
810,128
811,128
812,128
813,128
814,128
815,128
816,128
817,128
818,128
819,128
820,128
821,128
822,128
823,128
824,128
825,128
826,128
827,128
828,128
829,128
830,128
831,128
832,128
833,128
834,128
835,128
836,128
837,128
838,128
839,128
840,128
841,128
842,128
843,128
844,128
845,128
846,128
847,128
848,128
849,128
850,128
851,128
852,128
853,128
854,128
855,128
856,128
857,128
858,128
859,128
860,128
861,128
862,128
863,128
864,128
865,128
866,128
867,128
868,128
869,128
870,128
871,128
872,128
873,128
874,128
875,128
876,128
877,128
878,128
879,128
880,128
881,128
882,128
883,128
884,128
885,128
886,128
887,128
888,128
889,128
890,128
891,128
892,128
893,128
894,128
895,128
896,128
897,128
898,128
899,128
900,128
901,128
902,128
903,128
904,128
905,128
906,128
907,128
908,128
909,128
910,128
911,128
912,128
913,128
914,128
915,128
916,128
917,128
918,128
919,128
920,128
921,128
922,128
923,128
924,128
925,128
926,128
927,128
928,128
929,128
930,128
931,128
932,128
933,128
934,128
935,128
936,128
937,128
938,128
939,128
940,128
941,128
942,128
943,128
944,128
945,128
946,128
947,128
948,128
949,128
950,128
951,128
952,128
953,128
954,128
955,128
956,128
957,128
958,128
959,128
960,128
961,128
962,128
963,128
964,128
965,128
966,128
967,128
968,128
969,128
970,128
971,128
972,128
973,128
974,128
975,128
976,128
977,128
978,128
979,128
980,128
981,128
982,128
983,128
984,128
985,128
986,128
987,128
988,128
989,128
990,128
991,128
992,128
993,128
994,128
995,128
996,128
997,128
998,128
999,128
1000,128
1001,128
1002,128
1003,128
1004,128
1005,128
1006,128
1007,128
1008,128
1009,128
1010,128
1011,128
1012,128
1013,128
1014,128
1015,128
1016,128
1017,128
1018,128
1019,128
1020,128
1021,128
1022,128
1023,128
1024,128
1025,128
1026,128
1027,128
1028,128
1029,128
1030,128
1031,128
1032,128
1033,128
1034,128
1035,128
1036,128
1037,128
1038,128
1039,128
1040,128
1041,128
1042,128
1043,128
1044,128
1045,128
1046,128
1047,128
1048,128
1049,128
1050,128
1051,128
1052,128
1053,128
1054,128
1055,128
1056,128
1057,128
1058,128
1059,128
1060,128
1061,128
1062,128
1063,128
1064,128
1065,128
1066,128
1067,128
1068,128
1069,128
1070,128
1071,128
1072,128
1073,128
1074,128
1075,128
1076,128
1077,128
1078,128
1079,128
1080,128
1081,128
1082,128
1083,128
1084,128
1085,128
1086,128
1087,128
1088,128
1089,128
1090,128
1091,128
1092,128
1093,128
1094,128
1095,128
1096,128
1097,128
1098,129
1099,130
1100,130
1101,130
1102,130
1103,130
1104,130
1105,130
1106,130
1107,130
1108,130
1109,130
1110,130
1111,131
1112,131
1113,132
1114,132
1115,132
1116,132
1117,133
1118,133
1119,133
1120,133
1121,133
1122,133
1123,133
1124,133
1125,133
1126,133
1127,133
1128,133
1129,133
1130,133
1131,133
1132,133
1133,133
1134,133
1135,133
1136,133
1137,133
1138,133
1139,133
1140,133
1141,133
1142,133
1143,133
1144,133
1145,133
1146,133
1147,133
1148,133
1149,133
1150,133
1151,133
1152,133
1153,133
1154,133
1155,133
1156,133
1157,133
1158,133
1159,133
1160,133
1161,133
1162,133
1163,133
1164,133
1165,133
1166,133
1167,133
1168,133
1169,133
1170,133
1171,133
1172,133
1173,133
1174,133
1175,133
1176,133
1177,133
1178,133
1179,133
1180,133
1181,133
1182,133
1183,133
1184,133
1185,133
1186,133
1187,133
1188,133
1189,133
1190,133
1191,133
1192,133
1193,133
1194,133
1195,133
1196,133
1197,133
1198,133
1199,133
1200,133
1201,133
1202,133
1203,133
1204,133
1205,133
1206,133
1207,133
1208,133
1209,133
1210,133
1211,133
1212,133
1213,133
1214,133
1215,133
1216,133
1217,133
1218,133
1219,133
1220,133
1221,133
1222,133
1223,133
1224,133
1225,133
1226,133
1227,133
1228,133
1229,133
1230,133
1231,133
1232,133
1233,133
1234,133
1235,133
1236,133
1237,133
1238,133
1239,133
1240,133
1241,133
1242,133
1243,133
1244,133
1245,133
1246,133
1247,133
1248,133
1249,133
1250,133
1251,133
1252,133
1253,133
1254,133
1255,133
1256,133
1257,133
1258,133
1259,133
1260,133
1261,133
1262,133
1263,133
1264,133
1265,133
1266,133
1267,133
1268,133
1269,133
1270,133
1271,133
1272,133
1273,133
1274,133
1275,133
1276,133
1277,133
1278,133
1279,133
1280,133
1281,133
1282,133
1283,133
1284,133
1285,133
1286,133
1287,133
1288,133
1289,133
1290,133
1291,133
1292,133
1293,133
1294,133
1295,133
1296,133
1297,133
1298,133
1299,133
1300,133
1301,134
1302,135
1303,135
1304,135
1305,135
1306,135
1307,135
1308,135
1309,135
1310,135
1311,135
1312,135
1313,135
1314,135
1315,135
1316,135
1317,135
1318,135
1319,135
1320,135
1321,135
1322,135
1323,135
1324,135
1325,135
1326,135
1327,135
1328,135
1329,135
1330,135
1331,135
1332,135
1333,135
1334,135
1335,135
1336,135
1337,135
1338,135
1339,135
1340,135
1341,135
1342,135
1343,135
1344,135
1345,135
1346,135
1347,135
1348,135
1349,135
1350,135
1351,135
1352,135
1353,135
1354,135
1355,135
1356,135
1357,135
1358,135
1359,135
1360,135
1361,135
1362,135
1363,135
1364,135
1365,135
1366,135
1367,135
1368,135
1369,135
1370,135
1371,135
1372,135
1373,135
1374,135
1375,135
1376,135
1377,135
1378,135
1379,135
1380,135
1381,135
1382,135
1383,135
1384,135
1385,135
1386,135
1387,135
1388,135
1389,135
1390,135
1391,135
1392,135
1393,135
1394,135
1395,135
1396,135
1397,135
1398,135
1399,135
1400,135
1401,135
1402,135
1403,135
1404,135
1405,135
1406,135
1407,135
1408,135
1409,135
1410,135
1411,135
1412,135
1413,135
1414,135
1415,135
1416,135
1417,136
1418,137
1419,138
1420,138
1421,139
1422,139
1423,139
1424,139
1425,139
1426,139
1427,139
1428,139
1429,139
1430,139
1431,139
1432,139
1433,139
1434,139
1435,139
1436,139
1437,139
1438,139
1439,139
1440,139
1441,139
1442,139
1443,139
1444,139
1445,139
1446,139
1447,139
1448,139
1449,139
1450,139
1451,139
1452,139
1453,139
1454,139
1455,139
1456,139
1457,139
1458,139
1459,139
1460,139
1461,139
1462,139
1463,139
1464,139
1465,139
1466,139
1467,139
1468,139
1469,139
1470,139
1471,139
1472,139
1473,139
1474,139
1475,139
1476,139
1477,139
1478,139
1479,139
1480,139
1481,139
1482,139
1483,139
1484,139
1485,139
1486,139
1487,139
1488,139
1489,139
1490,139
1491,139
1492,139
1493,139
1494,139
1495,139
1496,139
1497,139
1498,140
1499,140
1500,140
1501,140
1502,140
1503,140
1504,140
1505,140
1506,140
1507,140
1508,140
1509,140
1510,140
1511,140
1512,140
1513,140
1514,140
1515,140
1516,140
1517,140
1518,140
1519,140
1520,140
1521,140
1522,140
1523,140
1524,140
1525,140
1526,140
1527,140
1528,140
1529,140
1530,140
1531,140
1532,140
1533,140
1534,140
1535,140
1536,140
1537,140
1538,140
1539,140
1540,140
1541,140
1542,140
1543,140
1544,140
1545,140
1546,140
1547,140
1548,140
1549,140
1550,140
1551,140
1552,140
1553,140
1554,140
1555,140
1556,140
1557,140
1558,140
1559,140
1560,140
1561,140
1562,140
1563,140
1564,140
1565,140
1566,140
1567,140
1568,140
1569,140
1570,140
1571,140
1572,140
1573,140
1574,140
1575,140
1576,140
1577,140
1578,140
1579,140
1580,140
1581,140
1582,140
1583,140
1584,140
1585,140
1586,140
1587,140
1588,140
1589,140
1590,140
1591,140
1592,140
1593,140
1594,140
1595,140
1596,140
1597,140
1598,140
1599,140
1600,140
1601,140
1602,140
1603,140
1604,140
1605,140
1606,140
1607,140
1608,140
1609,140
1610,140
1611,140
1612,140
1613,140
1614,140
1615,140
1616,140
1617,140
1618,140
1619,140
1620,140
1621,140
1622,140
1623,140
1624,140
1625,140
1626,140
1627,140
1628,140
1629,140
1630,140
1631,140
1632,140
1633,140
1634,140
1635,140
1636,140
1637,140
1638,140
1639,140
1640,140
1641,140
1642,140
1643,140
1644,140
1645,140
1646,140
1647,140
1648,140
1649,140
1650,140
1651,140
1652,140
1653,140
1654,140
1655,140
1656,140
1657,140
1658,140
1659,140
1660,140
1661,140
1662,140
1663,140
1664,140
1665,140
1666,140
1667,140
1668,140
1669,140
1670,140
1671,140
1672,140
1673,140
1674,140
1675,140
1676,140
1677,140
1678,140
1679,140
1680,140
1681,140
1682,140
1683,140
1684,140
1685,140
1686,140
1687,140
1688,140
1689,140
1690,140
1691,140
1692,140
1693,140
1694,140
1695,140
1696,140
1697,140
1698,140
1699,140
1700,140
1701,140
1702,140
1703,140
1704,140
1705,140
1706,140
1707,140
1708,140
1709,140
1710,140
1711,140
1712,140
1713,140
1714,140
1715,140
1716,140
1717,140
1718,140
1719,140
1720,140
1721,140
1722,140
1723,140
1724,140
1725,140
1726,140
1727,140
1728,140
1729,140
1730,140
1731,140
1732,140
1733,140
1734,140
1735,140
1736,140
1737,140
1738,140
1739,140
1740,140
1741,140
1742,140
1743,140
1744,140
1745,140
1746,140
1747,140
1748,140
1749,140
1750,140
1751,140
1752,140
1753,140
1754,140
1755,140
1756,140
1757,140
1758,140
1759,140
1760,140
1761,140
1762,140
1763,140
1764,140
1765,140
1766,140
1767,140
1768,140
1769,140
1770,140
1771,140
1772,140
1773,140
1774,140
1775,140
1776,140
1777,140
1778,140
1779,140
1780,140
1781,140
1782,140
1783,140
1784,140
1785,140
1786,140
1787,140
1788,140
1789,140
1790,140
1791,140
1792,140
1793,140
1794,140
1795,140
1796,140
1797,140
1798,140
1799,140
1800,140
1801,140
1802,140
1803,140
1804,140
1805,140
1806,140
1807,140
1808,140
1809,140
1810,140
1811,140
1812,140
1813,140
1814,140
1815,140
1816,140
1817,140
1818,140
1819,140
1820,140
1821,140
1822,140
1823,140
1824,140
1825,140
1826,140
1827,140
1828,140
1829,140
1830,140
1831,140
1832,140
1833,140
1834,140
1835,140
1836,140
1837,140
1838,140
1839,140
1840,140
1841,140
1842,140
1843,140
1844,140
1845,140
1846,140
1847,140
1848,140
1849,140
1850,140
1851,140
1852,140
1853,140
1854,140
1855,140
1856,140
1857,140
1858,140
1859,140
1860,140
1861,140
1862,140
1863,140
1864,140
1865,140
1866,140
1867,140
1868,140
1869,140
1870,140
1871,140
1872,140
1873,140
1874,140
1875,140
1876,140
1877,140
1878,140
1879,140
1880,140
1881,140
1882,140
1883,140
1884,140
1885,140
1886,140
1887,140
1888,140
1889,140
1890,140
1891,140
1892,140
1893,140
1894,140
1895,140
1896,140
1897,140
1898,140
1899,140
1900,140
1901,140
1902,140
1903,140
1904,140
1905,140
1906,140
1907,140
1908,140
1909,140
1910,140
1911,140
1912,140
1913,140
1914,140
1915,140
1916,140
1917,140
1918,140
1919,140
1920,140
1921,140
1922,140
1923,140
1924,140
1925,140
1926,140
1927,140
1928,140
1929,140
1930,140
1931,140
1932,140
1933,140
1934,140
1935,140
1936,140
1937,140
1938,140
1939,140
1940,140
1941,140
1942,140
1943,140
1944,140
1945,140
1946,140
1947,140
1948,140
1949,140
1950,140
1951,140
1952,140
1953,140
1954,140
1955,140
1956,140
1957,140
1958,140
1959,140
1960,140
1961,140
1962,140
1963,140
1964,140
1965,140
1966,140
1967,140
1968,140
1969,140
1970,140
1971,140
1972,140
1973,140
1974,140
1975,140
1976,140
1977,140
1978,140
1979,140
1980,140
1981,140
1982,140
1983,140
1984,140
1985,140
1986,140
1987,140
1988,140
1989,140
1990,140
1991,140
1992,140
1993,140
1994,140
1995,140
1996,140
1997,140
1998,140
1999,140
2000,140
2001,140
2002,140
2003,140
2004,140
2005,140
2006,140
2007,140
2008,140
2009,140
2010,140
2011,140
2012,140
2013,140
2014,140
2015,140
2016,140
2017,140
2018,140
2019,140
2020,140
2021,140
2022,140
2023,140
2024,140
2025,140
2026,140
2027,140
2028,140
2029,140
2030,140
2031,140
2032,140
2033,140
2034,140
2035,140
2036,140
2037,140
2038,140
2039,140
2040,140
2041,140
2042,140
2043,140
2044,140
2045,140
2046,140
2047,140
2048,140
2049,140
2050,140
2051,140
2052,140
2053,140
2054,140
2055,140
2056,140
2057,140
2058,140
2059,140
2060,140
2061,140
2062,140
2063,140
2064,140
2065,140
2066,140
2067,140
2068,140
2069,140
2070,140
2071,140
2072,140
2073,140
2074,140
2075,140
2076,140
2077,140
2078,140
2079,140
2080,140
2081,140
2082,140
2083,140
2084,140
2085,140
2086,140
2087,140
2088,140
2089,140
2090,141
2091,141
2092,142
2093,142
2094,142
2095,142
2096,142
2097,142
2098,142
2099,142
2100,142
2101,142
2102,142
2103,142
2104,142
2105,142
2106,142
2107,142
2108,142
2109,142
2110,142
2111,142
2112,142
2113,142
2114,142
2115,142
2116,142
2117,142
2118,142
2119,142
2120,142
2121,142
2122,142
2123,142
2124,142
2125,142
2126,142
2127,142
2128,142
2129,142
2130,142
2131,142
2132,142
2133,142
2134,142
2135,142
2136,142
2137,142
2138,142
2139,142
2140,142
2141,142
2142,142
2143,142
2144,142
2145,142
2146,142
2147,142
2148,142
2149,142
2150,142
2151,142
2152,142
2153,142
2154,142
2155,142
2156,142
2157,142
2158,142
2159,142
2160,142
2161,142
2162,142
2163,142
2164,142
2165,142
2166,142
2167,142
2168,142
2169,142
2170,142
2171,142
2172,142
2173,142
2174,142
2175,142
2176,142
2177,142
2178,142
2179,142
2180,142
2181,142
2182,142
2183,142
2184,142
2185,142
2186,142
2187,142
2188,142
2189,142
2190,142
2191,142
2192,142
2193,142
2194,142
2195,142
2196,142
2197,142
2198,142
2199,142
2200,142
2201,142
2202,142
2203,142
2204,142
2205,142
2206,142
2207,142
2208,142
2209,142
2210,142
2211,142
2212,142
2213,142
2214,142
2215,142
2216,142
2217,142
2218,142
2219,142
2220,142
2221,142
2222,142
2223,142
2224,142
2225,142
2226,142
2227,142
2228,142
2229,142
2230,142
2231,142
2232,142
2233,142
2234,142
2235,142
2236,142
2237,142
2238,142
2239,142
2240,142
2241,142
2242,142
2243,142
2244,142
2245,142
2246,142
2247,142
2248,142
2249,142
2250,142
2251,142
2252,142
2253,142
2254,142
2255,142
2256,142
2257,142
2258,142
2259,142
2260,142
2261,142
2262,142
2263,142
2264,142
2265,142
2266,142
2267,142
2268,142
2269,142
2270,142
2271,142
2272,142
2273,142
2274,142
2275,142
2276,142
2277,142
2278,142
2279,142
2280,142
2281,142
2282,142
2283,142
2284,142
2285,142
2286,142
2287,142
2288,142
2289,142
2290,142
2291,142
2292,142
2293,142
2294,142
2295,142
2296,142
2297,142
2298,142
2299,142
2300,142
2301,142
2302,142
2303,142
2304,142
2305,142
2306,142
2307,142
2308,142
2309,142
2310,142
2311,142
2312,142
2313,142
2314,142
2315,142
2316,142
2317,142
2318,142
2319,142
2320,142
2321,142
2322,142
2323,142
2324,142
2325,142
2326,142
2327,142
2328,142
2329,142
2330,142
2331,142
2332,142
2333,142
2334,142
2335,142
2336,142
2337,142
2338,142
2339,142
2340,142
2341,142
2342,142
2343,142
2344,142
2345,142
2346,142
2347,142
2348,142
2349,142
2350,142
2351,142
2352,142
2353,142
2354,142
2355,142
2356,142
2357,142
2358,142
2359,142
2360,142
2361,142
2362,142
2363,142
2364,142
2365,142
2366,142
2367,142
2368,142
2369,142
2370,142
2371,142
2372,142
2373,142
2374,142
2375,142
2376,142
2377,142
2378,142
2379,142
2380,142
2381,142
2382,142
2383,142
2384,142
2385,142
2386,142
2387,142
2388,142
2389,142
2390,142
2391,142
2392,142
2393,142
2394,142
2395,142
2396,142
2397,142
2398,142
2399,142
2400,142
2401,142
2402,142
2403,142
2404,142
2405,142
2406,142
2407,142
2408,142
2409,142
2410,142
2411,142
2412,142
2413,142
2414,142
2415,142
2416,142
2417,142
2418,142
2419,142
2420,142
2421,142
2422,142
2423,142
2424,142
2425,142
2426,142
2427,142
2428,142
2429,142
2430,142
2431,142
2432,142
2433,142
2434,142
2435,142
2436,142
2437,142
2438,142
2439,142
2440,142
2441,142
2442,142
2443,142
2444,142
2445,142
2446,142
2447,142
2448,142
2449,142
2450,142
2451,142
2452,142
2453,142
2454,142
2455,142
2456,142
2457,142
2458,142
2459,142
2460,142
2461,142
2462,142
2463,142
2464,142
2465,142
2466,142
2467,142
2468,142
2469,142
2470,142
2471,142
2472,142
2473,142
2474,142
2475,142
2476,142
2477,142
2478,142
2479,142
2480,142
2481,142
2482,142
2483,142
2484,142
2485,142
2486,142
2487,142
2488,142
2489,142
2490,142
2491,142
2492,142
2493,142
2494,142
2495,142
2496,142
2497,142
2498,142
2499,142
2500,142
2501,142
2502,142
2503,142
2504,142
2505,142
2506,142
2507,142
2508,142
2509,142
2510,142
2511,142
2512,142
2513,142
2514,142
2515,142
2516,142
2517,142
2518,142
2519,142
2520,142
2521,142
2522,142
2523,142
2524,142
2525,142
2526,142
2527,142
2528,142
2529,142
2530,142
2531,142
2532,142
2533,142
2534,142
2535,142
2536,142
2537,142
2538,142
2539,142
2540,142
2541,142
2542,142
2543,142
2544,142
2545,142
2546,142
2547,142
2548,142
2549,142
2550,142
2551,142
2552,142
2553,142
2554,142
2555,142
2556,142
2557,142
2558,142
2559,142
2560,142
2561,142
2562,142
2563,143
2564,143
2565,143
2566,143
2567,143
2568,143
2569,143
2570,143
2571,143
2572,143
2573,143
2574,143
2575,143
2576,143
2577,143
2578,143
2579,143
2580,143
2581,143
2582,143
2583,143
2584,143
2585,143
2586,143
2587,143
2588,143
2589,143
2590,143
2591,143
2592,143
2593,143
2594,143
2595,143
2596,143
2597,143
2598,143
2599,143
2600,143
2601,143
2602,143
2603,143
2604,143
2605,143
2606,143
2607,143
2608,143
2609,143
2610,143
2611,143
2612,143
2613,143
2614,143
2615,143
2616,143
2617,143
2618,143
2619,143
2620,143
2621,143
2622,143
2623,143
2624,143
2625,143
2626,143
2627,143
2628,143
2629,143
2630,143
2631,143
2632,143
2633,143
2634,143
2635,143
2636,143
2637,143
2638,143
2639,143
2640,143
2641,143
2642,143
2643,143
2644,143
2645,143
2646,143
2647,143
2648,143
2649,143
2650,143
2651,143
2652,143
2653,143
2654,143
2655,143
2656,143
2657,143
2658,143
2659,143
2660,143
2661,143
2662,143
2663,143
2664,143
2665,143
2666,143
2667,143
2668,143
2669,143
2670,143
2671,143
2672,143
2673,143
2674,143
2675,143
2676,143
2677,143
2678,143
2679,143
2680,143
2681,143
2682,143
2683,143
2684,143
2685,143
2686,143
2687,143
2688,143
2689,143
2690,143
2691,143
2692,143
2693,143
2694,143
2695,143
2696,143
2697,143
2698,143
2699,143
2700,143
2701,143
2702,143
2703,143
2704,143
2705,143
2706,143
2707,143
2708,143
2709,143
2710,143
2711,143
2712,143
2713,143
2714,143
2715,143
2716,143
2717,143
2718,143
2719,143
2720,143
2721,143
2722,143
2723,143
2724,143
2725,143
2726,143
2727,143
2728,143
2729,143
2730,143
2731,143
2732,143
2733,143
2734,143
2735,143
2736,143
2737,143
2738,143
2739,143
2740,143
2741,143
2742,143
2743,143
2744,143
2745,143
2746,143
2747,143
2748,143
2749,143
2750,143
2751,143
2752,143
2753,143
2754,143
2755,143
2756,143
2757,143
2758,143
2759,143
2760,143
2761,143
2762,143
2763,143
2764,143
2765,143
2766,143
2767,143
2768,143
2769,143
2770,143
2771,143
2772,143
2773,143
2774,143
2775,143
2776,143
2777,143
2778,143
2779,143
2780,143
2781,143
2782,143
2783,143
2784,143
2785,143
2786,143
2787,143
2788,143
2789,143
2790,143
2791,143
2792,143
2793,143
2794,143
2795,143
2796,143
2797,143
2798,143
2799,143
2800,143
2801,143
2802,143
2803,143
2804,143
2805,143
2806,143
2807,143
2808,143
2809,143
2810,143
2811,143
2812,143
2813,143
2814,143
2815,143
2816,143
2817,143
2818,143
2819,143
2820,143
2821,143
2822,143
2823,143
2824,143
2825,143
2826,143
2827,143
2828,143
2829,143
2830,143
2831,143
2832,143
2833,143
2834,143
2835,143
2836,143
2837,143
2838,143
2839,143
2840,143
2841,143
2842,143
2843,143
2844,143
2845,143
2846,143
2847,143
2848,143
2849,143
2850,143
2851,143
2852,143
2853,143
2854,143
2855,143
2856,143
2857,143
2858,143
2859,143
2860,143
2861,143
2862,143
2863,143
2864,143
2865,143
2866,143
2867,143
2868,143
2869,143
2870,143
2871,143
2872,143
2873,143
2874,143
2875,143
2876,143
2877,143
2878,143
2879,143
2880,143
2881,143
2882,143
2883,143
2884,143
2885,143
2886,143
2887,143
2888,143
2889,143
2890,143
2891,143
2892,143
2893,143
2894,143
2895,143
2896,143
2897,143
2898,143
2899,143
2900,143
2901,143
2902,143
2903,143
2904,143
2905,143
2906,143
2907,143
2908,143
2909,143
2910,143
2911,143
2912,143
2913,143
2914,143
2915,143
2916,143
2917,143
2918,143
2919,143
2920,143
2921,143
2922,143
2923,143
2924,143
2925,143
2926,143
2927,143
2928,143
2929,143
2930,143
2931,143
2932,143
2933,143
2934,143
2935,143
2936,143
2937,143
2938,143
2939,143
2940,143
2941,143
2942,143
2943,143
2944,143
2945,144
2946,144
2947,144
2948,144
2949,144
2950,144
2951,144
2952,144
2953,144
2954,144
2955,144
2956,144
2957,144
2958,144
2959,144
2960,144
2961,144
2962,144
2963,144
2964,144
2965,144
2966,144
2967,144
2968,144
2969,144
2970,144
2971,144
2972,144
2973,144
2974,144
2975,144
2976,144
2977,144
2978,144
2979,144
2980,144
2981,144
2982,144
2983,144
2984,144
2985,144
2986,144
2987,144
2988,144
2989,144
2990,144
2991,144
2992,144
2993,144
2994,144
2995,144
2996,144
2997,144
2998,144
2999,144
3000,144
3001,144
3002,144
3003,144
3004,144
3005,144
3006,144
3007,144
3008,144
3009,144
3010,144
3011,144
3012,144
3013,144
3014,144
3015,144
3016,144
3017,144
3018,144
3019,144
3020,144
3021,144
3022,144
3023,144
3024,144
3025,144
3026,144
3027,144
3028,144
3029,144
3030,144
3031,144
3032,144
3033,144
3034,144
3035,144
3036,144
3037,144
3038,144
3039,144
3040,144
3041,144
3042,144
3043,144
3044,144
3045,144
3046,144
3047,144
3048,144
3049,144
3050,144
3051,144
3052,144
3053,144
3054,144
3055,144
3056,144
3057,144
3058,144
3059,144
3060,144
3061,144
3062,144
3063,144
3064,144
3065,144
3066,144
3067,144
3068,144
3069,144
3070,144
3071,144
3072,144
3073,144
3074,144
3075,144
3076,144
3077,144
3078,144
3079,144
3080,144
3081,144
3082,144
3083,144
3084,144
3085,144
3086,144
3087,144
3088,144
3089,144
3090,144
3091,144
3092,144
3093,144
3094,144
3095,144
3096,144
3097,144
3098,144
3099,144
3100,144
3101,144
3102,144
3103,144
3104,144
3105,144
3106,144
3107,144
3108,144
3109,144
3110,144
3111,144
3112,144
3113,144
3114,144
3115,144
3116,144
3117,144
3118,144
3119,144
3120,144
3121,144
3122,144
3123,144
3124,144
3125,144
3126,144
3127,144
3128,144
3129,144
3130,144
3131,144
3132,144
3133,144
3134,144
3135,144
3136,144
3137,144
3138,144
3139,144
3140,144
3141,144
3142,144
3143,144
3144,144
3145,144
3146,144
3147,144
3148,144
3149,144
3150,144
3151,144
3152,144
3153,144
3154,144
3155,144
3156,144
3157,144
3158,144
3159,144
3160,144
3161,144
3162,144
3163,144
3164,144
3165,144
3166,144
3167,144
3168,144
3169,144
3170,144
3171,144
3172,144
3173,144
3174,144
3175,144
3176,144
3177,144
3178,144
3179,144
3180,144
3181,144
3182,144
3183,144
3184,144
3185,144
3186,144
3187,144
3188,144
3189,144
3190,144
3191,144
3192,144
3193,144
3194,144
3195,144
3196,144
3197,144
3198,144
3199,144
3200,144
3201,144
3202,144
3203,144
3204,144
3205,144
3206,144
3207,144
3208,144
3209,144
3210,144
3211,144
3212,144
3213,144
3214,144
3215,144
3216,144
3217,144
3218,144
3219,144
3220,144
3221,144
3222,144
3223,144
3224,144
3225,144
3226,144
3227,144
3228,144
3229,144
3230,144
3231,144
3232,144
3233,144
3234,144
3235,144
3236,144
3237,144
3238,144
3239,144
3240,144
3241,144
3242,144
3243,144
3244,144
3245,144
3246,144
3247,144
3248,144
3249,144
3250,144
3251,144
3252,144
3253,144
3254,144
3255,144
3256,144
3257,144
3258,144
3259,144
3260,144
3261,144
3262,144
3263,144
3264,144
3265,144
3266,144
3267,144
3268,144
3269,144
3270,144
3271,144
3272,144
3273,144
3274,144
3275,144
3276,144
3277,144
3278,144
3279,144
3280,144
3281,144
3282,144
3283,144
3284,144
3285,144
3286,144
3287,144
3288,144
3289,144
3290,144
3291,144
3292,144
3293,144
3294,144
3295,144
3296,144
3297,144
3298,144
3299,144
3300,144
3301,144
3302,144
3303,144
3304,144
3305,144
3306,144
3307,144
3308,144
3309,144
3310,144
3311,144
3312,144
3313,144
3314,144
3315,144
3316,144
3317,144
3318,144
3319,144
3320,144
3321,144
3322,144
3323,144
3324,144
3325,144
3326,144
3327,144
3328,144
3329,144
3330,144
3331,144
3332,144
3333,144
3334,144
3335,144
3336,144
3337,144
3338,144
3339,144
3340,144
3341,144
3342,144
3343,144
3344,144
3345,144
3346,144
3347,144
3348,144
3349,144
3350,144
3351,144
3352,144
3353,144
3354,144
3355,144
3356,144
3357,144
3358,144
3359,144
3360,144
3361,144
3362,144
3363,144
3364,144
3365,144
3366,144
3367,144
3368,144
3369,144
3370,144
3371,144
3372,144
3373,144
3374,144
3375,144
3376,144
3377,144
3378,144
3379,144
3380,144
3381,144
3382,144
3383,144
3384,144
3385,144
3386,144
3387,144
3388,144
3389,144
3390,144
3391,144
3392,144
3393,144
3394,144
3395,144
3396,144
3397,144
3398,144
3399,144
3400,144
3401,144
3402,144
3403,144
3404,144
3405,144
3406,144
3407,144
3408,144
3409,144
3410,144
3411,144
3412,144
3413,144
3414,144
3415,144
3416,144
3417,144
3418,144
3419,144
3420,144
3421,144
3422,144
3423,144
3424,144
3425,144
3426,144
3427,144
3428,144
3429,144
3430,144
3431,144
3432,144
3433,144
3434,144
3435,144
3436,144
3437,144
3438,144
3439,144
3440,144
3441,144
3442,144
3443,144
3444,144
3445,144
3446,144
3447,144
3448,144
3449,144
3450,144
3451,144
3452,144
3453,144
3454,144
3455,144
3456,144
3457,144
3458,144
3459,144
3460,144
3461,144
3462,144
3463,144
3464,144
3465,144
3466,144
3467,144
3468,144
3469,144
3470,144
3471,144
3472,144
3473,144
3474,144
3475,144
3476,144
3477,144
3478,144
3479,144
3480,144
3481,144
3482,144
3483,144
3484,144
3485,144
3486,144
3487,144
3488,144
3489,144
3490,144
3491,144
3492,144
3493,144
3494,144
3495,144
3496,144
3497,144
3498,144
3499,144
3500,144
3501,144
3502,144
3503,144
3504,144
3505,144
3506,144
3507,144
3508,144
3509,144
3510,144
3511,144
3512,144
3513,144
3514,144
3515,144
3516,144
3517,144
3518,144
3519,144
3520,144
3521,144
3522,144
3523,144
3524,144
3525,144
3526,144
3527,144
3528,144
3529,144
3530,144
3531,144
3532,144
3533,144
3534,144
3535,144
3536,144
3537,144
3538,144
3539,144
3540,144
3541,144
3542,144
3543,144
3544,144
3545,144
3546,144
3547,144
3548,144
3549,144
3550,144
3551,144
3552,144
3553,144
3554,144
3555,144
3556,144
3557,144
3558,144
3559,144
3560,144
3561,144
3562,144
3563,144
3564,144
3565,144
3566,144
3567,144
3568,144
3569,144
3570,144
3571,144
3572,144
3573,144
3574,144
3575,144
3576,144
3577,144
3578,144
3579,144
3580,144
3581,144
3582,144
3583,144
3584,144
3585,144
3586,144
3587,144
3588,144
3589,144
3590,144
3591,144
3592,144
3593,144
3594,144
3595,144
3596,144
3597,144
3598,144
3599,144
3600,144
3601,144
3602,144
3603,144
3604,144
3605,144
3606,144
3607,144
3608,144
3609,144
3610,144
3611,144
3612,144
3613,144
3614,144
3615,144
3616,144
3617,144
3618,144
3619,144
3620,144
3621,144
3622,144
3623,144
3624,144
3625,144
3626,144
3627,144
3628,144
3629,144
3630,144
3631,144
3632,144
3633,144
3634,144
3635,144
3636,144
3637,144
3638,144
3639,144
3640,144
3641,144
3642,144
3643,144
3644,144
3645,144
3646,144
3647,144
3648,144
3649,144
3650,144
3651,144
3652,144
3653,144
3654,144
3655,144
3656,144
3657,144
3658,144
3659,144
3660,144
3661,144
3662,144
3663,144
3664,144
3665,144
3666,144
3667,144
3668,144
3669,144
3670,144
3671,144
3672,144
3673,144
3674,144
3675,144
3676,144
3677,144
3678,144
3679,144
3680,144
3681,144
3682,144
3683,144
3684,144
3685,144
3686,144
3687,144
3688,144
3689,144
3690,144
3691,144
3692,144
3693,144
3694,144
3695,144
3696,144
3697,144
3698,144
3699,144
3700,144
3701,144
3702,144
3703,144
3704,144
3705,144
3706,144
3707,144
3708,144
3709,144
3710,144
3711,144
3712,144
3713,144
3714,144
3715,144
3716,144
3717,144
3718,144
3719,144
3720,144
3721,144
3722,144
3723,144
3724,144
3725,144
3726,144
3727,144
3728,144
3729,144
3730,144
3731,144
3732,144
3733,144
3734,144
3735,144
3736,144
3737,144
3738,144
3739,144
3740,144
3741,144
3742,144
3743,144
3744,144
3745,144
3746,144
3747,144
3748,144
3749,144
3750,144
3751,144
3752,144
3753,144
3754,144
3755,144
3756,144
3757,144
3758,144
3759,144
3760,144
3761,144
3762,144
3763,144
3764,144
3765,144
3766,144
3767,144
3768,144
3769,144
3770,144
3771,144
3772,144
3773,144
3774,144
3775,144
3776,144
3777,144
3778,144
3779,144
3780,144
3781,144
3782,144
3783,144
3784,144
3785,144
3786,144
3787,144
3788,144
3789,144
3790,144
3791,144
3792,144
3793,144
3794,144
3795,144
3796,144
3797,144
3798,144
3799,144
3800,144
3801,144
3802,144
3803,144
3804,144
3805,144
3806,144
3807,144
3808,144
3809,144
3810,144
3811,144
3812,144
3813,144
3814,144
3815,144
3816,144
3817,144
3818,144
3819,144
3820,144
3821,144
3822,144
3823,144
3824,144
3825,144
3826,144
3827,144
3828,144
3829,144
3830,144
3831,144
3832,144
3833,144
3834,144
3835,144
3836,144
3837,144
3838,144
3839,144
3840,144
3841,144
3842,144
3843,144
3844,144
3845,144
3846,144
3847,144
3848,144
3849,144
3850,144
3851,144
3852,144
3853,144
3854,144
3855,144
3856,144
3857,144
3858,144
3859,144
3860,144
3861,144
3862,144
3863,144
3864,144
3865,144
3866,144
3867,144
3868,144
3869,144
3870,144
3871,144
3872,144
3873,144
3874,144
3875,144
3876,144
3877,144
3878,144
3879,144
3880,144
3881,144
3882,144
3883,144
3884,144
3885,144
3886,144
3887,144
3888,144
3889,144
3890,144
3891,144
3892,144
3893,144
3894,144
3895,144
3896,144
3897,144
3898,144
3899,144
3900,144
3901,144
3902,144
3903,144
3904,144
3905,144
3906,144
3907,144
3908,144
3909,144
3910,144
3911,144
3912,144
3913,144
3914,144
3915,144
3916,144
3917,144
3918,144
3919,144
3920,144
3921,144
3922,144
3923,144
3924,144
3925,144
3926,144
3927,144
3928,144
3929,144
3930,144
3931,144
3932,144
3933,144
3934,144
3935,144
3936,144
3937,144
3938,144
3939,144
3940,144
3941,144
3942,144
3943,144
3944,144
3945,144
3946,144
3947,144
3948,144
3949,144
3950,144
3951,144
3952,144
3953,144
3954,144
3955,144
3956,144
3957,144
3958,144
3959,144
3960,144
3961,144
3962,144
3963,144
3964,144
3965,144
3966,144
3967,144
3968,144
3969,144
3970,144
3971,144
3972,144
3973,144
3974,144
3975,144
3976,144
3977,144
3978,144
3979,144
3980,144
3981,144
3982,144
3983,144
3984,144
3985,144
3986,144
3987,144
3988,144
3989,144
3990,144
3991,144
3992,144
3993,144
3994,144
3995,144
3996,144
3997,144
3998,144
3999,144
4000,144
4001,144
4002,144
4003,144
4004,144
4005,144
4006,144
4007,144
4008,144
4009,144
4010,144
4011,144
4012,144
4013,144
4014,144
4015,144
4016,144
4017,144
4018,144
4019,144
4020,144
4021,144
4022,144
4023,144
4024,144
4025,144
4026,144
4027,144
4028,144
4029,144
4030,144
4031,144
4032,144
4033,144
4034,144
4035,144
4036,144
4037,144
4038,144
4039,144
4040,144
4041,144
4042,144
4043,144
4044,144
4045,144
4046,144
4047,144
4048,144
4049,144
4050,144
4051,144
4052,144
4053,144
4054,144
4055,144
4056,144
4057,144
4058,144
4059,144
4060,144
4061,144
4062,144
4063,144
4064,144
4065,144
4066,144
4067,144
4068,144
4069,144
4070,144
4071,144
4072,144
4073,144
4074,144
4075,144
4076,144
4077,144
4078,144
4079,144
4080,144
4081,144
4082,144
4083,144
4084,144
4085,144
4086,144
4087,144
4088,144
4089,144
4090,144
4091,144
4092,144
4093,144
4094,144
4095,144
4096,144
4097,144
4098,144
4099,144
4100,144
4101,144
4102,145
