0,0
1,1
2,2
3,3
4,4
5,4
6,5
7,6
8,7
9,8
10,9
11,10
12,11
13,12
14,13
15,13
16,14
17,14
18,15
19,16
20,17
21,18
22,19
23,20
24,21
25,22
26,23
27,24
28,24
29,25
30,26
31,27
32,28
33,29
34,30
35,30
36,31
37,32
38,33
39,33
40,34
41,35
42,36
43,37
44,38
45,39
46,40
47,40
48,40
49,40
50,40
51,41
52,42
53,43
54,43
55,44
56,45
57,45
58,45
59,45
60,46
61,47
62,48
63,49
64,50
65,51
66,52
67,52
68,53
69,54
70,55
71,55
72,55
73,55
74,55
75,55
76,55
77,55
78,56
79,57
80,58
81,59
82,59
83,60
84,61
85,62
86,63
87,64
88,65
89,65
90,66
91,67
92,68
93,68
94,69
95,70
96,71
97,72
98,73
99,73
100,73
101,74
102,75
103,76
104,77
105,78
106,78
107,79
108,80
109,81
110,82
111,83
112,84
113,85
114,86
115,86
116,87
117,88
118,89
119,90
120,91
121,92
122,93
123,93
124,94
125,95
126,95
127,95
128,96
129,96
130,96
131,96
132,97
133,98
134,99
135,100
136,100
137,101
138,102
139,103
140,104
141,105
142,106
143,107
144,108
145,109
146,110
147,111
148,112
149,112
150,112
151,113
152,114
153,115
154,116
155,116
156,117
157,117
158,118
159,119
160,120
161,120
162,120
163,121
164,122
165,122
166,122
167,123
168,123
169,124
170,124
171,124
172,125
173,126
174,126
175,126
176,127
177,128
178,129
179,129
180,129
181,129
182,130
183,130
184,131
185,132
186,133
187,134
188,135
189,135
190,135
191,135
192,135
193,135
194,135
195,135
196,136
197,137
198,137
199,137
200,137
201,138
202,139
203,140
204,141
205,142
206,142
207,143
208,144
209,145
210,146
211,147
212,148
213,149
214,150
215,151
216,152
217,153
218,154
219,155
220,156
221,157
222,158
223,158
224,158
225,158
226,158
227,158
228,159
229,159
230,159
231,160
232,161
233,162
234,163
235,163
236,163
237,163
238,164
239,164
240,165
241,166
242,166
243,166
244,166
245,167
246,168
247,169
248,170
249,170
250,171
251,172
252,172
253,173
254,173
255,173
256,174
257,175
258,175
259,175
260,176
261,177
262,178
263,178
264,179
265,179
266,179
267,179
268,179
269,179
270,179
271,179
272,179
273,179
274,180
275,180
276,181
277,182
278,183
279,183
280,183
281,184
282,185
283,186
284,187
285,188
286,189
287,190
288,190
289,191
290,191
291,191
292,191
293,192
294,193
295,194
296,195
297,196
298,196
299,197
300,197
301,198
302,198
303,199
304,199
305,200
306,201
307,201
308,202
309,202
310,203
311,203
312,203
313,204
314,204
315,204
316,204
317,204
318,204
319,205
320,206
321,207
322,208
323,209
324,209
325,210
326,211
327,212
328,213
329,214
330,214
331,215
332,215
333,215
334,215
335,215
336,215
337,215
338,215
339,215
340,215
341,215
342,215
343,215
344,215
345,215
346,216
347,216
348,217
349,217
350,217
351,217
352,217
353,218
354,218
355,218
356,218
357,218
358,219
359,219
360,220
361,221
362,222
363,223
364,224
365,225
366,226
367,227
368,228
369,228
370,228
371,229
372,230
373,231
374,232
375,233
376,233
377,234
378,234
379,234
380,235
381,235
382,235
383,236
384,236
385,236
386,237
387,238
388,238
389,239
390,239
391,240
392,240
393,240
394,240
395,240
396,241
397,241
398,242
399,243
400,244
401,245
402,246
403,247
404,247
405,247
406,247
407,248
408,248
409,248
410,248
411,248
412,248
413,248
414,248
415,249
416,250
417,250
418,250
419,250
420,250
421,250
422,251
423,251
424,251
425,252
426,252
427,252
428,252
429,252
430,253
431,253
432,254
433,254
434,254
435,254
436,254
437,255
438,256
439,256
440,256
441,256
442,256
443,257
444,257
445,257
446,257
447,258
448,258
449,259
450,259
451,259
452,259
453,259
454,259
455,259
456,259
457,259
458,259
459,260
460,261
461,261
462,261
463,261
464,262
465,262
466,262
467,262
468,262
469,262
470,262
471,263
472,263
473,264
474,264
475,264
476,264
477,264
478,264
479,264
480,265
481,265
482,265
483,265
484,265
485,265
486,265
487,265
488,265
489,265
490,266
491,267
492,267
493,267
494,267
495,267
496,267
497,267
498,267
499,267
500,267
501,267
502,267
503,267
504,268
505,268
506,268
507,268
508,268
509,268
510,268
511,268
512,268
513,268
514,268
515,268
516,268
517,268
518,268
519,268
520,269
521,269
522,270
523,270
524,270
525,270
526,270
527,270
528,270
529,270
530,270
531,271
532,271
533,271
534,271
535,271
536,271
537,271
538,271
539,271
540,271
541,271
542,271
543,271
544,272
545,272
546,273
547,273
548,273
549,273
550,273
551,273
552,273
553,273
554,273
555,273
556,273
557,273
558,273
559,274
560,274
561,274
562,275
563,276
564,276
565,276
566,276
567,276
568,277
569,277
570,278
571,278
572,278
573,279
574,280
575,281
576,282
577,283
578,284
579,284
580,284
581,285
582,286
583,287
584,288
585,288
586,288
587,289
588,290
589,290
590,291
591,292
592,293
593,293
594,293
595,293
596,293
597,293
598,293
599,293
600,293
601,293
602,293
603,293
604,293
605,293
606,294
607,295
608,295
609,295
610,295
611,295
612,295
613,295
614,295
615,296
616,296
617,296
618,296
619,296
620,296
621,296
622,297
623,297
624,297
625,297
626,297
627,298
628,298
629,298
630,298
631,298
632,299
633,300
634,300
635,300
636,300
637,300
638,300
639,300
640,300
641,300
642,300
643,301
644,301
645,301
646,301
647,301
648,301
649,301
650,301
651,301
652,301
653,301
654,301
655,301
656,301
657,301
658,301
659,301
660,301
661,301
662,301
663,301
664,302
665,302
666,303
667,303
668,303
669,303
670,303
671,303
672,304
673,305
674,305
675,305
676,306
677,306
678,307
679,307
680,307
681,307
682,307
683,307
684,307
685,307
686,307
687,308
688,308
689,308
690,308
691,308
692,308
693,309
694,310
695,310
696,311
697,312
698,312
699,312
700,312
701,312
702,312
703,312
704,312
705,312
706,312
707,312
708,312
709,312
710,312
711,312
712,312
713,312
714,312
715,312
716,312
717,312
718,312
719,312
720,312
721,312
722,312
723,312
724,312
725,312
726,312
727,312
728,312
729,312
730,312
731,312
732,312
733,312
734,312
735,312
736,312
737,312
738,313
739,313
740,313
741,313
742,313
743,313
744,313
745,313
746,313
747,313
748,313
749,313
750,313
751,313
752,313
753,313
754,313
755,313
756,313
757,313
758,313
759,313
760,313
761,313
762,313
763,313
764,313
765,313
766,313
767,313
768,313
769,313
770,313
771,313
772,313
773,313
774,313
775,313
776,313
777,313
778,313
779,313
780,313
781,313
782,313
783,313
784,313
785,313
786,313
787,313
788,313
789,313
790,313
791,313
792,313
793,313
794,313
795,313
796,313
797,313
798,313
799,313
800,313
801,313
802,313
803,313
804,313
805,313
806,313
807,313
808,313
809,313
810,313
811,313
812,313
813,313
814,313
815,313
816,313
817,313
818,313
819,313
820,313
821,313
822,313
823,313
824,313
825,313
826,313
827,313
828,313
829,313
830,313
831,314
832,314
833,314
834,314
835,314
836,314
837,314
838,314
839,314
840,314
841,314
842,314
843,314
844,314
845,314
846,314
847,314
848,314
849,314
850,314
851,314
852,314
853,314
854,314
855,314
856,314
857,314
858,314
859,314
860,314
861,314
862,314
863,314
864,314
865,315
866,315
867,315
868,315
869,315
870,315
871,315
872,315
873,315
874,315
875,315
876,315
877,315
878,315
879,315
880,315
881,316
882,316
883,317
884,317
885,318
886,319
887,320
888,320
889,320
890,320
891,320
892,320
893,320
894,320
895,320
896,321
897,322
898,322
899,322
900,322
901,322
902,323
903,323
904,323
905,323
906,323
907,324
908,324
909,324
910,324
911,324
912,324
913,324
914,324
915,324
916,324
917,324
918,324
919,324
920,324
921,324
922,324
923,324
924,324
925,324
926,324
927,324
928,324
929,324
930,325
931,326
932,326
933,326
934,326
935,326
936,326
937,326
938,326
939,327
940,327
941,327
942,327
943,327
944,327
945,327
946,327
947,327
948,327
949,327
950,327
951,327
952,327
953,327
954,327
955,328
956,328
957,328
958,328
959,328
960,328
961,328
962,328
963,328
964,328
965,328
966,328
967,329
968,329
969,329
970,329
971,330
972,330
973,331
974,331
975,331
976,331
977,331
978,331
979,331
980,331
981,331
982,331
983,331
984,331
985,331
986,331
987,331
988,331
989,331
990,331
991,331
992,331
993,332
994,332
995,332
996,333
997,334
998,334
999,334
1000,334
1001,334
1002,334
1003,334
1004,334
1005,334
1006,334
1007,334
1008,334
1009,334
1010,334
1011,334
1012,334
1013,334
1014,334
1015,334
1016,334
1017,334
1018,334
1019,334
1020,334
1021,334
1022,334
1023,334
1024,334
1025,334
1026,334
1027,334
1028,334
1029,334
1030,334
1031,335
1032,336
1033,337
1034,337
1035,338
1036,339
1037,339
1038,339
1039,339
1040,339
1041,339
1042,340
1043,340
1044,340
1045,341
1046,342
1047,343
1048,343
1049,344
1050,344
1051,345
1052,345
1053,346
1054,347
1055,348
1056,349
1057,349
1058,350
1059,350
1060,350
1061,350
1062,350
1063,350
1064,350
1065,350
1066,350
1067,350
1068,350
1069,350
1070,350
1071,350
1072,350
1073,350
1074,350
1075,350
1076,350
1077,350
1078,350
1079,350
1080,350
1081,350
1082,350
1083,350
1084,350
1085,350
1086,350
1087,350
1088,350
1089,350
1090,350
1091,350
1092,350
1093,350
1094,350
1095,350
1096,351
1097,352
1098,353
1099,354
1100,355
1101,356
1102,357
1103,358
1104,358
1105,359
1106,360
1107,360
1108,361
1109,362
1110,363
1111,364
1112,365
1113,366
1114,366
1115,366
1116,367
1117,367
1118,367
1119,367
1120,367
1121,367
1122,368
1123,368
1124,368
1125,368
1126,368
1127,368
1128,368
1129,369
1130,369
1131,370
1132,370
1133,371
1134,371
1135,372
1136,373
1137,374
1138,374
1139,375
1140,376
1141,376
1142,376
1143,376
1144,376
1145,376
1146,376
1147,377
1148,377
1149,378
1150,378
1151,378
1152,378
1153,379
1154,379
1155,380
1156,380
1157,381
1158,382
1159,382
1160,382
1161,382
1162,382
1163,382
1164,382
1165,382
1166,382
1167,382
1168,382
1169,382
1170,382
1171,382
1172,382
1173,382
1174,382
1175,382
1176,382
1177,382
1178,382
1179,382
1180,382
1181,382
1182,382
1183,382
1184,382
1185,382
1186,382
1187,382
1188,382
1189,382
1190,382
1191,382
1192,382
1193,382
1194,382
1195,382
1196,382
1197,382
1198,382
1199,382
1200,382
1201,382
1202,382
1203,382
1204,382
1205,382
1206,382
1207,382
1208,382
1209,382
1210,382
1211,382
1212,382
1213,382
1214,382
1215,382
1216,382
1217,382
1218,382
1219,382
1220,382
1221,382
1222,382
1223,382
1224,382
1225,382
1226,382
1227,382
1228,382
1229,382
1230,383
1231,383
1232,384
1233,384
1234,384
1235,384
1236,384
1237,385
1238,385
1239,385
1240,385
1241,385
1242,385
1243,385
1244,385
1245,385
1246,385
1247,385
1248,385
1249,385
1250,385
1251,385
1252,385
1253,385
1254,385
1255,385
1256,385
1257,385
1258,385
1259,385
1260,385
1261,385
1262,385
1263,385
1264,385
1265,385
1266,385
1267,385
1268,385
1269,385
1270,385
1271,385
1272,385
1273,385
1274,385
1275,385
1276,385
1277,385
1278,385
1279,385
1280,385
1281,386
1282,386
1283,386
1284,386
1285,386
1286,386
1287,386
1288,386
1289,386
1290,386
1291,387
1292,387
1293,388
1294,388
1295,388
1296,388
1297,389
1298,389
1299,389
1300,389
1301,389
1302,389
1303,389
1304,389
1305,389
1306,389
1307,389
1308,389
1309,389
1310,389
1311,389
1312,389
1313,389
1314,389
1315,389
1316,389
1317,389
1318,389
1319,389
1320,389
1321,389
1322,389
1323,389
1324,389
1325,389
1326,389
1327,389
1328,389
1329,389
1330,389
1331,389
1332,389
1333,389
1334,389
1335,389
1336,389
1337,389
1338,389
1339,389
1340,389
1341,389
1342,389
1343,389
1344,389
1345,389
1346,389
1347,389
1348,389
1349,389
1350,389
1351,389
1352,389
1353,389
1354,389
1355,389
1356,389
1357,389
1358,389
1359,389
1360,389
1361,389
1362,389
1363,389
1364,389
1365,389
1366,389
1367,389
1368,389
1369,389
1370,389
1371,389
1372,389
1373,389
1374,389
1375,389
1376,389
1377,389
1378,389
1379,389
1380,389
1381,389
1382,389
1383,389
1384,389
1385,389
1386,389
1387,389
1388,389
1389,389
1390,389
1391,389
1392,389
1393,389
1394,389
1395,390
1396,391
1397,392
1398,393
1399,394
1400,394
1401,395
1402,395
1403,396
1404,397
1405,398
1406,399
1407,400
1408,401
1409,402
1410,403
1411,403
1412,404
1413,404
1414,404
1415,405
1416,406
1417,406
1418,406
1419,407
1420,407
1421,407
1422,407
1423,407
1424,407
1425,407
1426,407
1427,407
1428,407
1429,407
1430,408
1431,408
1432,408
1433,408
1434,408
1435,408
1436,408
1437,408
1438,408
1439,408
1440,408
1441,408
1442,408
1443,408
1444,408
1445,408
1446,408
1447,408
1448,409
1449,410
1450,411
1451,411
1452,412
1453,412
1454,413
1455,413
1456,413
1457,413
1458,413
1459,413
1460,413
1461,413
1462,414
1463,415
1464,415
1465,415
1466,415
1467,415
1468,415
1469,415
1470,415
1471,415
1472,415
1473,415
1474,415
1475,415
1476,415
1477,415
1478,415
1479,415
1480,415
1481,416
1482,416
1483,416
1484,417
1485,417
1486,417
1487,417
1488,417
1489,417
1490,417
1491,417
1492,417
1493,417
1494,417
1495,417
1496,417
1497,417
1498,417
1499,417
1500,417
1501,417
1502,417
1503,417
1504,417
1505,417
1506,417
1507,417
1508,417
1509,417
1510,417
1511,417
1512,417
1513,417
1514,417
1515,418
1516,418
1517,418
1518,418
1519,418
1520,418
1521,419
1522,419
1523,419
1524,419
1525,419
1526,419
1527,419
1528,420
1529,421
1530,421
1531,421
1532,421
1533,421
1534,421
1535,421
1536,421
1537,421
1538,421
1539,421
1540,421
1541,421
1542,421
1543,421
1544,421
1545,421
1546,421
1547,421
1548,421
1549,421
1550,421
1551,421
1552,421
1553,421
1554,421
1555,421
1556,421
1557,421
1558,421
1559,421
1560,421
1561,421
1562,422
1563,423
1564,423
1565,423
1566,423
1567,423
1568,423
1569,423
1570,424
1571,424
1572,424
1573,424
1574,424
1575,424
1576,424
1577,424
1578,424
1579,424
1580,424
1581,424
1582,424
1583,424
1584,424
1585,424
1586,424
1587,424
1588,424
1589,424
1590,424
1591,424
1592,424
1593,424
1594,424
1595,424
1596,424
1597,424
1598,424
1599,424
1600,424
1601,424
1602,424
1603,424
1604,424
1605,424
1606,424
1607,424
1608,424
1609,424
1610,424
1611,424
1612,424
1613,424
1614,424
1615,425
1616,425
1617,425
1618,425
1619,425
1620,425
1621,425
1622,425
1623,425
1624,425
1625,425
1626,426
1627,426
1628,426
1629,426
1630,427
1631,428
1632,429
1633,430
1634,431
1635,431
1636,431
1637,431
1638,431
1639,431
1640,432
1641,432
1642,432
1643,432
1644,432
1645,432
1646,432
1647,432
1648,433
1649,433
1650,433
1651,434
1652,434
1653,434
1654,435
1655,435
1656,435
1657,435
1658,435
1659,435
1660,436
1661,436
1662,436
1663,437
1664,438
1665,438
1666,439
1667,439
1668,439
1669,439
1670,439
1671,439
1672,440
1673,440
1674,441
1675,441
1676,441
1677,441
1678,441
1679,441
1680,441
1681,441
1682,441
1683,441
1684,441
1685,441
1686,442
1687,442
1688,442
1689,442
1690,442
1691,442
1692,442
1693,442
1694,442
1695,442
1696,442
1697,442
1698,442
1699,443
1700,443
1701,443
1702,443
1703,443
1704,443
1705,443
1706,443
1707,443
1708,443
1709,443
1710,443
1711,443
1712,443
1713,443
1714,443
1715,444
1716,444
1717,444
1718,444
1719,444
1720,445
1721,445
1722,445
1723,445
1724,445
1725,445
1726,445
1727,445
1728,445
1729,445
1730,445
1731,445
1732,445
1733,445
1734,445
1735,445
1736,446
1737,446
1738,446
1739,446
1740,446
1741,446
1742,446
1743,446
1744,447
1745,448
1746,449
1747,449
1748,449
1749,449
1750,449
1751,450
1752,451
1753,451
1754,451
1755,451
1756,451
1757,451
1758,451
1759,451
1760,451
1761,451
1762,451
1763,451
1764,451
1765,451
1766,451
1767,451
1768,451
1769,451
1770,451
1771,452
1772,452
1773,452
1774,452
1775,452
1776,452
1777,452
1778,452
1779,452
1780,452
1781,452
1782,452
1783,452
1784,452
1785,452
1786,453
1787,453
1788,453
1789,453
1790,453
1791,453
1792,453
1793,453
1794,453
1795,453
1796,453
1797,453
1798,453
1799,453
1800,453
1801,453
1802,453
1803,453
1804,453
1805,453
1806,453
1807,453
1808,453
1809,453
1810,453
1811,453
1812,454
1813,454
1814,454
1815,454
1816,454
1817,454
1818,454
1819,454
1820,454
1821,454
1822,454
1823,454
1824,454
1825,454
1826,454
1827,454
1828,454
1829,454
1830,454
1831,454
1832,454
1833,454
1834,454
1835,454
1836,454
1837,454
1838,454
1839,454
1840,454
1841,454
1842,454
1843,454
1844,454
1845,454
1846,454
1847,454
1848,454
1849,454
1850,454
1851,454
1852,454
1853,454
1854,454
1855,454
1856,454
1857,454
1858,454
1859,454
1860,454
1861,454
1862,454
1863,454
1864,454
1865,454
1866,454
1867,454
1868,454
1869,454
1870,454
1871,454
1872,454
1873,454
1874,454
1875,454
1876,454
1877,454
1878,454
1879,454
1880,454
1881,454
1882,454
1883,454
1884,454
1885,454
1886,454
1887,454
1888,454
1889,454
1890,454
1891,454
1892,454
1893,454
1894,454
1895,454
1896,454
1897,454
1898,454
1899,454
1900,454
1901,454
1902,454
1903,454
1904,454
1905,454
1906,454
1907,454
1908,454
1909,454
1910,454
1911,454
1912,454
1913,454
1914,454
1915,454
1916,454
1917,454
1918,454
1919,454
1920,454
1921,454
1922,454
1923,454
1924,454
1925,454
1926,454
1927,454
1928,454
1929,454
1930,454
1931,454
1932,454
1933,454
1934,454
1935,454
1936,454
1937,454
1938,454
1939,454
1940,454
1941,454
1942,454
1943,454
1944,455
1945,456
1946,456
1947,456
1948,456
1949,456
1950,456
1951,456
1952,456
1953,456
1954,456
1955,456
1956,456
1957,456
1958,456
1959,456
1960,456
1961,456
1962,456
1963,456
1964,456
1965,456
1966,456
1967,456
1968,456
1969,456
1970,456
1971,456
1972,456
1973,456
1974,456
1975,456
1976,456
1977,456
1978,456
1979,456
1980,457
1981,457
1982,457
1983,457
1984,457
1985,457
1986,457
1987,457
1988,457
1989,457
1990,457
1991,457
1992,457
1993,457
1994,457
1995,457
1996,457
1997,457
1998,457
1999,458
2000,458
2001,458
2002,458
2003,458
2004,458
2005,458
2006,458
2007,458
2008,458
2009,458
2010,458
2011,458
2012,458
2013,458
2014,458
2015,458
2016,458
2017,458
2018,458
2019,458
2020,458
2021,458
2022,458
2023,458
2024,458
2025,458
2026,458
2027,458
2028,458
2029,459
2030,460
2031,460
2032,460
2033,460
2034,460
2035,460
2036,460
2037,460
2038,460
2039,461
2040,462
2041,462
2042,462
2043,462
2044,462
2045,462
2046,463
2047,464
2048,465
2049,465
2050,465
2051,466
2052,466
2053,466
2054,466
2055,466
2056,466
2057,466
2058,466
2059,466
2060,466
2061,466
2062,466
2063,466
2064,466
2065,466
2066,466
2067,467
2068,467
2069,467
2070,467
2071,467
2072,467
2073,467
2074,467
2075,467
2076,467
2077,467
2078,467
2079,467
2080,467
2081,467
2082,467
2083,467
2084,467
2085,467
2086,467
2087,467
2088,467
2089,467
2090,467
2091,467
2092,467
2093,467
2094,467
2095,467
2096,467
2097,467
2098,467
2099,468
2100,468
2101,468
2102,468
2103,468
2104,468
2105,468
2106,468
2107,468
2108,468
2109,468
2110,468
2111,468
2112,468
2113,468
2114,468
2115,468
2116,468
2117,468
2118,468
2119,468
2120,468
2121,468
2122,468
2123,468
2124,468
2125,468
2126,468
2127,468
2128,468
2129,468
2130,468
2131,468
2132,468
2133,469
2134,470
2135,470
2136,470
2137,470
2138,470
2139,470
2140,470
2141,470
2142,470
2143,470
2144,470
2145,470
2146,470
2147,470
2148,470
2149,470
2150,471
2151,471
2152,471
2153,471
2154,471
2155,471
2156,471
2157,471
2158,471
2159,471
2160,471
2161,471
2162,471
2163,471
2164,471
2165,471
2166,471
2167,471
2168,471
2169,471
2170,471
2171,471
2172,471
2173,471
2174,471
2175,471
2176,471
2177,471
2178,471
2179,471
2180,471
2181,471
2182,471
2183,471
2184,471
2185,471
2186,471
2187,471
2188,471
2189,471
2190,471
2191,471
2192,471
2193,471
2194,471
2195,471
2196,471
2197,471
2198,471
2199,471
2200,471
2201,471
2202,471
2203,471
2204,471
2205,471
2206,471
2207,471
2208,471
2209,471
2210,471
2211,471
2212,471
2213,471
2214,471
2215,471
2216,471
2217,471
2218,471
2219,471
2220,471
2221,471
2222,471
2223,471
2224,471
2225,471
2226,471
2227,471
2228,471
2229,471
2230,471
2231,471
2232,471
2233,471
2234,471
2235,471
2236,471
2237,471
2238,471
2239,471
2240,471
2241,471
2242,471
2243,471
2244,471
2245,471
2246,471
2247,471
2248,471
2249,471
2250,471
2251,471
2252,471
2253,471
2254,471
2255,471
2256,471
2257,471
2258,471
2259,471
2260,471
2261,471
2262,471
2263,471
2264,471
2265,471
2266,471
2267,471
2268,471
2269,471
2270,471
2271,471
2272,471
2273,471
2274,471
2275,471
2276,472
2277,472
2278,472
2279,472
2280,472
2281,472
2282,472
2283,472
2284,472
2285,472
2286,472
2287,472
2288,472
2289,472
2290,472
2291,472
2292,472
2293,472
2294,472
2295,472
2296,472
2297,472
2298,472
2299,472
2300,472
2301,472
2302,472
2303,472
2304,472
2305,472
2306,472
2307,472
2308,472
2309,472
2310,472
2311,472
2312,472
2313,472
2314,472
2315,472
2316,472
2317,472
2318,473
2319,473
2320,473
2321,473
2322,473
2323,473
2324,473
2325,474
2326,475
2327,475
2328,475
2329,475
2330,475
2331,475
2332,475
2333,475
2334,475
2335,475
2336,475
2337,475
2338,475
2339,475
2340,475
2341,475
2342,475
2343,475
2344,475
2345,475
2346,475
2347,475
2348,475
2349,475
2350,475
2351,475
2352,475
2353,475
2354,475
2355,475
2356,475
2357,475
2358,475
2359,475
2360,475
2361,475
2362,475
2363,475
2364,475
2365,475
2366,475
2367,475
2368,475
2369,475
2370,475
2371,475
2372,475
2373,475
2374,475
2375,475
2376,475
2377,475
2378,475
2379,475
2380,475
2381,475
2382,475
2383,475
2384,475
2385,475
2386,475
2387,475
2388,475
2389,475
2390,475
2391,475
2392,475
2393,475
2394,476
2395,476
2396,476
2397,476
2398,476
2399,476
2400,476
2401,476
2402,476
2403,476
2404,476
2405,476
2406,476
2407,476
2408,476
2409,476
2410,476
2411,476
2412,476
2413,476
2414,476
2415,476
2416,476
2417,476
2418,476
2419,476
2420,476
2421,476
2422,476
2423,476
2424,476
2425,476
2426,476
2427,476
2428,476
2429,476
2430,476
2431,476
2432,476
2433,476
2434,476
2435,476
2436,476
2437,476
2438,476
2439,476
2440,476
2441,476
2442,476
2443,476
2444,476
2445,476
2446,477
2447,477
2448,477
2449,477
2450,477
2451,477
2452,477
2453,477
2454,477
2455,477
2456,477
2457,477
2458,477
2459,477
2460,477
2461,477
2462,477
2463,477
2464,477
2465,477
2466,477
2467,477
2468,477
2469,478
2470,478
2471,478
2472,478
2473,478
2474,478
2475,478
2476,478
2477,478
2478,478
2479,478
2480,478
2481,478
2482,478
2483,478
2484,478
2485,478
2486,478
2487,478
2488,478
2489,478
2490,478
2491,478
2492,478
2493,478
2494,478
2495,478
2496,478
2497,478
2498,478
2499,478
2500,478
2501,478
2502,478
2503,478
2504,478
2505,478
2506,478
2507,478
2508,478
2509,478
2510,478
2511,478
2512,478
2513,478
2514,478
2515,478
2516,478
2517,478
2518,478
2519,478
2520,478
2521,478
2522,478
2523,478
2524,478
2525,478
2526,478
2527,478
2528,478
2529,478
2530,478
2531,478
2532,478
2533,478
2534,478
2535,478
2536,478
2537,478
2538,478
2539,478
2540,478
2541,478
2542,478
2543,478
2544,478
2545,478
2546,478
2547,478
2548,478
2549,478
2550,478
2551,478
2552,478
2553,478
2554,478
2555,478
2556,478
2557,478
2558,478
2559,478
2560,478
2561,478
2562,478
2563,478
2564,478
2565,478
2566,478
2567,478
2568,478
2569,478
2570,478
2571,478
2572,478
2573,478
2574,478
2575,478
2576,478
2577,478
2578,478
2579,478
2580,478
2581,478
2582,478
2583,478
2584,478
2585,478
2586,478
2587,478
2588,478
2589,478
2590,478
2591,478
2592,478
2593,478
2594,478
2595,478
2596,478
2597,478
2598,478
2599,478
2600,478
2601,478
2602,478
2603,478
2604,478
2605,478
2606,478
2607,478
2608,478
2609,478
2610,478
2611,478
2612,478
2613,478
2614,478
2615,478
2616,478
2617,478
2618,478
2619,478
2620,478
2621,478
2622,478
2623,478
2624,478
2625,478
2626,478
2627,478
2628,478
2629,478
2630,478
2631,478
2632,478
2633,479
2634,479
2635,479
2636,479
2637,479
2638,479
2639,479
2640,479
2641,479
2642,479
2643,479
2644,479
2645,479
2646,479
2647,479
2648,479
2649,479
2650,479
2651,479
2652,479
2653,479
2654,479
2655,479
2656,479
2657,479
2658,479
2659,479
2660,479
2661,479
2662,479
2663,479
2664,479
2665,479
2666,479
2667,479
2668,479
2669,479
2670,479
2671,479
2672,479
2673,479
2674,479
2675,479
2676,479
2677,479
2678,479
2679,479
2680,479
2681,479
2682,479
2683,479
2684,479
2685,479
2686,479
2687,479
2688,479
2689,479
2690,479
2691,479
2692,479
2693,479
2694,479
2695,479
2696,479
2697,479
2698,479
2699,479
2700,479
2701,479
2702,479
2703,479
2704,479
2705,479
2706,479
2707,479
2708,479
2709,479
2710,479
2711,479
2712,479
2713,479
2714,479
2715,479
2716,479
2717,479
2718,479
2719,479
2720,479
2721,479
2722,480
2723,480
2724,480
2725,480
2726,481
2727,481
2728,481
2729,481
2730,481
2731,481
2732,481
2733,481
2734,481
2735,481
2736,481
2737,481
2738,481
2739,481
2740,481
2741,481
2742,481
2743,481
2744,481
2745,481
2746,481
2747,481
2748,481
2749,481
2750,481
2751,481
2752,481
2753,481
2754,481
2755,481
2756,481
2757,481
2758,481
2759,481
2760,481
2761,481
2762,481
2763,481
2764,481
2765,481
2766,481
2767,481
2768,481
2769,481
2770,481
2771,481
2772,481
2773,481
2774,481
2775,481
2776,481
2777,481
2778,481
2779,481
2780,481
2781,481
2782,481
2783,481
2784,481
2785,481
2786,481
2787,481
2788,481
2789,481
2790,481
2791,481
2792,481
2793,481
2794,481
2795,481
2796,481
2797,481
2798,481
2799,481
2800,481
2801,481
2802,481
2803,481
2804,481
2805,481
2806,481
2807,481
2808,481
2809,481
2810,481
2811,481
2812,481
2813,481
2814,481
2815,481
2816,481
2817,481
2818,481
2819,481
2820,481
2821,481
2822,481
2823,481
2824,481
2825,481
2826,481
2827,481
2828,481
2829,481
2830,481
2831,481
2832,481
2833,481
2834,481
2835,481
2836,481
2837,481
2838,481
2839,481
2840,481
2841,481
2842,481
2843,481
2844,481
2845,481
2846,481
2847,481
2848,481
2849,481
2850,481
2851,481
2852,481
2853,481
2854,481
2855,481
2856,481
2857,481
2858,481
2859,481
2860,481
2861,481
2862,481
2863,481
2864,481
2865,481
2866,481
2867,481
2868,481
2869,481
2870,481
2871,481
2872,481
2873,481
2874,481
2875,481
2876,481
2877,481
2878,481
2879,481
2880,481
2881,481
2882,481
2883,481
2884,481
2885,481
2886,481
2887,481
2888,481
2889,481
2890,481
2891,481
2892,481
2893,481
2894,481
2895,481
2896,481
2897,481
2898,481
2899,481
2900,481
2901,481
2902,481
2903,481
2904,481
2905,481
2906,481
2907,481
2908,481
2909,481
2910,481
2911,481
2912,481
2913,481
2914,481
2915,481
2916,481
2917,481
2918,481
2919,481
2920,481
2921,481
2922,481
2923,481
2924,481
2925,481
2926,481
2927,481
2928,481
2929,481
2930,481
2931,481
2932,481
2933,481
2934,481
2935,481
2936,481
2937,481
2938,481
2939,481
2940,481
2941,481
2942,481
2943,481
2944,481
2945,481
2946,481
2947,481
2948,481
2949,481
2950,481
2951,481
2952,481
2953,481
2954,481
2955,481
2956,481
2957,481
2958,481
2959,481
2960,481
2961,481
2962,481
2963,481
2964,481
2965,481
2966,481
2967,481
2968,481
2969,481
2970,481
2971,481
2972,481
2973,481
2974,481
2975,481
2976,481
2977,481
2978,481
2979,481
2980,481
2981,481
2982,481
2983,481
2984,481
2985,481
2986,481
2987,481
2988,481
2989,481
2990,481
2991,481
2992,481
2993,481
2994,481
2995,481
2996,481
2997,481
2998,481
2999,481
3000,481
3001,481
3002,481
3003,481
3004,481
3005,481
3006,481
3007,481
3008,481
3009,481
3010,481
3011,481
3012,481
3013,481
3014,481
3015,481
3016,481
3017,481
3018,481
3019,481
3020,481
3021,481
3022,481
3023,481
3024,481
3025,481
3026,481
3027,481
3028,481
3029,481
3030,481
3031,481
3032,481
3033,481
3034,481
3035,481
3036,481
3037,481
3038,481
3039,481
3040,481
3041,481
3042,481
3043,481
3044,481
3045,481
3046,481
3047,481
3048,481
3049,481
3050,481
3051,481
3052,481
3053,481
3054,481
3055,481
3056,481
3057,481
3058,482
3059,482
3060,482
3061,482
3062,482
3063,482
3064,482
3065,482
3066,482
3067,482
3068,482
3069,482
3070,482
3071,482
3072,482
3073,482
3074,482
3075,482
3076,482
3077,482
3078,482
3079,482
3080,482
3081,482
3082,482
3083,482
3084,482
3085,482
3086,482
3087,482
3088,482
3089,482
3090,482
3091,482
3092,482
3093,482
3094,482
3095,482
3096,482
3097,482
3098,482
3099,482
3100,482
3101,482
3102,482
3103,482
3104,482
3105,482
3106,482
3107,482
3108,482
3109,482
3110,482
3111,482
3112,482
3113,482
3114,482
3115,482
3116,482
3117,482
3118,482
3119,482
3120,482
3121,482
3122,482
3123,482
3124,482
3125,482
3126,482
3127,482
3128,482
3129,482
3130,482
3131,482
3132,482
3133,482
3134,482
3135,482
3136,482
3137,482
3138,482
3139,482
3140,482
3141,482
3142,482
3143,482
3144,482
3145,482
3146,482
3147,482
3148,482
3149,482
3150,482
3151,482
3152,482
3153,482
3154,482
3155,482
3156,482
3157,482
3158,482
3159,482
3160,482
3161,482
3162,482
3163,482
3164,482
3165,482
3166,482
3167,482
3168,482
3169,482
3170,482
3171,482
3172,482
3173,482
3174,482
3175,482
3176,482
3177,482
3178,482
3179,482
3180,482
3181,482
3182,482
3183,482
3184,482
3185,482
3186,482
3187,482
3188,482
3189,482
3190,482
3191,482
3192,482
3193,482
3194,482
3195,482
3196,482
3197,482
3198,482
3199,482
3200,482
3201,482
3202,482
3203,482
3204,482
3205,482
3206,482
3207,482
3208,482
3209,482
3210,482
3211,482
3212,482
3213,482
3214,482
3215,482
3216,482
3217,482
3218,483
3219,483
3220,483
3221,483
3222,483
3223,483
3224,483
3225,483
3226,483
3227,483
3228,483
3229,483
3230,483
3231,483
3232,483
3233,483
3234,483
3235,483
3236,483
3237,483
3238,483
3239,483
3240,483
3241,483
3242,483
3243,483
3244,483
3245,483
3246,483
3247,483
3248,483
3249,483
3250,483
3251,483
3252,483
3253,483
3254,483
3255,483
3256,483
3257,483
3258,483
3259,483
3260,483
3261,483
3262,483
3263,483
3264,483
3265,483
3266,483
3267,483
3268,483
3269,483
3270,483
3271,483
3272,483
3273,483
3274,483
3275,483
3276,483
3277,483
3278,483
3279,483
3280,483
3281,483
3282,483
3283,483
3284,483
3285,483
3286,483
3287,483
3288,483
3289,483
3290,483
3291,483
3292,483
3293,483
3294,483
3295,483
3296,483
3297,483
3298,483
3299,483
3300,483
3301,483
3302,483
3303,483
3304,483
3305,483
3306,483
3307,483
3308,483
3309,483
3310,483
3311,483
3312,483
3313,483
3314,483
3315,483
3316,483
3317,483
3318,483
3319,483
3320,483
3321,483
3322,483
3323,483
3324,483
3325,483
3326,483
3327,483
3328,483
3329,483
3330,483
3331,483
3332,483
3333,483
3334,483
3335,483
3336,483
3337,483
3338,483
3339,483
3340,483
3341,483
3342,483
3343,483
3344,483
3345,483
3346,483
3347,483
3348,483
3349,483
3350,483
3351,483
3352,483
3353,483
3354,483
3355,483
3356,483
3357,483
3358,483
3359,483
3360,483
3361,483
3362,483
3363,483
3364,483
3365,483
3366,483
3367,483
3368,483
3369,483
3370,483
3371,483
3372,483
3373,483
3374,483
3375,483
3376,483
3377,483
3378,483
3379,483
3380,483
3381,483
3382,483
3383,483
3384,483
3385,483
3386,483
3387,483
3388,483
3389,483
3390,483
3391,483
3392,483
3393,483
3394,483
3395,483
3396,483
3397,483
3398,483
3399,483
3400,483
3401,483
3402,483
3403,483
3404,483
3405,483
3406,483
3407,483
3408,483
3409,483
3410,483
3411,483
3412,483
3413,483
3414,483
3415,483
3416,483
3417,483
3418,483
3419,483
3420,484
3421,484
3422,484
3423,484
3424,484
3425,484
3426,484
3427,484
3428,484
3429,484
3430,484
3431,484
3432,484
3433,484
3434,484
3435,484
3436,484
3437,484
3438,484
3439,484
3440,484
3441,484
3442,484
3443,484
3444,484
3445,484
3446,484
3447,484
3448,484
3449,484
3450,484
3451,484
3452,484
3453,484
3454,484
3455,484
3456,484
3457,484
3458,484
3459,484
3460,484
3461,484
3462,484
3463,484
3464,484
3465,484
3466,484
3467,484
3468,484
3469,484
3470,484
3471,484
3472,484
3473,484
3474,484
3475,484
3476,484
3477,485
3478,485
3479,485
3480,485
3481,486
3482,486
3483,486
3484,486
3485,486
3486,486
3487,486
3488,486
3489,486
3490,486
3491,486
3492,486
3493,486
3494,486
3495,486
3496,486
3497,486
3498,486
3499,486
3500,486
3501,486
3502,486
3503,486
3504,486
3505,486
3506,486
3507,486
3508,486
3509,486
3510,486
3511,486
3512,486
3513,486
3514,486
3515,486
3516,486
3517,486
3518,487
3519,487
3520,487
3521,487
3522,487
3523,487
3524,487
3525,487
3526,487
3527,487
3528,487
3529,487
3530,487
3531,487
3532,487
3533,487
3534,487
3535,487
3536,487
3537,487
3538,487
3539,487
3540,487
3541,487
3542,487
3543,487
3544,487
3545,487
3546,487
3547,487
3548,487
3549,487
3550,487
3551,487
3552,487
3553,487
3554,487
3555,487
3556,487
3557,487
3558,487
3559,487
3560,487
3561,487
3562,487
3563,487
3564,487
3565,487
3566,487
3567,487
3568,487
3569,487
3570,487
3571,487
3572,487
3573,487
3574,487
3575,487
3576,487
3577,487
3578,487
3579,487
3580,487
3581,487
3582,487
3583,487
3584,487
3585,487
3586,487
3587,487
3588,487
3589,487
3590,487
3591,487
3592,487
3593,487
3594,487
3595,487
3596,487
3597,487
3598,487
3599,487
3600,487
3601,487
3602,487
3603,487
3604,487
3605,487
3606,487
3607,487
3608,487
3609,487
3610,487
3611,487
3612,487
3613,487
3614,487
3615,487
3616,487
3617,487
3618,487
3619,487
3620,487
3621,487
3622,487
3623,487
3624,487
3625,487
3626,487
3627,487
3628,487
3629,487
3630,487
3631,487
3632,487
3633,487
3634,487
3635,487
3636,487
3637,487
3638,487
3639,487
3640,487
3641,487
3642,487
3643,487
3644,487
3645,487
3646,487
3647,487
3648,488
3649,489
3650,489
3651,489
3652,489
3653,489
3654,489
3655,489
3656,489
3657,489
3658,489
3659,489
3660,489
3661,489
3662,489
3663,489
3664,489
3665,489
3666,489
3667,489
3668,489
3669,489
3670,489
3671,489
3672,489
3673,489
3674,489
3675,489
3676,489
3677,489
3678,489
3679,489
3680,489
3681,489
3682,489
3683,489
3684,489
3685,489
3686,489
3687,489
3688,489
3689,489
3690,489
3691,489
3692,489
3693,489
3694,489
3695,489
3696,489
3697,489
3698,489
3699,489
3700,489
3701,489
3702,489
3703,489
3704,489
3705,489
3706,489
3707,489
3708,489
3709,489
3710,489
3711,489
3712,489
3713,489
3714,489
3715,489
3716,489
3717,489
3718,489
3719,489
3720,489
3721,489
3722,489
3723,489
3724,489
3725,489
3726,489
3727,489
3728,489
3729,489
3730,489
3731,489
3732,489
3733,489
3734,489
3735,489
3736,489
3737,489
3738,489
3739,489
3740,489
3741,489
3742,489
3743,489
3744,489
3745,489
3746,489
3747,489
3748,489
3749,489
3750,489
3751,489
3752,489
3753,489
3754,489
3755,489
3756,489
3757,489
3758,489
3759,489
3760,489
3761,489
3762,489
3763,489
3764,489
3765,489
3766,489
3767,489
3768,489
3769,489
3770,489
3771,489
3772,489
3773,489
3774,489
3775,489
3776,489
3777,489
3778,489
3779,490
3780,490
3781,490
3782,490
3783,490
3784,490
3785,490
3786,490
3787,490
3788,490
3789,490
3790,490
3791,490
3792,490
3793,490
3794,490
3795,490
3796,490
3797,490
3798,490
3799,490
3800,490
3801,490
3802,490
3803,490
3804,490
3805,490
3806,490
3807,490
3808,490
3809,490
3810,490
3811,490
3812,490
3813,490
3814,490
3815,490
3816,490
3817,490
3818,490
3819,490
3820,490
3821,490
3822,490
3823,490
3824,490
3825,490
3826,490
3827,490
3828,490
3829,490
3830,491
3831,491
3832,491
3833,491
3834,491
3835,491
3836,491
3837,491
3838,491
3839,491
3840,491
3841,491
3842,491
3843,491
3844,491
3845,491
3846,491
3847,491
3848,491
3849,491
3850,491
3851,491
3852,491
3853,491
3854,491
3855,491
3856,491
3857,491
3858,491
3859,491
3860,491
3861,491
3862,491
3863,491
3864,491
3865,491
3866,492
3867,492
3868,492
3869,492
3870,492
3871,492
3872,492
3873,492
3874,492
3875,493
3876,493
3877,493
3878,493
3879,493
3880,493
3881,493
3882,493
3883,493
3884,493
3885,493
3886,493
3887,493
3888,493
3889,493
3890,493
3891,493
3892,493
3893,493
3894,493
3895,493
3896,493
3897,493
3898,493
3899,493
3900,493
3901,493
3902,493
3903,493
3904,493
3905,493
3906,493
3907,493
3908,493
3909,493
3910,493
3911,493
3912,493
3913,493
3914,493
3915,493
3916,493
3917,493
3918,493
3919,493
3920,493
3921,493
3922,493
3923,493
3924,493
3925,493
3926,493
3927,493
3928,493
3929,493
3930,493
3931,493
3932,493
3933,493
3934,493
3935,493
3936,493
3937,493
3938,493
3939,493
3940,493
3941,493
3942,493
3943,493
3944,493
3945,493
3946,493
3947,493
3948,493
3949,493
3950,493
3951,493
3952,493
3953,493
3954,493
3955,493
3956,493
3957,493
3958,493
3959,493
3960,493
3961,493
3962,493
3963,493
3964,493
3965,493
3966,493
3967,493
3968,493
3969,493
3970,493
3971,493
3972,493
3973,493
3974,493
3975,493
3976,493
3977,493
3978,493
3979,493
3980,493
3981,493
3982,493
3983,493
3984,493
3985,493
3986,493
3987,493
3988,493
3989,493
3990,493
3991,493
3992,493
3993,493
3994,493
3995,493
3996,493
3997,493
3998,493
3999,493
4000,493
4001,493
4002,493
4003,493
4004,493
4005,493
4006,493
4007,493
4008,493
4009,493
4010,493
4011,493
4012,493
4013,493
4014,493
4015,493
4016,493
4017,493
4018,493
4019,493
4020,493
4021,493
4022,493
4023,493
4024,493
4025,493
4026,493
4027,493
4028,493
4029,493
4030,493
4031,493
4032,493
4033,493
4034,493
4035,493
4036,493
4037,493
4038,493
4039,493
4040,493
4041,493
4042,493
4043,493
4044,493
4045,493
4046,493
4047,493
4048,493
4049,493
4050,493
4051,493
4052,493
4053,493
4054,493
4055,493
4056,493
4057,493
4058,493
4059,493
4060,493
4061,493
4062,493
4063,493
4064,493
4065,493
4066,493
4067,493
4068,493
4069,493
4070,493
4071,493
4072,493
4073,493
4074,493
4075,493
4076,493
4077,493
4078,493
4079,493
4080,493
4081,493
4082,493
4083,493
4084,493
4085,493
4086,493
4087,493
4088,493
4089,493
4090,493
4091,493
4092,493
4093,493
4094,493
4095,493
4096,493
4097,493
4098,493
4099,493
4100,493
4101,493
4102,493
4103,493
4104,493
4105,493
4106,493
4107,493
4108,493
4109,493
4110,493
4111,493
4112,493
4113,493
4114,493
4115,493
4116,493
4117,493
4118,493
4119,493
4120,493
4121,493
4122,493
4123,493
4124,493
4125,493
4126,493
4127,493
4128,493
4129,493
4130,493
4131,493
4132,493
4133,493
4134,493
4135,493
4136,493
4137,493
4138,493
4139,493
4140,493
4141,493
4142,493
4143,493
4144,493
4145,493
4146,493
4147,493
4148,493
4149,493
4150,493
4151,493
4152,493
4153,493
4154,493
4155,493
4156,493
4157,493
4158,493
4159,493
4160,493
4161,493
4162,493
4163,493
4164,493
4165,493
4166,493
4167,493
4168,493
4169,493
4170,493
4171,493
4172,493
4173,493
4174,493
4175,493
4176,493
4177,493
4178,493
4179,493
4180,493
4181,493
4182,493
4183,493
4184,493
4185,493
4186,493
4187,493
4188,493
4189,493
4190,493
4191,493
4192,493
4193,493
4194,493
4195,493
4196,493
4197,493
4198,493
4199,493
4200,493
4201,493
4202,493
4203,493
4204,493
4205,493
4206,493
4207,493
4208,493
4209,493
4210,493
4211,493
4212,493
4213,493
4214,493
4215,493
4216,493
4217,493
4218,493
4219,493
4220,493
4221,493
4222,493
4223,493
4224,493
4225,493
4226,493
4227,493
4228,493
4229,493
4230,493
4231,493
4232,493
4233,493
4234,493
4235,493
4236,493
4237,493
4238,493
4239,493
4240,493
4241,493
4242,493
4243,493
4244,493
4245,493
4246,493
4247,493
4248,493
4249,493
4250,493
4251,493
4252,493
4253,493
4254,493
4255,493
4256,493
4257,493
4258,493
4259,493
4260,493
4261,493
4262,493
4263,493
4264,493
4265,493
4266,493
4267,493
4268,493
4269,493
4270,493
4271,493
4272,493
4273,493
4274,493
4275,493
4276,493
4277,493
4278,493
4279,493
4280,493
4281,493
4282,493
4283,493
4284,493
4285,493
4286,493
4287,493
4288,493
4289,493
4290,493
4291,493
4292,493
4293,493
4294,493
4295,493
4296,493
4297,493
4298,493
4299,493
4300,493
4301,493
4302,493
4303,493
4304,493
4305,493
4306,493
4307,493
4308,493
4309,493
4310,493
4311,493
4312,493
4313,493
4314,493
4315,493
4316,493
4317,493
4318,493
4319,493
4320,493
4321,493
4322,493
4323,493
4324,493
4325,493
4326,493
4327,493
4328,493
4329,493
4330,493
4331,493
4332,493
4333,493
4334,493
4335,493
4336,493
4337,493
4338,493
4339,493
4340,493
4341,493
4342,493
4343,493
4344,493
4345,493
4346,493
4347,493
4348,493
4349,493
4350,493
4351,493
4352,493
4353,493
4354,493
4355,493
4356,493
4357,493
4358,493
4359,493
4360,493
4361,493
4362,493
4363,493
4364,493
4365,493
4366,493
4367,493
4368,493
4369,493
4370,493
4371,493
4372,493
4373,493
4374,493
4375,493
4376,493
4377,493
4378,493
4379,493
4380,493
4381,493
4382,493
4383,493
4384,493
4385,493
4386,493
4387,493
4388,493
4389,493
4390,493
4391,493
4392,493
4393,493
4394,493
4395,493
4396,493
4397,493
4398,493
4399,493
4400,493
4401,493
4402,493
4403,493
4404,493
4405,493
4406,493
4407,493
4408,493
4409,493
4410,493
4411,493
4412,493
4413,493
4414,493
4415,493
4416,493
4417,493
4418,493
4419,493
4420,493
4421,493
4422,493
4423,493
4424,493
4425,493
4426,493
4427,493
4428,493
4429,493
4430,493
4431,493
4432,493
4433,493
4434,493
4435,493
4436,493
4437,493
4438,493
4439,493
4440,493
4441,493
4442,493
4443,493
4444,493
4445,493
4446,493
4447,493
4448,493
4449,493
4450,493
4451,493
4452,493
4453,493
4454,493
4455,493
4456,493
4457,493
4458,493
4459,493
4460,493
4461,493
4462,493
4463,493
4464,493
4465,493
4466,493
4467,493
4468,493
4469,493
4470,493
4471,493
4472,493
4473,493
4474,493
4475,493
4476,493
4477,493
4478,493
4479,493
4480,493
4481,493
4482,493
4483,493
4484,493
4485,493
4486,493
4487,493
4488,493
4489,493
4490,493
4491,493
4492,493
4493,493
4494,493
4495,493
4496,493
4497,493
4498,493
4499,493
4500,493
4501,493
4502,493
4503,493
4504,493
4505,493
4506,493
4507,493
4508,493
4509,493
4510,493
4511,493
4512,493
4513,493
4514,493
4515,493
4516,493
4517,493
4518,493
4519,493
4520,493
4521,493
4522,493
4523,493
4524,493
4525,493
4526,493
4527,493
4528,493
4529,493
4530,493
4531,493
4532,493
4533,493
4534,493
4535,493
4536,493
4537,493
4538,493
4539,493
4540,493
4541,493
4542,493
4543,493
4544,493
4545,493
4546,493
4547,493
4548,493
4549,493
4550,493
4551,493
4552,493
4553,493
4554,493
4555,493
4556,493
4557,493
4558,493
4559,493
4560,493
4561,493
4562,493
4563,493
4564,493
4565,493
4566,493
4567,493
4568,493
4569,493
4570,493
4571,493
4572,493
4573,493
4574,493
4575,493
4576,493
4577,493
4578,493
4579,493
4580,493
4581,493
4582,493
4583,493
4584,493
4585,493
4586,493
4587,493
4588,493
4589,493
4590,493
4591,493
4592,493
4593,493
4594,493
4595,493
4596,493
4597,493
4598,493
4599,493
4600,493
4601,493
4602,493
4603,493
4604,493
4605,493
4606,493
4607,493
4608,493
4609,493
4610,493
4611,493
4612,493
4613,493
4614,493
4615,493
4616,493
4617,493
4618,493
4619,493
4620,493
4621,493
4622,493
4623,493
4624,493
4625,493
4626,493
4627,493
4628,493
4629,493
4630,493
4631,493
4632,493
4633,493
4634,493
4635,493
4636,493
4637,493
4638,493
4639,493
4640,493
4641,493
4642,493
4643,493
4644,493
4645,493
4646,493
4647,493
4648,493
4649,493
4650,493
4651,493
4652,493
4653,493
4654,493
4655,493
4656,493
4657,493
4658,493
4659,493
4660,494
4661,494
4662,494
4663,494
4664,494
4665,494
4666,494
4667,494
4668,494
4669,494
4670,494
4671,494
4672,494
4673,494
4674,494
4675,494
4676,494
4677,494
4678,494
4679,494
4680,494
4681,494
4682,494
4683,494
4684,494
4685,494
4686,494
4687,494
4688,494
4689,494
4690,494
4691,494
4692,494
4693,494
4694,494
4695,494
4696,494
4697,494
4698,494
4699,494
4700,494
4701,494
4702,494
4703,494
4704,494
4705,494
4706,494
4707,494
4708,494
4709,494
4710,494
4711,494
4712,494
4713,494
4714,494
4715,494
4716,494
4717,494
4718,494
4719,494
4720,494
4721,494
4722,494
4723,494
4724,494
4725,494
4726,494
4727,494
4728,494
4729,494
4730,494
4731,494
4732,494
4733,494
4734,494
4735,494
4736,494
4737,494
4738,494
4739,494
4740,494
4741,494
4742,494
4743,494
4744,494
4745,494
4746,494
4747,494
4748,494
4749,494
4750,494
4751,495
4752,495
4753,495
4754,495
4755,495
4756,495
4757,495
4758,495
4759,495
4760,495
4761,495
4762,495
4763,495
4764,495
4765,495
4766,495
4767,495
4768,495
4769,495
4770,495
4771,495
4772,495
4773,495
4774,495
4775,495
4776,495
4777,495
4778,495
4779,495
4780,495
4781,495
4782,495
4783,495
4784,495
4785,495
4786,495
4787,495
4788,495
4789,495
4790,495
4791,495
4792,495
4793,495
4794,495
4795,495
4796,495
4797,495
4798,495
4799,495
4800,495
4801,495
4802,495
4803,495
4804,495
4805,495
4806,495
4807,495
4808,495
4809,495
4810,495
4811,495
4812,495
4813,495
4814,495
4815,495
4816,495
4817,495
4818,495
4819,495
4820,495
4821,495
4822,495
4823,495
4824,495
4825,495
4826,495
4827,495
4828,495
4829,495
4830,495
4831,495
4832,495
4833,495
4834,495
4835,495
4836,495
4837,495
4838,495
4839,495
4840,495
4841,495
4842,495
4843,495
4844,495
4845,495
4846,495
4847,495
4848,495
4849,495
4850,495
4851,495
4852,495
4853,495
4854,495
4855,495
4856,495
4857,495
4858,495
4859,495
4860,495
4861,495
4862,495
4863,495
4864,495
4865,495
4866,495
4867,495
4868,495
4869,495
4870,495
4871,495
4872,495
4873,495
4874,495
4875,495
4876,495
4877,495
4878,495
4879,495
4880,495
4881,495
4882,495
4883,495
4884,495
4885,495
4886,495
4887,495
4888,495
4889,495
4890,495
4891,495
4892,495
4893,495
4894,495
4895,495
4896,495
4897,495
4898,495
4899,495
4900,495
4901,495
4902,495
4903,495
4904,495
4905,495
4906,495
4907,495
4908,495
4909,495
4910,495
4911,495
4912,495
4913,495
4914,495
4915,495
4916,495
4917,495
4918,495
4919,495
4920,495
4921,495
4922,495
4923,495
4924,495
4925,495
4926,495
4927,495
4928,495
4929,495
4930,495
4931,495
4932,495
4933,495
4934,495
4935,495
4936,495
4937,495
4938,495
4939,495
4940,495
4941,495
4942,495
4943,495
4944,495
4945,495
4946,495
4947,495
4948,495
4949,495
4950,495
4951,495
4952,495
4953,495
4954,495
4955,495
4956,495
4957,495
4958,495
4959,495
4960,495
4961,495
4962,495
4963,495
4964,495
4965,495
4966,495
4967,495
4968,495
4969,495
4970,495
4971,495
4972,495
4973,495
4974,495
4975,495
4976,495
4977,495
4978,495
4979,495
4980,495
4981,495
4982,495
4983,495
4984,495
4985,495
4986,495
4987,495
4988,495
4989,495
4990,495
4991,495
4992,495
4993,495
4994,495
4995,495
4996,495
4997,495
4998,495
4999,495
5000,495
5001,495
5002,495
5003,495
5004,495
5005,495
5006,495
5007,495
5008,495
5009,495
5010,495
5011,495
5012,495
5013,495
5014,495
5015,495
5016,495
5017,495
5018,495
5019,495
5020,495
5021,495
5022,495
5023,495
5024,495
5025,495
5026,495
5027,495
5028,495
5029,495
5030,495
5031,495
5032,495
5033,495
5034,495
5035,495
5036,495
5037,495
5038,495
5039,495
5040,495
5041,495
5042,495
5043,495
5044,495
5045,495
5046,495
5047,495
5048,495
5049,495
5050,495
5051,495
5052,495
5053,495
5054,495
5055,495
5056,495
5057,495
5058,495
5059,495
5060,495
5061,495
5062,495
5063,495
5064,495
5065,495
5066,495
5067,495
5068,495
5069,495
5070,495
5071,495
5072,495
5073,495
5074,495
5075,495
5076,495
5077,495
5078,495
5079,495
5080,495
5081,495
5082,495
5083,495
5084,495
5085,495
5086,495
5087,495
5088,495
5089,495
5090,495
5091,495
5092,495
5093,495
5094,495
5095,495
5096,495
5097,495
5098,495
5099,495
5100,495
5101,495
5102,495
5103,495
5104,495
5105,495
5106,495
5107,496
5108,496
5109,496
5110,496
5111,496
5112,496
5113,496
5114,496
5115,496
5116,496
5117,496
5118,496
5119,496
5120,496
5121,496
5122,496
5123,496
5124,496
5125,496
5126,496
5127,496
5128,496
5129,496
5130,496
5131,496
5132,496
5133,496
5134,496
5135,496
5136,496
5137,496
5138,496
5139,496
5140,496
5141,496
5142,496
5143,496
5144,496
5145,496
5146,496
5147,496
5148,496
5149,496
5150,496
5151,496
5152,496
5153,496
5154,496
5155,496
5156,496
5157,496
5158,496
5159,496
5160,496
5161,496
5162,496
5163,496
5164,497
5165,497
5166,497
5167,497
5168,497
5169,497
5170,497
5171,497
5172,497
5173,497
5174,497
5175,497
5176,497
5177,497
5178,497
5179,497
5180,497
5181,497
5182,497
5183,497
5184,497
5185,497
5186,497
5187,497
5188,497
5189,497
5190,497
5191,497
5192,497
5193,497
5194,497
5195,497
5196,497
5197,497
5198,497
5199,497
5200,497
5201,497
5202,497
5203,497
5204,497
5205,497
5206,497
5207,497
5208,497
5209,497
5210,497
5211,497
5212,497
5213,497
5214,497
5215,497
5216,497
5217,497
5218,497
5219,497
5220,497
5221,497
5222,497
5223,497
5224,497
5225,497
5226,497
5227,497
5228,497
5229,497
5230,497
5231,497
5232,497
5233,497
5234,497
5235,497
5236,497
5237,497
5238,497
5239,497
5240,497
5241,497
5242,497
5243,497
5244,497
5245,497
5246,497
5247,497
5248,497
5249,497
5250,497
5251,497
5252,497
5253,497
5254,497
5255,497
5256,497
5257,497
5258,497
5259,497
5260,497
5261,497
5262,497
5263,497
5264,497
5265,497
5266,497
5267,497
5268,497
5269,497
5270,497
5271,497
5272,497
5273,497
5274,497
5275,497
5276,497
5277,497
5278,497
5279,497
5280,497
5281,497
5282,497
5283,497
5284,497
5285,497
5286,497
5287,497
5288,497
5289,497
5290,497
5291,497
5292,497
5293,497
5294,497
5295,497
5296,497
5297,497
5298,497
5299,497
5300,497
5301,497
5302,497
5303,497
5304,497
5305,497
5306,497
5307,497
5308,497
5309,497
5310,497
5311,497
5312,497
5313,497
5314,497
5315,497
5316,497
5317,497
5318,497
5319,497
5320,497
5321,497
5322,497
5323,497
5324,497
5325,497
5326,497
5327,497
5328,497
5329,497
5330,497
5331,497
5332,497
5333,497
5334,497
5335,497
5336,497
5337,497
5338,497
5339,497
5340,497
5341,497
5342,497
5343,497
5344,497
5345,497
5346,497
5347,497
5348,497
5349,497
5350,497
5351,497
5352,497
5353,497
5354,497
5355,497
5356,497
5357,497
5358,497
5359,497
5360,497
5361,497
5362,497
5363,497
5364,497
5365,497
5366,497
5367,497
5368,497
5369,497
5370,497
5371,497
5372,497
5373,497
5374,497
5375,497
5376,497
5377,497
5378,497
5379,497
5380,497
5381,497
5382,497
5383,497
5384,497
5385,497
5386,497
5387,497
5388,497
5389,497
5390,497
5391,497
5392,497
5393,497
5394,497
5395,497
5396,497
5397,497
5398,497
5399,497
5400,497
5401,497
5402,497
5403,497
5404,497
5405,497
5406,497
5407,497
5408,497
5409,497
5410,497
5411,497
5412,497
5413,497
5414,497
5415,497
5416,497
5417,497
5418,497
5419,497
5420,497
5421,497
5422,497
5423,497
5424,497
5425,497
5426,497
5427,497
5428,497
5429,497
5430,497
5431,497
5432,497
5433,497
5434,497
5435,497
5436,497
5437,497
5438,497
5439,497
5440,497
5441,497
5442,497
5443,497
5444,497
5445,497
5446,497
5447,497
5448,497
5449,497
5450,497
5451,497
5452,497
5453,497
5454,497
5455,497
5456,497
5457,497
5458,497
5459,497
5460,497
5461,497
5462,497
5463,497
5464,497
5465,497
5466,497
5467,497
5468,497
5469,497
5470,497
5471,497
5472,497
5473,497
5474,497
5475,497
5476,497
5477,497
5478,497
5479,497
5480,497
5481,497
5482,497
5483,497
5484,497
5485,497
5486,497
5487,497
5488,497
5489,497
5490,497
5491,497
5492,497
5493,497
5494,497
5495,497
5496,497
5497,497
5498,497
5499,497
5500,497
5501,497
5502,497
5503,497
5504,497
5505,497
5506,497
5507,497
5508,497
5509,497
5510,497
5511,497
5512,497
5513,497
5514,497
5515,497
5516,497
5517,497
5518,497
5519,497
5520,497
5521,497
5522,497
5523,497
5524,497
5525,497
5526,497
5527,497
5528,497
5529,497
5530,497
5531,497
5532,497
5533,497
5534,497
5535,497
5536,497
5537,497
5538,497
5539,497
5540,497
5541,497
5542,497
5543,497
5544,497
5545,497
5546,497
5547,497
5548,497
5549,497
5550,497
5551,497
5552,497
5553,497
5554,497
5555,497
5556,497
5557,497
5558,497
5559,497
5560,497
5561,497
5562,497
5563,497
5564,497
5565,497
5566,497
5567,497
5568,497
5569,497
5570,497
5571,497
5572,497
5573,497
5574,497
5575,497
5576,497
5577,497
5578,497
5579,497
5580,497
5581,497
5582,497
5583,497
5584,497
5585,497
5586,497
5587,497
5588,497
5589,497
5590,497
5591,497
5592,497
5593,497
5594,497
5595,497
5596,497
5597,497
5598,497
5599,497
5600,497
5601,497
5602,497
5603,497
5604,497
5605,497
5606,497
5607,497
5608,497
5609,497
5610,497
5611,497
5612,497
5613,497
5614,497
5615,497
5616,497
5617,497
5618,497
5619,497
5620,497
5621,497
5622,497
5623,497
5624,497
5625,497
5626,497
5627,497
5628,497
5629,497
5630,497
5631,497
5632,497
5633,497
5634,497
5635,497
5636,497
5637,497
5638,497
5639,497
5640,497
5641,497
5642,497
5643,497
5644,497
5645,497
5646,497
5647,497
5648,497
5649,497
5650,497
5651,497
5652,497
5653,497
5654,497
5655,497
5656,497
5657,497
5658,497
5659,497
5660,497
5661,497
5662,497
5663,497
5664,497
5665,497
5666,497
5667,497
5668,497
5669,497
5670,497
5671,497
5672,497
5673,497
5674,497
5675,497
5676,497
5677,497
5678,497
5679,497
5680,497
5681,497
5682,497
5683,497
5684,497
5685,497
5686,497
5687,497
5688,497
5689,497
5690,497
5691,497
5692,497
5693,497
5694,497
5695,497
5696,497
5697,497
5698,497
5699,497
5700,497
5701,497
5702,497
5703,497
5704,497
5705,497
5706,497
5707,497
5708,497
5709,497
5710,497
5711,497
5712,497
5713,497
5714,497
5715,497
5716,497
5717,497
5718,497
5719,497
5720,497
5721,497
5722,497
5723,497
5724,497
5725,497
5726,497
5727,497
5728,497
5729,497
5730,497
5731,497
5732,497
5733,497
5734,497
5735,497
5736,497
5737,497
5738,497
5739,497
5740,497
5741,497
5742,497
5743,497
5744,497
5745,497
5746,497
5747,497
5748,497
5749,497
5750,497
5751,497
5752,497
5753,497
5754,497
5755,497
5756,497
5757,497
5758,497
5759,497
5760,497
5761,497
5762,497
5763,497
5764,497
5765,497
5766,497
5767,497
5768,497
5769,497
5770,497
5771,497
5772,497
5773,497
5774,497
5775,497
5776,497
5777,497
5778,497
5779,497
5780,497
5781,497
5782,497
5783,497
5784,497
5785,497
5786,497
5787,497
5788,497
5789,497
5790,497
5791,497
5792,497
5793,497
5794,497
5795,497
5796,497
5797,498
5798,498
5799,498
5800,498
5801,498
5802,498
5803,498
5804,498
5805,498
5806,498
5807,498
5808,498
5809,498
5810,498
5811,498
5812,498
5813,498
5814,498
5815,498
5816,498
5817,498
5818,498
5819,498
5820,498
5821,498
5822,498
5823,498
5824,498
5825,498
5826,498
5827,498
5828,498
5829,498
5830,498
5831,498
5832,498
5833,498
5834,498
5835,498
5836,498
5837,498
5838,498
5839,498
5840,498
5841,498
5842,498
5843,498
5844,498
5845,498
5846,498
5847,498
5848,498
5849,498
5850,498
5851,498
5852,498
5853,498
5854,498
5855,498
5856,498
5857,498
5858,498
5859,498
5860,498
5861,498
5862,498
5863,498
5864,498
5865,498
5866,498
5867,498
5868,498
5869,498
5870,498
5871,498
5872,498
5873,498
5874,498
5875,498
5876,498
5877,498
5878,498
5879,498
5880,498
5881,498
5882,498
5883,498
5884,498
5885,498
5886,498
5887,498
5888,498
5889,498
5890,498
5891,498
5892,498
5893,498
5894,498
5895,498
5896,498
5897,498
5898,498
5899,498
5900,498
5901,498
5902,498
5903,498
5904,498
5905,498
5906,498
5907,498
5908,498
5909,498
5910,498
5911,498
5912,498
5913,498
5914,498
5915,498
5916,498
5917,498
5918,498
5919,498
5920,498
5921,498
5922,498
5923,498
5924,498
5925,498
5926,498
5927,498
5928,498
5929,498
5930,498
5931,498
5932,498
5933,498
5934,498
5935,498
5936,498
5937,498
5938,498
5939,498
5940,498
5941,498
5942,498
5943,498
5944,498
5945,498
5946,498
5947,498
5948,498
5949,498
5950,498
5951,498
5952,498
5953,498
5954,498
5955,498
5956,498
5957,498
5958,498
5959,498
5960,498
5961,498
5962,498
5963,498
5964,498
5965,498
5966,498
5967,498
5968,498
5969,498
5970,498
5971,498
5972,498
5973,498
5974,498
5975,498
5976,498
5977,498
5978,498
5979,498
5980,498
5981,498
5982,498
5983,498
5984,498
5985,498
5986,498
5987,498
5988,498
5989,498
5990,498
5991,498
5992,498
5993,498
5994,498
5995,498
5996,498
5997,498
5998,498
5999,498
6000,498
6001,498
6002,498
6003,498
6004,498
6005,498
6006,498
6007,498
6008,498
6009,498
6010,498
6011,498
6012,498
6013,498
6014,498
6015,498
6016,498
6017,498
6018,498
6019,498
6020,498
6021,498
6022,498
6023,498
6024,498
6025,498
6026,498
6027,498
6028,498
6029,498
6030,498
6031,498
6032,498
6033,498
6034,498
6035,498
6036,498
6037,498
6038,498
6039,498
6040,498
6041,498
6042,498
6043,498
6044,498
6045,498
6046,498
6047,498
6048,498
6049,498
6050,498
6051,498
6052,498
6053,498
6054,498
6055,498
6056,498
6057,498
6058,498
6059,498
6060,498
6061,498
6062,498
6063,498
6064,498
6065,498
6066,498
6067,498
6068,498
6069,498
6070,498
6071,498
6072,498
6073,498
6074,498
6075,498
6076,498
6077,498
6078,498
6079,498
6080,498
6081,498
6082,498
6083,498
6084,498
6085,498
6086,498
6087,498
6088,498
6089,498
6090,498
6091,498
6092,498
6093,498
6094,498
6095,498
6096,498
6097,498
6098,498
6099,498
6100,498
6101,498
6102,498
6103,498
6104,498
6105,498
6106,498
6107,498
6108,498
6109,498
6110,498
6111,498
6112,498
6113,498
6114,498
6115,498
6116,498
6117,498
6118,498
6119,498
6120,498
6121,498
6122,498
6123,498
6124,498
6125,498
6126,498
6127,498
6128,498
6129,498
6130,498
6131,498
6132,498
6133,498
6134,498
6135,498
6136,498
6137,498
6138,498
6139,498
6140,498
6141,498
6142,498
6143,498
6144,498
6145,498
6146,498
6147,498
6148,498
6149,498
6150,498
6151,498
6152,498
6153,498
6154,498
6155,498
6156,498
6157,498
6158,498
6159,498
6160,498
6161,498
6162,498
6163,498
6164,498
6165,498
6166,498
6167,498
6168,498
6169,498
6170,498
6171,498
6172,498
6173,498
6174,498
6175,498
6176,498
6177,498
6178,498
6179,498
6180,498
6181,498
6182,498
6183,498
6184,498
6185,498
6186,498
6187,498
6188,498
6189,498
6190,498
6191,498
6192,498
6193,498
6194,498
6195,498
6196,498
6197,498
6198,498
6199,498
6200,498
6201,498
6202,498
6203,498
6204,498
6205,498
6206,498
6207,498
6208,498
6209,498
6210,498
6211,498
6212,498
6213,498
6214,498
6215,498
6216,498
6217,498
6218,498
6219,498
6220,498
6221,498
6222,498
6223,498
6224,498
6225,498
6226,498
6227,498
6228,498
6229,498
6230,498
6231,498
6232,498
6233,498
6234,498
6235,498
6236,498
6237,498
6238,498
6239,498
6240,498
6241,498
6242,498
6243,498
6244,498
6245,498
6246,498
6247,498
6248,498
6249,498
6250,498
6251,498
6252,498
6253,498
6254,498
6255,498
6256,498
6257,498
6258,498
6259,498
6260,498
6261,498
6262,498
6263,498
6264,498
6265,498
6266,498
6267,498
6268,498
6269,498
6270,498
6271,498
6272,498
6273,498
6274,498
6275,498
6276,498
6277,498
6278,498
6279,498
6280,498
6281,498
6282,498
6283,498
6284,498
6285,498
6286,498
6287,498
6288,498
6289,498
6290,498
6291,498
6292,498
6293,498
6294,498
6295,498
6296,498
6297,498
6298,498
6299,498
6300,498
6301,498
6302,498
6303,498
6304,498
6305,498
6306,498
6307,498
6308,498
6309,498
6310,498
6311,498
6312,498
6313,498
6314,498
6315,498
6316,498
6317,498
6318,498
6319,498
6320,498
6321,498
6322,498
6323,498
6324,498
6325,498
6326,498
6327,498
6328,498
6329,498
6330,498
6331,498
6332,498
6333,498
6334,498
6335,498
6336,498
6337,498
6338,498
6339,498
6340,498
6341,498
6342,498
6343,498
6344,498
6345,498
6346,498
6347,498
6348,498
6349,498
6350,498
6351,498
6352,498
6353,498
6354,498
6355,498
6356,498
6357,498
6358,498
6359,498
6360,498
6361,498
6362,498
6363,498
6364,498
6365,498
6366,498
6367,498
6368,498
6369,499
6370,499
6371,499
6372,499
6373,499
6374,499
6375,499
6376,499
6377,499
6378,499
6379,499
6380,499
6381,499
6382,499
6383,499
6384,499
6385,499
6386,499
6387,499
6388,499
6389,499
6390,499
6391,499
6392,499
6393,499
6394,499
6395,499
6396,499
6397,499
6398,499
6399,499
6400,499
6401,499
6402,499
6403,499
6404,499
6405,499
6406,499
6407,499
6408,499
6409,499
6410,499
6411,499
6412,499
6413,499
6414,499
6415,499
6416,499
6417,499
6418,499
6419,499
6420,499
6421,499
6422,499
6423,499
6424,499
6425,499
6426,499
6427,499
6428,499
6429,499
6430,499
6431,499
6432,499
6433,499
6434,499
6435,499
6436,499
6437,499
6438,499
6439,499
6440,499
6441,499
6442,499
6443,499
6444,499
6445,499
6446,499
6447,499
6448,499
6449,499
6450,499
6451,499
6452,499
6453,499
6454,499
6455,499
6456,499
6457,499
6458,499
6459,499
6460,499
6461,499
6462,499
6463,499
6464,499
6465,499
6466,499
6467,499
6468,499
6469,499
6470,499
6471,499
6472,499
6473,499
6474,499
6475,499
6476,499
6477,499
6478,499
6479,499
6480,499
6481,499
6482,499
6483,499
6484,499
6485,499
6486,499
6487,500
