0,0
1,1
2,2
3,3
4,4
5,5
6,5
7,6
8,7
9,8
10,9
11,9
12,9
13,10
14,11
15,12
16,13
17,13
18,14
19,14
20,15
21,16
22,17
23,18
24,19
25,20
26,21
27,22
28,23
29,23
30,24
31,25
32,26
33,27
34,28
35,28
36,29
37,30
38,31
39,32
40,33
41,34
42,35
43,36
44,37
45,37
46,38
47,39
48,40
49,41
50,42
51,43
52,44
53,45
54,46
55,46
56,47
57,48
58,49
59,49
60,50
61,51
62,52
63,52
64,53
65,53
66,54
67,55
68,56
69,57
70,58
71,59
72,60
73,61
74,62
75,63
76,64
77,65
78,66
79,67
80,68
81,69
82,70
83,71
84,72
85,73
86,74
87,75
88,76
89,77
90,78
91,79
92,80
93,81
94,81
95,81
96,82
97,83
98,84
99,85
100,86
101,86
102,86
103,87
104,88
105,88
106,88
107,89
108,89
109,89
110,90
111,90
112,90
113,90
114,91
115,92
116,93
117,93
118,93
119,94
120,95
121,96
122,97
123,98
124,99
125,100
126,101
127,102
128,103
129,104
130,105
131,106
132,107
133,107
134,107
135,108
136,109
137,109
138,110
139,111
140,112
141,112
142,112
143,113
144,114
145,115
146,116
147,117
148,118
149,118
150,118
151,118
152,118
153,118
154,118
155,119
156,119
157,119
158,120
159,121
160,121
161,122
162,123
163,123
164,123
165,123
166,123
167,123
168,123
169,123
170,124
171,124
172,124
173,124
174,125
175,126
176,126
177,127
178,128
179,129
180,130
181,131
182,132
183,133
184,134
185,135
186,136
187,137
188,137
189,138
190,138
191,139
192,140
193,140
194,141
195,141
196,142
197,142
198,142
199,142
200,143
201,143
202,143
203,144
204,144
205,145
206,145
207,146
208,146
209,147
210,147
211,147
212,147
213,147
214,148
215,148
216,148
217,148
218,149
219,149
220,150
221,150
222,150
223,151
224,152
225,153
226,153
227,153
228,153
229,154
230,155
231,155
232,156
233,156
234,157
235,157
236,157
237,158
238,158
239,159
240,159
241,159
242,159
243,159
244,159
245,160
246,161
247,161
248,161
249,162
250,162
251,163
252,164
253,164
254,165
255,165
256,165
257,166
258,167
259,168
260,168
261,168
262,168
263,168
264,169
265,169
266,169
267,170
268,170
269,170
270,170
271,171
272,171
273,171
274,172
275,173
276,173
277,173
278,174
279,174
280,174
281,175
282,175
283,176
284,176
285,176
286,177
287,177
288,178
289,178
290,178
291,178
292,179
293,180
294,180
295,181
296,181
297,182
298,183
299,184
300,185
301,186
302,187
303,188
304,189
305,190
306,191
307,192
308,193
309,194
310,195
311,196
312,197
313,197
314,198
315,199
316,200
317,201
318,202
319,203
320,204
321,204
322,204
323,205
324,206
325,207
326,207
327,208
328,208
329,208
330,208
331,208
332,208
333,209
334,209
335,209
336,210
337,211
338,212
339,213
340,213
341,213
342,213
343,213
344,213
345,213
346,214
347,215
348,215
349,215
350,215
351,215
352,215
353,215
354,215
355,216
356,217
357,217
358,217
359,217
360,218
361,218
362,219
363,219
364,220
365,221
366,221
367,222
368,222
369,222
370,223
371,223
372,224
373,225
374,226
375,226
376,226
377,227
378,227
379,228
380,229
381,229
382,229
383,230
384,231
385,231
386,231
387,231
388,231
389,231
390,231
391,231
392,232
393,232
394,232
395,232
396,232
397,232
398,233
399,233
400,233
401,233
402,233
403,234
404,234
405,235
406,235
407,235
408,235
409,236
410,236
411,236
412,236
413,236
414,236
415,236
416,236
417,236
418,236
419,236
420,236
421,236
422,236
423,236
424,236
425,236
426,236
427,236
428,237
429,238
430,238
431,238
432,238
433,238
434,238
435,239
436,240
437,240
438,240
439,240
440,240
441,241
442,241
443,241
444,241
445,241
446,242
447,242
448,243
449,244
450,245
451,246
452,247
453,248
454,249
455,249
456,250
457,251
458,251
459,251
460,252
461,252
462,253
463,253
464,254
465,255
466,255
467,255
468,256
469,256
470,256
471,256
472,257
473,258
474,259
475,260
476,261
477,262
478,263
479,264
480,265
481,266
482,267
483,268
484,268
485,269
486,270
487,271
488,272
489,273
490,274
491,274
492,274
493,275
494,275
495,275
496,275
497,275
498,276
499,277
500,277
501,278
502,279
503,279
504,279
505,280
506,280
507,281
508,281
509,282
510,283
511,284
512,285
513,285
514,286
515,287
516,288
517,289
518,289
519,290
520,291
521,291
522,292
523,292
524,292
525,293
526,293
527,293
528,293
529,293
530,293
531,293
532,293
533,294
534,294
535,294
536,294
537,294
538,295
539,296
540,296
541,297
542,297
543,297
544,297
545,298
546,298
547,298
548,298
549,298
550,299
551,299
552,299
553,299
554,300
555,300
556,300
557,300
558,300
559,301
560,302
561,303
562,303
563,304
564,304
565,304
566,304
567,305
568,305
569,306
570,307
571,307
572,308
573,309
574,309
575,309
576,310
577,311
578,311
579,311
580,311
581,311
582,311
583,311
584,311
585,311
586,311
587,312
588,312
589,312
590,312
591,312
592,312
593,312
594,313
595,313
596,313
597,313
598,313
599,313
600,314
601,315
602,315
603,315
604,315
605,315
606,315
607,315
608,316
609,316
610,316
611,316
612,316
613,316
614,316
615,316
616,316
617,316
618,316
619,316
620,316
621,316
622,316
623,316
624,316
625,316
626,317
627,317
628,317
629,317
630,317
631,317
632,317
633,317
634,317
635,317
636,317
637,317
638,317
639,318
640,318
641,318
642,318
643,318
644,318
645,318
646,318
647,318
648,318
649,318
650,318
651,318
652,318
653,318
654,318
655,318
656,318
657,318
658,318
659,318
660,319
661,319
662,319
663,319
664,319
665,319
666,319
667,319
668,319
669,319
670,319
671,319
672,319
673,320
674,321
675,322
676,323
677,324
678,325
679,326
680,327
681,327
682,328
683,329
684,330
685,330
686,331
687,331
688,332
689,332
690,333
691,333
692,333
693,333
694,333
695,334
696,334
697,334
698,334
699,334
700,334
701,334
702,334
703,334
704,334
705,334
706,334
707,334
708,335
709,336
710,337
711,337
712,337
713,338
714,338
715,338
716,338
717,339
718,339
719,340
720,341
721,341
722,341
723,341
724,341
725,342
726,343
727,343
728,343
729,343
730,343
731,343
732,343
733,343
734,343
735,343
736,343
737,343
738,344
739,345
740,345
741,345
742,345
743,346
744,346
745,346
746,346
747,346
748,346
749,346
750,346
751,346
752,346
753,346
754,346
755,346
756,346
757,346
758,346
759,346
760,346
761,346
762,346
763,346
764,346
765,346
766,346
767,346
768,346
769,346
770,346
771,346
772,346
773,346
774,346
775,346
776,346
777,346
778,346
779,346
780,346
781,346
782,346
783,346
784,346
785,347
786,347
787,347
788,347
789,348
790,348
791,348
792,348
793,348
794,348
795,348
796,348
797,348
798,348
799,348
800,348
801,348
802,348
803,348
804,348
805,348
806,348
807,348
808,348
809,348
810,348
811,348
812,348
813,348
814,348
815,348
816,348
817,348
818,348
819,348
820,348
821,348
822,348
823,348
824,348
825,348
826,348
827,348
828,348
829,348
830,348
831,348
832,348
833,348
834,348
835,348
836,349
837,349
838,349
839,349
840,350
841,350
842,350
843,350
844,350
845,350
846,350
847,350
848,350
849,350
850,350
851,350
852,351
853,351
854,351
855,351
856,351
857,351
858,351
859,351
860,351
861,351
862,351
863,351
864,351
865,351
866,352
867,352
868,353
869,354
870,354
871,354
872,354
873,354
874,354
875,355
876,355
877,355
878,355
879,356
880,356
881,357
882,358
883,359
884,360
885,361
886,361
887,362
888,363
889,364
890,364
891,364
892,365
893,366
894,367
895,368
896,368
897,368
898,369
899,370
900,370
901,370
902,370
903,371
904,371
905,372
906,372
907,373
908,374
909,375
910,376
911,376
912,376
913,376
914,377
915,378
916,379
917,379
918,379
919,380
920,380
921,381
922,382
923,382
924,383
925,384
926,384
927,384
928,384
929,385
930,386
931,387
932,387
933,387
934,387
935,387
936,387
937,387
938,387
939,387
940,387
941,387
942,387
943,388
944,388
945,389
946,389
947,389
948,389
949,390
950,390
951,390
952,390
953,390
954,390
955,390
956,391
957,392
958,392
959,392
960,393
961,393
962,393
963,394
964,394
965,394
966,394
967,394
968,394
969,394
970,395
971,395
972,395
973,395
974,395
975,395
976,395
977,396
978,396
979,396
980,397
981,397
982,398
983,399
984,399
985,400
986,401
987,402
988,402
989,403
990,403
991,404
992,404
993,404
994,405
995,405
996,406
997,406
998,406
999,406
1000,406
1001,406
1002,406
1003,406
1004,406
1005,406
1006,406
1007,406
1008,406
1009,406
1010,406
1011,406
1012,406
1013,406
1014,406
1015,406
1016,406
1017,406
1018,406
1019,406
1020,407
1021,407
1022,407
1023,408
1024,408
1025,408
1026,409
1027,409
1028,410
1029,410
1030,410
1031,410
1032,410
1033,410
1034,410
1035,411
1036,412
1037,412
1038,413
1039,413
1040,413
1041,414
1042,414
1043,414
1044,414
1045,414
1046,414
1047,414
1048,415
1049,415
1050,415
1051,415
1052,415
1053,415
1054,415
1055,415
1056,415
1057,415
1058,415
1059,415
1060,415
1061,415
1062,415
1063,415
1064,415
1065,415
1066,415
1067,416
1068,417
1069,418
1070,418
1071,418
1072,418
1073,418
1074,418
1075,418
1076,418
1077,419
1078,419
1079,419
1080,420
1081,421
1082,421
1083,422
1084,423
1085,423
1086,424
1087,424
1088,424
1089,425
1090,425
1091,426
1092,427
1093,427
1094,427
1095,427
1096,427
1097,427
1098,427
1099,427
1100,427
1101,427
1102,427
1103,427
1104,427
1105,427
1106,427
1107,427
1108,427
1109,427
1110,427
1111,427
1112,428
1113,428
1114,428
1115,428
1116,428
1117,428
1118,428
1119,428
1120,428
1121,428
1122,428
1123,428
1124,428
1125,428
1126,428
1127,428
1128,428
1129,428
1130,428
1131,428
1132,428
1133,428
1134,428
1135,428
1136,428
1137,428
1138,428
1139,428
1140,429
1141,429
1142,429
1143,429
1144,429
1145,430
1146,430
1147,430
1148,430
1149,430
1150,430
1151,430
1152,431
1153,432
1154,432
1155,432
1156,432
1157,432
1158,432
1159,432
1160,432
1161,432
1162,433
1163,433
1164,433
1165,433
1166,433
1167,433
1168,434
1169,434
1170,434
1171,435
1172,435
1173,435
1174,435
1175,435
1176,435
1177,435
1178,435
1179,435
1180,435
1181,435
1182,435
1183,435
1184,435
1185,435
1186,435
1187,435
1188,435
1189,435
1190,435
1191,435
1192,435
1193,435
1194,435
1195,435
1196,435
1197,435
1198,435
1199,436
1200,436
1201,436
1202,436
1203,436
1204,436
1205,436
1206,436
1207,436
1208,436
1209,436
1210,436
1211,436
1212,436
1213,436
1214,436
1215,436
1216,436
1217,437
1218,437
1219,437
1220,437
1221,437
1222,437
1223,437
1224,437
1225,437
1226,437
1227,437
1228,437
1229,437
1230,437
1231,437
1232,437
1233,437
1234,437
1235,437
1236,437
1237,437
1238,437
1239,437
1240,438
1241,438
1242,438
1243,438
1244,438
1245,439
1246,439
1247,439
1248,439
1249,439
1250,439
1251,439
1252,439
1253,439
1254,439
1255,439
1256,439
1257,439
1258,439
1259,439
1260,439
1261,439
1262,439
1263,439
1264,439
1265,439
1266,439
1267,439
1268,439
1269,439
1270,439
1271,439
1272,439
1273,440
1274,440
1275,440
1276,441
1277,441
1278,441
1279,441
1280,441
1281,441
1282,441
1283,441
1284,441
1285,441
1286,441
1287,441
1288,441
1289,441
1290,441
1291,441
1292,441
1293,441
1294,441
1295,441
1296,441
1297,441
1298,441
1299,441
1300,441
1301,441
1302,441
1303,441
1304,441
1305,441
1306,441
1307,441
1308,442
1309,442
1310,442
1311,442
1312,442
1313,442
1314,442
1315,442
1316,442
1317,443
1318,443
1319,443
1320,443
1321,443
1322,443
1323,443
1324,443
1325,443
1326,443
1327,443
1328,443
1329,444
1330,445
1331,446
1332,447
1333,448
1334,448
1335,449
1336,449
1337,449
1338,449
1339,449
1340,450
1341,450
1342,450
1343,450
1344,451
1345,451
1346,451
1347,451
1348,452
1349,452
1350,452
1351,452
1352,452
1353,452
1354,452
1355,452
1356,452
1357,452
1358,452
1359,453
1360,453
1361,453
1362,453
1363,453
1364,453
1365,453
1366,453
1367,453
1368,453
1369,454
1370,454
1371,455
1372,455
1373,455
1374,455
1375,455
1376,455
1377,455
1378,455
1379,455
1380,455
1381,455
1382,455
1383,455
1384,456
1385,456
1386,456
1387,456
1388,456
1389,456
1390,456
1391,456
1392,456
1393,456
1394,456
1395,456
1396,456
1397,456
1398,456
1399,456
1400,456
1401,456
1402,456
1403,456
1404,456
1405,457
1406,457
1407,457
1408,457
1409,457
1410,457
1411,457
1412,457
1413,457
1414,457
1415,457
1416,457
1417,458
1418,458
1419,458
1420,458
1421,458
1422,458
1423,458
1424,458
1425,458
1426,458
1427,458
1428,458
1429,458
1430,458
1431,458
1432,458
1433,458
1434,458
1435,458
1436,458
1437,458
1438,458
1439,458
1440,458
1441,458
1442,458
1443,458
1444,458
1445,458
1446,458
1447,458
1448,458
1449,459
1450,459
1451,459
1452,459
1453,459
1454,459
1455,459
1456,459
1457,459
1458,459
1459,459
1460,459
1461,459
1462,459
1463,459
1464,459
1465,459
1466,459
1467,459
1468,459
1469,459
1470,459
1471,459
1472,459
1473,459
1474,459
1475,459
1476,459
1477,459
1478,459
1479,460
1480,460
1481,460
1482,460
1483,460
1484,460
1485,460
1486,460
1487,460
1488,460
1489,460
1490,460
1491,460
1492,460
1493,460
1494,460
1495,460
1496,460
1497,460
1498,460
1499,460
1500,460
1501,460
1502,460
1503,460
1504,461
1505,461
1506,461
1507,461
1508,461
1509,461
1510,461
1511,461
1512,461
1513,461
1514,461
1515,461
1516,461
1517,461
1518,461
1519,461
1520,461
1521,461
1522,461
1523,461
1524,461
1525,461
1526,461
1527,461
1528,461
1529,461
1530,462
1531,462
1532,463
1533,463
1534,463
1535,463
1536,463
1537,463
1538,463
1539,463
1540,463
1541,463
1542,463
1543,463
1544,463
1545,463
1546,463
1547,463
1548,463
1549,463
1550,463
1551,463
1552,463
1553,463
1554,463
1555,463
1556,463
1557,463
1558,463
1559,463
1560,463
1561,463
1562,463
1563,463
1564,463
1565,463
1566,464
1567,464
1568,464
1569,464
1570,464
1571,464
1572,464
1573,464
1574,464
1575,464
1576,464
1577,464
1578,464
1579,464
1580,464
1581,464
1582,464
1583,464
1584,464
1585,464
1586,464
1587,464
1588,464
1589,464
1590,464
1591,465
1592,465
1593,465
1594,466
1595,466
1596,466
1597,466
1598,466
1599,467
1600,467
1601,467
1602,467
1603,467
1604,467
1605,468
1606,468
1607,468
1608,468
1609,468
1610,468
1611,468
1612,468
1613,468
1614,468
1615,468
1616,468
1617,468
1618,468
1619,468
1620,468
1621,468
1622,468
1623,468
1624,468
1625,468
1626,469
1627,469
1628,469
1629,469
1630,469
1631,469
1632,469
1633,469
1634,469
1635,469
1636,469
1637,469
1638,469
1639,469
1640,469
1641,469
1642,469
1643,469
1644,469
1645,470
1646,470
1647,470
1648,470
1649,470
1650,470
1651,470
1652,471
1653,471
1654,471
1655,471
1656,471
1657,471
1658,471
1659,471
1660,471
1661,471
1662,471
1663,471
1664,471
1665,471
1666,471
1667,471
1668,471
1669,471
1670,471
1671,471
1672,471
1673,471
1674,471
1675,471
1676,471
1677,471
1678,471
1679,471
1680,471
1681,471
1682,471
1683,471
1684,471
1685,471
1686,471
1687,471
1688,471
1689,471
1690,471
1691,471
1692,471
1693,471
1694,471
1695,471
1696,471
1697,472
1698,472
1699,472
1700,472
1701,473
1702,473
1703,473
1704,473
1705,473
1706,473
1707,473
1708,473
1709,473
1710,473
1711,473
1712,473
1713,473
1714,473
1715,473
1716,473
1717,473
1718,473
1719,473
1720,473
1721,473
1722,473
1723,473
1724,473
1725,473
1726,473
1727,473
1728,474
1729,474
1730,474
1731,474
1732,474
1733,474
1734,474
1735,474
1736,474
1737,474
1738,475
1739,475
1740,475
1741,475
1742,475
1743,475
1744,475
1745,475
1746,475
1747,475
1748,475
1749,475
1750,475
1751,475
1752,475
1753,475
1754,475
1755,475
1756,475
1757,475
1758,475
1759,475
1760,475
1761,475
1762,475
1763,475
1764,476
1765,476
1766,476
1767,476
1768,476
1769,476
1770,476
1771,476
1772,476
1773,476
1774,476
1775,476
1776,476
1777,476
1778,476
1779,476
1780,476
1781,476
1782,476
1783,476
1784,476
1785,476
1786,477
1787,477
1788,477
1789,477
1790,477
1791,477
1792,477
1793,477
1794,477
1795,477
1796,477
1797,477
1798,477
1799,477
1800,477
1801,477
1802,477
1803,477
1804,477
1805,477
1806,477
1807,477
1808,477
1809,477
1810,477
1811,477
1812,477
1813,477
1814,477
1815,477
1816,477
1817,477
1818,477
1819,477
1820,477
1821,477
1822,477
1823,477
1824,477
1825,477
1826,477
1827,477
1828,477
1829,477
1830,477
1831,477
1832,477
1833,477
1834,477
1835,477
1836,477
1837,477
1838,477
1839,477
1840,477
1841,477
1842,477
1843,477
1844,477
1845,477
1846,478
1847,478
1848,478
1849,478
1850,478
1851,479
1852,479
1853,479
1854,479
1855,479
1856,479
1857,479
1858,479
1859,479
1860,479
1861,479
1862,479
1863,479
1864,479
1865,479
1866,479
1867,479
1868,479
1869,479
1870,479
1871,479
1872,479
1873,479
1874,479
1875,479
1876,479
1877,479
1878,479
1879,479
1880,479
1881,479
1882,479
1883,479
1884,479
1885,479
1886,479
1887,479
1888,479
1889,479
1890,479
1891,479
1892,479
1893,479
1894,479
1895,479
1896,479
1897,479
1898,479
1899,479
1900,479
1901,479
1902,479
1903,479
1904,479
1905,479
1906,479
1907,479
1908,479
1909,479
1910,479
1911,479
1912,479
1913,479
1914,479
1915,479
1916,479
1917,479
1918,479
1919,479
1920,479
1921,479
1922,479
1923,479
1924,479
1925,479
1926,479
1927,479
1928,479
1929,479
1930,479
1931,479
1932,479
1933,479
1934,479
1935,479
1936,479
1937,479
1938,479
1939,479
1940,479
1941,479
1942,479
1943,479
1944,479
1945,479
1946,479
1947,479
1948,479
1949,479
1950,479
1951,479
1952,479
1953,479
1954,479
1955,479
1956,479
1957,479
1958,479
1959,479
1960,479
1961,479
1962,479
1963,479
1964,479
1965,479
1966,479
1967,479
1968,479
1969,479
1970,479
1971,479
1972,479
1973,479
1974,479
1975,479
1976,479
1977,479
1978,479
1979,479
1980,479
1981,479
1982,479
1983,479
1984,479
1985,479
1986,479
1987,479
1988,479
1989,479
1990,479
1991,479
1992,479
1993,479
1994,479
1995,479
1996,479
1997,479
1998,479
1999,479
2000,479
2001,479
2002,479
2003,479
2004,479
2005,479
2006,479
2007,479
2008,479
2009,479
2010,479
2011,479
2012,479
2013,480
2014,480
2015,480
2016,480
2017,480
2018,480
2019,480
2020,480
2021,480
2022,480
2023,480
2024,480
2025,480
2026,480
2027,480
2028,480
2029,480
2030,480
2031,480
2032,480
2033,480
2034,480
2035,480
2036,480
2037,480
2038,480
2039,480
2040,480
2041,480
2042,480
2043,480
2044,480
2045,480
2046,480
2047,480
2048,480
2049,480
2050,480
2051,480
2052,480
2053,480
2054,480
2055,480
2056,480
2057,480
2058,480
2059,480
2060,481
2061,481
2062,481
2063,481
2064,481
2065,481
2066,481
2067,481
2068,482
2069,482
2070,482
2071,482
2072,482
2073,482
2074,482
2075,482
2076,482
2077,482
2078,482
2079,482
2080,482
2081,482
2082,482
2083,482
2084,482
2085,482
2086,482
2087,482
2088,482
2089,482
2090,483
2091,483
2092,483
2093,483
2094,483
2095,483
2096,483
2097,483
2098,483
2099,483
2100,483
2101,483
2102,483
2103,483
2104,483
2105,483
2106,483
2107,483
2108,483
2109,483
2110,483
2111,483
2112,483
2113,483
2114,483
2115,483
2116,483
2117,483
2118,483
2119,483
2120,483
2121,483
2122,483
2123,483
2124,483
2125,483
2126,483
2127,483
2128,483
2129,483
2130,483
2131,483
2132,483
2133,483
2134,483
2135,483
2136,483
2137,483
2138,483
2139,483
2140,483
2141,483
2142,483
2143,483
2144,483
2145,483
2146,483
2147,483
2148,483
2149,483
2150,483
2151,483
2152,483
2153,483
2154,483
2155,483
2156,483
2157,483
2158,483
2159,483
2160,483
2161,483
2162,483
2163,483
2164,483
2165,483
2166,483
2167,483
2168,483
2169,483
2170,483
2171,483
2172,483
2173,483
2174,483
2175,483
2176,483
2177,483
2178,483
2179,483
2180,483
2181,483
2182,484
2183,484
2184,484
2185,484
2186,484
2187,484
2188,484
2189,484
2190,484
2191,484
2192,484
2193,484
2194,484
2195,484
2196,484
2197,484
2198,484
2199,484
2200,484
2201,484
2202,484
2203,484
2204,484
2205,484
2206,484
2207,484
2208,484
2209,484
2210,484
2211,484
2212,484
2213,484
2214,484
2215,484
2216,484
2217,484
2218,484
2219,484
2220,484
2221,484
2222,484
2223,484
2224,484
2225,484
2226,484
2227,484
2228,484
2229,484
2230,484
2231,484
2232,484
2233,484
2234,484
2235,484
2236,484
2237,484
2238,484
2239,484
2240,484
2241,484
2242,484
2243,484
2244,484
2245,484
2246,484
2247,484
2248,484
2249,484
2250,484
2251,484
2252,484
2253,484
2254,484
2255,484
2256,484
2257,484
2258,484
2259,484
2260,484
2261,484
2262,484
2263,484
2264,484
2265,484
2266,484
2267,484
2268,484
2269,484
2270,484
2271,484
2272,484
2273,484
2274,485
2275,485
2276,485
2277,485
2278,485
2279,485
2280,485
2281,485
2282,485
2283,485
2284,485
2285,485
2286,485
2287,485
2288,485
2289,485
2290,485
2291,485
2292,485
2293,485
2294,485
2295,485
2296,485
2297,485
2298,485
2299,485
2300,485
2301,485
2302,485
2303,485
2304,485
2305,485
2306,485
2307,485
2308,485
2309,485
2310,485
2311,485
2312,486
2313,486
2314,486
2315,486
2316,486
2317,486
2318,486
2319,486
2320,486
2321,486
2322,486
2323,486
2324,486
2325,486
2326,486
2327,486
2328,486
2329,486
2330,486
2331,486
2332,486
2333,486
2334,486
2335,486
2336,486
2337,486
2338,486
2339,486
2340,486
2341,486
2342,486
2343,486
2344,486
2345,486
2346,486
2347,486
2348,486
2349,486
2350,486
2351,486
2352,486
2353,486
2354,486
2355,486
2356,486
2357,486
2358,486
2359,486
2360,486
2361,486
2362,486
2363,486
2364,486
2365,486
2366,486
2367,486
2368,486
2369,486
2370,486
2371,486
2372,486
2373,486
2374,487
2375,487
2376,487
2377,487
2378,487
2379,487
2380,487
2381,487
2382,487
2383,487
2384,487
2385,487
2386,487
2387,487
2388,487
2389,487
2390,487
2391,487
2392,487
2393,487
2394,487
2395,487
2396,487
2397,487
2398,487
2399,487
2400,487
2401,487
2402,487
2403,487
2404,487
2405,487
2406,487
2407,487
2408,487
2409,487
2410,487
2411,487
2412,487
2413,487
2414,487
2415,487
2416,487
2417,487
2418,487
2419,487
2420,487
2421,488
2422,488
2423,488
2424,488
2425,488
2426,488
2427,488
2428,488
2429,488
2430,488
2431,488
2432,488
2433,488
2434,488
2435,488
2436,488
2437,488
2438,488
2439,488
2440,488
2441,488
2442,488
2443,488
2444,488
2445,488
2446,488
2447,488
2448,488
2449,488
2450,488
2451,488
2452,488
2453,488
2454,488
2455,488
2456,488
2457,488
2458,488
2459,488
2460,488
2461,488
2462,488
2463,488
2464,488
2465,488
2466,488
2467,489
2468,489
2469,489
2470,489
2471,489
2472,489
2473,489
2474,489
2475,489
2476,489
2477,489
2478,489
2479,489
2480,489
2481,489
2482,489
2483,489
2484,489
2485,489
2486,489
2487,489
2488,489
2489,489
2490,489
2491,489
2492,489
2493,489
2494,489
2495,489
2496,489
2497,489
2498,489
2499,489
2500,489
2501,489
2502,489
2503,489
2504,489
2505,489
2506,489
2507,489
2508,489
2509,489
2510,489
2511,489
2512,489
2513,489
2514,489
2515,489
2516,489
2517,489
2518,489
2519,489
2520,489
2521,489
2522,489
2523,489
2524,489
2525,489
2526,489
2527,489
2528,489
2529,489
2530,489
2531,489
2532,489
2533,489
2534,489
2535,489
2536,489
2537,489
2538,489
2539,489
2540,489
2541,489
2542,489
2543,489
2544,489
2545,489
2546,489
2547,489
2548,489
2549,489
2550,489
2551,489
2552,489
2553,489
2554,489
2555,489
2556,489
2557,489
2558,489
2559,489
2560,489
2561,489
2562,489
2563,489
2564,489
2565,489
2566,489
2567,489
2568,489
2569,489
2570,489
2571,489
2572,489
2573,489
2574,489
2575,489
2576,489
2577,489
2578,489
2579,489
2580,489
2581,489
2582,489
2583,489
2584,489
2585,489
2586,489
2587,489
2588,489
2589,489
2590,490
2591,490
2592,490
2593,491
2594,491
2595,492
2596,492
2597,492
2598,492
2599,492
2600,492
2601,492
2602,492
2603,492
2604,492
2605,492
2606,492
2607,492
2608,492
2609,492
2610,492
2611,493
2612,494
2613,494
2614,494
2615,494
2616,494
2617,494
2618,494
2619,494
2620,494
2621,494
2622,494
2623,494
2624,494
2625,494
2626,494
2627,495
2628,495
2629,495
2630,495
2631,495
2632,495
2633,495
2634,495
2635,495
2636,495
2637,495
2638,495
2639,495
2640,495
2641,495
2642,495
2643,495
2644,495
2645,495
2646,495
2647,495
2648,495
2649,495
2650,495
2651,495
2652,495
2653,495
2654,496
2655,496
2656,496
2657,496
2658,496
2659,496
2660,496
2661,496
2662,496
2663,496
2664,496
2665,496
2666,496
2667,496
2668,496
2669,496
2670,496
2671,496
2672,496
2673,496
2674,496
2675,496
2676,496
2677,496
2678,496
2679,496
2680,496
2681,496
2682,496
2683,496
2684,496
2685,496
2686,496
2687,496
2688,496
2689,496
2690,496
2691,496
2692,496
2693,496
2694,496
2695,496
2696,496
2697,496
2698,496
2699,496
2700,496
2701,496
2702,496
2703,496
2704,496
2705,496
2706,496
2707,496
2708,496
2709,496
2710,496
2711,496
2712,496
2713,496
2714,496
2715,496
2716,496
2717,496
2718,496
2719,496
2720,496
2721,496
2722,496
2723,496
2724,496
2725,496
2726,496
2727,496
2728,496
2729,496
2730,496
2731,496
2732,496
2733,496
2734,496
2735,496
2736,496
2737,496
2738,496
2739,496
2740,496
2741,496
2742,496
2743,496
2744,496
2745,496
2746,496
2747,496
2748,496
2749,497
2750,497
2751,497
2752,497
2753,497
2754,497
2755,497
2756,497
2757,497
2758,497
2759,497
2760,497
2761,497
2762,497
2763,497
2764,497
2765,497
2766,497
2767,497
2768,497
2769,497
2770,497
2771,497
2772,497
2773,497
2774,497
2775,497
2776,497
2777,497
2778,497
2779,497
2780,497
2781,497
2782,497
2783,497
2784,497
2785,497
2786,497
2787,497
2788,497
2789,497
2790,497
2791,497
2792,497
2793,497
2794,497
2795,497
2796,497
2797,497
2798,497
2799,497
2800,497
2801,497
2802,497
2803,497
2804,497
2805,497
2806,497
2807,497
2808,497
2809,497
2810,497
2811,497
2812,497
2813,497
2814,497
2815,497
2816,497
2817,497
2818,497
2819,497
2820,497
2821,497
2822,497
2823,497
2824,497
2825,497
2826,497
2827,497
2828,497
2829,497
2830,497
2831,497
2832,497
2833,497
2834,497
2835,497
2836,497
2837,497
2838,497
2839,497
2840,497
2841,497
2842,497
2843,497
2844,497
2845,497
2846,497
2847,497
2848,497
2849,497
2850,497
2851,497
2852,497
2853,497
2854,497
2855,497
2856,497
2857,497
2858,497
2859,497
2860,497
2861,497
2862,497
2863,497
2864,497
2865,497
2866,497
2867,497
2868,497
2869,497
2870,497
2871,497
2872,497
2873,497
2874,497
2875,497
2876,497
2877,497
2878,497
2879,497
2880,497
2881,497
2882,497
2883,497
2884,497
2885,497
2886,497
2887,497
2888,497
2889,497
2890,497
2891,497
2892,497
2893,497
2894,497
2895,497
2896,497
2897,497
2898,497
2899,497
2900,497
2901,497
2902,497
2903,497
2904,497
2905,497
2906,497
2907,497
2908,497
2909,497
2910,497
2911,497
2912,497
2913,497
2914,497
2915,497
2916,497
2917,497
2918,497
2919,497
2920,497
2921,497
2922,497
2923,497
2924,497
2925,497
2926,497
2927,497
2928,497
2929,497
2930,497
2931,497
2932,497
2933,497
2934,497
2935,497
2936,497
2937,497
2938,497
2939,497
2940,497
2941,497
2942,497
2943,497
2944,497
2945,497
2946,497
2947,497
2948,497
2949,497
2950,497
2951,497
2952,497
2953,497
2954,497
2955,497
2956,497
2957,497
2958,497
2959,497
2960,497
2961,497
2962,497
2963,497
2964,497
2965,497
2966,497
2967,497
2968,497
2969,497
2970,497
2971,497
2972,497
2973,497
2974,497
2975,497
2976,497
2977,497
2978,497
2979,497
2980,497
2981,497
2982,497
2983,497
2984,497
2985,497
2986,497
2987,497
2988,497
2989,497
2990,497
2991,497
2992,497
2993,497
2994,497
2995,497
2996,497
2997,497
2998,497
2999,497
3000,497
3001,497
3002,497
3003,497
3004,497
3005,497
3006,497
3007,497
3008,497
3009,497
3010,497
3011,497
3012,497
3013,497
3014,497
3015,497
3016,497
3017,497
3018,497
3019,497
3020,497
3021,497
3022,497
3023,497
3024,497
3025,497
3026,497
3027,497
3028,497
3029,497
3030,497
3031,497
3032,497
3033,497
3034,497
3035,497
3036,497
3037,497
3038,497
3039,497
3040,497
3041,497
3042,497
3043,497
3044,497
3045,497
3046,497
3047,497
3048,497
3049,497
3050,497
3051,497
3052,497
3053,497
3054,497
3055,497
3056,497
3057,497
3058,497
3059,497
3060,497
3061,497
3062,497
3063,497
3064,497
3065,497
3066,497
3067,497
3068,497
3069,497
3070,497
3071,497
3072,497
3073,497
3074,497
3075,497
3076,497
3077,497
3078,497
3079,497
3080,497
3081,497
3082,497
3083,497
3084,497
3085,497
3086,497
3087,497
3088,497
3089,497
3090,497
3091,497
3092,497
3093,497
3094,497
3095,497
3096,497
3097,497
3098,497
3099,497
3100,497
3101,497
3102,497
3103,497
3104,497
3105,497
3106,497
3107,497
3108,497
3109,497
3110,497
3111,497
3112,497
3113,497
3114,497
3115,497
3116,497
3117,497
3118,497
3119,497
3120,497
3121,497
3122,497
3123,497
3124,497
3125,497
3126,497
3127,497
3128,497
3129,497
3130,497
3131,497
3132,497
3133,497
3134,497
3135,497
3136,497
3137,497
3138,497
3139,497
3140,497
3141,497
3142,497
3143,497
3144,497
3145,497
3146,497
3147,497
3148,497
3149,497
3150,497
3151,497
3152,497
3153,497
3154,497
3155,497
3156,497
3157,497
3158,497
3159,497
3160,497
3161,497
3162,497
3163,497
3164,497
3165,497
3166,497
3167,497
3168,497
3169,497
3170,497
3171,497
3172,497
3173,497
3174,497
3175,497
3176,497
3177,497
3178,497
3179,497
3180,497
3181,497
3182,497
3183,497
3184,497
3185,497
3186,497
3187,497
3188,497
3189,497
3190,497
3191,497
3192,497
3193,497
3194,497
3195,497
3196,497
3197,497
3198,497
3199,497
3200,497
3201,497
3202,497
3203,497
3204,497
3205,497
3206,497
3207,497
3208,497
3209,497
3210,497
3211,497
3212,497
3213,497
3214,497
3215,497
3216,497
3217,497
3218,497
3219,497
3220,497
3221,497
3222,497
3223,497
3224,497
3225,497
3226,497
3227,497
3228,497
3229,497
3230,497
3231,497
3232,497
3233,497
3234,497
3235,497
3236,497
3237,497
3238,497
3239,497
3240,497
3241,497
3242,497
3243,497
3244,497
3245,497
3246,497
3247,497
3248,497
3249,497
3250,497
3251,497
3252,497
3253,497
3254,497
3255,497
3256,497
3257,497
3258,497
3259,497
3260,497
3261,497
3262,497
3263,497
3264,497
3265,497
3266,497
3267,498
3268,498
3269,498
3270,498
3271,498
3272,498
3273,498
3274,498
3275,498
3276,498
3277,498
3278,498
3279,498
3280,498
3281,498
3282,498
3283,498
3284,498
3285,498
3286,498
3287,498
3288,498
3289,498
3290,498
3291,498
3292,498
3293,498
3294,498
3295,498
3296,498
3297,498
3298,498
3299,498
3300,498
3301,498
3302,498
3303,498
3304,498
3305,498
3306,498
3307,498
3308,498
3309,498
3310,498
3311,498
3312,498
3313,498
3314,498
3315,498
3316,498
3317,498
3318,498
3319,498
3320,498
3321,498
3322,498
3323,498
3324,498
3325,498
3326,498
3327,498
3328,498
3329,498
3330,498
3331,498
3332,498
3333,498
3334,498
3335,498
3336,498
3337,498
3338,498
3339,498
3340,498
3341,498
3342,498
3343,498
3344,498
3345,498
3346,498
3347,498
3348,498
3349,498
3350,498
3351,498
3352,498
3353,498
3354,498
3355,498
3356,498
3357,498
3358,498
3359,498
3360,498
3361,498
3362,498
3363,498
3364,498
3365,498
3366,498
3367,498
3368,498
3369,498
3370,498
3371,498
3372,498
3373,498
3374,498
3375,498
3376,498
3377,498
3378,498
3379,498
3380,498
3381,498
3382,498
3383,498
3384,498
3385,498
3386,498
3387,498
3388,498
3389,498
3390,498
3391,498
3392,498
3393,498
3394,498
3395,498
3396,498
3397,498
3398,498
3399,498
3400,498
3401,498
3402,498
3403,498
3404,498
3405,498
3406,498
3407,498
3408,498
3409,498
3410,498
3411,498
3412,498
3413,498
3414,498
3415,498
3416,498
3417,498
3418,498
3419,498
3420,498
3421,498
3422,498
3423,498
3424,498
3425,498
3426,498
3427,498
3428,498
3429,498
3430,498
3431,498
3432,498
3433,498
3434,498
3435,498
3436,498
3437,498
3438,498
3439,498
3440,498
3441,498
3442,498
3443,498
3444,498
3445,498
3446,498
3447,498
3448,498
3449,498
3450,498
3451,498
3452,498
3453,498
3454,498
3455,498
3456,498
3457,498
3458,498
3459,498
3460,498
3461,498
3462,498
3463,498
3464,498
3465,498
3466,498
3467,498
3468,498
3469,498
3470,498
3471,498
3472,498
3473,498
3474,498
3475,498
3476,498
3477,498
3478,498
3479,498
3480,498
3481,498
3482,498
3483,498
3484,498
3485,498
3486,498
3487,498
3488,498
3489,498
3490,498
3491,498
3492,498
3493,498
3494,498
3495,498
3496,498
3497,498
3498,498
3499,498
3500,498
3501,498
3502,498
3503,498
3504,498
3505,498
3506,498
3507,498
3508,498
3509,498
3510,498
3511,498
3512,498
3513,498
3514,498
3515,498
3516,498
3517,498
3518,498
3519,498
3520,498
3521,498
3522,498
3523,498
3524,498
3525,498
3526,498
3527,498
3528,498
3529,498
3530,498
3531,498
3532,498
3533,498
3534,498
3535,498
3536,498
3537,498
3538,498
3539,498
3540,498
3541,498
3542,498
3543,498
3544,498
3545,498
3546,498
3547,498
3548,498
3549,498
3550,498
3551,498
3552,498
3553,498
3554,498
3555,498
3556,498
3557,498
3558,498
3559,498
3560,498
3561,498
3562,498
3563,498
3564,498
3565,498
3566,498
3567,498
3568,498
3569,498
3570,498
3571,498
3572,498
3573,498
3574,498
3575,498
3576,498
3577,498
3578,498
3579,498
3580,498
3581,498
3582,498
3583,498
3584,498
3585,498
3586,498
3587,498
3588,498
3589,498
3590,498
3591,498
3592,498
3593,498
3594,498
3595,498
3596,498
3597,498
3598,498
3599,498
3600,498
3601,498
3602,498
3603,498
3604,498
3605,498
3606,498
3607,498
3608,498
3609,498
3610,498
3611,498
3612,498
3613,498
3614,498
3615,498
3616,498
3617,498
3618,498
3619,498
3620,498
3621,498
3622,498
3623,498
3624,498
3625,498
3626,498
3627,498
3628,498
3629,498
3630,498
3631,498
3632,498
3633,498
3634,498
3635,498
3636,498
3637,498
3638,498
3639,498
3640,498
3641,498
3642,498
3643,498
3644,498
3645,498
3646,498
3647,498
3648,498
3649,498
3650,498
3651,498
3652,498
3653,498
3654,498
3655,498
3656,498
3657,498
3658,498
3659,498
3660,498
3661,498
3662,498
3663,498
3664,498
3665,498
3666,498
3667,498
3668,498
3669,498
3670,498
3671,498
3672,498
3673,498
3674,498
3675,498
3676,498
3677,498
3678,498
3679,498
3680,498
3681,498
3682,498
3683,498
3684,498
3685,498
3686,498
3687,498
3688,498
3689,498
3690,498
3691,498
3692,498
3693,498
3694,498
3695,498
3696,498
3697,498
3698,498
3699,498
3700,498
3701,498
3702,498
3703,498
3704,498
3705,498
3706,498
3707,498
3708,498
3709,498
3710,498
3711,498
3712,498
3713,498
3714,498
3715,498
3716,498
3717,498
3718,498
3719,498
3720,498
3721,498
3722,498
3723,498
3724,498
3725,498
3726,498
3727,498
3728,498
3729,498
3730,498
3731,498
3732,498
3733,498
3734,498
3735,498
3736,498
3737,498
3738,498
3739,498
3740,498
3741,498
3742,498
3743,498
3744,498
3745,498
3746,498
3747,498
3748,498
3749,498
3750,498
3751,498
3752,498
3753,498
3754,498
3755,498
3756,498
3757,498
3758,498
3759,498
3760,498
3761,498
3762,498
3763,498
3764,498
3765,498
3766,498
3767,498
3768,498
3769,498
3770,498
3771,498
3772,498
3773,498
3774,498
3775,498
3776,498
3777,498
3778,498
3779,498
3780,498
3781,498
3782,498
3783,498
3784,498
3785,498
3786,498
3787,498
3788,498
3789,498
3790,498
3791,498
3792,498
3793,498
3794,498
3795,498
3796,498
3797,498
3798,498
3799,498
3800,498
3801,498
3802,498
3803,498
3804,498
3805,498
3806,498
3807,498
3808,498
3809,498
3810,498
3811,498
3812,498
3813,498
3814,498
3815,498
3816,498
3817,498
3818,498
3819,498
3820,498
3821,498
3822,498
3823,498
3824,498
3825,498
3826,498
3827,498
3828,498
3829,498
3830,498
3831,498
3832,498
3833,498
3834,498
3835,498
3836,498
3837,498
3838,498
3839,498
3840,498
3841,498
3842,498
3843,498
3844,498
3845,498
3846,498
3847,498
3848,498
3849,498
3850,498
3851,498
3852,498
3853,498
3854,498
3855,498
3856,498
3857,498
3858,498
3859,498
3860,498
3861,498
3862,498
3863,498
3864,498
3865,498
3866,498
3867,498
3868,498
3869,498
3870,498
3871,498
3872,498
3873,498
3874,498
3875,498
3876,498
3877,498
3878,498
3879,498
3880,498
3881,498
3882,498
3883,498
3884,498
3885,498
3886,498
3887,498
3888,498
3889,498
3890,498
3891,498
3892,498
3893,498
3894,498
3895,498
3896,498
3897,498
3898,498
3899,498
3900,498
3901,498
3902,498
3903,498
3904,498
3905,498
3906,498
3907,498
3908,498
3909,498
3910,498
3911,498
3912,498
3913,498
3914,498
3915,498
3916,498
3917,498
3918,498
3919,498
3920,498
3921,498
3922,498
3923,498
3924,498
3925,498
3926,498
3927,498
3928,498
3929,498
3930,498
3931,498
3932,498
3933,498
3934,498
3935,498
3936,498
3937,498
3938,498
3939,498
3940,498
3941,498
3942,498
3943,498
3944,498
3945,498
3946,498
3947,498
3948,498
3949,498
3950,498
3951,498
3952,498
3953,498
3954,498
3955,498
3956,498
3957,498
3958,498
3959,498
3960,498
3961,498
3962,498
3963,498
3964,498
3965,498
3966,498
3967,498
3968,498
3969,498
3970,498
3971,498
3972,498
3973,498
3974,498
3975,498
3976,498
3977,498
3978,498
3979,498
3980,498
3981,498
3982,498
3983,498
3984,498
3985,498
3986,498
3987,498
3988,498
3989,498
3990,498
3991,498
3992,498
3993,498
3994,498
3995,498
3996,498
3997,498
3998,498
3999,498
4000,498
4001,498
4002,498
4003,498
4004,498
4005,498
4006,498
4007,498
4008,498
4009,498
4010,498
4011,498
4012,498
4013,498
4014,498
4015,498
4016,498
4017,498
4018,498
4019,498
4020,498
4021,498
4022,498
4023,498
4024,498
4025,498
4026,498
4027,498
4028,498
4029,498
4030,498
4031,498
4032,498
4033,498
4034,498
4035,498
4036,498
4037,498
4038,498
4039,498
4040,498
4041,498
4042,498
4043,498
4044,498
4045,498
4046,498
4047,498
4048,498
4049,498
4050,498
4051,498
4052,498
4053,498
4054,498
4055,498
4056,498
4057,498
4058,498
4059,498
4060,498
4061,498
4062,498
4063,498
4064,498
4065,498
4066,498
4067,498
4068,498
4069,498
4070,498
4071,498
4072,498
4073,498
4074,498
4075,498
4076,498
4077,498
4078,498
4079,498
4080,498
4081,498
4082,498
4083,498
4084,498
4085,498
4086,498
4087,498
4088,498
4089,498
4090,498
4091,498
4092,498
4093,498
4094,498
4095,498
4096,498
4097,498
4098,498
4099,498
4100,498
4101,498
4102,498
4103,498
4104,498
4105,498
4106,498
4107,498
4108,498
4109,498
4110,498
4111,498
4112,498
4113,498
4114,498
4115,498
4116,498
4117,498
4118,498
4119,498
4120,498
4121,498
4122,498
4123,498
4124,498
4125,498
4126,498
4127,498
4128,498
4129,498
4130,498
4131,498
4132,498
4133,498
4134,498
4135,498
4136,498
4137,498
4138,498
4139,498
4140,498
4141,498
4142,498
4143,498
4144,498
4145,498
4146,498
4147,498
4148,498
4149,498
4150,498
4151,498
4152,498
4153,498
4154,498
4155,498
4156,498
4157,498
4158,498
4159,498
4160,498
4161,498
4162,498
4163,498
4164,498
4165,498
4166,498
4167,498
4168,498
4169,498
4170,498
4171,498
4172,498
4173,498
4174,498
4175,498
4176,498
4177,498
4178,498
4179,498
4180,498
4181,498
4182,498
4183,498
4184,498
4185,498
4186,498
4187,498
4188,498
4189,498
4190,498
4191,498
4192,498
4193,498
4194,498
4195,498
4196,498
4197,498
4198,498
4199,498
4200,498
4201,498
4202,498
4203,498
4204,498
4205,498
4206,498
4207,498
4208,498
4209,498
4210,498
4211,498
4212,498
4213,498
4214,498
4215,498
4216,498
4217,498
4218,498
4219,498
4220,498
4221,498
4222,498
4223,498
4224,498
4225,498
4226,498
4227,498
4228,498
4229,498
4230,498
4231,498
4232,498
4233,498
4234,498
4235,498
4236,498
4237,498
4238,498
4239,498
4240,498
4241,498
4242,498
4243,498
4244,498
4245,498
4246,498
4247,498
4248,498
4249,498
4250,498
4251,498
4252,498
4253,498
4254,498
4255,498
4256,498
4257,498
4258,498
4259,498
4260,498
4261,498
4262,498
4263,498
4264,498
4265,498
4266,498
4267,498
4268,498
4269,498
4270,498
4271,498
4272,498
4273,498
4274,498
4275,498
4276,498
4277,498
4278,498
4279,498
4280,498
4281,498
4282,498
4283,498
4284,498
4285,498
4286,498
4287,498
4288,498
4289,498
4290,498
4291,498
4292,498
4293,498
4294,498
4295,498
4296,498
4297,498
4298,498
4299,498
4300,498
4301,498
4302,498
4303,498
4304,498
4305,498
4306,498
4307,498
4308,498
4309,498
4310,498
4311,498
4312,498
4313,498
4314,498
4315,498
4316,498
4317,498
4318,498
4319,498
4320,498
4321,499
4322,499
4323,499
4324,499
4325,499
4326,499
4327,499
4328,500
