0,0
1,1
2,2
3,3
4,4
5,5
6,6
7,7
8,7
9,7
10,8
11,9
12,9
13,10
14,10
15,10
16,11
17,12
18,13
19,14
20,15
21,16
22,17
23,18
24,19
25,20
26,21
27,22
28,23
29,23
30,23
31,24
32,24
33,25
34,26
35,27
36,28
37,29
38,29
39,30
40,31
41,32
42,33
43,34
44,34
45,35
46,35
47,36
48,36
49,37
50,37
51,37
52,37
53,38
54,39
55,40
56,41
57,42
58,42
59,42
60,43
61,43
62,44
63,44
64,44
65,44
66,45
67,46
68,46
69,46
70,47
71,48
72,48
73,49
74,50
75,50
76,50
77,50
78,51
79,52
80,53
81,53
82,53
83,53
84,54
85,55
86,56
87,56
88,57
89,58
90,58
91,58
92,59
93,59
94,59
95,59
96,60
97,60
98,60
99,60
100,61
101,62
102,63
103,64
104,65
105,65
106,66
107,66
108,67
109,68
110,68
111,69
112,69
113,69
114,69
115,70
116,71
117,72
118,73
119,74
120,75
121,75
122,75
123,75
124,75
125,76
126,76
127,77
128,77
129,77
130,78
131,79
132,79
133,80
134,81
135,82
136,83
137,83
138,84
139,85
140,85
141,85
142,85
143,86
144,86
145,86
146,86
147,86
148,87
149,87
150,88
151,88
152,88
153,88
154,89
155,90
156,90
157,91
158,91
159,91
160,91
161,92
162,92
163,92
164,93
165,94
166,95
167,96
168,96
169,96
170,97
171,97
172,98
173,98
174,98
175,98
176,98
177,98
178,98
179,98
180,98
181,99
182,100
183,100
184,100
185,100
186,100
187,100
188,100
189,101
190,101
191,101
192,102
193,103
194,104
195,105
196,105
197,105
198,106
199,107
200,107
201,107
202,107
203,107
204,107
205,107
206,107
207,108
208,109
209,109
210,110
211,111
212,112
213,112
214,112
215,113
216,114
217,114
218,114
219,114
220,114
221,114
222,114
223,114
224,114
225,115
226,116
227,116
228,116
229,116
230,117
231,117
232,117
233,117
234,118
235,119
236,119
237,120
238,121
239,122
240,123
241,124
242,125
243,126
244,127
245,128
246,129
247,130
248,131
249,132
250,132
251,133
252,134
253,135
254,136
255,137
256,138
257,139
258,140
259,140
260,141
261,142
262,143
263,144
264,145
265,146
266,147
267,148
268,148
269,148
270,149
271,149
272,150
273,151
274,152
275,152
276,153
277,154
278,155
279,156
280,157
281,158
282,159
283,160
284,161
285,161
286,162
287,163
288,164
289,165
290,166
291,167
292,167
293,167
294,168
295,169
296,170
297,171
298,172
299,173
300,174
301,175
302,176
303,176
304,176
305,176
306,177
307,178
308,178
309,178
310,178
311,179
312,179
313,179
314,180
315,181
316,182
317,183
318,184
319,185
320,186
321,187
322,188
323,188
324,188
325,189
326,190
327,191
328,191
329,192
330,193
331,194
332,195
333,196
334,197
335,198
336,199
337,200
338,201
339,201
340,201
341,202
342,202
343,203
344,204
345,205
346,206
347,206
348,206
349,206
350,207
351,208
352,209
353,210
354,211
355,212
356,213
357,214
358,214
359,214
360,215
361,216
362,217
363,217
364,217
365,217
366,218
367,219
368,219
369,220
370,220
371,220
372,220
373,220
374,221
375,222
376,222
377,223
378,224
379,225
380,226
381,227
382,228
383,229
384,230
385,230
386,230
387,231
388,232
389,233
390,234
391,234
392,234
393,234
394,234
395,234
396,235
397,236
398,237
399,238
400,239
401,240
402,241
403,242
404,243
405,243
406,243
407,244
408,245
409,245
410,246
411,246
412,246
413,246
414,247
415,247
416,248
417,249
418,249
419,249
420,249
421,249
422,249
423,250
424,251
425,252
426,252
427,252
428,252
429,252
430,253
431,253
432,254
433,255
434,256
435,256
436,257
437,258
438,258
439,259
440,260
441,261
442,262
443,262
444,262
445,263
446,264
447,265
448,265
449,266
450,267
451,267
452,268
453,268
454,268
455,268
456,268
457,268
458,268
459,268
460,268
461,268
462,268
463,268
464,268
465,268
466,268
467,268
468,269
469,269
470,269
471,269
472,269
473,269
474,269
475,269
476,269
477,269
478,269
479,270
480,270
481,270
482,270
483,270
484,270
485,270
486,270
487,270
488,270
489,271
490,271
491,271
492,271
493,271
494,271
495,271
496,271
497,271
498,271
499,271
500,272
501,272
502,272
503,273
504,273
505,273
506,273
507,273
508,273
509,273
510,273
511,273
512,274
513,274
514,274
515,274
516,274
517,275
518,275
519,275
520,275
521,275
522,275
523,276
524,277
525,278
526,278
527,278
528,279
529,280
530,281
531,282
532,282
533,282
534,283
535,283
536,284
537,284
538,284
539,284
540,285
541,285
542,285
543,286
544,286
545,287
546,287
547,287
548,287
549,287
550,288
551,288
552,288
553,288
554,288
555,288
556,288
557,289
558,289
559,289
560,289
561,289
562,290
563,290
564,290
565,290
566,290
567,290
568,290
569,291
570,292
571,292
572,293
573,293
574,293
575,294
576,294
577,295
578,296
579,296
580,296
581,296
582,297
583,298
584,299
585,299
586,299
587,299
588,299
589,299
590,299
591,299
592,299
593,299
594,299
595,299
596,299
597,299
598,299
599,299
600,299
601,299
602,299
603,299
604,299
605,299
606,299
607,299
608,300
609,300
610,301
611,301
612,301
613,301
614,302
615,303
616,303
617,303
618,303
619,303
620,303
621,303
622,304
623,304
624,304
625,304
626,304
627,304
628,305
629,305
630,305
631,305
632,306
633,307
634,307
635,307
636,307
637,307
638,307
639,307
640,307
641,307
642,307
643,307
644,307
645,307
646,307
647,307
648,308
649,308
650,308
651,309
652,309
653,309
654,309
655,309
656,309
657,309
658,310
659,310
660,311
661,311
662,311
663,311
664,311
665,311
666,311
667,311
668,311
669,311
670,311
671,312
672,312
673,312
674,313
675,313
676,313
677,314
678,314
679,314
680,314
681,314
682,314
683,314
684,314
685,315
686,315
687,316
688,316
689,317
690,318
691,318
692,319
693,320
694,321
695,321
696,321
697,322
698,323
699,324
700,324
701,324
702,325
703,325
704,325
705,325
706,325
707,325
708,325
709,325
710,325
711,326
712,327
713,328
714,328
715,329
716,329
717,329
718,329
719,330
720,330
721,330
722,330
723,330
724,330
725,330
726,330
727,330
728,330
729,330
730,330
731,330
732,330
733,330
734,330
735,330
736,330
737,330
738,330
739,330
740,330
741,330
742,330
743,330
744,330
745,330
746,330
747,330
748,330
749,330
750,330
751,330
752,330
753,331
754,331
755,331
756,331
757,331
758,331
759,331
760,331
761,331
762,331
763,332
764,333
765,333
766,333
767,333
768,333
769,333
770,333
771,333
772,333
773,333
774,333
775,334
776,334
777,335
778,336
779,336
780,336
781,337
782,337
783,337
784,338
785,338
786,338
787,338
788,338
789,338
790,339
791,339
792,339
793,339
794,340
795,340
796,340
797,340
798,340
799,340
800,340
801,340
802,340
803,340
804,340
805,340
806,340
807,340
808,340
809,340
810,340
811,340
812,340
813,340
814,340
815,340
816,340
817,340
818,341
819,341
820,341
821,341
822,341
823,341
824,341
825,341
826,341
827,341
828,341
829,341
830,341
831,341
832,341
833,341
834,341
835,341
836,342
837,342
838,343
839,343
840,344
841,345
842,346
843,346
844,346
845,346
846,346
847,346
848,347
849,348
850,349
851,350
852,351
853,352
854,352
855,352
856,353
857,354
858,355
859,355
860,355
861,355
862,355
863,355
864,356
865,356
866,356
867,356
868,357
869,357
870,357
871,357
872,357
873,357
874,357
875,358
876,358
877,359
878,360
879,361
880,361
881,362
882,362
883,362
884,362
885,362
886,362
887,362
888,362
889,363
890,364
891,365
892,365
893,365
894,365
895,365
896,365
897,366
898,366
899,366
900,366
901,366
902,367
903,367
904,367
905,367
906,367
907,367
908,367
909,367
910,368
911,368
912,368
913,368
914,368
915,368
916,368
917,368
918,368
919,368
920,368
921,368
922,368
923,368
924,368
925,368
926,368
927,368
928,369
929,369
930,369
931,369
932,369
933,369
934,369
935,369
936,369
937,369
938,369
939,369
940,369
941,369
942,369
943,369
944,369
945,369
946,370
947,370
948,370
949,370
950,371
951,371
952,371
953,371
954,371
955,371
956,371
957,371
958,371
959,371
960,371
961,371
962,372
963,372
964,372
965,372
966,372
967,372
968,372
969,372
970,372
971,372
972,372
973,372
974,372
975,372
976,372
977,372
978,372
979,372
980,372
981,372
982,372
983,372
984,372
985,372
986,372
987,372
988,372
989,372
990,372
991,372
992,372
993,372
994,372
995,372
996,372
997,372
998,372
999,372
1000,372
1001,372
1002,372
1003,372
1004,373
1005,373
1006,373
1007,373
1008,373
1009,373
1010,373
1011,373
1012,373
1013,373
1014,373
1015,373
1016,373
1017,373
1018,373
1019,373
1020,373
1021,374
1022,374
1023,374
1024,374
1025,374
1026,374
1027,374
1028,374
1029,374
1030,374
1031,374
1032,374
1033,374
1034,374
1035,374
1036,374
1037,374
1038,374
1039,374
1040,374
1041,374
1042,374
1043,374
1044,374
1045,374
1046,374
1047,374
1048,374
1049,374
1050,374
1051,374
1052,374
1053,374
1054,374
1055,374
1056,375
1057,375
1058,375
1059,375
1060,375
1061,375
1062,375
1063,375
1064,375
1065,375
1066,375
1067,375
1068,375
1069,375
1070,375
1071,375
1072,375
1073,375
1074,375
1075,375
1076,375
1077,375
1078,375
1079,375
1080,375
1081,375
1082,375
1083,375
1084,375
1085,375
1086,376
1087,376
1088,376
1089,377
1090,377
1091,377
1092,377
1093,378
1094,378
1095,378
1096,378
1097,378
1098,378
1099,378
1100,378
1101,378
1102,378
1103,379
1104,380
1105,380
1106,380
1107,380
1108,380
1109,380
1110,380
1111,381
1112,382
1113,382
1114,382
1115,382
1116,382
1117,382
1118,382
1119,382
1120,382
1121,382
1122,382
1123,382
1124,382
1125,382
1126,382
1127,382
1128,382
1129,382
1130,382
1131,382
1132,382
1133,382
1134,382
1135,383
1136,383
1137,384
1138,385
1139,386
1140,386
1141,386
1142,386
1143,386
1144,387
1145,387
1146,388
1147,389
1148,389
1149,389
1150,390
1151,390
1152,390
1153,390
1154,390
1155,390
1156,390
1157,390
1158,390
1159,390
1160,390
1161,390
1162,390
1163,390
1164,390
1165,390
1166,390
1167,390
1168,390
1169,390
1170,390
1171,391
1172,391
1173,392
1174,393
1175,393
1176,394
1177,394
1178,395
1179,396
1180,397
1181,398
1182,398
1183,399
1184,400
1185,401
1186,401
1187,401
1188,402
1189,403
1190,404
1191,404
1192,405
1193,405
1194,405
1195,405
1196,405
1197,406
1198,407
1199,408
1200,409
1201,410
1202,410
1203,410
1204,410
1205,410
1206,411
1207,411
1208,411
1209,412
1210,413
1211,414
1212,414
1213,414
1214,415
1215,415
1216,415
1217,416
1218,417
1219,418
1220,419
1221,419
1222,419
1223,420
1224,420
1225,420
1226,420
1227,421
1228,421
1229,421
1230,421
1231,422
1232,423
1233,423
1234,423
1235,423
1236,424
1237,424
1238,424
1239,425
1240,425
1241,425
1242,425
1243,425
1244,426
1245,426
1246,427
1247,427
1248,428
1249,428
1250,429
1251,429
1252,429
1253,429
1254,429
1255,429
1256,430
1257,430
1258,430
1259,430
1260,431
1261,432
1262,433
1263,434
1264,435
1265,435
1266,435
1267,436
1268,436
1269,436
1270,436
1271,436
1272,436
1273,436
1274,436
1275,436
1276,436
1277,436
1278,436
1279,436
1280,436
1281,436
1282,436
1283,436
1284,436
1285,436
1286,437
1287,437
1288,437
1289,437
1290,437
1291,437
1292,437
1293,437
1294,437
1295,437
1296,437
1297,437
1298,437
1299,437
1300,437
1301,437
1302,437
1303,437
1304,437
1305,437
1306,438
1307,438
1308,438
1309,438
1310,438
1311,438
1312,438
1313,439
1314,439
1315,439
1316,439
1317,439
1318,439
1319,439
1320,439
1321,439
1322,439
1323,439
1324,439
1325,439
1326,439
1327,439
1328,439
1329,439
1330,439
1331,439
1332,439
1333,439
1334,439
1335,439
1336,439
1337,439
1338,439
1339,439
1340,439
1341,439
1342,439
1343,439
1344,439
1345,439
1346,439
1347,439
1348,440
1349,440
1350,440
1351,440
1352,440
1353,440
1354,440
1355,440
1356,440
1357,440
1358,440
1359,440
1360,440
1361,440
1362,440
1363,440
1364,440
1365,440
1366,440
1367,440
1368,440
1369,440
1370,440
1371,440
1372,440
1373,440
1374,440
1375,440
1376,440
1377,440
1378,440
1379,440
1380,440
1381,440
1382,440
1383,440
1384,440
1385,440
1386,440
1387,440
1388,441
1389,441
1390,441
1391,441
1392,442
1393,443
1394,443
1395,443
1396,443
1397,443
1398,443
1399,443
1400,443
1401,444
1402,444
1403,444
1404,444
1405,444
1406,444
1407,444
1408,444
1409,444
1410,444
1411,444
1412,444
1413,444
1414,444
1415,444
1416,444
1417,445
1418,445
1419,445
1420,446
1421,447
1422,447
1423,447
1424,447
1425,447
1426,448
1427,448
1428,448
1429,448
1430,448
1431,448
1432,448
1433,448
1434,448
1435,448
1436,448
1437,448
1438,448
1439,448
1440,448
1441,448
1442,448
1443,448
1444,448
1445,448
1446,448
1447,448
1448,448
1449,448
1450,448
1451,448
1452,448
1453,448
1454,448
1455,448
1456,448
1457,448
1458,449
1459,449
1460,449
1461,449
1462,449
1463,449
1464,449
1465,449
1466,449
1467,449
1468,449
1469,449
1470,449
1471,449
1472,449
1473,449
1474,449
1475,449
1476,449
1477,449
1478,449
1479,449
1480,449
1481,450
1482,450
1483,450
1484,450
1485,450
1486,450
1487,450
1488,450
1489,450
1490,450
1491,450
1492,450
1493,450
1494,450
1495,450
1496,450
1497,450
1498,450
1499,450
1500,450
1501,450
1502,450
1503,450
1504,450
1505,450
1506,450
1507,450
1508,450
1509,450
1510,450
1511,450
1512,450
1513,450
1514,450
1515,450
1516,450
1517,450
1518,450
1519,450
1520,450
1521,450
1522,450
1523,450
1524,450
1525,450
1526,450
1527,450
1528,450
1529,450
1530,450
1531,450
1532,450
1533,450
1534,450
1535,450
1536,450
1537,450
1538,450
1539,450
1540,450
1541,450
1542,450
1543,450
1544,450
1545,450
1546,450
1547,450
1548,450
1549,450
1550,450
1551,450
1552,450
1553,450
1554,450
1555,451
1556,451
1557,451
1558,451
1559,451
1560,451
1561,451
1562,451
1563,451
1564,451
1565,451
1566,451
1567,451
1568,451
1569,451
1570,451
1571,451
1572,451
1573,451
1574,451
1575,452
1576,452
1577,452
1578,452
1579,452
1580,452
1581,452
1582,452
1583,452
1584,452
1585,452
1586,452
1587,452
1588,452
1589,452
1590,452
1591,452
1592,452
1593,452
1594,452
1595,452
1596,452
1597,452
1598,452
1599,452
1600,452
1601,452
1602,452
1603,452
1604,452
1605,452
1606,452
1607,452
1608,452
1609,452
1610,452
1611,452
1612,452
1613,452
1614,452
1615,452
1616,452
1617,452
1618,452
1619,452
1620,452
1621,452
1622,452
1623,452
1624,452
1625,452
1626,452
1627,452
1628,452
1629,452
1630,452
1631,452
1632,452
1633,452
1634,452
1635,452
1636,452
1637,452
1638,452
1639,452
1640,452
1641,452
1642,452
1643,452
1644,452
1645,452
1646,452
1647,452
1648,452
1649,452
1650,452
1651,452
1652,452
1653,452
1654,452
1655,452
1656,452
1657,452
1658,452
1659,452
1660,452
1661,452
1662,452
1663,452
1664,452
1665,452
1666,452
1667,452
1668,452
1669,452
1670,452
1671,452
1672,452
1673,452
1674,452
1675,452
1676,452
1677,452
1678,452
1679,452
1680,452
1681,452
1682,452
1683,452
1684,452
1685,452
1686,452
1687,452
1688,452
1689,452
1690,452
1691,452
1692,452
1693,452
1694,452
1695,452
1696,452
1697,452
1698,452
1699,452
1700,452
1701,452
1702,452
1703,452
1704,452
1705,452
1706,452
1707,452
1708,452
1709,452
1710,452
1711,452
1712,452
1713,452
1714,452
1715,452
1716,452
1717,452
1718,452
1719,452
1720,452
1721,452
1722,452
1723,452
1724,452
1725,452
1726,452
1727,452
1728,452
1729,452
1730,452
1731,452
1732,452
1733,452
1734,452
1735,452
1736,452
1737,452
1738,452
1739,452
1740,452
1741,452
1742,452
1743,452
1744,452
1745,452
1746,452
1747,452
1748,453
1749,453
1750,453
1751,453
1752,453
1753,453
1754,453
1755,453
1756,453
1757,453
1758,453
1759,453
1760,453
1761,453
1762,453
1763,453
1764,453
1765,453
1766,453
1767,453
1768,453
1769,453
1770,453
1771,453
1772,453
1773,453
1774,453
1775,453
1776,453
1777,453
1778,453
1779,453
1780,453
1781,453
1782,453
1783,453
1784,453
1785,453
1786,453
1787,453
1788,453
1789,453
1790,453
1791,453
1792,453
1793,453
1794,453
1795,453
1796,453
1797,453
1798,453
1799,453
1800,453
1801,453
1802,453
1803,453
1804,453
1805,453
1806,453
1807,453
1808,453
1809,454
1810,454
1811,454
1812,454
1813,454
1814,454
1815,455
1816,455
1817,455
1818,455
1819,455
1820,456
1821,456
1822,456
1823,456
1824,456
1825,456
1826,456
1827,456
1828,456
1829,456
1830,456
1831,456
1832,456
1833,456
1834,456
1835,456
1836,456
1837,456
1838,456
1839,456
1840,456
1841,456
1842,456
1843,456
1844,456
1845,456
1846,456
1847,456
1848,456
1849,456
1850,456
1851,456
1852,456
1853,456
1854,456
1855,456
1856,456
1857,456
1858,456
1859,456
1860,456
1861,456
1862,456
1863,456
1864,456
1865,456
1866,456
1867,456
1868,456
1869,456
1870,456
1871,456
1872,456
1873,456
1874,456
1875,456
1876,456
1877,456
1878,456
1879,456
1880,456
1881,456
1882,456
1883,456
1884,456
1885,456
1886,456
1887,456
1888,456
1889,456
1890,456
1891,456
1892,456
1893,457
1894,457
1895,457
1896,457
1897,457
1898,457
1899,457
1900,457
1901,457
1902,457
1903,457
1904,457
1905,457
1906,457
1907,457
1908,457
1909,457
1910,457
1911,457
1912,457
1913,457
1914,457
1915,457
1916,457
1917,457
1918,457
1919,457
1920,457
1921,457
1922,457
1923,457
1924,457
1925,457
1926,457
1927,457
1928,457
1929,457
1930,457
1931,457
1932,457
1933,457
1934,457
1935,457
1936,457
1937,457
1938,457
1939,457
1940,457
1941,457
1942,457
1943,458
1944,458
1945,458
1946,458
1947,458
1948,458
1949,458
1950,458
1951,458
1952,458
1953,458
1954,458
1955,458
1956,459
1957,460
1958,460
1959,460
1960,460
1961,460
1962,461
1963,461
1964,461
1965,461
1966,462
1967,462
1968,462
1969,462
1970,463
1971,463
1972,463
1973,464
1974,464
1975,464
1976,464
1977,464
1978,464
1979,464
1980,464
1981,464
1982,464
1983,464
1984,465
1985,465
1986,466
1987,466
1988,466
1989,466
1990,466
1991,466
1992,466
1993,466
1994,466
1995,466
1996,466
1997,466
1998,466
1999,466
2000,466
2001,466
2002,466
2003,466
2004,466
2005,467
2006,467
2007,467
2008,467
2009,467
2010,467
2011,467
2012,467
2013,468
2014,468
2015,468
2016,468
2017,468
2018,468
2019,468
2020,468
2021,468
2022,468
2023,468
2024,468
2025,468
2026,468
2027,468
2028,468
2029,468
2030,468
2031,468
2032,468
2033,468
2034,468
2035,468
2036,468
2037,468
2038,468
2039,468
2040,468
2041,468
2042,468
2043,468
2044,468
2045,468
2046,468
2047,468
2048,468
2049,468
2050,468
2051,468
2052,468
2053,468
2054,468
2055,468
2056,468
2057,468
2058,468
2059,468
2060,468
2061,468
2062,468
2063,468
2064,468
2065,468
2066,469
2067,470
2068,471
2069,471
2070,471
2071,472
2072,472
2073,472
2074,472
2075,472
2076,472
2077,472
2078,473
2079,473
2080,473
2081,473
2082,473
2083,473
2084,473
2085,473
2086,473
2087,474
2088,474
2089,474
2090,474
2091,474
2092,474
2093,474
2094,474
2095,474
2096,474
2097,474
2098,474
2099,474
2100,475
2101,475
2102,476
2103,476
2104,476
2105,476
2106,476
2107,476
2108,477
2109,477
2110,477
2111,477
2112,478
2113,478
2114,478
2115,478
2116,478
2117,478
2118,478
2119,478
2120,478
2121,478
2122,478
2123,478
2124,478
2125,478
2126,478
2127,478
2128,478
2129,478
2130,478
2131,478
2132,478
2133,478
2134,478
2135,478
2136,478
2137,478
2138,478
2139,478
2140,478
2141,478
2142,478
2143,478
2144,478
2145,478
2146,478
2147,478
2148,478
2149,478
2150,478
2151,478
2152,478
2153,478
2154,478
2155,478
2156,478
2157,478
2158,478
2159,478
2160,478
2161,478
2162,478
2163,478
2164,478
2165,478
2166,478
2167,478
2168,478
2169,478
2170,478
2171,478
2172,478
2173,478
2174,478
2175,478
2176,478
2177,478
2178,478
2179,478
2180,478
2181,478
2182,478
2183,478
2184,478
2185,478
2186,478
2187,478
2188,478
2189,478
2190,478
2191,478
2192,478
2193,478
2194,478
2195,478
2196,478
2197,478
2198,478
2199,478
2200,478
2201,478
2202,478
2203,478
2204,478
2205,478
2206,478
2207,479
2208,479
2209,479
2210,479
2211,479
2212,479
2213,479
2214,479
2215,479
2216,479
2217,479
2218,479
2219,479
2220,479
2221,479
2222,479
2223,479
2224,479
2225,479
2226,479
2227,479
2228,479
2229,479
2230,479
2231,479
2232,479
2233,479
2234,479
2235,479
2236,479
2237,479
2238,479
2239,479
2240,479
2241,479
2242,479
2243,479
2244,479
2245,479
2246,479
2247,479
2248,479
2249,479
2250,479
2251,479
2252,479
2253,480
2254,480
2255,480
2256,480
2257,480
2258,480
2259,480
2260,480
2261,480
2262,480
2263,480
2264,480
2265,480
2266,480
2267,480
2268,480
2269,480
2270,480
2271,480
2272,480
2273,480
2274,480
2275,480
2276,481
2277,481
2278,481
2279,481
2280,481
2281,481
2282,481
2283,481
2284,481
2285,481
2286,481
2287,481
2288,481
2289,481
2290,481
2291,481
2292,481
2293,481
2294,481
2295,481
2296,481
2297,481
2298,481
2299,481
2300,481
2301,481
2302,481
2303,481
2304,481
2305,481
2306,481
2307,481
2308,481
2309,481
2310,481
2311,481
2312,481
2313,481
2314,481
2315,481
2316,481
2317,481
2318,481
2319,481
2320,481
2321,481
2322,481
2323,481
2324,481
2325,481
2326,481
2327,481
2328,481
2329,481
2330,481
2331,481
2332,481
2333,481
2334,481
2335,481
2336,481
2337,481
2338,481
2339,481
2340,481
2341,481
2342,481
2343,481
2344,481
2345,481
2346,481
2347,481
2348,481
2349,481
2350,481
2351,481
2352,481
2353,481
2354,481
2355,481
2356,481
2357,481
2358,481
2359,481
2360,481
2361,481
2362,481
2363,481
2364,481
2365,481
2366,481
2367,481
2368,481
2369,481
2370,481
2371,481
2372,481
2373,481
2374,481
2375,481
2376,481
2377,481
2378,481
2379,481
2380,481
2381,481
2382,481
2383,481
2384,481
2385,481
2386,481
2387,481
2388,481
2389,481
2390,481
2391,481
2392,481
2393,481
2394,481
2395,481
2396,481
2397,481
2398,481
2399,481
2400,481
2401,481
2402,481
2403,481
2404,481
2405,481
2406,481
2407,481
2408,481
2409,481
2410,481
2411,481
2412,481
2413,481
2414,481
2415,481
2416,481
2417,481
2418,481
2419,481
2420,481
2421,481
2422,481
2423,481
2424,481
2425,481
2426,481
2427,481
2428,481
2429,481
2430,481
2431,481
2432,481
2433,482
2434,483
2435,483
2436,483
2437,483
2438,483
2439,483
2440,483
2441,483
2442,483
2443,483
2444,483
2445,483
2446,483
2447,483
2448,483
2449,483
2450,483
2451,483
2452,483
2453,483
2454,483
2455,483
2456,483
2457,483
2458,483
2459,483
2460,483
2461,483
2462,483
2463,483
2464,483
2465,483
2466,483
2467,483
2468,483
2469,483
2470,483
2471,483
2472,483
2473,483
2474,483
2475,483
2476,483
2477,483
2478,483
2479,483
2480,483
2481,483
2482,483
2483,483
2484,483
2485,483
2486,483
2487,483
2488,483
2489,483
2490,483
2491,483
2492,483
2493,483
2494,483
2495,483
2496,483
2497,483
2498,483
2499,483
2500,483
2501,483
2502,483
2503,483
2504,483
2505,483
2506,483
2507,483
2508,483
2509,483
2510,483
2511,483
2512,483
2513,483
2514,483
2515,483
2516,483
2517,483
2518,483
2519,483
2520,483
2521,483
2522,483
2523,483
2524,483
2525,483
2526,483
2527,483
2528,483
2529,483
2530,483
2531,483
2532,483
2533,483
2534,483
2535,483
2536,483
2537,483
2538,483
2539,483
2540,483
2541,483
2542,483
2543,483
2544,483
2545,483
2546,483
2547,483
2548,483
2549,483
2550,483
2551,483
2552,483
2553,483
2554,483
2555,483
2556,483
2557,483
2558,483
2559,483
2560,483
2561,483
2562,483
2563,483
2564,483
2565,483
2566,483
2567,483
2568,483
2569,483
2570,483
2571,483
2572,483
2573,483
2574,483
2575,483
2576,483
2577,483
2578,483
2579,483
2580,483
2581,483
2582,483
2583,483
2584,483
2585,483
2586,483
2587,483
2588,483
2589,483
2590,483
2591,483
2592,483
2593,483
2594,483
2595,483
2596,483
2597,483
2598,483
2599,483
2600,483
2601,483
2602,483
2603,483
2604,483
2605,483
2606,483
2607,483
2608,483
2609,483
2610,483
2611,483
2612,483
2613,483
2614,483
2615,483
2616,483
2617,483
2618,483
2619,483
2620,483
2621,483
2622,483
2623,483
2624,483
2625,483
2626,483
2627,483
2628,483
2629,483
2630,483
2631,483
2632,483
2633,483
2634,483
2635,483
2636,483
2637,483
2638,483
2639,483
2640,483
2641,483
2642,483
2643,483
2644,483
2645,483
2646,483
2647,483
2648,483
2649,483
2650,483
2651,483
2652,483
2653,483
2654,483
2655,483
2656,483
2657,483
2658,483
2659,483
2660,483
2661,483
2662,483
2663,483
2664,483
2665,483
2666,483
2667,483
2668,483
2669,483
2670,483
2671,483
2672,483
2673,483
2674,483
2675,483
2676,483
2677,483
2678,483
2679,483
2680,483
2681,483
2682,483
2683,483
2684,483
2685,483
2686,483
2687,483
2688,483
2689,483
2690,483
2691,483
2692,483
2693,483
2694,483
2695,483
2696,483
2697,483
2698,483
2699,483
2700,483
2701,483
2702,483
2703,483
2704,483
2705,484
2706,484
2707,484
2708,484
2709,485
2710,485
2711,486
2712,486
2713,486
2714,486
2715,486
2716,486
2717,486
2718,486
2719,486
2720,486
2721,486
2722,486
2723,486
2724,486
2725,486
2726,486
2727,486
2728,486
2729,486
2730,486
2731,486
2732,486
2733,486
2734,486
2735,486
2736,486
2737,486
2738,486
2739,486
2740,486
2741,486
2742,486
2743,486
2744,486
2745,486
2746,486
2747,486
2748,486
2749,486
2750,486
2751,486
2752,486
2753,486
2754,486
2755,486
2756,486
2757,486
2758,486
2759,486
2760,486
2761,486
2762,486
2763,486
2764,486
2765,486
2766,486
2767,486
2768,486
2769,486
2770,486
2771,486
2772,486
2773,486
2774,486
2775,486
2776,486
2777,486
2778,486
2779,486
2780,486
2781,486
2782,486
2783,486
2784,486
2785,486
2786,486
2787,486
2788,486
2789,486
2790,486
2791,487
2792,487
2793,487
2794,487
2795,487
2796,487
2797,487
2798,487
2799,487
2800,487
2801,488
2802,488
2803,488
2804,488
2805,488
2806,488
2807,488
2808,488
2809,488
2810,488
2811,488
2812,488
2813,488
2814,488
2815,488
2816,488
2817,488
2818,488
2819,488
2820,488
2821,488
2822,488
2823,489
2824,489
2825,489
2826,489
2827,489
2828,489
2829,489
2830,489
2831,489
2832,489
2833,489
2834,490
2835,490
2836,490
2837,490
2838,490
2839,490
2840,490
2841,490
2842,490
2843,490
2844,490
2845,490
2846,490
2847,490
2848,490
2849,490
2850,490
2851,490
2852,490
2853,490
2854,490
2855,490
2856,490
2857,490
2858,490
2859,490
2860,490
2861,490
2862,490
2863,490
2864,490
2865,490
2866,490
2867,490
2868,490
2869,490
2870,490
2871,490
2872,490
2873,490
2874,490
2875,490
2876,490
2877,490
2878,490
2879,490
2880,490
2881,490
2882,490
2883,490
2884,490
2885,490
2886,490
2887,490
2888,490
2889,490
2890,490
2891,490
2892,490
2893,490
2894,490
2895,490
2896,490
2897,490
2898,490
2899,490
2900,490
2901,490
2902,490
2903,490
2904,490
2905,490
2906,490
2907,490
2908,490
2909,490
2910,490
2911,490
2912,490
2913,490
2914,490
2915,490
2916,490
2917,490
2918,490
2919,490
2920,490
2921,490
2922,490
2923,490
2924,490
2925,490
2926,490
2927,490
2928,490
2929,490
2930,490
2931,490
2932,490
2933,490
2934,490
2935,490
2936,490
2937,490
2938,490
2939,490
2940,490
2941,490
2942,490
2943,490
2944,490
2945,490
2946,490
2947,490
2948,490
2949,490
2950,490
2951,490
2952,490
2953,490
2954,490
2955,490
2956,490
2957,490
2958,490
2959,490
2960,490
2961,490
2962,490
2963,490
2964,490
2965,490
2966,490
2967,490
2968,490
2969,490
2970,490
2971,490
2972,490
2973,490
2974,490
2975,490
2976,490
2977,490
2978,490
2979,490
2980,490
2981,490
2982,490
2983,490
2984,490
2985,490
2986,490
2987,490
2988,490
2989,490
2990,490
2991,490
2992,490
2993,490
2994,490
2995,490
2996,490
2997,490
2998,490
2999,490
3000,490
3001,490
3002,490
3003,490
3004,490
3005,490
3006,490
3007,490
3008,490
3009,490
3010,490
3011,490
3012,490
3013,490
3014,490
3015,490
3016,490
3017,490
3018,490
3019,490
3020,490
3021,490
3022,490
3023,490
3024,490
3025,490
3026,490
3027,490
3028,490
3029,490
3030,490
3031,490
3032,490
3033,490
3034,490
3035,490
3036,490
3037,490
3038,490
3039,490
3040,490
3041,490
3042,490
3043,490
3044,490
3045,490
3046,490
3047,490
3048,490
3049,490
3050,490
3051,490
3052,490
3053,490
3054,490
3055,490
3056,490
3057,490
3058,490
3059,490
3060,490
3061,490
3062,490
3063,490
3064,490
3065,490
3066,490
3067,490
3068,490
3069,490
3070,490
3071,490
3072,490
3073,490
3074,490
3075,491
3076,491
3077,491
3078,491
3079,491
3080,491
3081,491
3082,491
3083,491
3084,491
3085,491
3086,491
3087,491
3088,491
3089,492
3090,492
3091,492
3092,492
3093,492
3094,492
3095,492
3096,492
3097,492
3098,492
3099,492
3100,492
3101,492
3102,492
3103,492
3104,492
3105,492
3106,492
3107,492
3108,492
3109,492
3110,492
3111,492
3112,492
3113,492
3114,492
3115,492
3116,492
3117,492
3118,492
3119,492
3120,492
3121,492
3122,492
3123,492
3124,492
3125,492
3126,492
3127,492
3128,492
3129,492
3130,492
3131,492
3132,492
3133,492
3134,492
3135,492
3136,492
3137,492
3138,492
3139,492
3140,492
3141,492
3142,492
3143,492
3144,492
3145,492
3146,492
3147,492
3148,492
3149,492
3150,492
3151,492
3152,493
3153,493
3154,493
3155,493
3156,493
3157,493
3158,493
3159,493
3160,493
3161,493
3162,493
3163,493
3164,493
3165,493
3166,493
3167,493
3168,493
3169,493
3170,493
3171,493
3172,493
3173,493
3174,493
3175,493
3176,493
3177,493
3178,493
3179,493
3180,493
3181,493
3182,493
3183,493
3184,493
3185,493
3186,493
3187,493
3188,493
3189,493
3190,493
3191,493
3192,493
3193,493
3194,493
3195,493
3196,493
3197,493
3198,493
3199,493
3200,493
3201,493
3202,493
3203,493
3204,493
3205,493
3206,493
3207,493
3208,493
3209,493
3210,493
3211,493
3212,493
3213,493
3214,493
3215,493
3216,493
3217,493
3218,493
3219,493
3220,493
3221,493
3222,493
3223,493
3224,493
3225,493
3226,493
3227,493
3228,493
3229,493
3230,493
3231,493
3232,493
3233,493
3234,493
3235,493
3236,493
3237,493
3238,493
3239,493
3240,493
3241,493
3242,493
3243,493
3244,493
3245,493
3246,493
3247,493
3248,493
3249,493
3250,493
3251,493
3252,493
3253,493
3254,493
3255,493
3256,493
3257,493
3258,493
3259,493
3260,493
3261,493
3262,493
3263,493
3264,493
3265,493
3266,493
3267,493
3268,493
3269,493
3270,493
3271,493
3272,493
3273,493
3274,493
3275,493
3276,493
3277,493
3278,493
3279,493
3280,493
3281,493
3282,493
3283,493
3284,493
3285,493
3286,493
3287,493
3288,493
3289,493
3290,493
3291,493
3292,493
3293,493
3294,493
3295,493
3296,493
3297,493
3298,493
3299,493
3300,493
3301,493
3302,493
3303,493
3304,493
3305,493
3306,493
3307,493
3308,493
3309,493
3310,493
3311,493
3312,493
3313,493
3314,493
3315,493
3316,493
3317,493
3318,493
3319,493
3320,493
3321,493
3322,493
3323,493
3324,493
3325,493
3326,493
3327,493
3328,493
3329,493
3330,493
3331,493
3332,493
3333,493
3334,493
3335,493
3336,493
3337,493
3338,493
3339,493
3340,493
3341,493
3342,493
3343,493
3344,493
3345,493
3346,493
3347,493
3348,493
3349,493
3350,493
3351,493
3352,493
3353,493
3354,493
3355,493
3356,493
3357,493
3358,493
3359,493
3360,493
3361,493
3362,493
3363,493
3364,493
3365,493
3366,493
3367,493
3368,493
3369,493
3370,493
3371,493
3372,493
3373,493
3374,493
3375,493
3376,493
3377,493
3378,493
3379,493
3380,493
3381,493
3382,493
3383,493
3384,493
3385,493
3386,493
3387,493
3388,493
3389,493
3390,493
3391,493
3392,493
3393,493
3394,493
3395,493
3396,493
3397,493
3398,493
3399,493
3400,493
3401,493
3402,493
3403,493
3404,493
3405,493
3406,493
3407,493
3408,493
3409,493
3410,493
3411,493
3412,493
3413,493
3414,493
3415,493
3416,493
3417,493
3418,493
3419,493
3420,493
3421,493
3422,493
3423,493
3424,493
3425,493
3426,493
3427,493
3428,493
3429,493
3430,493
3431,493
3432,493
3433,493
3434,493
3435,493
3436,493
3437,493
3438,493
3439,493
3440,493
3441,493
3442,493
3443,493
3444,493
3445,493
3446,493
3447,493
3448,493
3449,493
3450,493
3451,493
3452,493
3453,493
3454,493
3455,493
3456,493
3457,493
3458,493
3459,493
3460,493
3461,493
3462,493
3463,493
3464,493
3465,493
3466,493
3467,493
3468,493
3469,493
3470,493
3471,493
3472,493
3473,493
3474,493
3475,493
3476,493
3477,493
3478,493
3479,493
3480,493
3481,493
3482,493
3483,493
3484,493
3485,493
3486,493
3487,493
3488,493
3489,493
3490,493
3491,493
3492,493
3493,493
3494,493
3495,493
3496,493
3497,493
3498,493
3499,493
3500,493
3501,493
3502,493
3503,493
3504,493
3505,493
3506,493
3507,493
3508,493
3509,493
3510,493
3511,493
3512,493
3513,493
3514,493
3515,493
3516,493
3517,493
3518,493
3519,493
3520,493
3521,493
3522,493
3523,493
3524,493
3525,493
3526,493
3527,493
3528,493
3529,493
3530,493
3531,493
3532,493
3533,493
3534,493
3535,493
3536,493
3537,493
3538,493
3539,493
3540,493
3541,493
3542,493
3543,493
3544,493
3545,493
3546,493
3547,493
3548,493
3549,493
3550,493
3551,493
3552,493
3553,493
3554,493
3555,493
3556,493
3557,493
3558,493
3559,493
3560,493
3561,493
3562,493
3563,493
3564,493
3565,493
3566,493
3567,493
3568,493
3569,493
3570,493
3571,493
3572,493
3573,493
3574,493
3575,493
3576,493
3577,493
3578,493
3579,493
3580,493
3581,493
3582,493
3583,493
3584,493
3585,493
3586,493
3587,493
3588,493
3589,493
3590,493
3591,493
3592,493
3593,493
3594,493
3595,493
3596,493
3597,493
3598,493
3599,493
3600,493
3601,493
3602,493
3603,493
3604,493
3605,493
3606,493
3607,493
3608,493
3609,493
3610,493
3611,493
3612,493
3613,493
3614,493
3615,493
3616,493
3617,493
3618,493
3619,493
3620,493
3621,493
3622,493
3623,493
3624,493
3625,493
3626,493
3627,493
3628,493
3629,493
3630,493
3631,493
3632,493
3633,493
3634,493
3635,493
3636,493
3637,493
3638,493
3639,493
3640,493
3641,493
3642,493
3643,493
3644,493
3645,493
3646,493
3647,493
3648,493
3649,493
3650,493
3651,493
3652,493
3653,493
3654,493
3655,493
3656,493
3657,493
3658,493
3659,493
3660,493
3661,493
3662,493
3663,493
3664,493
3665,493
3666,493
3667,493
3668,493
3669,493
3670,493
3671,493
3672,493
3673,493
3674,493
3675,493
3676,493
3677,493
3678,493
3679,493
3680,493
3681,493
3682,493
3683,493
3684,493
3685,493
3686,493
3687,493
3688,493
3689,493
3690,493
3691,493
3692,493
3693,493
3694,493
3695,493
3696,493
3697,493
3698,493
3699,493
3700,493
3701,493
3702,493
3703,493
3704,493
3705,493
3706,493
3707,493
3708,493
3709,493
3710,493
3711,493
3712,493
3713,493
3714,493
3715,493
3716,493
3717,493
3718,493
3719,493
3720,493
3721,493
3722,493
3723,493
3724,493
3725,493
3726,493
3727,493
3728,493
3729,493
3730,493
3731,493
3732,493
3733,493
3734,493
3735,493
3736,493
3737,493
3738,493
3739,493
3740,493
3741,493
3742,493
3743,493
3744,493
3745,493
3746,493
3747,493
3748,493
3749,493
3750,493
3751,493
3752,493
3753,493
3754,493
3755,493
3756,493
3757,493
3758,493
3759,493
3760,493
3761,493
3762,493
3763,493
3764,493
3765,493
3766,494
3767,494
3768,494
3769,494
3770,494
3771,494
3772,494
3773,494
3774,494
3775,494
3776,494
3777,494
3778,494
3779,494
3780,494
3781,494
3782,494
3783,494
3784,494
3785,494
3786,494
3787,494
3788,494
3789,494
3790,494
3791,494
3792,494
3793,494
3794,494
3795,494
3796,494
3797,494
3798,494
3799,494
3800,494
3801,494
3802,494
3803,494
3804,494
3805,494
3806,494
3807,494
3808,494
3809,494
3810,494
3811,494
3812,494
3813,494
3814,494
3815,494
3816,494
3817,494
3818,494
3819,494
3820,494
3821,494
3822,494
3823,494
3824,494
3825,494
3826,494
3827,494
3828,494
3829,494
3830,494
3831,494
3832,494
3833,494
3834,494
3835,494
3836,494
3837,494
3838,494
3839,494
3840,494
3841,494
3842,494
3843,494
3844,494
3845,494
3846,494
3847,494
3848,494
3849,494
3850,494
3851,494
3852,494
3853,494
3854,494
3855,494
3856,494
3857,494
3858,494
3859,494
3860,494
3861,494
3862,494
3863,494
3864,494
3865,494
3866,494
3867,494
3868,494
3869,494
3870,494
3871,494
3872,494
3873,494
3874,494
3875,494
3876,494
3877,494
3878,494
3879,494
3880,494
3881,494
3882,494
3883,494
3884,494
3885,494
3886,494
3887,494
3888,494
3889,494
3890,494
3891,494
3892,494
3893,494
3894,494
3895,494
3896,494
3897,494
3898,494
3899,494
3900,494
3901,494
3902,494
3903,494
3904,494
3905,494
3906,494
3907,494
3908,494
3909,494
3910,494
3911,494
3912,494
3913,494
3914,494
3915,494
3916,494
3917,494
3918,494
3919,494
3920,494
3921,494
3922,494
3923,494
3924,494
3925,494
3926,494
3927,494
3928,494
3929,494
3930,494
3931,494
3932,494
3933,494
3934,494
3935,494
3936,494
3937,494
3938,494
3939,494
3940,494
3941,494
3942,494
3943,494
3944,494
3945,494
3946,494
3947,494
3948,494
3949,494
3950,494
3951,494
3952,494
3953,494
3954,494
3955,494
3956,494
3957,494
3958,494
3959,494
3960,494
3961,494
3962,494
3963,494
3964,494
3965,494
3966,494
3967,494
3968,494
3969,494
3970,494
3971,494
3972,494
3973,494
3974,494
3975,494
3976,494
3977,494
3978,494
3979,494
3980,494
3981,494
3982,494
3983,494
3984,494
3985,494
3986,494
3987,494
3988,494
3989,494
3990,494
3991,494
3992,494
3993,494
3994,494
3995,494
3996,494
3997,494
3998,494
3999,494
4000,494
4001,494
4002,494
4003,494
4004,495
4005,495
4006,495
4007,495
4008,495
4009,496
4010,496
4011,496
4012,496
4013,496
4014,496
4015,496
4016,496
4017,496
4018,496
4019,496
4020,496
4021,496
4022,496
4023,496
4024,496
4025,496
4026,496
4027,496
4028,496
4029,496
4030,496
4031,496
4032,496
4033,496
4034,496
4035,496
4036,496
4037,496
4038,496
4039,496
4040,496
4041,496
4042,496
4043,496
4044,496
4045,496
4046,496
4047,496
4048,496
4049,496
4050,496
4051,496
4052,496
4053,496
4054,496
4055,496
4056,496
4057,496
4058,496
4059,496
4060,496
4061,496
4062,496
4063,496
4064,496
4065,496
4066,496
4067,496
4068,496
4069,496
4070,496
4071,496
4072,496
4073,496
4074,496
4075,496
4076,496
4077,496
4078,496
4079,496
4080,496
4081,496
4082,496
4083,496
4084,496
4085,496
4086,496
4087,496
4088,496
4089,496
4090,496
4091,496
4092,496
4093,496
4094,496
4095,496
4096,496
4097,496
4098,496
4099,496
4100,496
4101,496
4102,496
4103,496
4104,496
4105,496
4106,496
4107,496
4108,496
4109,496
4110,496
4111,496
4112,496
4113,496
4114,496
4115,496
4116,496
4117,496
4118,496
4119,496
4120,496
4121,496
4122,496
4123,496
4124,496
4125,496
4126,496
4127,496
4128,496
4129,496
4130,496
4131,496
4132,496
4133,496
4134,496
4135,496
4136,496
4137,496
4138,496
4139,496
4140,496
4141,496
4142,496
4143,496
4144,496
4145,496
4146,496
4147,496
4148,496
4149,496
4150,496
4151,496
4152,496
4153,496
4154,496
4155,496
4156,496
4157,496
4158,496
4159,496
4160,496
4161,496
4162,496
4163,496
4164,496
4165,496
4166,496
4167,496
4168,496
4169,496
4170,496
4171,496
4172,496
4173,496
4174,496
4175,496
4176,496
4177,496
4178,496
4179,496
4180,496
4181,496
4182,496
4183,496
4184,496
4185,496
4186,496
4187,496
4188,496
4189,496
4190,496
4191,496
4192,496
4193,496
4194,496
4195,496
4196,496
4197,496
4198,496
4199,496
4200,496
4201,496
4202,496
4203,496
4204,496
4205,496
4206,496
4207,496
4208,496
4209,496
4210,496
4211,496
4212,496
4213,496
4214,496
4215,496
4216,496
4217,496
4218,496
4219,496
4220,496
4221,496
4222,496
4223,496
4224,496
4225,496
4226,496
4227,496
4228,496
4229,496
4230,496
4231,496
4232,496
4233,496
4234,496
4235,496
4236,496
4237,496
4238,496
4239,496
4240,496
4241,496
4242,496
4243,496
4244,496
4245,496
4246,496
4247,496
4248,496
4249,496
4250,496
4251,496
4252,496
4253,496
4254,496
4255,496
4256,496
4257,496
4258,496
4259,496
4260,496
4261,496
4262,496
4263,496
4264,496
4265,496
4266,496
4267,496
4268,496
4269,496
4270,496
4271,496
4272,496
4273,496
4274,496
4275,496
4276,496
4277,496
4278,496
4279,496
4280,496
4281,496
4282,496
4283,496
4284,496
4285,496
4286,496
4287,496
4288,496
4289,496
4290,496
4291,496
4292,496
4293,496
4294,496
4295,496
4296,496
4297,496
4298,496
4299,496
4300,496
4301,496
4302,496
4303,496
4304,496
4305,496
4306,496
4307,496
4308,496
4309,496
4310,496
4311,496
4312,496
4313,496
4314,496
4315,496
4316,496
4317,496
4318,496
4319,496
4320,496
4321,496
4322,496
4323,496
4324,496
4325,496
4326,496
4327,496
4328,496
4329,496
4330,496
4331,496
4332,496
4333,496
4334,496
4335,496
4336,496
4337,496
4338,496
4339,496
4340,496
4341,496
4342,496
4343,496
4344,496
4345,496
4346,496
4347,496
4348,496
4349,496
4350,496
4351,496
4352,496
4353,496
4354,496
4355,496
4356,496
4357,496
4358,496
4359,496
4360,496
4361,496
4362,496
4363,496
4364,496
4365,496
4366,496
4367,496
4368,496
4369,496
4370,496
4371,496
4372,496
4373,496
4374,496
4375,496
4376,496
4377,496
4378,496
4379,496
4380,496
4381,496
4382,496
4383,496
4384,496
4385,496
4386,496
4387,496
4388,496
4389,496
4390,496
4391,496
4392,496
4393,496
4394,496
4395,496
4396,496
4397,496
4398,496
4399,496
4400,496
4401,496
4402,496
4403,496
4404,496
4405,496
4406,496
4407,496
4408,496
4409,496
4410,496
4411,496
4412,496
4413,496
4414,496
4415,496
4416,496
4417,496
4418,496
4419,496
4420,496
4421,496
4422,496
4423,496
4424,496
4425,496
4426,496
4427,496
4428,496
4429,496
4430,496
4431,496
4432,496
4433,496
4434,496
4435,496
4436,496
4437,496
4438,496
4439,496
4440,496
4441,496
4442,496
4443,496
4444,496
4445,496
4446,496
4447,496
4448,496
4449,496
4450,496
4451,496
4452,496
4453,496
4454,496
4455,496
4456,496
4457,496
4458,496
4459,496
4460,496
4461,496
4462,496
4463,496
4464,496
4465,496
4466,496
4467,496
4468,496
4469,496
4470,496
4471,496
4472,496
4473,496
4474,496
4475,496
4476,496
4477,496
4478,496
4479,496
4480,496
4481,496
4482,496
4483,496
4484,496
4485,496
4486,496
4487,496
4488,496
4489,496
4490,496
4491,496
4492,496
4493,496
4494,496
4495,496
4496,496
4497,496
4498,496
4499,496
4500,496
4501,496
4502,496
4503,496
4504,496
4505,496
4506,496
4507,496
4508,496
4509,496
4510,496
4511,496
4512,496
4513,496
4514,496
4515,496
4516,496
4517,496
4518,496
4519,496
4520,496
4521,496
4522,496
4523,496
4524,496
4525,496
4526,496
4527,496
4528,496
4529,496
4530,496
4531,496
4532,496
4533,496
4534,496
4535,496
4536,496
4537,496
4538,496
4539,496
4540,496
4541,496
4542,496
4543,496
4544,496
4545,496
4546,496
4547,496
4548,496
4549,496
4550,496
4551,496
4552,496
4553,496
4554,496
4555,496
4556,496
4557,496
4558,496
4559,496
4560,496
4561,496
4562,496
4563,496
4564,496
4565,496
4566,496
4567,496
4568,496
4569,496
4570,496
4571,496
4572,496
4573,496
4574,496
4575,496
4576,496
4577,496
4578,496
4579,496
4580,496
4581,496
4582,496
4583,496
4584,496
4585,496
4586,496
4587,496
4588,496
4589,496
4590,496
4591,496
4592,496
4593,496
4594,496
4595,496
4596,496
4597,496
4598,496
4599,496
4600,496
4601,496
4602,496
4603,496
4604,496
4605,496
4606,496
4607,496
4608,496
4609,496
4610,496
4611,496
4612,496
4613,496
4614,496
4615,496
4616,496
4617,496
4618,496
4619,496
4620,496
4621,496
4622,496
4623,496
4624,496
4625,496
4626,496
4627,496
4628,496
4629,496
4630,496
4631,496
4632,496
4633,496
4634,496
4635,496
4636,496
4637,496
4638,496
4639,496
4640,496
4641,496
4642,496
4643,496
4644,496
4645,496
4646,496
4647,496
4648,496
4649,496
4650,496
4651,496
4652,496
4653,496
4654,496
4655,496
4656,496
4657,496
4658,496
4659,496
4660,496
4661,496
4662,496
4663,496
4664,496
4665,496
4666,496
4667,496
4668,496
4669,496
4670,496
4671,496
4672,496
4673,496
4674,496
4675,496
4676,496
4677,496
4678,496
4679,496
4680,496
4681,496
4682,496
4683,496
4684,496
4685,496
4686,496
4687,496
4688,496
4689,496
4690,496
4691,496
4692,496
4693,496
4694,496
4695,496
4696,496
4697,496
4698,496
4699,496
4700,496
4701,496
4702,496
4703,496
4704,496
4705,496
4706,496
4707,496
4708,496
4709,496
4710,496
4711,496
4712,496
4713,496
4714,496
4715,496
4716,496
4717,496
4718,496
4719,496
4720,496
4721,496
4722,496
4723,496
4724,496
4725,496
4726,496
4727,496
4728,496
4729,496
4730,496
4731,496
4732,496
4733,496
4734,496
4735,496
4736,496
4737,496
4738,496
4739,496
4740,496
4741,496
4742,496
4743,496
4744,496
4745,496
4746,496
4747,496
4748,496
4749,496
4750,496
4751,496
4752,496
4753,496
4754,496
4755,496
4756,496
4757,496
4758,496
4759,496
4760,496
4761,496
4762,496
4763,496
4764,496
4765,496
4766,496
4767,496
4768,496
4769,497
4770,497
4771,497
4772,497
4773,497
4774,497
4775,497
4776,497
4777,497
4778,497
4779,497
4780,497
4781,497
4782,497
4783,497
4784,497
4785,497
4786,497
4787,497
4788,497
4789,497
4790,497
4791,497
4792,497
4793,497
4794,497
4795,497
4796,497
4797,497
4798,497
4799,497
4800,497
4801,497
4802,497
4803,497
4804,497
4805,497
4806,497
4807,497
4808,497
4809,497
4810,497
4811,497
4812,497
4813,497
4814,497
4815,497
4816,497
4817,497
4818,497
4819,497
4820,497
4821,497
4822,497
4823,497
4824,497
4825,497
4826,497
4827,497
4828,497
4829,497
4830,497
4831,497
4832,497
4833,497
4834,497
4835,497
4836,497
4837,497
4838,497
4839,497
4840,497
4841,497
4842,497
4843,497
4844,497
4845,497
4846,497
4847,497
4848,497
4849,497
4850,497
4851,497
4852,497
4853,497
4854,497
4855,497
4856,497
4857,497
4858,497
4859,497
4860,497
4861,497
4862,497
4863,497
4864,497
4865,497
4866,497
4867,497
4868,497
4869,497
4870,497
4871,497
4872,497
4873,497
4874,497
4875,497
4876,497
4877,497
4878,497
4879,497
4880,497
4881,497
4882,497
4883,497
4884,497
4885,497
4886,497
4887,497
4888,497
4889,497
4890,497
4891,497
4892,497
4893,497
4894,497
4895,497
4896,497
4897,497
4898,497
4899,497
4900,497
4901,497
4902,497
4903,497
4904,497
4905,497
4906,497
4907,497
4908,497
4909,497
4910,497
4911,497
4912,497
4913,497
4914,497
4915,497
4916,497
4917,497
4918,497
4919,497
4920,497
4921,497
4922,497
4923,497
4924,497
4925,497
4926,497
4927,497
4928,497
4929,497
4930,497
4931,497
4932,497
4933,497
4934,497
4935,497
4936,497
4937,497
4938,497
4939,497
4940,497
4941,497
4942,497
4943,497
4944,497
4945,497
4946,497
4947,497
4948,497
4949,498
4950,498
4951,498
4952,498
4953,498
4954,498
4955,498
4956,498
4957,498
4958,498
4959,498
4960,498
4961,498
4962,498
4963,498
4964,498
4965,498
4966,498
4967,498
4968,498
4969,498
4970,498
4971,498
4972,498
4973,498
4974,498
4975,498
4976,498
4977,498
4978,498
4979,498
4980,498
4981,498
4982,498
4983,498
4984,498
4985,498
4986,498
4987,498
4988,498
4989,498
4990,498
4991,498
4992,498
4993,498
4994,498
4995,498
4996,498
4997,498
4998,498
4999,498
5000,498
5001,498
5002,498
5003,498
5004,498
5005,498
5006,498
5007,498
5008,498
5009,498
5010,498
5011,498
5012,498
5013,498
5014,498
5015,498
5016,498
5017,498
5018,498
5019,498
5020,498
5021,498
5022,498
5023,498
5024,498
5025,498
5026,498
5027,498
5028,498
5029,498
5030,498
5031,498
5032,498
5033,498
5034,498
5035,498
5036,498
5037,498
5038,498
5039,498
5040,498
5041,498
5042,498
5043,498
5044,498
5045,498
5046,498
5047,498
5048,498
5049,498
5050,498
5051,498
5052,498
5053,498
5054,498
5055,498
5056,498
5057,498
5058,498
5059,498
5060,498
5061,498
5062,498
5063,498
5064,498
5065,498
5066,498
5067,498
5068,498
5069,498
5070,498
5071,498
5072,498
5073,498
5074,498
5075,498
5076,498
5077,498
5078,498
5079,498
5080,498
5081,498
5082,498
5083,498
5084,498
5085,498
5086,498
5087,498
5088,498
5089,498
5090,498
5091,498
5092,498
5093,498
5094,498
5095,498
5096,498
5097,498
5098,498
5099,498
5100,498
5101,498
5102,498
5103,498
5104,498
5105,498
5106,498
5107,498
5108,498
5109,498
5110,498
5111,498
5112,498
5113,498
5114,498
5115,498
5116,498
5117,498
5118,498
5119,498
5120,498
5121,498
5122,498
5123,498
5124,498
5125,498
5126,498
5127,498
5128,498
5129,498
5130,498
5131,498
5132,498
5133,498
5134,498
5135,498
5136,498
5137,498
5138,498
5139,498
5140,498
5141,498
5142,498
5143,498
5144,498
5145,498
5146,498
5147,498
5148,498
5149,498
5150,498
5151,498
5152,498
5153,498
5154,498
5155,498
5156,498
5157,498
5158,498
5159,498
5160,498
5161,498
5162,498
5163,498
5164,498
5165,498
5166,498
5167,498
5168,498
5169,498
5170,498
5171,498
5172,498
5173,498
5174,498
5175,498
5176,498
5177,498
5178,498
5179,498
5180,498
5181,498
5182,498
5183,498
5184,498
5185,498
5186,498
5187,498
5188,498
5189,498
5190,498
5191,498
5192,498
5193,498
5194,498
5195,498
5196,498
5197,498
5198,498
5199,498
5200,498
5201,498
5202,498
5203,498
5204,498
5205,498
5206,498
5207,498
5208,498
5209,498
5210,498
5211,498
5212,498
5213,498
5214,498
5215,498
5216,498
5217,498
5218,498
5219,498
5220,498
5221,498
5222,498
5223,498
5224,498
5225,498
5226,498
5227,498
5228,498
5229,498
5230,498
5231,498
5232,498
5233,498
5234,498
5235,498
5236,498
5237,498
5238,498
5239,498
5240,498
5241,498
5242,498
5243,498
5244,498
5245,498
5246,498
5247,498
5248,498
5249,498
5250,498
5251,498
5252,498
5253,498
5254,498
5255,498
5256,498
5257,498
5258,498
5259,498
5260,498
5261,498
5262,498
5263,498
5264,498
5265,498
5266,498
5267,498
5268,498
5269,498
5270,498
5271,498
5272,498
5273,498
5274,498
5275,498
5276,498
5277,498
5278,498
5279,498
5280,498
5281,498
5282,498
5283,498
5284,498
5285,498
5286,498
5287,498
5288,498
5289,498
5290,498
5291,498
5292,498
5293,498
5294,498
5295,498
5296,498
5297,498
5298,498
5299,498
5300,498
5301,498
5302,498
5303,498
5304,498
5305,498
5306,498
5307,498
5308,498
5309,498
5310,498
5311,498
5312,498
5313,498
5314,498
5315,498
5316,498
5317,498
5318,498
5319,498
5320,498
5321,498
5322,498
5323,498
5324,498
5325,498
5326,498
5327,498
5328,498
5329,498
5330,498
5331,498
5332,498
5333,498
5334,498
5335,498
5336,498
5337,498
5338,498
5339,498
5340,498
5341,498
5342,498
5343,498
5344,498
5345,498
5346,498
5347,498
5348,498
5349,498
5350,498
5351,498
5352,498
5353,498
5354,498
5355,498
5356,498
5357,498
5358,498
5359,498
5360,498
5361,498
5362,498
5363,498
5364,498
5365,498
5366,498
5367,498
5368,498
5369,498
5370,498
5371,498
5372,498
5373,498
5374,498
5375,498
5376,498
5377,498
5378,498
5379,498
5380,498
5381,498
5382,498
5383,498
5384,498
5385,498
5386,498
5387,498
5388,498
5389,498
5390,498
5391,498
5392,498
5393,498
5394,498
5395,498
5396,498
5397,498
5398,498
5399,498
5400,498
5401,498
5402,498
5403,498
5404,498
5405,498
5406,498
5407,498
5408,498
5409,498
5410,498
5411,498
5412,498
5413,498
5414,498
5415,498
5416,498
5417,498
5418,498
5419,498
5420,498
5421,498
5422,498
5423,498
5424,498
5425,498
5426,498
5427,498
5428,498
5429,498
5430,498
5431,498
5432,498
5433,498
5434,498
5435,498
5436,498
5437,498
5438,498
5439,498
5440,498
5441,498
5442,498
5443,498
5444,498
5445,498
5446,498
5447,498
5448,498
5449,498
5450,498
5451,498
5452,498
5453,498
5454,498
5455,498
5456,498
5457,498
5458,498
5459,498
5460,498
5461,498
5462,498
5463,498
5464,498
5465,498
5466,498
5467,498
5468,498
5469,498
5470,498
5471,498
5472,498
5473,498
5474,498
5475,498
5476,498
5477,498
5478,498
5479,498
5480,498
5481,498
5482,498
5483,498
5484,498
5485,498
5486,498
5487,498
5488,498
5489,498
5490,498
5491,498
5492,498
5493,498
5494,498
5495,498
5496,498
5497,498
5498,498
5499,498
5500,498
5501,498
5502,498
5503,498
5504,498
5505,498
5506,498
5507,498
5508,498
5509,498
5510,498
5511,498
5512,498
5513,498
5514,498
5515,498
5516,498
5517,498
5518,498
5519,498
5520,498
5521,498
5522,498
5523,498
5524,498
5525,498
5526,498
5527,498
5528,498
5529,498
5530,498
5531,498
5532,498
5533,498
5534,498
5535,498
5536,498
5537,498
5538,498
5539,498
5540,498
5541,498
5542,498
5543,498
5544,498
5545,498
5546,498
5547,498
5548,498
5549,498
5550,498
5551,498
5552,498
5553,498
5554,498
5555,498
5556,498
5557,498
5558,498
5559,498
5560,498
5561,498
5562,498
5563,498
5564,498
5565,498
5566,498
5567,498
5568,498
5569,498
5570,498
5571,498
5572,498
5573,498
5574,498
5575,498
5576,498
5577,498
5578,498
5579,498
5580,498
5581,498
5582,498
5583,498
5584,498
5585,498
5586,498
5587,498
5588,498
5589,498
5590,498
5591,498
5592,498
5593,498
5594,498
5595,498
5596,498
5597,498
5598,498
5599,498
5600,498
5601,498
5602,498
5603,498
5604,498
5605,498
5606,498
5607,498
5608,498
5609,498
5610,498
5611,498
5612,498
5613,498
5614,498
5615,498
5616,498
5617,498
5618,498
5619,498
5620,498
5621,498
5622,498
5623,498
5624,498
5625,498
5626,498
5627,498
5628,498
5629,498
5630,498
5631,498
5632,498
5633,498
5634,498
5635,498
5636,498
5637,498
5638,498
5639,498
5640,498
5641,498
5642,498
5643,498
5644,498
5645,498
5646,498
5647,498
5648,498
5649,498
5650,498
5651,498
5652,498
5653,498
5654,498
5655,498
5656,498
5657,498
5658,498
5659,498
5660,498
5661,498
5662,498
5663,498
5664,498
5665,498
5666,498
5667,498
5668,498
5669,498
5670,498
5671,498
5672,498
5673,498
5674,498
5675,498
5676,498
5677,498
5678,498
5679,498
5680,498
5681,498
5682,498
5683,498
5684,498
5685,498
5686,498
5687,498
5688,498
5689,498
5690,498
5691,498
5692,498
5693,498
5694,498
5695,498
5696,498
5697,498
5698,498
5699,498
5700,498
5701,498
5702,498
5703,498
5704,498
5705,498
5706,498
5707,498
5708,498
5709,498
5710,498
5711,498
5712,498
5713,498
5714,498
5715,498
5716,498
5717,498
5718,498
5719,498
5720,498
5721,498
5722,498
5723,498
5724,498
5725,498
5726,498
5727,498
5728,498
5729,498
5730,498
5731,498
5732,498
5733,498
5734,498
5735,498
5736,498
5737,498
5738,498
5739,498
5740,498
5741,498
5742,498
5743,498
5744,498
5745,498
5746,498
5747,498
5748,498
5749,498
5750,498
5751,498
5752,498
5753,498
5754,498
5755,498
5756,498
5757,498
5758,498
5759,498
5760,498
5761,498
5762,498
5763,498
5764,498
5765,498
5766,498
5767,498
5768,498
5769,498
5770,498
5771,498
5772,498
5773,498
5774,498
5775,498
5776,498
5777,498
5778,498
5779,498
5780,498
5781,498
5782,498
5783,498
5784,498
5785,498
5786,498
5787,498
5788,498
5789,498
5790,498
5791,498
5792,498
5793,498
5794,498
5795,498
5796,498
5797,498
5798,498
5799,498
5800,498
5801,498
5802,498
5803,498
5804,498
5805,498
5806,498
5807,498
5808,498
5809,498
5810,498
5811,498
5812,498
5813,498
5814,498
5815,498
5816,498
5817,498
5818,498
5819,498
5820,498
5821,498
5822,498
5823,498
5824,498
5825,498
5826,498
5827,498
5828,498
5829,498
5830,498
5831,498
5832,498
5833,498
5834,498
5835,498
5836,498
5837,498
5838,499
5839,499
5840,499
5841,499
5842,499
5843,499
5844,499
5845,499
5846,499
5847,499
5848,499
5849,499
5850,499
5851,499
5852,499
5853,499
5854,499
5855,499
5856,499
5857,499
5858,499
5859,499
5860,499
5861,499
5862,499
5863,499
5864,499
5865,499
5866,499
5867,499
5868,499
5869,499
5870,499
5871,499
5872,499
5873,499
5874,499
5875,499
5876,499
5877,499
5878,499
5879,499
5880,499
5881,499
5882,499
5883,499
5884,499
5885,499
5886,499
5887,499
5888,499
5889,499
5890,499
5891,499
5892,499
5893,499
5894,499
5895,499
5896,499
5897,499
5898,499
5899,499
5900,499
5901,499
5902,499
5903,499
5904,499
5905,499
5906,499
5907,499
5908,499
5909,499
5910,499
5911,499
5912,499
5913,499
5914,499
5915,499
5916,499
5917,499
5918,499
5919,499
5920,499
5921,499
5922,499
5923,499
5924,499
5925,499
5926,500
