0,0
1,1
2,2
3,3
4,4
5,5
6,6
7,7
8,8
9,9
10,9
11,10
12,11
13,12
14,13
15,14
16,15
17,16
18,17
19,17
20,18
21,18
22,19
23,20
24,21
25,22
26,23
27,24
28,25
29,26
30,27
31,28
32,29
33,30
34,31
35,32
36,33
37,34
38,34
39,35
40,36
41,37
42,38
43,39
44,40
45,40
46,41
47,42
48,43
49,43
50,43
51,44
52,45
53,46
54,47
55,47
56,48
57,48
58,48
59,49
60,49
61,49
62,50
63,51
64,52
65,53
66,53
67,53
68,54
69,54
70,54
71,54
72,54
73,54
74,54
75,54
76,54
77,54
78,54
79,54
80,54
81,55
82,55
83,56
84,57
85,58
86,59
87,60
88,61
89,62
90,63
91,64
92,64
93,65
94,66
95,67
96,68
97,69
98,70
99,71
100,72
101,72
102,72
103,73
104,74
105,74
106,74
107,75
108,75
109,76
110,77
111,78
112,79
113,80
114,81
115,82
116,83
117,84
118,85
119,86
120,87
121,88
122,89
123,90
124,91
125,92
126,93
127,94
128,95
129,96
130,96
131,97
132,98
133,98
134,99
135,100
136,100
137,101
138,101
139,101
140,101
141,102
142,103
143,103
144,103
145,103
146,104
147,104
148,104
149,104
150,104
151,105
152,106
153,106
154,106
155,106
156,107
157,108
158,109
159,110
160,111
161,112
162,113
163,114
164,115
165,116
166,117
167,117
168,117
169,117
170,117
171,117
172,118
173,118
174,118
175,118
176,118
177,118
178,118
179,119
180,120
181,121
182,122
183,123
184,124
185,125
186,126
187,127
188,128
189,129
190,130
191,131
192,132
193,133
194,134
195,135
196,135
197,136
198,137
199,138
200,138
201,139
202,139
203,140
204,140
205,141
206,142
207,142
208,143
209,143
210,143
211,144
212,145
213,146
214,147
215,148
216,149
217,150
218,151
219,152
220,153
221,153
222,154
223,154
224,154
225,155
226,156
227,156
228,156
229,157
230,158
231,158
232,158
233,158
234,158
235,158
236,158
237,159
238,159
239,159
240,160
241,161
242,162
243,162
244,162
245,162
246,162
247,162
248,163
249,163
250,164
251,164
252,164
253,164
254,164
255,165
256,165
257,165
258,165
259,166
260,166
261,166
262,167
263,167
264,168
265,168
266,168
267,168
268,169
269,170
270,170
271,171
272,171
273,172
274,172
275,172
276,172
277,172
278,172
279,172
280,172
281,172
282,172
283,172
284,173
285,173
286,173
287,173
288,173
289,173
290,173
291,173
292,174
293,175
294,175
295,176
296,177
297,178
298,179
299,179
300,180
301,180
302,181
303,182
304,183
305,183
306,184
307,185
308,186
309,187
310,188
311,189
312,189
313,190
314,191
315,192
316,193
317,194
318,195
319,196
320,197
321,198
322,199
323,199
324,199
325,200
326,201
327,201
328,201
329,201
330,202
331,203
332,203
333,203
334,204
335,204
336,204
337,204
338,205
339,205
340,206
341,206
342,206
343,206
344,207
345,208
346,208
347,208
348,208
349,208
350,208
351,209
352,210
353,211
354,211
355,211
356,212
357,212
358,212
359,212
360,212
361,212
362,212
363,212
364,213
365,213
366,213
367,213
368,214
369,214
370,214
371,214
372,214
373,214
374,214
375,214
376,214
377,214
378,214
379,214
380,214
381,214
382,215
383,215
384,215
385,215
386,216
387,216
388,216
389,216
390,216
391,217
392,217
393,218
394,218
395,218
396,218
397,218
398,219
399,219
400,219
401,219
402,219
403,219
404,220
405,221
406,221
407,222
408,223
409,223
410,224
411,224
412,225
413,226
414,226
415,227
416,227
417,228
418,228
419,228
420,229
421,229
422,230
423,231
424,231
425,232
426,232
427,232
428,233
429,233
430,234
431,234
432,234
433,234
434,234
435,234
436,234
437,234
438,234
439,234
440,234
441,235
442,235
443,235
444,235
445,235
446,235
447,236
448,236
449,237
450,238
451,238
452,239
453,239
454,239
455,239
456,239
457,239
458,239
459,239
460,239
461,239
462,239
463,239
464,240
465,241
466,241
467,241
468,242
469,243
470,244
471,245
472,245
473,246
474,247
475,247
476,248
477,249
478,249
479,250
480,251
481,252
482,253
483,254
484,255
485,255
486,256
487,256
488,256
489,257
490,258
491,259
492,260
493,260
494,260
495,260
496,260
497,260
498,260
499,261
500,261
501,261
502,261
503,261
504,262
505,263
506,264
507,264
508,264
509,264
510,265
511,266
512,267
513,268
514,268
515,268
516,268
517,269
518,269
519,269
520,269
521,270
522,271
523,271
524,271
525,272
526,272
527,272
528,272
529,272
530,273
531,274
532,274
533,274
534,274
535,274
536,275
537,275
538,275
539,276
540,276
541,276
542,276
543,277
544,277
545,277
546,278
547,278
548,279
549,279
550,279
551,279
552,280
553,280
554,280
555,280
556,280
557,281
558,281
559,281
560,281
561,281
562,282
563,283
564,284
565,284
566,284
567,285
568,286
569,286
570,286
571,287
572,288
573,289
574,289
575,290
576,291
577,292
578,293
579,294
580,295
581,295
582,296
583,296
584,297
585,297
586,298
587,298
588,299
589,299
590,299
591,299
592,299
593,300
594,301
595,302
596,303
597,304
598,305
599,305
600,305
601,305
602,305
603,305
604,305
605,305
606,305
607,305
608,305
609,305
610,305
611,305
612,306
613,306
614,306
615,306
616,306
617,306
618,306
619,306
620,306
621,306
622,306
623,306
624,306
625,307
626,307
627,307
628,307
629,308
630,309
631,309
632,310
633,311
634,312
635,312
636,312
637,313
638,313
639,313
640,314
641,315
642,316
643,316
644,317
645,317
646,317
647,317
648,317
649,317
650,317
651,317
652,317
653,317
654,317
655,317
656,317
657,317
658,317
659,317
660,317
661,318
662,318
663,318
664,319
665,319
666,319
667,320
668,321
669,322
670,323
671,324
672,324
673,325
674,326
675,327
676,328
677,329
678,330
679,331
680,332
681,333
682,333
683,333
684,334
685,334
686,335
687,335
688,335
689,336
690,336
691,336
692,336
693,337
694,337
695,338
696,338
697,339
698,340
699,341
700,341
701,342
702,343
703,344
704,345
705,345
706,346
707,346
708,347
709,348
710,348
711,348
712,348
713,348
714,348
715,349
716,349
717,350
718,350
719,350
720,350
721,350
722,350
723,350
724,350
725,350
726,350
727,350
728,350
729,350
730,351
731,352
732,352
733,352
734,353
735,354
736,354
737,355
738,355
739,356
740,357
741,358
742,359
743,359
744,360
745,361
746,362
747,362
748,363
749,364
750,364
751,364
752,365
753,366
754,366
755,366
756,366
757,366
758,366
759,366
760,367
761,367
762,367
763,367
764,367
765,367
766,367
767,367
768,367
769,367
770,367
771,367
772,367
773,367
774,367
775,367
776,367
777,367
778,367
779,367
780,367
781,367
782,367
783,367
784,367
785,367
786,367
787,367
788,367
789,367
790,367
791,367
792,368
793,368
794,368
795,369
796,369
797,369
798,369
799,370
800,370
801,370
802,370
803,370
804,370
805,370
806,370
807,370
808,370
809,370
810,370
811,370
812,370
813,370
814,370
815,370
816,370
817,370
818,370
819,371
820,371
821,371
822,372
823,373
824,373
825,374
826,374
827,375
828,375
829,375
830,375
831,375
832,375
833,375
834,375
835,375
836,375
837,376
838,376
839,376
840,377
841,377
842,378
843,378
844,378
845,378
846,378
847,378
848,378
849,378
850,378
851,378
852,378
853,378
854,378
855,378
856,378
857,378
858,378
859,378
860,378
861,378
862,378
863,378
864,378
865,378
866,379
867,379
868,379
869,380
870,380
871,380
872,380
873,380
874,380
875,380
876,380
877,380
878,380
879,380
880,380
881,380
882,380
883,380
884,380
885,380
886,380
887,380
888,380
889,380
890,380
891,380
892,380
893,380
894,380
895,380
896,380
897,380
898,380
899,380
900,380
901,380
902,380
903,380
904,380
905,380
906,380
907,380
908,380
909,380
910,380
911,380
912,380
913,380
914,380
915,380
916,380
917,380
918,380
919,380
920,380
921,380
922,380
923,380
924,380
925,380
926,380
927,380
928,380
929,380
930,380
931,380
932,380
933,380
934,380
935,380
936,380
937,380
938,380
939,380
940,380
941,380
942,380
943,380
944,380
945,380
946,381
947,381
948,381
949,381
950,381
951,381
952,381
953,381
954,381
955,382
956,382
957,382
958,382
959,382
960,382
961,382
962,382
963,383
964,383
965,383
966,383
967,383
968,383
969,383
970,383
971,383
972,383
973,383
974,384
975,384
976,385
977,386
978,387
979,388
980,388
981,388
982,388
983,388
984,388
985,389
986,389
987,390
988,390
989,391
990,391
991,391
992,391
993,391
994,391
995,391
996,391
997,391
998,391
999,391
1000,391
1001,391
1002,391
1003,391
1004,391
1005,391
1006,391
1007,391
1008,391
1009,391
1010,391
1011,391
1012,391
1013,391
1014,391
1015,391
1016,391
1017,391
1018,391
1019,391
1020,392
1021,392
1022,392
1023,392
1024,392
1025,392
1026,392
1027,393
1028,394
1029,394
1030,394
1031,395
1032,396
1033,396
1034,396
1035,396
1036,396
1037,396
1038,396
1039,396
1040,396
1041,396
1042,396
1043,396
1044,396
1045,396
1046,396
1047,396
1048,396
1049,396
1050,396
1051,396
1052,396
1053,396
1054,396
1055,396
1056,396
1057,396
1058,396
1059,396
1060,396
1061,396
1062,396
1063,396
1064,396
1065,396
1066,396
1067,396
1068,396
1069,396
1070,396
1071,396
1072,396
1073,396
1074,396
1075,396
1076,396
1077,396
1078,396
1079,396
1080,396
1081,396
1082,396
1083,396
1084,396
1085,396
1086,396
1087,396
1088,396
1089,396
1090,396
1091,396
1092,396
1093,396
1094,396
1095,396
1096,396
1097,396
1098,396
1099,396
1100,396
1101,396
1102,396
1103,396
1104,396
1105,396
1106,396
1107,396
1108,396
1109,396
1110,396
1111,396
1112,396
1113,396
1114,396
1115,396
1116,396
1117,396
1118,396
1119,396
1120,396
1121,396
1122,396
1123,396
1124,396
1125,396
1126,396
1127,396
1128,396
1129,397
1130,397
1131,397
1132,397
1133,397
1134,397
1135,397
1136,397
1137,397
1138,397
1139,397
1140,398
1141,398
1142,398
1143,398
1144,398
1145,398
1146,398
1147,398
1148,398
1149,398
1150,398
1151,398
1152,399
1153,399
1154,399
1155,399
1156,399
1157,400
1158,400
1159,400
1160,400
1161,400
1162,400
1163,400
1164,400
1165,401
1166,401
1167,401
1168,402
1169,402
1170,402
1171,403
1172,403
1173,403
1174,404
1175,404
1176,404
1177,405
1178,406
1179,407
1180,407
1181,408
1182,408
1183,409
1184,409
1185,409
1186,409
1187,409
1188,409
1189,410
1190,410
1191,411
1192,411
1193,411
1194,411
1195,411
1196,411
1197,411
1198,412
1199,412
1200,413
1201,413
1202,414
1203,414
1204,414
1205,414
1206,414
1207,414
1208,414
1209,414
1210,414
1211,414
1212,415
1213,415
1214,415
1215,415
1216,416
1217,416
1218,416
1219,416
1220,416
1221,416
1222,416
1223,416
1224,416
1225,416
1226,416
1227,416
1228,416
1229,416
1230,416
1231,416
1232,416
1233,416
1234,416
1235,417
1236,417
1237,417
1238,417
1239,417
1240,418
1241,419
1242,419
1243,419
1244,419
1245,419
1246,419
1247,419
1248,419
1249,419
1250,419
1251,420
1252,421
1253,421
1254,421
1255,421
1256,422
1257,422
1258,422
1259,422
1260,422
1261,422
1262,422
1263,422
1264,423
1265,423
1266,424
1267,424
1268,424
1269,424
1270,425
1271,425
1272,425
1273,425
1274,426
1275,426
1276,426
1277,426
1278,426
1279,426
1280,426
1281,426
1282,427
1283,427
1284,427
1285,427
1286,427
1287,427
1288,427
1289,427
1290,427
1291,427
1292,427
1293,427
1294,427
1295,427
1296,428
1297,429
1298,429
1299,429
1300,429
1301,429
1302,429
1303,429
1304,429
1305,429
1306,429
1307,429
1308,429
1309,429
1310,430
1311,431
1312,431
1313,431
1314,431
1315,432
1316,433
1317,434
1318,435
1319,436
1320,436
1321,436
1322,436
1323,436
1324,436
1325,436
1326,436
1327,436
1328,436
1329,436
1330,436
1331,437
1332,437
1333,437
1334,437
1335,437
1336,437
1337,437
1338,437
1339,437
1340,437
1341,437
1342,437
1343,437
1344,437
1345,437
1346,437
1347,437
1348,437
1349,437
1350,437
1351,437
1352,437
1353,437
1354,437
1355,437
1356,437
1357,437
1358,437
1359,437
1360,437
1361,437
1362,437
1363,437
1364,437
1365,437
1366,437
1367,437
1368,437
1369,437
1370,437
1371,437
1372,437
1373,437
1374,437
1375,437
1376,437
1377,438
1378,439
1379,439
1380,439
1381,440
1382,440
1383,440
1384,440
1385,440
1386,440
1387,440
1388,441
1389,441
1390,442
1391,442
1392,443
1393,443
1394,443
1395,443
1396,443
1397,443
1398,443
1399,443
1400,443
1401,443
1402,443
1403,443
1404,443
1405,443
1406,443
1407,443
1408,443
1409,443
1410,443
1411,443
1412,443
1413,443
1414,443
1415,443
1416,443
1417,443
1418,443
1419,443
1420,443
1421,443
1422,443
1423,443
1424,443
1425,443
1426,443
1427,443
1428,443
1429,443
1430,443
1431,443
1432,443
1433,443
1434,443
1435,443
1436,443
1437,443
1438,443
1439,443
1440,443
1441,443
1442,443
1443,443
1444,443
1445,443
1446,443
1447,443
1448,443
1449,443
1450,443
1451,444
1452,444
1453,445
1454,445
1455,445
1456,445
1457,445
1458,446
1459,446
1460,446
1461,446
1462,446
1463,446
1464,446
1465,446
1466,446
1467,446
1468,446
1469,447
1470,447
1471,447
1472,447
1473,447
1474,447
1475,447
1476,447
1477,447
1478,447
1479,447
1480,447
1481,447
1482,447
1483,448
1484,449
1485,449
1486,449
1487,449
1488,449
1489,449
1490,449
1491,449
1492,449
1493,449
1494,450
1495,450
1496,450
1497,450
1498,450
1499,450
1500,450
1501,450
1502,450
1503,450
1504,450
1505,450
1506,451
1507,451
1508,451
1509,451
1510,451
1511,451
1512,451
1513,451
1514,451
1515,451
1516,451
1517,451
1518,451
1519,451
1520,451
1521,451
1522,451
1523,451
1524,452
1525,452
1526,452
1527,453
1528,453
1529,453
1530,453
1531,453
1532,453
1533,453
1534,453
1535,453
1536,454
1537,455
1538,455
1539,456
1540,456
1541,456
1542,456
1543,456
1544,456
1545,456
1546,456
1547,457
1548,458
1549,458
1550,458
1551,459
1552,459
1553,459
1554,459
1555,459
1556,459
1557,459
1558,459
1559,459
1560,459
1561,459
1562,459
1563,459
1564,459
1565,459
1566,459
1567,459
1568,459
1569,459
1570,459
1571,460
1572,460
1573,460
1574,460
1575,460
1576,460
1577,460
1578,460
1579,460
1580,460
1581,460
1582,460
1583,460
1584,460
1585,460
1586,460
1587,460
1588,460
1589,460
1590,460
1591,460
1592,460
1593,460
1594,460
1595,460
1596,460
1597,460
1598,461
1599,461
1600,461
1601,461
1602,461
1603,461
1604,461
1605,461
1606,461
1607,461
1608,461
1609,461
1610,461
1611,461
1612,461
1613,461
1614,461
1615,461
1616,461
1617,461
1618,461
1619,461
1620,461
1621,461
1622,461
1623,461
1624,461
1625,461
1626,461
1627,461
1628,461
1629,461
1630,461
1631,461
1632,462
1633,462
1634,462
1635,462
1636,462
1637,462
1638,462
1639,462
1640,462
1641,462
1642,462
1643,462
1644,463
1645,464
1646,464
1647,464
1648,464
1649,465
1650,465
1651,465
1652,465
1653,465
1654,466
1655,466
1656,466
1657,466
1658,466
1659,466
1660,466
1661,466
1662,466
1663,466
1664,466
1665,466
1666,466
1667,466
1668,466
1669,466
1670,466
1671,466
1672,466
1673,466
1674,466
1675,466
1676,466
1677,466
1678,466
1679,466
1680,466
1681,466
1682,466
1683,466
1684,466
1685,466
1686,466
1687,466
1688,466
1689,466
1690,466
1691,466
1692,466
1693,466
1694,466
1695,466
1696,466
1697,466
1698,466
1699,466
1700,466
1701,466
1702,466
1703,466
1704,466
1705,466
1706,466
1707,466
1708,466
1709,466
1710,466
1711,466
1712,466
1713,466
1714,466
1715,466
1716,466
1717,466
1718,466
1719,466
1720,466
1721,466
1722,466
1723,466
1724,466
1725,466
1726,466
1727,466
1728,466
1729,466
1730,466
1731,466
1732,466
1733,466
1734,466
1735,466
1736,466
1737,466
1738,466
1739,466
1740,466
1741,466
1742,466
1743,466
1744,466
1745,466
1746,466
1747,466
1748,466
1749,466
1750,466
1751,466
1752,467
1753,467
1754,467
1755,467
1756,467
1757,467
1758,467
1759,467
1760,467
1761,467
1762,467
1763,467
1764,467
1765,467
1766,467
1767,467
1768,467
1769,467
1770,467
1771,467
1772,467
1773,467
1774,467
1775,467
1776,467
1777,467
1778,467
1779,467
1780,467
1781,467
1782,467
1783,467
1784,467
1785,467
1786,467
1787,467
1788,467
1789,467
1790,467
1791,467
1792,467
1793,467
1794,467
1795,467
1796,467
1797,467
1798,467
1799,467
1800,467
1801,467
1802,467
1803,467
1804,467
1805,467
1806,467
1807,467
1808,467
1809,467
1810,468
1811,468
1812,468
1813,468
1814,468
1815,468
1816,468
1817,468
1818,468
1819,468
1820,468
1821,468
1822,468
1823,468
1824,468
1825,468
1826,468
1827,468
1828,468
1829,468
1830,469
1831,469
1832,469
1833,469
1834,469
1835,469
1836,469
1837,469
1838,469
1839,469
1840,469
1841,469
1842,469
1843,469
1844,469
1845,469
1846,469
1847,469
1848,469
1849,469
1850,469
1851,469
1852,469
1853,469
1854,469
1855,469
1856,469
1857,469
1858,469
1859,469
1860,469
1861,469
1862,469
1863,469
1864,469
1865,469
1866,469
1867,469
1868,469
1869,469
1870,469
1871,469
1872,469
1873,469
1874,469
1875,469
1876,469
1877,469
1878,469
1879,469
1880,469
1881,469
1882,469
1883,469
1884,469
1885,469
1886,469
1887,469
1888,469
1889,469
1890,469
1891,469
1892,469
1893,469
1894,469
1895,469
1896,469
1897,469
1898,469
1899,469
1900,469
1901,469
1902,469
1903,469
1904,469
1905,469
1906,469
1907,469
1908,469
1909,470
1910,470
1911,470
1912,470
1913,470
1914,470
1915,470
1916,470
1917,471
1918,471
1919,471
1920,471
1921,471
1922,471
1923,471
1924,471
1925,471
1926,471
1927,471
1928,471
1929,471
1930,471
1931,471
1932,471
1933,471
1934,471
1935,471
1936,471
1937,471
1938,471
1939,471
1940,471
1941,471
1942,471
1943,471
1944,472
1945,472
1946,472
1947,472
1948,472
1949,472
1950,472
1951,472
1952,472
1953,472
1954,472
1955,472
1956,472
1957,472
1958,472
1959,472
1960,472
1961,472
1962,472
1963,472
1964,472
1965,472
1966,472
1967,472
1968,472
1969,472
1970,472
1971,472
1972,472
1973,472
1974,472
1975,472
1976,472
1977,472
1978,472
1979,472
1980,472
1981,472
1982,472
1983,472
1984,472
1985,472
1986,472
1987,472
1988,473
1989,473
1990,473
1991,473
1992,473
1993,473
1994,473
1995,473
1996,473
1997,473
1998,473
1999,473
2000,473
2001,473
2002,473
2003,473
2004,473
2005,473
2006,473
2007,473
2008,473
2009,473
2010,473
2011,473
2012,473
2013,473
2014,473
2015,473
2016,473
2017,473
2018,473
2019,473
2020,473
2021,473
2022,473
2023,473
2024,473
2025,473
2026,473
2027,473
2028,473
2029,473
2030,473
2031,473
2032,473
2033,473
2034,473
2035,473
2036,473
2037,473
2038,473
2039,473
2040,474
2041,474
2042,474
2043,474
2044,474
2045,474
2046,474
2047,474
2048,474
2049,474
2050,474
2051,474
2052,474
2053,474
2054,474
2055,474
2056,474
2057,474
2058,474
2059,474
2060,474
2061,474
2062,474
2063,474
2064,474
2065,474
2066,474
2067,474
2068,474
2069,474
2070,474
2071,474
2072,474
2073,474
2074,474
2075,474
2076,474
2077,474
2078,474
2079,474
2080,474
2081,474
2082,474
2083,474
2084,474
2085,474
2086,474
2087,474
2088,474
2089,474
2090,474
2091,474
2092,474
2093,474
2094,474
2095,474
2096,474
2097,474
2098,474
2099,474
2100,474
2101,474
2102,474
2103,474
2104,474
2105,474
2106,474
2107,474
2108,474
2109,475
2110,475
2111,475
2112,475
2113,475
2114,475
2115,475
2116,475
2117,475
2118,475
2119,475
2120,475
2121,475
2122,475
2123,475
2124,475
2125,475
2126,475
2127,475
2128,475
2129,475
2130,475
2131,475
2132,475
2133,475
2134,475
2135,475
2136,475
2137,475
2138,475
2139,475
2140,475
2141,475
2142,475
2143,475
2144,475
2145,475
2146,475
2147,475
2148,475
2149,475
2150,475
2151,475
2152,475
2153,475
2154,475
2155,475
2156,475
2157,475
2158,475
2159,475
2160,475
2161,475
2162,475
2163,475
2164,475
2165,475
2166,475
2167,475
2168,475
2169,475
2170,475
2171,475
2172,475
2173,475
2174,475
2175,475
2176,475
2177,475
2178,475
2179,475
2180,475
2181,475
2182,475
2183,475
2184,475
2185,475
2186,475
2187,475
2188,475
2189,475
2190,475
2191,475
2192,475
2193,475
2194,475
2195,475
2196,475
2197,475
2198,475
2199,475
2200,475
2201,475
2202,475
2203,475
2204,475
2205,475
2206,475
2207,476
2208,476
2209,476
2210,476
2211,476
2212,476
2213,476
2214,476
2215,476
2216,476
2217,476
2218,476
2219,476
2220,476
2221,476
2222,476
2223,476
2224,476
2225,476
2226,476
2227,476
2228,476
2229,476
2230,476
2231,476
2232,476
2233,476
2234,476
2235,476
2236,476
2237,476
2238,476
2239,477
2240,477
2241,477
2242,477
2243,477
2244,477
2245,477
2246,477
2247,477
2248,477
2249,477
2250,477
2251,477
2252,477
2253,477
2254,477
2255,477
2256,477
2257,477
2258,477
2259,477
2260,478
2261,478
2262,478
2263,478
2264,478
2265,478
2266,478
2267,478
2268,479
2269,479
2270,479
2271,479
2272,479
2273,479
2274,479
2275,479
2276,479
2277,479
2278,479
2279,479
2280,479
2281,479
2282,479
2283,479
2284,479
2285,479
2286,479
2287,479
2288,479
2289,479
2290,479
2291,479
2292,479
2293,479
2294,479
2295,479
2296,479
2297,479
2298,479
2299,479
2300,479
2301,479
2302,479
2303,479
2304,479
2305,479
2306,479
2307,479
2308,479
2309,479
2310,479
2311,480
2312,480
2313,480
2314,480
2315,480
2316,480
2317,480
2318,480
2319,480
2320,481
2321,481
2322,481
2323,481
2324,481
2325,481
2326,481
2327,481
2328,481
2329,481
2330,481
2331,481
2332,481
2333,481
2334,481
2335,481
2336,481
2337,481
2338,481
2339,481
2340,481
2341,481
2342,481
2343,481
2344,481
2345,481
2346,481
2347,481
2348,481
2349,481
2350,481
2351,481
2352,481
2353,481
2354,481
2355,481
2356,481
2357,481
2358,481
2359,481
2360,481
2361,481
2362,481
2363,481
2364,481
2365,481
2366,481
2367,481
2368,481
2369,481
2370,481
2371,481
2372,481
2373,481
2374,481
2375,481
2376,481
2377,481
2378,481
2379,481
2380,481
2381,481
2382,481
2383,481
2384,481
2385,481
2386,481
2387,481
2388,481
2389,481
2390,481
2391,481
2392,481
2393,481
2394,481
2395,481
2396,481
2397,481
2398,481
2399,481
2400,481
2401,481
2402,481
2403,481
2404,481
2405,481
2406,481
2407,481
2408,481
2409,481
2410,481
2411,481
2412,481
2413,481
2414,481
2415,481
2416,481
2417,481
2418,481
2419,481
2420,481
2421,481
2422,481
2423,481
2424,481
2425,482
2426,482
2427,482
2428,482
2429,482
2430,482
2431,482
2432,482
2433,482
2434,482
2435,482
2436,482
2437,482
2438,482
2439,482
2440,482
2441,482
2442,482
2443,482
2444,482
2445,482
2446,482
2447,482
2448,482
2449,482
2450,482
2451,482
2452,482
2453,482
2454,482
2455,482
2456,482
2457,482
2458,482
2459,482
2460,482
2461,482
2462,482
2463,482
2464,482
2465,482
2466,482
2467,482
2468,482
2469,482
2470,482
2471,482
2472,482
2473,482
2474,482
2475,482
2476,483
2477,483
2478,483
2479,483
2480,483
2481,483
2482,483
2483,483
2484,483
2485,483
2486,483
2487,483
2488,483
2489,483
2490,483
2491,483
2492,483
2493,483
2494,483
2495,483
2496,483
2497,483
2498,483
2499,483
2500,483
2501,483
2502,483
2503,483
2504,483
2505,483
2506,483
2507,483
2508,483
2509,483
2510,483
2511,483
2512,483
2513,483
2514,483
2515,483
2516,483
2517,483
2518,483
2519,483
2520,483
2521,483
2522,483
2523,483
2524,483
2525,483
2526,483
2527,483
2528,483
2529,483
2530,483
2531,483
2532,483
2533,483
2534,483
2535,483
2536,484
2537,484
2538,484
2539,484
2540,484
2541,484
2542,484
2543,484
2544,484
2545,484
2546,484
2547,484
2548,484
2549,484
2550,484
2551,484
2552,484
2553,484
2554,484
2555,484
2556,484
2557,484
2558,484
2559,484
2560,484
2561,484
2562,484
2563,484
2564,484
2565,484
2566,484
2567,484
2568,484
2569,484
2570,484
2571,484
2572,484
2573,484
2574,484
2575,484
2576,484
2577,484
2578,484
2579,484
2580,484
2581,484
2582,484
2583,484
2584,484
2585,484
2586,484
2587,484
2588,484
2589,484
2590,484
2591,484
2592,484
2593,484
2594,484
2595,484
2596,484
2597,484
2598,484
2599,484
2600,484
2601,484
2602,484
2603,484
2604,484
2605,484
2606,484
2607,484
2608,484
2609,484
2610,484
2611,484
2612,484
2613,484
2614,484
2615,484
2616,484
2617,484
2618,484
2619,484
2620,484
2621,484
2622,484
2623,484
2624,484
2625,484
2626,484
2627,484
2628,484
2629,484
2630,484
2631,484
2632,484
2633,484
2634,484
2635,484
2636,484
2637,484
2638,484
2639,484
2640,484
2641,485
2642,485
2643,485
2644,485
2645,485
2646,485
2647,485
2648,485
2649,485
2650,485
2651,485
2652,485
2653,485
2654,485
2655,485
2656,485
2657,485
2658,485
2659,485
2660,485
2661,485
2662,485
2663,485
2664,485
2665,485
2666,485
2667,485
2668,485
2669,485
2670,485
2671,485
2672,485
2673,485
2674,485
2675,485
2676,485
2677,485
2678,485
2679,485
2680,485
2681,485
2682,485
2683,485
2684,485
2685,485
2686,485
2687,485
2688,485
2689,485
2690,485
2691,485
2692,485
2693,485
2694,485
2695,485
2696,485
2697,486
2698,486
2699,486
2700,486
2701,486
2702,486
2703,486
2704,486
2705,486
2706,486
2707,486
2708,486
2709,486
2710,486
2711,486
2712,486
2713,486
2714,486
2715,486
2716,486
2717,486
2718,486
2719,486
2720,486
2721,486
2722,486
2723,486
2724,486
2725,486
2726,486
2727,486
2728,486
2729,486
2730,486
2731,486
2732,486
2733,486
2734,486
2735,486
2736,486
2737,486
2738,486
2739,486
2740,486
2741,486
2742,486
2743,486
2744,486
2745,486
2746,486
2747,486
2748,486
2749,486
2750,486
2751,486
2752,486
2753,486
2754,486
2755,486
2756,486
2757,486
2758,486
2759,486
2760,486
2761,486
2762,486
2763,486
2764,486
2765,486
2766,486
2767,486
2768,486
2769,486
2770,486
2771,486
2772,486
2773,486
2774,486
2775,486
2776,486
2777,486
2778,486
2779,486
2780,486
2781,486
2782,486
2783,486
2784,486
2785,486
2786,487
2787,488
2788,488
2789,489
2790,489
2791,489
2792,489
2793,489
2794,489
2795,489
2796,490
2797,490
2798,490
2799,490
2800,490
2801,490
2802,490
2803,490
2804,490
2805,490
2806,490
2807,490
2808,490
2809,490
2810,490
2811,490
2812,490
2813,490
2814,490
2815,490
2816,490
2817,490
2818,490
2819,490
2820,490
2821,490
2822,490
2823,490
2824,490
2825,490
2826,490
2827,490
2828,490
2829,490
2830,490
2831,490
2832,490
2833,490
2834,490
2835,490
2836,490
2837,490
2838,490
2839,490
2840,490
2841,490
2842,490
2843,490
2844,490
2845,490
2846,490
2847,490
2848,490
2849,490
2850,490
2851,490
2852,490
2853,490
2854,490
2855,490
2856,490
2857,490
2858,490
2859,490
2860,490
2861,490
2862,490
2863,490
2864,490
2865,490
2866,490
2867,490
2868,490
2869,490
2870,490
2871,490
2872,490
2873,490
2874,490
2875,490
2876,490
2877,490
2878,490
2879,490
2880,490
2881,490
2882,490
2883,490
2884,490
2885,490
2886,490
2887,490
2888,490
2889,490
2890,490
2891,490
2892,490
2893,490
2894,490
2895,490
2896,490
2897,490
2898,490
2899,490
2900,490
2901,490
2902,490
2903,490
2904,490
2905,490
2906,490
2907,490
2908,490
2909,490
2910,490
2911,490
2912,490
2913,490
2914,490
2915,490
2916,490
2917,490
2918,490
2919,490
2920,490
2921,490
2922,490
2923,490
2924,490
2925,490
2926,490
2927,490
2928,490
2929,490
2930,490
2931,490
2932,490
2933,490
2934,490
2935,490
2936,490
2937,490
2938,490
2939,490
2940,490
2941,490
2942,490
2943,490
2944,490
2945,490
2946,490
2947,490
2948,490
2949,490
2950,490
2951,490
2952,490
2953,490
2954,490
2955,490
2956,490
2957,490
2958,490
2959,490
2960,490
2961,490
2962,490
2963,490
2964,490
2965,490
2966,490
2967,490
2968,490
2969,490
2970,490
2971,490
2972,490
2973,490
2974,490
2975,490
2976,490
2977,490
2978,490
2979,490
2980,490
2981,490
2982,490
2983,490
2984,490
2985,490
2986,490
2987,490
2988,490
2989,490
2990,490
2991,490
2992,490
2993,490
2994,490
2995,490
2996,490
2997,490
2998,490
2999,490
3000,490
3001,490
3002,490
3003,490
3004,490
3005,490
3006,490
3007,491
3008,491
3009,491
3010,491
3011,491
3012,491
3013,491
3014,491
3015,491
3016,491
3017,491
3018,491
3019,491
3020,491
3021,491
3022,491
3023,491
3024,491
3025,491
3026,491
3027,491
3028,491
3029,491
3030,491
3031,491
3032,491
3033,491
3034,491
3035,491
3036,491
3037,491
3038,491
3039,491
3040,491
3041,491
3042,491
3043,491
3044,491
3045,491
3046,491
3047,491
3048,491
3049,491
3050,491
3051,491
3052,491
3053,491
3054,491
3055,491
3056,491
3057,491
3058,491
3059,491
3060,491
3061,491
3062,491
3063,491
3064,491
3065,491
3066,491
3067,491
3068,491
3069,491
3070,491
3071,491
3072,491
3073,491
3074,491
3075,491
3076,491
3077,491
3078,491
3079,491
3080,491
3081,491
3082,491
3083,491
3084,491
3085,491
3086,491
3087,491
3088,491
3089,491
3090,491
3091,491
3092,491
3093,491
3094,491
3095,491
3096,491
3097,491
3098,491
3099,491
3100,491
3101,491
3102,491
3103,491
3104,491
3105,491
3106,491
3107,491
3108,491
3109,491
3110,491
3111,491
3112,491
3113,491
3114,491
3115,491
3116,491
3117,491
3118,491
3119,491
3120,491
3121,491
3122,491
3123,491
3124,491
3125,491
3126,491
3127,491
3128,491
3129,491
3130,491
3131,491
3132,491
3133,491
3134,491
3135,491
3136,491
3137,491
3138,491
3139,491
3140,491
3141,491
3142,491
3143,491
3144,491
3145,491
3146,491
3147,491
3148,491
3149,491
3150,491
3151,491
3152,491
3153,491
3154,491
3155,491
3156,491
3157,491
3158,491
3159,491
3160,491
3161,491
3162,491
3163,491
3164,491
3165,491
3166,491
3167,491
3168,491
3169,491
3170,491
3171,491
3172,491
3173,491
3174,491
3175,491
3176,491
3177,491
3178,491
3179,491
3180,491
3181,491
3182,491
3183,491
3184,491
3185,491
3186,491
3187,491
3188,491
3189,491
3190,491
3191,491
3192,491
3193,491
3194,491
3195,491
3196,491
3197,491
3198,491
3199,491
3200,491
3201,491
3202,491
3203,491
3204,491
3205,491
3206,491
3207,491
3208,491
3209,491
3210,491
3211,491
3212,491
3213,491
3214,491
3215,491
3216,491
3217,491
3218,491
3219,491
3220,491
3221,491
3222,491
3223,491
3224,491
3225,491
3226,491
3227,491
3228,491
3229,491
3230,491
3231,491
3232,491
3233,491
3234,491
3235,491
3236,491
3237,491
3238,491
3239,491
3240,491
3241,491
3242,491
3243,491
3244,491
3245,491
3246,491
3247,491
3248,491
3249,491
3250,491
3251,491
3252,491
3253,491
3254,492
3255,492
3256,492
3257,492
3258,492
3259,492
3260,492
3261,492
3262,492
3263,492
3264,492
3265,492
3266,492
3267,492
3268,492
3269,492
3270,492
3271,492
3272,492
3273,492
3274,492
3275,492
3276,492
3277,492
3278,492
3279,492
3280,492
3281,492
3282,492
3283,492
3284,492
3285,492
3286,492
3287,492
3288,492
3289,492
3290,492
3291,492
3292,492
3293,492
3294,492
3295,492
3296,492
3297,492
3298,492
3299,492
3300,492
3301,492
3302,492
3303,492
3304,492
3305,492
3306,492
3307,492
3308,492
3309,492
3310,492
3311,492
3312,492
3313,492
3314,492
3315,492
3316,492
3317,492
3318,492
3319,492
3320,492
3321,492
3322,492
3323,492
3324,492
3325,492
3326,492
3327,492
3328,492
3329,492
3330,492
3331,492
3332,492
3333,492
3334,492
3335,492
3336,492
3337,493
3338,493
3339,493
3340,493
3341,493
3342,493
3343,493
3344,493
3345,493
3346,493
3347,493
3348,493
3349,493
3350,493
3351,493
3352,493
3353,493
3354,493
3355,493
3356,493
3357,493
3358,493
3359,493
3360,493
3361,493
3362,493
3363,493
3364,493
3365,493
3366,493
3367,493
3368,493
3369,493
3370,493
3371,493
3372,493
3373,493
3374,493
3375,493
3376,493
3377,493
3378,493
3379,493
3380,493
3381,493
3382,493
3383,493
3384,493
3385,493
3386,493
3387,493
3388,493
3389,493
3390,493
3391,493
3392,493
3393,493
3394,493
3395,493
3396,493
3397,493
3398,493
3399,493
3400,493
3401,493
3402,493
3403,493
3404,493
3405,493
3406,493
3407,493
3408,493
3409,493
3410,493
3411,493
3412,493
3413,493
3414,493
3415,493
3416,493
3417,493
3418,493
3419,493
3420,493
3421,493
3422,493
3423,493
3424,493
3425,493
3426,493
3427,493
3428,493
3429,493
3430,493
3431,493
3432,493
3433,493
3434,493
3435,493
3436,493
3437,493
3438,493
3439,493
3440,493
3441,493
3442,493
3443,493
3444,493
3445,493
3446,493
3447,493
3448,493
3449,493
3450,493
3451,493
3452,493
3453,493
3454,493
3455,493
3456,493
3457,493
3458,493
3459,493
3460,493
3461,493
3462,493
3463,493
3464,493
3465,493
3466,493
3467,493
3468,493
3469,493
3470,493
3471,493
3472,493
3473,493
3474,493
3475,493
3476,493
3477,493
3478,493
3479,493
3480,493
3481,494
3482,494
3483,494
3484,494
3485,494
3486,494
3487,494
3488,494
3489,494
3490,494
3491,494
3492,494
3493,494
3494,494
3495,494
3496,494
3497,494
3498,494
3499,494
3500,494
3501,494
3502,494
3503,494
3504,494
3505,494
3506,494
3507,494
3508,494
3509,494
3510,494
3511,494
3512,494
3513,494
3514,494
3515,494
3516,494
3517,494
3518,494
3519,494
3520,494
3521,494
3522,494
3523,494
3524,494
3525,494
3526,494
3527,494
3528,494
3529,494
3530,494
3531,494
3532,494
3533,494
3534,494
3535,494
3536,494
3537,494
3538,494
3539,494
3540,494
3541,494
3542,494
3543,494
3544,494
3545,494
3546,494
3547,494
3548,494
3549,494
3550,494
3551,494
3552,494
3553,494
3554,494
3555,494
3556,494
3557,494
3558,494
3559,494
3560,494
3561,494
3562,494
3563,494
3564,494
3565,494
3566,494
3567,494
3568,494
3569,494
3570,494
3571,494
3572,494
3573,494
3574,494
3575,494
3576,494
3577,494
3578,494
3579,494
3580,494
3581,494
3582,494
3583,494
3584,494
3585,494
3586,494
3587,494
3588,494
3589,494
3590,494
3591,494
3592,494
3593,494
3594,494
3595,494
3596,494
3597,494
3598,494
3599,494
3600,494
3601,494
3602,494
3603,494
3604,494
3605,494
3606,494
3607,494
3608,494
3609,494
3610,494
3611,494
3612,494
3613,494
3614,494
3615,494
3616,494
3617,494
3618,494
3619,494
3620,494
3621,494
3622,494
3623,494
3624,494
3625,494
3626,494
3627,494
3628,494
3629,494
3630,494
3631,494
3632,494
3633,494
3634,494
3635,494
3636,494
3637,495
3638,495
3639,495
3640,495
3641,495
3642,495
3643,495
3644,495
3645,495
3646,495
3647,495
3648,495
3649,495
3650,495
3651,495
3652,495
3653,495
3654,495
3655,495
3656,495
3657,495
3658,495
3659,495
3660,495
3661,495
3662,495
3663,495
3664,495
3665,495
3666,495
3667,495
3668,495
3669,495
3670,495
3671,495
3672,495
3673,495
3674,495
3675,495
3676,495
3677,495
3678,495
3679,495
3680,495
3681,495
3682,495
3683,495
3684,495
3685,495
3686,495
3687,495
3688,495
3689,495
3690,495
3691,495
3692,495
3693,495
3694,495
3695,495
3696,495
3697,495
3698,495
3699,495
3700,495
3701,495
3702,495
3703,495
3704,495
3705,495
3706,495
3707,495
3708,495
3709,495
3710,495
3711,495
3712,495
3713,495
3714,495
3715,495
3716,495
3717,495
3718,495
3719,495
3720,495
3721,495
3722,495
3723,495
3724,495
3725,495
3726,495
3727,495
3728,495
3729,495
3730,495
3731,495
3732,495
3733,495
3734,495
3735,495
3736,495
3737,495
3738,495
3739,495
3740,495
3741,495
3742,495
3743,495
3744,495
3745,495
3746,495
3747,495
3748,495
3749,495
3750,495
3751,495
3752,495
3753,495
3754,495
3755,495
3756,495
3757,495
3758,495
3759,495
3760,495
3761,495
3762,495
3763,495
3764,495
3765,495
3766,495
3767,495
3768,495
3769,495
3770,495
3771,495
3772,495
3773,495
3774,495
3775,495
3776,495
3777,495
3778,495
3779,495
3780,495
3781,495
3782,495
3783,495
3784,495
3785,495
3786,495
3787,495
3788,495
3789,495
3790,495
3791,495
3792,495
3793,495
3794,495
3795,495
3796,495
3797,495
3798,495
3799,495
3800,495
3801,495
3802,495
3803,495
3804,495
3805,495
3806,495
3807,495
3808,495
3809,495
3810,495
3811,495
3812,495
3813,495
3814,495
3815,495
3816,495
3817,495
3818,495
3819,495
3820,495
3821,495
3822,495
3823,495
3824,495
3825,495
3826,495
3827,495
3828,495
3829,495
3830,495
3831,495
3832,495
3833,495
3834,495
3835,496
3836,496
3837,496
3838,496
3839,496
3840,496
3841,496
3842,496
3843,496
3844,496
3845,496
3846,496
3847,496
3848,496
3849,496
3850,496
3851,496
3852,496
3853,496
3854,496
3855,497
3856,497
3857,497
3858,497
3859,497
3860,497
3861,497
3862,497
3863,497
3864,497
3865,497
3866,497
3867,497
3868,497
3869,497
3870,497
3871,497
3872,497
3873,497
3874,497
3875,497
3876,497
3877,497
3878,497
3879,497
3880,497
3881,497
3882,497
3883,497
3884,497
3885,497
3886,497
3887,497
3888,497
3889,497
3890,497
3891,497
3892,497
3893,497
3894,497
3895,497
3896,497
3897,497
3898,497
3899,497
3900,497
3901,497
3902,497
3903,497
3904,497
3905,497
3906,497
3907,497
3908,497
3909,497
3910,497
3911,497
3912,497
3913,497
3914,497
3915,497
3916,497
3917,497
3918,497
3919,497
3920,497
3921,497
3922,497
3923,497
3924,497
3925,497
3926,497
3927,497
3928,497
3929,497
3930,497
3931,497
3932,497
3933,497
3934,497
3935,497
3936,497
3937,497
3938,497
3939,497
3940,497
3941,497
3942,497
3943,497
3944,497
3945,497
3946,497
3947,497
3948,497
3949,497
3950,497
3951,497
3952,497
3953,497
3954,497
3955,497
3956,497
3957,497
3958,497
3959,497
3960,497
3961,497
3962,497
3963,497
3964,497
3965,497
3966,497
3967,497
3968,497
3969,497
3970,497
3971,497
3972,497
3973,497
3974,497
3975,497
3976,497
3977,497
3978,497
3979,497
3980,497
3981,497
3982,497
3983,497
3984,497
3985,497
3986,497
3987,497
3988,497
3989,497
3990,497
3991,497
3992,497
3993,497
3994,497
3995,497
3996,497
3997,497
3998,497
3999,497
4000,497
4001,497
4002,497
4003,497
4004,497
4005,497
4006,497
4007,497
4008,497
4009,497
4010,497
4011,497
4012,497
4013,497
4014,497
4015,497
4016,497
4017,497
4018,497
4019,497
4020,497
4021,497
4022,497
4023,497
4024,497
4025,497
4026,497
4027,497
4028,497
4029,497
4030,497
4031,497
4032,497
4033,497
4034,497
4035,497
4036,497
4037,497
4038,497
4039,497
4040,497
4041,497
4042,497
4043,497
4044,497
4045,497
4046,497
4047,497
4048,497
4049,497
4050,497
4051,497
4052,497
4053,497
4054,497
4055,497
4056,497
4057,497
4058,497
4059,497
4060,497
4061,497
4062,497
4063,497
4064,497
4065,497
4066,497
4067,497
4068,497
4069,497
4070,497
4071,497
4072,497
4073,497
4074,497
4075,497
4076,497
4077,497
4078,497
4079,497
4080,497
4081,497
4082,497
4083,497
4084,497
4085,497
4086,497
4087,497
4088,497
4089,497
4090,497
4091,497
4092,497
4093,497
4094,497
4095,497
4096,497
4097,497
4098,497
4099,497
4100,497
4101,497
4102,497
4103,497
4104,497
4105,497
4106,497
4107,497
4108,497
4109,497
4110,497
4111,497
4112,497
4113,497
4114,497
4115,497
4116,497
4117,497
4118,497
4119,497
4120,497
4121,497
4122,497
4123,497
4124,497
4125,497
4126,497
4127,497
4128,497
4129,497
4130,497
4131,497
4132,497
4133,497
4134,497
4135,497
4136,497
4137,497
4138,497
4139,497
4140,497
4141,497
4142,497
4143,497
4144,497
4145,497
4146,497
4147,497
4148,497
4149,497
4150,497
4151,497
4152,497
4153,497
4154,497
4155,497
4156,498
4157,498
4158,498
4159,498
4160,498
4161,498
4162,498
4163,498
4164,499
4165,499
4166,499
4167,499
4168,499
4169,499
4170,499
4171,499
4172,499
4173,499
4174,499
4175,499
4176,499
4177,499
4178,499
4179,499
4180,499
4181,499
4182,499
4183,499
4184,499
4185,499
4186,499
4187,499
4188,499
4189,499
4190,499
4191,499
4192,499
4193,499
4194,499
4195,499
4196,499
4197,499
4198,499
4199,499
4200,499
4201,499
4202,499
4203,499
4204,499
4205,499
4206,499
4207,499
4208,499
4209,499
4210,499
4211,499
4212,499
4213,499
4214,499
4215,499
4216,499
4217,499
4218,499
4219,499
4220,499
4221,499
4222,499
4223,499
4224,499
4225,499
4226,499
4227,499
4228,499
4229,499
4230,499
4231,499
4232,499
4233,499
4234,499
4235,499
4236,499
4237,499
4238,499
4239,499
4240,499
4241,499
4242,499
4243,499
4244,499
4245,499
4246,499
4247,499
4248,499
4249,499
4250,499
4251,499
4252,499
4253,499
4254,499
4255,499
4256,499
4257,499
4258,499
4259,499
4260,499
4261,499
4262,499
4263,499
4264,499
4265,499
4266,499
4267,499
4268,499
4269,499
4270,499
4271,499
4272,499
4273,499
4274,499
4275,499
4276,499
4277,499
4278,499
4279,499
4280,499
4281,499
4282,499
4283,499
4284,499
4285,499
4286,499
4287,499
4288,499
4289,499
4290,499
4291,499
4292,499
4293,499
4294,499
4295,499
4296,499
4297,499
4298,499
4299,499
4300,499
4301,499
4302,499
4303,499
4304,499
4305,499
4306,499
4307,499
4308,499
4309,499
4310,499
4311,499
4312,499
4313,499
4314,499
4315,499
4316,499
4317,499
4318,499
4319,499
4320,499
4321,499
4322,499
4323,499
4324,499
4325,499
4326,499
4327,499
4328,499
4329,499
4330,499
4331,499
4332,499
4333,499
4334,499
4335,499
4336,499
4337,499
4338,499
4339,499
4340,499
4341,499
4342,499
4343,499
4344,499
4345,499
4346,499
4347,499
4348,499
4349,499
4350,499
4351,499
4352,499
4353,499
4354,499
4355,499
4356,499
4357,499
4358,499
4359,499
4360,499
4361,499
4362,499
4363,499
4364,499
4365,499
4366,499
4367,499
4368,499
4369,499
4370,499
4371,499
4372,499
4373,499
4374,499
4375,499
4376,499
4377,499
4378,499
4379,499
4380,499
4381,499
4382,499
4383,499
4384,499
4385,499
4386,499
4387,499
4388,499
4389,499
4390,499
4391,499
4392,499
4393,499
4394,499
4395,499
4396,499
4397,499
4398,499
4399,499
4400,499
4401,499
4402,499
4403,499
4404,499
4405,499
4406,499
4407,499
4408,499
4409,499
4410,499
4411,499
4412,499
4413,499
4414,499
4415,499
4416,499
4417,499
4418,499
4419,499
4420,499
4421,499
4422,499
4423,499
4424,499
4425,499
4426,499
4427,499
4428,499
4429,499
4430,499
4431,499
4432,499
4433,499
4434,499
4435,499
4436,499
4437,499
4438,499
4439,499
4440,499
4441,499
4442,499
4443,499
4444,499
4445,499
4446,499
4447,499
4448,499
4449,499
4450,499
4451,499
4452,499
4453,499
4454,499
4455,499
4456,499
4457,499
4458,499
4459,499
4460,499
4461,499
4462,499
4463,499
4464,499
4465,499
4466,499
4467,499
4468,499
4469,499
4470,499
4471,499
4472,499
4473,499
4474,499
4475,499
4476,499
4477,499
4478,499
4479,499
4480,499
4481,499
4482,499
4483,499
4484,499
4485,499
4486,499
4487,499
4488,499
4489,499
4490,499
4491,499
4492,499
4493,499
4494,500
