0,0
1,1
2,2
3,3
4,4
5,5
6,6
7,7
8,8
9,8
10,9
11,10
12,11
13,12
14,12
15,13
16,14
17,14
18,15
19,16
20,17
21,18
22,19
23,20
24,21
25,22
26,23
27,24
28,25
29,25
30,26
31,27
32,28
33,29
34,29
35,30
36,30
37,31
38,32
39,33
40,33
41,34
42,35
43,35
44,35
45,36
46,37
47,37
48,38
49,39
50,40
51,41
52,41
53,42
54,42
55,43
56,44
57,45
58,46
59,46
60,47
61,48
62,48
63,49
64,49
65,50
66,51
67,52
68,53
69,54
70,54
71,55
72,55
73,55
74,55
75,55
76,55
77,56
78,56
79,57
80,58
81,59
82,59
83,59
84,60
85,61
86,62
87,62
88,62
89,62
90,62
91,62
92,62
93,62
94,62
95,63
96,63
97,64
98,64
99,65
100,66
101,66
102,66
103,66
104,66
105,67
106,67
107,67
108,67
109,68
110,69
111,70
112,71
113,71
114,71
115,72
116,73
117,74
118,75
119,75
120,76
121,76
122,76
123,76
124,76
125,76
126,77
127,78
128,79
129,80
130,81
131,82
132,83
133,84
134,85
135,86
136,86
137,86
138,86
139,86
140,86
141,87
142,87
143,88
144,89
145,89
146,90
147,91
148,92
149,93
150,94
151,95
152,95
153,96
154,96
155,97
156,98
157,99
158,100
159,101
160,102
161,103
162,104
163,105
164,106
165,106
166,106
167,106
168,106
169,107
170,108
171,109
172,110
173,110
174,111
175,112
176,113
177,114
178,115
179,116
180,117
181,118
182,119
183,120
184,121
185,121
186,122
187,122
188,123
189,123
190,124
191,124
192,125
193,126
194,126
195,126
196,126
197,127
198,127
199,127
200,128
201,128
202,128
203,128
204,129
205,130
206,131
207,131
208,131
209,132
210,133
211,133
212,134
213,134
214,134
215,134
216,135
217,135
218,135
219,136
220,136
221,136
222,136
223,137
224,138
225,138
226,139
227,139
228,140
229,140
230,141
231,141
232,141
233,141
234,141
235,141
236,141
237,141
238,142
239,142
240,142
241,142
242,142
243,142
244,142
245,142
246,142
247,143
248,144
249,145
250,146
251,147
252,148
253,149
254,150
255,151
256,152
257,153
258,153
259,154
260,155
261,156
262,156
263,157
264,157
265,157
266,157
267,157
268,157
269,157
270,157
271,158
272,158
273,158
274,158
275,158
276,158
277,158
278,158
279,158
280,159
281,160
282,160
283,161
284,162
285,162
286,163
287,163
288,163
289,163
290,163
291,164
292,164
293,164
294,165
295,165
296,165
297,165
298,165
299,165
300,165
301,165
302,166
303,166
304,166
305,167
306,168
307,169
308,170
309,171
310,171
311,171
312,172
313,173
314,173
315,174
316,174
317,175
318,176
319,177
320,178
321,178
322,178
323,179
324,180
325,181
326,182
327,182
328,182
329,182
330,183
331,184
332,185
333,186
334,187
335,188
336,189
337,190
338,190
339,190
340,190
341,191
342,192
343,193
344,193
345,194
346,195
347,196
348,197
349,197
350,198
351,199
352,200
353,200
354,201
355,202
356,203
357,204
358,204
359,205
360,205
361,205
362,205
363,205
364,205
365,205
366,205
367,206
368,207
369,208
370,209
371,210
372,211
373,212
374,213
375,213
376,213
377,213
378,213
379,213
380,214
381,215
382,215
383,216
384,217
385,217
386,218
387,219
388,220
389,221
390,221
391,222
392,223
393,224
394,224
395,225
396,225
397,225
398,226
399,226
400,226
401,227
402,228
403,229
404,229
405,229
406,230
407,231
408,231
409,231
410,231
411,231
412,232
413,232
414,232
415,232
416,232
417,233
418,233
419,234
420,235
421,235
422,236
423,236
424,236
425,236
426,237
427,237
428,237
429,237
430,237
431,237
432,238
433,239
434,239
435,239
436,239
437,239
438,239
439,239
440,239
441,239
442,239
443,240
444,240
445,240
446,240
447,240
448,241
449,242
450,242
451,242
452,242
453,242
454,243
455,243
456,243
457,244
458,244
459,244
460,244
461,244
462,244
463,244
464,244
465,244
466,244
467,244
468,244
469,244
470,244
471,244
472,244
473,244
474,244
475,244
476,244
477,244
478,244
479,244
480,244
481,244
482,244
483,244
484,244
485,244
486,245
487,245
488,245
489,245
490,246
491,246
492,246
493,246
494,247
495,248
496,248
497,249
498,250
499,250
500,250
501,250
502,251
503,252
504,253
505,253
506,254
507,255
508,256
509,256
510,256
511,256
512,257
513,257
514,257
515,257
516,257
517,257
518,257
519,258
520,259
521,260
522,261
523,261
524,261
525,261
526,261
527,261
528,262
529,262
530,262
531,263
532,263
533,263
534,263
535,263
536,264
537,264
538,264
539,264
540,264
541,264
542,265
543,265
544,265
545,265
546,265
547,265
548,265
549,265
550,265
551,265
552,265
553,265
554,266
555,266
556,266
557,266
558,266
559,266
560,267
561,267
562,268
563,269
564,269
565,269
566,269
567,269
568,269
569,269
570,269
571,269
572,269
573,269
574,269
575,269
576,269
577,269
578,269
579,269
580,269
581,269
582,269
583,269
584,269
585,269
586,269
587,269
588,269
589,269
590,269
591,269
592,269
593,269
594,269
595,269
596,269
597,269
598,269
599,269
600,269
601,269
602,269
603,269
604,269
605,269
606,269
607,270
608,270
609,270
610,271
611,271
612,271
613,271
614,271
615,271
616,272
617,272
618,272
619,272
620,273
621,274
622,275
623,275
624,275
625,276
626,276
627,276
628,276
629,276
630,276
631,276
632,277
633,278
634,279
635,280
636,281
637,281
638,281
639,281
640,281
641,281
642,281
643,281
644,281
645,281
646,281
647,281
648,281
649,281
650,281
651,282
652,282
653,282
654,282
655,283
656,284
657,284
658,285
659,285
660,285
661,285
662,285
663,286
664,287
665,287
666,287
667,287
668,287
669,287
670,287
671,287
672,287
673,287
674,287
675,287
676,287
677,287
678,287
679,287
680,287
681,287
682,287
683,287
684,287
685,287
686,287
687,287
688,287
689,288
690,288
691,288
692,288
693,289
694,290
695,290
696,290
697,291
698,291
699,291
700,291
701,291
702,291
703,291
704,292
705,293
706,293
707,293
708,293
709,293
710,293
711,293
712,294
713,295
714,296
715,297
716,297
717,298
718,299
719,300
720,300
721,300
722,300
723,300
724,300
725,300
726,300
727,300
728,300
729,300
730,300
731,300
732,300
733,300
734,300
735,300
736,300
737,300
738,300
739,300
740,301
741,301
742,301
743,301
744,302
745,302
746,303
747,304
748,304
749,305
750,306
751,307
752,307
753,307
754,307
755,307
756,307
757,307
758,307
759,307
760,308
761,309
762,310
763,310
764,310
765,311
766,311
767,312
768,312
769,312
770,313
771,314
772,314
773,314
774,315
775,315
776,316
777,317
778,318
779,318
780,319
781,319
782,320
783,320
784,321
785,322
786,323
787,323
788,323
789,323
790,323
791,324
792,324
793,325
794,325
795,325
796,326
797,326
798,327
799,327
800,327
801,327
802,328
803,329
804,329
805,329
806,329
807,330
808,330
809,330
810,331
811,332
812,333
813,334
814,335
815,336
816,337
817,337
818,338
819,338
820,338
821,339
822,339
823,340
824,341
825,342
826,343
827,344
828,344
829,344
830,345
831,346
832,346
833,346
834,347
835,348
836,349
837,349
838,350
839,350
840,351
841,352
842,353
843,353
844,354
845,354
846,354
847,354
848,354
849,354
850,354
851,354
852,354
853,354
854,355
855,355
856,355
857,355
858,356
859,356
860,357
861,357
862,358
863,358
864,358
865,358
866,358
867,359
868,359
869,360
870,360
871,360
872,361
873,361
874,361
875,361
876,361
877,362
878,362
879,362
880,363
881,363
882,363
883,363
884,363
885,364
886,365
887,365
888,365
889,365
890,365
891,366
892,366
893,366
894,366
895,366
896,366
897,366
898,366
899,366
900,366
901,366
902,367
903,367
904,367
905,367
906,367
907,367
908,367
909,367
910,368
911,369
912,369
913,369
914,369
915,369
916,369
917,370
918,370
919,370
920,371
921,371
922,371
923,371
924,372
925,372
926,372
927,372
928,372
929,373
930,374
931,374
932,375
933,376
934,377
935,377
936,377
937,377
938,377
939,377
940,377
941,377
942,377
943,378
944,378
945,378
946,378
947,378
948,378
949,378
950,378
951,378
952,378
953,379
954,379
955,379
956,379
957,379
958,379
959,380
960,381
961,382
962,383
963,384
964,385
965,385
966,386
967,387
968,387
969,387
970,388
971,388
972,389
973,390
974,390
975,391
976,391
977,391
978,391
979,391
980,391
981,391
982,392
983,392
984,392
985,392
986,392
987,392
988,392
989,393
990,394
991,394
992,395
993,395
994,395
995,395
996,395
997,396
998,397
999,397
1000,397
1001,398
1002,398
1003,398
1004,399
1005,399
1006,400
1007,400
1008,400
1009,400
1010,400
1011,401
1012,402
1013,402
1014,402
1015,402
1016,403
1017,403
1018,403
1019,403
1020,403
1021,403
1022,403
1023,404
1024,404
1025,404
1026,404
1027,404
1028,404
1029,405
1030,405
1031,405
1032,405
1033,405
1034,405
1035,405
1036,405
1037,406
1038,406
1039,406
1040,406
1041,406
1042,406
1043,406
1044,406
1045,406
1046,406
1047,406
1048,406
1049,406
1050,406
1051,406
1052,406
1053,406
1054,406
1055,406
1056,406
1057,406
1058,406
1059,406
1060,406
1061,406
1062,407
1063,407
1064,407
1065,407
1066,408
1067,408
1068,408
1069,408
1070,408
1071,408
1072,408
1073,408
1074,408
1075,408
1076,408
1077,408
1078,408
1079,408
1080,408
1081,408
1082,408
1083,408
1084,408
1085,408
1086,408
1087,408
1088,408
1089,408
1090,409
1091,410
1092,411
1093,411
1094,412
1095,413
1096,414
1097,414
1098,414
1099,415
1100,415
1101,415
1102,415
1103,415
1104,415
1105,415
1106,415
1107,415
1108,415
1109,415
1110,415
1111,415
1112,415
1113,415
1114,415
1115,415
1116,415
1117,415
1118,416
1119,416
1120,416
1121,416
1122,416
1123,416
1124,416
1125,416
1126,416
1127,416
1128,416
1129,416
1130,416
1131,416
1132,417
1133,417
1134,417
1135,417
1136,418
1137,419
1138,420
1139,420
1140,420
1141,421
1142,421
1143,421
1144,421
1145,421
1146,421
1147,421
1148,422
1149,423
1150,423
1151,423
1152,423
1153,423
1154,423
1155,423
1156,423
1157,423
1158,423
1159,423
1160,423
1161,423
1162,423
1163,423
1164,423
1165,423
1166,423
1167,423
1168,423
1169,423
1170,423
1171,423
1172,423
1173,423
1174,423
1175,423
1176,423
1177,423
1178,423
1179,423
1180,423
1181,423
1182,423
1183,423
1184,423
1185,423
1186,423
1187,423
1188,423
1189,423
1190,423
1191,423
1192,423
1193,423
1194,423
1195,424
1196,424
1197,424
1198,424
1199,424
1200,424
1201,424
1202,424
1203,424
1204,424
1205,424
1206,424
1207,424
1208,424
1209,424
1210,424
1211,424
1212,424
1213,424
1214,424
1215,424
1216,424
1217,424
1218,424
1219,424
1220,425
1221,425
1222,425
1223,425
1224,425
1225,426
1226,426
1227,426
1228,426
1229,426
1230,426
1231,426
1232,426
1233,426
1234,426
1235,426
1236,426
1237,426
1238,426
1239,427
1240,427
1241,427
1242,427
1243,427
1244,427
1245,427
1246,427
1247,427
1248,427
1249,427
1250,427
1251,427
1252,427
1253,427
1254,427
1255,427
1256,427
1257,427
1258,427
1259,427
1260,427
1261,427
1262,428
1263,428
1264,428
1265,428
1266,428
1267,428
1268,428
1269,428
1270,428
1271,428
1272,428
1273,428
1274,428
1275,428
1276,428
1277,428
1278,428
1279,429
1280,429
1281,429
1282,429
1283,430
1284,430
1285,430
1286,430
1287,430
1288,430
1289,430
1290,430
1291,430
1292,430
1293,430
1294,430
1295,430
1296,431
1297,431
1298,431
1299,431
1300,431
1301,431
1302,431
1303,431
1304,431
1305,431
1306,431
1307,431
1308,431
1309,432
1310,432
1311,432
1312,432
1313,432
1314,432
1315,432
1316,432
1317,432
1318,432
1319,432
1320,432
1321,432
1322,432
1323,432
1324,432
1325,432
1326,432
1327,432
1328,432
1329,432
1330,432
1331,432
1332,432
1333,432
1334,433
1335,433
1336,433
1337,433
1338,433
1339,433
1340,433
1341,433
1342,433
1343,433
1344,433
1345,433
1346,433
1347,433
1348,433
1349,433
1350,433
1351,433
1352,433
1353,433
1354,433
1355,433
1356,434
1357,434
1358,434
1359,434
1360,434
1361,435
1362,435
1363,435
1364,436
1365,436
1366,437
1367,437
1368,437
1369,437
1370,437
1371,437
1372,437
1373,437
1374,437
1375,437
1376,437
1377,437
1378,437
1379,437
1380,437
1381,437
1382,437
1383,437
1384,437
1385,437
1386,437
1387,437
1388,437
1389,438
1390,438
1391,438
1392,438
1393,438
1394,438
1395,438
1396,438
1397,438
1398,438
1399,438
1400,438
1401,438
1402,439
1403,439
1404,439
1405,439
1406,439
1407,439
1408,439
1409,439
1410,439
1411,439
1412,439
1413,439
1414,439
1415,439
1416,439
1417,439
1418,439
1419,439
1420,439
1421,439
1422,439
1423,439
1424,439
1425,439
1426,439
1427,439
1428,439
1429,439
1430,439
1431,439
1432,439
1433,439
1434,439
1435,439
1436,439
1437,439
1438,439
1439,439
1440,439
1441,439
1442,439
1443,439
1444,439
1445,439
1446,439
1447,439
1448,439
1449,440
1450,440
1451,440
1452,440
1453,440
1454,441
1455,441
1456,441
1457,441
1458,442
1459,443
1460,443
1461,444
1462,444
1463,444
1464,444
1465,445
1466,445
1467,446
1468,446
1469,446
1470,446
1471,446
1472,446
1473,446
1474,446
1475,447
1476,447
1477,447
1478,447
1479,447
1480,447
1481,447
1482,447
1483,447
1484,447
1485,447
1486,447
1487,447
1488,447
1489,447
1490,447
1491,447
1492,447
1493,447
1494,447
1495,447
1496,447
1497,447
1498,447
1499,447
1500,447
1501,447
1502,447
1503,447
1504,447
1505,447
1506,447
1507,447
1508,447
1509,447
1510,447
1511,447
1512,447
1513,447
1514,447
1515,447
1516,447
1517,447
1518,447
1519,447
1520,447
1521,447
1522,447
1523,447
1524,447
1525,448
1526,448
1527,449
1528,449
1529,449
1530,449
1531,449
1532,449
1533,449
1534,449
1535,449
1536,449
1537,449
1538,450
1539,450
1540,451
1541,452
1542,452
1543,452
1544,452
1545,453
1546,453
1547,454
1548,454
1549,454
1550,455
1551,455
1552,455
1553,455
1554,455
1555,455
1556,455
1557,455
1558,455
1559,455
1560,455
1561,455
1562,455
1563,455
1564,455
1565,455
1566,455
1567,455
1568,455
1569,455
1570,455
1571,455
1572,455
1573,455
1574,456
1575,456
1576,456
1577,456
1578,456
1579,456
1580,456
1581,456
1582,456
1583,456
1584,456
1585,456
1586,456
1587,456
1588,456
1589,456
1590,456
1591,456
1592,456
1593,456
1594,456
1595,456
1596,456
1597,456
1598,456
1599,456
1600,456
1601,456
1602,456
1603,456
1604,456
1605,457
1606,457
1607,457
1608,457
1609,457
1610,457
1611,457
1612,457
1613,458
1614,458
1615,458
1616,458
1617,458
1618,458
1619,458
1620,458
1621,458
1622,458
1623,458
1624,458
1625,458
1626,458
1627,458
1628,458
1629,458
1630,459
1631,459
1632,459
1633,459
1634,460
1635,460
1636,461
1637,461
1638,461
1639,461
1640,462
1641,463
1642,463
1643,463
1644,464
1645,464
1646,464
1647,464
1648,464
1649,464
1650,464
1651,464
1652,464
1653,464
1654,464
1655,464
1656,464
1657,464
1658,464
1659,464
1660,464
1661,464
1662,464
1663,464
1664,464
1665,464
1666,464
1667,464
1668,464
1669,464
1670,464
1671,464
1672,464
1673,464
1674,464
1675,464
1676,464
1677,464
1678,464
1679,464
1680,464
1681,464
1682,464
1683,464
1684,464
1685,464
1686,464
1687,464
1688,464
1689,464
1690,464
1691,464
1692,464
1693,464
1694,464
1695,464
1696,464
1697,465
1698,465
1699,465
1700,465
1701,465
1702,465
1703,465
1704,465
1705,465
1706,465
1707,465
1708,465
1709,465
1710,465
1711,465
1712,465
1713,465
1714,465
1715,465
1716,465
1717,466
1718,466
1719,466
1720,466
1721,466
1722,466
1723,466
1724,466
1725,466
1726,466
1727,466
1728,466
1729,466
1730,466
1731,466
1732,466
1733,466
1734,466
1735,466
1736,466
1737,466
1738,466
1739,466
1740,466
1741,466
1742,466
1743,466
1744,466
1745,466
1746,466
1747,466
1748,466
1749,466
1750,466
1751,466
1752,466
1753,466
1754,466
1755,466
1756,466
1757,466
1758,466
1759,466
1760,466
1761,466
1762,466
1763,466
1764,466
1765,466
1766,466
1767,466
1768,466
1769,466
1770,466
1771,466
1772,466
1773,466
1774,466
1775,466
1776,466
1777,466
1778,466
1779,466
1780,466
1781,466
1782,466
1783,466
1784,466
1785,466
1786,466
1787,466
1788,466
1789,466
1790,466
1791,466
1792,466
1793,466
1794,466
1795,466
1796,466
1797,466
1798,466
1799,466
1800,466
1801,466
1802,466
1803,466
1804,466
1805,466
1806,467
1807,467
1808,467
1809,467
1810,467
1811,467
1812,467
1813,467
1814,467
1815,467
1816,467
1817,467
1818,467
1819,467
1820,467
1821,467
1822,467
1823,467
1824,467
1825,467
1826,467
1827,467
1828,467
1829,467
1830,467
1831,467
1832,467
1833,467
1834,467
1835,467
1836,468
1837,468
1838,468
1839,468
1840,468
1841,468
1842,468
1843,468
1844,468
1845,468
1846,468
1847,468
1848,468
1849,468
1850,468
1851,468
1852,468
1853,468
1854,468
1855,468
1856,468
1857,468
1858,468
1859,468
1860,468
1861,468
1862,468
1863,468
1864,468
1865,468
1866,468
1867,468
1868,468
1869,468
1870,468
1871,468
1872,468
1873,468
1874,468
1875,468
1876,468
1877,468
1878,468
1879,468
1880,468
1881,468
1882,468
1883,468
1884,469
1885,469
1886,469
1887,469
1888,469
1889,469
1890,470
1891,470
1892,470
1893,470
1894,470
1895,471
1896,471
1897,471
1898,471
1899,471
1900,471
1901,471
1902,471
1903,471
1904,471
1905,471
1906,471
1907,471
1908,471
1909,471
1910,471
1911,471
1912,471
1913,471
1914,471
1915,471
1916,471
1917,471
1918,471
1919,472
1920,472
1921,472
1922,472
1923,472
1924,472
1925,472
1926,472
1927,472
1928,472
1929,472
1930,472
1931,472
1932,472
1933,472
1934,472
1935,472
1936,472
1937,472
1938,472
1939,472
1940,472
1941,472
1942,472
1943,472
1944,472
1945,472
1946,472
1947,472
1948,472
1949,472
1950,472
1951,472
1952,472
1953,472
1954,472
1955,472
1956,472
1957,472
1958,472
1959,472
1960,472
1961,472
1962,472
1963,472
1964,472
1965,472
1966,472
1967,472
1968,472
1969,472
1970,472
1971,472
1972,472
1973,472
1974,472
1975,472
1976,472
1977,472
1978,472
1979,472
1980,472
1981,472
1982,472
1983,472
1984,472
1985,472
1986,472
1987,472
1988,472
1989,472
1990,472
1991,472
1992,472
1993,472
1994,472
1995,472
1996,472
1997,472
1998,472
1999,472
2000,472
2001,472
2002,472
2003,472
2004,472
2005,472
2006,472
2007,472
2008,472
2009,472
2010,472
2011,472
2012,472
2013,472
2014,472
2015,472
2016,472
2017,472
2018,472
2019,472
2020,472
2021,472
2022,472
2023,472
2024,472
2025,472
2026,472
2027,472
2028,472
2029,472
2030,472
2031,472
2032,472
2033,472
2034,473
2035,473
2036,473
2037,473
2038,473
2039,473
2040,473
2041,473
2042,473
2043,473
2044,474
2045,474
2046,474
2047,474
2048,474
2049,474
2050,474
2051,474
2052,474
2053,474
2054,474
2055,474
2056,474
2057,474
2058,474
2059,475
2060,475
2061,475
2062,475
2063,475
2064,475
2065,475
2066,475
2067,475
2068,475
2069,475
2070,475
2071,475
2072,475
2073,475
2074,475
2075,475
2076,475
2077,475
2078,475
2079,475
2080,475
2081,475
2082,475
2083,475
2084,475
2085,475
2086,475
2087,475
2088,475
2089,475
2090,475
2091,475
2092,475
2093,475
2094,475
2095,475
2096,475
2097,475
2098,475
2099,475
2100,475
2101,475
2102,475
2103,476
2104,476
2105,476
2106,476
2107,476
2108,476
2109,476
2110,476
2111,476
2112,476
2113,476
2114,476
2115,476
2116,476
2117,476
2118,476
2119,476
2120,477
2121,477
2122,478
2123,478
2124,478
2125,478
2126,478
2127,478
2128,478
2129,478
2130,478
2131,478
2132,478
2133,478
2134,478
2135,478
2136,478
2137,478
2138,478
2139,478
2140,478
2141,478
2142,478
2143,478
2144,478
2145,478
2146,478
2147,478
2148,479
2149,479
2150,479
2151,479
2152,479
2153,479
2154,479
2155,479
2156,479
2157,479
2158,479
2159,479
2160,479
2161,479
2162,479
2163,479
2164,479
2165,479
2166,479
2167,479
2168,479
2169,479
2170,479
2171,479
2172,479
2173,479
2174,479
2175,479
2176,479
2177,479
2178,479
2179,479
2180,479
2181,479
2182,479
2183,479
2184,480
2185,480
2186,480
2187,480
2188,480
2189,480
2190,480
2191,481
2192,481
2193,481
2194,481
2195,481
2196,481
2197,481
2198,481
2199,481
2200,481
2201,481
2202,481
2203,481
2204,481
2205,481
2206,481
2207,481
2208,481
2209,481
2210,481
2211,481
2212,481
2213,481
2214,481
2215,481
2216,481
2217,481
2218,481
2219,481
2220,481
2221,481
2222,481
2223,481
2224,481
2225,481
2226,481
2227,481
2228,481
2229,481
2230,481
2231,481
2232,481
2233,481
2234,481
2235,481
2236,481
2237,481
2238,481
2239,481
2240,481
2241,481
2242,481
2243,481
2244,481
2245,481
2246,481
2247,481
2248,481
2249,481
2250,481
2251,481
2252,481
2253,481
2254,481
2255,481
2256,481
2257,481
2258,481
2259,481
2260,481
2261,481
2262,481
2263,481
2264,481
2265,481
2266,481
2267,481
2268,481
2269,481
2270,481
2271,481
2272,481
2273,481
2274,481
2275,481
2276,481
2277,481
2278,481
2279,481
2280,481
2281,481
2282,481
2283,481
2284,481
2285,481
2286,481
2287,481
2288,481
2289,481
2290,481
2291,481
2292,481
2293,481
2294,481
2295,481
2296,481
2297,481
2298,481
2299,481
2300,481
2301,481
2302,481
2303,481
2304,481
2305,481
2306,481
2307,481
2308,481
2309,481
2310,481
2311,481
2312,481
2313,481
2314,481
2315,481
2316,481
2317,482
2318,482
2319,482
2320,482
2321,482
2322,482
2323,482
2324,482
2325,482
2326,482
2327,482
2328,482
2329,482
2330,483
2331,484
2332,484
2333,484
2334,484
2335,485
2336,485
2337,485
2338,485
2339,485
2340,485
2341,485
2342,485
2343,485
2344,485
2345,485
2346,485
2347,485
2348,485
2349,485
2350,485
2351,485
2352,485
2353,485
2354,485
2355,485
2356,486
2357,486
2358,486
2359,486
2360,486
2361,486
2362,486
2363,486
2364,486
2365,486
2366,486
2367,486
2368,486
2369,486
2370,486
2371,486
2372,486
2373,486
2374,486
2375,486
2376,486
2377,486
2378,486
2379,486
2380,486
2381,486
2382,486
2383,486
2384,486
2385,486
2386,486
2387,486
2388,486
2389,486
2390,486
2391,486
2392,486
2393,486
2394,486
2395,486
2396,486
2397,486
2398,486
2399,486
2400,486
2401,487
2402,487
2403,487
2404,487
2405,487
2406,487
2407,487
2408,487
2409,487
2410,487
2411,487
2412,487
2413,487
2414,487
2415,487
2416,487
2417,487
2418,487
2419,487
2420,487
2421,487
2422,487
2423,487
2424,487
2425,487
2426,487
2427,487
2428,487
2429,487
2430,487
2431,487
2432,487
2433,487
2434,487
2435,487
2436,487
2437,487
2438,487
2439,487
2440,487
2441,487
2442,487
2443,487
2444,487
2445,487
2446,487
2447,487
2448,487
2449,487
2450,487
2451,487
2452,487
2453,487
2454,487
2455,487
2456,487
2457,487
2458,487
2459,487
2460,487
2461,487
2462,487
2463,487
2464,487
2465,487
2466,487
2467,487
2468,487
2469,487
2470,487
2471,487
2472,487
2473,487
2474,487
2475,487
2476,487
2477,487
2478,487
2479,487
2480,487
2481,487
2482,487
2483,487
2484,487
2485,487
2486,487
2487,487
2488,487
2489,487
2490,487
2491,487
2492,487
2493,487
2494,487
2495,487
2496,487
2497,487
2498,487
2499,487
2500,487
2501,487
2502,487
2503,487
2504,487
2505,487
2506,487
2507,487
2508,487
2509,487
2510,487
2511,487
2512,487
2513,487
2514,487
2515,487
2516,487
2517,487
2518,487
2519,487
2520,487
2521,487
2522,487
2523,487
2524,487
2525,487
2526,487
2527,487
2528,487
2529,487
2530,487
2531,487
2532,487
2533,487
2534,487
2535,487
2536,487
2537,487
2538,487
2539,487
2540,487
2541,487
2542,487
2543,487
2544,488
2545,488
2546,488
2547,488
2548,488
2549,488
2550,488
2551,488
2552,488
2553,488
2554,488
2555,488
2556,488
2557,488
2558,488
2559,488
2560,488
2561,488
2562,488
2563,488
2564,488
2565,488
2566,488
2567,488
2568,488
2569,488
2570,488
2571,488
2572,488
2573,488
2574,488
2575,488
2576,488
2577,488
2578,488
2579,488
2580,488
2581,488
2582,488
2583,488
2584,488
2585,488
2586,488
2587,488
2588,488
2589,488
2590,488
2591,488
2592,488
2593,488
2594,488
2595,488
2596,488
2597,488
2598,488
2599,488
2600,488
2601,488
2602,488
2603,488
2604,488
2605,488
2606,488
2607,488
2608,488
2609,488
2610,488
2611,488
2612,488
2613,488
2614,488
2615,488
2616,488
2617,488
2618,488
2619,488
2620,488
2621,488
2622,488
2623,488
2624,488
2625,488
2626,488
2627,488
2628,488
2629,488
2630,488
2631,488
2632,488
2633,488
2634,488
2635,488
2636,488
2637,488
2638,488
2639,488
2640,488
2641,488
2642,488
2643,488
2644,488
2645,488
2646,488
2647,488
2648,488
2649,488
2650,488
2651,488
2652,488
2653,488
2654,488
2655,488
2656,488
2657,488
2658,488
2659,488
2660,488
2661,488
2662,489
2663,489
2664,489
2665,489
2666,489
2667,489
2668,489
2669,489
2670,489
2671,489
2672,489
2673,489
2674,489
2675,489
2676,489
2677,489
2678,489
2679,489
2680,489
2681,489
2682,489
2683,489
2684,489
2685,489
2686,489
2687,489
2688,489
2689,489
2690,489
2691,489
2692,489
2693,489
2694,489
2695,489
2696,489
2697,489
2698,489
2699,489
2700,489
2701,489
2702,489
2703,489
2704,489
2705,489
2706,489
2707,489
2708,489
2709,489
2710,489
2711,490
2712,490
2713,490
2714,490
2715,490
2716,490
2717,490
2718,490
2719,490
2720,490
2721,490
2722,490
2723,490
2724,490
2725,490
2726,490
2727,490
2728,490
2729,490
2730,490
2731,490
2732,490
2733,490
2734,490
2735,490
2736,490
2737,490
2738,490
2739,490
2740,490
2741,490
2742,490
2743,490
2744,490
2745,490
2746,490
2747,490
2748,490
2749,490
2750,490
2751,490
2752,490
2753,490
2754,490
2755,490
2756,490
2757,490
2758,490
2759,490
2760,490
2761,490
2762,490
2763,490
2764,490
2765,490
2766,490
2767,490
2768,490
2769,490
2770,490
2771,490
2772,490
2773,490
2774,490
2775,490
2776,490
2777,490
2778,490
2779,490
2780,490
2781,490
2782,490
2783,490
2784,490
2785,490
2786,490
2787,490
2788,490
2789,490
2790,490
2791,490
2792,490
2793,490
2794,490
2795,490
2796,490
2797,490
2798,490
2799,490
2800,490
2801,490
2802,490
2803,490
2804,490
2805,490
2806,490
2807,490
2808,490
2809,490
2810,490
2811,490
2812,490
2813,490
2814,490
2815,490
2816,490
2817,490
2818,490
2819,490
2820,490
2821,490
2822,490
2823,490
2824,490
2825,490
2826,490
2827,490
2828,490
2829,490
2830,490
2831,490
2832,490
2833,490
2834,490
2835,490
2836,490
2837,490
2838,490
2839,490
2840,490
2841,490
2842,490
2843,490
2844,490
2845,490
2846,490
2847,490
2848,490
2849,490
2850,490
2851,490
2852,490
2853,490
2854,490
2855,490
2856,490
2857,490
2858,490
2859,490
2860,490
2861,490
2862,490
2863,490
2864,490
2865,490
2866,490
2867,490
2868,490
2869,490
2870,490
2871,490
2872,490
2873,490
2874,490
2875,490
2876,490
2877,490
2878,490
2879,490
2880,490
2881,490
2882,490
2883,490
2884,490
2885,490
2886,490
2887,490
2888,490
2889,490
2890,490
2891,490
2892,490
2893,490
2894,490
2895,490
2896,490
2897,490
2898,490
2899,490
2900,490
2901,490
2902,490
2903,490
2904,490
2905,490
2906,490
2907,490
2908,490
2909,490
2910,490
2911,490
2912,490
2913,490
2914,490
2915,490
2916,490
2917,490
2918,490
2919,490
2920,490
2921,490
2922,490
2923,490
2924,490
2925,490
2926,490
2927,490
2928,490
2929,490
2930,490
2931,490
2932,490
2933,490
2934,490
2935,490
2936,490
2937,490
2938,490
2939,490
2940,490
2941,490
2942,490
2943,490
2944,490
2945,490
2946,490
2947,490
2948,490
2949,490
2950,490
2951,490
2952,490
2953,490
2954,490
2955,490
2956,490
2957,490
2958,490
2959,490
2960,490
2961,490
2962,490
2963,490
2964,490
2965,490
2966,490
2967,490
2968,490
2969,490
2970,490
2971,490
2972,490
2973,490
2974,490
2975,490
2976,490
2977,490
2978,490
2979,490
2980,490
2981,490
2982,490
2983,490
2984,490
2985,490
2986,490
2987,490
2988,490
2989,490
2990,490
2991,490
2992,490
2993,490
2994,490
2995,490
2996,490
2997,490
2998,490
2999,490
3000,490
3001,490
3002,490
3003,490
3004,490
3005,490
3006,490
3007,490
3008,490
3009,490
3010,490
3011,490
3012,490
3013,490
3014,490
3015,490
3016,490
3017,490
3018,490
3019,490
3020,490
3021,490
3022,490
3023,490
3024,490
3025,490
3026,490
3027,490
3028,490
3029,490
3030,490
3031,490
3032,490
3033,490
3034,490
3035,490
3036,490
3037,490
3038,490
3039,490
3040,490
3041,490
3042,490
3043,490
3044,490
3045,490
3046,490
3047,490
3048,490
3049,490
3050,490
3051,490
3052,490
3053,490
3054,490
3055,490
3056,490
3057,490
3058,490
3059,490
3060,490
3061,490
3062,490
3063,490
3064,490
3065,490
3066,490
3067,490
3068,490
3069,490
3070,490
3071,490
3072,490
3073,490
3074,490
3075,490
3076,490
3077,490
3078,490
3079,490
3080,490
3081,490
3082,490
3083,490
3084,490
3085,490
3086,490
3087,490
3088,490
3089,490
3090,490
3091,490
3092,490
3093,490
3094,490
3095,490
3096,490
3097,490
3098,490
3099,490
3100,490
3101,490
3102,490
3103,490
3104,490
3105,490
3106,490
3107,490
3108,490
3109,490
3110,490
3111,490
3112,490
3113,490
3114,490
3115,490
3116,490
3117,490
3118,490
3119,490
3120,490
3121,490
3122,490
3123,490
3124,490
3125,490
3126,490
3127,490
3128,490
3129,490
3130,490
3131,490
3132,490
3133,490
3134,490
3135,490
3136,490
3137,490
3138,490
3139,490
3140,490
3141,490
3142,490
3143,490
3144,490
3145,490
3146,490
3147,490
3148,490
3149,490
3150,490
3151,490
3152,490
3153,490
3154,490
3155,490
3156,490
3157,490
3158,490
3159,490
3160,490
3161,490
3162,490
3163,490
3164,490
3165,490
3166,490
3167,490
3168,490
3169,490
3170,490
3171,490
3172,490
3173,490
3174,490
3175,490
3176,490
3177,490
3178,490
3179,490
3180,490
3181,490
3182,490
3183,490
3184,490
3185,490
3186,490
3187,490
3188,490
3189,490
3190,490
3191,490
3192,490
3193,490
3194,490
3195,490
3196,490
3197,490
3198,490
3199,490
3200,490
3201,490
3202,490
3203,490
3204,490
3205,490
3206,490
3207,490
3208,490
3209,490
3210,490
3211,490
3212,490
3213,490
3214,490
3215,490
3216,490
3217,490
3218,490
3219,490
3220,490
3221,490
3222,490
3223,490
3224,490
3225,490
3226,490
3227,490
3228,490
3229,490
3230,490
3231,490
3232,490
3233,490
3234,490
3235,490
3236,490
3237,490
3238,490
3239,490
3240,490
3241,490
3242,490
3243,490
3244,490
3245,490
3246,490
3247,490
3248,490
3249,490
3250,490
3251,490
3252,490
3253,490
3254,490
3255,490
3256,490
3257,490
3258,490
3259,490
3260,490
3261,490
3262,490
3263,490
3264,490
3265,491
3266,491
3267,491
3268,491
3269,491
3270,491
3271,491
3272,491
3273,491
3274,491
3275,491
3276,491
3277,491
3278,491
3279,491
3280,491
3281,491
3282,491
3283,491
3284,491
3285,491
3286,491
3287,491
3288,491
3289,491
3290,491
3291,491
3292,491
3293,491
3294,491
3295,491
3296,491
3297,491
3298,491
3299,491
3300,491
3301,491
3302,491
3303,491
3304,491
3305,491
3306,491
3307,491
3308,491
3309,491
3310,491
3311,491
3312,491
3313,491
3314,491
3315,491
3316,491
3317,491
3318,491
3319,491
3320,491
3321,491
3322,491
3323,491
3324,491
3325,491
3326,491
3327,491
3328,491
3329,491
3330,491
3331,491
3332,491
3333,491
3334,491
3335,491
3336,491
3337,491
3338,491
3339,491
3340,491
3341,491
3342,491
3343,491
3344,491
3345,491
3346,491
3347,491
3348,491
3349,491
3350,491
3351,491
3352,491
3353,491
3354,491
3355,491
3356,491
3357,491
3358,491
3359,491
3360,491
3361,491
3362,491
3363,491
3364,491
3365,491
3366,491
3367,491
3368,491
3369,491
3370,491
3371,491
3372,491
3373,491
3374,491
3375,491
3376,491
3377,491
3378,491
3379,491
3380,491
3381,491
3382,491
3383,491
3384,491
3385,491
3386,491
3387,491
3388,491
3389,491
3390,491
3391,491
3392,491
3393,491
3394,491
3395,491
3396,491
3397,491
3398,491
3399,491
3400,491
3401,491
3402,491
3403,491
3404,491
3405,491
3406,491
3407,491
3408,491
3409,491
3410,491
3411,491
3412,491
3413,491
3414,491
3415,491
3416,491
3417,491
3418,491
3419,491
3420,491
3421,491
3422,491
3423,491
3424,491
3425,491
3426,491
3427,491
3428,491
3429,491
3430,491
3431,491
3432,491
3433,491
3434,491
3435,491
3436,491
3437,491
3438,491
3439,491
3440,491
3441,491
3442,491
3443,491
3444,491
3445,491
3446,491
3447,491
3448,491
3449,491
3450,491
3451,491
3452,491
3453,491
3454,491
3455,491
3456,491
3457,491
3458,491
3459,492
3460,492
3461,492
3462,493
3463,493
3464,493
3465,493
3466,493
3467,493
3468,493
3469,493
3470,493
3471,493
3472,493
3473,493
3474,493
3475,493
3476,493
3477,493
3478,493
3479,493
3480,493
3481,493
3482,493
3483,493
3484,493
3485,493
3486,493
3487,493
3488,493
3489,493
3490,493
3491,493
3492,493
3493,493
3494,493
3495,493
3496,493
3497,493
3498,493
3499,493
3500,493
3501,493
3502,493
3503,493
3504,493
3505,493
3506,493
3507,493
3508,493
3509,493
3510,493
3511,493
3512,493
3513,493
3514,493
3515,493
3516,493
3517,493
3518,493
3519,493
3520,493
3521,493
3522,493
3523,493
3524,493
3525,493
3526,493
3527,493
3528,493
3529,493
3530,493
3531,493
3532,493
3533,493
3534,493
3535,493
3536,493
3537,493
3538,493
3539,493
3540,493
3541,493
3542,493
3543,493
3544,493
3545,493
3546,493
3547,493
3548,493
3549,493
3550,493
3551,493
3552,493
3553,493
3554,493
3555,493
3556,493
3557,493
3558,493
3559,493
3560,493
3561,493
3562,493
3563,493
3564,493
3565,493
3566,493
3567,493
3568,493
3569,493
3570,493
3571,493
3572,493
3573,493
3574,493
3575,493
3576,493
3577,493
3578,493
3579,493
3580,493
3581,493
3582,493
3583,493
3584,493
3585,493
3586,493
3587,493
3588,493
3589,493
3590,493
3591,493
3592,493
3593,493
3594,493
3595,493
3596,493
3597,493
3598,493
3599,493
3600,493
3601,493
3602,493
3603,493
3604,493
3605,493
3606,493
3607,493
3608,493
3609,493
3610,493
3611,493
3612,493
3613,493
3614,493
3615,493
3616,493
3617,493
3618,493
3619,493
3620,493
3621,493
3622,493
3623,493
3624,493
3625,493
3626,493
3627,493
3628,493
3629,493
3630,493
3631,493
3632,493
3633,493
3634,493
3635,493
3636,493
3637,493
3638,493
3639,493
3640,493
3641,493
3642,493
3643,493
3644,493
3645,493
3646,493
3647,493
3648,493
3649,493
3650,493
3651,493
3652,493
3653,493
3654,493
3655,493
3656,493
3657,493
3658,493
3659,493
3660,493
3661,493
3662,493
3663,493
3664,493
3665,493
3666,493
3667,493
3668,493
3669,493
3670,493
3671,493
3672,493
3673,493
3674,493
3675,493
3676,493
3677,493
3678,493
3679,493
3680,493
3681,493
3682,493
3683,493
3684,493
3685,493
3686,493
3687,493
3688,493
3689,493
3690,493
3691,493
3692,493
3693,493
3694,493
3695,493
3696,493
3697,493
3698,493
3699,493
3700,493
3701,493
3702,493
3703,493
3704,493
3705,493
3706,493
3707,493
3708,493
3709,493
3710,493
3711,493
3712,493
3713,493
3714,493
3715,493
3716,493
3717,493
3718,493
3719,493
3720,493
3721,493
3722,493
3723,493
3724,493
3725,493
3726,493
3727,493
3728,493
3729,493
3730,493
3731,493
3732,493
3733,493
3734,493
3735,493
3736,493
3737,493
3738,493
3739,493
3740,493
3741,493
3742,493
3743,493
3744,493
3745,493
3746,493
3747,493
3748,493
3749,493
3750,493
3751,493
3752,493
3753,493
3754,493
3755,493
3756,493
3757,493
3758,493
3759,493
3760,493
3761,493
3762,493
3763,493
3764,493
3765,493
3766,493
3767,493
3768,493
3769,493
3770,493
3771,493
3772,493
3773,493
3774,493
3775,493
3776,493
3777,493
3778,493
3779,493
3780,493
3781,493
3782,493
3783,493
3784,493
3785,493
3786,493
3787,493
3788,493
3789,493
3790,493
3791,493
3792,493
3793,493
3794,493
3795,493
3796,493
3797,493
3798,493
3799,493
3800,493
3801,493
3802,493
3803,493
3804,493
3805,493
3806,493
3807,493
3808,493
3809,493
3810,493
3811,493
3812,493
3813,493
3814,493
3815,493
3816,493
3817,493
3818,493
3819,493
3820,493
3821,493
3822,493
3823,493
3824,493
3825,493
3826,493
3827,493
3828,493
3829,493
3830,493
3831,493
3832,493
3833,493
3834,493
3835,493
3836,493
3837,493
3838,493
3839,493
3840,493
3841,493
3842,493
3843,493
3844,493
3845,493
3846,493
3847,493
3848,493
3849,493
3850,493
3851,493
3852,493
3853,493
3854,493
3855,493
3856,493
3857,493
3858,493
3859,493
3860,493
3861,493
3862,493
3863,493
3864,493
3865,493
3866,493
3867,493
3868,493
3869,493
3870,493
3871,493
3872,493
3873,493
3874,493
3875,493
3876,493
3877,493
3878,493
3879,493
3880,493
3881,493
3882,493
3883,493
3884,493
3885,493
3886,493
3887,493
3888,493
3889,493
3890,493
3891,493
3892,493
3893,493
3894,493
3895,493
3896,493
3897,493
3898,493
3899,493
3900,493
3901,493
3902,493
3903,493
3904,493
3905,493
3906,493
3907,493
3908,493
3909,493
3910,493
3911,493
3912,493
3913,493
3914,493
3915,493
3916,493
3917,493
3918,493
3919,493
3920,493
3921,493
3922,493
3923,493
3924,493
3925,493
3926,493
3927,493
3928,493
3929,493
3930,493
3931,493
3932,493
3933,493
3934,493
3935,493
3936,493
3937,493
3938,493
3939,493
3940,493
3941,493
3942,493
3943,493
3944,493
3945,493
3946,493
3947,493
3948,493
3949,493
3950,493
3951,493
3952,493
3953,493
3954,493
3955,493
3956,493
3957,493
3958,493
3959,493
3960,493
3961,493
3962,493
3963,493
3964,493
3965,493
3966,493
3967,493
3968,493
3969,493
3970,493
3971,493
3972,493
3973,493
3974,493
3975,493
3976,493
3977,493
3978,493
3979,493
3980,493
3981,493
3982,493
3983,493
3984,493
3985,493
3986,493
3987,493
3988,493
3989,493
3990,493
3991,493
3992,493
3993,493
3994,493
3995,493
3996,493
3997,493
3998,493
3999,493
4000,493
4001,493
4002,494
4003,494
4004,494
4005,494
4006,494
4007,494
4008,494
4009,494
4010,494
4011,494
4012,494
4013,494
4014,494
4015,494
4016,494
4017,494
4018,494
4019,494
4020,494
4021,494
4022,494
4023,494
4024,494
4025,494
4026,494
4027,494
4028,494
4029,494
4030,494
4031,494
4032,494
4033,494
4034,494
4035,494
4036,494
4037,494
4038,494
4039,494
4040,494
4041,494
4042,494
4043,494
4044,494
4045,494
4046,494
4047,494
4048,494
4049,494
4050,494
4051,494
4052,494
4053,494
4054,494
4055,494
4056,494
4057,494
4058,494
4059,494
4060,494
4061,494
4062,494
4063,494
4064,494
4065,494
4066,494
4067,494
4068,494
4069,494
4070,494
4071,494
4072,494
4073,494
4074,494
4075,494
4076,494
4077,494
4078,494
4079,494
4080,494
4081,494
4082,494
4083,494
4084,494
4085,494
4086,494
4087,494
4088,494
4089,494
4090,494
4091,494
4092,494
4093,494
4094,494
4095,494
4096,494
4097,494
4098,494
4099,494
4100,494
4101,494
4102,494
4103,494
4104,494
4105,494
4106,494
4107,494
4108,494
4109,494
4110,494
4111,494
4112,494
4113,494
4114,494
4115,494
4116,494
4117,494
4118,494
4119,494
4120,494
4121,494
4122,494
4123,494
4124,494
4125,494
4126,494
4127,494
4128,494
4129,494
4130,494
4131,494
4132,494
4133,494
4134,494
4135,494
4136,494
4137,494
4138,494
4139,494
4140,494
4141,494
4142,494
4143,494
4144,494
4145,494
4146,494
4147,494
4148,494
4149,494
4150,494
4151,494
4152,494
4153,494
4154,494
4155,494
4156,494
4157,494
4158,494
4159,494
4160,494
4161,494
4162,494
4163,494
4164,494
4165,494
4166,494
4167,494
4168,494
4169,494
4170,494
4171,494
4172,494
4173,494
4174,494
4175,494
4176,494
4177,494
4178,494
4179,494
4180,494
4181,494
4182,494
4183,494
4184,494
4185,494
4186,494
4187,494
4188,494
4189,494
4190,494
4191,494
4192,494
4193,494
4194,494
4195,494
4196,494
4197,494
4198,494
4199,494
4200,494
4201,494
4202,494
4203,494
4204,494
4205,494
4206,494
4207,494
4208,494
4209,494
4210,494
4211,494
4212,494
4213,494
4214,494
4215,494
4216,494
4217,494
4218,494
4219,494
4220,494
4221,494
4222,494
4223,494
4224,494
4225,494
4226,494
4227,494
4228,494
4229,494
4230,494
4231,494
4232,494
4233,494
4234,494
4235,494
4236,494
4237,494
4238,494
4239,494
4240,494
4241,494
4242,494
4243,494
4244,494
4245,494
4246,494
4247,494
4248,494
4249,494
4250,494
4251,494
4252,494
4253,494
4254,494
4255,494
4256,494
4257,494
4258,494
4259,494
4260,494
4261,494
4262,494
4263,494
4264,494
4265,494
4266,494
4267,494
4268,494
4269,494
4270,494
4271,494
4272,494
4273,494
4274,494
4275,494
4276,494
4277,494
4278,494
4279,494
4280,494
4281,494
4282,494
4283,494
4284,494
4285,494
4286,494
4287,494
4288,494
4289,494
4290,494
4291,494
4292,494
4293,494
4294,494
4295,494
4296,494
4297,494
4298,494
4299,494
4300,494
4301,494
4302,494
4303,494
4304,494
4305,494
4306,494
4307,494
4308,494
4309,494
4310,494
4311,494
4312,494
4313,494
4314,494
4315,494
4316,494
4317,494
4318,494
4319,494
4320,494
4321,494
4322,494
4323,494
4324,494
4325,494
4326,494
4327,494
4328,494
4329,494
4330,494
4331,494
4332,494
4333,494
4334,494
4335,494
4336,494
4337,494
4338,494
4339,494
4340,494
4341,494
4342,494
4343,494
4344,494
4345,494
4346,494
4347,494
4348,494
4349,494
4350,494
4351,494
4352,494
4353,494
4354,494
4355,494
4356,494
4357,494
4358,494
4359,494
4360,494
4361,494
4362,494
4363,494
4364,494
4365,494
4366,494
4367,494
4368,494
4369,494
4370,494
4371,494
4372,494
4373,494
4374,494
4375,494
4376,494
4377,494
4378,494
4379,494
4380,494
4381,494
4382,494
4383,494
4384,494
4385,494
4386,494
4387,494
4388,494
4389,494
4390,494
4391,494
4392,494
4393,494
4394,494
4395,494
4396,494
4397,494
4398,494
4399,494
4400,494
4401,494
4402,494
4403,494
4404,494
4405,494
4406,494
4407,494
4408,494
4409,494
4410,494
4411,494
4412,494
4413,494
4414,494
4415,494
4416,494
4417,494
4418,494
4419,494
4420,494
4421,494
4422,494
4423,494
4424,494
4425,494
4426,494
4427,494
4428,494
4429,494
4430,494
4431,494
4432,494
4433,494
4434,495
4435,495
4436,495
4437,495
4438,495
4439,495
4440,495
4441,495
4442,495
4443,495
4444,495
4445,495
4446,495
4447,495
4448,495
4449,495
4450,495
4451,495
4452,495
4453,495
4454,495
4455,495
4456,495
4457,495
4458,495
4459,495
4460,495
4461,495
4462,495
4463,495
4464,495
4465,495
4466,495
4467,495
4468,495
4469,495
4470,495
4471,495
4472,495
4473,495
4474,495
4475,495
4476,495
4477,495
4478,495
4479,495
4480,495
4481,495
4482,495
4483,495
4484,495
4485,495
4486,495
4487,495
4488,495
4489,495
4490,495
4491,495
4492,495
4493,495
4494,495
4495,495
4496,495
4497,495
4498,495
4499,495
4500,495
4501,495
4502,495
4503,495
4504,495
4505,495
4506,495
4507,495
4508,495
4509,495
4510,495
4511,495
4512,495
4513,495
4514,495
4515,495
4516,495
4517,495
4518,495
4519,495
4520,495
4521,495
4522,495
4523,495
4524,495
4525,495
4526,495
4527,495
4528,495
4529,495
4530,495
4531,495
4532,495
4533,495
4534,495
4535,495
4536,495
4537,495
4538,495
4539,495
4540,495
4541,495
4542,495
4543,495
4544,495
4545,495
4546,495
4547,495
4548,495
4549,495
4550,495
4551,495
4552,495
4553,495
4554,495
4555,495
4556,495
4557,495
4558,495
4559,495
4560,495
4561,495
4562,495
4563,495
4564,495
4565,495
4566,495
4567,495
4568,495
4569,495
4570,495
4571,495
4572,495
4573,495
4574,495
4575,495
4576,495
4577,495
4578,495
4579,495
4580,495
4581,495
4582,495
4583,495
4584,495
4585,495
4586,495
4587,495
4588,495
4589,495
4590,495
4591,495
4592,495
4593,495
4594,495
4595,495
4596,495
4597,495
4598,495
4599,495
4600,495
4601,495
4602,495
4603,495
4604,495
4605,495
4606,495
4607,495
4608,495
4609,495
4610,495
4611,495
4612,495
4613,495
4614,495
4615,495
4616,495
4617,495
4618,495
4619,495
4620,495
4621,495
4622,495
4623,495
4624,495
4625,495
4626,495
4627,495
4628,495
4629,495
4630,495
4631,495
4632,495
4633,495
4634,495
4635,495
4636,495
4637,495
4638,495
4639,495
4640,495
4641,495
4642,495
4643,495
4644,495
4645,495
4646,495
4647,495
4648,495
4649,495
4650,495
4651,495
4652,495
4653,495
4654,495
4655,495
4656,495
4657,495
4658,495
4659,495
4660,495
4661,495
4662,495
4663,495
4664,495
4665,495
4666,495
4667,495
4668,495
4669,495
4670,495
4671,495
4672,495
4673,495
4674,495
4675,495
4676,495
4677,495
4678,495
4679,495
4680,495
4681,495
4682,495
4683,495
4684,495
4685,495
4686,495
4687,495
4688,495
4689,495
4690,495
4691,495
4692,495
4693,495
4694,495
4695,495
4696,495
4697,495
4698,495
4699,495
4700,495
4701,495
4702,495
4703,495
4704,495
4705,495
4706,495
4707,495
4708,495
4709,495
4710,495
4711,495
4712,495
4713,495
4714,495
4715,495
4716,495
4717,495
4718,495
4719,495
4720,495
4721,495
4722,495
4723,495
4724,495
4725,495
4726,495
4727,495
4728,495
4729,495
4730,495
4731,495
4732,495
4733,495
4734,495
4735,495
4736,495
4737,495
4738,495
4739,495
4740,495
4741,495
4742,495
4743,495
4744,495
4745,495
4746,495
4747,495
4748,495
4749,495
4750,495
4751,495
4752,495
4753,495
4754,495
4755,495
4756,495
4757,495
4758,495
4759,495
4760,495
4761,495
4762,495
4763,495
4764,495
4765,495
4766,495
4767,495
4768,495
4769,495
4770,495
4771,495
4772,495
4773,495
4774,495
4775,495
4776,495
4777,495
4778,495
4779,495
4780,495
4781,495
4782,495
4783,495
4784,495
4785,495
4786,495
4787,495
4788,495
4789,495
4790,495
4791,495
4792,495
4793,495
4794,495
4795,495
4796,495
4797,495
4798,495
4799,495
4800,495
4801,495
4802,495
4803,495
4804,495
4805,495
4806,495
4807,495
4808,495
4809,495
4810,495
4811,495
4812,495
4813,495
4814,495
4815,495
4816,495
4817,495
4818,495
4819,495
4820,495
4821,495
4822,495
4823,495
4824,495
4825,495
4826,495
4827,495
4828,495
4829,495
4830,495
4831,495
4832,495
4833,495
4834,495
4835,495
4836,495
4837,495
4838,495
4839,495
4840,495
4841,495
4842,495
4843,495
4844,495
4845,495
4846,495
4847,495
4848,495
4849,495
4850,495
4851,495
4852,495
4853,495
4854,495
4855,495
4856,495
4857,495
4858,495
4859,495
4860,495
4861,495
4862,495
4863,495
4864,495
4865,495
4866,495
4867,495
4868,495
4869,495
4870,495
4871,495
4872,495
4873,495
4874,495
4875,495
4876,495
4877,495
4878,495
4879,495
4880,495
4881,495
4882,495
4883,495
4884,495
4885,495
4886,495
4887,495
4888,495
4889,495
4890,495
4891,495
4892,495
4893,495
4894,495
4895,495
4896,495
4897,495
4898,495
4899,495
4900,495
4901,495
4902,495
4903,495
4904,495
4905,495
4906,495
4907,495
4908,495
4909,495
4910,495
4911,495
4912,495
4913,495
4914,495
4915,495
4916,495
4917,495
4918,495
4919,495
4920,495
4921,495
4922,495
4923,495
4924,495
4925,495
4926,495
4927,495
4928,495
4929,495
4930,495
4931,495
4932,495
4933,495
4934,495
4935,495
4936,495
4937,495
4938,495
4939,495
4940,495
4941,495
4942,495
4943,495
4944,495
4945,495
4946,495
4947,495
4948,495
4949,495
4950,495
4951,495
4952,495
4953,495
4954,495
4955,495
4956,495
4957,495
4958,495
4959,495
4960,495
4961,495
4962,495
4963,495
4964,495
4965,495
4966,495
4967,495
4968,495
4969,495
4970,495
4971,495
4972,495
4973,495
4974,496
4975,496
4976,496
4977,496
4978,496
4979,496
4980,496
4981,496
4982,496
4983,496
4984,496
4985,496
4986,496
4987,496
4988,496
4989,496
4990,496
4991,496
4992,496
4993,496
4994,496
4995,496
4996,496
4997,496
4998,496
4999,496
5000,496
5001,496
5002,496
5003,496
5004,496
5005,496
5006,496
5007,496
5008,496
5009,496
5010,496
5011,496
5012,496
5013,496
5014,496
5015,496
5016,496
5017,496
5018,496
5019,496
5020,496
5021,496
5022,496
5023,496
5024,496
5025,496
5026,496
5027,496
5028,496
5029,496
5030,496
5031,496
5032,496
5033,496
5034,496
5035,496
5036,496
5037,496
5038,496
5039,496
5040,496
5041,496
5042,496
5043,496
5044,496
5045,496
5046,496
5047,496
5048,496
5049,496
5050,496
5051,496
5052,496
5053,496
5054,496
5055,496
5056,496
5057,496
5058,496
5059,496
5060,496
5061,496
5062,496
5063,496
5064,496
5065,496
5066,496
5067,496
5068,496
5069,496
5070,496
5071,496
5072,496
5073,496
5074,496
5075,496
5076,496
5077,496
5078,496
5079,496
5080,496
5081,496
5082,496
5083,496
5084,496
5085,496
5086,496
5087,496
5088,496
5089,496
5090,496
5091,496
5092,496
5093,496
5094,496
5095,496
5096,496
5097,496
5098,496
5099,496
5100,496
5101,496
5102,496
5103,496
5104,496
5105,496
5106,496
5107,496
5108,496
5109,496
5110,496
5111,496
5112,496
5113,496
5114,496
5115,496
5116,496
5117,496
5118,496
5119,496
5120,496
5121,496
5122,496
5123,496
5124,496
5125,496
5126,496
5127,496
5128,496
5129,496
5130,496
5131,496
5132,496
5133,496
5134,496
5135,496
5136,496
5137,496
5138,496
5139,496
5140,496
5141,496
5142,496
5143,496
5144,496
5145,496
5146,496
5147,496
5148,496
5149,496
5150,496
5151,496
5152,496
5153,496
5154,496
5155,496
5156,496
5157,496
5158,496
5159,496
5160,496
5161,496
5162,496
5163,496
5164,496
5165,496
5166,496
5167,496
5168,496
5169,496
5170,496
5171,496
5172,496
5173,496
5174,496
5175,496
5176,496
5177,496
5178,496
5179,496
5180,496
5181,496
5182,496
5183,496
5184,496
5185,496
5186,496
5187,496
5188,496
5189,496
5190,496
5191,496
5192,496
5193,496
5194,496
5195,496
5196,496
5197,496
5198,496
5199,496
5200,496
5201,496
5202,496
5203,496
5204,496
5205,496
5206,496
5207,496
5208,496
5209,496
5210,496
5211,496
5212,496
5213,496
5214,496
5215,496
5216,496
5217,496
5218,496
5219,496
5220,496
5221,496
5222,496
5223,496
5224,496
5225,496
5226,496
5227,496
5228,496
5229,496
5230,496
5231,496
5232,496
5233,496
5234,496
5235,496
5236,496
5237,496
5238,496
5239,496
5240,496
5241,496
5242,496
5243,496
5244,496
5245,496
5246,496
5247,496
5248,496
5249,496
5250,496
5251,496
5252,496
5253,496
5254,496
5255,496
5256,496
5257,496
5258,496
5259,496
5260,496
5261,496
5262,496
5263,496
5264,496
5265,496
5266,496
5267,496
5268,496
5269,496
5270,496
5271,496
5272,496
5273,496
5274,496
5275,496
5276,496
5277,496
5278,496
5279,496
5280,496
5281,496
5282,496
5283,496
5284,496
5285,496
5286,496
5287,496
5288,496
5289,496
5290,496
5291,496
5292,496
5293,496
5294,496
5295,496
5296,496
5297,496
5298,496
5299,496
5300,496
5301,496
5302,496
5303,496
5304,496
5305,496
5306,496
5307,496
5308,496
5309,496
5310,496
5311,496
5312,496
5313,496
5314,496
5315,496
5316,496
5317,496
5318,496
5319,496
5320,496
5321,496
5322,496
5323,496
5324,496
5325,496
5326,496
5327,496
5328,496
5329,496
5330,496
5331,496
5332,496
5333,496
5334,496
5335,496
5336,496
5337,496
5338,496
5339,496
5340,496
5341,496
5342,496
5343,496
5344,496
5345,496
5346,496
5347,496
5348,496
5349,496
5350,496
5351,496
5352,496
5353,496
5354,496
5355,496
5356,496
5357,496
5358,496
5359,496
5360,496
5361,496
5362,496
5363,496
5364,496
5365,496
5366,496
5367,496
5368,496
5369,496
5370,496
5371,496
5372,496
5373,496
5374,496
5375,496
5376,496
5377,496
5378,496
5379,496
5380,496
5381,496
5382,496
5383,496
5384,496
5385,496
5386,496
5387,496
5388,496
5389,496
5390,496
5391,496
5392,496
5393,496
5394,496
5395,496
5396,496
5397,496
5398,496
5399,496
5400,496
5401,496
5402,496
5403,496
5404,496
5405,496
5406,496
5407,496
5408,496
5409,496
5410,496
5411,496
5412,496
5413,496
5414,496
5415,496
5416,496
5417,496
5418,496
5419,496
5420,496
5421,496
5422,496
5423,496
5424,496
5425,496
5426,496
5427,496
5428,496
5429,496
5430,496
5431,496
5432,496
5433,496
5434,496
5435,496
5436,496
5437,496
5438,496
5439,496
5440,496
5441,496
5442,496
5443,496
5444,496
5445,496
5446,496
5447,496
5448,496
5449,496
5450,496
5451,496
5452,496
5453,496
5454,496
5455,496
5456,496
5457,496
5458,496
5459,496
5460,496
5461,496
5462,496
5463,496
5464,496
5465,496
5466,496
5467,496
5468,496
5469,496
5470,496
5471,496
5472,496
5473,496
5474,496
5475,496
5476,496
5477,496
5478,496
5479,496
5480,496
5481,496
5482,496
5483,496
5484,496
5485,496
5486,496
5487,496
5488,496
5489,496
5490,496
5491,496
5492,496
5493,496
5494,496
5495,496
5496,496
5497,496
5498,496
5499,496
5500,496
5501,496
5502,496
5503,496
5504,496
5505,496
5506,496
5507,496
5508,496
5509,496
5510,496
5511,496
5512,496
5513,496
5514,496
5515,496
5516,496
5517,496
5518,496
5519,496
5520,496
5521,496
5522,496
5523,496
5524,496
5525,496
5526,496
5527,496
5528,496
5529,496
5530,496
5531,496
5532,496
5533,496
5534,496
5535,496
5536,496
5537,496
5538,496
5539,496
5540,496
5541,496
5542,496
5543,496
5544,496
5545,496
5546,496
5547,496
5548,496
5549,496
5550,496
5551,496
5552,496
5553,496
5554,496
5555,496
5556,496
5557,496
5558,496
5559,496
5560,496
5561,496
5562,496
5563,496
5564,496
5565,496
5566,496
5567,496
5568,496
5569,496
5570,496
5571,496
5572,496
5573,496
5574,496
5575,496
5576,496
5577,496
5578,496
5579,496
5580,496
5581,496
5582,496
5583,496
5584,496
5585,496
5586,496
5587,496
5588,496
5589,496
5590,496
5591,496
5592,496
5593,496
5594,496
5595,496
5596,496
5597,496
5598,496
5599,496
5600,496
5601,496
5602,496
5603,496
5604,496
5605,496
5606,496
5607,496
5608,496
5609,496
5610,496
5611,496
5612,496
5613,496
5614,496
5615,496
5616,496
5617,496
5618,496
5619,496
5620,496
5621,496
5622,496
5623,496
5624,496
5625,496
5626,496
5627,496
5628,496
5629,496
5630,496
5631,496
5632,496
5633,496
5634,496
5635,496
5636,496
5637,496
5638,496
5639,496
5640,496
5641,496
5642,496
5643,496
5644,496
5645,496
5646,496
5647,496
5648,496
5649,496
5650,496
5651,496
5652,496
5653,496
5654,496
5655,496
5656,496
5657,496
5658,496
5659,496
5660,496
5661,496
5662,496
5663,496
5664,496
5665,496
5666,496
5667,496
5668,496
5669,496
5670,496
5671,496
5672,496
5673,496
5674,496
5675,496
5676,496
5677,496
5678,496
5679,496
5680,496
5681,496
5682,496
5683,496
5684,496
5685,496
5686,496
5687,496
5688,496
5689,496
5690,496
5691,496
5692,496
5693,496
5694,496
5695,496
5696,496
5697,496
5698,496
5699,496
5700,496
5701,496
5702,496
5703,496
5704,496
5705,496
5706,496
5707,496
5708,496
5709,496
5710,496
5711,496
5712,496
5713,496
5714,496
5715,496
5716,496
5717,496
5718,496
5719,496
5720,496
5721,496
5722,496
5723,496
5724,496
5725,496
5726,496
5727,496
5728,496
5729,496
5730,496
5731,496
5732,496
5733,496
5734,496
5735,496
5736,496
5737,496
5738,496
5739,496
5740,496
5741,496
5742,496
5743,496
5744,496
5745,496
5746,496
5747,496
5748,496
5749,496
5750,496
5751,496
5752,496
5753,496
5754,496
5755,496
5756,496
5757,496
5758,496
5759,496
5760,496
5761,496
5762,496
5763,496
5764,496
5765,496
5766,496
5767,496
5768,496
5769,496
5770,496
5771,496
5772,496
5773,496
5774,496
5775,496
5776,496
5777,496
5778,496
5779,496
5780,496
5781,496
5782,496
5783,496
5784,496
5785,496
5786,496
5787,496
5788,496
5789,496
5790,496
5791,496
5792,496
5793,496
5794,496
5795,496
5796,496
5797,496
5798,496
5799,496
5800,496
5801,496
5802,496
5803,496
5804,496
5805,496
5806,496
5807,496
5808,496
5809,496
5810,496
5811,496
5812,496
5813,496
5814,496
5815,496
5816,496
5817,496
5818,496
5819,496
5820,496
5821,496
5822,496
5823,496
5824,496
5825,496
5826,496
5827,496
5828,496
5829,496
5830,496
5831,496
5832,496
5833,496
5834,496
5835,496
5836,496
5837,496
5838,496
5839,496
5840,496
5841,496
5842,496
5843,496
5844,496
5845,496
5846,496
5847,496
5848,496
5849,496
5850,496
5851,496
5852,496
5853,496
5854,496
5855,496
5856,496
5857,496
5858,496
5859,496
5860,496
5861,496
5862,496
5863,496
5864,496
5865,496
5866,496
5867,496
5868,496
5869,496
5870,496
5871,496
5872,496
5873,496
5874,496
5875,496
5876,496
5877,496
5878,496
5879,496
5880,496
5881,496
5882,496
5883,496
5884,496
5885,496
5886,496
5887,496
5888,496
5889,496
5890,496
5891,496
5892,496
5893,496
5894,496
5895,496
5896,496
5897,496
5898,496
5899,496
5900,496
5901,496
5902,496
5903,496
5904,496
5905,496
5906,496
5907,496
5908,496
5909,496
5910,496
5911,496
5912,496
5913,496
5914,496
5915,496
5916,496
5917,496
5918,496
5919,496
5920,496
5921,496
5922,496
5923,496
5924,496
5925,496
5926,496
5927,496
5928,496
5929,496
5930,496
5931,496
5932,496
5933,496
5934,496
5935,496
5936,496
5937,496
5938,496
5939,496
5940,496
5941,496
5942,496
5943,496
5944,496
5945,496
5946,496
5947,496
5948,496
5949,496
5950,496
5951,496
5952,496
5953,496
5954,496
5955,496
5956,496
5957,496
5958,496
5959,496
5960,496
5961,496
5962,496
5963,496
5964,496
5965,496
5966,496
5967,496
5968,496
5969,496
5970,496
5971,496
5972,496
5973,496
5974,496
5975,496
5976,496
5977,496
5978,496
5979,496
5980,496
5981,496
5982,496
5983,496
5984,496
5985,496
5986,496
5987,496
5988,496
5989,496
5990,496
5991,496
5992,496
5993,496
5994,496
5995,496
5996,496
5997,496
5998,496
5999,496
6000,496
6001,496
6002,496
6003,496
6004,496
6005,496
6006,496
6007,496
6008,496
6009,496
6010,496
6011,496
6012,496
6013,496
6014,496
6015,496
6016,496
6017,496
6018,496
6019,496
6020,496
6021,496
6022,496
6023,496
6024,496
6025,496
6026,496
6027,496
6028,496
6029,496
6030,496
6031,496
6032,496
6033,496
6034,496
6035,496
6036,496
6037,496
6038,496
6039,496
6040,496
6041,496
6042,496
6043,496
6044,496
6045,496
6046,496
6047,496
6048,496
6049,496
6050,496
6051,496
6052,496
6053,496
6054,496
6055,496
6056,496
6057,496
6058,496
6059,496
6060,496
6061,496
6062,496
6063,496
6064,496
6065,496
6066,496
6067,496
6068,496
6069,496
6070,496
6071,496
6072,496
6073,496
6074,496
6075,496
6076,496
6077,496
6078,496
6079,496
6080,496
6081,496
6082,496
6083,496
6084,496
6085,496
6086,496
6087,496
6088,496
6089,496
6090,496
6091,496
6092,496
6093,496
6094,496
6095,496
6096,496
6097,496
6098,496
6099,496
6100,496
6101,496
6102,496
6103,496
6104,496
6105,496
6106,496
6107,496
6108,496
6109,496
6110,496
6111,496
6112,496
6113,496
6114,496
6115,496
6116,496
6117,496
6118,496
6119,496
6120,496
6121,496
6122,496
6123,496
6124,496
6125,496
6126,496
6127,496
6128,496
6129,496
6130,496
6131,496
6132,496
6133,496
6134,496
6135,496
6136,496
6137,496
6138,496
6139,496
6140,496
6141,496
6142,496
6143,496
6144,496
6145,496
6146,496
6147,496
6148,496
6149,496
6150,496
6151,496
6152,496
6153,496
6154,496
6155,496
6156,496
6157,496
6158,496
6159,496
6160,496
6161,496
6162,496
6163,496
6164,496
6165,496
6166,496
6167,496
6168,496
6169,496
6170,496
6171,496
6172,496
6173,496
6174,496
6175,496
6176,496
6177,496
6178,496
6179,496
6180,496
6181,496
6182,496
6183,496
6184,496
6185,496
6186,496
6187,496
6188,496
6189,496
6190,496
6191,496
6192,496
6193,496
6194,496
6195,496
6196,496
6197,496
6198,496
6199,496
6200,496
6201,496
6202,496
6203,496
6204,496
6205,496
6206,496
6207,496
6208,496
6209,496
6210,496
6211,496
6212,496
6213,496
6214,496
6215,496
6216,496
6217,496
6218,496
6219,496
6220,496
6221,496
6222,496
6223,496
6224,496
6225,496
6226,496
6227,496
6228,496
6229,496
6230,496
6231,496
6232,496
6233,496
6234,496
6235,496
6236,496
6237,496
6238,496
6239,496
6240,496
6241,496
6242,496
6243,496
6244,496
6245,496
6246,496
6247,496
6248,496
6249,496
6250,496
6251,496
6252,496
6253,496
6254,496
6255,496
6256,496
6257,496
6258,496
6259,496
6260,496
6261,496
6262,496
6263,496
6264,496
6265,496
6266,496
6267,496
6268,496
6269,496
6270,496
6271,496
6272,496
6273,496
6274,496
6275,496
6276,496
6277,496
6278,496
6279,496
6280,496
6281,496
6282,496
6283,496
6284,496
6285,496
6286,496
6287,496
6288,496
6289,496
6290,496
6291,496
6292,496
6293,496
6294,496
6295,496
6296,496
6297,496
6298,496
6299,496
6300,496
6301,496
6302,496
6303,496
6304,496
6305,496
6306,496
6307,496
6308,496
6309,496
6310,496
6311,496
6312,496
6313,496
6314,496
6315,496
6316,496
6317,496
6318,496
6319,496
6320,496
6321,496
6322,496
6323,496
6324,496
6325,496
6326,496
6327,496
6328,496
6329,496
6330,496
6331,496
6332,496
6333,496
6334,496
6335,496
6336,496
6337,496
6338,496
6339,496
6340,496
6341,496
6342,496
6343,496
6344,496
6345,496
6346,496
6347,496
6348,496
6349,496
6350,496
6351,496
6352,496
6353,496
6354,496
6355,496
6356,496
6357,496
6358,496
6359,496
6360,496
6361,496
6362,496
6363,496
6364,496
6365,496
6366,496
6367,496
6368,496
6369,496
6370,496
6371,496
6372,496
6373,496
6374,496
6375,496
6376,496
6377,496
6378,496
6379,496
6380,496
6381,496
6382,496
6383,496
6384,496
6385,496
6386,496
6387,496
6388,496
6389,496
6390,496
6391,496
6392,496
6393,496
6394,496
6395,496
6396,496
6397,496
6398,496
6399,496
6400,496
6401,496
6402,496
6403,496
6404,496
6405,496
6406,496
6407,496
6408,496
6409,496
6410,496
6411,496
6412,496
6413,496
6414,496
6415,496
6416,496
6417,496
6418,496
6419,496
6420,496
6421,496
6422,496
6423,496
6424,496
6425,496
6426,496
6427,496
6428,496
6429,496
6430,496
6431,496
6432,496
6433,496
6434,496
6435,496
6436,496
6437,496
6438,496
6439,496
6440,496
6441,496
6442,496
6443,496
6444,496
6445,496
6446,496
6447,496
6448,496
6449,496
6450,496
6451,496
6452,496
6453,496
6454,496
6455,496
6456,496
6457,496
6458,496
6459,496
6460,496
6461,496
6462,496
6463,496
6464,496
6465,496
6466,496
6467,496
6468,496
6469,496
6470,496
6471,496
6472,496
6473,496
6474,496
6475,496
6476,496
6477,496
6478,496
6479,496
6480,496
6481,496
6482,496
6483,496
6484,496
6485,496
6486,496
6487,496
6488,496
6489,496
6490,496
6491,496
6492,496
6493,496
6494,496
6495,496
6496,496
6497,496
6498,496
6499,496
6500,496
6501,496
6502,496
6503,496
6504,496
6505,496
6506,496
6507,496
6508,496
6509,496
6510,496
6511,496
6512,496
6513,496
6514,496
6515,496
6516,496
6517,496
6518,496
6519,496
6520,496
6521,496
6522,496
6523,496
6524,496
6525,496
6526,496
6527,496
6528,496
6529,496
6530,496
6531,496
6532,496
6533,496
6534,496
6535,496
6536,496
6537,496
6538,496
6539,496
6540,496
6541,496
6542,496
6543,496
6544,496
6545,496
6546,496
6547,496
6548,496
6549,496
6550,496
6551,496
6552,496
6553,496
6554,496
6555,496
6556,496
6557,496
6558,496
6559,496
6560,496
6561,496
6562,496
6563,496
6564,496
6565,496
6566,496
6567,496
6568,496
6569,496
6570,496
6571,496
6572,496
6573,496
6574,496
6575,496
6576,496
6577,496
6578,496
6579,496
6580,496
6581,496
6582,496
6583,496
6584,496
6585,496
6586,496
6587,496
6588,496
6589,496
6590,496
6591,496
6592,496
6593,496
6594,496
6595,496
6596,496
6597,496
6598,496
6599,496
6600,496
6601,496
6602,496
6603,496
6604,496
6605,496
6606,496
6607,496
6608,496
6609,496
6610,496
6611,496
6612,496
6613,496
6614,496
6615,496
6616,496
6617,496
6618,496
6619,496
6620,496
6621,496
6622,496
6623,496
6624,496
6625,496
6626,496
6627,496
6628,496
6629,496
6630,496
6631,496
6632,496
6633,496
6634,496
6635,496
6636,496
6637,496
6638,496
6639,496
6640,496
6641,496
6642,496
6643,496
6644,496
6645,496
6646,496
6647,496
6648,496
6649,496
6650,496
6651,496
6652,496
6653,496
6654,496
6655,496
6656,496
6657,496
6658,496
6659,496
6660,496
6661,496
6662,496
6663,496
6664,496
6665,496
6666,496
6667,496
6668,496
6669,496
6670,496
6671,496
6672,496
6673,496
6674,496
6675,496
6676,496
6677,496
6678,496
6679,496
6680,496
6681,496
6682,496
6683,496
6684,496
6685,496
6686,496
6687,496
6688,496
6689,496
6690,496
6691,496
6692,496
6693,496
6694,496
6695,496
6696,496
6697,496
6698,496
6699,496
6700,496
6701,496
6702,496
6703,496
6704,496
6705,496
6706,496
6707,496
6708,496
6709,496
6710,496
6711,496
6712,496
6713,496
6714,496
6715,496
6716,496
6717,496
6718,496
6719,496
6720,496
6721,496
6722,496
6723,496
6724,496
6725,496
6726,496
6727,496
6728,496
6729,496
6730,496
6731,496
6732,496
6733,496
6734,496
6735,496
6736,496
6737,496
6738,496
6739,496
6740,496
6741,496
6742,496
6743,496
6744,496
6745,496
6746,496
6747,496
6748,496
6749,496
6750,496
6751,496
6752,496
6753,496
6754,496
6755,496
6756,496
6757,496
6758,496
6759,496
6760,496
6761,496
6762,496
6763,496
6764,496
6765,496
6766,496
6767,496
6768,496
6769,496
6770,496
6771,496
6772,496
6773,496
6774,496
6775,496
6776,496
6777,496
6778,496
6779,496
6780,496
6781,496
6782,496
6783,496
6784,496
6785,496
6786,496
6787,496
6788,496
6789,496
6790,496
6791,496
6792,496
6793,496
6794,496
6795,496
6796,496
6797,496
6798,496
6799,496
6800,496
6801,496
6802,496
6803,496
6804,496
6805,496
6806,496
6807,496
6808,496
6809,496
6810,496
6811,496
6812,496
6813,496
6814,496
6815,496
6816,496
6817,496
6818,496
6819,496
6820,496
6821,496
6822,496
6823,496
6824,496
6825,496
6826,496
6827,496
6828,496
6829,496
6830,496
6831,496
6832,496
6833,496
6834,496
6835,496
6836,496
6837,496
6838,496
6839,496
6840,496
6841,496
6842,496
6843,496
6844,496
6845,496
6846,496
6847,496
6848,496
6849,496
6850,496
6851,496
6852,496
6853,496
6854,496
6855,496
6856,496
6857,496
6858,496
6859,496
6860,496
6861,496
6862,496
6863,496
6864,496
6865,496
6866,496
6867,496
6868,496
6869,496
6870,496
6871,496
6872,496
6873,496
6874,496
6875,496
6876,496
6877,496
6878,496
6879,496
6880,496
6881,496
6882,496
6883,496
6884,496
6885,496
6886,496
6887,496
6888,496
6889,496
6890,496
6891,496
6892,496
6893,496
6894,496
6895,496
6896,496
6897,496
6898,496
6899,496
6900,496
6901,496
6902,496
6903,496
6904,496
6905,496
6906,496
6907,496
6908,496
6909,496
6910,496
6911,496
6912,496
6913,496
6914,496
6915,496
6916,496
6917,496
6918,496
6919,496
6920,496
6921,496
6922,496
6923,496
6924,496
6925,496
6926,496
6927,496
6928,496
6929,496
6930,496
6931,496
6932,496
6933,496
6934,496
6935,496
6936,496
6937,496
6938,496
6939,496
6940,496
6941,496
6942,496
6943,496
6944,496
6945,496
6946,496
6947,496
6948,496
6949,496
6950,496
6951,496
6952,496
6953,496
6954,496
6955,496
6956,496
6957,496
6958,496
6959,496
6960,496
6961,496
6962,496
6963,496
6964,496
6965,496
6966,496
6967,496
6968,496
6969,496
6970,496
6971,496
6972,496
6973,496
6974,496
6975,496
6976,496
6977,496
6978,496
6979,496
6980,496
6981,496
6982,496
6983,496
6984,496
6985,496
6986,496
6987,496
6988,496
6989,496
6990,496
6991,496
6992,496
6993,496
6994,496
6995,496
6996,496
6997,496
6998,496
6999,496
7000,496
7001,496
7002,496
7003,496
7004,496
7005,496
7006,496
7007,496
7008,496
7009,496
7010,496
7011,496
7012,496
7013,496
7014,496
7015,496
7016,496
7017,496
7018,496
7019,496
7020,496
7021,496
7022,496
7023,496
7024,496
7025,496
7026,496
7027,496
7028,496
7029,496
7030,496
7031,496
7032,496
7033,496
7034,496
7035,496
7036,496
7037,496
7038,496
7039,496
7040,496
7041,496
7042,496
7043,496
7044,496
7045,496
7046,496
7047,496
7048,496
7049,497
7050,497
7051,497
7052,497
7053,497
7054,497
7055,497
7056,497
7057,497
7058,497
7059,497
7060,497
7061,497
7062,497
7063,497
7064,497
7065,497
7066,497
7067,497
7068,497
7069,497
7070,497
7071,497
7072,497
7073,497
7074,497
7075,497
7076,497
7077,497
7078,497
7079,497
7080,497
7081,497
7082,497
7083,497
7084,497
7085,497
7086,497
7087,497
7088,497
7089,497
7090,497
7091,497
7092,497
7093,497
7094,497
7095,497
7096,497
7097,497
7098,497
7099,497
7100,497
7101,497
7102,497
7103,497
7104,497
7105,497
7106,497
7107,497
7108,497
7109,497
7110,497
7111,497
7112,497
7113,497
7114,497
7115,497
7116,497
7117,497
7118,497
7119,497
7120,497
7121,497
7122,497
7123,497
7124,497
7125,497
7126,497
7127,497
7128,497
7129,497
7130,497
7131,497
7132,497
7133,497
7134,497
7135,497
7136,497
7137,497
7138,497
7139,497
7140,497
7141,497
7142,497
7143,497
7144,497
7145,497
7146,497
7147,497
7148,497
7149,497
7150,497
7151,497
7152,497
7153,497
7154,497
7155,497
7156,497
7157,497
7158,497
7159,497
7160,497
7161,497
7162,497
7163,497
7164,497
7165,497
7166,497
7167,497
7168,497
7169,497
7170,497
7171,497
7172,497
7173,497
7174,497
7175,497
7176,497
7177,497
7178,497
7179,497
7180,497
7181,497
7182,497
7183,497
7184,497
7185,497
7186,497
7187,497
7188,497
7189,497
7190,497
7191,497
7192,497
7193,497
7194,497
7195,497
7196,497
7197,497
7198,497
7199,497
7200,497
7201,497
7202,497
7203,497
7204,497
7205,497
7206,497
7207,497
7208,497
7209,497
7210,497
7211,497
7212,497
7213,497
7214,497
7215,497
7216,497
7217,497
7218,497
7219,497
7220,497
7221,497
7222,497
7223,497
7224,497
7225,497
7226,497
7227,497
7228,497
7229,497
7230,497
7231,497
7232,497
7233,497
7234,497
7235,497
7236,497
7237,497
7238,497
7239,497
7240,497
7241,497
7242,497
7243,497
7244,497
7245,497
7246,497
7247,497
7248,497
7249,497
7250,497
7251,497
7252,497
7253,497
7254,497
7255,497
7256,497
7257,497
7258,497
7259,497
7260,497
7261,497
7262,497
7263,497
7264,497
7265,497
7266,497
7267,497
7268,497
7269,497
7270,497
7271,497
7272,497
7273,497
7274,497
7275,497
7276,497
7277,497
7278,497
7279,497
7280,497
7281,497
7282,497
7283,497
7284,497
7285,497
7286,497
7287,497
7288,497
7289,497
7290,497
7291,497
7292,497
7293,497
7294,497
7295,497
7296,497
7297,497
7298,497
7299,497
7300,497
7301,497
7302,497
7303,497
7304,497
7305,497
7306,497
7307,497
7308,497
7309,497
7310,497
7311,497
7312,497
7313,497
7314,497
7315,497
7316,497
7317,497
7318,497
7319,497
7320,497
7321,497
7322,497
7323,497
7324,497
7325,497
7326,497
7327,497
7328,497
7329,497
7330,497
7331,497
7332,497
7333,497
7334,497
7335,497
7336,497
7337,497
7338,497
7339,497
7340,497
7341,497
7342,497
7343,497
7344,497
7345,497
7346,497
7347,497
7348,497
7349,497
7350,497
7351,497
7352,497
7353,497
7354,497
7355,497
7356,497
7357,497
7358,497
7359,497
7360,497
7361,497
7362,497
7363,497
7364,497
7365,497
7366,497
7367,497
7368,497
7369,497
7370,497
7371,497
7372,497
7373,497
7374,497
7375,497
7376,497
7377,497
7378,497
7379,497
7380,497
7381,497
7382,497
7383,497
7384,497
7385,497
7386,497
7387,497
7388,497
7389,497
7390,497
7391,497
7392,497
7393,497
7394,497
7395,497
7396,497
7397,497
7398,497
7399,497
7400,497
7401,497
7402,497
7403,497
7404,497
7405,497
7406,497
7407,497
7408,497
7409,497
7410,497
7411,497
7412,497
7413,497
7414,497
7415,497
7416,497
7417,497
7418,497
7419,497
7420,497
7421,497
7422,497
7423,497
7424,497
7425,497
7426,497
7427,497
7428,497
7429,497
7430,497
7431,497
7432,497
7433,497
7434,497
7435,497
7436,497
7437,497
7438,497
7439,497
7440,497
7441,497
7442,497
7443,497
7444,497
7445,497
7446,497
7447,497
7448,497
7449,497
7450,497
7451,497
7452,497
7453,497
7454,497
7455,497
7456,497
7457,497
7458,497
7459,497
7460,497
7461,497
7462,497
7463,497
7464,497
7465,497
7466,497
7467,497
7468,497
7469,497
7470,497
7471,497
7472,497
7473,497
7474,497
7475,497
7476,497
7477,497
7478,497
7479,497
7480,497
7481,497
7482,497
7483,497
7484,497
7485,497
7486,497
7487,497
7488,497
7489,497
7490,497
7491,497
7492,497
7493,497
7494,497
7495,497
7496,497
7497,497
7498,497
7499,497
7500,497
7501,497
7502,497
7503,497
7504,497
7505,497
7506,497
7507,497
7508,497
7509,497
7510,497
7511,497
7512,497
7513,497
7514,497
7515,497
7516,497
7517,497
7518,497
7519,497
7520,497
7521,497
7522,497
7523,497
7524,497
7525,497
7526,497
7527,497
7528,497
7529,497
7530,497
7531,497
7532,497
7533,497
7534,497
7535,497
7536,497
7537,497
7538,497
7539,497
7540,497
7541,497
7542,497
7543,497
7544,497
7545,497
7546,497
7547,497
7548,497
7549,497
7550,497
7551,497
7552,497
7553,497
7554,497
7555,497
7556,497
7557,497
7558,497
7559,497
7560,497
7561,497
7562,497
7563,497
7564,497
7565,497
7566,497
7567,497
7568,497
7569,497
7570,497
7571,497
7572,497
7573,497
7574,497
7575,497
7576,497
7577,497
7578,497
7579,497
7580,497
7581,497
7582,497
7583,497
7584,497
7585,497
7586,497
7587,497
7588,497
7589,497
7590,497
7591,497
7592,497
7593,497
7594,497
7595,497
7596,497
7597,497
7598,497
7599,497
7600,497
7601,497
7602,497
7603,497
7604,497
7605,497
7606,497
7607,497
7608,497
7609,497
7610,497
7611,497
7612,497
7613,497
7614,497
7615,497
7616,497
7617,497
7618,497
7619,497
7620,497
7621,497
7622,497
7623,497
7624,497
7625,497
7626,497
7627,497
7628,497
7629,497
7630,497
7631,497
7632,497
7633,497
7634,497
7635,497
7636,497
7637,497
7638,497
7639,497
7640,497
7641,497
7642,497
7643,497
7644,497
7645,497
7646,497
7647,497
7648,497
7649,497
7650,497
7651,497
7652,497
7653,497
7654,497
7655,497
7656,497
7657,497
7658,497
7659,497
7660,497
7661,497
7662,497
7663,497
7664,497
7665,497
7666,497
7667,497
7668,497
7669,497
7670,497
7671,497
7672,497
7673,497
7674,497
7675,497
7676,497
7677,497
7678,497
7679,497
7680,497
7681,497
7682,497
7683,497
7684,497
7685,497
7686,497
7687,497
7688,497
7689,497
7690,497
7691,497
7692,497
7693,497
7694,497
7695,497
7696,497
7697,497
7698,497
7699,497
7700,497
7701,497
7702,497
7703,497
7704,497
7705,497
7706,497
7707,497
7708,497
7709,497
7710,497
7711,497
7712,497
7713,497
7714,497
7715,497
7716,497
7717,497
7718,497
7719,497
7720,497
7721,497
7722,497
7723,497
7724,497
7725,497
7726,497
7727,497
7728,497
7729,497
7730,497
7731,497
7732,497
7733,497
7734,497
7735,497
7736,497
7737,497
7738,497
7739,497
7740,497
7741,497
7742,497
7743,497
7744,497
7745,497
7746,497
7747,497
7748,497
7749,497
7750,497
7751,497
7752,497
7753,497
7754,497
7755,497
7756,497
7757,497
7758,497
7759,497
7760,497
7761,497
7762,497
7763,497
7764,497
7765,497
7766,497
7767,497
7768,497
7769,497
7770,497
7771,497
7772,497
7773,497
7774,497
7775,497
7776,497
7777,497
7778,497
7779,497
7780,497
7781,497
7782,497
7783,497
7784,497
7785,497
7786,497
7787,497
7788,497
7789,497
7790,497
7791,497
7792,497
7793,497
7794,497
7795,497
7796,497
7797,497
7798,497
7799,497
7800,497
7801,497
7802,497
7803,497
7804,497
7805,497
7806,497
7807,497
7808,497
7809,497
7810,497
7811,497
7812,497
7813,497
7814,497
7815,497
7816,497
7817,497
7818,497
7819,497
7820,497
7821,497
7822,497
7823,497
7824,497
7825,497
7826,497
7827,497
7828,497
7829,497
7830,497
7831,497
7832,497
7833,497
7834,497
7835,497
7836,497
7837,497
7838,497
7839,497
7840,497
7841,497
7842,497
7843,497
7844,497
7845,497
7846,497
7847,497
7848,497
7849,497
7850,497
7851,497
7852,497
7853,497
7854,497
7855,497
7856,497
7857,497
7858,497
7859,497
7860,497
7861,497
7862,497
7863,497
7864,497
7865,497
7866,497
7867,497
7868,497
7869,497
7870,497
7871,497
7872,497
7873,497
7874,497
7875,497
7876,497
7877,497
7878,497
7879,497
7880,497
7881,497
7882,497
7883,497
7884,497
7885,497
7886,497
7887,497
7888,497
7889,497
7890,497
7891,497
7892,497
7893,497
7894,497
7895,497
7896,497
7897,497
7898,497
7899,497
7900,497
7901,497
7902,497
7903,497
7904,497
7905,497
7906,497
7907,497
7908,497
7909,497
7910,497
7911,497
7912,497
7913,497
7914,497
7915,497
7916,497
7917,497
7918,497
7919,497
7920,497
7921,497
7922,497
7923,497
7924,497
7925,497
7926,497
7927,497
7928,497
7929,497
7930,497
7931,497
7932,497
7933,497
7934,497
7935,497
7936,497
7937,497
7938,497
7939,497
7940,497
7941,497
7942,497
7943,497
7944,497
7945,497
7946,497
7947,497
7948,497
7949,497
7950,497
7951,497
7952,497
7953,497
7954,497
7955,497
7956,497
7957,497
7958,497
7959,497
7960,497
7961,497
7962,497
7963,497
7964,497
7965,497
7966,497
7967,497
7968,497
7969,497
7970,497
7971,497
7972,497
7973,497
7974,497
7975,497
7976,497
7977,497
7978,497
7979,497
7980,497
7981,497
7982,497
7983,497
7984,497
7985,497
7986,497
7987,497
7988,497
7989,497
7990,497
7991,497
7992,497
7993,497
7994,497
7995,497
7996,497
7997,497
7998,497
7999,497
8000,497
8001,497
8002,497
8003,497
8004,497
8005,497
8006,497
8007,497
8008,497
8009,497
8010,497
8011,497
8012,497
8013,497
8014,497
8015,497
8016,497
8017,497
8018,497
8019,497
8020,497
8021,497
8022,497
8023,497
8024,497
8025,497
8026,497
8027,497
8028,497
8029,497
8030,497
8031,497
8032,497
8033,497
8034,497
8035,497
8036,497
8037,497
8038,497
8039,497
8040,497
8041,497
8042,497
8043,497
8044,497
8045,497
8046,497
8047,497
8048,497
8049,497
8050,497
8051,497
8052,497
8053,497
8054,497
8055,497
8056,497
8057,497
8058,497
8059,497
8060,497
8061,497
8062,497
8063,497
8064,497
8065,497
8066,497
8067,497
8068,497
8069,497
8070,497
8071,497
8072,497
8073,497
8074,497
8075,497
8076,497
8077,497
8078,497
8079,497
8080,497
8081,497
8082,497
8083,497
8084,497
8085,497
8086,497
8087,497
8088,497
8089,497
8090,497
8091,497
8092,497
8093,497
8094,497
8095,497
8096,497
8097,497
8098,497
8099,497
8100,497
8101,497
8102,497
8103,497
8104,497
8105,497
8106,497
8107,497
8108,497
8109,497
8110,497
8111,497
8112,497
8113,497
8114,497
8115,497
8116,497
8117,497
8118,497
8119,497
8120,497
8121,497
8122,497
8123,497
8124,497
8125,497
8126,497
8127,497
8128,497
8129,497
8130,497
8131,497
8132,497
8133,497
8134,497
8135,497
8136,497
8137,497
8138,497
8139,497
8140,497
8141,497
8142,497
8143,497
8144,497
8145,497
8146,497
8147,497
8148,497
8149,497
8150,497
8151,497
8152,497
8153,497
8154,497
8155,497
8156,497
8157,497
8158,497
8159,497
8160,497
8161,497
8162,497
8163,497
8164,497
8165,497
8166,497
8167,497
8168,497
8169,497
8170,497
8171,497
8172,497
8173,497
8174,497
8175,497
8176,497
8177,497
8178,497
8179,497
8180,497
8181,497
8182,497
8183,497
8184,497
8185,497
8186,497
8187,497
8188,497
8189,497
8190,497
8191,497
8192,497
8193,497
8194,497
8195,497
8196,497
8197,497
8198,497
8199,497
8200,497
8201,497
8202,497
8203,497
8204,497
8205,497
8206,497
8207,497
8208,497
8209,497
8210,497
8211,497
8212,497
8213,497
8214,497
8215,497
8216,497
8217,497
8218,497
8219,497
8220,497
8221,497
8222,497
8223,497
8224,497
8225,497
8226,497
8227,497
8228,497
8229,497
8230,497
8231,497
8232,497
8233,497
8234,497
8235,497
8236,497
8237,497
8238,497
8239,497
8240,497
8241,497
8242,497
8243,497
8244,497
8245,497
8246,497
8247,497
8248,497
8249,497
8250,497
8251,497
8252,497
8253,497
8254,497
8255,497
8256,497
8257,497
8258,497
8259,497
8260,497
8261,497
8262,497
8263,497
8264,497
8265,497
8266,497
8267,497
8268,497
8269,497
8270,497
8271,497
8272,497
8273,497
8274,497
8275,497
8276,497
8277,497
8278,497
8279,497
8280,497
8281,497
8282,497
8283,498
8284,498
8285,499
8286,499
8287,499
8288,499
8289,499
8290,499
8291,499
8292,499
8293,499
8294,499
8295,499
8296,499
8297,499
8298,499
8299,499
8300,499
8301,499
8302,499
8303,499
8304,499
8305,499
8306,499
8307,499
8308,499
8309,499
8310,499
8311,499
8312,499
8313,499
8314,499
8315,499
8316,499
8317,499
8318,499
8319,499
8320,499
8321,499
8322,499
8323,499
8324,499
8325,499
8326,499
8327,499
8328,499
8329,499
8330,499
8331,499
8332,499
8333,499
8334,499
8335,499
8336,499
8337,499
8338,499
8339,499
8340,499
8341,499
8342,499
8343,499
8344,499
8345,499
8346,499
8347,499
8348,499
8349,499
8350,499
8351,499
8352,499
8353,499
8354,499
8355,499
8356,499
8357,499
8358,499
8359,499
8360,499
8361,499
8362,499
8363,499
8364,499
8365,499
8366,499
8367,499
8368,499
8369,499
8370,499
8371,499
8372,499
8373,499
8374,499
8375,499
8376,499
8377,499
8378,499
8379,499
8380,499
8381,499
8382,499
8383,499
8384,499
8385,499
8386,499
8387,499
8388,499
8389,499
8390,499
8391,499
8392,499
8393,499
8394,499
8395,499
8396,499
8397,499
8398,499
8399,499
8400,499
8401,499
8402,499
8403,499
8404,499
8405,499
8406,499
8407,499
8408,499
8409,499
8410,499
8411,499
8412,499
8413,499
8414,499
8415,499
8416,499
8417,499
8418,499
8419,499
8420,499
8421,499
8422,499
8423,499
8424,499
8425,499
8426,499
8427,499
8428,499
8429,499
8430,499
8431,499
8432,499
8433,499
8434,499
8435,499
8436,499
8437,499
8438,499
8439,499
8440,499
8441,499
8442,499
8443,499
8444,499
8445,499
8446,499
8447,499
8448,499
8449,499
8450,499
8451,499
8452,499
8453,499
8454,499
8455,499
8456,499
8457,499
8458,499
8459,499
8460,499
8461,499
8462,499
8463,499
8464,499
8465,499
8466,499
8467,499
8468,499
8469,499
8470,499
8471,499
8472,499
8473,499
8474,499
8475,499
8476,499
8477,499
8478,499
8479,499
8480,499
8481,499
8482,499
8483,499
8484,499
8485,499
8486,499
8487,499
8488,499
8489,499
8490,499
8491,499
8492,499
8493,499
8494,499
8495,499
8496,499
8497,499
8498,499
8499,499
8500,499
8501,499
8502,499
8503,499
8504,499
8505,499
8506,499
8507,499
8508,499
8509,499
8510,499
8511,499
8512,499
8513,499
8514,499
8515,499
8516,499
8517,499
8518,499
8519,499
8520,499
8521,499
8522,499
8523,499
8524,499
8525,499
8526,499
8527,499
8528,499
8529,499
8530,499
8531,499
8532,499
8533,499
8534,499
8535,499
8536,499
8537,499
8538,499
8539,499
8540,499
8541,499
8542,499
8543,499
8544,499
8545,499
8546,499
8547,499
8548,499
8549,499
8550,499
8551,499
8552,499
8553,499
8554,499
8555,499
8556,499
8557,499
8558,499
8559,499
8560,499
8561,499
8562,499
8563,499
8564,499
8565,499
8566,499
8567,499
8568,499
8569,499
8570,499
8571,499
8572,499
8573,499
8574,499
8575,499
8576,499
8577,499
8578,499
8579,499
8580,499
8581,499
8582,499
8583,499
8584,499
8585,499
8586,499
8587,499
8588,499
8589,499
8590,499
8591,499
8592,499
8593,499
8594,499
8595,499
8596,499
8597,499
8598,499
8599,499
8600,499
8601,499
8602,499
8603,499
8604,499
8605,499
8606,499
8607,499
8608,499
8609,499
8610,499
8611,499
8612,499
8613,499
8614,499
8615,499
8616,499
8617,499
8618,499
8619,499
8620,499
8621,499
8622,499
8623,499
8624,499
8625,499
8626,499
8627,499
8628,499
8629,499
8630,499
8631,499
8632,499
8633,499
8634,499
8635,499
8636,499
8637,499
8638,499
8639,499
8640,499
8641,499
8642,499
8643,499
8644,499
8645,499
8646,499
8647,499
8648,499
8649,499
8650,499
8651,499
8652,499
8653,499
8654,499
8655,499
8656,499
8657,499
8658,499
8659,499
8660,499
8661,499
8662,499
8663,499
8664,499
8665,499
8666,499
8667,499
8668,499
8669,499
8670,499
8671,499
8672,499
8673,499
8674,499
8675,499
8676,499
8677,499
8678,499
8679,499
8680,499
8681,499
8682,499
8683,499
8684,499
8685,499
8686,499
8687,499
8688,499
8689,499
8690,499
8691,499
8692,499
8693,499
8694,499
8695,499
8696,499
8697,499
8698,499
8699,499
8700,499
8701,499
8702,499
8703,499
8704,499
8705,499
8706,499
8707,499
8708,499
8709,499
8710,499
8711,499
8712,499
8713,499
8714,499
8715,499
8716,499
8717,499
8718,499
8719,499
8720,499
8721,499
8722,499
8723,499
8724,499
8725,499
8726,499
8727,499
8728,499
8729,499
8730,499
8731,499
8732,499
8733,499
8734,499
8735,499
8736,499
8737,499
8738,499
8739,499
8740,499
8741,499
8742,499
8743,499
8744,499
8745,499
8746,499
8747,499
8748,499
8749,499
8750,499
8751,499
8752,499
8753,499
8754,499
8755,499
8756,499
8757,499
8758,499
8759,499
8760,499
8761,499
8762,499
8763,499
8764,499
8765,499
8766,499
8767,499
8768,499
8769,499
8770,499
8771,499
8772,499
8773,499
8774,499
8775,499
8776,499
8777,499
8778,499
8779,499
8780,499
8781,499
8782,499
8783,499
8784,499
8785,499
8786,499
8787,499
8788,499
8789,499
8790,499
8791,499
8792,499
8793,499
8794,499
8795,499
8796,499
8797,499
8798,499
8799,499
8800,499
8801,499
8802,499
8803,499
8804,499
8805,499
8806,499
8807,499
8808,499
8809,499
8810,499
8811,499
8812,499
8813,499
8814,499
8815,499
8816,499
8817,499
8818,499
8819,499
8820,499
8821,499
8822,499
8823,499
8824,499
8825,499
8826,499
8827,499
8828,499
8829,499
8830,499
8831,499
8832,499
8833,499
8834,499
8835,499
8836,499
8837,499
8838,499
8839,499
8840,499
8841,499
8842,499
8843,499
8844,499
8845,499
8846,499
8847,499
8848,499
8849,499
8850,499
8851,499
8852,499
8853,499
8854,499
8855,499
8856,499
8857,499
8858,499
8859,499
8860,499
8861,499
8862,499
8863,499
8864,499
8865,499
8866,499
8867,499
8868,499
8869,499
8870,499
8871,499
8872,499
8873,499
8874,499
8875,499
8876,499
8877,499
8878,499
8879,499
8880,499
8881,499
8882,499
8883,499
8884,499
8885,499
8886,499
8887,499
8888,499
8889,499
8890,499
8891,499
8892,499
8893,499
8894,499
8895,499
8896,499
8897,499
8898,499
8899,499
8900,499
8901,499
8902,499
8903,499
8904,499
8905,499
8906,499
8907,499
8908,499
8909,499
8910,499
8911,499
8912,499
8913,499
8914,499
8915,499
8916,499
8917,499
8918,499
8919,499
8920,499
8921,499
8922,499
8923,499
8924,499
8925,499
8926,499
8927,499
8928,499
8929,499
8930,499
8931,499
8932,499
8933,499
8934,499
8935,499
8936,499
8937,499
8938,499
8939,499
8940,499
8941,499
8942,499
8943,499
8944,499
8945,499
8946,499
8947,499
8948,499
8949,499
8950,499
8951,499
8952,499
8953,499
8954,499
8955,499
8956,499
8957,499
8958,499
8959,499
8960,499
8961,499
8962,499
8963,499
8964,499
8965,499
8966,499
8967,499
8968,499
8969,499
8970,499
8971,499
8972,499
8973,499
8974,499
8975,499
8976,499
8977,499
8978,499
8979,499
8980,499
8981,499
8982,499
8983,499
8984,499
8985,499
8986,499
8987,499
8988,499
8989,499
8990,499
8991,499
8992,499
8993,499
8994,499
8995,499
8996,499
8997,499
8998,499
8999,499
9000,499
9001,499
9002,499
9003,499
9004,499
9005,499
9006,499
9007,499
9008,499
9009,499
9010,499
9011,499
9012,499
9013,499
9014,499
9015,499
9016,499
9017,499
9018,499
9019,499
9020,499
9021,499
9022,499
9023,499
9024,499
9025,499
9026,499
9027,499
9028,499
9029,499
9030,499
9031,499
9032,499
9033,499
9034,499
9035,499
9036,499
9037,499
9038,499
9039,499
9040,499
9041,499
9042,499
9043,499
9044,499
9045,499
9046,499
9047,499
9048,499
9049,499
9050,499
9051,499
9052,499
9053,499
9054,499
9055,499
9056,499
9057,499
9058,499
9059,499
9060,499
9061,499
9062,499
9063,499
9064,499
9065,499
9066,499
9067,499
9068,499
9069,499
9070,499
9071,499
9072,499
9073,499
9074,499
9075,499
9076,499
9077,499
9078,499
9079,499
9080,499
9081,499
9082,499
9083,499
9084,499
9085,499
9086,499
9087,499
9088,499
9089,499
9090,499
9091,499
9092,499
9093,499
9094,499
9095,499
9096,499
9097,499
9098,499
9099,499
9100,499
9101,499
9102,499
9103,499
9104,499
9105,499
9106,499
9107,499
9108,499
9109,499
9110,499
9111,499
9112,499
9113,499
9114,499
9115,499
9116,499
9117,499
9118,499
9119,499
9120,499
9121,499
9122,499
9123,499
9124,499
9125,499
9126,499
9127,499
9128,499
9129,499
9130,499
9131,499
9132,499
9133,499
9134,499
9135,499
9136,499
9137,499
9138,499
9139,499
9140,499
9141,499
9142,499
9143,499
9144,499
9145,499
9146,499
9147,499
9148,499
9149,499
9150,499
9151,499
9152,499
9153,499
9154,499
9155,499
9156,499
9157,499
9158,499
9159,499
9160,499
9161,499
9162,499
9163,499
9164,499
9165,499
9166,499
9167,499
9168,499
9169,499
9170,499
9171,499
9172,499
9173,499
9174,499
9175,499
9176,499
9177,499
9178,499
9179,499
9180,499
9181,499
9182,499
9183,499
9184,499
9185,499
9186,499
9187,499
9188,499
9189,499
9190,499
9191,499
9192,499
9193,499
9194,499
9195,499
9196,499
9197,499
9198,499
9199,499
9200,499
9201,499
9202,499
9203,499
9204,499
9205,499
9206,499
9207,499
9208,499
9209,499
9210,499
9211,499
9212,499
9213,499
9214,499
9215,499
9216,499
9217,499
9218,499
9219,499
9220,499
9221,499
9222,499
9223,499
9224,499
9225,499
9226,499
9227,499
9228,499
9229,499
9230,499
9231,499
9232,499
9233,499
9234,499
9235,499
9236,499
9237,499
9238,499
9239,499
9240,499
9241,499
9242,499
9243,499
9244,499
9245,499
9246,499
9247,499
9248,499
9249,499
9250,499
9251,499
9252,499
9253,499
9254,499
9255,499
9256,499
9257,499
9258,499
9259,499
9260,499
9261,499
9262,499
9263,499
9264,499
9265,499
9266,499
9267,499
9268,499
9269,499
9270,499
9271,499
9272,499
9273,499
9274,499
9275,499
9276,499
9277,499
9278,499
9279,499
9280,499
9281,499
9282,499
9283,499
9284,499
9285,499
9286,499
9287,499
9288,499
9289,499
9290,499
9291,499
9292,499
9293,499
9294,499
9295,499
9296,499
9297,499
9298,499
9299,499
9300,499
9301,499
9302,499
9303,499
9304,499
9305,499
9306,499
9307,499
9308,499
9309,499
9310,499
9311,499
9312,499
9313,499
9314,499
9315,499
9316,499
9317,499
9318,499
9319,499
9320,499
9321,499
9322,499
9323,499
9324,499
9325,499
9326,499
9327,499
9328,499
9329,499
9330,499
9331,499
9332,499
9333,499
9334,499
9335,499
9336,499
9337,499
9338,499
9339,499
9340,499
9341,499
9342,499
9343,499
9344,499
9345,499
9346,499
9347,499
9348,499
9349,499
9350,499
9351,499
9352,499
9353,499
9354,499
9355,499
9356,499
9357,499
9358,499
9359,499
9360,499
9361,499
9362,499
9363,499
9364,499
9365,499
9366,499
9367,499
9368,499
9369,499
9370,499
9371,499
9372,499
9373,499
9374,499
9375,499
9376,499
9377,500
