0,0
1,1
2,2
3,3
4,4
5,5
6,5
7,6
8,7
9,8
10,9
11,10
12,10
13,11
14,11
15,12
16,12
17,13
18,14
19,14
20,15
21,16
22,17
23,18
24,19
25,20
26,21
27,22
28,23
29,24
30,25
31,26
32,26
33,27
34,28
35,29
36,30
37,31
38,32
39,33
40,34
41,35
42,36
43,36
44,36
45,37
46,37
47,37
48,37
49,37
50,38
51,39
52,39
53,40
54,41
55,41
56,42
57,42
58,42
59,43
60,43
61,43
62,44
63,44
64,44
65,44
66,45
67,45
68,46
69,47
70,47
71,47
72,48
73,48
74,49
75,49
76,50
77,51
78,51
79,51
80,52
81,52
82,53
83,54
84,55
85,56
86,57
87,57
88,58
89,59
90,60
91,60
92,61
93,62
94,63
95,64
96,65
97,65
98,65
99,66
100,67
101,68
102,68
103,69
104,69
105,70
106,71
107,71
108,71
109,71
110,72
111,73
112,74
113,74
114,74
115,74
116,75
117,75
118,75
119,75
120,75
121,76
122,76
123,76
124,76
125,76
126,76
127,76
128,76
129,76
130,76
131,77
132,78
133,79
134,80
135,81
136,82
137,83
138,84
139,85
140,85
141,86
142,87
143,88
144,88
145,89
146,90
147,91
148,92
149,93
150,94
151,95
152,96
153,97
154,98
155,99
156,100
157,101
158,102
159,102
160,103
161,104
162,105
163,106
164,107
165,108
166,109
167,110
168,110
169,111
170,112
171,113
172,114
173,115
174,116
175,117
176,118
177,118
178,119
179,119
180,119
181,120
182,121
183,121
184,122
185,123
186,124
187,125
188,126
189,127
190,128
191,129
192,130
193,131
194,132
195,133
196,134
197,134
198,135
199,135
200,135
201,136
202,137
203,138
204,138
205,139
206,140
207,140
208,141
209,141
210,141
211,142
212,142
213,142
214,142
215,143
216,144
217,144
218,145
219,145
220,145
221,145
222,145
223,145
224,145
225,145
226,146
227,147
228,148
229,149
230,150
231,150
232,150
233,151
234,151
235,151
236,151
237,152
238,152
239,152
240,152
241,152
242,153
243,153
244,153
245,154
246,154
247,155
248,156
249,156
250,157
251,157
252,158
253,158
254,158
255,159
256,159
257,160
258,161
259,161
260,161
261,162
262,162
263,163
264,163
265,163
266,163
267,163
268,163
269,164
270,165
271,165
272,165
273,165
274,165
275,166
276,166
277,167
278,167
279,167
280,168
281,168
282,169
283,169
284,170
285,171
286,172
287,173
288,173
289,174
290,175
291,176
292,176
293,177
294,178
295,179
296,180
297,180
298,180
299,180
300,180
301,181
302,182
303,182
304,183
305,183
306,183
307,184
308,184
309,185
310,186
311,187
312,187
313,188
314,188
315,189
316,189
317,190
318,191
319,192
320,193
321,194
322,195
323,195
324,196
325,197
326,198
327,199
328,199
329,200
330,200
331,201
332,202
333,202
334,203
335,204
336,204
337,205
338,205
339,206
340,207
341,208
342,208
343,209
344,209
345,210
346,210
347,210
348,211
349,212
350,213
351,214
352,214
353,215
354,215
355,216
356,216
357,217
358,218
359,219
360,219
361,219
362,219
363,219
364,219
365,219
366,220
367,221
368,222
369,223
370,223
371,223
372,223
373,223
374,224
375,225
376,226
377,227
378,227
379,228
380,228
381,228
382,229
383,229
384,229
385,229
386,229
387,229
388,229
389,229
390,230
391,231
392,232
393,232
394,232
395,232
396,233
397,234
398,235
399,236
400,236
401,236
402,237
403,237
404,237
405,237
406,237
407,237
408,237
409,238
410,239
411,240
412,241
413,241
414,242
415,243
416,243
417,243
418,243
419,244
420,245
421,245
422,245
423,246
424,247
425,247
426,247
427,247
428,247
429,247
430,247
431,247
432,247
433,247
434,247
435,247
436,247
437,248
438,248
439,248
440,248
441,248
442,248
443,248
444,248
445,249
446,250
447,251
448,251
449,251
450,252
451,253
452,253
453,253
454,253
455,254
456,255
457,256
458,257
459,257
460,258
461,259
462,260
463,261
464,261
465,261
466,262
467,263
468,264
469,265
470,265
471,265
472,266
473,266
474,267
475,268
476,268
477,268
478,268
479,269
480,270
481,270
482,271
483,272
484,273
485,274
486,275
487,276
488,276
489,276
490,276
491,276
492,277
493,277
494,277
495,277
496,277
497,278
498,278
499,278
500,278
501,279
502,279
503,279
504,279
505,279
506,279
507,279
508,280
509,281
510,282
511,283
512,283
513,284
514,284
515,284
516,285
517,286
518,286
519,287
520,287
521,287
522,288
523,288
524,288
525,289
526,289
527,289
528,289
529,289
530,289
531,290
532,290
533,290
534,290
535,290
536,290
537,290
538,291
539,291
540,291
541,292
542,293
543,293
544,293
545,293
546,293
547,293
548,294
549,295
550,295
551,296
552,297
553,297
554,297
555,297
556,297
557,297
558,297
559,297
560,297
561,297
562,297
563,298
564,298
565,298
566,299
567,299
568,299
569,299
570,299
571,299
572,300
573,300
574,300
575,300
576,300
577,300
578,300
579,301
580,302
581,302
582,303
583,303
584,303
585,303
586,304
587,304
588,305
589,305
590,305
591,305
592,305
593,305
594,305
595,305
596,305
597,305
598,305
599,305
600,305
601,305
602,305
603,305
604,306
605,306
606,307
607,307
608,307
609,307
610,307
611,307
612,307
613,308
614,308
615,308
616,308
617,308
618,308
619,308
620,308
621,308
622,309
623,309
624,309
625,309
626,309
627,309
628,309
629,309
630,309
631,309
632,310
633,310
634,310
635,310
636,310
637,311
638,312
639,313
640,313
641,314
642,314
643,314
644,315
645,315
646,316
647,316
648,317
649,318
650,318
651,318
652,319
653,320
654,320
655,320
656,320
657,320
658,320
659,320
660,320
661,321
662,321
663,321
664,322
665,322
666,322
667,322
668,322
669,322
670,322
671,322
672,322
673,322
674,322
675,322
676,323
677,323
678,323
679,323
680,324
681,324
682,324
683,324
684,324
685,324
686,324
687,325
688,325
689,325
690,325
691,326
692,326
693,326
694,326
695,326
696,326
697,326
698,326
699,326
700,327
701,327
702,327
703,327
704,327
705,327
706,327
707,327
708,328
709,328
710,328
711,328
712,328
713,328
714,328
715,328
716,328
717,328
718,328
719,328
720,328
721,328
722,328
723,328
724,328
725,328
726,328
727,328
728,328
729,328
730,328
731,328
732,328
733,328
734,328
735,328
736,328
737,328
738,328
739,328
740,328
741,328
742,328
743,328
744,328
745,328
746,328
747,328
748,328
749,328
750,328
751,328
752,328
753,328
754,328
755,328
756,328
757,328
758,328
759,328
760,328
761,328
762,328
763,328
764,328
765,328
766,328
767,328
768,328
769,329
770,329
771,329
772,329
773,330
774,330
775,330
776,330
777,330
778,330
779,330
780,330
781,330
782,330
783,331
784,331
785,331
786,331
787,331
788,331
789,331
790,332
791,333
792,334
793,335
794,336
795,336
796,337
797,338
798,338
799,338
800,339
801,339
802,339
803,339
804,339
805,340
806,340
807,341
808,341
809,341
810,341
811,341
812,342
813,342
814,343
815,343
816,343
817,344
818,344
819,344
820,344
821,344
822,344
823,344
824,344
825,344
826,344
827,344
828,344
829,344
830,344
831,344
832,344
833,344
834,344
835,344
836,344
837,344
838,344
839,344
840,345
841,346
842,347
843,347
844,348
845,348
846,348
847,348
848,348
849,348
850,348
851,348
852,348
853,348
854,348
855,349
856,349
857,349
858,349
859,349
860,349
861,349
862,349
863,350
864,350
865,350
866,350
867,350
868,351
869,351
870,351
871,351
872,351
873,351
874,351
875,351
876,351
877,351
878,351
879,351
880,351
881,351
882,351
883,351
884,351
885,351
886,351
887,351
888,351
889,351
890,351
891,351
892,351
893,351
894,352
895,352
896,352
897,352
898,352
899,352
900,353
901,353
902,353
903,353
904,354
905,354
906,355
907,355
908,355
909,355
910,355
911,355
912,355
913,355
914,355
915,356
916,357
917,357
918,357
919,357
920,357
921,357
922,358
923,358
924,359
925,360
926,360
927,360
928,361
929,361
930,361
931,362
932,362
933,362
934,363
935,364
936,364
937,364
938,364
939,364
940,364
941,365
942,365
943,365
944,365
945,366
946,366
947,366
948,366
949,366
950,366
951,366
952,366
953,366
954,366
955,366
956,366
957,366
958,366
959,366
960,366
961,366
962,366
963,367
964,367
965,367
966,367
967,367
968,367
969,367
970,367
971,367
972,367
973,368
974,368
975,368
976,368
977,368
978,368
979,368
980,369
981,369
982,369
983,369
984,370
985,370
986,370
987,370
988,371
989,371
990,371
991,371
992,371
993,371
994,371
995,371
996,371
997,371
998,371
999,371
1000,371
1001,371
1002,371
1003,371
1004,371
1005,371
1006,371
1007,371
1008,371
1009,371
1010,371
1011,371
1012,372
1013,372
1014,372
1015,373
1016,373
1017,373
1018,373
1019,373
1020,373
1021,373
1022,373
1023,373
1024,373
1025,374
1026,374
1027,374
1028,374
1029,374
1030,374
1031,375
1032,375
1033,375
1034,375
1035,375
1036,375
1037,375
1038,375
1039,376
1040,376
1041,376
1042,376
1043,376
1044,376
1045,377
1046,377
1047,378
1048,378
1049,378
1050,378
1051,378
1052,378
1053,378
1054,379
1055,380
1056,380
1057,380
1058,380
1059,381
1060,382
1061,382
1062,382
1063,382
1064,382
1065,382
1066,382
1067,382
1068,382
1069,382
1070,382
1071,382
1072,382
1073,382
1074,383
1075,383
1076,383
1077,383
1078,383
1079,383
1080,383
1081,383
1082,383
1083,383
1084,383
1085,383
1086,383
1087,383
1088,383
1089,383
1090,383
1091,383
1092,384
1093,384
1094,384
1095,384
1096,384
1097,384
1098,384
1099,384
1100,384
1101,384
1102,384
1103,384
1104,385
1105,385
1106,385
1107,385
1108,385
1109,385
1110,385
1111,385
1112,385
1113,385
1114,385
1115,385
1116,385
1117,385
1118,385
1119,385
1120,385
1121,385
1122,385
1123,385
1124,385
1125,385
1126,385
1127,385
1128,385
1129,385
1130,385
1131,385
1132,385
1133,385
1134,385
1135,385
1136,385
1137,385
1138,386
1139,386
1140,386
1141,386
1142,386
1143,386
1144,386
1145,386
1146,386
1147,386
1148,386
1149,386
1150,386
1151,386
1152,386
1153,386
1154,386
1155,386
1156,386
1157,386
1158,386
1159,386
1160,386
1161,386
1162,386
1163,386
1164,386
1165,386
1166,386
1167,386
1168,386
1169,386
1170,386
1171,386
1172,386
1173,386
1174,386
1175,386
1176,386
1177,386
1178,386
1179,386
1180,386
1181,386
1182,386
1183,386
1184,386
1185,386
1186,386
1187,386
1188,386
1189,386
1190,386
1191,387
1192,387
1193,387
1194,387
1195,387
1196,387
1197,387
1198,387
1199,387
1200,387
1201,387
1202,387
1203,387
1204,387
1205,387
1206,387
1207,387
1208,387
1209,387
1210,387
1211,387
1212,387
1213,387
1214,387
1215,387
1216,387
1217,387
1218,387
1219,387
1220,387
1221,387
1222,387
1223,387
1224,387
1225,387
1226,387
1227,387
1228,387
1229,387
1230,387
1231,387
1232,387
1233,387
1234,387
1235,387
1236,387
1237,387
1238,387
1239,387
1240,387
1241,388
1242,389
1243,389
1244,389
1245,389
1246,389
1247,389
1248,389
1249,389
1250,389
1251,390
1252,390
1253,391
1254,391
1255,391
1256,391
1257,391
1258,391
1259,391
1260,392
1261,393
1262,394
1263,394
1264,394
1265,395
1266,396
1267,397
1268,398
1269,398
1270,399
1271,400
1272,401
1273,401
1274,401
1275,402
1276,403
1277,404
1278,405
1279,405
1280,405
1281,406
1282,407
1283,408
1284,408
1285,409
1286,410
1287,410
1288,410
1289,410
1290,410
1291,410
1292,410
1293,410
1294,410
1295,410
1296,410
1297,410
1298,410
1299,410
1300,411
1301,411
1302,411
1303,411
1304,411
1305,411
1306,411
1307,412
1308,412
1309,412
1310,413
1311,413
1312,413
1313,413
1314,413
1315,413
1316,413
1317,413
1318,413
1319,413
1320,413
1321,413
1322,413
1323,413
1324,413
1325,413
1326,413
1327,413
1328,414
1329,414
1330,414
1331,414
1332,414
1333,414
1334,414
1335,414
1336,414
1337,415
1338,415
1339,415
1340,415
1341,415
1342,415
1343,415
1344,415
1345,415
1346,415
1347,415
1348,415
1349,416
1350,416
1351,416
1352,416
1353,417
1354,418
1355,418
1356,419
1357,420
1358,421
1359,421
1360,422
1361,422
1362,422
1363,422
1364,422
1365,422
1366,422
1367,422
1368,422
1369,422
1370,422
1371,422
1372,422
1373,422
1374,422
1375,422
1376,423
1377,423
1378,424
1379,424
1380,424
1381,424
1382,424
1383,424
1384,424
1385,425
1386,425
1387,425
1388,425
1389,425
1390,425
1391,425
1392,425
1393,425
1394,426
1395,426
1396,426
1397,426
1398,426
1399,426
1400,426
1401,426
1402,426
1403,426
1404,427
1405,427
1406,427
1407,427
1408,427
1409,427
1410,427
1411,427
1412,427
1413,427
1414,428
1415,428
1416,428
1417,428
1418,428
1419,428
1420,428
1421,428
1422,428
1423,428
1424,428
1425,428
1426,428
1427,428
1428,428
1429,428
1430,428
1431,428
1432,428
1433,428
1434,428
1435,428
1436,428
1437,428
1438,428
1439,428
1440,428
1441,428
1442,428
1443,428
1444,428
1445,428
1446,428
1447,428
1448,428
1449,428
1450,428
1451,428
1452,428
1453,428
1454,428
1455,429
1456,429
1457,429
1458,429
1459,429
1460,429
1461,429
1462,429
1463,429
1464,429
1465,429
1466,429
1467,429
1468,429
1469,429
1470,429
1471,429
1472,429
1473,429
1474,429
1475,429
1476,429
1477,429
1478,429
1479,430
1480,430
1481,430
1482,431
1483,431
1484,432
1485,432
1486,432
1487,432
1488,432
1489,432
1490,432
1491,432
1492,432
1493,432
1494,432
1495,432
1496,432
1497,432
1498,432
1499,432
1500,432
1501,432
1502,432
1503,432
1504,432
1505,432
1506,432
1507,432
1508,432
1509,432
1510,432
1511,432
1512,432
1513,432
1514,432
1515,433
1516,433
1517,433
1518,433
1519,433
1520,433
1521,433
1522,433
1523,433
1524,433
1525,433
1526,433
1527,434
1528,434
1529,434
1530,434
1531,434
1532,434
1533,435
1534,436
1535,436
1536,436
1537,436
1538,437
1539,438
1540,439
1541,440
1542,441
1543,442
1544,442
1545,443
1546,443
1547,443
1548,443
1549,443
1550,443
1551,443
1552,443
1553,443
1554,443
1555,444
1556,444
1557,444
1558,444
1559,444
1560,444
1561,444
1562,444
1563,444
1564,444
1565,444
1566,444
1567,444
1568,444
1569,444
1570,444
1571,444
1572,444
1573,444
1574,444
1575,444
1576,444
1577,444
1578,444
1579,444
1580,444
1581,444
1582,444
1583,444
1584,444
1585,444
1586,444
1587,444
1588,444
1589,444
1590,444
1591,444
1592,444
1593,444
1594,444
1595,444
1596,444
1597,444
1598,444
1599,445
1600,445
1601,445
1602,445
1603,445
1604,445
1605,445
1606,445
1607,445
1608,445
1609,445
1610,446
1611,446
1612,447
1613,447
1614,447
1615,447
1616,447
1617,447
1618,447
1619,447
1620,447
1621,447
1622,447
1623,447
1624,447
1625,447
1626,447
1627,447
1628,447
1629,447
1630,447
1631,447
1632,447
1633,447
1634,447
1635,447
1636,447
1637,447
1638,447
1639,447
1640,447
1641,447
1642,447
1643,447
1644,447
1645,447
1646,447
1647,447
1648,447
1649,447
1650,447
1651,447
1652,447
1653,447
1654,447
1655,447
1656,447
1657,447
1658,447
1659,448
1660,448
1661,448
1662,448
1663,448
1664,448
1665,448
1666,448
1667,448
1668,448
1669,448
1670,448
1671,448
1672,448
1673,448
1674,448
1675,448
1676,448
1677,448
1678,448
1679,448
1680,448
1681,449
1682,449
1683,449
1684,449
1685,449
1686,449
1687,449
1688,449
1689,449
1690,449
1691,449
1692,449
1693,449
1694,449
1695,449
1696,449
1697,449
1698,449
1699,449
1700,449
1701,449
1702,449
1703,449
1704,449
1705,449
1706,449
1707,449
1708,450
1709,450
1710,450
1711,450
1712,450
1713,450
1714,450
1715,450
1716,450
1717,450
1718,450
1719,450
1720,450
1721,450
1722,450
1723,450
1724,450
1725,450
1726,450
1727,450
1728,450
1729,450
1730,450
1731,450
1732,450
1733,450
1734,450
1735,450
1736,450
1737,450
1738,450
1739,450
1740,450
1741,450
1742,450
1743,450
1744,450
1745,450
1746,450
1747,450
1748,450
1749,450
1750,450
1751,450
1752,450
1753,450
1754,450
1755,450
1756,450
1757,450
1758,450
1759,450
1760,450
1761,450
1762,450
1763,450
1764,450
1765,450
1766,451
1767,451
1768,451
1769,451
1770,451
1771,451
1772,451
1773,451
1774,451
1775,452
1776,452
1777,452
1778,452
1779,452
1780,452
1781,452
1782,452
1783,452
1784,452
1785,452
1786,452
1787,452
1788,453
1789,453
1790,454
1791,454
1792,454
1793,454
1794,454
1795,454
1796,454
1797,455
1798,455
1799,455
1800,455
1801,455
1802,455
1803,455
1804,455
1805,455
1806,455
1807,455
1808,455
1809,455
1810,455
1811,455
1812,455
1813,455
1814,455
1815,455
1816,455
1817,455
1818,455
1819,455
1820,455
1821,455
1822,455
1823,455
1824,455
1825,455
1826,455
1827,455
1828,455
1829,455
1830,455
1831,455
1832,455
1833,455
1834,455
1835,455
1836,455
1837,455
1838,455
1839,455
1840,455
1841,455
1842,455
1843,455
1844,455
1845,455
1846,455
1847,456
1848,456
1849,456
1850,456
1851,456
1852,456
1853,456
1854,456
1855,456
1856,456
1857,456
1858,456
1859,456
1860,456
1861,456
1862,456
1863,456
1864,456
1865,456
1866,456
1867,456
1868,456
1869,456
1870,456
1871,456
1872,456
1873,456
1874,456
1875,456
1876,456
1877,456
1878,456
1879,456
1880,456
1881,456
1882,456
1883,456
1884,456
1885,456
1886,456
1887,456
1888,456
1889,456
1890,456
1891,456
1892,456
1893,456
1894,456
1895,456
1896,456
1897,456
1898,456
1899,456
1900,456
1901,456
1902,456
1903,456
1904,456
1905,456
1906,456
1907,456
1908,456
1909,456
1910,456
1911,456
1912,456
1913,456
1914,456
1915,456
1916,456
1917,456
1918,456
1919,456
1920,456
1921,456
1922,456
1923,457
1924,457
1925,457
1926,457
1927,457
1928,457
1929,457
1930,457
1931,457
1932,457
1933,457
1934,457
1935,457
1936,457
1937,457
1938,457
1939,457
1940,458
1941,458
1942,458
1943,458
1944,458
1945,458
1946,458
1947,458
1948,458
1949,458
1950,458
1951,458
1952,458
1953,458
1954,458
1955,458
1956,458
1957,458
1958,458
1959,458
1960,458
1961,458
1962,458
1963,458
1964,458
1965,458
1966,458
1967,458
1968,458
1969,458
1970,458
1971,458
1972,458
1973,458
1974,458
1975,458
1976,458
1977,458
1978,458
1979,458
1980,458
1981,458
1982,458
1983,458
1984,458
1985,458
1986,458
1987,458
1988,458
1989,458
1990,458
1991,458
1992,458
1993,458
1994,458
1995,458
1996,458
1997,458
1998,458
1999,458
2000,458
2001,458
2002,458
2003,458
2004,458
2005,458
2006,458
2007,458
2008,458
2009,458
2010,458
2011,458
2012,458
2013,458
2014,458
2015,458
2016,458
2017,458
2018,458
2019,458
2020,458
2021,458
2022,458
2023,458
2024,458
2025,458
2026,458
2027,458
2028,458
2029,458
2030,458
2031,458
2032,458
2033,458
2034,458
2035,458
2036,458
2037,458
2038,458
2039,458
2040,458
2041,458
2042,459
2043,459
2044,459
2045,459
2046,459
2047,459
2048,459
2049,459
2050,459
2051,459
2052,459
2053,459
2054,459
2055,459
2056,459
2057,459
2058,459
2059,459
2060,459
2061,459
2062,459
2063,459
2064,459
2065,460
2066,460
2067,460
2068,460
2069,460
2070,460
2071,460
2072,460
2073,460
2074,460
2075,460
2076,460
2077,460
2078,460
2079,460
2080,460
2081,460
2082,460
2083,460
2084,460
2085,460
2086,460
2087,460
2088,460
2089,460
2090,460
2091,460
2092,461
2093,462
2094,462
2095,462
2096,462
2097,463
2098,463
2099,463
2100,463
2101,464
2102,464
2103,464
2104,464
2105,464
2106,464
2107,464
2108,464
2109,464
2110,464
2111,464
2112,465
2113,465
2114,465
2115,465
2116,465
2117,465
2118,465
2119,465
2120,465
2121,465
2122,465
2123,465
2124,465
2125,465
2126,465
2127,465
2128,465
2129,465
2130,465
2131,466
2132,466
2133,466
2134,466
2135,466
2136,466
2137,466
2138,466
2139,466
2140,466
2141,466
2142,466
2143,466
2144,466
2145,466
2146,466
2147,466
2148,466
2149,466
2150,466
2151,466
2152,466
2153,466
2154,466
2155,466
2156,466
2157,466
2158,466
2159,466
2160,466
2161,466
2162,466
2163,466
2164,466
2165,467
2166,468
2167,468
2168,469
2169,469
2170,469
2171,469
2172,470
2173,471
2174,472
2175,472
2176,472
2177,473
2178,474
2179,474
2180,474
2181,474
2182,474
2183,474
2184,475
2185,475
2186,475
2187,476
2188,477
2189,477
2190,477
2191,477
2192,477
2193,477
2194,477
2195,477
2196,477
2197,477
2198,477
2199,477
2200,477
2201,477
2202,477
2203,477
2204,477
2205,477
2206,477
2207,477
2208,477
2209,477
2210,478
2211,478
2212,478
2213,478
2214,478
2215,478
2216,479
2217,479
2218,479
2219,479
2220,479
2221,479
2222,479
2223,479
2224,479
2225,479
2226,479
2227,479
2228,479
2229,479
2230,479
2231,479
2232,479
2233,479
2234,479
2235,479
2236,479
2237,479
2238,479
2239,479
2240,479
2241,479
2242,479
2243,479
2244,479
2245,479
2246,479
2247,479
2248,479
2249,479
2250,479
2251,479
2252,479
2253,479
2254,479
2255,479
2256,479
2257,479
2258,479
2259,479
2260,479
2261,479
2262,480
2263,481
2264,481
2265,481
2266,481
2267,481
2268,482
2269,482
2270,482
2271,482
2272,483
2273,483
2274,483
2275,483
2276,484
2277,484
2278,484
2279,484
2280,484
2281,484
2282,484
2283,484
2284,485
2285,485
2286,485
2287,485
2288,485
2289,485
2290,485
2291,485
2292,485
2293,485
2294,485
2295,486
2296,486
2297,486
2298,486
2299,486
2300,487
2301,487
2302,487
2303,487
2304,487
2305,487
2306,487
2307,487
2308,487
2309,487
2310,487
2311,487
2312,487
2313,487
2314,487
2315,487
2316,488
2317,488
2318,488
2319,489
2320,489
2321,489
2322,489
2323,489
2324,489
2325,489
2326,489
2327,489
2328,489
2329,489
2330,489
2331,489
2332,489
2333,489
2334,489
2335,489
2336,489
2337,489
2338,489
2339,489
2340,489
2341,489
2342,489
2343,489
2344,489
2345,489
2346,489
2347,489
2348,489
2349,489
2350,489
2351,489
2352,489
2353,490
2354,490
2355,490
2356,490
2357,490
2358,490
2359,490
2360,490
2361,490
2362,490
2363,490
2364,490
2365,490
2366,490
2367,490
2368,490
2369,490
2370,490
2371,490
2372,490
2373,490
2374,490
2375,490
2376,490
2377,490
2378,490
2379,490
2380,490
2381,490
2382,490
2383,490
2384,490
2385,490
2386,490
2387,490
2388,490
2389,490
2390,490
2391,490
2392,490
2393,490
2394,490
2395,490
2396,490
2397,490
2398,490
2399,490
2400,490
2401,490
2402,490
2403,490
2404,490
2405,490
2406,490
2407,490
2408,490
2409,490
2410,490
2411,490
2412,490
2413,490
2414,490
2415,490
2416,490
2417,490
2418,490
2419,490
2420,490
2421,490
2422,490
2423,490
2424,490
2425,490
2426,490
2427,490
2428,490
2429,490
2430,490
2431,490
2432,490
2433,490
2434,490
2435,490
2436,490
2437,490
2438,490
2439,490
2440,490
2441,490
2442,490
2443,490
2444,490
2445,490
2446,490
2447,490
2448,490
2449,490
2450,490
2451,490
2452,490
2453,490
2454,490
2455,490
2456,490
2457,490
2458,490
2459,490
2460,490
2461,490
2462,490
2463,490
2464,490
2465,490
2466,490
2467,490
2468,490
2469,490
2470,490
2471,490
2472,490
2473,490
2474,490
2475,490
2476,490
2477,490
2478,490
2479,490
2480,490
2481,490
2482,490
2483,490
2484,490
2485,490
2486,490
2487,490
2488,490
2489,490
2490,490
2491,490
2492,490
2493,490
2494,490
2495,490
2496,490
2497,490
2498,490
2499,490
2500,490
2501,490
2502,490
2503,490
2504,490
2505,490
2506,490
2507,490
2508,490
2509,490
2510,490
2511,490
2512,490
2513,490
2514,490
2515,490
2516,490
2517,490
2518,490
2519,490
2520,490
2521,490
2522,490
2523,490
2524,490
2525,490
2526,490
2527,490
2528,490
2529,490
2530,490
2531,490
2532,490
2533,490
2534,490
2535,490
2536,490
2537,490
2538,490
2539,490
2540,490
2541,490
2542,490
2543,490
2544,490
2545,490
2546,490
2547,490
2548,490
2549,490
2550,490
2551,490
2552,490
2553,490
2554,490
2555,490
2556,490
2557,490
2558,490
2559,490
2560,490
2561,490
2562,490
2563,490
2564,490
2565,490
2566,490
2567,490
2568,490
2569,490
2570,490
2571,490
2572,490
2573,490
2574,490
2575,490
2576,490
2577,490
2578,490
2579,490
2580,490
2581,490
2582,490
2583,490
2584,490
2585,490
2586,490
2587,490
2588,490
2589,490
2590,490
2591,490
2592,490
2593,490
2594,490
2595,490
2596,490
2597,490
2598,490
2599,490
2600,490
2601,490
2602,490
2603,490
2604,490
2605,490
2606,490
2607,490
2608,490
2609,490
2610,490
2611,490
2612,490
2613,490
2614,490
2615,490
2616,490
2617,490
2618,490
2619,490
2620,490
2621,490
2622,490
2623,490
2624,490
2625,490
2626,490
2627,490
2628,490
2629,490
2630,490
2631,490
2632,490
2633,490
2634,490
2635,490
2636,490
2637,490
2638,490
2639,490
2640,490
2641,490
2642,491
2643,491
2644,491
2645,491
2646,491
2647,491
2648,491
2649,491
2650,491
2651,491
2652,491
2653,491
2654,491
2655,491
2656,491
2657,491
2658,491
2659,491
2660,491
2661,491
2662,491
2663,491
2664,491
2665,491
2666,491
2667,491
2668,491
2669,491
2670,491
2671,491
2672,491
2673,491
2674,491
2675,491
2676,491
2677,491
2678,491
2679,491
2680,491
2681,491
2682,491
2683,491
2684,491
2685,491
2686,491
2687,491
2688,491
2689,491
2690,491
2691,491
2692,491
2693,491
2694,491
2695,491
2696,491
2697,491
2698,491
2699,491
2700,491
2701,491
2702,491
2703,491
2704,491
2705,491
2706,492
2707,492
2708,492
2709,492
2710,492
2711,492
2712,492
2713,492
2714,492
2715,492
2716,492
2717,492
2718,492
2719,492
2720,492
2721,492
2722,492
2723,492
2724,492
2725,492
2726,492
2727,492
2728,492
2729,492
2730,492
2731,492
2732,492
2733,492
2734,492
2735,492
2736,492
2737,492
2738,492
2739,492
2740,492
2741,492
2742,492
2743,492
2744,492
2745,492
2746,492
2747,492
2748,492
2749,492
2750,492
2751,492
2752,492
2753,492
2754,492
2755,492
2756,492
2757,492
2758,492
2759,492
2760,492
2761,492
2762,492
2763,492
2764,492
2765,492
2766,492
2767,492
2768,492
2769,492
2770,492
2771,492
2772,492
2773,492
2774,492
2775,492
2776,492
2777,492
2778,492
2779,493
2780,493
2781,493
2782,493
2783,493
2784,493
2785,493
2786,493
2787,493
2788,493
2789,493
2790,493
2791,493
2792,493
2793,493
2794,493
2795,493
2796,493
2797,493
2798,493
2799,493
2800,493
2801,493
2802,493
2803,493
2804,493
2805,493
2806,493
2807,493
2808,493
2809,493
2810,493
2811,493
2812,493
2813,493
2814,493
2815,493
2816,493
2817,493
2818,493
2819,493
2820,493
2821,493
2822,493
2823,493
2824,493
2825,493
2826,493
2827,493
2828,493
2829,493
2830,493
2831,493
2832,493
2833,493
2834,493
2835,493
2836,493
2837,493
2838,493
2839,493
2840,493
2841,493
2842,493
2843,493
2844,493
2845,493
2846,493
2847,493
2848,493
2849,493
2850,493
2851,493
2852,493
2853,493
2854,493
2855,493
2856,493
2857,493
2858,493
2859,493
2860,493
2861,493
2862,493
2863,493
2864,493
2865,493
2866,493
2867,493
2868,493
2869,493
2870,493
2871,493
2872,493
2873,493
2874,493
2875,493
2876,493
2877,493
2878,493
2879,493
2880,493
2881,493
2882,493
2883,493
2884,493
2885,493
2886,493
2887,493
2888,493
2889,493
2890,493
2891,493
2892,493
2893,493
2894,493
2895,493
2896,493
2897,493
2898,493
2899,493
2900,493
2901,493
2902,493
2903,493
2904,493
2905,493
2906,493
2907,493
2908,493
2909,493
2910,493
2911,493
2912,493
2913,493
2914,493
2915,493
2916,493
2917,493
2918,493
2919,493
2920,493
2921,493
2922,493
2923,493
2924,493
2925,493
2926,493
2927,493
2928,493
2929,493
2930,493
2931,493
2932,493
2933,493
2934,493
2935,493
2936,493
2937,493
2938,493
2939,493
2940,493
2941,493
2942,493
2943,493
2944,493
2945,493
2946,493
2947,493
2948,493
2949,493
2950,493
2951,493
2952,493
2953,493
2954,493
2955,493
2956,493
2957,493
2958,493
2959,493
2960,493
2961,493
2962,493
2963,493
2964,493
2965,493
2966,493
2967,493
2968,493
2969,493
2970,493
2971,493
2972,493
2973,493
2974,493
2975,493
2976,493
2977,493
2978,493
2979,493
2980,493
2981,493
2982,493
2983,493
2984,493
2985,493
2986,493
2987,493
2988,493
2989,493
2990,493
2991,493
2992,493
2993,493
2994,493
2995,493
2996,493
2997,493
2998,493
2999,493
3000,493
3001,493
3002,493
3003,493
3004,493
3005,493
3006,493
3007,493
3008,493
3009,493
3010,493
3011,493
3012,493
3013,493
3014,493
3015,494
3016,494
3017,494
3018,494
3019,494
3020,494
3021,494
3022,494
3023,494
3024,494
3025,494
3026,494
3027,494
3028,494
3029,494
3030,494
3031,494
3032,494
3033,494
3034,494
3035,494
3036,494
3037,494
3038,494
3039,494
3040,494
3041,494
3042,494
3043,494
3044,494
3045,494
3046,494
3047,494
3048,494
3049,494
3050,494
3051,494
3052,494
3053,494
3054,494
3055,494
3056,494
3057,494
3058,494
3059,494
3060,494
3061,494
3062,494
3063,494
3064,494
3065,494
3066,494
3067,494
3068,494
3069,494
3070,494
3071,494
3072,494
3073,494
3074,494
3075,494
3076,494
3077,494
3078,494
3079,494
3080,494
3081,494
3082,494
3083,494
3084,494
3085,494
3086,494
3087,494
3088,494
3089,494
3090,494
3091,494
3092,494
3093,494
3094,494
3095,494
3096,494
3097,494
3098,494
3099,494
3100,494
3101,494
3102,494
3103,494
3104,494
3105,494
3106,494
3107,494
3108,494
3109,494
3110,494
3111,494
3112,494
3113,494
3114,494
3115,494
3116,494
3117,494
3118,494
3119,494
3120,494
3121,494
3122,494
3123,494
3124,494
3125,494
3126,494
3127,494
3128,494
3129,494
3130,494
3131,494
3132,494
3133,494
3134,494
3135,494
3136,494
3137,494
3138,494
3139,494
3140,494
3141,494
3142,494
3143,494
3144,494
3145,494
3146,494
3147,494
3148,494
3149,494
3150,494
3151,494
3152,494
3153,494
3154,494
3155,494
3156,494
3157,494
3158,494
3159,494
3160,494
3161,494
3162,494
3163,494
3164,494
3165,494
3166,494
3167,494
3168,494
3169,494
3170,494
3171,494
3172,494
3173,494
3174,494
3175,494
3176,494
3177,494
3178,494
3179,494
3180,494
3181,494
3182,494
3183,494
3184,494
3185,494
3186,494
3187,494
3188,494
3189,494
3190,494
3191,494
3192,494
3193,494
3194,494
3195,494
3196,494
3197,494
3198,494
3199,494
3200,494
3201,494
3202,494
3203,494
3204,494
3205,494
3206,494
3207,494
3208,494
3209,494
3210,494
3211,494
3212,494
3213,494
3214,494
3215,494
3216,494
3217,494
3218,494
3219,494
3220,494
3221,494
3222,494
3223,494
3224,494
3225,494
3226,494
3227,494
3228,494
3229,494
3230,494
3231,494
3232,494
3233,494
3234,494
3235,494
3236,494
3237,494
3238,494
3239,494
3240,494
3241,494
3242,494
3243,494
3244,494
3245,494
3246,494
3247,494
3248,494
3249,494
3250,494
3251,494
3252,494
3253,494
3254,494
3255,494
3256,494
3257,494
3258,494
3259,494
3260,494
3261,494
3262,494
3263,494
3264,494
3265,494
3266,494
3267,494
3268,494
3269,494
3270,494
3271,494
3272,494
3273,494
3274,494
3275,494
3276,494
3277,494
3278,494
3279,494
3280,494
3281,494
3282,494
3283,494
3284,494
3285,494
3286,494
3287,494
3288,494
3289,494
3290,494
3291,494
3292,494
3293,494
3294,494
3295,494
3296,494
3297,494
3298,494
3299,494
3300,494
3301,494
3302,494
3303,494
3304,494
3305,494
3306,494
3307,494
3308,494
3309,494
3310,494
3311,494
3312,494
3313,494
3314,494
3315,494
3316,494
3317,494
3318,494
3319,494
3320,494
3321,494
3322,494
3323,494
3324,494
3325,494
3326,494
3327,494
3328,494
3329,494
3330,494
3331,494
3332,494
3333,494
3334,494
3335,494
3336,494
3337,494
3338,494
3339,494
3340,494
3341,494
3342,494
3343,494
3344,494
3345,494
3346,494
3347,494
3348,494
3349,494
3350,494
3351,494
3352,494
3353,494
3354,494
3355,494
3356,494
3357,494
3358,494
3359,494
3360,494
3361,494
3362,494
3363,494
3364,494
3365,495
3366,495
3367,495
3368,495
3369,495
3370,495
3371,495
3372,495
3373,495
3374,495
3375,495
3376,495
3377,495
3378,495
3379,495
3380,495
3381,495
3382,495
3383,495
3384,495
3385,495
3386,495
3387,495
3388,495
3389,495
3390,495
3391,495
3392,495
3393,495
3394,495
3395,495
3396,495
3397,495
3398,495
3399,495
3400,495
3401,495
3402,495
3403,495
3404,495
3405,495
3406,495
3407,495
3408,495
3409,495
3410,495
3411,495
3412,495
3413,495
3414,495
3415,495
3416,495
3417,495
3418,495
3419,495
3420,495
3421,495
3422,495
3423,495
3424,495
3425,495
3426,495
3427,495
3428,495
3429,495
3430,495
3431,495
3432,495
3433,495
3434,495
3435,495
3436,495
3437,495
3438,495
3439,495
3440,495
3441,495
3442,495
3443,495
3444,495
3445,495
3446,495
3447,495
3448,495
3449,495
3450,495
3451,495
3452,495
3453,495
3454,495
3455,495
3456,495
3457,495
3458,495
3459,495
3460,495
3461,495
3462,495
3463,495
3464,495
3465,495
3466,495
3467,495
3468,495
3469,495
3470,495
3471,495
3472,495
3473,495
3474,495
3475,495
3476,495
3477,495
3478,495
3479,495
3480,495
3481,495
3482,495
3483,495
3484,495
3485,495
3486,495
3487,495
3488,495
3489,495
3490,495
3491,495
3492,495
3493,495
3494,495
3495,495
3496,495
3497,495
3498,495
3499,495
3500,495
3501,495
3502,495
3503,495
3504,495
3505,495
3506,495
3507,495
3508,495
3509,495
3510,495
3511,495
3512,495
3513,495
3514,495
3515,495
3516,495
3517,495
3518,495
3519,495
3520,495
3521,495
3522,495
3523,495
3524,495
3525,495
3526,495
3527,495
3528,495
3529,495
3530,495
3531,495
3532,495
3533,495
3534,495
3535,495
3536,495
3537,495
3538,495
3539,495
3540,495
3541,495
3542,495
3543,495
3544,495
3545,495
3546,495
3547,495
3548,495
3549,495
3550,495
3551,495
3552,495
3553,495
3554,495
3555,495
3556,495
3557,495
3558,495
3559,495
3560,495
3561,495
3562,495
3563,495
3564,495
3565,495
3566,495
3567,495
3568,495
3569,495
3570,495
3571,495
3572,495
3573,495
3574,495
3575,495
3576,495
3577,495
3578,495
3579,495
3580,495
3581,495
3582,495
3583,495
3584,495
3585,495
3586,495
3587,495
3588,495
3589,495
3590,495
3591,495
3592,495
3593,495
3594,495
3595,495
3596,495
3597,495
3598,495
3599,495
3600,495
3601,495
3602,495
3603,495
3604,495
3605,495
3606,495
3607,495
3608,495
3609,495
3610,495
3611,495
3612,495
3613,495
3614,495
3615,495
3616,495
3617,495
3618,495
3619,495
3620,495
3621,495
3622,495
3623,495
3624,495
3625,495
3626,495
3627,495
3628,495
3629,495
3630,495
3631,495
3632,495
3633,495
3634,495
3635,495
3636,495
3637,495
3638,495
3639,495
3640,495
3641,495
3642,495
3643,495
3644,495
3645,495
3646,495
3647,495
3648,495
3649,495
3650,495
3651,495
3652,495
3653,495
3654,495
3655,495
3656,495
3657,495
3658,495
3659,495
3660,495
3661,495
3662,495
3663,495
3664,495
3665,495
3666,495
3667,495
3668,495
3669,495
3670,495
3671,495
3672,495
3673,495
3674,495
3675,495
3676,495
3677,495
3678,495
3679,495
3680,495
3681,495
3682,495
3683,495
3684,495
3685,495
3686,495
3687,495
3688,495
3689,495
3690,495
3691,495
3692,495
3693,495
3694,495
3695,495
3696,495
3697,495
3698,495
3699,495
3700,495
3701,495
3702,495
3703,495
3704,495
3705,495
3706,495
3707,495
3708,495
3709,495
3710,495
3711,495
3712,495
3713,495
3714,495
3715,495
3716,495
3717,495
3718,495
3719,495
3720,495
3721,495
3722,495
3723,495
3724,495
3725,495
3726,495
3727,495
3728,495
3729,495
3730,495
3731,495
3732,495
3733,495
3734,495
3735,495
3736,495
3737,495
3738,495
3739,495
3740,495
3741,495
3742,495
3743,495
3744,495
3745,495
3746,495
3747,495
3748,495
3749,495
3750,495
3751,495
3752,495
3753,495
3754,495
3755,495
3756,495
3757,495
3758,495
3759,495
3760,495
3761,495
3762,495
3763,495
3764,495
3765,495
3766,495
3767,495
3768,495
3769,495
3770,495
3771,495
3772,495
3773,495
3774,495
3775,495
3776,495
3777,495
3778,495
3779,495
3780,495
3781,495
3782,495
3783,495
3784,495
3785,495
3786,495
3787,495
3788,495
3789,495
3790,495
3791,495
3792,495
3793,495
3794,495
3795,495
3796,495
3797,495
3798,495
3799,495
3800,495
3801,495
3802,495
3803,495
3804,495
3805,495
3806,495
3807,495
3808,495
3809,495
3810,495
3811,495
3812,495
3813,495
3814,495
3815,495
3816,495
3817,496
3818,496
3819,496
3820,496
3821,496
3822,496
3823,496
3824,496
3825,496
3826,496
3827,496
3828,496
3829,496
3830,496
3831,496
3832,496
3833,496
3834,496
3835,496
3836,496
3837,496
3838,496
3839,496
3840,496
3841,496
3842,496
3843,496
3844,496
3845,496
3846,496
3847,496
3848,496
3849,496
3850,496
3851,496
3852,496
3853,496
3854,496
3855,496
3856,496
3857,496
3858,496
3859,496
3860,496
3861,496
3862,496
3863,496
3864,496
3865,496
3866,496
3867,496
3868,496
3869,496
3870,496
3871,496
3872,496
3873,496
3874,496
3875,496
3876,496
3877,496
3878,496
3879,496
3880,496
3881,496
3882,496
3883,496
3884,496
3885,496
3886,496
3887,496
3888,496
3889,496
3890,496
3891,496
3892,496
3893,496
3894,496
3895,496
3896,496
3897,496
3898,496
3899,496
3900,496
3901,496
3902,496
3903,496
3904,496
3905,496
3906,496
3907,496
3908,496
3909,496
3910,496
3911,496
3912,496
3913,496
3914,496
3915,496
3916,496
3917,496
3918,496
3919,496
3920,496
3921,496
3922,496
3923,496
3924,496
3925,496
3926,496
3927,496
3928,496
3929,496
3930,496
3931,496
3932,496
3933,496
3934,496
3935,496
3936,496
3937,496
3938,496
3939,496
3940,496
3941,496
3942,496
3943,496
3944,496
3945,496
3946,496
3947,496
3948,496
3949,496
3950,496
3951,496
3952,496
3953,496
3954,496
3955,496
3956,496
3957,496
3958,496
3959,496
3960,496
3961,496
3962,496
3963,496
3964,496
3965,496
3966,496
3967,496
3968,496
3969,496
3970,496
3971,496
3972,496
3973,496
3974,496
3975,496
3976,496
3977,496
3978,496
3979,496
3980,496
3981,496
3982,496
3983,496
3984,496
3985,496
3986,496
3987,496
3988,496
3989,496
3990,496
3991,496
3992,496
3993,496
3994,496
3995,496
3996,496
3997,496
3998,496
3999,496
4000,496
4001,496
4002,496
4003,496
4004,496
4005,496
4006,496
4007,496
4008,496
4009,496
4010,496
4011,496
4012,496
4013,496
4014,496
4015,496
4016,496
4017,496
4018,496
4019,496
4020,496
4021,496
4022,496
4023,496
4024,496
4025,496
4026,496
4027,496
4028,496
4029,496
4030,496
4031,496
4032,496
4033,496
4034,496
4035,496
4036,496
4037,496
4038,496
4039,496
4040,496
4041,496
4042,496
4043,496
4044,496
4045,496
4046,496
4047,496
4048,496
4049,496
4050,496
4051,496
4052,496
4053,496
4054,496
4055,496
4056,496
4057,496
4058,496
4059,496
4060,496
4061,496
4062,496
4063,496
4064,496
4065,496
4066,496
4067,496
4068,496
4069,496
4070,496
4071,496
4072,496
4073,496
4074,496
4075,496
4076,496
4077,496
4078,496
4079,496
4080,496
4081,496
4082,496
4083,496
4084,496
4085,496
4086,496
4087,496
4088,496
4089,496
4090,496
4091,496
4092,496
4093,496
4094,496
4095,496
4096,496
4097,496
4098,496
4099,496
4100,496
4101,496
4102,496
4103,496
4104,496
4105,496
4106,496
4107,496
4108,496
4109,496
4110,496
4111,496
4112,496
4113,496
4114,496
4115,496
4116,496
4117,496
4118,496
4119,496
4120,496
4121,496
4122,496
4123,496
4124,496
4125,496
4126,496
4127,496
4128,496
4129,496
4130,496
4131,496
4132,496
4133,496
4134,496
4135,496
4136,496
4137,496
4138,496
4139,496
4140,496
4141,496
4142,496
4143,496
4144,496
4145,496
4146,496
4147,496
4148,496
4149,496
4150,496
4151,496
4152,496
4153,496
4154,496
4155,496
4156,496
4157,496
4158,496
4159,496
4160,496
4161,496
4162,496
4163,496
4164,496
4165,496
4166,496
4167,496
4168,496
4169,496
4170,496
4171,496
4172,496
4173,496
4174,496
4175,496
4176,496
4177,496
4178,496
4179,496
4180,496
4181,496
4182,496
4183,496
4184,496
4185,496
4186,496
4187,496
4188,496
4189,496
4190,496
4191,496
4192,496
4193,496
4194,496
4195,496
4196,496
4197,496
4198,496
4199,496
4200,496
4201,496
4202,496
4203,496
4204,496
4205,496
4206,496
4207,496
4208,496
4209,496
4210,496
4211,496
4212,496
4213,496
4214,496
4215,496
4216,496
4217,496
4218,496
4219,496
4220,496
4221,496
4222,496
4223,496
4224,496
4225,496
4226,496
4227,496
4228,496
4229,496
4230,496
4231,496
4232,496
4233,496
4234,496
4235,496
4236,496
4237,496
4238,496
4239,496
4240,496
4241,496
4242,496
4243,496
4244,496
4245,496
4246,496
4247,496
4248,496
4249,496
4250,496
4251,496
4252,496
4253,496
4254,496
4255,496
4256,496
4257,496
4258,496
4259,496
4260,496
4261,496
4262,496
4263,496
4264,496
4265,496
4266,496
4267,496
4268,496
4269,496
4270,496
4271,496
4272,496
4273,496
4274,496
4275,496
4276,496
4277,496
4278,496
4279,496
4280,496
4281,496
4282,496
4283,496
4284,496
4285,496
4286,496
4287,496
4288,496
4289,496
4290,496
4291,496
4292,496
4293,496
4294,496
4295,496
4296,496
4297,496
4298,496
4299,496
4300,496
4301,496
4302,496
4303,496
4304,496
4305,496
4306,496
4307,496
4308,496
4309,496
4310,496
4311,496
4312,496
4313,496
4314,496
4315,496
4316,496
4317,496
4318,496
4319,496
4320,496
4321,496
4322,496
4323,496
4324,496
4325,496
4326,496
4327,496
4328,496
4329,496
4330,496
4331,496
4332,496
4333,496
4334,496
4335,496
4336,496
4337,496
4338,496
4339,496
4340,496
4341,496
4342,496
4343,496
4344,496
4345,496
4346,496
4347,496
4348,496
4349,496
4350,496
4351,496
4352,496
4353,496
4354,496
4355,496
4356,496
4357,496
4358,496
4359,496
4360,496
4361,496
4362,496
4363,496
4364,496
4365,496
4366,496
4367,496
4368,496
4369,496
4370,496
4371,496
4372,496
4373,496
4374,496
4375,496
4376,496
4377,496
4378,496
4379,496
4380,496
4381,496
4382,496
4383,496
4384,496
4385,496
4386,496
4387,496
4388,496
4389,496
4390,496
4391,496
4392,496
4393,496
4394,496
4395,496
4396,496
4397,496
4398,496
4399,496
4400,496
4401,496
4402,497
4403,497
4404,497
4405,497
4406,497
4407,497
4408,497
4409,497
4410,497
4411,497
4412,497
4413,497
4414,497
4415,497
4416,497
4417,497
4418,497
4419,497
4420,497
4421,497
4422,497
4423,497
4424,497
4425,497
4426,497
4427,497
4428,497
4429,497
4430,497
4431,497
4432,497
4433,497
4434,497
4435,497
4436,497
4437,497
4438,497
4439,497
4440,497
4441,497
4442,497
4443,497
4444,497
4445,497
4446,497
4447,497
4448,497
4449,497
4450,497
4451,497
4452,497
4453,497
4454,497
4455,497
4456,497
4457,497
4458,497
4459,497
4460,497
4461,497
4462,497
4463,497
4464,497
4465,497
4466,497
4467,497
4468,497
4469,497
4470,497
4471,497
4472,497
4473,497
4474,497
4475,497
4476,497
4477,497
4478,497
4479,497
4480,497
4481,497
4482,497
4483,497
4484,497
4485,497
4486,498
4487,498
4488,498
4489,498
4490,498
4491,498
4492,498
4493,498
4494,498
4495,498
4496,498
4497,498
4498,498
4499,498
4500,498
4501,498
4502,498
4503,498
4504,498
4505,498
4506,498
4507,498
4508,498
4509,498
4510,498
4511,498
4512,498
4513,498
4514,498
4515,498
4516,498
4517,498
4518,498
4519,498
4520,498
4521,498
4522,498
4523,498
4524,498
4525,498
4526,498
4527,498
4528,498
4529,498
4530,498
4531,498
4532,498
4533,498
4534,498
4535,498
4536,498
4537,498
4538,498
4539,498
4540,498
4541,498
4542,498
4543,498
4544,498
4545,498
4546,498
4547,498
4548,498
4549,498
4550,498
4551,498
4552,498
4553,498
4554,498
4555,498
4556,498
4557,498
4558,498
4559,498
4560,498
4561,498
4562,498
4563,498
4564,498
4565,498
4566,498
4567,498
4568,498
4569,498
4570,498
4571,498
4572,498
4573,498
4574,498
4575,498
4576,498
4577,498
4578,498
4579,498
4580,498
4581,498
4582,498
4583,498
4584,498
4585,498
4586,498
4587,498
4588,498
4589,498
4590,498
4591,498
4592,498
4593,498
4594,498
4595,498
4596,498
4597,498
4598,498
4599,498
4600,498
4601,498
4602,498
4603,498
4604,498
4605,498
4606,498
4607,498
4608,498
4609,498
4610,498
4611,498
4612,498
4613,498
4614,498
4615,498
4616,498
4617,498
4618,498
4619,498
4620,498
4621,498
4622,498
4623,498
4624,498
4625,498
4626,498
4627,498
4628,498
4629,498
4630,498
4631,498
4632,498
4633,498
4634,498
4635,498
4636,498
4637,498
4638,498
4639,498
4640,498
4641,498
4642,498
4643,498
4644,498
4645,498
4646,498
4647,498
4648,498
4649,498
4650,498
4651,498
4652,498
4653,498
4654,498
4655,498
4656,498
4657,498
4658,498
4659,498
4660,498
4661,498
4662,498
4663,498
4664,498
4665,498
4666,498
4667,498
4668,498
4669,498
4670,498
4671,498
4672,498
4673,498
4674,498
4675,498
4676,498
4677,498
4678,498
4679,498
4680,498
4681,498
4682,498
4683,498
4684,498
4685,498
4686,498
4687,498
4688,498
4689,498
4690,498
4691,498
4692,498
4693,498
4694,498
4695,498
4696,498
4697,498
4698,498
4699,498
4700,498
4701,498
4702,498
4703,498
4704,498
4705,498
4706,498
4707,498
4708,499
4709,499
4710,499
4711,499
4712,499
4713,499
4714,499
4715,499
4716,499
4717,499
4718,499
4719,499
4720,499
4721,499
4722,499
4723,499
4724,499
4725,499
4726,499
4727,499
4728,499
4729,499
4730,499
4731,499
4732,499
4733,499
4734,499
4735,499
4736,499
4737,499
4738,499
4739,499
4740,499
4741,499
4742,499
4743,499
4744,499
4745,499
4746,499
4747,499
4748,499
4749,499
4750,499
4751,499
4752,499
4753,499
4754,499
4755,499
4756,499
4757,499
4758,499
4759,499
4760,499
4761,499
4762,499
4763,499
4764,499
4765,499
4766,499
4767,499
4768,499
4769,499
4770,499
4771,499
4772,499
4773,499
4774,499
4775,499
4776,499
4777,499
4778,499
4779,499
4780,499
4781,499
4782,499
4783,499
4784,499
4785,499
4786,499
4787,499
4788,499
4789,499
4790,499
4791,499
4792,499
4793,499
4794,499
4795,499
4796,499
4797,499
4798,499
4799,499
4800,499
4801,499
4802,499
4803,499
4804,499
4805,499
4806,499
4807,499
4808,499
4809,499
4810,499
4811,499
4812,499
4813,499
4814,499
4815,499
4816,499
4817,499
4818,499
4819,499
4820,499
4821,499
4822,499
4823,499
4824,499
4825,499
4826,499
4827,499
4828,499
4829,499
4830,499
4831,499
4832,499
4833,499
4834,499
4835,499
4836,499
4837,499
4838,499
4839,499
4840,499
4841,499
4842,499
4843,499
4844,499
4845,499
4846,499
4847,499
4848,499
4849,499
4850,499
4851,499
4852,499
4853,499
4854,499
4855,499
4856,499
4857,499
4858,499
4859,499
4860,499
4861,499
4862,499
4863,499
4864,499
4865,499
4866,499
4867,499
4868,499
4869,499
4870,499
4871,499
4872,499
4873,499
4874,499
4875,499
4876,499
4877,499
4878,499
4879,499
4880,499
4881,499
4882,499
4883,499
4884,499
4885,499
4886,499
4887,499
4888,499
4889,499
4890,499
4891,499
4892,499
4893,499
4894,499
4895,499
4896,499
4897,499
4898,499
4899,499
4900,499
4901,499
4902,499
4903,499
4904,499
4905,499
4906,499
4907,499
4908,499
4909,499
4910,499
4911,499
4912,499
4913,499
4914,499
4915,499
4916,499
4917,499
4918,499
4919,499
4920,499
4921,499
4922,499
4923,499
4924,499
4925,499
4926,499
4927,499
4928,499
4929,499
4930,499
4931,499
4932,499
4933,499
4934,499
4935,499
4936,499
4937,499
4938,499
4939,499
4940,499
4941,499
4942,499
4943,499
4944,499
4945,499
4946,499
4947,499
4948,499
4949,499
4950,499
4951,499
4952,499
4953,499
4954,499
4955,499
4956,499
4957,499
4958,499
4959,499
4960,499
4961,499
4962,499
4963,499
4964,499
4965,499
4966,499
4967,499
4968,499
4969,499
4970,499
4971,499
4972,499
4973,499
4974,499
4975,499
4976,499
4977,499
4978,499
4979,499
4980,499
4981,499
4982,499
4983,499
4984,499
4985,499
4986,499
4987,499
4988,499
4989,499
4990,499
4991,499
4992,499
4993,499
4994,499
4995,499
4996,499
4997,499
4998,499
4999,499
5000,499
5001,499
5002,499
5003,499
5004,499
5005,499
5006,499
5007,499
5008,499
5009,499
5010,499
5011,499
5012,499
5013,499
5014,499
5015,499
5016,499
5017,499
5018,499
5019,499
5020,499
5021,499
5022,499
5023,499
5024,499
5025,499
5026,499
5027,499
5028,499
5029,499
5030,499
5031,499
5032,499
5033,499
5034,499
5035,499
5036,499
5037,499
5038,499
5039,499
5040,499
5041,499
5042,499
5043,499
5044,499
5045,499
5046,499
5047,499
5048,499
5049,499
5050,499
5051,499
5052,499
5053,499
5054,499
5055,499
5056,499
5057,499
5058,499
5059,499
5060,499
5061,499
5062,499
5063,499
5064,499
5065,499
5066,499
5067,499
5068,499
5069,499
5070,499
5071,499
5072,499
5073,499
5074,499
5075,499
5076,499
5077,499
5078,499
5079,499
5080,499
5081,499
5082,499
5083,499
5084,499
5085,499
5086,499
5087,499
5088,499
5089,499
5090,499
5091,499
5092,499
5093,499
5094,499
5095,499
5096,499
5097,499
5098,499
5099,499
5100,499
5101,499
5102,499
5103,499
5104,499
5105,499
5106,499
5107,499
5108,499
5109,499
5110,499
5111,499
5112,499
5113,499
5114,499
5115,499
5116,499
5117,499
5118,499
5119,499
5120,499
5121,499
5122,499
5123,499
5124,499
5125,499
5126,499
5127,499
5128,499
5129,499
5130,499
5131,499
5132,499
5133,499
5134,499
5135,499
5136,499
5137,499
5138,499
5139,499
5140,499
5141,499
5142,499
5143,499
5144,499
5145,499
5146,499
5147,499
5148,499
5149,499
5150,499
5151,499
5152,499
5153,499
5154,499
5155,499
5156,499
5157,499
5158,499
5159,499
5160,499
5161,499
5162,499
5163,499
5164,499
5165,499
5166,499
5167,499
5168,499
5169,499
5170,499
5171,499
5172,499
5173,499
5174,499
5175,499
5176,499
5177,499
5178,499
5179,499
5180,499
5181,499
5182,499
5183,499
5184,499
5185,499
5186,499
5187,499
5188,499
5189,499
5190,499
5191,499
5192,499
5193,499
5194,499
5195,499
5196,499
5197,499
5198,499
5199,499
5200,499
5201,499
5202,499
5203,499
5204,499
5205,499
5206,499
5207,499
5208,499
5209,499
5210,499
5211,499
5212,499
5213,499
5214,499
5215,499
5216,499
5217,499
5218,499
5219,499
5220,499
5221,499
5222,499
5223,499
5224,499
5225,499
5226,499
5227,499
5228,499
5229,499
5230,499
5231,499
5232,499
5233,499
5234,499
5235,499
5236,499
5237,499
5238,499
5239,499
5240,499
5241,499
5242,499
5243,499
5244,499
5245,499
5246,499
5247,499
5248,499
5249,499
5250,499
5251,499
5252,499
5253,499
5254,499
5255,499
5256,499
5257,499
5258,499
5259,499
5260,499
5261,499
5262,499
5263,499
5264,499
5265,499
5266,499
5267,499
5268,499
5269,499
5270,499
5271,499
5272,499
5273,499
5274,499
5275,499
5276,499
5277,499
5278,499
5279,499
5280,499
5281,499
5282,499
5283,499
5284,499
5285,499
5286,499
5287,499
5288,499
5289,499
5290,499
5291,499
5292,499
5293,499
5294,499
5295,499
5296,499
5297,499
5298,499
5299,499
5300,499
5301,499
5302,499
5303,499
5304,499
5305,499
5306,499
5307,499
5308,499
5309,499
5310,499
5311,499
5312,499
5313,499
5314,499
5315,499
5316,499
5317,499
5318,499
5319,499
5320,499
5321,499
5322,499
5323,499
5324,499
5325,499
5326,499
5327,499
5328,499
5329,499
5330,499
5331,499
5332,499
5333,499
5334,499
5335,499
5336,499
5337,499
5338,499
5339,499
5340,499
5341,499
5342,499
5343,499
5344,499
5345,499
5346,499
5347,499
5348,499
5349,499
5350,499
5351,499
5352,499
5353,499
5354,499
5355,499
5356,499
5357,499
5358,499
5359,499
5360,499
5361,499
5362,499
5363,499
5364,499
5365,499
5366,499
5367,499
5368,499
5369,499
5370,499
5371,499
5372,499
5373,499
5374,499
5375,499
5376,499
5377,499
5378,499
5379,499
5380,499
5381,499
5382,499
5383,499
5384,499
5385,499
5386,499
5387,499
5388,499
5389,499
5390,499
5391,499
5392,499
5393,499
5394,499
5395,499
5396,499
5397,499
5398,499
5399,499
5400,499
5401,499
5402,499
5403,499
5404,499
5405,499
5406,499
5407,499
5408,499
5409,499
5410,499
5411,499
5412,499
5413,499
5414,499
5415,499
5416,499
5417,499
5418,499
5419,499
5420,499
5421,499
5422,499
5423,499
5424,499
5425,499
5426,499
5427,499
5428,499
5429,499
5430,499
5431,499
5432,499
5433,499
5434,499
5435,499
5436,499
5437,499
5438,499
5439,499
5440,499
5441,499
5442,499
5443,499
5444,499
5445,499
5446,499
5447,499
5448,499
5449,499
5450,499
5451,499
5452,499
5453,499
5454,499
5455,499
5456,499
5457,499
5458,499
5459,499
5460,499
5461,499
5462,499
5463,499
5464,499
5465,499
5466,499
5467,499
5468,499
5469,499
5470,499
5471,499
5472,499
5473,499
5474,499
5475,499
5476,499
5477,499
5478,499
5479,499
5480,499
5481,499
5482,499
5483,499
5484,499
5485,499
5486,499
5487,499
5488,499
5489,499
5490,499
5491,499
5492,499
5493,499
5494,499
5495,499
5496,499
5497,499
5498,499
5499,499
5500,499
5501,499
5502,499
5503,499
5504,499
5505,499
5506,499
5507,499
5508,499
5509,499
5510,499
5511,499
5512,499
5513,499
5514,499
5515,499
5516,499
5517,499
5518,499
5519,499
5520,499
5521,499
5522,499
5523,499
5524,499
5525,499
5526,499
5527,499
5528,499
5529,499
5530,499
5531,499
5532,499
5533,499
5534,499
5535,499
5536,499
5537,499
5538,499
5539,499
5540,499
5541,499
5542,499
5543,499
5544,499
5545,499
5546,499
5547,499
5548,499
5549,499
5550,499
5551,499
5552,499
5553,499
5554,499
5555,499
5556,499
5557,499
5558,499
5559,499
5560,499
5561,499
5562,499
5563,499
5564,499
5565,499
5566,499
5567,499
5568,499
5569,499
5570,499
5571,499
5572,499
5573,499
5574,499
5575,499
5576,499
5577,499
5578,499
5579,499
5580,499
5581,499
5582,499
5583,499
5584,499
5585,499
5586,499
5587,499
5588,499
5589,499
5590,499
5591,499
5592,499
5593,499
5594,499
5595,499
5596,499
5597,499
5598,499
5599,499
5600,499
5601,499
5602,499
5603,499
5604,499
5605,499
5606,499
5607,499
5608,499
5609,499
5610,499
5611,499
5612,499
5613,499
5614,499
5615,499
5616,499
5617,499
5618,499
5619,499
5620,499
5621,499
5622,499
5623,499
5624,499
5625,499
5626,499
5627,499
5628,499
5629,499
5630,499
5631,499
5632,499
5633,499
5634,499
5635,499
5636,499
5637,499
5638,499
5639,499
5640,499
5641,499
5642,499
5643,499
5644,499
5645,499
5646,499
5647,499
5648,499
5649,499
5650,499
5651,499
5652,499
5653,499
5654,499
5655,499
5656,499
5657,499
5658,499
5659,499
5660,499
5661,499
5662,499
5663,499
5664,499
5665,499
5666,499
5667,499
5668,499
5669,499
5670,499
5671,499
5672,499
5673,499
5674,499
5675,499
5676,499
5677,499
5678,499
5679,499
5680,499
5681,499
5682,499
5683,499
5684,499
5685,499
5686,499
5687,499
5688,499
5689,499
5690,499
5691,499
5692,499
5693,499
5694,499
5695,499
5696,499
5697,499
5698,499
5699,499
5700,499
5701,499
5702,499
5703,499
5704,499
5705,499
5706,499
5707,499
5708,499
5709,499
5710,499
5711,499
5712,499
5713,499
5714,499
5715,499
5716,499
5717,499
5718,499
5719,499
5720,499
5721,499
5722,499
5723,499
5724,499
5725,499
5726,499
5727,499
5728,499
5729,499
5730,499
5731,499
5732,499
5733,499
5734,499
5735,499
5736,499
5737,499
5738,499
5739,499
5740,499
5741,499
5742,499
5743,499
5744,499
5745,499
5746,499
5747,499
5748,499
5749,499
5750,499
5751,499
5752,499
5753,499
5754,499
5755,499
5756,499
5757,499
5758,499
5759,499
5760,499
5761,499
5762,499
5763,499
5764,499
5765,499
5766,499
5767,499
5768,499
5769,499
5770,499
5771,499
5772,499
5773,499
5774,499
5775,499
5776,499
5777,499
5778,499
5779,499
5780,499
5781,499
5782,499
5783,499
5784,499
5785,499
5786,499
5787,499
5788,499
5789,499
5790,499
5791,499
5792,499
5793,499
5794,499
5795,499
5796,499
5797,499
5798,499
5799,499
5800,499
5801,499
5802,499
5803,499
5804,499
5805,499
5806,499
5807,499
5808,499
5809,499
5810,499
5811,499
5812,499
5813,499
5814,499
5815,499
5816,499
5817,499
5818,499
5819,499
5820,499
5821,499
5822,499
5823,499
5824,499
5825,499
5826,499
5827,499
5828,499
5829,499
5830,499
5831,499
5832,499
5833,499
5834,499
5835,499
5836,499
5837,499
5838,499
5839,499
5840,499
5841,499
5842,499
5843,499
5844,499
5845,499
5846,499
5847,499
5848,499
5849,499
5850,499
5851,499
5852,499
5853,499
5854,499
5855,499
5856,499
5857,499
5858,499
5859,499
5860,499
5861,499
5862,499
5863,499
5864,499
5865,499
5866,499
5867,499
5868,499
5869,499
5870,499
5871,499
5872,499
5873,499
5874,499
5875,499
5876,499
5877,499
5878,499
5879,499
5880,499
5881,499
5882,499
5883,499
5884,499
5885,499
5886,499
5887,499
5888,499
5889,499
5890,499
5891,499
5892,499
5893,499
5894,499
5895,499
5896,499
5897,499
5898,499
5899,499
5900,499
5901,499
5902,499
5903,499
5904,499
5905,499
5906,499
5907,499
5908,499
5909,499
5910,499
5911,499
5912,499
5913,499
5914,499
5915,499
5916,499
5917,499
5918,499
5919,499
5920,499
5921,499
5922,499
5923,499
5924,499
5925,499
5926,499
5927,499
5928,499
5929,499
5930,499
5931,499
5932,499
5933,499
5934,499
5935,499
5936,499
5937,499
5938,499
5939,499
5940,499
5941,499
5942,499
5943,499
5944,499
5945,499
5946,499
5947,499
5948,499
5949,499
5950,499
5951,499
5952,499
5953,499
5954,499
5955,499
5956,499
5957,499
5958,499
5959,499
5960,499
5961,499
5962,499
5963,499
5964,499
5965,499
5966,499
5967,499
5968,499
5969,499
5970,499
5971,499
5972,499
5973,499
5974,499
5975,499
5976,499
5977,499
5978,499
5979,499
5980,499
5981,499
5982,499
5983,499
5984,499
5985,499
5986,499
5987,499
5988,499
5989,499
5990,499
5991,499
5992,499
5993,499
5994,499
5995,499
5996,499
5997,499
5998,499
5999,499
6000,499
6001,499
6002,499
6003,499
6004,499
6005,499
6006,499
6007,499
6008,499
6009,499
6010,499
6011,499
6012,499
6013,499
6014,499
6015,499
6016,499
6017,499
6018,499
6019,499
6020,499
6021,499
6022,499
6023,499
6024,499
6025,499
6026,499
6027,499
6028,499
6029,499
6030,499
6031,499
6032,499
6033,499
6034,499
6035,499
6036,499
6037,499
6038,499
6039,499
6040,499
6041,499
6042,499
6043,499
6044,499
6045,499
6046,499
6047,499
6048,499
6049,499
6050,499
6051,499
6052,499
6053,499
6054,499
6055,499
6056,499
6057,499
6058,499
6059,499
6060,499
6061,499
6062,499
6063,499
6064,499
6065,499
6066,499
6067,499
6068,499
6069,499
6070,499
6071,499
6072,499
6073,499
6074,499
6075,499
6076,499
6077,499
6078,499
6079,499
6080,499
6081,499
6082,499
6083,499
6084,499
6085,499
6086,499
6087,499
6088,499
6089,499
6090,499
6091,499
6092,499
6093,499
6094,499
6095,499
6096,499
6097,499
6098,499
6099,499
6100,499
6101,499
6102,499
6103,499
6104,499
6105,499
6106,499
6107,499
6108,499
6109,499
6110,499
6111,499
6112,499
6113,499
6114,499
6115,499
6116,499
6117,499
6118,499
6119,499
6120,499
6121,499
6122,499
6123,499
6124,499
6125,499
6126,499
6127,499
6128,499
6129,499
6130,499
6131,499
6132,499
6133,499
6134,499
6135,499
6136,499
6137,499
6138,499
6139,499
6140,499
6141,499
6142,499
6143,499
6144,499
6145,499
6146,499
6147,499
6148,499
6149,499
6150,499
6151,499
6152,499
6153,499
6154,499
6155,499
6156,499
6157,499
6158,499
6159,499
6160,499
6161,499
6162,499
6163,499
6164,499
6165,499
6166,499
6167,499
6168,499
6169,499
6170,499
6171,499
6172,499
6173,499
6174,499
6175,499
6176,499
6177,499
6178,499
6179,499
6180,499
6181,499
6182,499
6183,499
6184,499
6185,499
6186,499
6187,499
6188,499
6189,499
6190,499
6191,499
6192,499
6193,499
6194,499
6195,499
6196,499
6197,499
6198,499
6199,499
6200,499
6201,499
6202,499
6203,499
6204,499
6205,499
6206,499
6207,499
6208,499
6209,499
6210,499
6211,499
6212,499
6213,499
6214,499
6215,499
6216,499
6217,499
6218,499
6219,499
6220,499
6221,499
6222,499
6223,499
6224,499
6225,499
6226,499
6227,499
6228,499
6229,499
6230,499
6231,499
6232,499
6233,499
6234,499
6235,499
6236,499
6237,499
6238,499
6239,499
6240,499
6241,499
6242,499
6243,499
6244,499
6245,499
6246,499
6247,499
6248,499
6249,499
6250,499
6251,499
6252,499
6253,499
6254,499
6255,499
6256,499
6257,499
6258,499
6259,499
6260,499
6261,499
6262,499
6263,499
6264,499
6265,499
6266,499
6267,499
6268,499
6269,499
6270,499
6271,499
6272,499
6273,499
6274,499
6275,499
6276,499
6277,499
6278,499
6279,499
6280,499
6281,499
6282,499
6283,499
6284,499
6285,499
6286,499
6287,499
6288,499
6289,499
6290,499
6291,499
6292,499
6293,499
6294,499
6295,499
6296,499
6297,499
6298,499
6299,499
6300,499
6301,499
6302,499
6303,499
6304,499
6305,499
6306,499
6307,499
6308,499
6309,499
6310,499
6311,499
6312,499
6313,499
6314,499
6315,499
6316,499
6317,499
6318,499
6319,499
6320,499
6321,499
6322,499
6323,499
6324,499
6325,499
6326,499
6327,499
6328,499
6329,499
6330,499
6331,499
6332,499
6333,499
6334,499
6335,499
6336,499
6337,499
6338,499
6339,499
6340,499
6341,499
6342,499
6343,499
6344,499
6345,499
6346,499
6347,499
6348,499
6349,499
6350,499
6351,499
6352,499
6353,499
6354,499
6355,499
6356,499
6357,499
6358,499
6359,499
6360,499
6361,499
6362,499
6363,499
6364,499
6365,499
6366,499
6367,499
6368,499
6369,499
6370,499
6371,499
6372,499
6373,499
6374,499
6375,499
6376,499
6377,499
6378,499
6379,499
6380,499
6381,499
6382,499
6383,499
6384,499
6385,499
6386,499
6387,499
6388,499
6389,499
6390,499
6391,499
6392,499
6393,499
6394,499
6395,499
6396,499
6397,499
6398,499
6399,499
6400,499
6401,499
6402,499
6403,499
6404,499
6405,499
6406,499
6407,499
6408,499
6409,499
6410,499
6411,499
6412,499
6413,499
6414,499
6415,499
6416,499
6417,499
6418,499
6419,499
6420,499
6421,499
6422,499
6423,499
6424,499
6425,499
6426,499
6427,499
6428,499
6429,499
6430,499
6431,499
6432,499
6433,499
6434,499
6435,499
6436,499
6437,499
6438,499
6439,499
6440,499
6441,499
6442,499
6443,499
6444,499
6445,499
6446,499
6447,499
6448,499
6449,499
6450,499
6451,499
6452,499
6453,499
6454,499
6455,499
6456,499
6457,499
6458,499
6459,499
6460,499
6461,499
6462,499
6463,499
6464,499
6465,499
6466,499
6467,499
6468,499
6469,499
6470,499
6471,499
6472,499
6473,499
6474,499
6475,499
6476,499
6477,499
6478,499
6479,499
6480,499
6481,499
6482,499
6483,499
6484,499
6485,499
6486,499
6487,499
6488,499
6489,499
6490,499
6491,499
6492,499
6493,499
6494,499
6495,499
6496,499
6497,499
6498,499
6499,499
6500,499
6501,499
6502,499
6503,499
6504,499
6505,499
6506,499
6507,499
6508,499
6509,499
6510,499
6511,499
6512,499
6513,499
6514,499
6515,499
6516,499
6517,499
6518,499
6519,499
6520,499
6521,499
6522,499
6523,499
6524,499
6525,499
6526,499
6527,499
6528,499
6529,499
6530,499
6531,499
6532,499
6533,499
6534,499
6535,499
6536,499
6537,499
6538,499
6539,499
6540,499
6541,499
6542,499
6543,499
6544,499
6545,499
6546,499
6547,499
6548,499
6549,499
6550,499
6551,499
6552,499
6553,499
6554,499
6555,499
6556,499
6557,499
6558,499
6559,499
6560,499
6561,499
6562,499
6563,499
6564,499
6565,499
6566,499
6567,499
6568,499
6569,499
6570,499
6571,499
6572,499
6573,499
6574,499
6575,499
6576,499
6577,499
6578,499
6579,499
6580,499
6581,499
6582,499
6583,499
6584,499
6585,499
6586,499
6587,499
6588,499
6589,499
6590,499
6591,499
6592,499
6593,499
6594,499
6595,499
6596,499
6597,499
6598,499
6599,499
6600,499
6601,499
6602,499
6603,499
6604,499
6605,499
6606,499
6607,499
6608,499
6609,499
6610,499
6611,499
6612,499
6613,499
6614,499
6615,499
6616,499
6617,499
6618,499
6619,499
6620,499
6621,499
6622,499
6623,499
6624,499
6625,499
6626,499
6627,499
6628,499
6629,499
6630,499
6631,499
6632,499
6633,499
6634,499
6635,499
6636,499
6637,499
6638,499
6639,499
6640,499
6641,499
6642,499
6643,499
6644,499
6645,499
6646,499
6647,499
6648,499
6649,499
6650,499
6651,499
6652,499
6653,499
6654,499
6655,499
6656,499
6657,499
6658,499
6659,499
6660,499
6661,499
6662,499
6663,499
6664,499
6665,499
6666,499
6667,499
6668,499
6669,499
6670,499
6671,499
6672,499
6673,499
6674,499
6675,499
6676,499
6677,499
6678,499
6679,499
6680,499
6681,499
6682,499
6683,499
6684,499
6685,499
6686,499
6687,499
6688,499
6689,499
6690,499
6691,499
6692,499
6693,499
6694,499
6695,499
6696,499
6697,499
6698,499
6699,499
6700,499
6701,499
6702,499
6703,499
6704,499
6705,499
6706,499
6707,499
6708,499
6709,499
6710,499
6711,499
6712,499
6713,499
6714,499
6715,499
6716,499
6717,499
6718,499
6719,499
6720,499
6721,499
6722,499
6723,499
6724,499
6725,499
6726,499
6727,499
6728,499
6729,499
6730,499
6731,499
6732,499
6733,499
6734,499
6735,499
6736,499
6737,499
6738,499
6739,499
6740,499
6741,499
6742,499
6743,499
6744,499
6745,499
6746,499
6747,499
6748,499
6749,499
6750,499
6751,499
6752,499
6753,499
6754,499
6755,499
6756,499
6757,499
6758,499
6759,499
6760,499
6761,499
6762,499
6763,499
6764,499
6765,499
6766,499
6767,499
6768,499
6769,499
6770,499
6771,499
6772,499
6773,499
6774,499
6775,499
6776,499
6777,499
6778,499
6779,499
6780,499
6781,499
6782,499
6783,499
6784,499
6785,499
6786,499
6787,499
6788,499
6789,499
6790,499
6791,499
6792,499
6793,499
6794,499
6795,499
6796,499
6797,499
6798,499
6799,499
6800,499
6801,499
6802,499
6803,499
6804,499
6805,499
6806,499
6807,499
6808,499
6809,499
6810,499
6811,499
6812,499
6813,499
6814,499
6815,499
6816,499
6817,499
6818,499
6819,499
6820,499
6821,499
6822,499
6823,499
6824,499
6825,499
6826,499
6827,499
6828,499
6829,499
6830,499
6831,499
6832,499
6833,499
6834,499
6835,499
6836,499
6837,499
6838,499
6839,499
6840,499
6841,499
6842,499
6843,499
6844,499
6845,499
6846,499
6847,499
6848,499
6849,499
6850,499
6851,499
6852,499
6853,499
6854,499
6855,499
6856,499
6857,499
6858,499
6859,499
6860,499
6861,499
6862,499
6863,499
6864,499
6865,499
6866,499
6867,499
6868,499
6869,499
6870,499
6871,499
6872,499
6873,499
6874,499
6875,499
6876,499
6877,499
6878,499
6879,499
6880,499
6881,499
6882,499
6883,499
6884,499
6885,499
6886,499
6887,499
6888,499
6889,499
6890,499
6891,499
6892,499
6893,499
6894,499
6895,499
6896,499
6897,499
6898,499
6899,499
6900,499
6901,499
6902,499
6903,499
6904,499
6905,499
6906,499
6907,499
6908,499
6909,499
6910,499
6911,499
6912,500
