0,0
1,1
2,2
3,3
4,4
5,4
6,5
7,6
8,6
9,7
10,8
11,9
12,10
13,11
14,12
15,13
16,14
17,14
18,15
19,16
20,17
21,18
22,19
23,20
24,21
25,22
26,23
27,24
28,25
29,26
30,27
31,27
32,28
33,29
34,29
35,30
36,31
37,31
38,32
39,32
40,33
41,34
42,34
43,35
44,36
45,36
46,37
47,37
48,37
49,38
50,38
51,38
52,39
53,40
54,41
55,42
56,43
57,44
58,45
59,46
60,46
61,46
62,46
63,47
64,47
65,48
66,49
67,50
68,51
69,52
70,53
71,54
72,55
73,56
74,57
75,57
76,57
77,58
78,59
79,60
80,61
81,62
82,63
83,64
84,65
85,66
86,67
87,67
88,68
89,68
90,69
91,69
92,70
93,70
94,71
95,72
96,73
97,74
98,74
99,75
100,76
101,76
102,77
103,77
104,78
105,78
106,78
107,79
108,80
109,81
110,82
111,82
112,83
113,83
114,84
115,85
116,86
117,87
118,88
119,89
120,90
121,90
122,91
123,92
124,92
125,93
126,93
127,93
128,94
129,95
130,95
131,96
132,96
133,97
134,98
135,99
136,100
137,101
138,102
139,103
140,104
141,105
142,106
143,106
144,106
145,106
146,107
147,107
148,107
149,108
150,108
151,108
152,108
153,108
154,109
155,110
156,110
157,110
158,110
159,110
160,110
161,110
162,111
163,112
164,112
165,112
166,113
167,113
168,113
169,114
170,115
171,115
172,115
173,116
174,117
175,117
176,118
177,118
178,118
179,118
180,119
181,120
182,121
183,122
184,122
185,123
186,123
187,123
188,123
189,123
190,123
191,123
192,123
193,123
194,123
195,123
196,124
197,124
198,124
199,124
200,124
201,124
202,124
203,124
204,124
205,125
206,126
207,126
208,126
209,126
210,126
211,127
212,127
213,127
214,128
215,129
216,130
217,130
218,131
219,131
220,132
221,132
222,133
223,134
224,134
225,134
226,134
227,134
228,134
229,134
230,134
231,134
232,135
233,135
234,135
235,135
236,135
237,135
238,135
239,136
240,137
241,138
242,139
243,140
244,141
245,142
246,143
247,144
248,145
249,146
250,146
251,147
252,147
253,148
254,149
255,150
256,151
257,152
258,153
259,154
260,155
261,156
262,157
263,157
264,158
265,159
266,160
267,161
268,161
269,161
270,161
271,162
272,163
273,163
274,164
275,165
276,166
277,167
278,167
279,168
280,168
281,168
282,169
283,169
284,169
285,169
286,169
287,170
288,171
289,172
290,173
291,173
292,173
293,174
294,174
295,174
296,174
297,174
298,174
299,174
300,175
301,175
302,176
303,176
304,176
305,177
306,178
307,178
308,179
309,179
310,179
311,179
312,180
313,180
314,180
315,180
316,181
317,181
318,181
319,182
320,182
321,182
322,182
323,182
324,183
325,183
326,183
327,184
328,184
329,185
330,185
331,186
332,186
333,186
334,187
335,187
336,187
337,187
338,187
339,188
340,189
341,189
342,190
343,191
344,191
345,191
346,191
347,192
348,192
349,193
350,193
351,193
352,193
353,193
354,194
355,195
356,196
357,197
358,198
359,199
360,199
361,199
362,200
363,200
364,200
365,200
366,201
367,202
368,202
369,203
370,203
371,203
372,204
373,204
374,204
375,204
376,204
377,205
378,206
379,207
380,207
381,207
382,207
383,207
384,208
385,208
386,209
387,209
388,210
389,210
390,210
391,211
392,212
393,213
394,214
395,214
396,215
397,216
398,217
399,218
400,218
401,219
402,219
403,219
404,219
405,220
406,221
407,221
408,221
409,222
410,222
411,223
412,224
413,225
414,226
415,227
416,228
417,229
418,230
419,231
420,232
421,232
422,232
423,233
424,233
425,234
426,235
427,236
428,237
429,238
430,239
431,240
432,240
433,240
434,241
435,241
436,242
437,243
438,244
439,245
440,246
441,247
442,248
443,248
444,249
445,250
446,251
447,252
448,252
449,252
450,252
451,252
452,252
453,253
454,254
455,255
456,256
457,256
458,257
459,257
460,258
461,259
462,260
463,261
464,262
465,263
466,263
467,263
468,263
469,263
470,264
471,264
472,264
473,265
474,265
475,265
476,265
477,265
478,265
479,265
480,265
481,265
482,265
483,265
484,266
485,267
486,268
487,269
488,270
489,271
490,272
491,273
492,273
493,274
494,274
495,274
496,275
497,275
498,275
499,276
500,276
501,276
502,276
503,276
504,276
505,276
506,276
507,277
508,277
509,277
510,277
511,277
512,277
513,277
514,278
515,278
516,278
517,278
518,278
519,279
520,279
521,279
522,280
523,280
524,280
525,280
526,280
527,281
528,282
529,282
530,282
531,282
532,283
533,284
534,284
535,285
536,285
537,286
538,287
539,287
540,288
541,289
542,289
543,289
544,289
545,290
546,290
547,290
548,290
549,291
550,291
551,291
552,292
553,293
554,293
555,293
556,294
557,295
558,295
559,295
560,295
561,295
562,295
563,296
564,296
565,296
566,296
567,296
568,296
569,296
570,296
571,296
572,296
573,296
574,296
575,296
576,296
577,296
578,296
579,296
580,296
581,296
582,296
583,297
584,298
585,299
586,299
587,299
588,299
589,299
590,299
591,299
592,300
593,301
594,302
595,302
596,303
597,304
598,304
599,304
600,305
601,305
602,306
603,306
604,307
605,308
606,308
607,308
608,308
609,308
610,309
611,309
612,309
613,309
614,309
615,309
616,309
617,309
618,309
619,309
620,309
621,309
622,309
623,309
624,309
625,309
626,309
627,309
628,309
629,309
630,309
631,309
632,309
633,310
634,311
635,312
636,312
637,312
638,312
639,312
640,312
641,312
642,313
643,313
644,313
645,313
646,313
647,313
648,313
649,313
650,313
651,313
652,313
653,313
654,313
655,313
656,314
657,314
658,314
659,315
660,315
661,315
662,315
663,315
664,315
665,315
666,315
667,316
668,316
669,317
670,318
671,319
672,320
673,321
674,322
675,322
676,322
677,322
678,323
679,323
680,324
681,325
682,325
683,325
684,325
685,326
686,326
687,326
688,326
689,327
690,327
691,327
692,327
693,327
694,327
695,327
696,327
697,328
698,328
699,328
700,328
701,328
702,329
703,329
704,329
705,329
706,330
707,330
708,330
709,330
710,330
711,331
712,331
713,332
714,332
715,332
716,333
717,333
718,333
719,333
720,334
721,334
722,335
723,336
724,337
725,338
726,339
727,340
728,340
729,341
730,341
731,341
732,341
733,341
734,341
735,341
736,341
737,341
738,341
739,341
740,341
741,342
742,343
743,343
744,343
745,343
746,343
747,343
748,343
749,343
750,343
751,343
752,343
753,343
754,343
755,343
756,343
757,343
758,343
759,343
760,343
761,343
762,343
763,343
764,343
765,343
766,343
767,343
768,343
769,343
770,343
771,344
772,345
773,346
774,346
775,346
776,346
777,347
778,348
779,349
780,349
781,349
782,349
783,349
784,349
785,349
786,349
787,349
788,349
789,349
790,349
791,349
792,349
793,349
794,349
795,349
796,349
797,349
798,349
799,349
800,349
801,349
802,349
803,349
804,349
805,349
806,349
807,349
808,349
809,350
810,350
811,350
812,350
813,350
814,350
815,350
816,350
817,350
818,350
819,350
820,350
821,350
822,350
823,350
824,350
825,350
826,350
827,350
828,350
829,350
830,350
831,350
832,350
833,350
834,350
835,350
836,350
837,350
838,350
839,350
840,351
841,351
842,352
843,353
844,353
845,353
846,353
847,354
848,355
849,355
850,356
851,356
852,357
853,357
854,358
855,359
856,359
857,359
858,359
859,359
860,360
861,360
862,361
863,361
864,361
865,361
866,362
867,363
868,363
869,364
870,364
871,365
872,365
873,365
874,365
875,365
876,365
877,365
878,365
879,365
880,365
881,365
882,365
883,365
884,366
885,366
886,366
887,366
888,366
889,366
890,366
891,366
892,366
893,366
894,366
895,366
896,366
897,366
898,367
899,367
900,367
901,367
902,368
903,368
904,368
905,368
906,368
907,369
908,369
909,369
910,369
911,369
912,369
913,369
914,369
915,369
916,369
917,369
918,369
919,369
920,369
921,369
922,369
923,370
924,371
925,371
926,371
927,371
928,371
929,371
930,371
931,371
932,371
933,371
934,371
935,371
936,371
937,371
938,372
939,372
940,372
941,373
942,373
943,373
944,373
945,373
946,373
947,373
948,373
949,373
950,374
951,374
952,375
953,375
954,375
955,375
956,375
957,375
958,375
959,376
960,376
961,376
962,376
963,376
964,376
965,376
966,376
967,376
968,376
969,376
970,376
971,376
972,376
973,376
974,376
975,376
976,376
977,376
978,376
979,376
980,376
981,376
982,376
983,377
984,377
985,377
986,377
987,377
988,377
989,377
990,377
991,377
992,377
993,377
994,377
995,377
996,377
997,377
998,377
999,377
1000,377
1001,377
1002,377
1003,377
1004,377
1005,377
1006,377
1007,377
1008,377
1009,377
1010,377
1011,377
1012,377
1013,377
1014,377
1015,377
1016,377
1017,377
1018,377
1019,377
1020,377
1021,377
1022,377
1023,377
1024,377
1025,377
1026,377
1027,377
1028,377
1029,377
1030,377
1031,377
1032,377
1033,377
1034,377
1035,377
1036,377
1037,377
1038,377
1039,377
1040,377
1041,377
1042,377
1043,377
1044,377
1045,377
1046,377
1047,377
1048,377
1049,377
1050,377
1051,377
1052,378
1053,379
1054,380
1055,380
1056,380
1057,380
1058,380
1059,380
1060,380
1061,380
1062,380
1063,380
1064,380
1065,380
1066,380
1067,380
1068,380
1069,380
1070,380
1071,380
1072,380
1073,380
1074,380
1075,380
1076,380
1077,380
1078,380
1079,380
1080,380
1081,380
1082,380
1083,380
1084,380
1085,380
1086,380
1087,380
1088,380
1089,380
1090,380
1091,380
1092,380
1093,380
1094,380
1095,380
1096,380
1097,380
1098,380
1099,381
1100,381
1101,381
1102,381
1103,381
1104,381
1105,381
1106,381
1107,381
1108,381
1109,381
1110,381
1111,381
1112,381
1113,381
1114,381
1115,381
1116,381
1117,381
1118,382
1119,382
1120,382
1121,382
1122,382
1123,382
1124,382
1125,382
1126,382
1127,382
1128,382
1129,382
1130,382
1131,382
1132,382
1133,382
1134,382
1135,382
1136,382
1137,382
1138,382
1139,382
1140,382
1141,382
1142,382
1143,383
1144,383
1145,383
1146,383
1147,383
1148,383
1149,383
1150,383
1151,383
1152,383
1153,384
1154,385
1155,386
1156,386
1157,387
1158,388
1159,389
1160,389
1161,389
1162,389
1163,389
1164,389
1165,389
1166,389
1167,389
1168,389
1169,389
1170,389
1171,389
1172,390
1173,391
1174,392
1175,393
1176,394
1177,395
1178,396
1179,396
1180,397
1181,398
1182,399
1183,400
1184,401
1185,402
1186,403
1187,403
1188,403
1189,404
1190,405
1191,405
1192,406
1193,406
1194,406
1195,406
1196,406
1197,406
1198,406
1199,406
1200,406
1201,406
1202,406
1203,406
1204,406
1205,406
1206,406
1207,406
1208,406
1209,406
1210,406
1211,406
1212,406
1213,406
1214,406
1215,406
1216,406
1217,406
1218,406
1219,406
1220,406
1221,406
1222,406
1223,406
1224,406
1225,407
1226,407
1227,407
1228,407
1229,407
1230,407
1231,407
1232,407
1233,407
1234,407
1235,408
1236,409
1237,410
1238,410
1239,410
1240,410
1241,410
1242,410
1243,410
1244,410
1245,410
1246,410
1247,410
1248,411
1249,412
1250,412
1251,412
1252,412
1253,412
1254,412
1255,412
1256,412
1257,412
1258,412
1259,412
1260,413
1261,413
1262,413
1263,413
1264,413
1265,413
1266,413
1267,413
1268,413
1269,413
1270,413
1271,413
1272,413
1273,413
1274,413
1275,413
1276,413
1277,413
1278,413
1279,413
1280,413
1281,413
1282,413
1283,413
1284,413
1285,413
1286,413
1287,413
1288,414
1289,414
1290,414
1291,414
1292,414
1293,414
1294,414
1295,414
1296,414
1297,414
1298,414
1299,414
1300,414
1301,414
1302,414
1303,414
1304,415
1305,416
1306,416
1307,416
1308,416
1309,416
1310,416
1311,416
1312,417
1313,418
1314,419
1315,419
1316,419
1317,419
1318,420
1319,420
1320,420
1321,420
1322,421
1323,422
1324,422
1325,422
1326,422
1327,423
1328,423
1329,423
1330,423
1331,423
1332,423
1333,423
1334,423
1335,423
1336,423
1337,423
1338,423
1339,423
1340,423
1341,423
1342,423
1343,423
1344,423
1345,423
1346,423
1347,423
1348,423
1349,423
1350,423
1351,423
1352,423
1353,423
1354,423
1355,423
1356,423
1357,423
1358,423
1359,423
1360,423
1361,423
1362,423
1363,423
1364,423
1365,423
1366,423
1367,423
1368,423
1369,423
1370,423
1371,423
1372,423
1373,423
1374,423
1375,423
1376,423
1377,423
1378,423
1379,423
1380,423
1381,424
1382,424
1383,424
1384,424
1385,424
1386,424
1387,424
1388,425
1389,425
1390,425
1391,425
1392,425
1393,425
1394,425
1395,425
1396,425
1397,426
1398,427
1399,428
1400,428
1401,428
1402,428
1403,428
1404,428
1405,428
1406,428
1407,428
1408,428
1409,428
1410,428
1411,428
1412,428
1413,428
1414,428
1415,428
1416,428
1417,428
1418,428
1419,428
1420,428
1421,428
1422,428
1423,428
1424,428
1425,428
1426,428
1427,428
1428,428
1429,428
1430,428
1431,428
1432,428
1433,428
1434,428
1435,428
1436,428
1437,428
1438,428
1439,428
1440,428
1441,428
1442,428
1443,428
1444,428
1445,428
1446,428
1447,428
1448,428
1449,428
1450,428
1451,428
1452,428
1453,428
1454,428
1455,428
1456,428
1457,428
1458,428
1459,428
1460,428
1461,428
1462,428
1463,428
1464,428
1465,428
1466,428
1467,428
1468,428
1469,428
1470,428
1471,428
1472,428
1473,428
1474,428
1475,428
1476,428
1477,428
1478,428
1479,428
1480,428
1481,428
1482,428
1483,428
1484,428
1485,428
1486,428
1487,428
1488,428
1489,428
1490,428
1491,428
1492,428
1493,428
1494,428
1495,428
1496,428
1497,428
1498,428
1499,428
1500,428
1501,428
1502,428
1503,428
1504,428
1505,428
1506,428
1507,428
1508,429
1509,429
1510,429
1511,429
1512,429
1513,429
1514,429
1515,429
1516,429
1517,429
1518,429
1519,429
1520,429
1521,429
1522,429
1523,429
1524,429
1525,429
1526,429
1527,429
1528,429
1529,429
1530,429
1531,429
1532,429
1533,429
1534,429
1535,429
1536,429
1537,429
1538,429
1539,429
1540,429
1541,429
1542,429
1543,429
1544,429
1545,429
1546,429
1547,429
1548,429
1549,429
1550,429
1551,429
1552,429
1553,429
1554,429
1555,429
1556,429
1557,429
1558,429
1559,429
1560,429
1561,429
1562,429
1563,430
1564,431
1565,431
1566,431
1567,431
1568,432
1569,432
1570,433
1571,433
1572,433
1573,433
1574,434
1575,435
1576,435
1577,436
1578,436
1579,436
1580,436
1581,436
1582,436
1583,436
1584,437
1585,437
1586,438
1587,439
1588,440
1589,440
1590,441
1591,441
1592,441
1593,441
1594,441
1595,441
1596,441
1597,441
1598,441
1599,441
1600,442
1601,442
1602,442
1603,442
1604,442
1605,443
1606,443
1607,443
1608,443
1609,443
1610,443
1611,443
1612,443
1613,443
1614,443
1615,443
1616,443
1617,443
1618,443
1619,443
1620,443
1621,443
1622,443
1623,443
1624,443
1625,443
1626,443
1627,443
1628,443
1629,443
1630,443
1631,443
1632,443
1633,443
1634,443
1635,443
1636,443
1637,443
1638,443
1639,443
1640,443
1641,443
1642,443
1643,443
1644,443
1645,443
1646,443
1647,443
1648,443
1649,443
1650,444
1651,444
1652,445
1653,445
1654,446
1655,446
1656,446
1657,446
1658,446
1659,446
1660,446
1661,446
1662,446
1663,446
1664,446
1665,446
1666,446
1667,446
1668,446
1669,446
1670,446
1671,446
1672,446
1673,447
1674,447
1675,447
1676,447
1677,448
1678,449
1679,449
1680,449
1681,449
1682,449
1683,449
1684,449
1685,449
1686,449
1687,449
1688,449
1689,449
1690,449
1691,449
1692,449
1693,449
1694,449
1695,449
1696,449
1697,450
1698,450
1699,450
1700,450
1701,450
1702,450
1703,450
1704,451
1705,451
1706,452
1707,453
1708,453
1709,453
1710,453
1711,453
1712,454
1713,455
1714,455
1715,455
1716,456
1717,456
1718,456
1719,456
1720,456
1721,456
1722,456
1723,456
1724,456
1725,456
1726,456
1727,456
1728,456
1729,456
1730,456
1731,456
1732,456
1733,456
1734,456
1735,456
1736,456
1737,456
1738,456
1739,456
1740,456
1741,456
1742,456
1743,456
1744,456
1745,456
1746,456
1747,457
1748,458
1749,458
1750,459
1751,459
1752,459
1753,459
1754,459
1755,459
1756,459
1757,459
1758,459
1759,459
1760,459
1761,459
1762,459
1763,460
1764,460
1765,460
1766,460
1767,460
1768,460
1769,460
1770,460
1771,460
1772,460
1773,460
1774,460
1775,460
1776,460
1777,460
1778,460
1779,460
1780,460
1781,460
1782,460
1783,460
1784,460
1785,460
1786,460
1787,460
1788,460
1789,460
1790,460
1791,460
1792,460
1793,460
1794,460
1795,460
1796,460
1797,460
1798,460
1799,460
1800,460
1801,460
1802,460
1803,460
1804,460
1805,460
1806,461
1807,462
1808,462
1809,462
1810,462
1811,462
1812,462
1813,462
1814,462
1815,462
1816,462
1817,462
1818,462
1819,462
1820,462
1821,462
1822,462
1823,462
1824,462
1825,462
1826,462
1827,462
1828,463
1829,463
1830,463
1831,463
1832,464
1833,464
1834,464
1835,464
1836,464
1837,464
1838,464
1839,464
1840,464
1841,464
1842,464
1843,464
1844,464
1845,464
1846,464
1847,464
1848,464
1849,464
1850,464
1851,464
1852,464
1853,464
1854,464
1855,464
1856,464
1857,464
1858,464
1859,464
1860,464
1861,464
1862,464
1863,464
1864,464
1865,464
1866,464
1867,464
1868,464
1869,464
1870,464
1871,464
1872,464
1873,464
1874,464
1875,464
1876,464
1877,464
1878,464
1879,464
1880,464
1881,464
1882,464
1883,464
1884,464
1885,464
1886,465
1887,465
1888,465
1889,465
1890,465
1891,465
1892,465
1893,465
1894,465
1895,465
1896,465
1897,465
1898,465
1899,465
1900,465
1901,465
1902,465
1903,465
1904,465
1905,465
1906,465
1907,465
1908,465
1909,465
1910,465
1911,465
1912,465
1913,465
1914,465
1915,465
1916,465
1917,465
1918,465
1919,465
1920,465
1921,465
1922,465
1923,465
1924,465
1925,465
1926,465
1927,465
1928,465
1929,465
1930,465
1931,465
1932,465
1933,465
1934,465
1935,465
1936,465
1937,465
1938,465
1939,465
1940,465
1941,465
1942,465
1943,465
1944,465
1945,465
1946,465
1947,465
1948,465
1949,465
1950,465
1951,465
1952,465
1953,465
1954,465
1955,465
1956,465
1957,465
1958,465
1959,465
1960,465
1961,465
1962,465
1963,465
1964,465
1965,465
1966,465
1967,465
1968,465
1969,465
1970,465
1971,465
1972,465
1973,465
1974,465
1975,465
1976,465
1977,465
1978,465
1979,465
1980,465
1981,465
1982,465
1983,465
1984,465
1985,465
1986,465
1987,465
1988,465
1989,465
1990,465
1991,465
1992,465
1993,465
1994,465
1995,465
1996,465
1997,465
1998,465
1999,465
2000,465
2001,465
2002,465
2003,465
2004,465
2005,465
2006,465
2007,466
2008,466
2009,466
2010,466
2011,466
2012,466
2013,466
2014,466
2015,466
2016,466
2017,466
2018,466
2019,466
2020,466
2021,466
2022,466
2023,466
2024,466
2025,466
2026,466
2027,466
2028,466
2029,466
2030,466
2031,466
2032,466
2033,466
2034,466
2035,466
2036,466
2037,466
2038,466
2039,466
2040,466
2041,466
2042,466
2043,467
2044,467
2045,468
2046,468
2047,468
2048,468
2049,468
2050,468
2051,468
2052,468
2053,468
2054,468
2055,468
2056,468
2057,468
2058,468
2059,468
2060,469
2061,470
2062,470
2063,471
2064,471
2065,471
2066,471
2067,471
2068,471
2069,471
2070,471
2071,471
2072,471
2073,471
2074,471
2075,472
2076,472
2077,472
2078,472
2079,472
2080,472
2081,472
2082,472
2083,472
2084,472
2085,472
2086,472
2087,472
2088,473
2089,474
2090,474
2091,474
2092,474
2093,475
2094,475
2095,476
2096,476
2097,476
2098,476
2099,476
2100,476
2101,476
2102,476
2103,476
2104,476
2105,476
2106,476
2107,476
2108,476
2109,476
2110,476
2111,476
2112,476
2113,477
2114,477
2115,477
2116,477
2117,477
2118,477
2119,477
2120,477
2121,477
2122,477
2123,477
2124,477
2125,477
2126,477
2127,477
2128,477
2129,477
2130,477
2131,477
2132,477
2133,477
2134,477
2135,477
2136,477
2137,477
2138,477
2139,477
2140,477
2141,477
2142,477
2143,477
2144,477
2145,477
2146,478
2147,478
2148,478
2149,478
2150,478
2151,478
2152,478
2153,478
2154,478
2155,478
2156,478
2157,478
2158,478
2159,478
2160,478
2161,478
2162,479
2163,479
2164,479
2165,479
2166,479
2167,479
2168,479
2169,479
2170,479
2171,479
2172,479
2173,479
2174,479
2175,479
2176,479
2177,479
2178,480
2179,480
2180,480
2181,480
2182,480
2183,480
2184,480
2185,480
2186,480
2187,480
2188,480
2189,480
2190,480
2191,480
2192,480
2193,480
2194,480
2195,480
2196,480
2197,480
2198,480
2199,480
2200,480
2201,480
2202,480
2203,480
2204,480
2205,481
2206,481
2207,481
2208,481
2209,481
2210,481
2211,481
2212,481
2213,481
2214,481
2215,481
2216,481
2217,481
2218,481
2219,481
2220,481
2221,481
2222,481
2223,481
2224,481
2225,481
2226,481
2227,481
2228,481
2229,481
2230,481
2231,481
2232,481
2233,481
2234,481
2235,481
2236,481
2237,481
2238,481
2239,481
2240,481
2241,481
2242,481
2243,481
2244,481
2245,481
2246,482
2247,482
2248,482
2249,482
2250,482
2251,482
2252,482
2253,482
2254,482
2255,482
2256,482
2257,482
2258,482
2259,482
2260,482
2261,482
2262,482
2263,482
2264,482
2265,482
2266,482
2267,482
2268,482
2269,482
2270,482
2271,482
2272,482
2273,482
2274,482
2275,482
2276,482
2277,482
2278,482
2279,482
2280,482
2281,482
2282,482
2283,482
2284,482
2285,482
2286,482
2287,482
2288,482
2289,482
2290,482
2291,482
2292,482
2293,482
2294,482
2295,482
2296,482
2297,482
2298,482
2299,482
2300,482
2301,482
2302,482
2303,482
2304,482
2305,482
2306,482
2307,482
2308,482
2309,482
2310,482
2311,482
2312,482
2313,482
2314,482
2315,482
2316,482
2317,482
2318,482
2319,482
2320,482
2321,482
2322,482
2323,482
2324,482
2325,482
2326,482
2327,482
2328,482
2329,482
2330,482
2331,482
2332,482
2333,482
2334,482
2335,482
2336,482
2337,482
2338,482
2339,482
2340,482
2341,482
2342,482
2343,482
2344,482
2345,482
2346,482
2347,482
2348,482
2349,482
2350,482
2351,482
2352,482
2353,482
2354,482
2355,482
2356,482
2357,482
2358,482
2359,482
2360,482
2361,482
2362,482
2363,482
2364,482
2365,482
2366,482
2367,482
2368,482
2369,482
2370,482
2371,482
2372,482
2373,482
2374,482
2375,482
2376,482
2377,482
2378,482
2379,482
2380,482
2381,482
2382,482
2383,482
2384,482
2385,482
2386,482
2387,482
2388,482
2389,482
2390,482
2391,482
2392,482
2393,482
2394,482
2395,482
2396,482
2397,482
2398,482
2399,482
2400,482
2401,482
2402,482
2403,482
2404,482
2405,482
2406,482
2407,482
2408,482
2409,482
2410,482
2411,482
2412,482
2413,482
2414,482
2415,482
2416,482
2417,482
2418,482
2419,482
2420,482
2421,482
2422,482
2423,482
2424,482
2425,482
2426,482
2427,482
2428,482
2429,482
2430,482
2431,482
2432,482
2433,482
2434,482
2435,482
2436,482
2437,482
2438,482
2439,482
2440,482
2441,482
2442,482
2443,482
2444,482
2445,482
2446,482
2447,482
2448,482
2449,482
2450,482
2451,482
2452,482
2453,482
2454,482
2455,482
2456,482
2457,482
2458,482
2459,482
2460,482
2461,482
2462,482
2463,482
2464,482
2465,482
2466,482
2467,482
2468,482
2469,482
2470,482
2471,482
2472,482
2473,482
2474,482
2475,482
2476,482
2477,482
2478,482
2479,482
2480,482
2481,482
2482,482
2483,482
2484,482
2485,482
2486,482
2487,482
2488,482
2489,482
2490,482
2491,482
2492,482
2493,482
2494,482
2495,482
2496,482
2497,482
2498,482
2499,482
2500,482
2501,482
2502,482
2503,482
2504,482
2505,482
2506,482
2507,482
2508,482
2509,482
2510,482
2511,482
2512,482
2513,482
2514,482
2515,482
2516,482
2517,482
2518,482
2519,482
2520,482
2521,482
2522,482
2523,482
2524,482
2525,482
2526,482
2527,482
2528,482
2529,482
2530,482
2531,482
2532,482
2533,482
2534,482
2535,482
2536,482
2537,482
2538,482
2539,482
2540,482
2541,482
2542,482
2543,482
2544,482
2545,482
2546,482
2547,482
2548,482
2549,482
2550,482
2551,482
2552,482
2553,482
2554,482
2555,482
2556,482
2557,482
2558,482
2559,482
2560,482
2561,482
2562,482
2563,482
2564,482
2565,482
2566,482
2567,482
2568,482
2569,482
2570,483
2571,483
2572,483
2573,483
2574,483
2575,483
2576,483
2577,483
2578,483
2579,483
2580,483
2581,483
2582,483
2583,483
2584,483
2585,483
2586,483
2587,483
2588,483
2589,483
2590,483
2591,483
2592,483
2593,483
2594,483
2595,483
2596,483
2597,483
2598,483
2599,483
2600,483
2601,483
2602,483
2603,483
2604,483
2605,483
2606,483
2607,483
2608,483
2609,483
2610,483
2611,483
2612,483
2613,483
2614,483
2615,483
2616,483
2617,483
2618,483
2619,483
2620,483
2621,483
2622,483
2623,483
2624,483
2625,483
2626,483
2627,483
2628,483
2629,483
2630,483
2631,483
2632,483
2633,483
2634,483
2635,483
2636,483
2637,483
2638,483
2639,483
2640,483
2641,483
2642,483
2643,483
2644,483
2645,483
2646,483
2647,483
2648,483
2649,483
2650,483
2651,483
2652,483
2653,483
2654,483
2655,483
2656,483
2657,483
2658,483
2659,483
2660,483
2661,483
2662,483
2663,483
2664,483
2665,483
2666,483
2667,483
2668,483
2669,483
2670,483
2671,483
2672,483
2673,483
2674,483
2675,483
2676,483
2677,483
2678,483
2679,483
2680,483
2681,483
2682,483
2683,483
2684,483
2685,483
2686,483
2687,483
2688,483
2689,483
2690,483
2691,483
2692,483
2693,483
2694,483
2695,483
2696,483
2697,483
2698,483
2699,483
2700,483
2701,483
2702,483
2703,483
2704,483
2705,483
2706,483
2707,483
2708,483
2709,483
2710,483
2711,483
2712,483
2713,483
2714,483
2715,483
2716,483
2717,483
2718,483
2719,483
2720,483
2721,483
2722,483
2723,483
2724,483
2725,483
2726,483
2727,483
2728,483
2729,483
2730,484
2731,484
2732,484
2733,484
2734,484
2735,484
2736,484
2737,484
2738,484
2739,485
2740,486
2741,486
2742,486
2743,486
2744,486
2745,486
2746,486
2747,486
2748,486
2749,486
2750,486
2751,486
2752,486
2753,486
2754,486
2755,486
2756,486
2757,486
2758,486
2759,486
2760,486
2761,486
2762,486
2763,486
2764,486
2765,486
2766,486
2767,486
2768,486
2769,486
2770,486
2771,486
2772,486
2773,486
2774,486
2775,486
2776,486
2777,486
2778,486
2779,486
2780,486
2781,486
2782,486
2783,486
2784,486
2785,486
2786,486
2787,486
2788,486
2789,486
2790,486
2791,486
2792,486
2793,486
2794,486
2795,486
2796,486
2797,486
2798,486
2799,486
2800,486
2801,486
2802,486
2803,486
2804,486
2805,486
2806,486
2807,486
2808,486
2809,486
2810,486
2811,486
2812,486
2813,486
2814,486
2815,486
2816,487
2817,487
2818,487
2819,487
2820,487
2821,487
2822,487
2823,487
2824,487
2825,487
2826,487
2827,487
2828,487
2829,487
2830,487
2831,487
2832,487
2833,487
2834,487
2835,487
2836,487
2837,487
2838,487
2839,487
2840,487
2841,487
2842,487
2843,487
2844,487
2845,487
2846,487
2847,487
2848,487
2849,487
2850,487
2851,487
2852,487
2853,487
2854,487
2855,487
2856,487
2857,487
2858,487
2859,487
2860,487
2861,487
2862,487
2863,487
2864,487
2865,487
2866,487
2867,487
2868,487
2869,487
2870,487
2871,488
2872,488
2873,488
2874,488
2875,488
2876,488
2877,488
2878,488
2879,488
2880,488
2881,488
2882,488
2883,488
2884,488
2885,488
2886,488
2887,488
2888,488
2889,488
2890,488
2891,488
2892,488
2893,488
2894,489
2895,489
2896,489
2897,489
2898,489
2899,489
2900,489
2901,489
2902,489
2903,489
2904,489
2905,489
2906,489
2907,489
2908,489
2909,489
2910,489
2911,489
2912,489
2913,489
2914,489
2915,489
2916,489
2917,489
2918,489
2919,489
2920,489
2921,489
2922,489
2923,489
2924,489
2925,489
2926,489
2927,489
2928,489
2929,489
2930,489
2931,489
2932,489
2933,489
2934,489
2935,489
2936,489
2937,489
2938,489
2939,489
2940,489
2941,489
2942,489
2943,489
2944,489
2945,489
2946,489
2947,489
2948,489
2949,489
2950,489
2951,489
2952,489
2953,489
2954,489
2955,489
2956,489
2957,489
2958,489
2959,489
2960,489
2961,489
2962,489
2963,489
2964,489
2965,489
2966,489
2967,489
2968,489
2969,489
2970,489
2971,489
2972,490
2973,490
2974,490
2975,490
2976,490
2977,490
2978,490
2979,490
2980,490
2981,490
2982,490
2983,490
2984,490
2985,490
2986,490
2987,490
2988,490
2989,490
2990,490
2991,490
2992,490
2993,490
2994,490
2995,490
2996,490
2997,490
2998,490
2999,490
3000,490
3001,490
3002,490
3003,490
3004,490
3005,490
3006,490
3007,490
3008,490
3009,490
3010,490
3011,490
3012,490
3013,490
3014,490
3015,490
3016,490
3017,490
3018,490
3019,490
3020,490
3021,490
3022,490
3023,490
3024,490
3025,490
3026,490
3027,490
3028,490
3029,490
3030,490
3031,490
3032,490
3033,490
3034,490
3035,490
3036,490
3037,490
3038,490
3039,490
3040,490
3041,490
3042,490
3043,490
3044,490
3045,490
3046,490
3047,490
3048,490
3049,490
3050,490
3051,490
3052,490
3053,490
3054,490
3055,490
3056,490
3057,490
3058,490
3059,490
3060,490
3061,490
3062,490
3063,490
3064,490
3065,490
3066,490
3067,490
3068,490
3069,490
3070,490
3071,490
3072,490
3073,490
3074,490
3075,490
3076,490
3077,490
3078,490
3079,490
3080,490
3081,490
3082,490
3083,490
3084,490
3085,490
3086,490
3087,490
3088,490
3089,490
3090,490
3091,490
3092,490
3093,490
3094,490
3095,490
3096,490
3097,490
3098,490
3099,490
3100,490
3101,490
3102,490
3103,490
3104,490
3105,490
3106,490
3107,490
3108,490
3109,490
3110,490
3111,490
3112,490
3113,490
3114,490
3115,490
3116,490
3117,490
3118,490
3119,490
3120,490
3121,490
3122,490
3123,490
3124,490
3125,490
3126,490
3127,490
3128,490
3129,490
3130,490
3131,490
3132,490
3133,490
3134,490
3135,490
3136,490
3137,490
3138,490
3139,490
3140,490
3141,490
3142,490
3143,490
3144,490
3145,490
3146,490
3147,490
3148,490
3149,490
3150,490
3151,490
3152,490
3153,490
3154,490
3155,490
3156,490
3157,490
3158,490
3159,490
3160,490
3161,490
3162,490
3163,490
3164,490
3165,490
3166,490
3167,490
3168,490
3169,490
3170,490
3171,490
3172,490
3173,490
3174,490
3175,490
3176,490
3177,490
3178,490
3179,490
3180,490
3181,490
3182,490
3183,490
3184,490
3185,490
3186,490
3187,490
3188,490
3189,490
3190,490
3191,490
3192,490
3193,490
3194,490
3195,490
3196,490
3197,490
3198,490
3199,490
3200,490
3201,490
3202,490
3203,490
3204,490
3205,490
3206,490
3207,490
3208,490
3209,490
3210,490
3211,490
3212,490
3213,490
3214,490
3215,490
3216,490
3217,490
3218,490
3219,490
3220,490
3221,490
3222,490
3223,490
3224,490
3225,490
3226,490
3227,490
3228,490
3229,490
3230,491
3231,491
3232,491
3233,491
3234,491
3235,491
3236,491
3237,491
3238,491
3239,491
3240,491
3241,491
3242,491
3243,491
3244,491
3245,491
3246,491
3247,491
3248,491
3249,491
3250,491
3251,491
3252,491
3253,491
3254,491
3255,491
3256,491
3257,491
3258,491
3259,491
3260,491
3261,491
3262,491
3263,491
3264,491
3265,491
3266,491
3267,491
3268,491
3269,491
3270,491
3271,491
3272,491
3273,491
3274,491
3275,491
3276,491
3277,491
3278,491
3279,491
3280,491
3281,491
3282,491
3283,491
3284,491
3285,491
3286,491
3287,491
3288,491
3289,491
3290,491
3291,491
3292,491
3293,491
3294,491
3295,491
3296,491
3297,491
3298,491
3299,491
3300,491
3301,491
3302,491
3303,491
3304,491
3305,491
3306,491
3307,491
3308,491
3309,491
3310,491
3311,491
3312,491
3313,491
3314,491
3315,491
3316,491
3317,491
3318,491
3319,491
3320,491
3321,491
3322,491
3323,491
3324,491
3325,491
3326,491
3327,491
3328,491
3329,491
3330,491
3331,491
3332,491
3333,491
3334,491
3335,491
3336,491
3337,491
3338,491
3339,491
3340,491
3341,491
3342,491
3343,491
3344,491
3345,491
3346,491
3347,491
3348,491
3349,491
3350,491
3351,491
3352,491
3353,491
3354,491
3355,491
3356,491
3357,491
3358,491
3359,491
3360,491
3361,491
3362,491
3363,491
3364,491
3365,491
3366,491
3367,491
3368,491
3369,491
3370,491
3371,491
3372,491
3373,491
3374,491
3375,491
3376,491
3377,491
3378,491
3379,491
3380,491
3381,491
3382,491
3383,491
3384,491
3385,491
3386,491
3387,491
3388,491
3389,491
3390,491
3391,491
3392,491
3393,491
3394,491
3395,491
3396,491
3397,491
3398,491
3399,491
3400,491
3401,491
3402,491
3403,491
3404,491
3405,491
3406,491
3407,491
3408,491
3409,492
3410,492
3411,492
3412,492
3413,492
3414,493
3415,493
3416,493
3417,493
3418,493
3419,493
3420,493
3421,493
3422,493
3423,493
3424,493
3425,493
3426,493
3427,493
3428,493
3429,493
3430,493
3431,493
3432,493
3433,493
3434,493
3435,493
3436,493
3437,493
3438,493
3439,493
3440,493
3441,493
3442,493
3443,493
3444,493
3445,493
3446,493
3447,493
3448,493
3449,493
3450,493
3451,493
3452,493
3453,493
3454,493
3455,493
3456,493
3457,493
3458,493
3459,493
3460,493
3461,493
3462,493
3463,493
3464,493
3465,493
3466,493
3467,493
3468,493
3469,493
3470,493
3471,493
3472,493
3473,493
3474,493
3475,493
3476,493
3477,493
3478,493
3479,493
3480,493
3481,493
3482,493
3483,493
3484,493
3485,493
3486,493
3487,493
3488,493
3489,493
3490,493
3491,493
3492,493
3493,493
3494,493
3495,493
3496,494
3497,494
3498,494
3499,494
3500,494
3501,494
3502,494
3503,494
3504,494
3505,494
3506,494
3507,494
3508,494
3509,494
3510,494
3511,494
3512,494
3513,494
3514,494
3515,494
3516,494
3517,494
3518,494
3519,494
3520,494
3521,494
3522,494
3523,494
3524,494
3525,494
3526,494
3527,494
3528,494
3529,494
3530,494
3531,494
3532,494
3533,494
3534,494
3535,494
3536,494
3537,494
3538,494
3539,494
3540,494
3541,494
3542,494
3543,494
3544,494
3545,494
3546,494
3547,494
3548,494
3549,494
3550,494
3551,494
3552,494
3553,494
3554,494
3555,494
3556,494
3557,494
3558,494
3559,494
3560,494
3561,494
3562,494
3563,494
3564,494
3565,494
3566,494
3567,494
3568,494
3569,494
3570,494
3571,494
3572,494
3573,494
3574,494
3575,494
3576,494
3577,494
3578,494
3579,494
3580,494
3581,494
3582,494
3583,494
3584,494
3585,494
3586,494
3587,494
3588,494
3589,494
3590,494
3591,494
3592,494
3593,494
3594,494
3595,494
3596,494
3597,494
3598,494
3599,494
3600,494
3601,494
3602,494
3603,494
3604,494
3605,494
3606,494
3607,494
3608,494
3609,494
3610,494
3611,494
3612,494
3613,494
3614,494
3615,494
3616,494
3617,494
3618,494
3619,494
3620,494
3621,494
3622,494
3623,494
3624,494
3625,494
3626,494
3627,494
3628,494
3629,494
3630,494
3631,494
3632,494
3633,494
3634,494
3635,494
3636,494
3637,494
3638,494
3639,494
3640,494
3641,494
3642,494
3643,494
3644,494
3645,494
3646,494
3647,494
3648,494
3649,494
3650,494
3651,494
3652,494
3653,494
3654,494
3655,494
3656,494
3657,494
3658,494
3659,494
3660,494
3661,494
3662,494
3663,494
3664,494
3665,494
3666,495
3667,495
3668,495
3669,495
3670,495
3671,495
3672,495
3673,495
3674,495
3675,495
3676,496
3677,496
3678,496
3679,496
3680,496
3681,496
3682,496
3683,496
3684,496
3685,496
3686,496
3687,496
3688,496
3689,496
3690,497
3691,497
3692,497
3693,497
3694,497
3695,497
3696,497
3697,497
3698,497
3699,497
3700,497
3701,497
3702,497
3703,497
3704,497
3705,497
3706,497
3707,497
3708,497
3709,497
3710,497
3711,497
3712,497
3713,497
3714,497
3715,497
3716,497
3717,497
3718,497
3719,497
3720,497
3721,497
3722,497
3723,497
3724,497
3725,497
3726,497
3727,497
3728,497
3729,497
3730,497
3731,497
3732,497
3733,497
3734,497
3735,497
3736,497
3737,497
3738,497
3739,497
3740,497
3741,497
3742,497
3743,497
3744,497
3745,497
3746,497
3747,497
3748,497
3749,497
3750,497
3751,497
3752,497
3753,497
3754,497
3755,497
3756,497
3757,497
3758,497
3759,497
3760,497
3761,497
3762,497
3763,497
3764,497
3765,497
3766,497
3767,497
3768,497
3769,497
3770,497
3771,497
3772,497
3773,497
3774,497
3775,497
3776,497
3777,497
3778,497
3779,497
3780,497
3781,497
3782,497
3783,497
3784,497
3785,497
3786,497
3787,497
3788,497
3789,497
3790,497
3791,497
3792,497
3793,497
3794,497
3795,497
3796,497
3797,497
3798,497
3799,497
3800,497
3801,497
3802,497
3803,497
3804,497
3805,497
3806,497
3807,497
3808,497
3809,497
3810,497
3811,497
3812,497
3813,497
3814,497
3815,497
3816,497
3817,497
3818,497
3819,497
3820,497
3821,497
3822,497
3823,497
3824,497
3825,497
3826,497
3827,497
3828,497
3829,497
3830,497
3831,497
3832,497
3833,497
3834,497
3835,497
3836,497
3837,497
3838,497
3839,497
3840,497
3841,497
3842,497
3843,497
3844,497
3845,497
3846,497
3847,497
3848,497
3849,497
3850,497
3851,497
3852,497
3853,497
3854,497
3855,497
3856,497
3857,497
3858,497
3859,497
3860,497
3861,497
3862,497
3863,497
3864,497
3865,497
3866,497
3867,497
3868,497
3869,497
3870,497
3871,497
3872,497
3873,497
3874,497
3875,497
3876,497
3877,497
3878,497
3879,497
3880,497
3881,497
3882,497
3883,497
3884,497
3885,497
3886,497
3887,497
3888,497
3889,497
3890,497
3891,497
3892,497
3893,497
3894,497
3895,497
3896,497
3897,497
3898,497
3899,497
3900,497
3901,497
3902,497
3903,497
3904,497
3905,497
3906,497
3907,497
3908,497
3909,497
3910,497
3911,497
3912,497
3913,497
3914,497
3915,497
3916,497
3917,497
3918,497
3919,497
3920,497
3921,497
3922,497
3923,497
3924,497
3925,497
3926,497
3927,497
3928,497
3929,497
3930,497
3931,497
3932,497
3933,497
3934,497
3935,497
3936,497
3937,497
3938,497
3939,497
3940,497
3941,497
3942,497
3943,497
3944,497
3945,497
3946,497
3947,497
3948,497
3949,497
3950,497
3951,497
3952,497
3953,497
3954,497
3955,497
3956,497
3957,497
3958,497
3959,497
3960,497
3961,497
3962,497
3963,497
3964,497
3965,497
3966,497
3967,497
3968,497
3969,497
3970,497
3971,497
3972,497
3973,497
3974,497
3975,497
3976,497
3977,497
3978,497
3979,497
3980,497
3981,497
3982,497
3983,497
3984,497
3985,497
3986,497
3987,497
3988,497
3989,497
3990,497
3991,497
3992,497
3993,497
3994,497
3995,497
3996,497
3997,497
3998,497
3999,497
4000,497
4001,497
4002,497
4003,497
4004,497
4005,497
4006,497
4007,497
4008,497
4009,497
4010,497
4011,497
4012,497
4013,497
4014,497
4015,497
4016,497
4017,497
4018,497
4019,497
4020,497
4021,497
4022,497
4023,497
4024,497
4025,497
4026,497
4027,497
4028,497
4029,497
4030,497
4031,497
4032,497
4033,497
4034,497
4035,497
4036,497
4037,497
4038,497
4039,497
4040,497
4041,497
4042,497
4043,497
4044,497
4045,497
4046,497
4047,497
4048,497
4049,497
4050,497
4051,497
4052,497
4053,497
4054,497
4055,497
4056,497
4057,497
4058,497
4059,497
4060,497
4061,497
4062,497
4063,497
4064,497
4065,497
4066,497
4067,497
4068,497
4069,497
4070,497
4071,497
4072,497
4073,497
4074,497
4075,497
4076,497
4077,497
4078,497
4079,497
4080,497
4081,497
4082,497
4083,497
4084,497
4085,497
4086,497
4087,497
4088,497
4089,497
4090,497
4091,497
4092,497
4093,497
4094,497
4095,497
4096,497
4097,497
4098,497
4099,497
4100,497
4101,497
4102,497
4103,497
4104,497
4105,497
4106,497
4107,497
4108,497
4109,497
4110,497
4111,497
4112,497
4113,497
4114,497
4115,497
4116,497
4117,497
4118,497
4119,497
4120,497
4121,497
4122,497
4123,497
4124,497
4125,497
4126,497
4127,497
4128,497
4129,497
4130,497
4131,497
4132,497
4133,497
4134,497
4135,497
4136,497
4137,497
4138,497
4139,497
4140,497
4141,497
4142,497
4143,497
4144,497
4145,497
4146,497
4147,497
4148,497
4149,497
4150,497
4151,497
4152,497
4153,497
4154,497
4155,497
4156,497
4157,497
4158,497
4159,497
4160,497
4161,497
4162,497
4163,497
4164,497
4165,497
4166,497
4167,497
4168,497
4169,497
4170,497
4171,497
4172,497
4173,497
4174,497
4175,497
4176,497
4177,497
4178,497
4179,497
4180,497
4181,497
4182,497
4183,497
4184,497
4185,497
4186,497
4187,497
4188,497
4189,497
4190,497
4191,497
4192,497
4193,497
4194,497
4195,497
4196,497
4197,497
4198,497
4199,497
4200,497
4201,497
4202,497
4203,497
4204,497
4205,497
4206,497
4207,497
4208,497
4209,497
4210,497
4211,497
4212,497
4213,497
4214,497
4215,497
4216,497
4217,497
4218,497
4219,497
4220,497
4221,497
4222,497
4223,497
4224,497
4225,497
4226,497
4227,497
4228,497
4229,497
4230,497
4231,497
4232,497
4233,497
4234,497
4235,497
4236,497
4237,497
4238,497
4239,497
4240,497
4241,497
4242,497
4243,497
4244,497
4245,497
4246,497
4247,497
4248,497
4249,497
4250,497
4251,497
4252,497
4253,497
4254,497
4255,497
4256,497
4257,497
4258,497
4259,497
4260,497
4261,497
4262,497
4263,497
4264,497
4265,497
4266,497
4267,497
4268,497
4269,497
4270,497
4271,497
4272,497
4273,497
4274,497
4275,497
4276,497
4277,497
4278,497
4279,497
4280,497
4281,497
4282,497
4283,497
4284,497
4285,497
4286,497
4287,497
4288,497
4289,497
4290,497
4291,497
4292,497
4293,497
4294,497
4295,497
4296,497
4297,497
4298,497
4299,497
4300,497
4301,497
4302,497
4303,497
4304,497
4305,497
4306,497
4307,497
4308,497
4309,497
4310,497
4311,497
4312,497
4313,497
4314,497
4315,497
4316,497
4317,497
4318,497
4319,497
4320,497
4321,497
4322,497
4323,497
4324,497
4325,497
4326,497
4327,497
4328,497
4329,497
4330,497
4331,497
4332,497
4333,497
4334,497
4335,497
4336,497
4337,497
4338,497
4339,497
4340,497
4341,497
4342,497
4343,497
4344,497
4345,497
4346,497
4347,497
4348,497
4349,497
4350,497
4351,497
4352,497
4353,497
4354,497
4355,497
4356,497
4357,497
4358,497
4359,497
4360,497
4361,497
4362,497
4363,497
4364,497
4365,497
4366,497
4367,497
4368,497
4369,497
4370,497
4371,497
4372,497
4373,497
4374,497
4375,497
4376,497
4377,497
4378,497
4379,497
4380,497
4381,497
4382,497
4383,497
4384,497
4385,497
4386,497
4387,497
4388,497
4389,497
4390,497
4391,497
4392,497
4393,497
4394,497
4395,497
4396,497
4397,497
4398,497
4399,497
4400,497
4401,497
4402,497
4403,497
4404,497
4405,497
4406,497
4407,497
4408,497
4409,497
4410,497
4411,497
4412,497
4413,497
4414,497
4415,497
4416,497
4417,497
4418,497
4419,497
4420,497
4421,497
4422,497
4423,497
4424,497
4425,497
4426,497
4427,497
4428,497
4429,497
4430,497
4431,497
4432,497
4433,497
4434,497
4435,497
4436,497
4437,497
4438,497
4439,497
4440,497
4441,497
4442,497
4443,497
4444,497
4445,497
4446,497
4447,497
4448,497
4449,497
4450,497
4451,497
4452,497
4453,497
4454,497
4455,497
4456,497
4457,497
4458,497
4459,497
4460,497
4461,497
4462,497
4463,497
4464,497
4465,497
4466,497
4467,497
4468,497
4469,497
4470,497
4471,497
4472,497
4473,497
4474,497
4475,497
4476,497
4477,497
4478,497
4479,497
4480,497
4481,497
4482,497
4483,497
4484,497
4485,497
4486,497
4487,497
4488,497
4489,497
4490,497
4491,497
4492,497
4493,497
4494,497
4495,497
4496,497
4497,497
4498,497
4499,497
4500,497
4501,497
4502,497
4503,497
4504,497
4505,497
4506,497
4507,497
4508,497
4509,497
4510,497
4511,497
4512,497
4513,497
4514,497
4515,497
4516,497
4517,497
4518,497
4519,497
4520,497
4521,497
4522,497
4523,497
4524,497
4525,497
4526,497
4527,497
4528,497
4529,497
4530,497
4531,497
4532,497
4533,497
4534,497
4535,497
4536,497
4537,497
4538,497
4539,497
4540,497
4541,497
4542,497
4543,497
4544,497
4545,497
4546,497
4547,497
4548,497
4549,497
4550,497
4551,497
4552,497
4553,497
4554,497
4555,497
4556,497
4557,497
4558,497
4559,497
4560,497
4561,497
4562,497
4563,497
4564,497
4565,497
4566,497
4567,497
4568,497
4569,497
4570,497
4571,497
4572,497
4573,497
4574,497
4575,497
4576,497
4577,497
4578,497
4579,497
4580,497
4581,497
4582,497
4583,497
4584,497
4585,497
4586,497
4587,497
4588,497
4589,497
4590,497
4591,497
4592,497
4593,497
4594,497
4595,497
4596,497
4597,497
4598,497
4599,497
4600,497
4601,497
4602,497
4603,497
4604,497
4605,497
4606,497
4607,497
4608,497
4609,497
4610,497
4611,497
4612,497
4613,497
4614,497
4615,497
4616,497
4617,497
4618,497
4619,497
4620,497
4621,497
4622,497
4623,497
4624,497
4625,497
4626,497
4627,497
4628,497
4629,497
4630,497
4631,497
4632,497
4633,497
4634,497
4635,497
4636,497
4637,497
4638,497
4639,497
4640,497
4641,497
4642,497
4643,497
4644,497
4645,497
4646,497
4647,497
4648,497
4649,497
4650,497
4651,497
4652,497
4653,497
4654,497
4655,497
4656,497
4657,497
4658,497
4659,497
4660,497
4661,497
4662,497
4663,497
4664,497
4665,497
4666,497
4667,497
4668,497
4669,497
4670,497
4671,497
4672,497
4673,497
4674,497
4675,497
4676,497
4677,497
4678,497
4679,497
4680,497
4681,497
4682,497
4683,497
4684,497
4685,497
4686,497
4687,497
4688,497
4689,497
4690,497
4691,497
4692,497
4693,497
4694,497
4695,497
4696,497
4697,497
4698,497
4699,497
4700,497
4701,497
4702,497
4703,497
4704,497
4705,497
4706,497
4707,497
4708,497
4709,497
4710,497
4711,497
4712,497
4713,497
4714,497
4715,497
4716,497
4717,497
4718,497
4719,497
4720,497
4721,497
4722,497
4723,497
4724,497
4725,497
4726,497
4727,497
4728,497
4729,497
4730,497
4731,497
4732,497
4733,497
4734,497
4735,497
4736,497
4737,497
4738,497
4739,497
4740,497
4741,497
4742,497
4743,497
4744,497
4745,497
4746,497
4747,497
4748,497
4749,497
4750,497
4751,497
4752,497
4753,497
4754,497
4755,497
4756,497
4757,497
4758,497
4759,497
4760,497
4761,497
4762,497
4763,497
4764,497
4765,497
4766,497
4767,497
4768,497
4769,497
4770,497
4771,497
4772,497
4773,497
4774,497
4775,497
4776,497
4777,497
4778,497
4779,497
4780,497
4781,497
4782,497
4783,497
4784,497
4785,497
4786,497
4787,497
4788,497
4789,497
4790,497
4791,497
4792,497
4793,497
4794,497
4795,497
4796,497
4797,497
4798,497
4799,497
4800,497
4801,497
4802,497
4803,497
4804,497
4805,497
4806,497
4807,497
4808,497
4809,497
4810,497
4811,497
4812,497
4813,497
4814,497
4815,497
4816,497
4817,497
4818,497
4819,497
4820,497
4821,497
4822,497
4823,497
4824,497
4825,497
4826,497
4827,497
4828,497
4829,497
4830,497
4831,497
4832,497
4833,497
4834,497
4835,497
4836,497
4837,497
4838,497
4839,497
4840,497
4841,497
4842,497
4843,497
4844,497
4845,497
4846,497
4847,497
4848,497
4849,497
4850,497
4851,497
4852,497
4853,497
4854,497
4855,497
4856,497
4857,497
4858,497
4859,497
4860,497
4861,497
4862,497
4863,497
4864,497
4865,497
4866,497
4867,497
4868,497
4869,497
4870,497
4871,497
4872,497
4873,497
4874,497
4875,497
4876,497
4877,497
4878,497
4879,497
4880,497
4881,497
4882,497
4883,497
4884,497
4885,497
4886,497
4887,497
4888,497
4889,497
4890,497
4891,497
4892,497
4893,497
4894,497
4895,497
4896,497
4897,497
4898,497
4899,497
4900,497
4901,497
4902,497
4903,497
4904,497
4905,497
4906,497
4907,497
4908,497
4909,497
4910,497
4911,497
4912,497
4913,497
4914,497
4915,497
4916,497
4917,497
4918,497
4919,497
4920,497
4921,497
4922,497
4923,497
4924,497
4925,497
4926,497
4927,497
4928,497
4929,497
4930,497
4931,497
4932,497
4933,497
4934,497
4935,497
4936,497
4937,497
4938,497
4939,497
4940,497
4941,497
4942,497
4943,497
4944,497
4945,497
4946,497
4947,497
4948,497
4949,497
4950,497
4951,497
4952,497
4953,497
4954,497
4955,497
4956,497
4957,497
4958,497
4959,497
4960,497
4961,497
4962,497
4963,497
4964,497
4965,497
4966,497
4967,497
4968,497
4969,497
4970,497
4971,497
4972,497
4973,497
4974,497
4975,497
4976,497
4977,497
4978,497
4979,497
4980,497
4981,497
4982,497
4983,497
4984,497
4985,497
4986,497
4987,497
4988,497
4989,497
4990,497
4991,497
4992,497
4993,497
4994,497
4995,497
4996,497
4997,497
4998,497
4999,497
5000,497
5001,497
5002,497
5003,497
5004,497
5005,497
5006,497
5007,497
5008,497
5009,497
5010,497
5011,497
5012,497
5013,497
5014,497
5015,497
5016,497
5017,497
5018,497
5019,497
5020,497
5021,497
5022,497
5023,497
5024,497
5025,497
5026,497
5027,497
5028,497
5029,497
5030,497
5031,497
5032,497
5033,497
5034,497
5035,497
5036,497
5037,497
5038,497
5039,497
5040,497
5041,497
5042,497
5043,497
5044,497
5045,497
5046,497
5047,497
5048,497
5049,497
5050,497
5051,497
5052,497
5053,497
5054,497
5055,497
5056,497
5057,497
5058,497
5059,497
5060,497
5061,497
5062,497
5063,497
5064,497
5065,497
5066,497
5067,497
5068,497
5069,497
5070,497
5071,497
5072,497
5073,497
5074,497
5075,497
5076,497
5077,497
5078,497
5079,497
5080,497
5081,497
5082,497
5083,497
5084,497
5085,497
5086,497
5087,497
5088,497
5089,497
5090,497
5091,497
5092,497
5093,497
5094,497
5095,497
5096,497
5097,497
5098,497
5099,497
5100,497
5101,497
5102,497
5103,497
5104,497
5105,497
5106,497
5107,497
5108,497
5109,497
5110,497
5111,497
5112,497
5113,497
5114,497
5115,497
5116,497
5117,497
5118,497
5119,497
5120,497
5121,497
5122,497
5123,497
5124,497
5125,497
5126,497
5127,497
5128,497
5129,497
5130,497
5131,497
5132,497
5133,497
5134,497
5135,497
5136,497
5137,497
5138,497
5139,497
5140,497
5141,497
5142,497
5143,497
5144,497
5145,497
5146,497
5147,497
5148,497
5149,497
5150,497
5151,497
5152,497
5153,497
5154,497
5155,497
5156,497
5157,497
5158,497
5159,497
5160,497
5161,497
5162,497
5163,497
5164,497
5165,497
5166,497
5167,497
5168,497
5169,497
5170,497
5171,497
5172,497
5173,497
5174,497
5175,497
5176,497
5177,497
5178,497
5179,497
5180,497
5181,497
5182,497
5183,497
5184,497
5185,497
5186,497
5187,497
5188,497
5189,497
5190,497
5191,497
5192,497
5193,497
5194,497
5195,497
5196,497
5197,497
5198,497
5199,497
5200,497
5201,497
5202,498
5203,498
5204,498
5205,498
5206,498
5207,498
5208,498
5209,498
5210,498
5211,498
5212,498
5213,498
5214,498
5215,498
5216,498
5217,498
5218,498
5219,498
5220,498
5221,498
5222,498
5223,498
5224,498
5225,498
5226,498
5227,498
5228,498
5229,498
5230,498
5231,498
5232,498
5233,498
5234,498
5235,498
5236,498
5237,498
5238,498
5239,498
5240,498
5241,498
5242,498
5243,498
5244,498
5245,498
5246,498
5247,498
5248,498
5249,498
5250,498
5251,498
5252,498
5253,498
5254,498
5255,498
5256,498
5257,498
5258,498
5259,498
5260,498
5261,498
5262,499
5263,499
5264,499
5265,499
5266,499
5267,499
5268,499
5269,499
5270,499
5271,499
5272,499
5273,499
5274,499
5275,499
5276,499
5277,499
5278,499
5279,499
5280,499
5281,499
5282,499
5283,499
5284,499
5285,499
5286,499
5287,499
5288,499
5289,499
5290,499
5291,499
5292,499
5293,499
5294,499
5295,499
5296,499
5297,499
5298,499
5299,499
5300,499
5301,499
5302,499
5303,499
5304,499
5305,499
5306,499
5307,499
5308,499
5309,499
5310,499
5311,499
5312,499
5313,499
5314,499
5315,499
5316,499
5317,499
5318,499
5319,499
5320,499
5321,499
5322,499
5323,499
5324,499
5325,499
5326,499
5327,499
5328,499
5329,499
5330,499
5331,499
5332,499
5333,499
5334,499
5335,499
5336,499
5337,499
5338,499
5339,499
5340,499
5341,499
5342,499
5343,499
5344,499
5345,499
5346,499
5347,499
5348,499
5349,499
5350,499
5351,499
5352,499
5353,499
5354,499
5355,499
5356,499
5357,499
5358,499
5359,499
5360,499
5361,499
5362,499
5363,499
5364,499
5365,499
5366,499
5367,499
5368,499
5369,499
5370,499
5371,499
5372,499
5373,499
5374,499
5375,499
5376,499
5377,499
5378,499
5379,499
5380,499
5381,499
5382,499
5383,499
5384,499
5385,499
5386,499
5387,499
5388,499
5389,499
5390,499
5391,499
5392,499
5393,499
5394,499
5395,499
5396,499
5397,499
5398,499
5399,499
5400,499
5401,499
5402,499
5403,499
5404,499
5405,499
5406,499
5407,499
5408,499
5409,499
5410,499
5411,499
5412,499
5413,499
5414,499
5415,499
5416,499
5417,499
5418,499
5419,499
5420,499
5421,499
5422,499
5423,499
5424,499
5425,499
5426,499
5427,499
5428,499
5429,499
5430,499
5431,499
5432,499
5433,499
5434,499
5435,499
5436,499
5437,499
5438,499
5439,499
5440,499
5441,499
5442,499
5443,499
5444,499
5445,499
5446,499
5447,499
5448,499
5449,499
5450,499
5451,499
5452,499
5453,499
5454,499
5455,499
5456,499
5457,499
5458,499
5459,499
5460,499
5461,499
5462,499
5463,499
5464,499
5465,499
5466,499
5467,499
5468,499
5469,499
5470,499
5471,499
5472,499
5473,499
5474,499
5475,499
5476,499
5477,499
5478,499
5479,499
5480,499
5481,499
5482,499
5483,499
5484,499
5485,499
5486,499
5487,499
5488,499
5489,499
5490,499
5491,499
5492,499
5493,499
5494,499
5495,499
5496,499
5497,499
5498,499
5499,499
5500,499
5501,499
5502,499
5503,499
5504,499
5505,499
5506,499
5507,499
5508,499
5509,499
5510,499
5511,499
5512,499
5513,499
5514,499
5515,499
5516,499
5517,499
5518,499
5519,499
5520,499
5521,499
5522,499
5523,499
5524,499
5525,499
5526,499
5527,499
5528,499
5529,499
5530,499
5531,499
5532,499
5533,499
5534,499
5535,499
5536,499
5537,499
5538,499
5539,499
5540,499
5541,499
5542,499
5543,499
5544,499
5545,499
5546,499
5547,499
5548,499
5549,499
5550,499
5551,499
5552,499
5553,499
5554,499
5555,499
5556,499
5557,499
5558,499
5559,499
5560,499
5561,499
5562,499
5563,499
5564,499
5565,499
5566,499
5567,499
5568,499
5569,499
5570,499
5571,499
5572,499
5573,499
5574,499
5575,499
5576,499
5577,499
5578,499
5579,499
5580,499
5581,499
5582,499
5583,499
5584,499
5585,499
5586,499
5587,499
5588,499
5589,499
5590,499
5591,499
5592,499
5593,499
5594,499
5595,499
5596,499
5597,499
5598,499
5599,499
5600,499
5601,499
5602,499
5603,499
5604,499
5605,499
5606,499
5607,499
5608,499
5609,499
5610,499
5611,499
5612,499
5613,499
5614,499
5615,499
5616,499
5617,499
5618,499
5619,499
5620,499
5621,499
5622,499
5623,499
5624,499
5625,499
5626,499
5627,499
5628,499
5629,499
5630,499
5631,499
5632,499
5633,499
5634,499
5635,499
5636,499
5637,499
5638,499
5639,499
5640,499
5641,499
5642,499
5643,499
5644,499
5645,499
5646,499
5647,499
5648,499
5649,499
5650,499
5651,499
5652,499
5653,499
5654,499
5655,499
5656,499
5657,499
5658,499
5659,499
5660,499
5661,499
5662,499
5663,499
5664,499
5665,499
5666,499
5667,499
5668,499
5669,499
5670,499
5671,499
5672,499
5673,499
5674,499
5675,499
5676,499
5677,499
5678,499
5679,499
5680,499
5681,499
5682,499
5683,499
5684,499
5685,499
5686,499
5687,499
5688,499
5689,499
5690,499
5691,499
5692,499
5693,499
5694,499
5695,499
5696,499
5697,499
5698,499
5699,499
5700,499
5701,499
5702,499
5703,499
5704,499
5705,499
5706,499
5707,499
5708,499
5709,499
5710,499
5711,499
5712,499
5713,499
5714,499
5715,499
5716,499
5717,499
5718,499
5719,499
5720,499
5721,499
5722,499
5723,499
5724,499
5725,499
5726,499
5727,499
5728,499
5729,499
5730,499
5731,499
5732,499
5733,499
5734,499
5735,499
5736,499
5737,499
5738,499
5739,499
5740,499
5741,499
5742,499
5743,499
5744,499
5745,499
5746,499
5747,499
5748,499
5749,499
5750,499
5751,499
5752,499
5753,499
5754,499
5755,499
5756,499
5757,499
5758,499
5759,499
5760,499
5761,499
5762,499
5763,499
5764,499
5765,499
5766,499
5767,499
5768,499
5769,499
5770,499
5771,499
5772,499
5773,499
5774,499
5775,499
5776,499
5777,499
5778,499
5779,499
5780,499
5781,499
5782,499
5783,499
5784,499
5785,499
5786,499
5787,499
5788,499
5789,499
5790,499
5791,499
5792,499
5793,499
5794,499
5795,499
5796,499
5797,499
5798,499
5799,499
5800,499
5801,499
5802,499
5803,499
5804,499
5805,499
5806,499
5807,499
5808,499
5809,499
5810,499
5811,499
5812,499
5813,499
5814,499
5815,499
5816,499
5817,499
5818,499
5819,499
5820,499
5821,499
5822,499
5823,499
5824,499
5825,499
5826,499
5827,499
5828,499
5829,499
5830,499
5831,499
5832,499
5833,499
5834,499
5835,499
5836,499
5837,499
5838,499
5839,499
5840,499
5841,499
5842,499
5843,499
5844,499
5845,499
5846,499
5847,499
5848,499
5849,499
5850,499
5851,499
5852,499
5853,499
5854,499
5855,499
5856,499
5857,499
5858,499
5859,499
5860,499
5861,499
5862,499
5863,499
5864,499
5865,499
5866,499
5867,499
5868,499
5869,499
5870,499
5871,499
5872,499
5873,499
5874,499
5875,499
5876,499
5877,499
5878,499
5879,499
5880,499
5881,499
5882,499
5883,499
5884,499
5885,499
5886,499
5887,499
5888,499
5889,499
5890,499
5891,499
5892,499
5893,499
5894,499
5895,499
5896,499
5897,499
5898,499
5899,499
5900,499
5901,499
5902,499
5903,499
5904,499
5905,499
5906,499
5907,499
5908,499
5909,499
5910,499
5911,499
5912,499
5913,499
5914,499
5915,499
5916,499
5917,499
5918,499
5919,499
5920,499
5921,499
5922,499
5923,499
5924,499
5925,499
5926,499
5927,499
5928,499
5929,499
5930,499
5931,499
5932,499
5933,499
5934,499
5935,499
5936,499
5937,499
5938,499
5939,499
5940,499
5941,499
5942,499
5943,499
5944,499
5945,499
5946,499
5947,499
5948,499
5949,499
5950,499
5951,499
5952,499
5953,499
5954,499
5955,499
5956,499
5957,499
5958,499
5959,499
5960,499
5961,499
5962,499
5963,499
5964,499
5965,499
5966,499
5967,499
5968,499
5969,499
5970,499
5971,499
5972,499
5973,499
5974,499
5975,499
5976,499
5977,499
5978,499
5979,499
5980,499
5981,499
5982,499
5983,499
5984,499
5985,499
5986,499
5987,499
5988,499
5989,499
5990,499
5991,499
5992,499
5993,499
5994,499
5995,499
5996,499
5997,499
5998,499
5999,499
6000,499
6001,499
6002,499
6003,499
6004,499
6005,499
6006,499
6007,499
6008,499
6009,499
6010,499
6011,499
6012,499
6013,499
6014,499
6015,499
6016,499
6017,499
6018,499
6019,499
6020,499
6021,499
6022,499
6023,499
6024,499
6025,499
6026,499
6027,499
6028,499
6029,499
6030,499
6031,499
6032,499
6033,499
6034,499
6035,499
6036,499
6037,499
6038,499
6039,499
6040,499
6041,499
6042,499
6043,499
6044,499
6045,499
6046,499
6047,499
6048,499
6049,499
6050,499
6051,499
6052,499
6053,499
6054,499
6055,499
6056,499
6057,499
6058,499
6059,499
6060,499
6061,499
6062,499
6063,499
6064,499
6065,499
6066,499
6067,499
6068,499
6069,499
6070,499
6071,499
6072,499
6073,499
6074,499
6075,499
6076,499
6077,499
6078,499
6079,499
6080,499
6081,499
6082,499
6083,499
6084,499
6085,499
6086,499
6087,499
6088,499
6089,499
6090,499
6091,499
6092,499
6093,499
6094,499
6095,499
6096,499
6097,499
6098,499
6099,499
6100,499
6101,499
6102,499
6103,499
6104,499
6105,499
6106,499
6107,499
6108,499
6109,499
6110,499
6111,499
6112,499
6113,499
6114,499
6115,499
6116,499
6117,499
6118,499
6119,499
6120,499
6121,499
6122,499
6123,499
6124,499
6125,499
6126,499
6127,499
6128,499
6129,499
6130,499
6131,499
6132,499
6133,499
6134,499
6135,499
6136,499
6137,499
6138,499
6139,499
6140,499
6141,499
6142,499
6143,499
6144,499
6145,499
6146,499
6147,499
6148,499
6149,499
6150,499
6151,499
6152,499
6153,499
6154,499
6155,499
6156,499
6157,499
6158,499
6159,499
6160,499
6161,499
6162,499
6163,499
6164,499
6165,499
6166,499
6167,499
6168,499
6169,499
6170,499
6171,499
6172,499
6173,499
6174,499
6175,499
6176,499
6177,499
6178,499
6179,499
6180,499
6181,499
6182,499
6183,499
6184,499
6185,499
6186,499
6187,499
6188,499
6189,499
6190,499
6191,499
6192,499
6193,499
6194,499
6195,499
6196,499
6197,499
6198,499
6199,499
6200,499
6201,499
6202,499
6203,499
6204,499
6205,499
6206,499
6207,499
6208,499
6209,499
6210,499
6211,499
6212,499
6213,499
6214,499
6215,499
6216,499
6217,499
6218,499
6219,499
6220,499
6221,499
6222,499
6223,499
6224,499
6225,499
6226,499
6227,499
6228,499
6229,499
6230,499
6231,499
6232,499
6233,499
6234,499
6235,499
6236,499
6237,499
6238,499
6239,499
6240,499
6241,499
6242,499
6243,499
6244,499
6245,499
6246,499
6247,499
6248,499
6249,499
6250,499
6251,499
6252,499
6253,499
6254,499
6255,499
6256,499
6257,499
6258,499
6259,499
6260,499
6261,499
6262,499
6263,499
6264,499
6265,499
6266,499
6267,499
6268,499
6269,499
6270,499
6271,499
6272,499
6273,499
6274,499
6275,499
6276,499
6277,499
6278,499
6279,499
6280,499
6281,499
6282,499
6283,499
6284,499
6285,499
6286,499
6287,499
6288,499
6289,499
6290,499
6291,499
6292,499
6293,499
6294,499
6295,499
6296,499
6297,499
6298,499
6299,499
6300,499
6301,499
6302,499
6303,499
6304,499
6305,499
6306,499
6307,499
6308,499
6309,499
6310,499
6311,499
6312,499
6313,499
6314,499
6315,499
6316,499
6317,499
6318,499
6319,499
6320,499
6321,499
6322,499
6323,499
6324,499
6325,499
6326,499
6327,499
6328,499
6329,499
6330,499
6331,499
6332,499
6333,499
6334,499
6335,499
6336,499
6337,499
6338,499
6339,499
6340,499
6341,499
6342,499
6343,499
6344,499
6345,499
6346,499
6347,499
6348,499
6349,499
6350,499
6351,499
6352,499
6353,499
6354,499
6355,499
6356,499
6357,499
6358,499
6359,499
6360,499
6361,499
6362,499
6363,499
6364,499
6365,499
6366,499
6367,499
6368,499
6369,499
6370,499
6371,499
6372,499
6373,499
6374,499
6375,499
6376,499
6377,499
6378,499
6379,499
6380,499
6381,499
6382,499
6383,499
6384,499
6385,499
6386,499
6387,499
6388,499
6389,499
6390,499
6391,499
6392,499
6393,499
6394,499
6395,499
6396,499
6397,499
6398,499
6399,499
6400,499
6401,499
6402,499
6403,499
6404,499
6405,499
6406,499
6407,499
6408,499
6409,499
6410,499
6411,499
6412,499
6413,499
6414,499
6415,500
