0,0
1,1
2,2
3,3
4,4
5,5
6,6
7,6
8,7
9,7
10,8
11,9
12,10
13,11
14,12
15,13
16,14
17,15
18,15
19,16
20,17
21,18
22,18
23,19
24,20
25,21
26,22
27,23
28,23
29,23
30,24
31,25
32,26
33,26
34,27
35,27
36,28
37,29
38,30
39,31
40,31
41,31
42,31
43,32
44,32
45,33
46,34
47,34
48,35
49,36
50,37
51,38
52,39
53,39
54,40
55,40
56,41
57,41
58,42
59,43
60,44
61,45
62,46
63,46
64,46
65,46
66,46
67,47
68,47
69,48
70,49
71,49
72,49
73,50
74,50
75,50
76,51
77,51
78,51
79,52
80,53
81,53
82,54
83,55
84,56
85,57
86,57
87,58
88,59
89,60
90,61
91,62
92,63
93,64
94,64
95,64
96,65
97,65
98,65
99,65
100,65
101,66
102,67
103,67
104,68
105,69
106,70
107,71
108,72
109,73
110,74
111,75
112,76
113,76
114,77
115,78
116,79
117,79
118,79
119,80
120,81
121,82
122,83
123,84
124,84
125,84
126,84
127,84
128,84
129,84
130,84
131,84
132,85
133,86
134,87
135,88
136,89
137,90
138,91
139,92
140,93
141,93
142,94
143,94
144,95
145,96
146,97
147,98
148,99
149,100
150,101
151,102
152,102
153,102
154,103
155,104
156,105
157,106
158,106
159,107
160,108
161,108
162,109
163,110
164,110
165,111
166,112
167,113
168,114
169,115
170,116
171,117
172,118
173,119
174,119
175,119
176,119
177,119
178,119
179,120
180,121
181,122
182,123
183,124
184,124
185,124
186,125
187,126
188,127
189,128
190,128
191,129
192,129
193,129
194,129
195,129
196,129
197,129
198,129
199,130
200,130
201,130
202,130
203,130
204,130
205,130
206,130
207,130
208,130
209,130
210,131
211,131
212,132
213,132
214,132
215,132
216,132
217,132
218,132
219,133
220,134
221,135
222,136
223,137
224,138
225,139
226,140
227,141
228,142
229,143
230,143
231,144
232,144
233,144
234,145
235,145
236,146
237,147
238,148
239,149
240,149
241,150
242,151
243,152
244,153
245,153
246,154
247,155
248,156
249,157
250,158
251,158
252,159
253,159
254,160
255,161
256,161
257,161
258,162
259,162
260,162
261,163
262,163
263,163
264,163
265,163
266,164
267,164
268,164
269,165
270,165
271,166
272,166
273,167
274,167
275,168
276,169
277,170
278,170
279,170
280,171
281,172
282,172
283,173
284,174
285,175
286,176
287,176
288,176
289,177
290,177
291,177
292,178
293,179
294,179
295,179
296,180
297,180
298,180
299,181
300,181
301,182
302,182
303,182
304,183
305,184
306,185
307,186
308,186
309,186
310,186
311,187
312,188
313,189
314,189
315,189
316,189
317,189
318,189
319,189
320,189
321,189
322,189
323,189
324,189
325,189
326,190
327,190
328,190
329,191
330,191
331,191
332,191
333,191
334,191
335,191
336,191
337,192
338,192
339,193
340,193
341,194
342,194
343,195
344,196
345,197
346,197
347,198
348,199
349,199
350,199
351,200
352,200
353,200
354,200
355,200
356,201
357,201
358,202
359,202
360,202
361,203
362,203
363,203
364,203
365,203
366,203
367,203
368,203
369,203
370,204
371,204
372,204
373,204
374,204
375,204
376,205
377,205
378,205
379,205
380,205
381,206
382,206
383,207
384,208
385,208
386,208
387,209
388,209
389,209
390,210
391,210
392,211
393,211
394,211
395,211
396,211
397,211
398,212
399,212
400,212
401,212
402,212
403,212
404,212
405,212
406,212
407,213
408,213
409,213
410,213
411,213
412,213
413,213
414,213
415,213
416,213
417,213
418,213
419,213
420,213
421,213
422,213
423,214
424,215
425,216
426,217
427,218
428,218
429,218
430,219
431,219
432,219
433,219
434,219
435,219
436,219
437,220
438,220
439,220
440,220
441,220
442,220
443,220
444,220
445,220
446,220
447,220
448,220
449,220
450,221
451,221
452,221
453,221
454,221
455,221
456,221
457,222
458,222
459,222
460,222
461,222
462,222
463,222
464,222
465,222
466,223
467,224
468,224
469,224
470,224
471,224
472,224
473,224
474,224
475,224
476,224
477,224
478,224
479,224
480,224
481,224
482,224
483,224
484,224
485,224
486,224
487,224
488,224
489,224
490,224
491,225
492,225
493,225
494,225
495,226
496,227
497,227
498,227
499,227
500,227
501,227
502,227
503,228
504,228
505,228
506,228
507,229
508,229
509,229
510,229
511,229
512,229
513,229
514,229
515,229
516,229
517,229
518,229
519,229
520,229
521,229
522,229
523,229
524,229
525,230
526,230
527,230
528,230
529,230
530,230
531,230
532,230
533,230
534,230
535,230
536,230
537,230
538,230
539,231
540,231
541,231
542,231
543,231
544,231
545,231
546,231
547,231
548,231
549,231
550,231
551,231
552,231
553,231
554,232
555,233
556,234
557,235
558,236
559,237
560,238
561,239
562,239
563,240
564,241
565,242
566,243
567,243
568,243
569,243
570,243
571,244
572,244
573,244
574,244
575,244
576,244
577,245
578,246
579,247
580,247
581,247
582,247
583,247
584,248
585,248
586,248
587,248
588,248
589,248
590,248
591,248
592,248
593,248
594,248
595,248
596,248
597,248
598,248
599,248
600,248
601,248
602,248
603,248
604,248
605,248
606,248
607,248
608,248
609,248
610,248
611,248
612,248
613,248
614,248
615,248
616,248
617,248
618,248
619,248
620,248
621,248
622,248
623,248
624,248
625,249
626,249
627,250
628,251
629,252
630,253
631,254
632,254
633,254
634,255
635,256
636,257
637,258
638,259
639,260
640,260
641,261
642,262
643,262
644,262
645,263
646,263
647,263
648,264
649,265
650,265
651,265
652,265
653,266
654,266
655,267
656,268
657,269
658,269
659,270
660,270
661,271
662,271
663,271
664,272
665,273
666,273
667,274
668,275
669,276
670,276
671,276
672,276
673,276
674,277
675,278
676,279
677,280
678,280
679,281
680,282
681,283
682,283
683,284
684,284
685,285
686,286
687,286
688,286
689,286
690,286
691,287
692,287
693,287
694,287
695,287
696,288
697,288
698,288
699,289
700,290
701,291
702,291
703,291
704,292
705,292
706,292
707,293
708,294
709,295
710,295
711,295
712,296
713,296
714,297
715,297
716,297
717,298
718,298
719,298
720,298
721,299
722,299
723,300
724,301
725,302
726,302
727,302
728,302
729,303
730,304
731,305
732,305
733,305
734,306
735,307
736,307
737,307
738,307
739,308
740,309
741,310
742,310
743,311
744,311
745,312
746,313
747,314
748,314
749,315
750,316
751,316
752,316
753,317
754,317
755,318
756,319
757,320
758,321
759,321
760,321
761,321
762,322
763,322
764,322
765,323
766,323
767,324
768,325
769,326
770,326
771,327
772,327
773,327
774,327
775,328
776,328
777,328
778,328
779,328
780,328
781,328
782,328
783,329
784,329
785,330
786,330
787,331
788,332
789,332
790,332
791,333
792,334
793,334
794,335
795,336
796,336
797,336
798,336
799,336
800,336
801,337
802,338
803,338
804,338
805,338
806,338
807,338
808,338
809,338
810,338
811,338
812,338
813,338
814,338
815,338
816,338
817,338
818,338
819,338
820,338
821,338
822,338
823,338
824,338
825,338
826,338
827,339
828,339
829,339
830,339
831,340
832,340
833,340
834,340
835,341
836,342
837,342
838,342
839,342
840,342
841,342
842,342
843,342
844,343
845,344
846,344
847,345
848,346
849,347
850,348
851,348
852,349
853,349
854,349
855,350
856,350
857,350
858,351
859,351
860,352
861,353
862,353
863,353
864,353
865,353
866,353
867,353
868,353
869,353
870,353
871,353
872,354
873,354
874,354
875,354
876,354
877,354
878,354
879,354
880,354
881,354
882,354
883,354
884,354
885,354
886,355
887,355
888,356
889,356
890,356
891,357
892,357
893,357
894,358
895,358
896,358
897,359
898,359
899,359
900,359
901,359
902,360
903,360
904,361
905,362
906,363
907,364
908,364
909,364
910,364
911,364
912,364
913,364
914,365
915,365
916,365
917,365
918,366
919,367
920,367
921,367
922,368
923,368
924,368
925,368
926,368
927,368
928,368
929,368
930,368
931,368
932,368
933,368
934,368
935,368
936,368
937,368
938,368
939,368
940,368
941,369
942,369
943,369
944,369
945,369
946,369
947,369
948,369
949,369
950,369
951,369
952,369
953,369
954,369
955,369
956,369
957,370
958,370
959,371
960,371
961,371
962,371
963,372
964,373
965,374
966,374
967,375
968,375
969,375
970,376
971,376
972,376
973,376
974,376
975,376
976,377
977,378
978,379
979,380
980,380
981,380
982,380
983,381
984,381
985,381
986,381
987,381
988,381
989,381
990,381
991,381
992,381
993,381
994,381
995,382
996,382
997,382
998,382
999,383
1000,383
1001,383
1002,384
1003,384
1004,385
1005,385
1006,385
1007,386
1008,387
1009,387
1010,387
1011,387
1012,387
1013,387
1014,387
1015,387
1016,388
1017,388
1018,389
1019,389
1020,389
1021,390
1022,390
1023,391
1024,391
1025,391
1026,391
1027,391
1028,391
1029,391
1030,391
1031,391
1032,391
1033,391
1034,391
1035,391
1036,391
1037,391
1038,391
1039,391
1040,391
1041,391
1042,391
1043,391
1044,391
1045,391
1046,391
1047,391
1048,391
1049,391
1050,391
1051,391
1052,391
1053,392
1054,392
1055,392
1056,392
1057,392
1058,392
1059,392
1060,392
1061,392
1062,392
1063,392
1064,392
1065,392
1066,392
1067,392
1068,392
1069,392
1070,392
1071,392
1072,392
1073,393
1074,393
1075,393
1076,393
1077,393
1078,393
1079,393
1080,393
1081,393
1082,393
1083,393
1084,393
1085,393
1086,393
1087,393
1088,393
1089,393
1090,393
1091,393
1092,393
1093,393
1094,393
1095,393
1096,393
1097,393
1098,393
1099,393
1100,393
1101,393
1102,393
1103,393
1104,393
1105,393
1106,393
1107,393
1108,393
1109,393
1110,393
1111,393
1112,393
1113,393
1114,393
1115,393
1116,393
1117,393
1118,393
1119,393
1120,393
1121,393
1122,393
1123,393
1124,393
1125,393
1126,393
1127,393
1128,393
1129,393
1130,393
1131,394
1132,395
1133,395
1134,395
1135,395
1136,395
1137,395
1138,395
1139,395
1140,395
1141,395
1142,395
1143,396
1144,396
1145,397
1146,398
1147,398
1148,398
1149,398
1150,398
1151,398
1152,398
1153,398
1154,398
1155,398
1156,398
1157,398
1158,399
1159,399
1160,399
1161,399
1162,399
1163,399
1164,399
1165,399
1166,400
1167,400
1168,400
1169,400
1170,401
1171,402
1172,402
1173,402
1174,402
1175,402
1176,402
1177,402
1178,402
1179,402
1180,402
1181,402
1182,403
1183,403
1184,403
1185,403
1186,403
1187,403
1188,403
1189,403
1190,403
1191,403
1192,403
1193,403
1194,403
1195,403
1196,403
1197,403
1198,403
1199,403
1200,403
1201,403
1202,403
1203,403
1204,403
1205,403
1206,403
1207,403
1208,403
1209,403
1210,403
1211,404
1212,404
1213,404
1214,404
1215,404
1216,405
1217,405
1218,405
1219,405
1220,405
1221,405
1222,405
1223,405
1224,405
1225,405
1226,405
1227,405
1228,405
1229,405
1230,405
1231,405
1232,405
1233,405
1234,405
1235,405
1236,405
1237,405
1238,405
1239,405
1240,405
1241,405
1242,405
1243,405
1244,405
1245,405
1246,405
1247,405
1248,405
1249,405
1250,405
1251,405
1252,405
1253,405
1254,405
1255,405
1256,405
1257,405
1258,405
1259,405
1260,405
1261,405
1262,405
1263,405
1264,405
1265,405
1266,405
1267,405
1268,405
1269,405
1270,405
1271,405
1272,405
1273,405
1274,405
1275,405
1276,405
1277,405
1278,405
1279,405
1280,405
1281,405
1282,405
1283,405
1284,405
1285,405
1286,405
1287,405
1288,405
1289,405
1290,405
1291,405
1292,405
1293,405
1294,405
1295,406
1296,406
1297,406
1298,406
1299,406
1300,406
1301,406
1302,406
1303,406
1304,407
1305,407
1306,407
1307,407
1308,407
1309,407
1310,407
1311,407
1312,407
1313,407
1314,407
1315,407
1316,407
1317,407
1318,407
1319,407
1320,407
1321,407
1322,407
1323,407
1324,407
1325,407
1326,407
1327,407
1328,407
1329,407
1330,407
1331,407
1332,408
1333,408
1334,408
1335,408
1336,409
1337,409
1338,409
1339,409
1340,409
1341,409
1342,409
1343,409
1344,409
1345,409
1346,409
1347,409
1348,409
1349,409
1350,409
1351,409
1352,409
1353,409
1354,409
1355,409
1356,409
1357,409
1358,410
1359,410
1360,410
1361,410
1362,410
1363,410
1364,410
1365,410
1366,411
1367,412
1368,412
1369,412
1370,412
1371,412
1372,413
1373,413
1374,413
1375,413
1376,414
1377,414
1378,414
1379,414
1380,414
1381,414
1382,414
1383,414
1384,414
1385,414
1386,414
1387,414
1388,414
1389,414
1390,414
1391,414
1392,414
1393,414
1394,414
1395,414
1396,414
1397,414
1398,414
1399,414
1400,414
1401,414
1402,415
1403,415
1404,415
1405,415
1406,415
1407,415
1408,415
1409,415
1410,415
1411,415
1412,415
1413,415
1414,415
1415,415
1416,415
1417,415
1418,415
1419,415
1420,415
1421,415
1422,415
1423,415
1424,415
1425,415
1426,415
1427,415
1428,415
1429,415
1430,415
1431,415
1432,415
1433,415
1434,415
1435,415
1436,415
1437,415
1438,415
1439,415
1440,415
1441,415
1442,415
1443,415
1444,415
1445,415
1446,415
1447,415
1448,415
1449,415
1450,415
1451,415
1452,415
1453,415
1454,415
1455,415
1456,415
1457,415
1458,415
1459,415
1460,415
1461,415
1462,415
1463,415
1464,415
1465,415
1466,415
1467,415
1468,415
1469,415
1470,415
1471,415
1472,415
1473,415
1474,415
1475,415
1476,415
1477,415
1478,415
1479,415
1480,415
1481,415
1482,415
1483,415
1484,415
1485,415
1486,415
1487,415
1488,415
1489,415
1490,415
1491,415
1492,415
1493,415
1494,415
1495,415
1496,415
1497,415
1498,415
1499,415
1500,415
1501,415
1502,415
1503,415
1504,415
1505,415
1506,415
1507,415
1508,415
1509,415
1510,415
1511,415
1512,415
1513,415
1514,415
1515,415
1516,415
1517,415
1518,415
1519,415
1520,415
1521,415
1522,415
1523,415
1524,415
1525,415
1526,415
1527,415
1528,415
1529,415
1530,415
1531,415
1532,415
1533,415
1534,415
1535,415
1536,415
1537,415
1538,416
1539,416
1540,416
1541,416
1542,416
1543,416
1544,416
1545,416
1546,417
1547,417
1548,417
1549,417
1550,417
1551,417
1552,417
1553,417
1554,417
1555,417
1556,417
1557,417
1558,417
1559,417
1560,417
1561,417
1562,417
1563,417
1564,417
1565,417
1566,417
1567,417
1568,417
1569,417
1570,417
1571,417
1572,417
1573,417
1574,417
1575,417
1576,417
1577,417
1578,417
1579,417
1580,417
1581,417
1582,417
1583,417
1584,417
1585,417
1586,417
1587,417
1588,417
1589,417
1590,417
1591,417
1592,417
1593,417
1594,417
1595,417
1596,417
1597,417
1598,417
1599,417
1600,417
1601,417
1602,417
1603,417
1604,417
1605,417
1606,417
1607,417
1608,417
1609,417
1610,417
1611,417
1612,417
1613,417
1614,417
1615,417
1616,417
1617,417
1618,417
1619,417
1620,417
1621,417
1622,417
1623,417
1624,417
1625,417
1626,417
1627,417
1628,417
1629,417
1630,417
1631,417
1632,417
1633,417
1634,417
1635,417
1636,417
1637,417
1638,417
1639,417
1640,417
1641,417
1642,417
1643,417
1644,417
1645,417
1646,417
1647,417
1648,417
1649,417
1650,417
1651,417
1652,417
1653,417
1654,417
1655,417
1656,417
1657,417
1658,417
1659,417
1660,417
1661,417
1662,417
1663,417
1664,417
1665,417
1666,417
1667,417
1668,417
1669,417
1670,417
1671,417
1672,417
1673,417
1674,417
1675,417
1676,417
1677,417
1678,417
1679,417
1680,417
1681,417
1682,417
1683,417
1684,417
1685,417
1686,417
1687,417
1688,417
1689,417
1690,417
1691,417
1692,417
1693,417
1694,417
1695,418
1696,418
1697,418
1698,418
1699,418
1700,418
1701,418
1702,418
1703,418
1704,418
1705,418
1706,418
1707,418
1708,418
1709,418
1710,418
1711,418
1712,418
1713,418
1714,418
1715,418
1716,418
1717,418
1718,418
1719,418
1720,418
1721,418
1722,418
1723,418
1724,418
1725,418
1726,418
1727,418
1728,418
1729,418
1730,418
1731,418
1732,418
1733,418
1734,418
1735,418
1736,418
1737,418
1738,418
1739,418
1740,418
1741,418
1742,418
1743,418
1744,418
1745,418
1746,418
1747,418
1748,418
1749,418
1750,418
1751,418
1752,418
1753,418
1754,418
1755,418
1756,418
1757,418
1758,418
1759,418
1760,418
1761,418
1762,418
1763,418
1764,418
1765,418
1766,418
1767,418
1768,418
1769,418
1770,418
1771,418
1772,418
1773,418
1774,418
1775,418
1776,418
1777,418
1778,418
1779,418
1780,418
1781,418
1782,418
1783,418
1784,418
1785,418
1786,418
1787,418
1788,418
1789,418
1790,418
1791,418
1792,418
1793,418
1794,418
1795,418
1796,418
1797,418
1798,418
1799,418
1800,418
1801,418
1802,418
1803,418
1804,418
1805,418
1806,418
1807,418
1808,418
1809,418
1810,418
1811,418
1812,418
1813,418
1814,418
1815,418
1816,418
1817,418
1818,418
1819,418
1820,418
1821,418
1822,418
1823,418
1824,418
1825,418
1826,418
1827,418
1828,418
1829,418
1830,418
1831,418
1832,418
1833,418
1834,418
1835,418
1836,418
1837,418
1838,418
1839,418
1840,418
1841,418
1842,418
1843,418
1844,418
1845,418
1846,419
1847,419
1848,419
1849,419
1850,419
1851,419
1852,419
1853,420
1854,420
1855,420
1856,420
1857,420
1858,420
1859,420
1860,420
1861,420
1862,420
1863,421
1864,421
1865,421
1866,422
1867,423
1868,424
1869,425
1870,425
1871,425
1872,425
1873,425
1874,426
1875,427
1876,427
1877,427
1878,428
1879,428
1880,428
1881,428
1882,428
1883,429
1884,429
1885,429
1886,429
1887,429
1888,429
1889,429
1890,429
1891,429
1892,429
1893,429
1894,429
1895,429
1896,429
1897,429
1898,429
1899,429
1900,429
1901,429
1902,429
1903,429
1904,429
1905,429
1906,429
1907,429
1908,429
1909,429
1910,429
1911,429
1912,429
1913,429
1914,429
1915,429
1916,429
1917,429
1918,429
1919,429
1920,429
1921,429
1922,429
1923,429
1924,429
1925,429
1926,429
1927,429
1928,429
1929,429
1930,429
1931,429
1932,429
1933,429
1934,429
1935,430
1936,430
1937,430
1938,430
1939,430
1940,430
1941,430
1942,431
1943,431
1944,431
1945,432
1946,432
1947,432
1948,432
1949,432
1950,433
1951,433
1952,433
1953,433
1954,434
1955,434
1956,434
1957,434
1958,434
1959,434
1960,435
1961,435
1962,435
1963,436
1964,436
1965,436
1966,436
1967,436
1968,436
1969,436
1970,436
1971,436
1972,436
1973,436
1974,437
1975,438
1976,438
1977,438
1978,439
1979,439
1980,439
1981,440
1982,440
1983,440
1984,440
1985,440
1986,440
1987,440
1988,440
1989,440
1990,440
1991,440
1992,440
1993,440
1994,440
1995,440
1996,440
1997,440
1998,440
1999,441
2000,442
2001,442
2002,442
2003,442
2004,443
2005,443
2006,443
2007,443
2008,444
2009,445
2010,446
2011,446
2012,447
2013,447
2014,447
2015,447
2016,447
2017,447
2018,447
2019,447
2020,447
2021,447
2022,447
2023,447
2024,447
2025,447
2026,447
2027,447
2028,447
2029,447
2030,447
2031,447
2032,447
2033,447
2034,447
2035,447
2036,448
2037,448
2038,448
2039,448
2040,448
2041,448
2042,448
2043,449
2044,449
2045,449
2046,449
2047,449
2048,449
2049,449
2050,449
2051,449
2052,449
2053,449
2054,449
2055,449
2056,450
2057,450
2058,451
2059,451
2060,452
2061,452
2062,452
2063,452
2064,452
2065,452
2066,453
2067,454
2068,454
2069,455
2070,455
2071,456
2072,456
2073,456
2074,456
2075,456
2076,456
2077,457
2078,457
2079,458
2080,458
2081,458
2082,458
2083,458
2084,458
2085,458
2086,458
2087,458
2088,458
2089,459
2090,459
2091,459
2092,459
2093,459
2094,459
2095,459
2096,459
2097,459
2098,459
2099,460
2100,460
2101,460
2102,460
2103,460
2104,461
2105,462
2106,463
2107,463
2108,463
2109,463
2110,463
2111,463
2112,463
2113,463
2114,463
2115,463
2116,463
2117,463
2118,463
2119,463
2120,463
2121,463
2122,464
2123,464
2124,464
2125,464
2126,464
2127,465
2128,465
2129,465
2130,466
2131,466
2132,466
2133,466
2134,466
2135,466
2136,466
2137,466
2138,466
2139,466
2140,466
2141,466
2142,466
2143,467
2144,467
2145,467
2146,467
2147,467
2148,467
2149,467
2150,467
2151,467
2152,468
2153,468
2154,468
2155,468
2156,468
2157,468
2158,468
2159,469
2160,469
2161,469
2162,469
2163,469
2164,469
2165,469
2166,470
2167,471
2168,471
2169,471
2170,471
2171,471
2172,471
2173,471
2174,471
2175,471
2176,471
2177,472
2178,473
2179,473
2180,473
2181,473
2182,473
2183,474
2184,474
2185,474
2186,474
2187,474
2188,474
2189,474
2190,474
2191,474
2192,475
2193,475
2194,475
2195,475
2196,475
2197,475
2198,475
2199,475
2200,475
2201,475
2202,475
2203,475
2204,475
2205,475
2206,476
2207,476
2208,476
2209,476
2210,476
2211,476
2212,476
2213,476
2214,476
2215,476
2216,476
2217,477
2218,477
2219,477
2220,477
2221,477
2222,477
2223,477
2224,477
2225,477
2226,477
2227,477
2228,477
2229,477
2230,478
2231,478
2232,478
2233,478
2234,478
2235,478
2236,478
2237,478
2238,478
2239,478
2240,478
2241,478
2242,478
2243,478
2244,478
2245,479
2246,479
2247,479
2248,479
2249,479
2250,479
2251,479
2252,479
2253,479
2254,479
2255,479
2256,479
2257,479
2258,479
2259,479
2260,479
2261,479
2262,479
2263,479
2264,479
2265,479
2266,479
2267,479
2268,479
2269,479
2270,479
2271,479
2272,479
2273,479
2274,479
2275,479
2276,479
2277,479
2278,479
2279,479
2280,479
2281,479
2282,479
2283,479
2284,479
2285,479
2286,479
2287,479
2288,479
2289,479
2290,479
2291,479
2292,479
2293,479
2294,479
2295,479
2296,479
2297,479
2298,479
2299,479
2300,479
2301,479
2302,479
2303,479
2304,479
2305,479
2306,479
2307,479
2308,479
2309,479
2310,479
2311,479
2312,479
2313,479
2314,479
2315,479
2316,479
2317,479
2318,479
2319,479
2320,479
2321,479
2322,479
2323,479
2324,479
2325,479
2326,479
2327,480
2328,480
2329,480
2330,480
2331,480
2332,480
2333,480
2334,480
2335,480
2336,480
2337,480
2338,480
2339,480
2340,480
2341,480
2342,480
2343,480
2344,480
2345,480
2346,480
2347,480
2348,480
2349,480
2350,480
2351,480
2352,480
2353,480
2354,480
2355,480
2356,480
2357,480
2358,480
2359,480
2360,480
2361,480
2362,480
2363,480
2364,480
2365,480
2366,480
2367,480
2368,480
2369,480
2370,480
2371,480
2372,480
2373,480
2374,480
2375,480
2376,480
2377,480
2378,480
2379,480
2380,480
2381,480
2382,480
2383,480
2384,480
2385,480
2386,480
2387,480
2388,480
2389,480
2390,480
2391,480
2392,480
2393,480
2394,480
2395,480
2396,480
2397,480
2398,480
2399,480
2400,480
2401,480
2402,480
2403,480
2404,480
2405,480
2406,480
2407,480
2408,480
2409,480
2410,480
2411,480
2412,480
2413,480
2414,480
2415,480
2416,480
2417,480
2418,480
2419,480
2420,481
2421,481
2422,481
2423,481
2424,481
2425,481
2426,481
2427,481
2428,481
2429,481
2430,481
2431,481
2432,481
2433,481
2434,481
2435,481
2436,481
2437,481
2438,481
2439,481
2440,481
2441,481
2442,481
2443,481
2444,481
2445,481
2446,481
2447,481
2448,481
2449,481
2450,481
2451,481
2452,481
2453,481
2454,481
2455,481
2456,481
2457,481
2458,481
2459,481
2460,481
2461,481
2462,481
2463,481
2464,481
2465,481
2466,481
2467,481
2468,481
2469,481
2470,481
2471,481
2472,481
2473,481
2474,481
2475,481
2476,481
2477,481
2478,481
2479,481
2480,481
2481,481
2482,481
2483,481
2484,481
2485,481
2486,481
2487,481
2488,481
2489,481
2490,481
2491,481
2492,481
2493,481
2494,481
2495,481
2496,481
2497,481
2498,481
2499,481
2500,481
2501,481
2502,481
2503,481
2504,481
2505,481
2506,481
2507,481
2508,481
2509,481
2510,481
2511,481
2512,481
2513,481
2514,482
2515,482
2516,482
2517,482
2518,482
2519,482
2520,482
2521,482
2522,482
2523,482
2524,482
2525,482
2526,482
2527,482
2528,482
2529,482
2530,482
2531,482
2532,482
2533,482
2534,483
2535,483
2536,483
2537,483
2538,483
2539,483
2540,483
2541,483
2542,483
2543,483
2544,483
2545,483
2546,483
2547,483
2548,483
2549,483
2550,483
2551,483
2552,483
2553,483
2554,483
2555,483
2556,483
2557,483
2558,483
2559,483
2560,483
2561,483
2562,483
2563,483
2564,483
2565,483
2566,483
2567,483
2568,483
2569,483
2570,483
2571,483
2572,483
2573,483
2574,483
2575,483
2576,483
2577,483
2578,483
2579,483
2580,483
2581,483
2582,483
2583,483
2584,483
2585,483
2586,483
2587,483
2588,483
2589,483
2590,483
2591,483
2592,483
2593,483
2594,483
2595,483
2596,483
2597,483
2598,483
2599,483
2600,483
2601,483
2602,483
2603,483
2604,483
2605,483
2606,483
2607,484
2608,484
2609,484
2610,484
2611,484
2612,484
2613,484
2614,484
2615,484
2616,484
2617,484
2618,484
2619,484
2620,484
2621,484
2622,484
2623,484
2624,484
2625,484
2626,484
2627,484
2628,484
2629,484
2630,484
2631,484
2632,484
2633,484
2634,484
2635,484
2636,484
2637,484
2638,484
2639,484
2640,484
2641,484
2642,484
2643,484
2644,484
2645,484
2646,484
2647,484
2648,484
2649,484
2650,484
2651,484
2652,484
2653,484
2654,484
2655,484
2656,484
2657,484
2658,484
2659,484
2660,484
2661,484
2662,484
2663,484
2664,484
2665,484
2666,484
2667,484
2668,484
2669,484
2670,484
2671,484
2672,484
2673,484
2674,484
2675,484
2676,484
2677,484
2678,484
2679,484
2680,484
2681,484
2682,484
2683,484
2684,484
2685,484
2686,484
2687,484
2688,484
2689,484
2690,484
2691,484
2692,484
2693,484
2694,484
2695,484
2696,484
2697,484
2698,484
2699,484
2700,484
2701,484
2702,484
2703,484
2704,484
2705,484
2706,484
2707,484
2708,484
2709,484
2710,484
2711,484
2712,484
2713,484
2714,484
2715,484
2716,484
2717,484
2718,484
2719,484
2720,484
2721,485
2722,485
2723,485
2724,486
2725,486
2726,486
2727,486
2728,486
2729,486
2730,486
2731,486
2732,486
2733,487
2734,487
2735,487
2736,487
2737,487
2738,487
2739,487
2740,487
2741,487
2742,487
2743,487
2744,487
2745,487
2746,487
2747,487
2748,487
2749,487
2750,487
2751,487
2752,487
2753,487
2754,487
2755,487
2756,487
2757,487
2758,487
2759,487
2760,487
2761,487
2762,487
2763,487
2764,487
2765,487
2766,487
2767,487
2768,487
2769,487
2770,487
2771,487
2772,487
2773,487
2774,487
2775,487
2776,487
2777,487
2778,487
2779,487
2780,487
2781,487
2782,487
2783,487
2784,487
2785,487
2786,487
2787,487
2788,487
2789,487
2790,487
2791,487
2792,487
2793,487
2794,487
2795,487
2796,487
2797,487
2798,487
2799,487
2800,487
2801,487
2802,487
2803,487
2804,487
2805,487
2806,487
2807,487
2808,487
2809,487
2810,487
2811,487
2812,487
2813,487
2814,487
2815,487
2816,487
2817,487
2818,487
2819,487
2820,487
2821,487
2822,487
2823,487
2824,487
2825,487
2826,487
2827,487
2828,487
2829,487
2830,487
2831,487
2832,487
2833,488
2834,488
2835,488
2836,488
2837,488
2838,488
2839,488
2840,488
2841,488
2842,488
2843,488
2844,488
2845,488
2846,488
2847,488
2848,488
2849,488
2850,488
2851,488
2852,488
2853,488
2854,488
2855,488
2856,488
2857,488
2858,488
2859,488
2860,488
2861,488
2862,488
2863,488
2864,488
2865,488
2866,488
2867,488
2868,488
2869,488
2870,488
2871,488
2872,488
2873,488
2874,488
2875,488
2876,488
2877,488
2878,488
2879,488
2880,488
2881,488
2882,488
2883,488
2884,488
2885,488
2886,488
2887,488
2888,488
2889,488
2890,488
2891,488
2892,488
2893,488
2894,488
2895,488
2896,488
2897,488
2898,488
2899,488
2900,488
2901,488
2902,488
2903,488
2904,488
2905,488
2906,488
2907,488
2908,488
2909,488
2910,488
2911,488
2912,488
2913,488
2914,488
2915,488
2916,488
2917,488
2918,488
2919,488
2920,488
2921,488
2922,488
2923,488
2924,488
2925,488
2926,488
2927,488
2928,488
2929,488
2930,488
2931,488
2932,488
2933,488
2934,488
2935,488
2936,488
2937,488
2938,488
2939,488
2940,488
2941,488
2942,488
2943,488
2944,488
2945,488
2946,488
2947,488
2948,488
2949,488
2950,488
2951,488
2952,488
2953,488
2954,488
2955,488
2956,488
2957,488
2958,488
2959,488
2960,488
2961,488
2962,488
2963,488
2964,488
2965,488
2966,488
2967,488
2968,488
2969,488
2970,488
2971,488
2972,488
2973,488
2974,488
2975,488
2976,488
2977,488
2978,488
2979,488
2980,488
2981,488
2982,488
2983,488
2984,488
2985,488
2986,488
2987,488
2988,488
2989,488
2990,488
2991,488
2992,488
2993,488
2994,488
2995,488
2996,488
2997,488
2998,488
2999,488
3000,488
3001,488
3002,488
3003,488
3004,488
3005,488
3006,488
3007,488
3008,488
3009,488
3010,488
3011,488
3012,488
3013,488
3014,488
3015,488
3016,488
3017,488
3018,488
3019,488
3020,488
3021,488
3022,488
3023,488
3024,488
3025,488
3026,488
3027,488
3028,488
3029,488
3030,488
3031,488
3032,488
3033,488
3034,488
3035,488
3036,488
3037,488
3038,488
3039,488
3040,488
3041,488
3042,488
3043,488
3044,488
3045,488
3046,488
3047,488
3048,488
3049,488
3050,488
3051,488
3052,488
3053,488
3054,488
3055,488
3056,488
3057,488
3058,488
3059,488
3060,488
3061,488
3062,488
3063,488
3064,488
3065,488
3066,488
3067,488
3068,488
3069,488
3070,488
3071,488
3072,488
3073,488
3074,488
3075,488
3076,488
3077,488
3078,488
3079,488
3080,488
3081,488
3082,488
3083,488
3084,488
3085,488
3086,488
3087,488
3088,488
3089,488
3090,488
3091,488
3092,488
3093,488
3094,488
3095,488
3096,488
3097,488
3098,488
3099,488
3100,488
3101,488
3102,488
3103,488
3104,488
3105,488
3106,488
3107,488
3108,488
3109,488
3110,488
3111,488
3112,488
3113,488
3114,488
3115,488
3116,488
3117,488
3118,488
3119,488
3120,488
3121,488
3122,488
3123,488
3124,488
3125,488
3126,488
3127,488
3128,488
3129,488
3130,488
3131,488
3132,488
3133,488
3134,488
3135,488
3136,488
3137,488
3138,488
3139,488
3140,488
3141,488
3142,488
3143,488
3144,488
3145,488
3146,488
3147,488
3148,488
3149,488
3150,488
3151,488
3152,488
3153,488
3154,488
3155,488
3156,488
3157,488
3158,489
3159,489
3160,489
3161,489
3162,490
3163,490
3164,490
3165,490
3166,490
3167,490
3168,490
3169,490
3170,490
3171,490
3172,490
3173,490
3174,490
3175,490
3176,490
3177,490
3178,490
3179,490
3180,490
3181,490
3182,490
3183,490
3184,491
3185,491
3186,491
3187,491
3188,491
3189,491
3190,491
3191,491
3192,491
3193,491
3194,491
3195,491
3196,491
3197,491
3198,491
3199,491
3200,491
3201,491
3202,491
3203,491
3204,491
3205,491
3206,491
3207,491
3208,491
3209,491
3210,491
3211,491
3212,491
3213,491
3214,491
3215,491
3216,491
3217,491
3218,491
3219,491
3220,491
3221,491
3222,491
3223,491
3224,491
3225,491
3226,491
3227,491
3228,491
3229,491
3230,491
3231,491
3232,491
3233,491
3234,491
3235,491
3236,491
3237,491
3238,491
3239,491
3240,491
3241,491
3242,491
3243,491
3244,491
3245,491
3246,491
3247,491
3248,491
3249,491
3250,491
3251,491
3252,491
3253,491
3254,491
3255,491
3256,491
3257,491
3258,491
3259,491
3260,491
3261,491
3262,491
3263,491
3264,491
3265,491
3266,491
3267,491
3268,491
3269,491
3270,491
3271,491
3272,491
3273,491
3274,491
3275,491
3276,491
3277,491
3278,491
3279,491
3280,491
3281,491
3282,491
3283,491
3284,491
3285,491
3286,491
3287,491
3288,491
3289,491
3290,491
3291,491
3292,491
3293,491
3294,491
3295,491
3296,491
3297,491
3298,491
3299,491
3300,491
3301,491
3302,491
3303,491
3304,491
3305,491
3306,491
3307,491
3308,491
3309,491
3310,491
3311,491
3312,491
3313,491
3314,491
3315,491
3316,491
3317,491
3318,491
3319,491
3320,491
3321,491
3322,491
3323,491
3324,491
3325,491
3326,491
3327,491
3328,491
3329,491
3330,491
3331,491
3332,491
3333,491
3334,491
3335,491
3336,491
3337,491
3338,491
3339,491
3340,491
3341,491
3342,491
3343,491
3344,491
3345,491
3346,491
3347,491
3348,491
3349,491
3350,491
3351,491
3352,491
3353,491
3354,491
3355,491
3356,491
3357,491
3358,491
3359,491
3360,491
3361,491
3362,491
3363,491
3364,491
3365,491
3366,491
3367,491
3368,491
3369,491
3370,491
3371,491
3372,491
3373,491
3374,491
3375,491
3376,491
3377,491
3378,491
3379,491
3380,491
3381,491
3382,491
3383,491
3384,491
3385,491
3386,491
3387,491
3388,491
3389,491
3390,491
3391,491
3392,491
3393,491
3394,491
3395,491
3396,491
3397,491
3398,491
3399,491
3400,491
3401,491
3402,491
3403,491
3404,491
3405,491
3406,491
3407,491
3408,491
3409,491
3410,491
3411,491
3412,491
3413,491
3414,491
3415,491
3416,491
3417,491
3418,491
3419,491
3420,491
3421,491
3422,491
3423,491
3424,491
3425,491
3426,491
3427,491
3428,491
3429,491
3430,491
3431,491
3432,491
3433,491
3434,492
3435,492
3436,492
3437,492
3438,493
3439,493
3440,493
3441,493
3442,493
3443,493
3444,493
3445,493
3446,493
3447,493
3448,493
3449,493
3450,493
3451,493
3452,493
3453,493
3454,493
3455,493
3456,493
3457,493
3458,493
3459,493
3460,493
3461,493
3462,493
3463,493
3464,493
3465,493
3466,493
3467,493
3468,493
3469,493
3470,493
3471,493
3472,493
3473,493
3474,493
3475,493
3476,493
3477,493
3478,493
3479,493
3480,493
3481,493
3482,493
3483,493
3484,493
3485,493
3486,493
3487,493
3488,493
3489,493
3490,493
3491,493
3492,493
3493,493
3494,493
3495,493
3496,493
3497,493
3498,493
3499,493
3500,493
3501,493
3502,493
3503,493
3504,493
3505,493
3506,493
3507,493
3508,493
3509,493
3510,493
3511,493
3512,493
3513,493
3514,493
3515,493
3516,493
3517,493
3518,493
3519,493
3520,493
3521,493
3522,493
3523,493
3524,493
3525,493
3526,493
3527,493
3528,493
3529,493
3530,493
3531,493
3532,493
3533,493
3534,493
3535,493
3536,493
3537,493
3538,493
3539,493
3540,493
3541,493
3542,493
3543,493
3544,493
3545,493
3546,493
3547,493
3548,493
3549,493
3550,493
3551,493
3552,493
3553,493
3554,493
3555,493
3556,493
3557,493
3558,493
3559,493
3560,493
3561,493
3562,493
3563,493
3564,493
3565,493
3566,493
3567,493
3568,493
3569,493
3570,493
3571,493
3572,493
3573,493
3574,493
3575,493
3576,493
3577,493
3578,493
3579,493
3580,493
3581,493
3582,493
3583,493
3584,493
3585,493
3586,493
3587,493
3588,493
3589,493
3590,493
3591,493
3592,493
3593,493
3594,493
3595,493
3596,493
3597,493
3598,493
3599,493
3600,493
3601,493
3602,493
3603,493
3604,493
3605,493
3606,493
3607,493
3608,493
3609,493
3610,493
3611,493
3612,493
3613,493
3614,493
3615,493
3616,493
3617,493
3618,493
3619,493
3620,493
3621,493
3622,493
3623,493
3624,493
3625,493
3626,493
3627,493
3628,493
3629,493
3630,493
3631,493
3632,493
3633,493
3634,493
3635,493
3636,493
3637,493
3638,493
3639,493
3640,493
3641,493
3642,493
3643,493
3644,493
3645,493
3646,493
3647,493
3648,493
3649,493
3650,493
3651,493
3652,493
3653,493
3654,493
3655,493
3656,493
3657,493
3658,493
3659,493
3660,493
3661,493
3662,493
3663,493
3664,493
3665,494
3666,494
3667,494
3668,494
3669,494
3670,494
3671,494
3672,494
3673,494
3674,494
3675,494
3676,494
3677,494
3678,494
3679,494
3680,494
3681,494
3682,494
3683,494
3684,494
3685,494
3686,494
3687,494
3688,494
3689,494
3690,494
3691,494
3692,494
3693,494
3694,494
3695,494
3696,494
3697,494
3698,494
3699,494
3700,494
3701,494
3702,494
3703,494
3704,494
3705,494
3706,494
3707,494
3708,494
3709,494
3710,494
3711,494
3712,494
3713,494
3714,494
3715,494
3716,494
3717,494
3718,494
3719,494
3720,494
3721,494
3722,494
3723,494
3724,494
3725,494
3726,494
3727,494
3728,495
3729,495
3730,495
3731,495
3732,495
3733,495
3734,495
3735,495
3736,495
3737,495
3738,495
3739,495
3740,495
3741,495
3742,495
3743,495
3744,495
3745,495
3746,495
3747,495
3748,495
3749,495
3750,495
3751,495
3752,495
3753,495
3754,495
3755,495
3756,495
3757,495
3758,495
3759,495
3760,495
3761,495
3762,495
3763,495
3764,495
3765,495
3766,495
3767,495
3768,495
3769,495
3770,495
3771,495
3772,495
3773,495
3774,495
3775,495
3776,495
3777,495
3778,495
3779,495
3780,495
3781,495
3782,495
3783,495
3784,495
3785,495
3786,495
3787,495
3788,495
3789,495
3790,495
3791,495
3792,495
3793,495
3794,495
3795,495
3796,495
3797,495
3798,495
3799,495
3800,495
3801,495
3802,495
3803,495
3804,495
3805,495
3806,495
3807,495
3808,495
3809,495
3810,495
3811,495
3812,495
3813,495
3814,495
3815,495
3816,495
3817,495
3818,495
3819,495
3820,495
3821,495
3822,495
3823,495
3824,495
3825,495
3826,495
3827,495
3828,495
3829,495
3830,495
3831,495
3832,495
3833,495
3834,495
3835,495
3836,495
3837,495
3838,495
3839,495
3840,495
3841,495
3842,495
3843,495
3844,495
3845,495
3846,495
3847,495
3848,495
3849,495
3850,495
3851,495
3852,495
3853,495
3854,495
3855,495
3856,495
3857,495
3858,495
3859,495
3860,495
3861,495
3862,495
3863,495
3864,495
3865,495
3866,495
3867,495
3868,495
3869,495
3870,495
3871,495
3872,495
3873,495
3874,495
3875,495
3876,495
3877,495
3878,495
3879,495
3880,495
3881,495
3882,495
3883,495
3884,495
3885,495
3886,495
3887,495
3888,495
3889,495
3890,495
3891,495
3892,495
3893,495
3894,495
3895,495
3896,495
3897,495
3898,495
3899,495
3900,495
3901,495
3902,495
3903,495
3904,495
3905,495
3906,495
3907,495
3908,495
3909,495
3910,495
3911,495
3912,495
3913,495
3914,495
3915,495
3916,495
3917,495
3918,495
3919,495
3920,495
3921,495
3922,495
3923,495
3924,495
3925,495
3926,495
3927,495
3928,495
3929,495
3930,495
3931,495
3932,495
3933,495
3934,495
3935,495
3936,495
3937,495
3938,495
3939,495
3940,495
3941,495
3942,495
3943,495
3944,495
3945,495
3946,495
3947,495
3948,495
3949,495
3950,495
3951,495
3952,495
3953,495
3954,495
3955,495
3956,495
3957,495
3958,495
3959,495
3960,495
3961,495
3962,495
3963,495
3964,495
3965,495
3966,495
3967,495
3968,495
3969,495
3970,495
3971,495
3972,495
3973,495
3974,495
3975,495
3976,495
3977,495
3978,495
3979,495
3980,495
3981,495
3982,495
3983,495
3984,495
3985,495
3986,495
3987,495
3988,495
3989,495
3990,495
3991,495
3992,495
3993,495
3994,495
3995,495
3996,495
3997,495
3998,495
3999,495
4000,495
4001,495
4002,495
4003,495
4004,495
4005,495
4006,495
4007,495
4008,495
4009,495
4010,495
4011,495
4012,495
4013,495
4014,495
4015,495
4016,495
4017,495
4018,495
4019,495
4020,495
4021,495
4022,495
4023,495
4024,495
4025,495
4026,495
4027,495
4028,495
4029,495
4030,495
4031,495
4032,495
4033,495
4034,495
4035,495
4036,495
4037,495
4038,495
4039,495
4040,495
4041,495
4042,495
4043,495
4044,495
4045,495
4046,495
4047,495
4048,495
4049,495
4050,495
4051,495
4052,495
4053,495
4054,495
4055,495
4056,495
4057,495
4058,495
4059,495
4060,495
4061,495
4062,495
4063,495
4064,495
4065,495
4066,495
4067,495
4068,495
4069,495
4070,495
4071,495
4072,495
4073,495
4074,495
4075,495
4076,495
4077,495
4078,495
4079,495
4080,495
4081,495
4082,495
4083,495
4084,495
4085,495
4086,495
4087,495
4088,495
4089,495
4090,495
4091,495
4092,495
4093,495
4094,495
4095,495
4096,495
4097,495
4098,495
4099,495
4100,495
4101,495
4102,495
4103,495
4104,495
4105,495
4106,495
4107,495
4108,495
4109,495
4110,495
4111,495
4112,495
4113,495
4114,495
4115,495
4116,495
4117,495
4118,495
4119,495
4120,495
4121,495
4122,495
4123,495
4124,495
4125,495
4126,495
4127,495
4128,495
4129,495
4130,495
4131,495
4132,495
4133,495
4134,495
4135,495
4136,495
4137,495
4138,495
4139,495
4140,495
4141,495
4142,495
4143,495
4144,495
4145,495
4146,495
4147,495
4148,495
4149,495
4150,495
4151,495
4152,495
4153,495
4154,495
4155,495
4156,495
4157,495
4158,495
4159,495
4160,496
4161,496
4162,496
4163,496
4164,496
4165,496
4166,496
4167,496
4168,496
4169,496
4170,496
4171,496
4172,496
4173,496
4174,496
4175,496
4176,496
4177,496
4178,496
4179,496
4180,496
4181,496
4182,496
4183,496
4184,496
4185,496
4186,496
4187,496
4188,496
4189,496
4190,496
4191,496
4192,496
4193,496
4194,496
4195,496
4196,496
4197,496
4198,496
4199,496
4200,496
4201,496
4202,496
4203,496
4204,496
4205,496
4206,496
4207,496
4208,496
4209,496
4210,496
4211,496
4212,496
4213,496
4214,496
4215,496
4216,496
4217,496
4218,496
4219,496
4220,496
4221,496
4222,496
4223,496
4224,496
4225,496
4226,496
4227,496
4228,496
4229,496
4230,496
4231,496
4232,496
4233,496
4234,496
4235,496
4236,496
4237,496
4238,496
4239,496
4240,496
4241,496
4242,496
4243,496
4244,496
4245,496
4246,496
4247,496
4248,496
4249,496
4250,496
4251,496
4252,496
4253,496
4254,496
4255,496
4256,496
4257,496
4258,496
4259,496
4260,496
4261,496
4262,496
4263,496
4264,496
4265,496
4266,496
4267,496
4268,496
4269,496
4270,496
4271,496
4272,496
4273,496
4274,496
4275,496
4276,496
4277,496
4278,496
4279,496
4280,496
4281,496
4282,496
4283,496
4284,496
4285,496
4286,496
4287,496
4288,496
4289,496
4290,496
4291,496
4292,496
4293,496
4294,496
4295,496
4296,496
4297,496
4298,496
4299,496
4300,496
4301,496
4302,496
4303,496
4304,496
4305,496
4306,496
4307,496
4308,496
4309,496
4310,496
4311,496
4312,496
4313,496
4314,496
4315,496
4316,496
4317,496
4318,496
4319,496
4320,496
4321,496
4322,496
4323,496
4324,496
4325,496
4326,496
4327,496
4328,496
4329,496
4330,496
4331,496
4332,496
4333,496
4334,496
4335,496
4336,496
4337,496
4338,496
4339,496
4340,496
4341,496
4342,496
4343,496
4344,496
4345,496
4346,496
4347,496
4348,496
4349,496
4350,496
4351,496
4352,496
4353,496
4354,496
4355,496
4356,496
4357,496
4358,496
4359,496
4360,496
4361,496
4362,496
4363,496
4364,496
4365,496
4366,496
4367,496
4368,496
4369,496
4370,496
4371,496
4372,496
4373,496
4374,496
4375,496
4376,496
4377,496
4378,496
4379,496
4380,496
4381,496
4382,496
4383,496
4384,496
4385,496
4386,496
4387,496
4388,496
4389,496
4390,496
4391,496
4392,496
4393,496
4394,496
4395,496
4396,496
4397,496
4398,496
4399,496
4400,496
4401,496
4402,496
4403,496
4404,496
4405,496
4406,496
4407,496
4408,496
4409,496
4410,496
4411,496
4412,496
4413,496
4414,496
4415,496
4416,496
4417,496
4418,496
4419,496
4420,496
4421,496
4422,496
4423,496
4424,496
4425,496
4426,496
4427,496
4428,496
4429,496
4430,496
4431,496
4432,496
4433,496
4434,496
4435,496
4436,496
4437,496
4438,496
4439,496
4440,496
4441,496
4442,496
4443,496
4444,496
4445,496
4446,496
4447,496
4448,496
4449,496
4450,496
4451,496
4452,496
4453,496
4454,496
4455,496
4456,496
4457,496
4458,496
4459,496
4460,496
4461,496
4462,496
4463,496
4464,496
4465,496
4466,496
4467,496
4468,496
4469,496
4470,496
4471,496
4472,496
4473,496
4474,496
4475,496
4476,496
4477,496
4478,496
4479,496
4480,496
4481,496
4482,496
4483,496
4484,496
4485,496
4486,496
4487,496
4488,496
4489,496
4490,496
4491,496
4492,496
4493,496
4494,496
4495,496
4496,496
4497,496
4498,496
4499,496
4500,496
4501,496
4502,496
4503,496
4504,496
4505,496
4506,496
4507,496
4508,496
4509,496
4510,496
4511,496
4512,496
4513,496
4514,496
4515,496
4516,496
4517,496
4518,496
4519,496
4520,496
4521,496
4522,496
4523,496
4524,496
4525,496
4526,496
4527,496
4528,496
4529,496
4530,496
4531,496
4532,496
4533,496
4534,496
4535,496
4536,496
4537,496
4538,496
4539,496
4540,496
4541,496
4542,496
4543,496
4544,496
4545,496
4546,496
4547,496
4548,496
4549,496
4550,496
4551,496
4552,496
4553,496
4554,496
4555,496
4556,496
4557,496
4558,496
4559,496
4560,496
4561,496
4562,496
4563,496
4564,496
4565,496
4566,496
4567,496
4568,496
4569,496
4570,496
4571,496
4572,496
4573,496
4574,496
4575,496
4576,496
4577,496
4578,496
4579,496
4580,496
4581,496
4582,496
4583,496
4584,496
4585,496
4586,496
4587,496
4588,496
4589,496
4590,496
4591,496
4592,496
4593,496
4594,496
4595,496
4596,496
4597,496
4598,496
4599,496
4600,496
4601,496
4602,496
4603,496
4604,496
4605,496
4606,496
4607,496
4608,496
4609,496
4610,496
4611,496
4612,496
4613,496
4614,496
4615,496
4616,496
4617,496
4618,496
4619,496
4620,496
4621,496
4622,496
4623,496
4624,496
4625,496
4626,496
4627,496
4628,496
4629,496
4630,496
4631,496
4632,496
4633,496
4634,496
4635,496
4636,496
4637,496
4638,496
4639,496
4640,496
4641,496
4642,496
4643,496
4644,496
4645,496
4646,496
4647,496
4648,496
4649,496
4650,496
4651,496
4652,496
4653,496
4654,496
4655,496
4656,496
4657,496
4658,496
4659,496
4660,496
4661,496
4662,496
4663,496
4664,496
4665,496
4666,496
4667,496
4668,496
4669,496
4670,496
4671,496
4672,496
4673,496
4674,496
4675,496
4676,497
4677,497
4678,497
4679,497
4680,497
4681,497
4682,497
4683,497
4684,497
4685,497
4686,497
4687,497
4688,497
4689,497
4690,497
4691,497
4692,497
4693,497
4694,497
4695,497
4696,497
4697,497
4698,497
4699,497
4700,497
4701,497
4702,497
4703,497
4704,497
4705,497
4706,497
4707,497
4708,497
4709,497
4710,497
4711,497
4712,497
4713,497
4714,497
4715,497
4716,497
4717,497
4718,497
4719,497
4720,497
4721,497
4722,497
4723,497
4724,497
4725,497
4726,497
4727,497
4728,497
4729,497
4730,497
4731,497
4732,497
4733,497
4734,497
4735,497
4736,497
4737,497
4738,497
4739,497
4740,497
4741,497
4742,497
4743,497
4744,497
4745,497
4746,497
4747,497
4748,497
4749,497
4750,497
4751,497
4752,497
4753,497
4754,497
4755,497
4756,497
4757,497
4758,497
4759,497
4760,497
4761,497
4762,497
4763,497
4764,497
4765,497
4766,497
4767,497
4768,497
4769,497
4770,497
4771,497
4772,497
4773,497
4774,497
4775,497
4776,497
4777,497
4778,497
4779,497
4780,497
4781,497
4782,497
4783,497
4784,497
4785,497
4786,497
4787,497
4788,497
4789,497
4790,497
4791,497
4792,497
4793,497
4794,497
4795,497
4796,497
4797,497
4798,497
4799,497
4800,497
4801,497
4802,497
4803,497
4804,497
4805,497
4806,497
4807,497
4808,497
4809,497
4810,497
4811,497
4812,497
4813,497
4814,497
4815,497
4816,497
4817,497
4818,497
4819,497
4820,497
4821,497
4822,497
4823,497
4824,497
4825,497
4826,497
4827,497
4828,497
4829,497
4830,497
4831,497
4832,497
4833,497
4834,497
4835,497
4836,497
4837,497
4838,497
4839,497
4840,497
4841,497
4842,497
4843,497
4844,497
4845,497
4846,497
4847,497
4848,497
4849,497
4850,497
4851,497
4852,497
4853,497
4854,497
4855,497
4856,497
4857,497
4858,497
4859,497
4860,497
4861,497
4862,497
4863,497
4864,497
4865,497
4866,497
4867,497
4868,497
4869,497
4870,497
4871,497
4872,497
4873,497
4874,497
4875,497
4876,497
4877,497
4878,497
4879,497
4880,497
4881,497
4882,497
4883,497
4884,497
4885,497
4886,497
4887,497
4888,497
4889,497
4890,497
4891,497
4892,497
4893,497
4894,497
4895,497
4896,497
4897,497
4898,497
4899,497
4900,497
4901,497
4902,497
4903,497
4904,497
4905,497
4906,497
4907,497
4908,497
4909,497
4910,497
4911,497
4912,497
4913,497
4914,497
4915,497
4916,497
4917,497
4918,497
4919,497
4920,497
4921,497
4922,497
4923,497
4924,497
4925,497
4926,497
4927,497
4928,497
4929,497
4930,497
4931,497
4932,497
4933,497
4934,497
4935,497
4936,497
4937,497
4938,497
4939,497
4940,497
4941,497
4942,497
4943,497
4944,497
4945,497
4946,497
4947,497
4948,497
4949,497
4950,497
4951,497
4952,497
4953,497
4954,497
4955,497
4956,497
4957,497
4958,497
4959,497
4960,497
4961,497
4962,497
4963,497
4964,497
4965,497
4966,497
4967,497
4968,497
4969,497
4970,497
4971,497
4972,497
4973,497
4974,497
4975,497
4976,497
4977,497
4978,497
4979,497
4980,497
4981,497
4982,497
4983,497
4984,497
4985,497
4986,497
4987,497
4988,497
4989,497
4990,497
4991,497
4992,497
4993,497
4994,497
4995,497
4996,497
4997,497
4998,497
4999,497
5000,497
5001,497
5002,497
5003,497
5004,497
5005,497
5006,497
5007,497
5008,497
5009,497
5010,497
5011,497
5012,497
5013,497
5014,497
5015,497
5016,497
5017,497
5018,497
5019,497
5020,497
5021,497
5022,497
5023,497
5024,497
5025,497
5026,497
5027,497
5028,497
5029,497
5030,497
5031,497
5032,497
5033,497
5034,497
5035,497
5036,497
5037,497
5038,497
5039,497
5040,497
5041,497
5042,497
5043,497
5044,497
5045,497
5046,497
5047,497
5048,497
5049,497
5050,497
5051,497
5052,497
5053,497
5054,497
5055,497
5056,497
5057,497
5058,497
5059,497
5060,497
5061,497
5062,497
5063,497
5064,497
5065,497
5066,497
5067,497
5068,497
5069,497
5070,497
5071,497
5072,497
5073,497
5074,497
5075,497
5076,497
5077,497
5078,497
5079,497
5080,497
5081,497
5082,497
5083,497
5084,497
5085,497
5086,497
5087,497
5088,497
5089,497
5090,497
5091,497
5092,497
5093,497
5094,497
5095,497
5096,497
5097,497
5098,497
5099,497
5100,497
5101,497
5102,497
5103,497
5104,497
5105,497
5106,497
5107,497
5108,497
5109,497
5110,497
5111,497
5112,497
5113,497
5114,497
5115,497
5116,497
5117,497
5118,497
5119,497
5120,497
5121,497
5122,497
5123,497
5124,497
5125,497
5126,497
5127,497
5128,497
5129,497
5130,497
5131,497
5132,497
5133,497
5134,497
5135,497
5136,497
5137,497
5138,497
5139,497
5140,497
5141,497
5142,497
5143,497
5144,497
5145,497
5146,497
5147,497
5148,497
5149,497
5150,497
5151,497
5152,497
5153,497
5154,497
5155,497
5156,497
5157,497
5158,497
5159,497
5160,497
5161,497
5162,497
5163,497
5164,497
5165,497
5166,497
5167,497
5168,497
5169,497
5170,497
5171,497
5172,497
5173,497
5174,497
5175,497
5176,497
5177,497
5178,497
5179,497
5180,497
5181,497
5182,497
5183,497
5184,497
5185,497
5186,497
5187,497
5188,497
5189,497
5190,497
5191,497
5192,497
5193,497
5194,497
5195,497
5196,497
5197,497
5198,497
5199,497
5200,497
5201,497
5202,497
5203,497
5204,497
5205,497
5206,497
5207,497
5208,497
5209,497
5210,497
5211,497
5212,497
5213,497
5214,497
5215,497
5216,497
5217,497
5218,497
5219,497
5220,497
5221,497
5222,497
5223,497
5224,497
5225,497
5226,497
5227,497
5228,497
5229,497
5230,497
5231,497
5232,497
5233,497
5234,497
5235,497
5236,497
5237,497
5238,497
5239,497
5240,497
5241,497
5242,497
5243,497
5244,497
5245,497
5246,497
5247,497
5248,497
5249,497
5250,497
5251,497
5252,497
5253,497
5254,497
5255,497
5256,497
5257,497
5258,497
5259,497
5260,497
5261,497
5262,497
5263,497
5264,497
5265,497
5266,497
5267,497
5268,497
5269,497
5270,497
5271,497
5272,497
5273,497
5274,497
5275,497
5276,497
5277,497
5278,497
5279,497
5280,497
5281,497
5282,497
5283,497
5284,497
5285,497
5286,497
5287,497
5288,497
5289,497
5290,497
5291,497
5292,497
5293,497
5294,497
5295,497
5296,497
5297,497
5298,497
5299,497
5300,497
5301,497
5302,497
5303,497
5304,497
5305,497
5306,497
5307,497
5308,497
5309,497
5310,497
5311,497
5312,497
5313,497
5314,497
5315,497
5316,497
5317,497
5318,497
5319,497
5320,497
5321,497
5322,497
5323,497
5324,497
5325,497
5326,497
5327,497
5328,497
5329,497
5330,497
5331,497
5332,497
5333,497
5334,497
5335,497
5336,497
5337,497
5338,497
5339,497
5340,497
5341,497
5342,497
5343,497
5344,497
5345,497
5346,497
5347,497
5348,497
5349,497
5350,497
5351,497
5352,497
5353,497
5354,497
5355,497
5356,497
5357,497
5358,497
5359,497
5360,497
5361,497
5362,497
5363,497
5364,497
5365,497
5366,497
5367,497
5368,497
5369,497
5370,497
5371,497
5372,497
5373,497
5374,497
5375,497
5376,497
5377,497
5378,497
5379,497
5380,497
5381,497
5382,497
5383,497
5384,497
5385,497
5386,497
5387,497
5388,497
5389,497
5390,497
5391,497
5392,497
5393,497
5394,497
5395,497
5396,497
5397,497
5398,497
5399,497
5400,497
5401,497
5402,497
5403,497
5404,497
5405,497
5406,497
5407,497
5408,497
5409,497
5410,497
5411,497
5412,497
5413,497
5414,497
5415,497
5416,497
5417,497
5418,497
5419,497
5420,497
5421,497
5422,497
5423,497
5424,497
5425,497
5426,497
5427,497
5428,497
5429,497
5430,497
5431,497
5432,497
5433,497
5434,497
5435,497
5436,497
5437,497
5438,497
5439,497
5440,497
5441,497
5442,497
5443,497
5444,497
5445,497
5446,497
5447,497
5448,497
5449,497
5450,497
5451,497
5452,497
5453,497
5454,497
5455,497
5456,497
5457,497
5458,497
5459,497
5460,497
5461,497
5462,497
5463,497
5464,497
5465,497
5466,497
5467,497
5468,497
5469,497
5470,497
5471,497
5472,497
5473,497
5474,497
5475,497
5476,497
5477,497
5478,497
5479,497
5480,497
5481,497
5482,497
5483,497
5484,497
5485,497
5486,497
5487,497
5488,497
5489,497
5490,497
5491,497
5492,497
5493,497
5494,497
5495,497
5496,497
5497,497
5498,497
5499,497
5500,497
5501,497
5502,497
5503,497
5504,497
5505,497
5506,497
5507,497
5508,497
5509,497
5510,497
5511,497
5512,497
5513,497
5514,497
5515,497
5516,497
5517,497
5518,497
5519,497
5520,497
5521,497
5522,497
5523,497
5524,497
5525,497
5526,497
5527,497
5528,497
5529,497
5530,497
5531,497
5532,497
5533,497
5534,497
5535,497
5536,497
5537,497
5538,497
5539,497
5540,497
5541,497
5542,497
5543,497
5544,497
5545,497
5546,497
5547,497
5548,497
5549,497
5550,497
5551,497
5552,497
5553,497
5554,497
5555,497
5556,497
5557,497
5558,497
5559,497
5560,497
5561,497
5562,497
5563,497
5564,497
5565,497
5566,497
5567,497
5568,497
5569,497
5570,497
5571,497
5572,497
5573,497
5574,497
5575,497
5576,497
5577,497
5578,497
5579,497
5580,497
5581,497
5582,497
5583,497
5584,497
5585,497
5586,497
5587,497
5588,497
5589,497
5590,497
5591,497
5592,497
5593,497
5594,497
5595,497
5596,497
5597,497
5598,497
5599,497
5600,497
5601,497
5602,497
5603,497
5604,497
5605,497
5606,497
5607,497
5608,497
5609,497
5610,497
5611,497
5612,497
5613,497
5614,497
5615,497
5616,497
5617,497
5618,497
5619,497
5620,497
5621,497
5622,497
5623,497
5624,497
5625,497
5626,497
5627,497
5628,497
5629,497
5630,497
5631,497
5632,497
5633,497
5634,497
5635,497
5636,497
5637,497
5638,497
5639,497
5640,497
5641,497
5642,497
5643,497
5644,497
5645,497
5646,497
5647,497
5648,497
5649,497
5650,497
5651,497
5652,497
5653,497
5654,497
5655,497
5656,497
5657,497
5658,497
5659,497
5660,497
5661,497
5662,497
5663,497
5664,497
5665,497
5666,497
5667,497
5668,497
5669,497
5670,497
5671,497
5672,497
5673,497
5674,497
5675,497
5676,497
5677,497
5678,497
5679,497
5680,497
5681,497
5682,497
5683,497
5684,497
5685,497
5686,497
5687,497
5688,497
5689,497
5690,497
5691,497
5692,497
5693,497
5694,497
5695,497
5696,497
5697,497
5698,497
5699,497
5700,497
5701,497
5702,497
5703,497
5704,497
5705,497
5706,497
5707,497
5708,497
5709,497
5710,497
5711,497
5712,497
5713,497
5714,497
5715,497
5716,497
5717,497
5718,497
5719,497
5720,497
5721,497
5722,497
5723,497
5724,497
5725,497
5726,497
5727,497
5728,497
5729,497
5730,497
5731,497
5732,497
5733,497
5734,497
5735,497
5736,497
5737,497
5738,497
5739,497
5740,497
5741,497
5742,497
5743,497
5744,497
5745,497
5746,497
5747,497
5748,497
5749,497
5750,497
5751,497
5752,497
5753,497
5754,497
5755,497
5756,497
5757,497
5758,497
5759,497
5760,497
5761,497
5762,497
5763,497
5764,497
5765,497
5766,497
5767,497
5768,497
5769,497
5770,497
5771,497
5772,497
5773,497
5774,497
5775,497
5776,497
5777,497
5778,497
5779,497
5780,497
5781,497
5782,497
5783,497
5784,497
5785,497
5786,497
5787,497
5788,497
5789,497
5790,497
5791,497
5792,497
5793,497
5794,497
5795,497
5796,497
5797,497
5798,497
5799,497
5800,497
5801,497
5802,497
5803,497
5804,497
5805,497
5806,497
5807,497
5808,497
5809,497
5810,497
5811,497
5812,497
5813,497
5814,497
5815,497
5816,497
5817,497
5818,497
5819,497
5820,497
5821,497
5822,497
5823,497
5824,497
5825,497
5826,497
5827,497
5828,497
5829,497
5830,497
5831,497
5832,497
5833,497
5834,497
5835,497
5836,497
5837,497
5838,497
5839,497
5840,497
5841,497
5842,497
5843,497
5844,497
5845,497
5846,497
5847,497
5848,497
5849,497
5850,497
5851,497
5852,497
5853,497
5854,497
5855,497
5856,497
5857,497
5858,497
5859,497
5860,497
5861,497
5862,497
5863,497
5864,497
5865,497
5866,497
5867,497
5868,497
5869,497
5870,497
5871,497
5872,497
5873,497
5874,497
5875,497
5876,497
5877,497
5878,497
5879,497
5880,497
5881,497
5882,497
5883,497
5884,497
5885,497
5886,497
5887,497
5888,497
5889,497
5890,497
5891,497
5892,497
5893,497
5894,497
5895,497
5896,497
5897,497
5898,497
5899,497
5900,497
5901,497
5902,497
5903,497
5904,497
5905,497
5906,497
5907,497
5908,497
5909,497
5910,497
5911,497
5912,497
5913,497
5914,497
5915,497
5916,497
5917,497
5918,497
5919,497
5920,497
5921,497
5922,497
5923,497
5924,497
5925,497
5926,497
5927,497
5928,497
5929,497
5930,497
5931,497
5932,497
5933,497
5934,497
5935,497
5936,497
5937,497
5938,497
5939,497
5940,497
5941,497
5942,497
5943,497
5944,497
5945,497
5946,497
5947,497
5948,497
5949,497
5950,497
5951,497
5952,497
5953,497
5954,497
5955,497
5956,497
5957,497
5958,497
5959,497
5960,497
5961,497
5962,497
5963,497
5964,497
5965,497
5966,497
5967,497
5968,497
5969,497
5970,497
5971,497
5972,497
5973,497
5974,497
5975,497
5976,497
5977,497
5978,497
5979,497
5980,497
5981,497
5982,497
5983,497
5984,497
5985,497
5986,497
5987,497
5988,497
5989,497
5990,497
5991,497
5992,497
5993,497
5994,497
5995,497
5996,497
5997,497
5998,497
5999,497
6000,497
6001,497
6002,497
6003,497
6004,497
6005,497
6006,497
6007,497
6008,497
6009,497
6010,497
6011,497
6012,497
6013,497
6014,497
6015,497
6016,497
6017,497
6018,497
6019,497
6020,497
6021,497
6022,497
6023,497
6024,497
6025,497
6026,497
6027,497
6028,497
6029,497
6030,497
6031,497
6032,497
6033,497
6034,497
6035,497
6036,497
6037,497
6038,497
6039,497
6040,497
6041,497
6042,497
6043,497
6044,497
6045,497
6046,497
6047,497
6048,497
6049,497
6050,497
6051,497
6052,497
6053,497
6054,497
6055,497
6056,497
6057,497
6058,497
6059,497
6060,497
6061,497
6062,497
6063,497
6064,497
6065,497
6066,497
6067,497
6068,497
6069,497
6070,497
6071,497
6072,497
6073,497
6074,497
6075,497
6076,497
6077,497
6078,497
6079,497
6080,497
6081,497
6082,497
6083,497
6084,497
6085,497
6086,497
6087,497
6088,497
6089,497
6090,497
6091,497
6092,497
6093,497
6094,497
6095,497
6096,497
6097,497
6098,497
6099,497
6100,497
6101,497
6102,497
6103,497
6104,497
6105,497
6106,497
6107,497
6108,497
6109,497
6110,497
6111,497
6112,497
6113,497
6114,497
6115,497
6116,497
6117,497
6118,497
6119,497
6120,497
6121,497
6122,497
6123,497
6124,497
6125,497
6126,497
6127,497
6128,497
6129,497
6130,497
6131,497
6132,497
6133,497
6134,497
6135,497
6136,497
6137,497
6138,497
6139,497
6140,497
6141,497
6142,497
6143,497
6144,497
6145,497
6146,497
6147,497
6148,497
6149,497
6150,497
6151,497
6152,497
6153,497
6154,497
6155,497
6156,497
6157,497
6158,497
6159,497
6160,497
6161,497
6162,497
6163,497
6164,497
6165,497
6166,497
6167,497
6168,497
6169,497
6170,497
6171,497
6172,497
6173,497
6174,497
6175,497
6176,497
6177,497
6178,497
6179,497
6180,497
6181,497
6182,497
6183,497
6184,497
6185,497
6186,497
6187,497
6188,497
6189,497
6190,497
6191,497
6192,497
6193,497
6194,497
6195,497
6196,497
6197,497
6198,497
6199,497
6200,497
6201,497
6202,497
6203,497
6204,497
6205,497
6206,497
6207,497
6208,497
6209,497
6210,497
6211,497
6212,497
6213,497
6214,497
6215,497
6216,497
6217,497
6218,497
6219,497
6220,497
6221,497
6222,497
6223,497
6224,497
6225,497
6226,497
6227,497
6228,497
6229,497
6230,497
6231,497
6232,497
6233,497
6234,497
6235,497
6236,497
6237,497
6238,497
6239,497
6240,497
6241,497
6242,497
6243,497
6244,497
6245,497
6246,497
6247,497
6248,497
6249,497
6250,497
6251,497
6252,497
6253,497
6254,497
6255,497
6256,497
6257,497
6258,497
6259,497
6260,497
6261,497
6262,497
6263,497
6264,497
6265,497
6266,497
6267,497
6268,497
6269,497
6270,497
6271,497
6272,497
6273,497
6274,497
6275,497
6276,497
6277,497
6278,497
6279,497
6280,497
6281,497
6282,497
6283,497
6284,497
6285,497
6286,497
6287,497
6288,497
6289,497
6290,497
6291,497
6292,497
6293,497
6294,497
6295,497
6296,497
6297,497
6298,497
6299,497
6300,497
6301,497
6302,497
6303,497
6304,497
6305,497
6306,497
6307,497
6308,497
6309,497
6310,497
6311,497
6312,497
6313,497
6314,497
6315,497
6316,497
6317,497
6318,497
6319,497
6320,497
6321,497
6322,497
6323,497
6324,497
6325,497
6326,497
6327,497
6328,497
6329,497
6330,497
6331,497
6332,497
6333,497
6334,497
6335,497
6336,497
6337,497
6338,497
6339,497
6340,497
6341,497
6342,497
6343,497
6344,497
6345,497
6346,497
6347,497
6348,497
6349,497
6350,497
6351,497
6352,497
6353,497
6354,497
6355,497
6356,497
6357,497
6358,497
6359,497
6360,497
6361,497
6362,497
6363,497
6364,497
6365,497
6366,497
6367,497
6368,497
6369,497
6370,497
6371,497
6372,497
6373,497
6374,497
6375,497
6376,497
6377,497
6378,497
6379,497
6380,497
6381,497
6382,497
6383,497
6384,497
6385,497
6386,497
6387,497
6388,497
6389,497
6390,497
6391,497
6392,497
6393,497
6394,497
6395,497
6396,497
6397,497
6398,497
6399,497
6400,497
6401,497
6402,497
6403,497
6404,497
6405,497
6406,497
6407,497
6408,498
6409,498
6410,498
6411,498
6412,498
6413,498
6414,498
6415,498
6416,498
6417,498
6418,498
6419,498
6420,498
6421,498
6422,498
6423,498
6424,498
6425,498
6426,498
6427,498
6428,498
6429,498
6430,498
6431,498
6432,498
6433,498
6434,498
6435,498
6436,498
6437,498
6438,498
6439,498
6440,498
6441,498
6442,498
6443,498
6444,498
6445,498
6446,498
6447,498
6448,498
6449,498
6450,498
6451,498
6452,498
6453,498
6454,498
6455,498
6456,498
6457,498
6458,498
6459,498
6460,498
6461,498
6462,498
6463,498
6464,498
6465,498
6466,498
6467,498
6468,498
6469,498
6470,498
6471,498
6472,498
6473,498
6474,498
6475,498
6476,498
6477,498
6478,498
6479,498
6480,498
6481,498
6482,498
6483,498
6484,498
6485,498
6486,498
6487,498
6488,498
6489,498
6490,498
6491,498
6492,498
6493,498
6494,498
6495,498
6496,498
6497,498
6498,498
6499,498
6500,498
6501,498
6502,498
6503,498
6504,498
6505,498
6506,498
6507,498
6508,498
6509,498
6510,498
6511,498
6512,498
6513,498
6514,498
6515,498
6516,498
6517,498
6518,498
6519,498
6520,498
6521,498
6522,498
6523,498
6524,498
6525,498
6526,498
6527,498
6528,498
6529,498
6530,498
6531,498
6532,498
6533,498
6534,498
6535,498
6536,498
6537,498
6538,498
6539,498
6540,498
6541,498
6542,498
6543,498
6544,498
6545,498
6546,498
6547,498
6548,498
6549,498
6550,498
6551,498
6552,498
6553,498
6554,498
6555,498
6556,498
6557,498
6558,498
6559,498
6560,498
6561,498
6562,498
6563,498
6564,498
6565,498
6566,498
6567,498
6568,498
6569,498
6570,498
6571,498
6572,498
6573,498
6574,498
6575,498
6576,498
6577,498
6578,498
6579,498
6580,498
6581,498
6582,498
6583,498
6584,498
6585,498
6586,498
6587,498
6588,498
6589,498
6590,498
6591,498
6592,498
6593,498
6594,498
6595,498
6596,498
6597,498
6598,498
6599,498
6600,498
6601,498
6602,498
6603,498
6604,498
6605,498
6606,498
6607,498
6608,498
6609,498
6610,498
6611,498
6612,498
6613,498
6614,498
6615,498
6616,498
6617,498
6618,498
6619,498
6620,498
6621,498
6622,498
6623,498
6624,498
6625,498
6626,498
6627,498
6628,498
6629,498
6630,498
6631,498
6632,498
6633,498
6634,498
6635,498
6636,498
6637,498
6638,498
6639,498
6640,498
6641,498
6642,498
6643,498
6644,498
6645,498
6646,498
6647,498
6648,498
6649,498
6650,498
6651,498
6652,498
6653,498
6654,498
6655,498
6656,498
6657,498
6658,498
6659,498
6660,498
6661,498
6662,498
6663,498
6664,498
6665,498
6666,498
6667,498
6668,498
6669,498
6670,498
6671,498
6672,498
6673,498
6674,498
6675,498
6676,498
6677,498
6678,498
6679,498
6680,498
6681,498
6682,498
6683,498
6684,498
6685,498
6686,498
6687,498
6688,498
6689,498
6690,498
6691,498
6692,498
6693,498
6694,498
6695,498
6696,498
6697,498
6698,498
6699,498
6700,498
6701,498
6702,498
6703,498
6704,498
6705,498
6706,498
6707,498
6708,498
6709,498
6710,498
6711,498
6712,498
6713,498
6714,498
6715,498
6716,498
6717,498
6718,498
6719,498
6720,498
6721,498
6722,498
6723,498
6724,498
6725,498
6726,498
6727,498
6728,498
6729,498
6730,498
6731,498
6732,498
6733,498
6734,498
6735,498
6736,498
6737,498
6738,498
6739,498
6740,498
6741,498
6742,498
6743,498
6744,498
6745,498
6746,498
6747,498
6748,498
6749,498
6750,498
6751,498
6752,498
6753,498
6754,498
6755,498
6756,498
6757,498
6758,498
6759,498
6760,498
6761,498
6762,498
6763,498
6764,498
6765,498
6766,498
6767,498
6768,498
6769,498
6770,498
6771,498
6772,498
6773,498
6774,498
6775,498
6776,498
6777,498
6778,498
6779,498
6780,498
6781,498
6782,498
6783,498
6784,498
6785,498
6786,498
6787,498
6788,498
6789,498
6790,498
6791,498
6792,498
6793,498
6794,498
6795,498
6796,498
6797,498
6798,498
6799,498
6800,498
6801,498
6802,498
6803,498
6804,498
6805,498
6806,498
6807,498
6808,498
6809,498
6810,498
6811,498
6812,498
6813,498
6814,498
6815,498
6816,498
6817,498
6818,498
6819,498
6820,498
6821,498
6822,498
6823,498
6824,498
6825,498
6826,498
6827,498
6828,498
6829,498
6830,498
6831,499
6832,499
6833,499
6834,499
6835,499
6836,499
6837,499
6838,499
6839,499
6840,499
6841,499
6842,499
6843,499
6844,499
6845,499
6846,499
6847,499
6848,499
6849,499
6850,499
6851,499
6852,499
6853,499
6854,499
6855,499
6856,499
6857,499
6858,499
6859,499
6860,499
6861,499
6862,499
6863,499
6864,499
6865,499
6866,499
6867,499
6868,499
6869,499
6870,499
6871,499
6872,499
6873,499
6874,499
6875,499
6876,499
6877,499
6878,499
6879,499
6880,499
6881,499
6882,499
6883,499
6884,499
6885,499
6886,500
