0,0
1,1
2,2
3,3
4,4
5,4
6,5
7,6
8,7
9,8
10,8
11,9
12,10
13,11
14,11
15,11
16,12
17,13
18,14
19,15
20,16
21,16
22,16
23,17
24,18
25,19
26,20
27,20
28,21
29,22
30,23
31,24
32,25
33,25
34,26
35,27
36,27
37,28
38,28
39,29
40,29
41,30
42,31
43,31
44,31
45,31
46,32
47,32
48,33
49,34
50,34
51,34
52,34
53,34
54,35
55,36
56,37
57,38
58,39
59,40
60,41
61,42
62,43
63,43
64,44
65,45
66,46
67,47
68,48
69,49
70,49
71,49
72,50
73,51
74,51
75,52
76,53
77,53
78,53
79,53
80,54
81,55
82,55
83,55
84,56
85,57
86,57
87,57
88,57
89,57
90,57
91,57
92,58
93,59
94,59
95,59
96,60
97,60
98,61
99,62
100,63
101,64
102,65
103,66
104,67
105,68
106,69
107,70
108,71
109,72
110,73
111,74
112,74
113,74
114,75
115,76
116,77
117,78
118,79
119,79
120,80
121,81
122,81
123,82
124,83
125,83
126,84
127,84
128,85
129,86
130,87
131,88
132,89
133,90
134,91
135,92
136,92
137,93
138,94
139,94
140,95
141,95
142,95
143,96
144,96
145,96
146,97
147,97
148,98
149,99
150,99
151,100
152,101
153,101
154,102
155,102
156,102
157,103
158,104
159,105
160,106
161,107
162,107
163,108
164,109
165,110
166,111
167,112
168,113
169,114
170,115
171,116
172,116
173,116
174,116
175,117
176,117
177,118
178,119
179,120
180,120
181,120
182,120
183,121
184,121
185,122
186,122
187,122
188,122
189,122
190,123
191,124
192,125
193,126
194,126
195,126
196,126
197,126
198,126
199,126
200,126
201,126
202,126
203,127
204,127
205,128
206,128
207,128
208,128
209,128
210,129
211,129
212,129
213,130
214,131
215,132
216,133
217,133
218,133
219,133
220,133
221,133
222,133
223,133
224,133
225,134
226,135
227,135
228,135
229,135
230,135
231,135
232,136
233,136
234,137
235,138
236,138
237,138
238,139
239,140
240,141
241,142
242,142
243,143
244,143
245,143
246,144
247,145
248,145
249,146
250,147
251,147
252,147
253,147
254,148
255,149
256,150
257,151
258,152
259,153
260,153
261,154
262,155
263,155
264,155
265,156
266,157
267,158
268,159
269,160
270,161
271,162
272,163
273,164
274,165
275,166
276,167
277,168
278,169
279,170
280,171
281,171
282,172
283,173
284,174
285,174
286,175
287,175
288,176
289,176
290,177
291,177
292,177
293,178
294,178
295,178
296,178
297,178
298,178
299,179
300,179
301,179
302,180
303,180
304,180
305,180
306,181
307,182
308,183
309,184
310,184
311,185
312,186
313,186
314,186
315,186
316,186
317,186
318,187
319,187
320,187
321,187
322,187
323,188
324,188
325,189
326,189
327,190
328,191
329,191
330,192
331,193
332,194
333,195
334,196
335,197
336,198
337,198
338,199
339,200
340,201
341,202
342,203
343,204
344,204
345,205
346,206
347,207
348,208
349,209
350,209
351,210
352,210
353,210
354,211
355,211
356,211
357,211
358,211
359,211
360,212
361,213
362,213
363,213
364,214
365,214
366,214
367,214
368,214
369,215
370,215
371,215
372,215
373,215
374,215
375,215
376,215
377,215
378,215
379,215
380,216
381,217
382,218
383,219
384,219
385,219
386,219
387,220
388,220
389,221
390,222
391,223
392,223
393,224
394,225
395,226
396,227
397,228
398,229
399,230
400,230
401,231
402,232
403,232
404,232
405,233
406,234
407,235
408,235
409,236
410,236
411,236
412,236
413,236
414,236
415,237
416,238
417,239
418,240
419,240
420,241
421,242
422,242
423,242
424,243
425,243
426,244
427,244
428,245
429,246
430,247
431,247
432,247
433,247
434,247
435,247
436,248
437,249
438,250
439,251
440,252
441,253
442,254
443,255
444,255
445,255
446,256
447,257
448,258
449,258
450,258
451,259
452,259
453,260
454,260
455,260
456,261
457,262
458,262
459,263
460,263
461,263
462,263
463,263
464,264
465,264
466,264
467,265
468,265
469,265
470,265
471,265
472,265
473,265
474,266
475,267
476,268
477,269
478,270
479,270
480,270
481,271
482,272
483,273
484,273
485,273
486,274
487,275
488,276
489,276
490,276
491,276
492,276
493,276
494,276
495,276
496,276
497,277
498,278
499,279
500,280
501,280
502,280
503,280
504,280
505,281
506,281
507,282
508,282
509,283
510,283
511,284
512,285
513,285
514,285
515,285
516,285
517,285
518,286
519,286
520,286
521,287
522,288
523,289
524,290
525,290
526,290
527,290
528,290
529,290
530,290
531,290
532,290
533,291
534,292
535,292
536,293
537,293
538,294
539,295
540,296
541,296
542,297
543,298
544,298
545,299
546,300
547,300
548,300
549,301
550,302
551,302
552,302
553,303
554,303
555,304
556,305
557,305
558,306
559,307
560,307
561,307
562,307
563,308
564,309
565,309
566,310
567,310
568,310
569,310
570,310
571,311
572,312
573,312
574,312
575,312
576,313
577,313
578,314
579,315
580,316
581,317
582,317
583,318
584,318
585,318
586,318
587,318
588,318
589,318
590,319
591,320
592,320
593,320
594,320
595,321
596,321
597,321
598,321
599,321
600,321
601,322
602,322
603,323
604,323
605,323
606,323
607,324
608,325
609,326
610,326
611,326
612,326
613,326
614,326
615,326
616,326
617,326
618,326
619,326
620,326
621,326
622,326
623,326
624,326
625,326
626,326
627,326
628,327
629,328
630,328
631,329
632,330
633,331
634,332
635,333
636,334
637,335
638,335
639,335
640,336
641,336
642,337
643,337
644,337
645,338
646,338
647,339
648,340
649,341
650,342
651,343
652,344
653,345
654,345
655,345
656,346
657,346
658,347
659,348
660,348
661,348
662,348
663,348
664,349
665,350
666,350
667,350
668,350
669,350
670,350
671,350
672,351
673,351
674,351
675,351
676,351
677,351
678,351
679,351
680,351
681,351
682,351
683,351
684,351
685,351
686,351
687,351
688,351
689,351
690,352
691,353
692,353
693,353
694,353
695,353
696,354
697,354
698,355
699,355
700,355
701,355
702,355
703,355
704,355
705,355
706,355
707,355
708,355
709,355
710,355
711,355
712,355
713,355
714,356
715,356
716,356
717,357
718,358
719,358
720,358
721,359
722,360
723,360
724,361
725,362
726,362
727,362
728,362
729,362
730,362
731,362
732,363
733,363
734,363
735,363
736,363
737,363
738,363
739,363
740,363
741,363
742,363
743,363
744,363
745,364
746,364
747,364
748,364
749,364
750,364
751,364
752,364
753,364
754,364
755,364
756,364
757,364
758,364
759,364
760,364
761,364
762,364
763,364
764,364
765,364
766,364
767,364
768,364
769,364
770,364
771,364
772,364
773,364
774,364
775,364
776,364
777,364
778,364
779,364
780,364
781,364
782,364
783,365
784,365
785,365
786,365
787,365
788,365
789,365
790,365
791,365
792,366
793,366
794,366
795,366
796,367
797,367
798,367
799,368
800,368
801,368
802,369
803,369
804,369
805,370
806,370
807,370
808,370
809,371
810,371
811,371
812,372
813,373
814,374
815,374
816,375
817,375
818,376
819,376
820,376
821,377
822,378
823,378
824,378
825,379
826,379
827,379
828,380
829,380
830,381
831,381
832,381
833,381
834,381
835,382
836,382
837,383
838,383
839,383
840,383
841,383
842,383
843,383
844,384
845,384
846,385
847,385
848,385
849,385
850,385
851,385
852,385
853,385
854,386
855,386
856,386
857,386
858,386
859,386
860,386
861,387
862,387
863,388
864,388
865,388
866,388
867,388
868,389
869,389
870,390
871,390
872,390
873,391
874,391
875,391
876,391
877,391
878,391
879,391
880,391
881,391
882,391
883,392
884,392
885,392
886,392
887,392
888,392
889,392
890,392
891,392
892,392
893,392
894,392
895,392
896,392
897,392
898,392
899,392
900,392
901,392
902,392
903,392
904,392
905,392
906,392
907,392
908,392
909,392
910,392
911,392
912,392
913,392
914,392
915,392
916,392
917,392
918,392
919,392
920,392
921,392
922,392
923,392
924,392
925,392
926,392
927,392
928,392
929,392
930,392
931,392
932,392
933,393
934,393
935,393
936,393
937,393
938,393
939,393
940,393
941,393
942,393
943,394
944,394
945,394
946,394
947,394
948,394
949,394
950,394
951,394
952,394
953,395
954,395
955,395
956,396
957,397
958,397
959,397
960,398
961,398
962,398
963,398
964,398
965,398
966,398
967,398
968,398
969,398
970,398
971,398
972,398
973,398
974,398
975,398
976,398
977,398
978,398
979,398
980,398
981,398
982,398
983,399
984,399
985,399
986,399
987,399
988,400
989,400
990,400
991,400
992,400
993,400
994,400
995,400
996,400
997,400
998,400
999,400
1000,400
1001,400
1002,400
1003,400
1004,400
1005,400
1006,400
1007,400
1008,400
1009,400
1010,400
1011,400
1012,400
1013,400
1014,400
1015,401
1016,401
1017,401
1018,401
1019,401
1020,401
1021,401
1022,401
1023,401
1024,402
1025,402
1026,402
1027,402
1028,402
1029,402
1030,402
1031,402
1032,402
1033,402
1034,402
1035,403
1036,403
1037,403
1038,403
1039,403
1040,403
1041,403
1042,403
1043,403
1044,403
1045,403
1046,403
1047,403
1048,403
1049,403
1050,403
1051,404
1052,404
1053,404
1054,404
1055,404
1056,404
1057,404
1058,404
1059,405
1060,405
1061,405
1062,405
1063,405
1064,405
1065,405
1066,405
1067,405
1068,406
1069,406
1070,406
1071,406
1072,406
1073,406
1074,406
1075,406
1076,406
1077,406
1078,406
1079,406
1080,406
1081,406
1082,406
1083,406
1084,406
1085,406
1086,407
1087,407
1088,407
1089,408
1090,408
1091,408
1092,408
1093,408
1094,408
1095,408
1096,408
1097,408
1098,408
1099,409
1100,409
1101,409
1102,409
1103,409
1104,409
1105,409
1106,409
1107,409
1108,409
1109,409
1110,409
1111,409
1112,409
1113,409
1114,409
1115,409
1116,409
1117,409
1118,409
1119,409
1120,409
1121,409
1122,409
1123,409
1124,409
1125,409
1126,409
1127,409
1128,409
1129,409
1130,409
1131,409
1132,409
1133,409
1134,409
1135,409
1136,410
1137,410
1138,410
1139,410
1140,411
1141,411
1142,412
1143,412
1144,412
1145,412
1146,412
1147,412
1148,412
1149,412
1150,412
1151,412
1152,412
1153,412
1154,412
1155,412
1156,412
1157,412
1158,412
1159,412
1160,412
1161,412
1162,412
1163,412
1164,412
1165,412
1166,412
1167,412
1168,412
1169,412
1170,412
1171,412
1172,412
1173,412
1174,412
1175,412
1176,412
1177,412
1178,413
1179,413
1180,413
1181,413
1182,413
1183,413
1184,413
1185,413
1186,413
1187,413
1188,413
1189,413
1190,413
1191,413
1192,413
1193,413
1194,413
1195,413
1196,413
1197,413
1198,413
1199,413
1200,413
1201,413
1202,413
1203,413
1204,413
1205,413
1206,413
1207,413
1208,413
1209,413
1210,414
1211,414
1212,414
1213,414
1214,414
1215,414
1216,414
1217,414
1218,414
1219,414
1220,414
1221,414
1222,415
1223,415
1224,415
1225,415
1226,415
1227,415
1228,415
1229,415
1230,415
1231,415
1232,416
1233,416
1234,416
1235,417
1236,417
1237,417
1238,417
1239,417
1240,417
1241,417
1242,417
1243,417
1244,417
1245,417
1246,418
1247,418
1248,418
1249,418
1250,418
1251,418
1252,419
1253,419
1254,419
1255,420
1256,420
1257,420
1258,420
1259,420
1260,420
1261,420
1262,420
1263,420
1264,420
1265,420
1266,420
1267,420
1268,420
1269,420
1270,420
1271,421
1272,421
1273,421
1274,421
1275,421
1276,421
1277,421
1278,421
1279,421
1280,421
1281,421
1282,421
1283,422
1284,422
1285,422
1286,423
1287,423
1288,424
1289,424
1290,424
1291,424
1292,424
1293,424
1294,424
1295,424
1296,424
1297,424
1298,424
1299,424
1300,425
1301,425
1302,425
1303,425
1304,425
1305,425
1306,425
1307,425
1308,425
1309,425
1310,425
1311,426
1312,426
1313,426
1314,426
1315,426
1316,427
1317,427
1318,427
1319,427
1320,427
1321,427
1322,427
1323,427
1324,427
1325,427
1326,427
1327,428
1328,428
1329,428
1330,428
1331,428
1332,428
1333,428
1334,428
1335,428
1336,428
1337,428
1338,428
1339,428
1340,428
1341,428
1342,428
1343,428
1344,428
1345,428
1346,428
1347,428
1348,428
1349,428
1350,428
1351,428
1352,428
1353,428
1354,428
1355,428
1356,428
1357,428
1358,428
1359,428
1360,428
1361,429
1362,429
1363,429
1364,429
1365,430
1366,431
1367,431
1368,431
1369,431
1370,431
1371,431
1372,431
1373,431
1374,431
1375,432
1376,432
1377,432
1378,432
1379,432
1380,432
1381,432
1382,432
1383,432
1384,432
1385,432
1386,432
1387,432
1388,432
1389,432
1390,432
1391,432
1392,432
1393,432
1394,432
1395,432
1396,432
1397,432
1398,432
1399,432
1400,432
1401,432
1402,432
1403,432
1404,432
1405,433
1406,433
1407,433
1408,433
1409,433
1410,433
1411,433
1412,433
1413,433
1414,433
1415,433
1416,433
1417,433
1418,433
1419,433
1420,433
1421,433
1422,433
1423,433
1424,433
1425,433
1426,433
1427,433
1428,433
1429,433
1430,433
1431,433
1432,434
1433,435
1434,435
1435,435
1436,435
1437,435
1438,435
1439,435
1440,435
1441,435
1442,435
1443,435
1444,435
1445,435
1446,435
1447,435
1448,435
1449,435
1450,435
1451,435
1452,435
1453,436
1454,436
1455,436
1456,436
1457,437
1458,437
1459,438
1460,438
1461,438
1462,438
1463,438
1464,438
1465,438
1466,439
1467,439
1468,440
1469,440
1470,440
1471,440
1472,440
1473,440
1474,440
1475,440
1476,440
1477,440
1478,440
1479,440
1480,440
1481,440
1482,440
1483,440
1484,440
1485,440
1486,440
1487,440
1488,440
1489,440
1490,440
1491,440
1492,440
1493,440
1494,440
1495,440
1496,440
1497,440
1498,440
1499,440
1500,440
1501,440
1502,440
1503,440
1504,440
1505,440
1506,440
1507,440
1508,440
1509,441
1510,441
1511,441
1512,441
1513,441
1514,441
1515,441
1516,441
1517,441
1518,441
1519,441
1520,441
1521,441
1522,441
1523,441
1524,441
1525,441
1526,441
1527,441
1528,442
1529,442
1530,443
1531,443
1532,443
1533,443
1534,443
1535,443
1536,443
1537,443
1538,443
1539,443
1540,443
1541,443
1542,443
1543,443
1544,444
1545,444
1546,444
1547,444
1548,444
1549,444
1550,444
1551,444
1552,444
1553,444
1554,444
1555,444
1556,445
1557,445
1558,446
1559,446
1560,447
1561,447
1562,447
1563,447
1564,447
1565,447
1566,447
1567,447
1568,447
1569,447
1570,447
1571,447
1572,447
1573,448
1574,448
1575,448
1576,448
1577,448
1578,448
1579,448
1580,448
1581,448
1582,449
1583,449
1584,450
1585,450
1586,450
1587,450
1588,450
1589,450
1590,450
1591,450
1592,450
1593,450
1594,450
1595,450
1596,450
1597,451
1598,451
1599,451
1600,451
1601,451
1602,451
1603,451
1604,451
1605,451
1606,451
1607,451
1608,451
1609,451
1610,451
1611,451
1612,451
1613,451
1614,451
1615,451
1616,451
1617,451
1618,451
1619,451
1620,451
1621,451
1622,451
1623,451
1624,451
1625,451
1626,451
1627,451
1628,451
1629,451
1630,451
1631,451
1632,451
1633,451
1634,451
1635,451
1636,451
1637,451
1638,451
1639,451
1640,451
1641,451
1642,451
1643,451
1644,451
1645,451
1646,451
1647,451
1648,451
1649,451
1650,451
1651,451
1652,451
1653,451
1654,451
1655,451
1656,451
1657,451
1658,451
1659,451
1660,451
1661,452
1662,452
1663,453
1664,454
1665,454
1666,455
1667,456
1668,456
1669,456
1670,456
1671,456
1672,457
1673,457
1674,458
1675,458
1676,458
1677,458
1678,458
1679,458
1680,458
1681,458
1682,458
1683,458
1684,458
1685,458
1686,458
1687,458
1688,458
1689,459
1690,459
1691,459
1692,459
1693,459
1694,460
1695,460
1696,460
1697,460
1698,460
1699,460
1700,460
1701,460
1702,460
1703,460
1704,460
1705,460
1706,460
1707,460
1708,460
1709,460
1710,460
1711,460
1712,460
1713,460
1714,460
1715,460
1716,460
1717,460
1718,460
1719,460
1720,460
1721,460
1722,460
1723,460
1724,460
1725,460
1726,460
1727,460
1728,460
1729,460
1730,460
1731,460
1732,460
1733,460
1734,460
1735,461
1736,461
1737,461
1738,462
1739,462
1740,462
1741,462
1742,462
1743,462
1744,462
1745,463
1746,463
1747,463
1748,463
1749,464
1750,465
1751,465
1752,465
1753,465
1754,466
1755,467
1756,467
1757,467
1758,467
1759,467
1760,467
1761,467
1762,467
1763,467
1764,467
1765,467
1766,467
1767,467
1768,467
1769,467
1770,467
1771,467
1772,467
1773,467
1774,467
1775,467
1776,468
1777,468
1778,468
1779,468
1780,468
1781,468
1782,468
1783,468
1784,468
1785,469
1786,469
1787,469
1788,469
1789,469
1790,469
1791,469
1792,469
1793,470
1794,470
1795,470
1796,470
1797,470
1798,470
1799,470
1800,470
1801,470
1802,470
1803,470
1804,470
1805,470
1806,470
1807,470
1808,470
1809,470
1810,470
1811,470
1812,470
1813,470
1814,470
1815,470
1816,471
1817,471
1818,471
1819,471
1820,471
1821,471
1822,471
1823,472
1824,472
1825,473
1826,473
1827,474
1828,474
1829,474
1830,474
1831,474
1832,474
1833,474
1834,474
1835,474
1836,474
1837,474
1838,474
1839,474
1840,474
1841,474
1842,474
1843,474
1844,474
1845,474
1846,474
1847,474
1848,474
1849,474
1850,474
1851,474
1852,474
1853,474
1854,474
1855,474
1856,474
1857,474
1858,474
1859,474
1860,474
1861,474
1862,474
1863,474
1864,474
1865,474
1866,474
1867,474
1868,474
1869,474
1870,474
1871,475
1872,475
1873,475
1874,475
1875,475
1876,475
1877,475
1878,475
1879,475
1880,476
1881,476
1882,476
1883,476
1884,476
1885,476
1886,476
1887,476
1888,476
1889,476
1890,476
1891,476
1892,476
1893,476
1894,476
1895,476
1896,476
1897,476
1898,476
1899,476
1900,476
1901,476
1902,476
1903,476
1904,476
1905,477
1906,477
1907,478
1908,478
1909,478
1910,478
1911,478
1912,478
1913,478
1914,478
1915,478
1916,478
1917,478
1918,478
1919,478
1920,478
1921,478
1922,478
1923,478
1924,478
1925,478
1926,478
1927,478
1928,478
1929,478
1930,478
1931,478
1932,478
1933,478
1934,478
1935,478
1936,478
1937,478
1938,478
1939,478
1940,478
1941,478
1942,479
1943,479
1944,479
1945,479
1946,479
1947,479
1948,479
1949,479
1950,479
1951,479
1952,479
1953,479
1954,479
1955,479
1956,479
1957,479
1958,479
1959,479
1960,479
1961,479
1962,479
1963,479
1964,479
1965,479
1966,480
1967,481
1968,482
1969,482
1970,482
1971,482
1972,482
1973,482
1974,483
1975,483
1976,483
1977,483
1978,483
1979,483
1980,483
1981,483
1982,483
1983,483
1984,483
1985,483
1986,483
1987,483
1988,483
1989,483
1990,483
1991,483
1992,483
1993,483
1994,483
1995,483
1996,483
1997,483
1998,483
1999,483
2000,483
2001,483
2002,483
2003,483
2004,483
2005,483
2006,483
2007,483
2008,483
2009,483
2010,483
2011,483
2012,483
2013,483
2014,483
2015,483
2016,483
2017,484
2018,484
2019,484
2020,484
2021,484
2022,484
2023,484
2024,484
2025,484
2026,484
2027,484
2028,484
2029,484
2030,484
2031,484
2032,484
2033,484
2034,484
2035,484
2036,484
2037,484
2038,484
2039,484
2040,484
2041,484
2042,484
2043,484
2044,484
2045,484
2046,484
2047,484
2048,484
2049,484
2050,484
2051,484
2052,484
2053,484
2054,484
2055,484
2056,484
2057,484
2058,484
2059,484
2060,484
2061,484
2062,484
2063,484
2064,484
2065,484
2066,484
2067,484
2068,484
2069,484
2070,484
2071,484
2072,484
2073,484
2074,484
2075,484
2076,484
2077,484
2078,484
2079,484
2080,484
2081,484
2082,484
2083,484
2084,484
2085,484
2086,484
2087,484
2088,484
2089,484
2090,484
2091,484
2092,484
2093,484
2094,484
2095,484
2096,484
2097,484
2098,484
2099,484
2100,484
2101,484
2102,484
2103,484
2104,484
2105,484
2106,484
2107,484
2108,484
2109,484
2110,484
2111,484
2112,484
2113,484
2114,484
2115,484
2116,484
2117,484
2118,484
2119,484
2120,484
2121,484
2122,484
2123,484
2124,484
2125,484
2126,484
2127,484
2128,484
2129,484
2130,484
2131,484
2132,484
2133,484
2134,484
2135,484
2136,484
2137,484
2138,484
2139,484
2140,484
2141,484
2142,484
2143,484
2144,484
2145,484
2146,484
2147,484
2148,484
2149,484
2150,484
2151,484
2152,484
2153,484
2154,485
2155,485
2156,485
2157,485
2158,485
2159,485
2160,485
2161,485
2162,485
2163,485
2164,485
2165,485
2166,485
2167,485
2168,485
2169,485
2170,485
2171,485
2172,485
2173,485
2174,485
2175,485
2176,485
2177,485
2178,485
2179,485
2180,485
2181,485
2182,485
2183,485
2184,485
2185,485
2186,485
2187,485
2188,486
2189,486
2190,486
2191,486
2192,486
2193,486
2194,486
2195,486
2196,486
2197,486
2198,486
2199,486
2200,486
2201,486
2202,486
2203,486
2204,486
2205,486
2206,486
2207,486
2208,486
2209,486
2210,486
2211,486
2212,486
2213,486
2214,486
2215,486
2216,486
2217,486
2218,486
2219,486
2220,486
2221,486
2222,486
2223,486
2224,486
2225,486
2226,486
2227,486
2228,486
2229,486
2230,486
2231,486
2232,486
2233,486
2234,486
2235,486
2236,486
2237,486
2238,486
2239,486
2240,486
2241,486
2242,486
2243,486
2244,486
2245,486
2246,486
2247,486
2248,486
2249,486
2250,486
2251,486
2252,486
2253,486
2254,486
2255,486
2256,486
2257,486
2258,486
2259,486
2260,486
2261,486
2262,486
2263,486
2264,486
2265,486
2266,486
2267,486
2268,486
2269,486
2270,486
2271,486
2272,486
2273,486
2274,486
2275,486
2276,486
2277,486
2278,486
2279,486
2280,486
2281,486
2282,486
2283,486
2284,486
2285,486
2286,486
2287,486
2288,486
2289,486
2290,486
2291,486
2292,486
2293,486
2294,486
2295,486
2296,486
2297,486
2298,486
2299,486
2300,486
2301,486
2302,486
2303,486
2304,486
2305,486
2306,486
2307,486
2308,486
2309,486
2310,486
2311,486
2312,486
2313,486
2314,486
2315,486
2316,486
2317,486
2318,486
2319,486
2320,486
2321,486
2322,486
2323,486
2324,486
2325,486
2326,487
2327,487
2328,487
2329,487
2330,487
2331,487
2332,487
2333,487
2334,487
2335,487
2336,487
2337,487
2338,487
2339,487
2340,487
2341,487
2342,487
2343,487
2344,488
2345,488
2346,488
2347,488
2348,488
2349,488
2350,488
2351,488
2352,488
2353,488
2354,488
2355,488
2356,488
2357,488
2358,488
2359,488
2360,488
2361,488
2362,488
2363,488
2364,488
2365,488
2366,488
2367,488
2368,488
2369,488
2370,488
2371,488
2372,488
2373,488
2374,488
2375,488
2376,488
2377,488
2378,488
2379,488
2380,488
2381,488
2382,488
2383,488
2384,488
2385,488
2386,488
2387,488
2388,488
2389,488
2390,488
2391,488
2392,488
2393,488
2394,488
2395,488
2396,488
2397,488
2398,488
2399,488
2400,488
2401,488
2402,488
2403,488
2404,489
2405,490
2406,490
2407,490
2408,490
2409,490
2410,490
2411,490
2412,490
2413,490
2414,490
2415,490
2416,490
2417,490
2418,490
2419,490
2420,490
2421,490
2422,490
2423,490
2424,490
2425,490
2426,490
2427,490
2428,491
2429,491
2430,491
2431,491
2432,492
2433,492
2434,492
2435,492
2436,492
2437,492
2438,492
2439,492
2440,492
2441,492
2442,492
2443,492
2444,492
2445,492
2446,492
2447,492
2448,493
2449,493
2450,493
2451,493
2452,493
2453,493
2454,493
2455,493
2456,493
2457,493
2458,493
2459,493
2460,493
2461,493
2462,493
2463,493
2464,493
2465,493
2466,493
2467,493
2468,493
2469,493
2470,493
2471,493
2472,493
2473,493
2474,493
2475,493
2476,493
2477,493
2478,493
2479,493
2480,493
2481,493
2482,493
2483,493
2484,493
2485,493
2486,493
2487,493
2488,493
2489,493
2490,493
2491,493
2492,493
2493,493
2494,493
2495,493
2496,493
2497,493
2498,493
2499,493
2500,493
2501,493
2502,493
2503,493
2504,493
2505,493
2506,493
2507,493
2508,493
2509,493
2510,493
2511,493
2512,493
2513,493
2514,493
2515,493
2516,493
2517,493
2518,493
2519,493
2520,493
2521,493
2522,493
2523,493
2524,493
2525,493
2526,493
2527,493
2528,493
2529,493
2530,493
2531,493
2532,493
2533,493
2534,493
2535,493
2536,493
2537,493
2538,493
2539,493
2540,493
2541,493
2542,493
2543,493
2544,493
2545,493
2546,493
2547,493
2548,493
2549,493
2550,493
2551,493
2552,493
2553,493
2554,493
2555,493
2556,493
2557,493
2558,493
2559,493
2560,493
2561,493
2562,493
2563,493
2564,493
2565,493
2566,493
2567,493
2568,493
2569,493
2570,493
2571,493
2572,493
2573,493
2574,493
2575,493
2576,493
2577,493
2578,493
2579,493
2580,493
2581,493
2582,493
2583,493
2584,493
2585,493
2586,493
2587,493
2588,493
2589,493
2590,493
2591,493
2592,493
2593,493
2594,493
2595,493
2596,493
2597,493
2598,493
2599,493
2600,493
2601,493
2602,493
2603,493
2604,493
2605,493
2606,493
2607,493
2608,493
2609,493
2610,493
2611,493
2612,493
2613,493
2614,493
2615,493
2616,493
2617,493
2618,493
2619,493
2620,493
2621,494
2622,494
2623,495
2624,495
2625,495
2626,495
2627,495
2628,495
2629,495
2630,495
2631,495
2632,495
2633,495
2634,495
2635,495
2636,495
2637,495
2638,495
2639,495
2640,495
2641,495
2642,495
2643,495
2644,495
2645,495
2646,495
2647,495
2648,495
2649,495
2650,495
2651,495
2652,495
2653,495
2654,495
2655,495
2656,495
2657,495
2658,495
2659,495
2660,495
2661,495
2662,495
2663,495
2664,495
2665,495
2666,495
2667,495
2668,495
2669,495
2670,495
2671,495
2672,495
2673,495
2674,495
2675,495
2676,495
2677,495
2678,495
2679,495
2680,495
2681,495
2682,495
2683,495
2684,495
2685,495
2686,495
2687,495
2688,495
2689,495
2690,495
2691,495
2692,495
2693,495
2694,495
2695,495
2696,495
2697,495
2698,495
2699,495
2700,495
2701,495
2702,495
2703,495
2704,495
2705,495
2706,495
2707,495
2708,495
2709,495
2710,495
2711,495
2712,495
2713,495
2714,495
2715,495
2716,495
2717,495
2718,495
2719,495
2720,495
2721,495
2722,496
2723,496
2724,496
2725,496
2726,496
2727,496
2728,496
2729,496
2730,496
2731,496
2732,496
2733,496
2734,496
2735,496
2736,496
2737,496
2738,496
2739,496
2740,496
2741,497
2742,497
2743,497
2744,497
2745,497
2746,497
2747,497
2748,497
2749,497
2750,497
2751,497
2752,497
2753,497
2754,497
2755,497
2756,497
2757,497
2758,497
2759,497
2760,497
2761,497
2762,497
2763,497
2764,497
2765,497
2766,497
2767,497
2768,497
2769,497
2770,497
2771,497
2772,497
2773,497
2774,497
2775,497
2776,497
2777,497
2778,497
2779,497
2780,497
2781,497
2782,497
2783,497
2784,497
2785,497
2786,497
2787,497
2788,497
2789,497
2790,497
2791,497
2792,497
2793,497
2794,497
2795,497
2796,497
2797,497
2798,497
2799,497
2800,497
2801,497
2802,497
2803,497
2804,497
2805,497
2806,497
2807,497
2808,497
2809,497
2810,497
2811,497
2812,497
2813,497
2814,497
2815,497
2816,497
2817,497
2818,497
2819,497
2820,497
2821,497
2822,497
2823,497
2824,497
2825,497
2826,497
2827,497
2828,497
2829,497
2830,497
2831,497
2832,497
2833,497
2834,497
2835,497
2836,497
2837,497
2838,497
2839,497
2840,497
2841,497
2842,497
2843,497
2844,497
2845,497
2846,497
2847,497
2848,497
2849,497
2850,497
2851,497
2852,497
2853,497
2854,497
2855,497
2856,497
2857,497
2858,497
2859,497
2860,497
2861,497
2862,497
2863,497
2864,497
2865,497
2866,497
2867,497
2868,497
2869,497
2870,497
2871,497
2872,497
2873,497
2874,497
2875,497
2876,497
2877,497
2878,497
2879,497
2880,497
2881,497
2882,497
2883,497
2884,497
2885,497
2886,497
2887,497
2888,497
2889,497
2890,497
2891,497
2892,497
2893,497
2894,497
2895,497
2896,497
2897,497
2898,497
2899,497
2900,497
2901,497
2902,497
2903,497
2904,497
2905,497
2906,497
2907,497
2908,497
2909,497
2910,497
2911,497
2912,497
2913,497
2914,497
2915,497
2916,497
2917,497
2918,497
2919,497
2920,497
2921,497
2922,497
2923,497
2924,497
2925,497
2926,497
2927,497
2928,497
2929,497
2930,497
2931,497
2932,497
2933,497
2934,497
2935,497
2936,497
2937,497
2938,497
2939,497
2940,497
2941,497
2942,497
2943,497
2944,497
2945,497
2946,497
2947,497
2948,497
2949,497
2950,497
2951,497
2952,497
2953,497
2954,497
2955,497
2956,497
2957,497
2958,497
2959,497
2960,497
2961,497
2962,497
2963,497
2964,497
2965,497
2966,497
2967,497
2968,497
2969,497
2970,497
2971,497
2972,497
2973,497
2974,497
2975,497
2976,497
2977,497
2978,497
2979,497
2980,497
2981,497
2982,497
2983,497
2984,497
2985,497
2986,497
2987,497
2988,497
2989,497
2990,497
2991,497
2992,497
2993,497
2994,497
2995,497
2996,497
2997,497
2998,497
2999,497
3000,497
3001,497
3002,497
3003,497
3004,497
3005,497
3006,497
3007,497
3008,497
3009,497
3010,497
3011,497
3012,497
3013,497
3014,497
3015,497
3016,497
3017,497
3018,497
3019,497
3020,497
3021,497
3022,497
3023,497
3024,497
3025,497
3026,497
3027,497
3028,497
3029,497
3030,497
3031,497
3032,497
3033,497
3034,497
3035,497
3036,497
3037,497
3038,497
3039,497
3040,497
3041,497
3042,497
3043,497
3044,497
3045,497
3046,497
3047,497
3048,497
3049,497
3050,497
3051,497
3052,497
3053,497
3054,497
3055,497
3056,497
3057,497
3058,497
3059,497
3060,497
3061,497
3062,497
3063,497
3064,497
3065,497
3066,497
3067,497
3068,497
3069,497
3070,497
3071,497
3072,497
3073,497
3074,497
3075,497
3076,497
3077,497
3078,497
3079,497
3080,497
3081,497
3082,497
3083,497
3084,497
3085,497
3086,497
3087,497
3088,497
3089,497
3090,497
3091,497
3092,497
3093,497
3094,497
3095,497
3096,497
3097,497
3098,497
3099,497
3100,497
3101,497
3102,497
3103,497
3104,497
3105,497
3106,497
3107,497
3108,497
3109,497
3110,497
3111,497
3112,497
3113,497
3114,497
3115,497
3116,497
3117,497
3118,497
3119,497
3120,497
3121,497
3122,497
3123,497
3124,497
3125,497
3126,497
3127,497
3128,497
3129,497
3130,497
3131,497
3132,497
3133,497
3134,497
3135,497
3136,497
3137,497
3138,497
3139,497
3140,497
3141,497
3142,497
3143,497
3144,497
3145,497
3146,497
3147,497
3148,497
3149,497
3150,497
3151,497
3152,497
3153,497
3154,497
3155,497
3156,497
3157,497
3158,497
3159,497
3160,497
3161,497
3162,497
3163,497
3164,497
3165,497
3166,497
3167,497
3168,497
3169,497
3170,497
3171,497
3172,497
3173,497
3174,497
3175,497
3176,497
3177,497
3178,497
3179,497
3180,497
3181,497
3182,497
3183,497
3184,497
3185,497
3186,497
3187,497
3188,497
3189,497
3190,497
3191,497
3192,497
3193,497
3194,497
3195,497
3196,497
3197,497
3198,497
3199,497
3200,497
3201,497
3202,497
3203,497
3204,497
3205,497
3206,497
3207,497
3208,497
3209,497
3210,497
3211,497
3212,497
3213,497
3214,497
3215,497
3216,497
3217,497
3218,497
3219,497
3220,497
3221,497
3222,497
3223,497
3224,497
3225,497
3226,497
3227,497
3228,497
3229,497
3230,497
3231,497
3232,497
3233,497
3234,497
3235,497
3236,497
3237,497
3238,497
3239,497
3240,497
3241,497
3242,497
3243,497
3244,497
3245,497
3246,497
3247,497
3248,497
3249,497
3250,497
3251,497
3252,497
3253,497
3254,497
3255,497
3256,497
3257,497
3258,497
3259,497
3260,497
3261,497
3262,497
3263,497
3264,497
3265,497
3266,497
3267,497
3268,497
3269,497
3270,497
3271,497
3272,497
3273,497
3274,497
3275,497
3276,497
3277,497
3278,497
3279,497
3280,497
3281,497
3282,497
3283,497
3284,497
3285,497
3286,497
3287,497
3288,497
3289,497
3290,498
3291,498
3292,498
3293,498
3294,498
3295,498
3296,498
3297,498
3298,498
3299,498
3300,498
3301,498
3302,498
3303,498
3304,498
3305,498
3306,498
3307,498
3308,498
3309,498
3310,498
3311,498
3312,498
3313,498
3314,498
3315,498
3316,498
3317,498
3318,498
3319,498
3320,498
3321,498
3322,498
3323,498
3324,498
3325,498
3326,498
3327,498
3328,498
3329,498
3330,498
3331,498
3332,498
3333,498
3334,498
3335,498
3336,498
3337,498
3338,498
3339,498
3340,498
3341,498
3342,498
3343,498
3344,498
3345,498
3346,498
3347,498
3348,498
3349,498
3350,498
3351,498
3352,498
3353,498
3354,498
3355,498
3356,498
3357,498
3358,498
3359,498
3360,498
3361,498
3362,498
3363,498
3364,498
3365,498
3366,498
3367,498
3368,498
3369,498
3370,498
3371,498
3372,498
3373,498
3374,498
3375,498
3376,498
3377,498
3378,498
3379,498
3380,498
3381,498
3382,498
3383,498
3384,498
3385,498
3386,498
3387,498
3388,498
3389,498
3390,498
3391,498
3392,498
3393,498
3394,498
3395,498
3396,498
3397,498
3398,498
3399,498
3400,498
3401,498
3402,498
3403,498
3404,498
3405,498
3406,498
3407,498
3408,498
3409,498
3410,498
3411,498
3412,498
3413,498
3414,498
3415,498
3416,498
3417,498
3418,498
3419,498
3420,498
3421,498
3422,498
3423,498
3424,498
3425,498
3426,498
3427,498
3428,498
3429,498
3430,498
3431,498
3432,498
3433,498
3434,498
3435,498
3436,498
3437,498
3438,498
3439,498
3440,498
3441,498
3442,498
3443,498
3444,498
3445,498
3446,498
3447,498
3448,498
3449,498
3450,498
3451,498
3452,498
3453,498
3454,498
3455,498
3456,498
3457,498
3458,498
3459,498
3460,498
3461,498
3462,498
3463,498
3464,498
3465,498
3466,498
3467,498
3468,498
3469,498
3470,498
3471,498
3472,498
3473,498
3474,498
3475,498
3476,498
3477,498
3478,498
3479,498
3480,498
3481,498
3482,498
3483,498
3484,498
3485,498
3486,498
3487,498
3488,498
3489,498
3490,498
3491,498
3492,498
3493,498
3494,498
3495,498
3496,498
3497,498
3498,498
3499,498
3500,498
3501,498
3502,498
3503,498
3504,498
3505,498
3506,498
3507,498
3508,498
3509,498
3510,498
3511,498
3512,498
3513,498
3514,498
3515,498
3516,498
3517,498
3518,498
3519,498
3520,498
3521,498
3522,498
3523,498
3524,498
3525,498
3526,498
3527,498
3528,498
3529,498
3530,498
3531,498
3532,498
3533,498
3534,498
3535,498
3536,498
3537,498
3538,498
3539,498
3540,498
3541,498
3542,498
3543,498
3544,498
3545,498
3546,498
3547,498
3548,498
3549,498
3550,499
3551,499
3552,499
3553,499
3554,499
3555,499
3556,499
3557,499
3558,499
3559,499
3560,499
3561,499
3562,499
3563,499
3564,499
3565,499
3566,499
3567,499
3568,499
3569,499
3570,499
3571,499
3572,499
3573,499
3574,499
3575,499
3576,499
3577,499
3578,499
3579,499
3580,499
3581,499
3582,499
3583,499
3584,499
3585,499
3586,499
3587,499
3588,499
3589,499
3590,499
3591,499
3592,499
3593,499
3594,499
3595,499
3596,499
3597,499
3598,499
3599,499
3600,499
3601,499
3602,499
3603,499
3604,499
3605,499
3606,499
3607,499
3608,499
3609,499
3610,499
3611,499
3612,499
3613,499
3614,499
3615,499
3616,499
3617,499
3618,499
3619,499
3620,499
3621,499
3622,499
3623,499
3624,499
3625,499
3626,499
3627,499
3628,499
3629,499
3630,499
3631,499
3632,499
3633,499
3634,499
3635,499
3636,499
3637,499
3638,499
3639,499
3640,499
3641,499
3642,499
3643,499
3644,499
3645,499
3646,499
3647,499
3648,499
3649,499
3650,499
3651,499
3652,499
3653,499
3654,499
3655,499
3656,499
3657,499
3658,499
3659,499
3660,499
3661,499
3662,499
3663,499
3664,499
3665,499
3666,499
3667,499
3668,499
3669,499
3670,499
3671,499
3672,499
3673,499
3674,499
3675,499
3676,499
3677,499
3678,499
3679,499
3680,499
3681,499
3682,499
3683,499
3684,499
3685,499
3686,499
3687,499
3688,499
3689,499
3690,499
3691,499
3692,499
3693,499
3694,499
3695,499
3696,499
3697,499
3698,499
3699,499
3700,499
3701,499
3702,499
3703,499
3704,499
3705,499
3706,499
3707,499
3708,499
3709,499
3710,499
3711,499
3712,499
3713,499
3714,499
3715,499
3716,499
3717,499
3718,499
3719,499
3720,499
3721,499
3722,499
3723,499
3724,499
3725,499
3726,499
3727,499
3728,499
3729,499
3730,499
3731,499
3732,499
3733,499
3734,499
3735,499
3736,499
3737,499
3738,499
3739,499
3740,499
3741,499
3742,499
3743,499
3744,499
3745,499
3746,499
3747,499
3748,499
3749,499
3750,499
3751,499
3752,499
3753,499
3754,499
3755,499
3756,499
3757,499
3758,499
3759,499
3760,499
3761,499
3762,499
3763,499
3764,499
3765,499
3766,499
3767,499
3768,499
3769,499
3770,499
3771,499
3772,499
3773,499
3774,499
3775,499
3776,499
3777,499
3778,499
3779,499
3780,499
3781,499
3782,499
3783,499
3784,499
3785,499
3786,499
3787,499
3788,499
3789,499
3790,499
3791,499
3792,499
3793,499
3794,499
3795,499
3796,499
3797,499
3798,499
3799,499
3800,499
3801,499
3802,499
3803,499
3804,499
3805,499
3806,499
3807,499
3808,499
3809,499
3810,499
3811,499
3812,499
3813,499
3814,499
3815,499
3816,499
3817,499
3818,499
3819,499
3820,499
3821,499
3822,499
3823,499
3824,499
3825,499
3826,499
3827,499
3828,499
3829,499
3830,499
3831,499
3832,499
3833,499
3834,499
3835,499
3836,499
3837,499
3838,499
3839,499
3840,499
3841,499
3842,499
3843,499
3844,499
3845,499
3846,499
3847,499
3848,499
3849,499
3850,499
3851,499
3852,499
3853,499
3854,499
3855,499
3856,499
3857,499
3858,499
3859,499
3860,499
3861,499
3862,499
3863,499
3864,499
3865,499
3866,499
3867,499
3868,499
3869,499
3870,499
3871,499
3872,499
3873,499
3874,499
3875,499
3876,499
3877,499
3878,499
3879,499
3880,499
3881,499
3882,499
3883,499
3884,499
3885,499
3886,499
3887,499
3888,499
3889,499
3890,499
3891,499
3892,499
3893,499
3894,499
3895,499
3896,499
3897,499
3898,499
3899,499
3900,499
3901,499
3902,499
3903,499
3904,499
3905,499
3906,499
3907,499
3908,499
3909,499
3910,499
3911,499
3912,499
3913,499
3914,499
3915,499
3916,499
3917,499
3918,499
3919,499
3920,499
3921,499
3922,499
3923,499
3924,499
3925,499
3926,499
3927,499
3928,499
3929,499
3930,499
3931,499
3932,499
3933,499
3934,499
3935,499
3936,499
3937,499
3938,499
3939,499
3940,499
3941,499
3942,499
3943,499
3944,499
3945,499
3946,499
3947,499
3948,499
3949,499
3950,499
3951,499
3952,499
3953,499
3954,499
3955,499
3956,499
3957,499
3958,499
3959,499
3960,499
3961,499
3962,499
3963,499
3964,499
3965,499
3966,499
3967,499
3968,499
3969,499
3970,499
3971,499
3972,499
3973,499
3974,499
3975,499
3976,499
3977,499
3978,499
3979,499
3980,499
3981,499
3982,499
3983,499
3984,499
3985,499
3986,499
3987,499
3988,499
3989,499
3990,499
3991,499
3992,499
3993,499
3994,499
3995,499
3996,499
3997,499
3998,499
3999,499
4000,499
4001,499
4002,499
4003,499
4004,499
4005,499
4006,499
4007,499
4008,499
4009,499
4010,499
4011,499
4012,499
4013,499
4014,499
4015,499
4016,499
4017,499
4018,499
4019,499
4020,499
4021,499
4022,499
4023,499
4024,499
4025,499
4026,499
4027,499
4028,499
4029,499
4030,499
4031,499
4032,499
4033,499
4034,499
4035,499
4036,499
4037,499
4038,499
4039,499
4040,499
4041,499
4042,499
4043,499
4044,499
4045,499
4046,499
4047,499
4048,499
4049,499
4050,499
4051,499
4052,499
4053,499
4054,499
4055,499
4056,499
4057,499
4058,499
4059,499
4060,499
4061,499
4062,499
4063,499
4064,499
4065,499
4066,499
4067,499
4068,499
4069,499
4070,499
4071,499
4072,499
4073,499
4074,499
4075,499
4076,499
4077,499
4078,499
4079,499
4080,499
4081,499
4082,499
4083,499
4084,499
4085,499
4086,499
4087,499
4088,499
4089,499
4090,499
4091,499
4092,499
4093,499
4094,499
4095,499
4096,499
4097,499
4098,499
4099,499
4100,499
4101,499
4102,499
4103,499
4104,499
4105,499
4106,499
4107,499
4108,499
4109,499
4110,499
4111,499
4112,499
4113,499
4114,499
4115,499
4116,499
4117,499
4118,499
4119,499
4120,499
4121,499
4122,499
4123,499
4124,499
4125,499
4126,499
4127,499
4128,499
4129,499
4130,499
4131,499
4132,499
4133,499
4134,499
4135,499
4136,499
4137,499
4138,499
4139,499
4140,499
4141,499
4142,499
4143,499
4144,499
4145,499
4146,499
4147,499
4148,499
4149,499
4150,499
4151,499
4152,499
4153,499
4154,499
4155,499
4156,499
4157,499
4158,499
4159,499
4160,499
4161,499
4162,499
4163,499
4164,499
4165,499
4166,499
4167,499
4168,499
4169,499
4170,499
4171,499
4172,499
4173,499
4174,499
4175,499
4176,499
4177,499
4178,499
4179,499
4180,499
4181,499
4182,499
4183,499
4184,499
4185,499
4186,499
4187,499
4188,499
4189,499
4190,499
4191,499
4192,499
4193,499
4194,499
4195,499
4196,499
4197,499
4198,499
4199,499
4200,499
4201,499
4202,499
4203,499
4204,499
4205,499
4206,499
4207,499
4208,499
4209,499
4210,499
4211,499
4212,499
4213,499
4214,499
4215,499
4216,499
4217,499
4218,499
4219,499
4220,499
4221,499
4222,499
4223,499
4224,499
4225,499
4226,499
4227,499
4228,499
4229,499
4230,499
4231,499
4232,499
4233,499
4234,499
4235,499
4236,499
4237,499
4238,499
4239,499
4240,499
4241,499
4242,499
4243,499
4244,499
4245,499
4246,499
4247,499
4248,499
4249,499
4250,499
4251,499
4252,499
4253,499
4254,499
4255,499
4256,499
4257,499
4258,499
4259,499
4260,499
4261,499
4262,499
4263,499
4264,499
4265,499
4266,499
4267,499
4268,499
4269,499
4270,499
4271,499
4272,499
4273,499
4274,499
4275,499
4276,499
4277,499
4278,499
4279,499
4280,499
4281,499
4282,499
4283,499
4284,499
4285,499
4286,499
4287,499
4288,499
4289,499
4290,499
4291,499
4292,499
4293,499
4294,499
4295,499
4296,499
4297,499
4298,499
4299,499
4300,499
4301,499
4302,499
4303,499
4304,499
4305,499
4306,499
4307,499
4308,499
4309,499
4310,499
4311,499
4312,499
4313,499
4314,499
4315,499
4316,499
4317,499
4318,499
4319,499
4320,499
4321,499
4322,499
4323,499
4324,499
4325,499
4326,499
4327,499
4328,499
4329,499
4330,499
4331,499
4332,499
4333,499
4334,499
4335,499
4336,499
4337,499
4338,499
4339,499
4340,499
4341,499
4342,499
4343,499
4344,499
4345,499
4346,499
4347,499
4348,499
4349,499
4350,499
4351,499
4352,499
4353,499
4354,499
4355,499
4356,499
4357,499
4358,499
4359,499
4360,499
4361,499
4362,499
4363,499
4364,499
4365,499
4366,499
4367,499
4368,499
4369,499
4370,499
4371,499
4372,499
4373,499
4374,499
4375,499
4376,499
4377,499
4378,499
4379,499
4380,499
4381,499
4382,499
4383,499
4384,499
4385,499
4386,499
4387,499
4388,499
4389,499
4390,499
4391,499
4392,499
4393,499
4394,499
4395,499
4396,499
4397,499
4398,499
4399,499
4400,499
4401,499
4402,499
4403,499
4404,499
4405,499
4406,499
4407,499
4408,499
4409,499
4410,499
4411,499
4412,499
4413,499
4414,499
4415,499
4416,499
4417,499
4418,499
4419,499
4420,499
4421,499
4422,499
4423,499
4424,499
4425,499
4426,499
4427,499
4428,499
4429,499
4430,499
4431,499
4432,499
4433,499
4434,499
4435,499
4436,499
4437,499
4438,499
4439,499
4440,499
4441,499
4442,499
4443,499
4444,499
4445,499
4446,499
4447,499
4448,499
4449,499
4450,499
4451,499
4452,499
4453,499
4454,499
4455,499
4456,499
4457,499
4458,499
4459,499
4460,499
4461,499
4462,499
4463,499
4464,499
4465,499
4466,499
4467,499
4468,499
4469,499
4470,499
4471,499
4472,499
4473,499
4474,499
4475,499
4476,499
4477,499
4478,499
4479,499
4480,499
4481,499
4482,499
4483,499
4484,499
4485,499
4486,499
4487,499
4488,499
4489,499
4490,499
4491,499
4492,499
4493,499
4494,499
4495,499
4496,499
4497,499
4498,499
4499,499
4500,499
4501,499
4502,499
4503,499
4504,499
4505,499
4506,499
4507,499
4508,499
4509,499
4510,499
4511,499
4512,499
4513,499
4514,499
4515,499
4516,499
4517,499
4518,499
4519,499
4520,499
4521,499
4522,499
4523,499
4524,499
4525,499
4526,499
4527,499
4528,499
4529,499
4530,499
4531,499
4532,499
4533,499
4534,499
4535,499
4536,499
4537,499
4538,499
4539,499
4540,499
4541,499
4542,499
4543,499
4544,499
4545,499
4546,499
4547,499
4548,499
4549,499
4550,499
4551,499
4552,499
4553,499
4554,499
4555,499
4556,499
4557,499
4558,499
4559,499
4560,499
4561,499
4562,499
4563,499
4564,499
4565,499
4566,499
4567,499
4568,499
4569,499
4570,499
4571,499
4572,499
4573,499
4574,499
4575,499
4576,499
4577,499
4578,499
4579,499
4580,499
4581,499
4582,499
4583,499
4584,499
4585,499
4586,499
4587,499
4588,499
4589,499
4590,499
4591,499
4592,499
4593,499
4594,499
4595,499
4596,499
4597,499
4598,499
4599,499
4600,499
4601,499
4602,499
4603,499
4604,499
4605,499
4606,499
4607,499
4608,499
4609,499
4610,499
4611,499
4612,499
4613,499
4614,499
4615,499
4616,499
4617,499
4618,499
4619,499
4620,499
4621,499
4622,499
4623,499
4624,499
4625,499
4626,499
4627,499
4628,499
4629,499
4630,499
4631,499
4632,499
4633,499
4634,499
4635,499
4636,499
4637,499
4638,499
4639,499
4640,499
4641,499
4642,499
4643,499
4644,499
4645,499
4646,499
4647,499
4648,499
4649,499
4650,499
4651,499
4652,499
4653,499
4654,499
4655,499
4656,499
4657,499
4658,499
4659,499
4660,499
4661,499
4662,499
4663,499
4664,499
4665,499
4666,499
4667,499
4668,499
4669,499
4670,499
4671,499
4672,499
4673,499
4674,499
4675,499
4676,499
4677,499
4678,499
4679,499
4680,499
4681,499
4682,499
4683,499
4684,499
4685,499
4686,499
4687,499
4688,499
4689,499
4690,499
4691,499
4692,499
4693,499
4694,499
4695,499
4696,499
4697,499
4698,499
4699,499
4700,499
4701,499
4702,499
4703,499
4704,499
4705,499
4706,499
4707,499
4708,499
4709,499
4710,499
4711,499
4712,499
4713,499
4714,499
4715,499
4716,499
4717,499
4718,499
4719,499
4720,499
4721,499
4722,499
4723,499
4724,499
4725,499
4726,499
4727,499
4728,499
4729,499
4730,499
4731,499
4732,499
4733,499
4734,499
4735,499
4736,499
4737,499
4738,499
4739,499
4740,499
4741,499
4742,499
4743,499
4744,499
4745,499
4746,499
4747,499
4748,499
4749,499
4750,499
4751,499
4752,499
4753,499
4754,499
4755,499
4756,499
4757,499
4758,499
4759,499
4760,499
4761,499
4762,499
4763,499
4764,499
4765,499
4766,499
4767,499
4768,499
4769,499
4770,499
4771,499
4772,499
4773,499
4774,499
4775,499
4776,499
4777,499
4778,499
4779,499
4780,499
4781,499
4782,499
4783,499
4784,499
4785,499
4786,499
4787,499
4788,499
4789,499
4790,499
4791,499
4792,499
4793,499
4794,499
4795,499
4796,499
4797,499
4798,499
4799,499
4800,499
4801,499
4802,499
4803,499
4804,499
4805,499
4806,499
4807,499
4808,499
4809,499
4810,499
4811,499
4812,499
4813,499
4814,499
4815,499
4816,499
4817,499
4818,499
4819,499
4820,499
4821,499
4822,499
4823,499
4824,499
4825,499
4826,499
4827,499
4828,499
4829,499
4830,499
4831,499
4832,499
4833,499
4834,499
4835,499
4836,499
4837,499
4838,499
4839,499
4840,499
4841,499
4842,499
4843,499
4844,499
4845,499
4846,499
4847,499
4848,499
4849,499
4850,499
4851,499
4852,499
4853,499
4854,499
4855,499
4856,499
4857,499
4858,499
4859,499
4860,499
4861,499
4862,499
4863,499
4864,499
4865,499
4866,499
4867,499
4868,499
4869,499
4870,499
4871,499
4872,499
4873,499
4874,499
4875,499
4876,499
4877,499
4878,499
4879,499
4880,499
4881,499
4882,499
4883,499
4884,499
4885,499
4886,499
4887,499
4888,499
4889,499
4890,499
4891,499
4892,499
4893,499
4894,499
4895,499
4896,499
4897,499
4898,499
4899,499
4900,499
4901,499
4902,499
4903,499
4904,499
4905,499
4906,499
4907,499
4908,499
4909,499
4910,499
4911,499
4912,499
4913,499
4914,499
4915,499
4916,499
4917,499
4918,499
4919,499
4920,499
4921,499
4922,499
4923,499
4924,499
4925,499
4926,499
4927,499
4928,499
4929,499
4930,499
4931,499
4932,499
4933,499
4934,499
4935,499
4936,499
4937,499
4938,499
4939,499
4940,499
4941,499
4942,499
4943,499
4944,499
4945,499
4946,499
4947,499
4948,499
4949,499
4950,499
4951,499
4952,499
4953,499
4954,499
4955,499
4956,499
4957,499
4958,499
4959,499
4960,499
4961,499
4962,499
4963,499
4964,499
4965,499
4966,499
4967,499
4968,499
4969,499
4970,499
4971,499
4972,499
4973,499
4974,499
4975,499
4976,499
4977,499
4978,499
4979,499
4980,499
4981,499
4982,499
4983,499
4984,499
4985,499
4986,499
4987,499
4988,499
4989,499
4990,499
4991,499
4992,499
4993,499
4994,499
4995,499
4996,499
4997,499
4998,499
4999,499
5000,499
5001,499
5002,499
5003,499
5004,499
5005,499
5006,499
5007,499
5008,499
5009,499
5010,499
5011,499
5012,499
5013,499
5014,499
5015,499
5016,499
5017,499
5018,499
5019,499
5020,499
5021,499
5022,499
5023,499
5024,499
5025,499
5026,499
5027,499
5028,499
5029,499
5030,499
5031,499
5032,499
5033,499
5034,499
5035,499
5036,499
5037,499
5038,499
5039,499
5040,499
5041,499
5042,499
5043,499
5044,499
5045,499
5046,499
5047,499
5048,499
5049,499
5050,499
5051,499
5052,499
5053,499
5054,499
5055,499
5056,499
5057,499
5058,499
5059,499
5060,499
5061,499
5062,499
5063,499
5064,499
5065,499
5066,499
5067,499
5068,499
5069,499
5070,499
5071,499
5072,499
5073,499
5074,499
5075,499
5076,499
5077,499
5078,499
5079,499
5080,499
5081,499
5082,499
5083,499
5084,499
5085,499
5086,499
5087,499
5088,499
5089,499
5090,499
5091,499
5092,499
5093,499
5094,499
5095,499
5096,499
5097,499
5098,499
5099,499
5100,499
5101,499
5102,499
5103,499
5104,499
5105,499
5106,499
5107,499
5108,499
5109,499
5110,499
5111,499
5112,499
5113,499
5114,499
5115,499
5116,499
5117,499
5118,499
5119,499
5120,499
5121,499
5122,499
5123,499
5124,499
5125,499
5126,499
5127,499
5128,499
5129,499
5130,499
5131,499
5132,499
5133,499
5134,499
5135,499
5136,499
5137,499
5138,499
5139,499
5140,499
5141,499
5142,499
5143,499
5144,499
5145,499
5146,499
5147,499
5148,499
5149,499
5150,499
5151,499
5152,499
5153,499
5154,499
5155,499
5156,499
5157,499
5158,499
5159,499
5160,499
5161,499
5162,499
5163,499
5164,499
5165,499
5166,499
5167,499
5168,499
5169,499
5170,499
5171,499
5172,499
5173,499
5174,499
5175,499
5176,499
5177,499
5178,499
5179,499
5180,499
5181,499
5182,499
5183,499
5184,499
5185,499
5186,499
5187,499
5188,499
5189,499
5190,499
5191,499
5192,499
5193,499
5194,499
5195,499
5196,499
5197,499
5198,499
5199,499
5200,499
5201,499
5202,499
5203,499
5204,499
5205,499
5206,499
5207,499
5208,499
5209,499
5210,499
5211,499
5212,499
5213,499
5214,499
5215,499
5216,499
5217,499
5218,499
5219,499
5220,499
5221,499
5222,499
5223,499
5224,499
5225,499
5226,499
5227,499
5228,499
5229,499
5230,499
5231,499
5232,499
5233,499
5234,499
5235,499
5236,499
5237,499
5238,499
5239,499
5240,499
5241,499
5242,499
5243,499
5244,499
5245,499
5246,499
5247,499
5248,499
5249,499
5250,499
5251,499
5252,499
5253,499
5254,499
5255,499
5256,499
5257,499
5258,499
5259,499
5260,499
5261,499
5262,499
5263,499
5264,499
5265,499
5266,499
5267,499
5268,499
5269,499
5270,499
5271,499
5272,499
5273,499
5274,499
5275,499
5276,499
5277,499
5278,499
5279,499
5280,499
5281,499
5282,499
5283,499
5284,499
5285,499
5286,499
5287,499
5288,499
5289,499
5290,499
5291,499
5292,499
5293,499
5294,499
5295,499
5296,499
5297,499
5298,499
5299,499
5300,499
5301,499
5302,499
5303,499
5304,499
5305,499
5306,499
5307,499
5308,499
5309,499
5310,499
5311,499
5312,499
5313,499
5314,499
5315,499
5316,499
5317,499
5318,499
5319,499
5320,499
5321,499
5322,499
5323,499
5324,499
5325,499
5326,499
5327,499
5328,499
5329,499
5330,499
5331,499
5332,499
5333,499
5334,499
5335,499
5336,499
5337,499
5338,499
5339,499
5340,499
5341,499
5342,499
5343,499
5344,499
5345,499
5346,499
5347,499
5348,499
5349,499
5350,499
5351,499
5352,499
5353,499
5354,499
5355,499
5356,499
5357,499
5358,499
5359,499
5360,499
5361,499
5362,499
5363,499
5364,499
5365,499
5366,499
5367,499
5368,499
5369,499
5370,499
5371,499
5372,499
5373,499
5374,499
5375,499
5376,499
5377,499
5378,499
5379,499
5380,499
5381,499
5382,499
5383,499
5384,499
5385,499
5386,499
5387,499
5388,499
5389,499
5390,499
5391,499
5392,499
5393,499
5394,499
5395,499
5396,499
5397,499
5398,499
5399,499
5400,499
5401,499
5402,499
5403,499
5404,499
5405,499
5406,499
5407,499
5408,499
5409,499
5410,499
5411,499
5412,499
5413,499
5414,499
5415,499
5416,499
5417,499
5418,499
5419,499
5420,499
5421,499
5422,499
5423,499
5424,499
5425,499
5426,499
5427,499
5428,499
5429,499
5430,499
5431,499
5432,499
5433,499
5434,499
5435,499
5436,499
5437,499
5438,499
5439,499
5440,499
5441,499
5442,499
5443,499
5444,499
5445,499
5446,499
5447,499
5448,499
5449,499
5450,499
5451,499
5452,499
5453,499
5454,499
5455,499
5456,499
5457,499
5458,499
5459,499
5460,499
5461,499
5462,499
5463,499
5464,499
5465,499
5466,499
5467,499
5468,499
5469,499
5470,499
5471,499
5472,499
5473,499
5474,499
5475,499
5476,499
5477,499
5478,499
5479,499
5480,499
5481,499
5482,499
5483,499
5484,499
5485,499
5486,499
5487,499
5488,499
5489,499
5490,499
5491,499
5492,499
5493,499
5494,499
5495,499
5496,499
5497,499
5498,499
5499,499
5500,499
5501,499
5502,499
5503,499
5504,499
5505,499
5506,499
5507,499
5508,499
5509,499
5510,499
5511,499
5512,499
5513,499
5514,499
5515,499
5516,499
5517,499
5518,499
5519,499
5520,499
5521,499
5522,499
5523,499
5524,499
5525,499
5526,499
5527,499
5528,499
5529,499
5530,499
5531,499
5532,499
5533,499
5534,499
5535,499
5536,499
5537,499
5538,499
5539,499
5540,499
5541,499
5542,499
5543,499
5544,499
5545,499
5546,499
5547,499
5548,499
5549,499
5550,499
5551,499
5552,499
5553,499
5554,499
5555,499
5556,499
5557,499
5558,499
5559,499
5560,499
5561,499
5562,499
5563,499
5564,499
5565,499
5566,499
5567,499
5568,499
5569,499
5570,499
5571,499
5572,499
5573,499
5574,499
5575,499
5576,499
5577,499
5578,499
5579,499
5580,499
5581,499
5582,499
5583,499
5584,499
5585,499
5586,499
5587,499
5588,499
5589,499
5590,499
5591,499
5592,499
5593,499
5594,499
5595,499
5596,499
5597,499
5598,499
5599,499
5600,499
5601,499
5602,499
5603,499
5604,499
5605,499
5606,499
5607,499
5608,499
5609,499
5610,499
5611,499
5612,499
5613,499
5614,499
5615,499
5616,499
5617,499
5618,499
5619,499
5620,499
5621,499
5622,499
5623,499
5624,499
5625,499
5626,499
5627,499
5628,499
5629,499
5630,499
5631,499
5632,499
5633,499
5634,499
5635,499
5636,499
5637,499
5638,499
5639,499
5640,499
5641,499
5642,499
5643,499
5644,499
5645,499
5646,499
5647,499
5648,499
5649,499
5650,499
5651,499
5652,499
5653,499
5654,499
5655,499
5656,499
5657,499
5658,499
5659,499
5660,499
5661,499
5662,499
5663,499
5664,499
5665,499
5666,499
5667,499
5668,499
5669,499
5670,499
5671,499
5672,499
5673,499
5674,499
5675,499
5676,499
5677,499
5678,499
5679,499
5680,499
5681,499
5682,499
5683,499
5684,499
5685,499
5686,499
5687,499
5688,499
5689,499
5690,499
5691,499
5692,499
5693,499
5694,499
5695,499
5696,499
5697,499
5698,499
5699,499
5700,499
5701,499
5702,499
5703,499
5704,499
5705,499
5706,499
5707,499
5708,499
5709,499
5710,499
5711,499
5712,499
5713,499
5714,499
5715,499
5716,499
5717,499
5718,499
5719,499
5720,499
5721,499
5722,499
5723,499
5724,499
5725,499
5726,499
5727,499
5728,499
5729,499
5730,499
5731,499
5732,499
5733,499
5734,499
5735,499
5736,499
5737,499
5738,499
5739,499
5740,499
5741,499
5742,499
5743,499
5744,499
5745,499
5746,499
5747,499
5748,499
5749,499
5750,499
5751,499
5752,499
5753,499
5754,499
5755,499
5756,499
5757,499
5758,499
5759,499
5760,499
5761,499
5762,499
5763,499
5764,499
5765,499
5766,499
5767,499
5768,499
5769,499
5770,499
5771,499
5772,499
5773,499
5774,499
5775,499
5776,499
5777,499
5778,499
5779,499
5780,499
5781,499
5782,499
5783,499
5784,499
5785,499
5786,499
5787,499
5788,499
5789,499
5790,499
5791,499
5792,499
5793,499
5794,499
5795,499
5796,499
5797,499
5798,499
5799,499
5800,499
5801,499
5802,499
5803,499
5804,499
5805,499
5806,499
5807,499
5808,499
5809,499
5810,499
5811,499
5812,499
5813,499
5814,499
5815,499
5816,499
5817,499
5818,499
5819,499
5820,499
5821,499
5822,499
5823,499
5824,499
5825,499
5826,499
5827,499
5828,499
5829,499
5830,499
5831,499
5832,499
5833,499
5834,499
5835,499
5836,499
5837,499
5838,499
5839,499
5840,499
5841,499
5842,499
5843,499
5844,499
5845,499
5846,499
5847,499
5848,499
5849,499
5850,499
5851,499
5852,499
5853,499
5854,499
5855,499
5856,499
5857,499
5858,499
5859,499
5860,499
5861,499
5862,499
5863,499
5864,499
5865,499
5866,499
5867,499
5868,499
5869,499
5870,499
5871,499
5872,499
5873,499
5874,499
5875,499
5876,499
5877,499
5878,499
5879,499
5880,499
5881,499
5882,499
5883,499
5884,499
5885,499
5886,499
5887,499
5888,499
5889,499
5890,499
5891,499
5892,499
5893,499
5894,499
5895,499
5896,499
5897,499
5898,499
5899,499
5900,499
5901,499
5902,499
5903,499
5904,499
5905,499
5906,499
5907,499
5908,499
5909,499
5910,499
5911,499
5912,499
5913,499
5914,499
5915,499
5916,499
5917,499
5918,499
5919,499
5920,499
5921,499
5922,499
5923,499
5924,499
5925,499
5926,499
5927,499
5928,499
5929,499
5930,499
5931,499
5932,499
5933,499
5934,499
5935,499
5936,499
5937,499
5938,499
5939,499
5940,499
5941,499
5942,499
5943,499
5944,499
5945,499
5946,499
5947,499
5948,499
5949,499
5950,499
5951,499
5952,499
5953,499
5954,499
5955,499
5956,499
5957,499
5958,499
5959,499
5960,499
5961,499
5962,499
5963,499
5964,499
5965,499
5966,499
5967,499
5968,499
5969,499
5970,499
5971,499
5972,499
5973,499
5974,499
5975,499
5976,499
5977,499
5978,499
5979,499
5980,499
5981,499
5982,499
5983,499
5984,499
5985,499
5986,499
5987,499
5988,499
5989,499
5990,499
5991,499
5992,499
5993,499
5994,499
5995,499
5996,499
5997,499
5998,499
5999,499
6000,499
6001,499
6002,499
6003,499
6004,499
6005,499
6006,499
6007,499
6008,499
6009,499
6010,499
6011,499
6012,499
6013,499
6014,499
6015,499
6016,499
6017,499
6018,499
6019,499
6020,499
6021,499
6022,499
6023,499
6024,499
6025,499
6026,499
6027,499
6028,499
6029,499
6030,499
6031,499
6032,499
6033,499
6034,499
6035,499
6036,499
6037,499
6038,499
6039,499
6040,499
6041,499
6042,499
6043,499
6044,499
6045,499
6046,499
6047,499
6048,499
6049,499
6050,499
6051,499
6052,499
6053,499
6054,499
6055,499
6056,499
6057,499
6058,499
6059,499
6060,499
6061,499
6062,499
6063,499
6064,499
6065,499
6066,499
6067,499
6068,499
6069,499
6070,499
6071,499
6072,499
6073,499
6074,499
6075,499
6076,499
6077,499
6078,499
6079,499
6080,499
6081,499
6082,499
6083,499
6084,499
6085,499
6086,499
6087,499
6088,499
6089,499
6090,499
6091,499
6092,499
6093,499
6094,499
6095,499
6096,499
6097,499
6098,499
6099,499
6100,499
6101,499
6102,499
6103,499
6104,499
6105,499
6106,499
6107,499
6108,499
6109,499
6110,499
6111,499
6112,499
6113,499
6114,499
6115,499
6116,499
6117,499
6118,499
6119,499
6120,499
6121,499
6122,499
6123,499
6124,499
6125,499
6126,499
6127,499
6128,499
6129,499
6130,499
6131,499
6132,499
6133,499
6134,499
6135,499
6136,499
6137,499
6138,499
6139,499
6140,499
6141,499
6142,499
6143,499
6144,499
6145,499
6146,499
6147,499
6148,499
6149,499
6150,499
6151,499
6152,499
6153,499
6154,499
6155,499
6156,499
6157,499
6158,499
6159,499
6160,499
6161,499
6162,499
6163,499
6164,499
6165,499
6166,499
6167,499
6168,499
6169,499
6170,499
6171,499
6172,499
6173,499
6174,499
6175,499
6176,499
6177,499
6178,499
6179,499
6180,499
6181,499
6182,499
6183,499
6184,499
6185,499
6186,499
6187,499
6188,499
6189,499
6190,499
6191,499
6192,499
6193,499
6194,499
6195,499
6196,499
6197,499
6198,499
6199,499
6200,499
6201,499
6202,499
6203,499
6204,499
6205,499
6206,499
6207,499
6208,499
6209,499
6210,499
6211,499
6212,499
6213,499
6214,499
6215,499
6216,499
6217,499
6218,499
6219,499
6220,499
6221,499
6222,499
6223,499
6224,499
6225,499
6226,499
6227,499
6228,499
6229,499
6230,499
6231,499
6232,499
6233,499
6234,499
6235,499
6236,499
6237,499
6238,499
6239,499
6240,499
6241,499
6242,499
6243,499
6244,499
6245,499
6246,499
6247,499
6248,499
6249,499
6250,499
6251,499
6252,499
6253,499
6254,499
6255,499
6256,499
6257,499
6258,499
6259,499
6260,499
6261,499
6262,499
6263,499
6264,499
6265,499
6266,499
6267,499
6268,499
6269,499
6270,499
6271,499
6272,499
6273,499
6274,499
6275,499
6276,499
6277,499
6278,499
6279,499
6280,499
6281,499
6282,499
6283,499
6284,499
6285,499
6286,499
6287,499
6288,499
6289,499
6290,499
6291,499
6292,499
6293,499
6294,499
6295,499
6296,499
6297,499
6298,499
6299,499
6300,499
6301,499
6302,499
6303,499
6304,499
6305,499
6306,499
6307,499
6308,499
6309,499
6310,499
6311,499
6312,499
6313,499
6314,499
6315,499
6316,499
6317,499
6318,499
6319,499
6320,499
6321,499
6322,499
6323,499
6324,499
6325,499
6326,499
6327,499
6328,499
6329,499
6330,499
6331,499
6332,499
6333,499
6334,499
6335,499
6336,499
6337,499
6338,499
6339,499
6340,499
6341,499
6342,499
6343,499
6344,499
6345,499
6346,499
6347,499
6348,499
6349,499
6350,499
6351,499
6352,499
6353,499
6354,499
6355,499
6356,499
6357,499
6358,499
6359,499
6360,499
6361,499
6362,499
6363,499
6364,499
6365,499
6366,499
6367,499
6368,499
6369,499
6370,499
6371,499
6372,499
6373,499
6374,499
6375,499
6376,499
6377,499
6378,499
6379,499
6380,499
6381,499
6382,499
6383,499
6384,499
6385,499
6386,499
6387,499
6388,499
6389,499
6390,499
6391,499
6392,499
6393,499
6394,499
6395,499
6396,499
6397,499
6398,499
6399,499
6400,499
6401,499
6402,499
6403,499
6404,499
6405,499
6406,499
6407,499
6408,499
6409,499
6410,499
6411,499
6412,499
6413,499
6414,499
6415,499
6416,499
6417,499
6418,499
6419,499
6420,499
6421,499
6422,499
6423,499
6424,499
6425,499
6426,499
6427,499
6428,499
6429,499
6430,499
6431,499
6432,499
6433,499
6434,499
6435,499
6436,499
6437,499
6438,499
6439,499
6440,499
6441,499
6442,499
6443,499
6444,499
6445,499
6446,499
6447,499
6448,499
6449,499
6450,499
6451,499
6452,499
6453,499
6454,499
6455,499
6456,499
6457,499
6458,499
6459,499
6460,499
6461,499
6462,499
6463,499
6464,499
6465,499
6466,499
6467,499
6468,499
6469,499
6470,499
6471,499
6472,499
6473,499
6474,499
6475,499
6476,499
6477,499
6478,499
6479,499
6480,499
6481,499
6482,499
6483,499
6484,499
6485,499
6486,499
6487,499
6488,499
6489,499
6490,499
6491,499
6492,499
6493,499
6494,499
6495,499
6496,499
6497,499
6498,499
6499,499
6500,499
6501,499
6502,499
6503,499
6504,499
6505,499
6506,499
6507,499
6508,499
6509,499
6510,499
6511,499
6512,499
6513,499
6514,499
6515,499
6516,499
6517,499
6518,499
6519,499
6520,499
6521,499
6522,499
6523,499
6524,499
6525,499
6526,499
6527,499
6528,499
6529,499
6530,499
6531,499
6532,499
6533,499
6534,499
6535,499
6536,499
6537,499
6538,499
6539,499
6540,499
6541,499
6542,499
6543,499
6544,499
6545,499
6546,499
6547,499
6548,499
6549,499
6550,499
6551,499
6552,499
6553,499
6554,499
6555,499
6556,499
6557,499
6558,499
6559,499
6560,499
6561,499
6562,499
6563,499
6564,499
6565,499
6566,499
6567,499
6568,499
6569,499
6570,499
6571,499
6572,499
6573,499
6574,499
6575,499
6576,499
6577,499
6578,499
6579,499
6580,499
6581,499
6582,499
6583,499
6584,499
6585,499
6586,499
6587,499
6588,499
6589,499
6590,499
6591,499
6592,499
6593,499
6594,499
6595,499
6596,499
6597,499
6598,499
6599,499
6600,499
6601,499
6602,499
6603,499
6604,499
6605,499
6606,499
6607,499
6608,499
6609,499
6610,499
6611,499
6612,499
6613,499
6614,499
6615,499
6616,499
6617,499
6618,499
6619,499
6620,499
6621,499
6622,499
6623,499
6624,499
6625,499
6626,499
6627,499
6628,499
6629,499
6630,499
6631,499
6632,499
6633,499
6634,499
6635,499
6636,499
6637,499
6638,499
6639,499
6640,499
6641,499
6642,499
6643,499
6644,499
6645,499
6646,499
6647,499
6648,499
6649,499
6650,499
6651,499
6652,499
6653,499
6654,499
6655,499
6656,499
6657,499
6658,499
6659,499
6660,499
6661,499
6662,499
6663,499
6664,499
6665,499
6666,499
6667,499
6668,499
6669,499
6670,499
6671,499
6672,499
6673,499
6674,499
6675,499
6676,499
6677,499
6678,499
6679,499
6680,499
6681,499
6682,499
6683,499
6684,499
6685,499
6686,499
6687,499
6688,499
6689,499
6690,499
6691,499
6692,499
6693,499
6694,499
6695,499
6696,499
6697,499
6698,499
6699,499
6700,499
6701,499
6702,499
6703,499
6704,499
6705,499
6706,499
6707,499
6708,499
6709,499
6710,499
6711,499
6712,499
6713,499
6714,499
6715,499
6716,499
6717,499
6718,499
6719,499
6720,499
6721,499
6722,499
6723,499
6724,499
6725,499
6726,499
6727,499
6728,499
6729,499
6730,499
6731,499
6732,499
6733,499
6734,499
6735,499
6736,499
6737,499
6738,499
6739,499
6740,499
6741,499
6742,499
6743,499
6744,499
6745,499
6746,499
6747,499
6748,499
6749,499
6750,499
6751,499
6752,499
6753,499
6754,499
6755,499
6756,499
6757,499
6758,499
6759,499
6760,499
6761,499
6762,499
6763,499
6764,499
6765,499
6766,499
6767,499
6768,499
6769,499
6770,499
6771,499
6772,499
6773,499
6774,499
6775,499
6776,499
6777,499
6778,499
6779,499
6780,499
6781,499
6782,499
6783,499
6784,499
6785,499
6786,499
6787,499
6788,499
6789,499
6790,499
6791,499
6792,499
6793,499
6794,499
6795,499
6796,499
6797,499
6798,499
6799,499
6800,499
6801,499
6802,499
6803,499
6804,499
6805,499
6806,499
6807,499
6808,499
6809,499
6810,499
6811,499
6812,499
6813,499
6814,499
6815,499
6816,499
6817,499
6818,499
6819,499
6820,499
6821,499
6822,499
6823,499
6824,499
6825,499
6826,499
6827,499
6828,499
6829,499
6830,499
6831,499
6832,499
6833,499
6834,499
6835,499
6836,499
6837,499
6838,499
6839,499
6840,499
6841,499
6842,499
6843,499
6844,499
6845,499
6846,499
6847,499
6848,499
6849,499
6850,499
6851,499
6852,499
6853,499
6854,499
6855,499
6856,499
6857,499
6858,499
6859,499
6860,499
6861,499
6862,499
6863,499
6864,499
6865,499
6866,499
6867,499
6868,499
6869,499
6870,499
6871,499
6872,499
6873,499
6874,499
6875,499
6876,499
6877,499
6878,499
6879,499
6880,499
6881,499
6882,499
6883,499
6884,499
6885,499
6886,499
6887,499
6888,499
6889,499
6890,499
6891,499
6892,499
6893,499
6894,499
6895,499
6896,499
6897,499
6898,499
6899,499
6900,499
6901,499
6902,499
6903,499
6904,499
6905,499
6906,499
6907,499
6908,499
6909,499
6910,499
6911,499
6912,499
6913,499
6914,499
6915,499
6916,499
6917,499
6918,499
6919,499
6920,499
6921,499
6922,499
6923,499
6924,499
6925,499
6926,499
6927,499
6928,499
6929,499
6930,499
6931,499
6932,499
6933,499
6934,499
6935,499
6936,499
6937,499
6938,499
6939,499
6940,499
6941,499
6942,499
6943,499
6944,499
6945,499
6946,499
6947,499
6948,499
6949,499
6950,499
6951,499
6952,499
6953,499
6954,499
6955,499
6956,499
6957,499
6958,499
6959,499
6960,499
6961,499
6962,499
6963,499
6964,499
6965,499
6966,499
6967,499
6968,499
6969,499
6970,499
6971,499
6972,499
6973,499
6974,499
6975,499
6976,499
6977,499
6978,499
6979,499
6980,499
6981,499
6982,499
6983,499
6984,499
6985,499
6986,499
6987,499
6988,499
6989,499
6990,499
6991,499
6992,499
6993,499
6994,499
6995,499
6996,499
6997,499
6998,499
6999,499
7000,499
7001,499
7002,499
7003,499
7004,499
7005,499
7006,499
7007,499
7008,499
7009,499
7010,499
7011,499
7012,499
7013,499
7014,499
7015,499
7016,499
7017,499
7018,499
7019,499
7020,499
7021,499
7022,499
7023,499
7024,499
7025,499
7026,499
7027,499
7028,499
7029,499
7030,499
7031,499
7032,499
7033,499
7034,499
7035,499
7036,499
7037,499
7038,499
7039,499
7040,499
7041,499
7042,499
7043,499
7044,499
7045,499
7046,499
7047,499
7048,499
7049,499
7050,499
7051,499
7052,499
7053,499
7054,499
7055,499
7056,499
7057,499
7058,499
7059,499
7060,499
7061,499
7062,499
7063,499
7064,499
7065,499
7066,499
7067,499
7068,499
7069,499
7070,499
7071,499
7072,499
7073,499
7074,499
7075,499
7076,499
7077,499
7078,499
7079,499
7080,499
7081,499
7082,499
7083,499
7084,499
7085,499
7086,499
7087,499
7088,499
7089,499
7090,499
7091,499
7092,499
7093,499
7094,499
7095,499
7096,499
7097,499
7098,499
7099,499
7100,499
7101,499
7102,499
7103,499
7104,499
7105,499
7106,499
7107,499
7108,499
7109,499
7110,499
7111,499
7112,499
7113,499
7114,499
7115,499
7116,499
7117,499
7118,499
7119,499
7120,499
7121,499
7122,499
7123,499
7124,499
7125,499
7126,499
7127,499
7128,499
7129,499
7130,499
7131,499
7132,499
7133,499
7134,499
7135,499
7136,499
7137,499
7138,499
7139,499
7140,499
7141,499
7142,499
7143,499
7144,499
7145,499
7146,499
7147,499
7148,499
7149,499
7150,499
7151,499
7152,499
7153,499
7154,499
7155,499
7156,499
7157,499
7158,499
7159,499
7160,499
7161,499
7162,499
7163,499
7164,499
7165,499
7166,499
7167,499
7168,499
7169,499
7170,499
7171,499
7172,499
7173,499
7174,499
7175,499
7176,499
7177,499
7178,499
7179,499
7180,499
7181,499
7182,499
7183,499
7184,499
7185,499
7186,499
7187,499
7188,499
7189,499
7190,499
7191,499
7192,499
7193,499
7194,499
7195,499
7196,499
7197,499
7198,499
7199,499
7200,499
7201,499
7202,499
7203,499
7204,499
7205,499
7206,499
7207,499
7208,499
7209,499
7210,499
7211,499
7212,499
7213,499
7214,499
7215,499
7216,499
7217,499
7218,499
7219,499
7220,499
7221,499
7222,499
7223,499
7224,499
7225,499
7226,499
7227,499
7228,499
7229,499
7230,499
7231,499
7232,499
7233,499
7234,499
7235,499
7236,499
7237,499
7238,499
7239,499
7240,499
7241,499
7242,499
7243,499
7244,499
7245,499
7246,499
7247,499
7248,499
7249,499
7250,499
7251,499
7252,499
7253,499
7254,499
7255,499
7256,499
7257,499
7258,499
7259,499
7260,499
7261,499
7262,499
7263,499
7264,499
7265,499
7266,499
7267,499
7268,499
7269,499
7270,499
7271,499
7272,499
7273,499
7274,499
7275,499
7276,499
7277,499
7278,499
7279,499
7280,499
7281,499
7282,499
7283,499
7284,499
7285,499
7286,499
7287,499
7288,499
7289,499
7290,499
7291,499
7292,499
7293,499
7294,499
7295,499
7296,499
7297,499
7298,499
7299,499
7300,499
7301,499
7302,499
7303,499
7304,499
7305,499
7306,499
7307,499
7308,499
7309,499
7310,499
7311,499
7312,499
7313,499
7314,499
7315,499
7316,499
7317,499
7318,499
7319,499
7320,499
7321,499
7322,499
7323,499
7324,499
7325,499
7326,499
7327,499
7328,499
7329,499
7330,499
7331,499
7332,499
7333,499
7334,499
7335,499
7336,499
7337,499
7338,499
7339,499
7340,499
7341,499
7342,499
7343,499
7344,499
7345,499
7346,499
7347,499
7348,499
7349,499
7350,499
7351,499
7352,499
7353,499
7354,499
7355,499
7356,499
7357,499
7358,499
7359,499
7360,499
7361,499
7362,499
7363,499
7364,499
7365,499
7366,499
7367,499
7368,499
7369,499
7370,499
7371,499
7372,499
7373,499
7374,499
7375,499
7376,499
7377,499
7378,499
7379,499
7380,499
7381,499
7382,499
7383,499
7384,499
7385,499
7386,499
7387,499
7388,499
7389,499
7390,499
7391,499
7392,499
7393,499
7394,499
7395,499
7396,499
7397,499
7398,499
7399,499
7400,499
7401,499
7402,499
7403,499
7404,499
7405,499
7406,499
7407,499
7408,499
7409,499
7410,499
7411,499
7412,499
7413,499
7414,499
7415,499
7416,499
7417,499
7418,499
7419,499
7420,499
7421,499
7422,499
7423,499
7424,499
7425,499
7426,499
7427,499
7428,499
7429,499
7430,499
7431,499
7432,499
7433,499
7434,499
7435,499
7436,499
7437,499
7438,499
7439,499
7440,499
7441,499
7442,499
7443,499
7444,499
7445,499
7446,499
7447,499
7448,499
7449,499
7450,499
7451,499
7452,499
7453,499
7454,499
7455,499
7456,499
7457,499
7458,499
7459,499
7460,499
7461,499
7462,499
7463,499
7464,499
7465,499
7466,499
7467,499
7468,499
7469,499
7470,499
7471,499
7472,499
7473,499
7474,499
7475,499
7476,499
7477,499
7478,499
7479,499
7480,499
7481,499
7482,499
7483,499
7484,499
7485,499
7486,499
7487,499
7488,499
7489,499
7490,499
7491,499
7492,499
7493,499
7494,499
7495,499
7496,499
7497,499
7498,499
7499,499
7500,499
7501,499
7502,499
7503,499
7504,499
7505,499
7506,499
7507,499
7508,499
7509,499
7510,499
7511,499
7512,499
7513,499
7514,499
7515,499
7516,499
7517,499
7518,499
7519,499
7520,499
7521,499
7522,499
7523,499
7524,499
7525,499
7526,499
7527,499
7528,499
7529,499
7530,499
7531,499
7532,499
7533,499
7534,499
7535,499
7536,499
7537,499
7538,499
7539,499
7540,499
7541,499
7542,499
7543,499
7544,499
7545,499
7546,499
7547,499
7548,499
7549,499
7550,499
7551,499
7552,499
7553,499
7554,499
7555,499
7556,499
7557,499
7558,499
7559,499
7560,499
7561,499
7562,499
7563,499
7564,499
7565,499
7566,499
7567,499
7568,499
7569,499
7570,499
7571,499
7572,499
7573,499
7574,499
7575,499
7576,499
7577,499
7578,499
7579,499
7580,499
7581,499
7582,499
7583,499
7584,499
7585,499
7586,499
7587,499
7588,499
7589,499
7590,499
7591,499
7592,499
7593,499
7594,499
7595,499
7596,499
7597,499
7598,499
7599,499
7600,499
7601,499
7602,499
7603,499
7604,499
7605,499
7606,499
7607,499
7608,499
7609,499
7610,499
7611,499
7612,499
7613,499
7614,499
7615,499
7616,499
7617,499
7618,499
7619,499
7620,499
7621,499
7622,499
7623,499
7624,499
7625,499
7626,499
7627,499
7628,499
7629,499
7630,499
7631,499
7632,499
7633,499
7634,499
7635,499
7636,499
7637,499
7638,499
7639,499
7640,499
7641,499
7642,499
7643,499
7644,499
7645,499
7646,499
7647,499
7648,499
7649,499
7650,499
7651,499
7652,499
7653,499
7654,499
7655,499
7656,499
7657,499
7658,499
7659,499
7660,499
7661,499
7662,499
7663,499
7664,499
7665,499
7666,499
7667,499
7668,499
7669,499
7670,499
7671,499
7672,499
7673,499
7674,499
7675,499
7676,499
7677,499
7678,499
7679,499
7680,499
7681,499
7682,499
7683,499
7684,499
7685,499
7686,499
7687,499
7688,499
7689,499
7690,499
7691,499
7692,499
7693,499
7694,499
7695,499
7696,499
7697,499
7698,499
7699,499
7700,499
7701,499
7702,499
7703,499
7704,499
7705,499
7706,499
7707,499
7708,499
7709,499
7710,499
7711,499
7712,499
7713,499
7714,499
7715,499
7716,499
7717,499
7718,499
7719,499
7720,499
7721,499
7722,499
7723,499
7724,499
7725,499
7726,499
7727,499
7728,499
7729,499
7730,499
7731,499
7732,499
7733,499
7734,499
7735,499
7736,499
7737,499
7738,499
7739,499
7740,499
7741,499
7742,499
7743,499
7744,499
7745,499
7746,499
7747,499
7748,499
7749,499
7750,499
7751,499
7752,499
7753,499
7754,499
7755,499
7756,499
7757,499
7758,499
7759,499
7760,499
7761,499
7762,499
7763,499
7764,499
7765,499
7766,499
7767,499
7768,499
7769,499
7770,499
7771,499
7772,499
7773,499
7774,499
7775,499
7776,499
7777,499
7778,499
7779,499
7780,499
7781,499
7782,499
7783,499
7784,499
7785,499
7786,499
7787,499
7788,499
7789,499
7790,499
7791,499
7792,499
7793,499
7794,499
7795,499
7796,499
7797,499
7798,499
7799,499
7800,499
7801,499
7802,499
7803,499
7804,499
7805,499
7806,499
7807,499
7808,499
7809,499
7810,499
7811,499
7812,499
7813,499
7814,499
7815,499
7816,499
7817,499
7818,499
7819,499
7820,499
7821,499
7822,499
7823,499
7824,499
7825,499
7826,499
7827,499
7828,499
7829,499
7830,499
7831,499
7832,499
7833,499
7834,499
7835,499
7836,499
7837,499
7838,499
7839,499
7840,499
7841,499
7842,499
7843,499
7844,499
7845,499
7846,499
7847,499
7848,499
7849,499
7850,499
7851,499
7852,499
7853,499
7854,499
7855,499
7856,499
7857,499
7858,499
7859,499
7860,499
7861,499
7862,499
7863,499
7864,499
7865,499
7866,499
7867,499
7868,499
7869,499
7870,499
7871,499
7872,499
7873,499
7874,499
7875,499
7876,499
7877,499
7878,499
7879,499
7880,499
7881,499
7882,499
7883,499
7884,499
7885,499
7886,499
7887,499
7888,499
7889,499
7890,499
7891,499
7892,499
7893,499
7894,499
7895,499
7896,499
7897,499
7898,499
7899,499
7900,499
7901,499
7902,499
7903,499
7904,499
7905,499
7906,499
7907,499
7908,499
7909,499
7910,499
7911,499
7912,499
7913,499
7914,499
7915,499
7916,499
7917,499
7918,499
7919,499
7920,499
7921,499
7922,499
7923,499
7924,499
7925,499
7926,499
7927,499
7928,499
7929,499
7930,499
7931,499
7932,499
7933,499
7934,499
7935,499
7936,499
7937,499
7938,499
7939,499
7940,499
7941,499
7942,499
7943,499
7944,499
7945,499
7946,499
7947,499
7948,499
7949,499
7950,499
7951,499
7952,499
7953,499
7954,499
7955,499
7956,499
7957,499
7958,499
7959,499
7960,499
7961,499
7962,499
7963,499
7964,499
7965,499
7966,499
7967,499
7968,499
7969,499
7970,499
7971,499
7972,499
7973,499
7974,499
7975,499
7976,499
7977,499
7978,499
7979,499
7980,499
7981,499
7982,499
7983,499
7984,499
7985,499
7986,499
7987,499
7988,499
7989,499
7990,499
7991,499
7992,499
7993,499
7994,499
7995,499
7996,499
7997,499
7998,499
7999,499
8000,499
8001,499
8002,499
8003,499
8004,499
8005,499
8006,499
8007,499
8008,499
8009,499
8010,499
8011,499
8012,499
8013,499
8014,499
8015,499
8016,499
8017,499
8018,499
8019,499
8020,499
8021,499
8022,499
8023,499
8024,499
8025,499
8026,499
8027,499
8028,499
8029,499
8030,499
8031,499
8032,499
8033,499
8034,499
8035,499
8036,499
8037,499
8038,499
8039,499
8040,499
8041,499
8042,499
8043,499
8044,499
8045,499
8046,499
8047,499
8048,499
8049,499
8050,499
8051,499
8052,499
8053,499
8054,499
8055,499
8056,499
8057,499
8058,499
8059,499
8060,499
8061,499
8062,499
8063,499
8064,499
8065,499
8066,499
8067,499
8068,499
8069,499
8070,499
8071,499
8072,499
8073,499
8074,499
8075,499
8076,499
8077,499
8078,499
8079,499
8080,499
8081,499
8082,499
8083,499
8084,499
8085,499
8086,499
8087,499
8088,499
8089,499
8090,499
8091,499
8092,499
8093,499
8094,499
8095,499
8096,499
8097,499
8098,499
8099,499
8100,499
8101,499
8102,499
8103,499
8104,499
8105,499
8106,499
8107,499
8108,499
8109,499
8110,499
8111,499
8112,499
8113,499
8114,499
8115,499
8116,499
8117,499
8118,499
8119,499
8120,499
8121,499
8122,499
8123,499
8124,499
8125,499
8126,499
8127,499
8128,499
8129,499
8130,499
8131,499
8132,499
8133,499
8134,499
8135,499
8136,499
8137,499
8138,499
8139,499
8140,499
8141,499
8142,499
8143,499
8144,499
8145,499
8146,499
8147,499
8148,499
8149,499
8150,499
8151,499
8152,499
8153,499
8154,499
8155,499
8156,499
8157,499
8158,499
8159,499
8160,499
8161,499
8162,499
8163,499
8164,499
8165,499
8166,499
8167,499
8168,499
8169,499
8170,499
8171,499
8172,499
8173,499
8174,499
8175,499
8176,499
8177,499
8178,499
8179,499
8180,499
8181,499
8182,499
8183,499
8184,499
8185,499
8186,499
8187,499
8188,499
8189,499
8190,499
8191,499
8192,499
8193,499
8194,499
8195,499
8196,499
8197,499
8198,499
8199,499
8200,499
8201,499
8202,499
8203,499
8204,499
8205,499
8206,499
8207,499
8208,499
8209,499
8210,499
8211,499
8212,499
8213,499
8214,499
8215,499
8216,499
8217,499
8218,499
8219,499
8220,499
8221,499
8222,499
8223,499
8224,499
8225,499
8226,499
8227,499
8228,499
8229,499
8230,499
8231,499
8232,499
8233,499
8234,499
8235,499
8236,499
8237,499
8238,499
8239,499
8240,499
8241,499
8242,499
8243,499
8244,499
8245,499
8246,499
8247,499
8248,499
8249,499
8250,499
8251,499
8252,499
8253,499
8254,499
8255,499
8256,499
8257,499
8258,499
8259,499
8260,499
8261,499
8262,499
8263,499
8264,499
8265,499
8266,499
8267,499
8268,499
8269,499
8270,499
8271,499
8272,499
8273,499
8274,499
8275,499
8276,499
8277,499
8278,499
8279,499
8280,499
8281,499
8282,499
8283,499
8284,499
8285,499
8286,499
8287,499
8288,499
8289,499
8290,499
8291,499
8292,499
8293,499
8294,499
8295,499
8296,499
8297,499
8298,499
8299,499
8300,499
8301,499
8302,499
8303,499
8304,499
8305,499
8306,499
8307,499
8308,499
8309,499
8310,499
8311,499
8312,499
8313,499
8314,499
8315,499
8316,499
8317,499
8318,499
8319,499
8320,499
8321,499
8322,499
8323,499
8324,499
8325,499
8326,499
8327,499
8328,499
8329,499
8330,499
8331,499
8332,499
8333,499
8334,499
8335,499
8336,499
8337,499
8338,499
8339,499
8340,499
8341,499
8342,499
8343,499
8344,499
8345,499
8346,499
8347,499
8348,499
8349,499
8350,499
8351,499
8352,499
8353,499
8354,499
8355,499
8356,499
8357,499
8358,499
8359,499
8360,499
8361,499
8362,499
8363,499
8364,499
8365,499
8366,499
8367,499
8368,499
8369,499
8370,499
8371,499
8372,499
8373,499
8374,499
8375,499
8376,499
8377,499
8378,499
8379,499
8380,499
8381,499
8382,499
8383,499
8384,499
8385,499
8386,499
8387,499
8388,499
8389,499
8390,499
8391,499
8392,499
8393,499
8394,499
8395,499
8396,499
8397,499
8398,499
8399,499
8400,499
8401,499
8402,499
8403,499
8404,499
8405,499
8406,499
8407,499
8408,499
8409,499
8410,499
8411,499
8412,499
8413,499
8414,499
8415,499
8416,499
8417,499
8418,499
8419,499
8420,499
8421,499
8422,499
8423,499
8424,499
8425,499
8426,499
8427,499
8428,499
8429,499
8430,499
8431,499
8432,499
8433,499
8434,499
8435,499
8436,499
8437,499
8438,499
8439,499
8440,499
8441,499
8442,499
8443,499
8444,499
8445,499
8446,499
8447,499
8448,499
8449,499
8450,499
8451,499
8452,499
8453,499
8454,499
8455,499
8456,499
8457,499
8458,499
8459,499
8460,499
8461,499
8462,499
8463,499
8464,499
8465,499
8466,499
8467,499
8468,499
8469,499
8470,499
8471,499
8472,499
8473,499
8474,499
8475,499
8476,499
8477,499
8478,499
8479,499
8480,499
8481,499
8482,499
8483,499
8484,499
8485,499
8486,499
8487,499
8488,499
8489,499
8490,499
8491,499
8492,499
8493,499
8494,499
8495,499
8496,499
8497,499
8498,499
8499,499
8500,499
8501,499
8502,499
8503,499
8504,499
8505,499
8506,499
8507,499
8508,499
8509,499
8510,499
8511,499
8512,499
8513,499
8514,499
8515,499
8516,499
8517,499
8518,499
8519,499
8520,499
8521,499
8522,499
8523,499
8524,499
8525,499
8526,499
8527,499
8528,499
8529,499
8530,499
8531,499
8532,499
8533,499
8534,499
8535,499
8536,499
8537,499
8538,499
8539,499
8540,499
8541,499
8542,499
8543,499
8544,499
8545,499
8546,499
8547,499
8548,499
8549,499
8550,499
8551,499
8552,499
8553,499
8554,499
8555,499
8556,499
8557,499
8558,499
8559,499
8560,499
8561,499
8562,499
8563,499
8564,499
8565,499
8566,499
8567,499
8568,499
8569,499
8570,499
8571,499
8572,499
8573,499
8574,499
8575,499
8576,499
8577,499
8578,499
8579,499
8580,499
8581,499
8582,499
8583,499
8584,499
8585,499
8586,499
8587,499
8588,499
8589,499
8590,499
8591,499
8592,499
8593,499
8594,499
8595,499
8596,499
8597,499
8598,499
8599,499
8600,499
8601,499
8602,499
8603,499
8604,499
8605,499
8606,499
8607,499
8608,499
8609,499
8610,499
8611,499
8612,499
8613,499
8614,499
8615,499
8616,499
8617,499
8618,499
8619,499
8620,499
8621,499
8622,499
8623,499
8624,499
8625,499
8626,499
8627,499
8628,499
8629,499
8630,499
8631,499
8632,499
8633,499
8634,499
8635,499
8636,499
8637,499
8638,499
8639,499
8640,499
8641,499
8642,499
8643,499
8644,499
8645,499
8646,499
8647,499
8648,499
8649,499
8650,499
8651,499
8652,499
8653,499
8654,499
8655,499
8656,499
8657,499
8658,499
8659,499
8660,499
8661,499
8662,499
8663,499
8664,499
8665,499
8666,499
8667,499
8668,499
8669,499
8670,499
8671,499
8672,499
8673,499
8674,499
8675,499
8676,499
8677,499
8678,499
8679,499
8680,499
8681,499
8682,499
8683,499
8684,499
8685,499
8686,499
8687,499
8688,499
8689,499
8690,499
8691,499
8692,499
8693,499
8694,499
8695,499
8696,499
8697,499
8698,499
8699,499
8700,499
8701,499
8702,499
8703,499
8704,499
8705,499
8706,499
8707,499
8708,499
8709,499
8710,499
8711,499
8712,499
8713,499
8714,499
8715,499
8716,499
8717,499
8718,499
8719,499
8720,499
8721,499
8722,499
8723,499
8724,499
8725,499
8726,499
8727,499
8728,499
8729,499
8730,499
8731,499
8732,499
8733,499
8734,499
8735,499
8736,499
8737,499
8738,499
8739,499
8740,499
8741,499
8742,499
8743,499
8744,499
8745,499
8746,499
8747,499
8748,499
8749,499
8750,499
8751,499
8752,499
8753,499
8754,499
8755,499
8756,499
8757,499
8758,499
8759,499
8760,499
8761,499
8762,499
8763,499
8764,499
8765,499
8766,499
8767,499
8768,499
8769,499
8770,499
8771,499
8772,499
8773,499
8774,499
8775,499
8776,499
8777,499
8778,499
8779,499
8780,499
8781,499
8782,499
8783,499
8784,499
8785,499
8786,499
8787,499
8788,499
8789,499
8790,499
8791,499
8792,499
8793,499
8794,499
8795,499
8796,499
8797,499
8798,499
8799,499
8800,499
8801,499
8802,499
8803,499
8804,499
8805,499
8806,499
8807,499
8808,499
8809,499
8810,499
8811,499
8812,499
8813,499
8814,499
8815,499
8816,499
8817,499
8818,499
8819,499
8820,499
8821,499
8822,499
8823,499
8824,499
8825,499
8826,499
8827,499
8828,499
8829,499
8830,499
8831,499
8832,499
8833,499
8834,499
8835,499
8836,499
8837,499
8838,499
8839,499
8840,499
8841,499
8842,499
8843,499
8844,499
8845,499
8846,499
8847,499
8848,499
8849,499
8850,499
8851,499
8852,499
8853,499
8854,499
8855,499
8856,499
8857,499
8858,499
8859,499
8860,499
8861,499
8862,499
8863,499
8864,499
8865,499
8866,499
8867,499
8868,499
8869,499
8870,499
8871,499
8872,499
8873,499
8874,499
8875,499
8876,499
8877,499
8878,499
8879,499
8880,499
8881,499
8882,499
8883,499
8884,499
8885,499
8886,499
8887,499
8888,499
8889,499
8890,499
8891,499
8892,499
8893,499
8894,499
8895,499
8896,499
8897,499
8898,499
8899,499
8900,499
8901,499
8902,499
8903,499
8904,499
8905,499
8906,499
8907,499
8908,499
8909,499
8910,499
8911,499
8912,499
8913,499
8914,499
8915,499
8916,499
8917,499
8918,499
8919,499
8920,499
8921,499
8922,499
8923,499
8924,499
8925,499
8926,499
8927,499
8928,499
8929,499
8930,499
8931,499
8932,499
8933,499
8934,499
8935,499
8936,499
8937,499
8938,499
8939,499
8940,499
8941,499
8942,499
8943,499
8944,499
8945,499
8946,499
8947,499
8948,499
8949,499
8950,499
8951,499
8952,499
8953,499
8954,499
8955,499
8956,499
8957,499
8958,499
8959,499
8960,499
8961,499
8962,499
8963,499
8964,499
8965,499
8966,499
8967,499
8968,499
8969,499
8970,499
8971,499
8972,499
8973,499
8974,499
8975,499
8976,499
8977,499
8978,499
8979,499
8980,499
8981,499
8982,499
8983,499
8984,499
8985,499
8986,499
8987,499
8988,499
8989,499
8990,499
8991,499
8992,499
8993,499
8994,499
8995,499
8996,499
8997,499
8998,499
8999,499
9000,499
9001,499
9002,499
9003,499
9004,499
9005,499
9006,499
9007,499
9008,499
9009,499
9010,499
9011,499
9012,499
9013,499
9014,499
9015,499
9016,499
9017,499
9018,499
9019,499
9020,499
9021,499
9022,499
9023,499
9024,499
9025,499
9026,499
9027,499
9028,499
9029,499
9030,499
9031,499
9032,499
9033,499
9034,499
9035,499
9036,499
9037,499
9038,499
9039,499
9040,499
9041,499
9042,499
9043,499
9044,499
9045,499
9046,499
9047,499
9048,499
9049,499
9050,499
9051,499
9052,499
9053,499
9054,499
9055,499
9056,499
9057,499
9058,499
9059,499
9060,499
9061,499
9062,499
9063,499
9064,499
9065,499
9066,499
9067,499
9068,499
9069,499
9070,499
9071,499
9072,499
9073,499
9074,499
9075,499
9076,499
9077,499
9078,499
9079,499
9080,499
9081,499
9082,499
9083,499
9084,499
9085,499
9086,499
9087,499
9088,499
9089,499
9090,499
9091,499
9092,499
9093,499
9094,499
9095,499
9096,499
9097,499
9098,499
9099,499
9100,499
9101,499
9102,499
9103,499
9104,499
9105,499
9106,499
9107,499
9108,499
9109,499
9110,499
9111,499
9112,499
9113,499
9114,499
9115,499
9116,499
9117,499
9118,499
9119,499
9120,499
9121,499
9122,499
9123,499
9124,499
9125,499
9126,499
9127,499
9128,499
9129,499
9130,499
9131,499
9132,499
9133,499
9134,499
9135,499
9136,499
9137,499
9138,499
9139,499
9140,499
9141,499
9142,499
9143,499
9144,499
9145,499
9146,499
9147,499
9148,499
9149,499
9150,499
9151,499
9152,499
9153,499
9154,499
9155,499
9156,499
9157,499
9158,499
9159,499
9160,499
9161,499
9162,499
9163,499
9164,499
9165,499
9166,499
9167,499
9168,499
9169,499
9170,499
9171,499
9172,499
9173,499
9174,499
9175,499
9176,499
9177,499
9178,499
9179,499
9180,499
9181,499
9182,499
9183,499
9184,499
9185,499
9186,499
9187,499
9188,499
9189,499
9190,499
9191,499
9192,499
9193,499
9194,499
9195,499
9196,499
9197,499
9198,499
9199,499
9200,499
9201,499
9202,499
9203,499
9204,499
9205,499
9206,499
9207,499
9208,499
9209,499
9210,499
9211,499
9212,499
9213,499
9214,499
9215,499
9216,499
9217,499
9218,499
9219,499
9220,499
9221,499
9222,499
9223,499
9224,499
9225,499
9226,499
9227,499
9228,499
9229,499
9230,499
9231,499
9232,499
9233,500
