0,0
1,1
2,2
3,3
4,4
5,4
6,5
7,6
8,6
9,7
10,8
11,9
12,10
13,11
14,12
15,12
16,12
17,13
18,14
19,14
20,14
21,15
22,16
23,17
24,18
25,18
26,19
27,20
28,21
29,21
30,21
31,21
32,21
33,21
34,22
35,23
36,24
37,24
38,25
39,26
40,26
41,26
42,26
43,27
44,28
45,29
46,29
47,29
48,29
49,29
50,29
51,29
52,30
53,30
54,30
55,31
56,31
57,31
58,32
59,33
60,34
61,34
62,35
63,36
64,36
65,37
66,38
67,39
68,40
69,41
70,41
71,42
72,43
73,44
74,44
75,44
76,44
77,44
78,44
79,44
80,45
81,45
82,46
83,46
84,46
85,46
86,46
87,46
88,47
89,47
90,48
91,48
92,48
93,49
94,49
95,49
96,50
97,50
98,50
99,50
100,50
101,51
102,51
103,51
104,51
105,51
106,52
107,53
108,53
109,53
110,53
111,54
112,55
113,55
114,55
115,55
116,55
117,55
118,56
119,56
120,57
121,58
122,58
123,59
124,60
125,60
126,60
127,60
128,60
129,60
130,60
131,60
132,61
133,62
134,62
135,62
136,62
137,63
138,63
139,63
140,64
141,64
142,64
143,64
144,64
145,64
146,64
147,64
148,65
149,65
150,65
151,65
152,65
153,65
154,66
155,66
156,66
157,66
158,66
159,66
160,67
161,68
162,68
163,69
164,69
165,70
166,70
167,70
168,70
169,70
170,71
171,71
172,71
173,71
174,71
175,71
176,71
177,71
178,71
179,71
180,71
181,71
182,72
183,73
184,74
185,74
186,74
187,74
188,74
189,74
190,74
191,74
192,74
193,74
194,74
195,74
196,74
197,75
198,75
199,75
200,75
201,75
202,75
203,75
204,76
205,76
206,76
207,76
208,76
209,77
210,77
211,77
212,77
213,77
214,77
215,77
216,77
217,78
218,78
219,78
220,78
221,78
222,78
223,79
224,79
225,79
226,79
227,79
228,79
229,79
230,79
231,79
232,79
233,79
234,79
235,79
236,79
237,79
238,79
239,79
240,79
241,79
242,79
243,79
244,79
245,80
246,80
247,80
248,80
249,80
250,81
251,81
252,81
253,81
254,81
255,81
256,81
257,81
258,81
259,81
260,81
261,81
262,81
263,81
264,81
265,81
266,81
267,81
268,81
269,82
270,83
271,83
272,83
273,83
274,83
275,84
276,84
277,84
278,85
279,85
280,85
281,85
282,85
283,85
284,85
285,85
286,85
287,85
288,85
289,85
290,85
291,85
292,85
293,85
294,85
295,85
296,85
297,85
298,85
299,85
300,85
301,85
302,85
303,85
304,86
305,87
306,87
307,87
308,87
309,87
310,87
311,87
312,87
313,87
314,87
315,87
316,87
317,87
318,87
319,87
320,87
321,87
322,87
323,87
324,87
325,87
326,87
327,87
328,88
329,89
330,90
331,91
332,92
333,93
334,94
335,94
336,94
337,95
338,96
339,96
340,97
341,98
342,99
343,99
344,99
345,100
346,101
347,102
348,102
349,102
350,102
351,103
352,103
353,103
354,103
355,103
356,103
357,103
358,103
359,103
360,103
361,103
362,103
363,103
364,103
365,103
366,103
367,103
368,103
369,103
370,103
371,103
372,103
373,103
374,103
375,103
376,103
377,103
378,103
379,103
380,103
381,103
382,103
383,103
384,103
385,103
386,103
387,103
388,103
389,103
390,103
391,103
392,103
393,103
394,103
395,103
396,103
397,103
398,103
399,103
400,103
401,103
402,103
403,103
404,103
405,103
406,103
407,103
408,103
409,103
410,103
411,103
412,103
413,103
414,103
415,103
416,103
417,103
418,103
419,103
420,103
421,103
422,103
423,103
424,103
425,103
426,103
427,103
428,103
429,103
430,103
431,103
432,103
433,103
434,103
435,103
436,103
437,103
438,103
439,103
440,103
441,103
442,103
443,103
444,103
445,103
446,103
447,103
448,103
449,104
450,105
451,106
452,107
453,108
454,108
455,109
456,109
457,109
458,109
459,109
460,109
461,110
462,110
463,110
464,111
465,111
466,111
467,111
468,111
469,111
470,111
471,111
472,111
473,111
474,111
475,111
476,111
477,111
478,111
479,111
480,111
481,111
482,111
483,111
484,111
485,111
486,111
487,111
488,111
489,111
490,111
491,111
492,111
493,111
494,111
495,111
496,111
497,111
498,111
499,111
500,111
501,111
502,111
503,111
504,111
505,111
506,111
507,111
508,111
509,111
510,111
511,111
512,111
513,111
514,111
515,111
516,111
517,111
518,111
519,111
520,111
521,111
522,111
523,111
524,111
525,111
526,111
527,111
528,111
529,111
530,111
531,111
532,111
533,111
534,111
535,111
536,111
537,111
538,112
539,112
540,112
541,112
542,112
543,112
544,112
545,112
546,112
547,112
548,112
549,112
550,112
551,112
552,112
553,112
554,112
555,112
556,112
557,112
558,112
559,112
560,112
561,112
562,112
563,112
564,112
565,112
566,112
567,112
568,112
569,112
570,112
571,112
572,112
573,112
574,112
575,112
576,112
577,112
578,112
579,112
580,112
581,112
582,112
583,112
584,112
585,112
586,112
587,112
588,112
589,112
590,112
591,112
592,112
593,113
594,113
595,113
596,114
597,115
598,115
599,115
600,115
601,115
602,115
603,115
604,115
605,116
606,116
607,116
608,117
609,117
610,117
611,117
612,117
613,117
614,117
615,117
616,117
617,118
618,118
619,118
620,118
621,118
622,118
623,118
624,119
625,119
626,119
627,119
628,119
629,120
630,120
631,120
632,120
633,120
634,120
635,120
636,121
637,121
638,121
639,122
640,123
641,123
642,123
643,124
644,124
645,124
646,125
647,125
648,125
649,125
650,125
651,125
652,125
653,125
654,125
655,125
656,125
657,125
658,125
659,126
660,127
661,127
662,127
663,127
664,127
665,127
666,127
667,127
668,127
669,127
670,127
671,127
672,127
673,127
674,127
675,127
676,127
677,127
678,127
679,127
680,127
681,127
682,127
683,127
684,127
685,127
686,127
687,127
688,127
689,127
690,127
691,127
692,127
693,127
694,127
695,127
696,127
697,127
698,127
699,127
700,127
701,127
702,127
703,127
704,127
705,127
706,127
707,127
708,127
709,127
710,127
711,127
712,127
713,127
714,127
715,127
716,127
717,127
718,127
719,127
720,127
721,127
722,127
723,127
724,127
725,127
726,127
727,127
728,127
729,127
730,127
731,127
732,127
733,127
734,127
735,127
736,127
737,127
738,127
739,127
740,127
741,127
742,127
743,127
744,127
745,127
746,127
747,127
748,127
749,127
750,127
751,127
752,127
753,127
754,127
755,127
756,127
757,127
758,127
759,127
760,127
761,127
762,127
763,127
764,127
765,127
766,127
767,127
768,127
769,127
770,127
771,127
772,127
773,127
774,127
775,127
776,127
777,127
778,127
779,127
780,127
781,127
782,127
783,127
784,127
785,127
786,127
787,127
788,127
789,127
790,127
791,127
792,127
793,127
794,127
795,127
796,127
797,127
798,127
799,127
800,127
801,127
802,127
803,127
804,127
805,127
806,127
807,127
808,127
809,127
810,127
811,127
812,127
813,127
814,127
815,127
816,127
817,127
818,127
819,127
820,127
821,127
822,127
823,127
824,127
825,127
826,127
827,127
828,127
829,127
830,127
831,127
832,127
833,127
834,127
835,127
836,127
837,127
838,127
839,127
840,127
841,127
842,127
843,127
844,127
845,127
846,127
847,127
848,127
849,127
850,127
851,127
852,127
853,127
854,127
855,127
856,127
857,127
858,127
859,127
860,127
861,127
862,127
863,127
864,127
865,127
866,127
867,127
868,127
869,127
870,127
871,127
872,127
873,127
874,127
875,127
876,127
877,127
878,127
879,127
880,127
881,127
882,127
883,127
884,127
885,127
886,127
887,127
888,127
889,127
890,127
891,127
892,127
893,127
894,127
895,127
896,127
897,127
898,127
899,127
900,127
901,127
902,127
903,128
904,128
905,128
906,128
907,128
908,128
909,128
910,128
911,128
912,128
913,128
914,128
915,128
916,128
917,128
918,128
919,128
920,128
921,128
922,128
923,128
924,128
925,128
926,128
927,128
928,128
929,128
930,128
931,128
932,128
933,128
934,128
935,128
936,128
937,128
938,128
939,128
940,128
941,128
942,128
943,128
944,128
945,128
946,128
947,128
948,128
949,128
950,128
951,128
952,128
953,128
954,128
955,128
956,128
957,128
958,128
959,128
960,128
961,128
962,128
963,128
964,128
965,128
966,128
967,128
968,128
969,128
970,128
971,128
972,128
973,128
974,128
975,128
976,128
977,128
978,128
979,128
980,128
981,128
982,128
983,128
984,128
985,128
986,128
987,128
988,128
989,128
990,128
991,128
992,128
993,128
994,128
995,128
996,128
997,128
998,128
999,128
1000,128
1001,128
1002,128
1003,128
1004,128
1005,128
1006,128
1007,128
1008,128
1009,128
1010,128
1011,128
1012,128
1013,128
1014,128
1015,128
1016,128
1017,128
1018,128
1019,128
1020,128
1021,128
1022,128
1023,128
1024,128
1025,128
1026,128
1027,128
1028,128
1029,128
1030,128
1031,128
1032,128
1033,128
1034,128
1035,128
1036,128
1037,128
1038,128
1039,128
1040,128
1041,128
1042,128
1043,128
1044,128
1045,128
1046,128
1047,128
1048,128
1049,128
1050,128
1051,128
1052,128
1053,128
1054,128
1055,128
1056,128
1057,128
1058,128
1059,128
1060,128
1061,128
1062,128
1063,128
1064,128
1065,128
1066,128
1067,128
1068,128
1069,128
1070,129
1071,129
1072,129
1073,129
1074,129
1075,129
1076,129
1077,129
1078,129
1079,129
1080,129
1081,129
1082,129
1083,130
1084,130
1085,130
1086,130
1087,130
1088,130
1089,130
1090,130
1091,130
1092,130
1093,130
1094,130
1095,130
1096,130
1097,130
1098,130
1099,130
1100,130
1101,130
1102,130
1103,130
1104,130
1105,130
1106,130
1107,130
1108,130
1109,130
1110,130
1111,130
1112,130
1113,130
1114,130
1115,130
1116,130
1117,130
1118,130
1119,130
1120,130
1121,130
1122,130
1123,130
1124,130
1125,131
1126,131
1127,131
1128,131
1129,131
1130,131
1131,131
1132,131
1133,131
1134,131
1135,131
1136,131
1137,131
1138,131
1139,131
1140,131
1141,131
1142,131
1143,131
1144,131
1145,131
1146,131
1147,131
1148,131
1149,131
1150,131
1151,131
1152,131
1153,131
1154,131
1155,131
1156,131
1157,131
1158,131
1159,131
1160,131
1161,131
1162,131
1163,131
1164,131
1165,131
1166,131
1167,131
1168,131
1169,131
1170,131
1171,131
1172,131
1173,131
1174,131
1175,131
1176,131
1177,131
1178,131
1179,131
1180,131
1181,131
1182,131
1183,131
1184,131
1185,131
1186,131
1187,131
1188,131
1189,131
1190,131
1191,131
1192,131
1193,131
1194,131
1195,131
1196,131
1197,131
1198,131
1199,131
1200,131
1201,131
1202,131
1203,131
1204,131
1205,131
1206,131
1207,131
1208,131
1209,131
1210,131
1211,131
1212,131
1213,131
1214,131
1215,131
1216,131
1217,131
1218,131
1219,131
1220,131
1221,131
1222,131
1223,131
1224,131
1225,131
1226,131
1227,131
1228,131
1229,131
1230,131
1231,131
1232,131
1233,131
1234,131
1235,131
1236,131
1237,131
1238,131
1239,131
1240,131
1241,131
1242,131
1243,131
1244,131
1245,131
1246,131
1247,131
1248,131
1249,131
1250,131
1251,131
1252,131
1253,131
1254,131
1255,131
1256,131
1257,131
1258,131
1259,131
1260,131
1261,131
1262,131
1263,131
1264,131
1265,131
1266,131
1267,131
1268,131
1269,131
1270,131
1271,131
1272,131
1273,131
1274,131
1275,131
1276,131
1277,131
1278,131
1279,131
1280,131
1281,131
1282,131
1283,131
1284,131
1285,131
1286,131
1287,131
1288,131
1289,131
1290,131
1291,131
1292,131
1293,131
1294,131
1295,131
1296,131
1297,131
1298,131
1299,131
1300,131
1301,131
1302,131
1303,131
1304,131
1305,131
1306,131
1307,131
1308,131
1309,131
1310,131
1311,131
1312,131
1313,131
1314,131
1315,131
1316,131
1317,131
1318,131
1319,131
1320,131
1321,131
1322,131
1323,131
1324,131
1325,131
1326,131
1327,131
1328,131
1329,131
1330,131
1331,131
1332,131
1333,131
1334,131
1335,131
1336,131
1337,131
1338,131
1339,132
1340,132
1341,132
1342,132
1343,132
1344,132
1345,132
1346,132
1347,132
1348,132
1349,132
1350,132
1351,132
1352,132
1353,132
1354,132
1355,132
1356,132
1357,132
1358,132
1359,132
1360,132
1361,132
1362,132
1363,132
1364,132
1365,132
1366,132
1367,132
1368,132
1369,132
1370,132
1371,132
1372,132
1373,132
1374,132
1375,132
1376,132
1377,132
1378,132
1379,132
1380,132
1381,132
1382,132
1383,132
1384,132
1385,132
1386,132
1387,132
1388,132
1389,132
1390,132
1391,132
1392,132
1393,132
1394,132
1395,132
1396,132
1397,132
1398,132
1399,132
1400,132
1401,132
1402,132
1403,132
1404,132
1405,132
1406,132
1407,132
1408,132
1409,132
1410,132
1411,132
1412,132
1413,132
1414,132
1415,132
1416,132
1417,132
1418,132
1419,132
1420,132
1421,132
1422,132
1423,132
1424,132
1425,132
1426,132
1427,132
1428,132
1429,132
1430,132
1431,132
1432,132
1433,132
1434,132
1435,132
1436,132
1437,132
1438,132
1439,132
1440,132
1441,132
1442,132
1443,132
1444,132
1445,132
1446,132
1447,132
1448,132
1449,132
1450,132
1451,132
1452,132
1453,132
1454,132
1455,132
1456,132
1457,132
1458,132
1459,132
1460,132
1461,132
1462,132
1463,132
1464,132
1465,132
1466,132
1467,132
1468,132
1469,132
1470,132
1471,132
1472,132
1473,132
1474,132
1475,132
1476,132
1477,132
1478,132
1479,132
1480,132
1481,132
1482,132
1483,132
1484,132
1485,132
1486,132
1487,132
1488,132
1489,132
1490,132
1491,132
1492,132
1493,132
1494,132
1495,132
1496,132
1497,132
1498,132
1499,132
1500,132
1501,132
1502,132
1503,132
1504,132
1505,132
1506,132
1507,132
1508,132
1509,132
1510,132
1511,132
1512,132
1513,132
1514,132
1515,132
1516,132
1517,132
1518,132
1519,132
1520,132
1521,132
1522,132
1523,132
1524,132
1525,132
1526,132
1527,132
1528,132
1529,132
1530,132
1531,132
1532,132
1533,132
1534,132
1535,132
1536,132
1537,132
1538,132
1539,132
1540,132
1541,132
1542,132
1543,132
1544,132
1545,132
1546,132
1547,132
1548,132
1549,132
1550,132
1551,132
1552,132
1553,132
1554,132
1555,132
1556,132
1557,132
1558,132
1559,132
1560,132
1561,132
1562,132
1563,132
1564,132
1565,132
1566,132
1567,132
1568,132
1569,132
1570,132
1571,132
1572,132
1573,132
1574,132
1575,132
1576,132
1577,132
1578,132
1579,132
1580,132
1581,132
1582,132
1583,132
1584,132
1585,132
1586,132
1587,132
1588,132
1589,132
1590,132
1591,132
1592,132
1593,132
1594,132
1595,132
1596,132
1597,132
1598,132
1599,132
1600,132
1601,132
1602,132
1603,132
1604,132
1605,132
1606,132
1607,132
1608,132
1609,132
1610,132
1611,132
1612,132
1613,132
1614,132
1615,132
1616,132
1617,132
1618,132
1619,132
1620,132
1621,132
1622,132
1623,132
1624,132
1625,132
1626,132
1627,132
1628,132
1629,132
1630,132
1631,132
1632,132
1633,132
1634,132
1635,132
1636,132
1637,132
1638,132
1639,132
1640,132
1641,132
1642,132
1643,132
1644,132
1645,132
1646,132
1647,132
1648,132
1649,132
1650,132
1651,132
1652,132
1653,132
1654,132
1655,132
1656,132
1657,132
1658,132
1659,132
1660,132
1661,132
1662,132
1663,132
1664,132
1665,132
1666,132
1667,132
1668,132
1669,132
1670,132
1671,132
1672,132
1673,132
1674,132
1675,132
1676,132
1677,132
1678,132
1679,132
1680,132
1681,132
1682,132
1683,132
1684,132
1685,132
1686,132
1687,132
1688,132
1689,132
1690,132
1691,132
1692,132
1693,132
1694,132
1695,132
1696,132
1697,132
1698,132
1699,132
1700,132
1701,132
1702,132
1703,132
1704,132
1705,132
1706,132
1707,132
1708,132
1709,132
1710,132
1711,132
1712,132
1713,132
1714,132
1715,132
1716,132
1717,132
1718,132
1719,132
1720,132
1721,132
1722,132
1723,132
1724,132
1725,132
1726,132
1727,132
1728,132
1729,132
1730,132
1731,132
1732,132
1733,132
1734,132
1735,132
1736,132
1737,132
1738,132
1739,132
1740,132
1741,132
1742,132
1743,132
1744,132
1745,132
1746,132
1747,132
1748,132
1749,132
1750,132
1751,132
1752,132
1753,132
1754,132
1755,132
1756,132
1757,132
1758,132
1759,132
1760,132
1761,132
1762,132
1763,132
1764,132
1765,132
1766,132
1767,132
1768,132
1769,132
1770,132
1771,132
1772,132
1773,132
1774,132
1775,132
1776,132
1777,132
1778,132
1779,132
1780,132
1781,132
1782,132
1783,132
1784,132
1785,132
1786,132
1787,132
1788,132
1789,132
1790,132
1791,132
1792,132
1793,132
1794,132
1795,132
1796,132
1797,132
1798,132
1799,132
1800,132
1801,132
1802,132
1803,132
1804,132
1805,132
1806,132
1807,133
1808,133
1809,134
1810,135
1811,135
1812,135
1813,135
1814,135
1815,135
1816,135
1817,135
1818,135
1819,135
1820,135
1821,135
1822,135
1823,135
1824,135
1825,135
1826,135
1827,135
1828,135
1829,135
1830,135
1831,135
1832,135
1833,135
1834,135
1835,135
1836,135
1837,135
1838,135
1839,135
1840,135
1841,135
1842,135
1843,135
1844,135
1845,135
1846,135
1847,135
1848,135
1849,135
1850,135
1851,135
1852,135
1853,135
1854,135
1855,135
1856,135
1857,135
1858,135
1859,135
1860,135
1861,135
1862,135
1863,135
1864,135
1865,135
1866,135
1867,135
1868,135
1869,135
1870,135
1871,135
1872,135
1873,135
1874,135
1875,135
1876,135
1877,135
1878,135
1879,135
1880,135
1881,135
1882,135
1883,135
1884,135
1885,135
1886,135
1887,135
1888,135
1889,135
1890,135
1891,135
1892,135
1893,135
1894,135
1895,135
1896,135
1897,135
1898,135
1899,135
1900,135
1901,135
1902,135
1903,135
1904,135
1905,135
1906,135
1907,135
1908,135
1909,135
1910,135
1911,135
1912,135
1913,135
1914,135
1915,135
1916,135
1917,135
1918,135
1919,135
1920,135
1921,135
1922,135
1923,135
1924,135
1925,135
1926,135
1927,135
1928,135
1929,135
1930,135
1931,135
1932,135
1933,135
1934,135
1935,135
1936,135
1937,135
1938,135
1939,135
1940,135
1941,135
1942,135
1943,135
1944,135
1945,135
1946,135
1947,135
1948,135
1949,135
1950,135
1951,135
1952,135
1953,135
1954,135
1955,135
1956,135
1957,135
1958,135
1959,135
1960,135
1961,135
1962,135
1963,135
1964,135
1965,135
1966,135
1967,135
1968,135
1969,135
1970,135
1971,135
1972,135
1973,135
1974,135
1975,135
1976,135
1977,135
1978,135
1979,135
1980,135
1981,135
1982,135
1983,135
1984,135
1985,135
1986,135
1987,135
1988,135
1989,135
1990,135
1991,135
1992,135
1993,135
1994,135
1995,135
1996,135
1997,135
1998,135
1999,135
2000,135
2001,135
2002,135
2003,135
2004,135
2005,135
2006,135
2007,135
2008,135
2009,135
2010,135
2011,135
2012,135
2013,135
2014,135
2015,135
2016,135
2017,135
2018,135
2019,135
2020,135
2021,135
2022,135
2023,135
2024,135
2025,135
2026,135
2027,135
2028,135
2029,135
2030,135
2031,135
2032,135
2033,135
2034,135
2035,135
2036,135
2037,135
2038,135
2039,135
2040,135
2041,135
2042,135
2043,135
2044,135
2045,135
2046,135
2047,135
2048,135
2049,135
2050,135
2051,135
2052,135
2053,135
2054,135
2055,135
2056,135
2057,135
2058,135
2059,135
2060,135
2061,135
2062,135
2063,135
2064,135
2065,135
2066,135
2067,135
2068,135
2069,135
2070,135
2071,135
2072,135
2073,135
2074,135
2075,135
2076,135
2077,135
2078,135
2079,135
2080,135
2081,135
2082,135
2083,135
2084,135
2085,135
2086,135
2087,135
2088,135
2089,135
2090,135
2091,135
2092,135
2093,135
2094,135
2095,135
2096,135
2097,135
2098,135
2099,135
2100,135
2101,135
2102,135
2103,135
2104,135
2105,135
2106,135
2107,135
2108,135
2109,135
2110,135
2111,135
2112,135
2113,135
2114,135
2115,135
2116,135
2117,135
2118,135
2119,135
2120,135
2121,135
2122,135
2123,135
2124,135
2125,135
2126,135
2127,135
2128,135
2129,135
2130,135
2131,135
2132,135
2133,135
2134,135
2135,135
2136,135
2137,135
2138,135
2139,135
2140,135
2141,135
2142,135
2143,135
2144,135
2145,135
2146,135
2147,135
2148,135
2149,135
2150,135
2151,135
2152,135
2153,135
2154,135
2155,135
2156,135
2157,135
2158,135
2159,135
2160,135
2161,135
2162,135
2163,135
2164,135
2165,135
2166,135
2167,135
2168,135
2169,135
2170,135
2171,135
2172,135
2173,135
2174,135
2175,135
2176,135
2177,135
2178,135
2179,135
2180,135
2181,135
2182,135
2183,135
2184,135
2185,135
2186,135
2187,135
2188,135
2189,135
2190,135
2191,135
2192,135
2193,135
2194,135
2195,135
2196,135
2197,135
2198,135
2199,135
2200,135
2201,135
2202,135
2203,135
2204,135
2205,135
2206,135
2207,135
2208,135
2209,135
2210,135
2211,135
2212,135
2213,135
2214,135
2215,135
2216,135
2217,135
2218,135
2219,135
2220,135
2221,135
2222,135
2223,135
2224,135
2225,135
2226,135
2227,135
2228,135
2229,135
2230,135
2231,135
2232,135
2233,135
2234,135
2235,135
2236,135
2237,135
2238,135
2239,135
2240,135
2241,135
2242,135
2243,135
2244,135
2245,135
2246,135
2247,135
2248,135
2249,135
2250,135
2251,135
2252,135
2253,135
2254,135
2255,135
2256,135
2257,135
2258,135
2259,135
2260,135
2261,135
2262,135
2263,135
2264,135
2265,135
2266,135
2267,135
2268,135
2269,135
2270,135
2271,135
2272,135
2273,135
2274,135
2275,135
2276,135
2277,135
2278,135
2279,135
2280,135
2281,135
2282,135
2283,135
2284,135
2285,135
2286,135
2287,135
2288,135
2289,135
2290,135
2291,135
2292,135
2293,135
2294,135
2295,135
2296,135
2297,135
2298,135
2299,135
2300,135
2301,135
2302,135
2303,135
2304,135
2305,135
2306,135
2307,135
2308,135
2309,135
2310,135
2311,135
2312,135
2313,135
2314,135
2315,135
2316,135
2317,135
2318,135
2319,135
2320,135
2321,135
2322,135
2323,135
2324,135
2325,135
2326,135
2327,135
2328,135
2329,135
2330,135
2331,135
2332,135
2333,135
2334,135
2335,135
2336,135
2337,135
2338,135
2339,135
2340,135
2341,135
2342,135
2343,135
2344,135
2345,135
2346,135
2347,135
2348,135
2349,135
2350,135
2351,135
2352,135
2353,135
2354,135
2355,135
2356,135
2357,135
2358,135
2359,135
2360,135
2361,135
2362,135
2363,135
2364,135
2365,135
2366,135
2367,135
2368,135
2369,135
2370,135
2371,135
2372,135
2373,135
2374,135
2375,135
2376,135
2377,135
2378,135
2379,135
2380,135
2381,135
2382,135
2383,135
2384,135
2385,135
2386,135
2387,135
2388,135
2389,135
2390,135
2391,135
2392,135
2393,135
2394,135
2395,135
2396,135
2397,135
2398,135
2399,135
2400,135
2401,135
2402,135
2403,135
2404,135
2405,135
2406,135
2407,135
2408,135
2409,135
2410,135
2411,135
2412,135
2413,135
2414,135
2415,135
2416,135
2417,135
2418,135
2419,135
2420,135
2421,135
2422,135
2423,135
2424,135
2425,135
2426,135
2427,135
2428,135
2429,135
2430,135
2431,135
2432,135
2433,135
2434,135
2435,135
2436,135
2437,135
2438,135
2439,135
2440,135
2441,135
2442,135
2443,135
2444,135
2445,135
2446,135
2447,135
2448,135
2449,135
2450,135
2451,135
2452,135
2453,135
2454,135
2455,135
2456,135
2457,135
2458,135
2459,135
2460,135
2461,135
2462,135
2463,135
2464,135
2465,135
2466,135
2467,135
2468,135
2469,135
2470,135
2471,135
2472,135
2473,135
2474,135
2475,135
2476,135
2477,135
2478,135
2479,135
2480,135
2481,135
2482,135
2483,135
2484,135
2485,135
2486,135
2487,135
2488,135
2489,135
2490,135
2491,135
2492,135
2493,135
2494,135
2495,135
2496,135
2497,135
2498,135
2499,135
2500,135
2501,135
2502,135
2503,135
2504,135
2505,135
2506,135
2507,135
2508,135
2509,135
2510,135
2511,135
2512,135
2513,135
2514,135
2515,135
2516,135
2517,135
2518,135
2519,135
2520,135
2521,135
2522,135
2523,135
2524,135
2525,135
2526,135
2527,135
2528,135
2529,135
2530,135
2531,135
2532,135
2533,135
2534,135
2535,135
2536,135
2537,135
2538,135
2539,135
2540,135
2541,135
2542,135
2543,135
2544,135
2545,135
2546,135
2547,135
2548,135
2549,135
2550,135
2551,135
2552,135
2553,135
2554,135
2555,135
2556,135
2557,135
2558,135
2559,135
2560,135
2561,135
2562,135
2563,135
2564,135
2565,135
2566,135
2567,135
2568,135
2569,135
2570,135
2571,135
2572,135
2573,135
2574,135
2575,135
2576,135
2577,135
2578,135
2579,135
2580,135
2581,135
2582,135
2583,135
2584,135
2585,135
2586,135
2587,135
2588,135
2589,135
2590,135
2591,135
2592,135
2593,135
2594,135
2595,135
2596,135
2597,135
2598,135
2599,135
2600,135
2601,135
2602,135
2603,135
2604,135
2605,135
2606,135
2607,135
2608,135
2609,135
2610,135
2611,135
2612,135
2613,135
2614,135
2615,135
2616,135
2617,135
2618,135
2619,135
2620,135
2621,135
2622,135
2623,135
2624,135
2625,135
2626,135
2627,135
2628,135
2629,135
2630,135
2631,135
2632,135
2633,135
2634,135
2635,135
2636,135
2637,135
2638,135
2639,135
2640,135
2641,135
2642,135
2643,135
2644,135
2645,135
2646,135
2647,135
2648,135
2649,135
2650,135
2651,135
2652,135
2653,135
2654,135
2655,135
2656,135
2657,135
2658,135
2659,135
2660,135
2661,135
2662,135
2663,135
2664,135
2665,135
2666,135
2667,135
2668,135
2669,135
2670,135
2671,135
2672,135
2673,135
2674,135
2675,135
2676,135
2677,135
2678,135
2679,135
2680,135
2681,135
2682,135
2683,135
2684,135
2685,135
2686,135
2687,135
2688,135
2689,135
2690,135
2691,135
2692,135
2693,135
2694,135
2695,135
2696,135
2697,135
2698,135
2699,135
2700,135
2701,135
2702,135
2703,135
2704,135
2705,135
2706,135
2707,135
2708,135
2709,135
2710,135
2711,135
2712,135
2713,135
2714,135
2715,135
2716,135
2717,135
2718,135
2719,135
2720,135
2721,135
2722,135
2723,135
2724,135
2725,135
2726,135
2727,135
2728,135
2729,135
2730,135
2731,135
2732,135
2733,135
2734,135
2735,135
2736,135
2737,135
2738,135
2739,135
2740,135
2741,135
2742,135
2743,135
2744,135
2745,135
2746,135
2747,135
2748,135
2749,135
2750,135
2751,135
2752,135
2753,135
2754,135
2755,135
2756,135
2757,135
2758,135
2759,135
2760,135
2761,135
2762,135
2763,135
2764,135
2765,135
2766,135
2767,135
2768,135
2769,135
2770,135
2771,135
2772,135
2773,135
2774,135
2775,135
2776,135
2777,135
2778,135
2779,135
2780,135
2781,135
2782,135
2783,135
2784,135
2785,135
2786,135
2787,135
2788,135
2789,135
2790,135
2791,135
2792,135
2793,135
2794,135
2795,135
2796,135
2797,135
2798,135
2799,135
2800,135
2801,135
2802,135
2803,135
2804,135
2805,135
2806,135
2807,135
2808,135
2809,135
2810,135
2811,135
2812,135
2813,135
2814,135
2815,135
2816,135
2817,135
2818,135
2819,135
2820,135
2821,135
2822,135
2823,135
2824,135
2825,135
2826,135
2827,135
2828,135
2829,135
2830,135
2831,135
2832,135
2833,135
2834,135
2835,135
2836,135
2837,135
2838,135
2839,135
2840,135
2841,135
2842,135
2843,135
2844,135
2845,135
2846,135
2847,135
2848,135
2849,135
2850,135
2851,135
2852,135
2853,135
2854,135
2855,135
2856,135
2857,135
2858,135
2859,135
2860,135
2861,135
2862,135
2863,135
2864,135
2865,135
2866,135
2867,135
2868,135
2869,135
2870,135
2871,135
2872,135
2873,135
2874,135
2875,135
2876,135
2877,135
2878,135
2879,135
2880,135
2881,135
2882,135
2883,135
2884,135
2885,135
2886,135
2887,135
2888,135
2889,135
2890,136
2891,137
2892,137
2893,137
2894,137
2895,137
2896,137
2897,137
2898,137
2899,137
2900,137
2901,137
2902,137
2903,137
2904,137
2905,137
2906,137
2907,137
2908,137
2909,137
2910,137
2911,137
2912,137
2913,137
2914,137
2915,137
2916,137
2917,137
2918,137
2919,137
2920,137
2921,137
2922,137
2923,137
2924,137
2925,137
2926,137
2927,137
2928,137
2929,137
2930,137
2931,137
2932,137
2933,137
2934,137
2935,137
2936,137
2937,137
2938,137
2939,137
2940,137
2941,137
2942,137
2943,137
2944,137
2945,137
2946,137
2947,137
2948,137
2949,137
2950,137
2951,137
2952,137
2953,137
2954,137
2955,137
2956,137
2957,137
2958,137
2959,137
2960,137
2961,137
2962,137
2963,137
2964,137
2965,137
2966,137
2967,137
2968,137
2969,137
2970,137
2971,137
2972,137
2973,137
2974,137
2975,137
2976,137
2977,137
2978,137
2979,137
2980,137
2981,137
2982,137
2983,137
2984,137
2985,137
2986,137
2987,137
2988,137
2989,137
2990,137
2991,137
2992,137
2993,137
2994,137
2995,137
2996,137
2997,137
2998,137
2999,137
3000,137
3001,137
3002,137
3003,137
3004,137
3005,137
3006,137
3007,137
3008,137
3009,137
3010,137
3011,137
3012,137
3013,137
3014,137
3015,137
3016,137
3017,137
3018,137
3019,137
3020,137
3021,137
3022,137
3023,137
3024,137
3025,137
3026,137
3027,137
3028,137
3029,137
3030,137
3031,137
3032,137
3033,137
3034,137
3035,137
3036,137
3037,137
3038,137
3039,137
3040,137
3041,137
3042,138
3043,139
3044,140
3045,140
3046,140
3047,140
3048,141
3049,141
3050,141
3051,141
3052,141
3053,141
3054,141
3055,141
3056,141
3057,141
3058,141
3059,141
3060,141
3061,141
3062,141
3063,141
3064,141
3065,141
3066,141
3067,141
3068,141
3069,141
3070,141
3071,141
3072,141
3073,141
3074,141
3075,141
3076,141
3077,141
3078,141
3079,141
3080,141
3081,141
3082,141
3083,141
3084,141
3085,141
3086,141
3087,141
3088,141
3089,141
3090,141
3091,141
3092,141
3093,141
3094,141
3095,141
3096,141
3097,141
3098,141
3099,141
3100,141
3101,141
3102,141
3103,142
3104,143
3105,143
3106,143
3107,143
3108,143
3109,143
3110,143
3111,143
3112,143
3113,143
3114,143
3115,143
3116,143
3117,143
3118,143
3119,143
3120,143
3121,143
3122,143
3123,143
3124,143
3125,143
3126,143
3127,143
3128,143
3129,143
3130,143
3131,143
3132,143
3133,143
3134,143
3135,143
3136,143
3137,143
3138,143
3139,143
3140,143
3141,143
3142,143
3143,143
3144,143
3145,143
3146,143
3147,143
3148,143
3149,143
3150,143
3151,143
3152,143
3153,143
3154,143
3155,143
3156,143
3157,143
3158,143
3159,143
3160,143
3161,143
3162,143
3163,143
3164,143
3165,143
3166,143
3167,143
3168,143
3169,143
3170,143
3171,143
3172,143
3173,143
3174,143
3175,143
3176,143
3177,143
3178,143
3179,143
3180,143
3181,143
3182,143
3183,143
3184,143
3185,143
3186,143
3187,143
3188,143
3189,143
3190,143
3191,143
3192,143
3193,143
3194,143
3195,143
3196,143
3197,143
3198,143
3199,143
3200,143
3201,143
3202,143
3203,143
3204,143
3205,143
3206,143
3207,143
3208,143
3209,143
3210,143
3211,143
3212,143
3213,143
3214,143
3215,143
3216,143
3217,143
3218,143
3219,143
3220,143
3221,143
3222,143
3223,143
3224,143
3225,143
3226,143
3227,143
3228,143
3229,143
3230,143
3231,143
3232,143
3233,143
3234,143
3235,143
3236,143
3237,143
3238,143
3239,143
3240,143
3241,143
3242,143
3243,143
3244,143
3245,143
3246,143
3247,143
3248,143
3249,143
3250,143
3251,143
3252,143
3253,143
3254,143
3255,143
3256,143
3257,143
3258,143
3259,143
3260,143
3261,143
3262,143
3263,143
3264,143
3265,143
3266,143
3267,143
3268,143
3269,143
3270,143
3271,143
3272,143
3273,143
3274,143
3275,143
3276,143
3277,143
3278,143
3279,143
3280,143
3281,143
3282,143
3283,143
3284,143
3285,143
3286,143
3287,143
3288,143
3289,143
3290,143
3291,143
3292,143
3293,143
3294,143
3295,143
3296,143
3297,143
3298,143
3299,143
3300,143
3301,143
3302,143
3303,143
3304,143
3305,143
3306,143
3307,143
3308,143
3309,143
3310,143
3311,143
3312,143
3313,143
3314,143
3315,143
3316,143
3317,143
3318,143
3319,143
3320,143
3321,143
3322,143
3323,143
3324,143
3325,143
3326,143
3327,143
3328,143
3329,144
3330,144
3331,144
3332,144
3333,144
3334,144
3335,144
3336,144
3337,144
3338,144
3339,144
3340,144
3341,144
3342,144
3343,144
3344,144
3345,144
3346,144
3347,144
3348,144
3349,144
3350,144
3351,144
3352,144
3353,144
3354,144
3355,144
3356,144
3357,144
3358,144
3359,144
3360,144
3361,144
3362,144
3363,144
3364,144
3365,144
3366,144
3367,144
3368,144
3369,144
3370,144
3371,144
3372,144
3373,144
3374,144
3375,144
3376,144
3377,144
3378,144
3379,144
3380,144
3381,144
3382,144
3383,144
3384,144
3385,144
3386,144
3387,144
3388,144
3389,144
3390,144
3391,144
3392,144
3393,144
3394,144
3395,144
3396,144
3397,144
3398,144
3399,144
3400,144
3401,144
3402,144
3403,144
3404,144
3405,144
3406,144
3407,144
3408,144
3409,144
3410,144
3411,144
3412,144
3413,144
3414,144
3415,144
3416,144
3417,144
3418,144
3419,144
3420,144
3421,144
3422,144
3423,144
3424,144
3425,144
3426,144
3427,144
3428,144
3429,144
3430,144
3431,144
3432,144
3433,144
3434,144
3435,144
3436,144
3437,144
3438,144
3439,144
3440,144
3441,144
3442,144
3443,144
3444,144
3445,144
3446,144
3447,144
3448,144
3449,144
3450,144
3451,144
3452,144
3453,144
3454,144
3455,144
3456,144
3457,144
3458,144
3459,144
3460,144
3461,144
3462,144
3463,144
3464,144
3465,144
3466,144
3467,144
3468,144
3469,144
3470,144
3471,144
3472,144
3473,144
3474,144
3475,144
3476,144
3477,144
3478,144
3479,144
3480,144
3481,144
3482,144
3483,144
3484,144
3485,144
3486,144
3487,144
3488,144
3489,144
3490,144
3491,144
3492,144
3493,144
3494,144
3495,144
3496,144
3497,144
3498,144
3499,144
3500,144
3501,144
3502,144
3503,144
3504,144
3505,144
3506,144
3507,144
3508,144
3509,144
3510,144
3511,144
3512,144
3513,144
3514,144
3515,144
3516,144
3517,144
3518,144
3519,144
3520,144
3521,144
3522,144
3523,144
3524,144
3525,144
3526,144
3527,144
3528,144
3529,144
3530,144
3531,144
3532,144
3533,144
3534,144
3535,144
3536,144
3537,144
3538,144
3539,144
3540,144
3541,144
3542,144
3543,144
3544,144
3545,144
3546,144
3547,144
3548,144
3549,144
3550,144
3551,144
3552,144
3553,144
3554,144
3555,144
3556,144
3557,144
3558,144
3559,144
3560,144
3561,144
3562,144
3563,144
3564,144
3565,144
3566,144
3567,144
3568,144
3569,144
3570,144
3571,144
3572,144
3573,144
3574,144
3575,144
3576,144
3577,144
3578,144
3579,144
3580,144
3581,144
3582,144
3583,144
3584,144
3585,144
3586,144
3587,144
3588,144
3589,144
3590,144
3591,144
3592,144
3593,144
3594,144
3595,144
3596,144
3597,144
3598,144
3599,144
3600,144
3601,144
3602,144
3603,144
3604,144
3605,144
3606,144
3607,144
3608,144
3609,144
3610,144
3611,144
3612,144
3613,144
3614,144
3615,144
3616,144
3617,144
3618,144
3619,144
3620,144
3621,144
3622,144
3623,144
3624,144
3625,144
3626,144
3627,144
3628,144
3629,144
3630,144
3631,144
3632,144
3633,144
3634,144
3635,144
3636,144
3637,144
3638,144
3639,144
3640,144
3641,144
3642,144
3643,144
3644,144
3645,144
3646,144
3647,144
3648,144
3649,144
3650,144
3651,144
3652,144
3653,144
3654,144
3655,144
3656,144
3657,144
3658,144
3659,144
3660,144
3661,144
3662,144
3663,144
3664,144
3665,144
3666,144
3667,144
3668,144
3669,144
3670,144
3671,144
3672,144
3673,144
3674,144
3675,144
3676,144
3677,144
3678,144
3679,144
3680,144
3681,144
3682,144
3683,144
3684,144
3685,144
3686,144
3687,144
3688,144
3689,144
3690,144
3691,144
3692,144
3693,144
3694,144
3695,144
3696,144
3697,144
3698,144
3699,144
3700,144
3701,144
3702,144
3703,144
3704,144
3705,144
3706,144
3707,144
3708,144
3709,144
3710,144
3711,144
3712,144
3713,144
3714,144
3715,144
3716,144
3717,144
3718,144
3719,144
3720,144
3721,144
3722,144
3723,144
3724,144
3725,144
3726,144
3727,144
3728,144
3729,144
3730,144
3731,144
3732,144
3733,144
3734,144
3735,144
3736,144
3737,144
3738,144
3739,144
3740,144
3741,144
3742,144
3743,144
3744,144
3745,144
3746,144
3747,144
3748,144
3749,144
3750,144
3751,144
3752,144
3753,144
3754,144
3755,144
3756,144
3757,144
3758,144
3759,144
3760,144
3761,144
3762,144
3763,144
3764,144
3765,144
3766,144
3767,144
3768,144
3769,144
3770,144
3771,144
3772,144
3773,144
3774,144
3775,144
3776,144
3777,144
3778,144
3779,144
3780,144
3781,144
3782,144
3783,144
3784,144
3785,144
3786,144
3787,144
3788,144
3789,144
3790,144
3791,144
3792,144
3793,144
3794,144
3795,144
3796,144
3797,144
3798,144
3799,144
3800,144
3801,144
3802,144
3803,144
3804,144
3805,144
3806,144
3807,144
3808,144
3809,144
3810,144
3811,144
3812,144
3813,144
3814,144
3815,144
3816,144
3817,144
3818,144
3819,144
3820,144
3821,144
3822,144
3823,144
3824,144
3825,144
3826,144
3827,144
3828,144
3829,144
3830,144
3831,144
3832,144
3833,144
3834,144
3835,144
3836,144
3837,144
3838,144
3839,144
3840,144
3841,144
3842,144
3843,144
3844,144
3845,144
3846,144
3847,144
3848,144
3849,144
3850,144
3851,144
3852,144
3853,144
3854,144
3855,144
3856,144
3857,144
3858,144
3859,144
3860,144
3861,144
3862,144
3863,144
3864,144
3865,144
3866,144
3867,144
3868,144
3869,144
3870,144
3871,144
3872,144
3873,144
3874,144
3875,144
3876,144
3877,144
3878,144
3879,144
3880,144
3881,144
3882,144
3883,144
3884,144
3885,144
3886,144
3887,144
3888,144
3889,144
3890,144
3891,144
3892,144
3893,144
3894,144
3895,144
3896,144
3897,144
3898,144
3899,144
3900,144
3901,144
3902,144
3903,144
3904,144
3905,144
3906,144
3907,144
3908,144
3909,144
3910,144
3911,144
3912,144
3913,144
3914,144
3915,144
3916,144
3917,144
3918,144
3919,144
3920,144
3921,144
3922,144
3923,144
3924,144
3925,144
3926,144
3927,144
3928,144
3929,144
3930,144
3931,144
3932,144
3933,144
3934,144
3935,144
3936,144
3937,144
3938,144
3939,144
3940,144
3941,144
3942,144
3943,144
3944,144
3945,144
3946,144
3947,144
3948,144
3949,144
3950,144
3951,144
3952,144
3953,144
3954,144
3955,144
3956,144
3957,144
3958,144
3959,144
3960,144
3961,144
3962,144
3963,144
3964,144
3965,144
3966,144
3967,144
3968,144
3969,144
3970,144
3971,144
3972,144
3973,144
3974,144
3975,144
3976,144
3977,144
3978,144
3979,144
3980,144
3981,144
3982,144
3983,144
3984,144
3985,144
3986,144
3987,144
3988,144
3989,144
3990,144
3991,144
3992,144
3993,144
3994,144
3995,144
3996,144
3997,144
3998,144
3999,144
4000,144
4001,144
4002,144
4003,144
4004,144
4005,144
4006,144
4007,144
4008,144
4009,144
4010,144
4011,144
4012,144
4013,144
4014,144
4015,144
4016,144
4017,144
4018,144
4019,144
4020,144
4021,144
4022,144
4023,144
4024,144
4025,144
4026,144
4027,144
4028,144
4029,144
4030,144
4031,144
4032,144
4033,144
4034,144
4035,144
4036,144
4037,144
4038,144
4039,144
4040,144
4041,144
4042,144
4043,144
4044,144
4045,144
4046,144
4047,144
4048,144
4049,144
4050,144
4051,144
4052,144
4053,144
4054,144
4055,144
4056,144
4057,144
4058,144
4059,144
4060,144
4061,144
4062,144
4063,144
4064,144
4065,144
4066,144
4067,144
4068,144
4069,144
4070,144
4071,144
4072,144
4073,144
4074,144
4075,144
4076,144
4077,144
4078,144
4079,144
4080,144
4081,144
4082,144
4083,144
4084,144
4085,144
4086,144
4087,144
4088,144
4089,144
4090,144
4091,144
4092,144
4093,144
4094,144
4095,144
4096,144
4097,144
4098,144
4099,144
4100,144
4101,144
4102,144
4103,144
4104,144
4105,144
4106,144
4107,144
4108,144
4109,144
4110,144
4111,144
4112,144
4113,144
4114,144
4115,144
4116,144
4117,144
4118,144
4119,144
4120,144
4121,144
4122,144
4123,144
4124,144
4125,144
4126,144
4127,144
4128,144
4129,144
4130,144
4131,144
4132,144
4133,144
4134,144
4135,144
4136,144
4137,144
4138,144
4139,144
4140,144
4141,144
4142,144
4143,144
4144,144
4145,144
4146,144
4147,144
4148,144
4149,144
4150,144
4151,144
4152,144
4153,144
4154,144
4155,144
4156,144
4157,144
4158,144
4159,144
4160,144
4161,144
4162,144
4163,144
4164,144
4165,144
4166,144
4167,144
4168,144
4169,144
4170,144
4171,144
4172,144
4173,144
4174,144
4175,144
4176,144
4177,144
4178,144
4179,144
4180,144
4181,144
4182,144
4183,144
4184,144
4185,144
4186,144
4187,144
4188,144
4189,144
4190,144
4191,144
4192,144
4193,144
4194,144
4195,144
4196,144
4197,144
4198,144
4199,144
4200,144
4201,144
4202,144
4203,144
4204,144
4205,144
4206,144
4207,144
4208,144
4209,144
4210,144
4211,144
4212,144
4213,144
4214,144
4215,144
4216,144
4217,144
4218,144
4219,144
4220,144
4221,144
4222,144
4223,144
4224,144
4225,144
4226,144
4227,144
4228,144
4229,144
4230,144
4231,144
4232,144
4233,144
4234,144
4235,144
4236,144
4237,144
4238,144
4239,144
4240,144
4241,144
4242,144
4243,144
4244,144
4245,144
4246,144
4247,144
4248,144
4249,144
4250,144
4251,144
4252,144
4253,144
4254,144
4255,144
4256,144
4257,144
4258,144
4259,144
4260,144
4261,144
4262,144
4263,144
4264,144
4265,144
4266,144
4267,144
4268,144
4269,144
4270,144
4271,144
4272,144
4273,144
4274,144
4275,144
4276,144
4277,144
4278,144
4279,144
4280,144
4281,144
4282,144
4283,144
4284,144
4285,144
4286,144
4287,144
4288,144
4289,144
4290,144
4291,144
4292,144
4293,144
4294,144
4295,144
4296,144
4297,144
4298,144
4299,144
4300,144
4301,144
4302,144
4303,144
4304,144
4305,144
4306,144
4307,144
4308,144
4309,144
4310,144
4311,144
4312,144
4313,144
4314,144
4315,144
4316,144
4317,144
4318,144
4319,144
4320,144
4321,144
4322,144
4323,144
4324,144
4325,144
4326,144
4327,144
4328,144
4329,144
4330,144
4331,144
4332,144
4333,144
4334,144
4335,144
4336,144
4337,144
4338,144
4339,144
4340,144
4341,144
4342,144
4343,144
4344,144
4345,144
4346,144
4347,144
4348,144
4349,144
4350,144
4351,144
4352,144
4353,144
4354,144
4355,144
4356,144
4357,144
4358,144
4359,144
4360,144
4361,144
4362,144
4363,144
4364,144
4365,144
4366,144
4367,144
4368,144
4369,144
4370,144
4371,144
4372,144
4373,144
4374,144
4375,144
4376,144
4377,144
4378,144
4379,144
4380,144
4381,144
4382,144
4383,144
4384,144
4385,144
4386,144
4387,144
4388,144
4389,144
4390,144
4391,144
4392,144
4393,144
4394,144
4395,144
4396,144
4397,144
4398,144
4399,144
4400,144
4401,144
4402,144
4403,144
4404,144
4405,144
4406,144
4407,144
4408,144
4409,144
4410,144
4411,144
4412,144
4413,144
4414,144
4415,144
4416,144
4417,144
4418,144
4419,144
4420,144
4421,144
4422,144
4423,144
4424,144
4425,144
4426,144
4427,144
4428,144
4429,144
4430,144
4431,144
4432,144
4433,144
4434,144
4435,144
4436,144
4437,144
4438,144
4439,144
4440,144
4441,144
4442,144
4443,144
4444,144
4445,144
4446,144
4447,144
4448,144
4449,144
4450,144
4451,144
4452,144
4453,144
4454,144
4455,144
4456,144
4457,144
4458,144
4459,144
4460,144
4461,144
4462,144
4463,144
4464,144
4465,144
4466,144
4467,144
4468,144
4469,144
4470,144
4471,144
4472,144
4473,144
4474,144
4475,144
4476,144
4477,144
4478,144
4479,144
4480,144
4481,144
4482,144
4483,144
4484,144
4485,144
4486,144
4487,144
4488,144
4489,144
4490,144
4491,144
4492,144
4493,144
4494,144
4495,144
4496,144
4497,144
4498,144
4499,144
4500,144
4501,144
4502,144
4503,144
4504,144
4505,144
4506,144
4507,144
4508,144
4509,144
4510,144
4511,144
4512,144
4513,144
4514,144
4515,144
4516,144
4517,144
4518,144
4519,144
4520,144
4521,144
4522,144
4523,144
4524,144
4525,144
4526,144
4527,144
4528,144
4529,144
4530,144
4531,144
4532,144
4533,144
4534,144
4535,144
4536,144
4537,144
4538,144
4539,144
4540,144
4541,144
4542,144
4543,144
4544,144
4545,144
4546,144
4547,144
4548,144
4549,144
4550,144
4551,144
4552,144
4553,144
4554,144
4555,144
4556,144
4557,144
4558,144
4559,144
4560,144
4561,144
4562,144
4563,144
4564,144
4565,144
4566,144
4567,144
4568,144
4569,144
4570,144
4571,144
4572,144
4573,144
4574,144
4575,144
4576,144
4577,144
4578,144
4579,144
4580,144
4581,144
4582,144
4583,144
4584,144
4585,144
4586,144
4587,144
4588,144
4589,144
4590,144
4591,144
4592,144
4593,144
4594,144
4595,144
4596,144
4597,144
4598,144
4599,144
4600,144
4601,144
4602,144
4603,144
4604,144
4605,144
4606,144
4607,144
4608,144
4609,144
4610,144
4611,144
4612,144
4613,144
4614,144
4615,144
4616,144
4617,144
4618,144
4619,144
4620,144
4621,144
4622,144
4623,144
4624,144
4625,144
4626,144
4627,144
4628,144
4629,144
4630,144
4631,144
4632,144
4633,144
4634,144
4635,144
4636,144
4637,144
4638,144
4639,144
4640,144
4641,144
4642,144
4643,144
4644,144
4645,144
4646,144
4647,144
4648,144
4649,144
4650,144
4651,144
4652,144
4653,144
4654,144
4655,144
4656,144
4657,144
4658,144
4659,144
4660,144
4661,144
4662,144
4663,144
4664,144
4665,144
4666,144
4667,144
4668,144
4669,144
4670,144
4671,144
4672,144
4673,144
4674,144
4675,144
4676,144
4677,144
4678,144
4679,144
4680,144
4681,144
4682,144
4683,144
4684,144
4685,144
4686,144
4687,144
4688,144
4689,144
4690,144
4691,144
4692,144
4693,144
4694,144
4695,144
4696,144
4697,144
4698,144
4699,144
4700,144
4701,144
4702,144
4703,144
4704,144
4705,144
4706,144
4707,144
4708,144
4709,144
4710,144
4711,144
4712,144
4713,144
4714,144
4715,144
4716,144
4717,144
4718,144
4719,144
4720,144
4721,144
4722,144
4723,144
4724,144
4725,144
4726,144
4727,144
4728,144
4729,144
4730,144
4731,144
4732,144
4733,144
4734,144
4735,144
4736,144
4737,144
4738,144
4739,144
4740,144
4741,144
4742,144
4743,144
4744,144
4745,144
4746,144
4747,144
4748,144
4749,144
4750,144
4751,144
4752,144
4753,144
4754,144
4755,144
4756,144
4757,144
4758,144
4759,144
4760,144
4761,144
4762,144
4763,144
4764,144
4765,144
4766,144
4767,144
4768,144
4769,144
4770,144
4771,144
4772,144
4773,144
4774,144
4775,144
4776,144
4777,144
4778,144
4779,144
4780,144
4781,144
4782,144
4783,144
4784,144
4785,144
4786,144
4787,144
4788,144
4789,144
4790,144
4791,144
4792,144
4793,144
4794,144
4795,144
4796,144
4797,144
4798,144
4799,144
4800,144
4801,144
4802,144
4803,144
4804,144
4805,144
4806,144
4807,144
4808,144
4809,144
4810,144
4811,144
4812,144
4813,144
4814,144
4815,144
4816,144
4817,144
4818,144
4819,144
4820,144
4821,144
4822,144
4823,144
4824,144
4825,144
4826,144
4827,144
4828,144
4829,144
4830,144
4831,144
4832,144
4833,144
4834,144
4835,144
4836,144
4837,144
4838,144
4839,144
4840,144
4841,144
4842,144
4843,144
4844,144
4845,144
4846,144
4847,144
4848,144
4849,144
4850,144
4851,144
4852,144
4853,144
4854,144
4855,144
4856,144
4857,144
4858,144
4859,144
4860,144
4861,144
4862,144
4863,144
4864,144
4865,144
4866,144
4867,144
4868,144
4869,144
4870,144
4871,144
4872,144
4873,144
4874,144
4875,144
4876,144
4877,144
4878,144
4879,144
4880,144
4881,144
4882,144
4883,144
4884,144
4885,144
4886,144
4887,144
4888,144
4889,144
4890,144
4891,144
4892,144
4893,144
4894,144
4895,144
4896,144
4897,144
4898,144
4899,144
4900,144
4901,144
4902,144
4903,144
4904,144
4905,144
4906,144
4907,144
4908,144
4909,144
4910,144
4911,144
4912,144
4913,144
4914,144
4915,144
4916,144
4917,144
4918,144
4919,144
4920,144
4921,144
4922,144
4923,144
4924,144
4925,144
4926,144
4927,144
4928,144
4929,144
4930,144
4931,144
4932,144
4933,144
4934,144
4935,144
4936,144
4937,144
4938,144
4939,144
4940,144
4941,144
4942,144
4943,144
4944,144
4945,144
4946,144
4947,144
4948,144
4949,144
4950,144
4951,144
4952,144
4953,144
4954,144
4955,144
4956,144
4957,144
4958,144
4959,144
4960,144
4961,144
4962,144
4963,144
4964,144
4965,144
4966,144
4967,144
4968,144
4969,144
4970,144
4971,144
4972,144
4973,144
4974,144
4975,144
4976,144
4977,144
4978,144
4979,144
4980,144
4981,144
4982,144
4983,144
4984,144
4985,144
4986,144
4987,144
4988,144
4989,144
4990,144
4991,144
4992,144
4993,144
4994,144
4995,144
4996,144
4997,144
4998,144
4999,144
5000,144
5001,144
5002,144
5003,144
5004,144
5005,144
5006,144
5007,144
5008,144
5009,144
5010,144
5011,144
5012,144
5013,144
5014,144
5015,144
5016,144
5017,144
5018,144
5019,144
5020,144
5021,144
5022,144
5023,144
5024,144
5025,144
5026,144
5027,144
5028,144
5029,144
5030,144
5031,144
5032,144
5033,144
5034,144
5035,144
5036,144
5037,144
5038,144
5039,144
5040,144
5041,144
5042,144
5043,144
5044,144
5045,144
5046,144
5047,144
5048,144
5049,144
5050,144
5051,144
5052,144
5053,144
5054,144
5055,144
5056,144
5057,144
5058,144
5059,144
5060,144
5061,144
5062,144
5063,144
5064,144
5065,144
5066,144
5067,144
5068,144
5069,144
5070,144
5071,144
5072,144
5073,144
5074,144
5075,144
5076,144
5077,144
5078,144
5079,144
5080,144
5081,144
5082,144
5083,144
5084,144
5085,144
5086,144
5087,144
5088,144
5089,144
5090,144
5091,144
5092,144
5093,144
5094,144
5095,144
5096,144
5097,144
5098,144
5099,144
5100,144
5101,144
5102,144
5103,144
5104,144
5105,144
5106,144
5107,144
5108,144
5109,144
5110,144
5111,144
5112,144
5113,144
5114,144
5115,144
5116,144
5117,144
5118,144
5119,144
5120,144
5121,144
5122,144
5123,144
5124,144
5125,144
5126,144
5127,144
5128,144
5129,144
5130,144
5131,144
5132,144
5133,144
5134,144
5135,144
5136,144
5137,144
5138,144
5139,144
5140,144
5141,144
5142,144
5143,144
5144,144
5145,144
5146,144
5147,144
5148,144
5149,144
5150,144
5151,144
5152,144
5153,144
5154,144
5155,144
5156,144
5157,144
5158,144
5159,144
5160,144
5161,144
5162,144
5163,144
5164,144
5165,144
5166,144
5167,144
5168,144
5169,144
5170,144
5171,144
5172,144
5173,144
5174,144
5175,144
5176,144
5177,144
5178,144
5179,144
5180,144
5181,144
5182,144
5183,144
5184,144
5185,144
5186,144
5187,144
5188,144
5189,144
5190,144
5191,144
5192,144
5193,144
5194,144
5195,144
5196,144
5197,144
5198,144
5199,144
5200,144
5201,144
5202,144
5203,144
5204,144
5205,144
5206,144
5207,144
5208,144
5209,144
5210,144
5211,144
5212,144
5213,144
5214,144
5215,144
5216,144
5217,144
5218,144
5219,144
5220,144
5221,144
5222,144
5223,144
5224,144
5225,144
5226,144
5227,144
5228,144
5229,144
5230,144
5231,144
5232,144
5233,144
5234,144
5235,144
5236,144
5237,144
5238,144
5239,144
5240,144
5241,144
5242,144
5243,144
5244,144
5245,144
5246,144
5247,144
5248,144
5249,144
5250,144
5251,144
5252,144
5253,144
5254,144
5255,144
5256,144
5257,144
5258,144
5259,144
5260,144
5261,144
5262,144
5263,144
5264,144
5265,144
5266,144
5267,144
5268,144
5269,144
5270,144
5271,144
5272,144
5273,144
5274,144
5275,144
5276,144
5277,144
5278,144
5279,144
5280,144
5281,144
5282,144
5283,144
5284,144
5285,144
5286,144
5287,144
5288,144
5289,144
5290,144
5291,144
5292,144
5293,144
5294,144
5295,144
5296,144
5297,144
5298,144
5299,144
5300,144
5301,144
5302,144
5303,144
5304,144
5305,144
5306,144
5307,144
5308,144
5309,144
5310,144
5311,144
5312,144
5313,144
5314,144
5315,144
5316,144
5317,144
5318,144
5319,144
5320,144
5321,144
5322,144
5323,144
5324,144
5325,144
5326,144
5327,144
5328,144
5329,144
5330,144
5331,144
5332,144
5333,144
5334,144
5335,144
5336,144
5337,144
5338,144
5339,144
5340,144
5341,144
5342,144
5343,144
5344,144
5345,144
5346,144
5347,144
5348,144
5349,144
5350,144
5351,144
5352,144
5353,144
5354,144
5355,144
5356,144
5357,144
5358,144
5359,144
5360,144
5361,144
5362,144
5363,144
5364,144
5365,144
5366,144
5367,144
5368,144
5369,144
5370,144
5371,144
5372,144
5373,144
5374,144
5375,144
5376,144
5377,144
5378,144
5379,144
5380,144
5381,144
5382,144
5383,144
5384,144
5385,144
5386,144
5387,144
5388,144
5389,144
5390,144
5391,144
5392,144
5393,144
5394,144
5395,144
5396,144
5397,144
5398,144
5399,144
5400,144
5401,144
5402,144
5403,144
5404,144
5405,144
5406,144
5407,144
5408,144
5409,144
5410,144
5411,144
5412,144
5413,144
5414,144
5415,144
5416,144
5417,144
5418,144
5419,144
5420,144
5421,144
5422,144
5423,144
5424,144
5425,144
5426,144
5427,144
5428,144
5429,144
5430,144
5431,144
5432,144
5433,144
5434,144
5435,144
5436,144
5437,144
5438,144
5439,144
5440,144
5441,144
5442,144
5443,144
5444,144
5445,144
5446,144
5447,144
5448,144
5449,144
5450,144
5451,144
5452,144
5453,144
5454,144
5455,144
5456,144
5457,144
5458,144
5459,144
5460,144
5461,144
5462,144
5463,144
5464,144
5465,144
5466,144
5467,144
5468,144
5469,144
5470,144
5471,144
5472,144
5473,144
5474,144
5475,144
5476,144
5477,144
5478,144
5479,144
5480,144
5481,144
5482,144
5483,144
5484,144
5485,144
5486,144
5487,144
5488,144
5489,144
5490,144
5491,144
5492,144
5493,144
5494,144
5495,144
5496,144
5497,144
5498,144
5499,144
5500,144
5501,144
5502,144
5503,144
5504,144
5505,144
5506,144
5507,144
5508,144
5509,144
5510,144
5511,144
5512,144
5513,144
5514,144
5515,144
5516,144
5517,144
5518,144
5519,144
5520,144
5521,144
5522,144
5523,144
5524,144
5525,144
5526,144
5527,144
5528,144
5529,144
5530,144
5531,144
5532,144
5533,144
5534,144
5535,144
5536,144
5537,144
5538,144
5539,144
5540,144
5541,144
5542,144
5543,144
5544,144
5545,144
5546,144
5547,144
5548,144
5549,144
5550,144
5551,144
5552,144
5553,144
5554,144
5555,144
5556,144
5557,144
5558,144
5559,144
5560,144
5561,144
5562,144
5563,144
5564,144
5565,144
5566,144
5567,144
5568,144
5569,144
5570,144
5571,144
5572,144
5573,144
5574,144
5575,144
5576,144
5577,144
5578,144
5579,144
5580,144
5581,144
5582,144
5583,144
5584,144
5585,144
5586,144
5587,144
5588,144
5589,144
5590,144
5591,144
5592,144
5593,144
5594,144
5595,144
5596,144
5597,144
5598,144
5599,144
5600,144
5601,144
5602,144
5603,144
5604,144
5605,144
5606,144
5607,144
5608,144
5609,144
5610,144
5611,144
5612,144
5613,144
5614,144
5615,144
5616,144
5617,144
5618,144
5619,144
5620,144
5621,144
5622,144
5623,144
5624,144
5625,144
5626,144
5627,144
5628,144
5629,144
5630,144
5631,144
5632,144
5633,144
5634,144
5635,144
5636,144
5637,144
5638,144
5639,144
5640,144
5641,144
5642,144
5643,144
5644,144
5645,144
5646,144
5647,144
5648,144
5649,144
5650,144
5651,144
5652,144
5653,144
5654,144
5655,144
5656,144
5657,144
5658,144
5659,144
5660,144
5661,144
5662,144
5663,144
5664,144
5665,144
5666,144
5667,144
5668,144
5669,144
5670,144
5671,144
5672,144
5673,144
5674,144
5675,144
5676,144
5677,144
5678,144
5679,144
5680,144
5681,144
5682,144
5683,144
5684,144
5685,144
5686,144
5687,144
5688,144
5689,144
5690,144
5691,144
5692,144
5693,144
5694,144
5695,144
5696,144
5697,144
5698,144
5699,144
5700,144
5701,144
5702,144
5703,144
5704,144
5705,144
5706,144
5707,144
5708,144
5709,144
5710,144
5711,144
5712,144
5713,144
5714,144
5715,144
5716,144
5717,144
5718,144
5719,144
5720,144
5721,144
5722,144
5723,144
5724,144
5725,144
5726,144
5727,144
5728,144
5729,144
5730,144
5731,144
5732,144
5733,144
5734,144
5735,144
5736,144
5737,144
5738,144
5739,144
5740,144
5741,144
5742,144
5743,144
5744,144
5745,144
5746,144
5747,144
5748,144
5749,144
5750,144
5751,144
5752,144
5753,144
5754,144
5755,144
5756,144
5757,144
5758,144
5759,144
5760,144
5761,144
5762,144
5763,144
5764,144
5765,144
5766,144
5767,144
5768,144
5769,144
5770,144
5771,144
5772,144
5773,144
5774,144
5775,144
5776,144
5777,144
5778,144
5779,144
5780,144
5781,144
5782,144
5783,144
5784,144
5785,144
5786,144
5787,144
5788,144
5789,144
5790,144
5791,144
5792,144
5793,144
5794,144
5795,144
5796,144
5797,144
5798,144
5799,144
5800,144
5801,144
5802,144
5803,144
5804,144
5805,144
5806,144
5807,144
5808,144
5809,144
5810,144
5811,144
5812,144
5813,144
5814,144
5815,144
5816,144
5817,144
5818,144
5819,144
5820,144
5821,144
5822,144
5823,144
5824,144
5825,144
5826,144
5827,144
5828,144
5829,144
5830,144
5831,144
5832,144
5833,144
5834,144
5835,144
5836,144
5837,144
5838,144
5839,144
5840,144
5841,144
5842,144
5843,144
5844,144
5845,144
5846,144
5847,144
5848,144
5849,144
5850,144
5851,144
5852,144
5853,144
5854,144
5855,144
5856,144
5857,144
5858,144
5859,144
5860,144
5861,144
5862,144
5863,144
5864,144
5865,144
5866,144
5867,144
5868,144
5869,144
5870,144
5871,144
5872,144
5873,144
5874,144
5875,144
5876,144
5877,144
5878,144
5879,144
5880,144
5881,144
5882,144
5883,144
5884,144
5885,144
5886,144
5887,144
5888,144
5889,144
5890,144
5891,144
5892,144
5893,144
5894,144
5895,144
5896,144
5897,144
5898,144
5899,144
5900,144
5901,144
5902,144
5903,144
5904,144
5905,144
5906,144
5907,144
5908,144
5909,144
5910,144
5911,144
5912,144
5913,144
5914,144
5915,144
5916,144
5917,144
5918,144
5919,144
5920,144
5921,144
5922,144
5923,144
5924,144
5925,144
5926,144
5927,144
5928,144
5929,144
5930,144
5931,144
5932,144
5933,144
5934,144
5935,144
5936,144
5937,144
5938,144
5939,144
5940,144
5941,144
5942,144
5943,144
5944,144
5945,144
5946,144
5947,144
5948,144
5949,144
5950,144
5951,144
5952,144
5953,144
5954,144
5955,144
5956,144
5957,144
5958,144
5959,144
5960,144
5961,144
5962,144
5963,144
5964,144
5965,144
5966,144
5967,144
5968,144
5969,144
5970,144
5971,144
5972,144
5973,144
5974,144
5975,144
5976,144
5977,144
5978,144
5979,144
5980,144
5981,144
5982,144
5983,144
5984,144
5985,144
5986,144
5987,144
5988,144
5989,144
5990,144
5991,144
5992,144
5993,144
5994,144
5995,144
5996,144
5997,144
5998,144
5999,144
6000,144
6001,144
6002,144
6003,144
6004,144
6005,144
6006,144
6007,144
6008,144
6009,144
6010,144
6011,144
6012,144
6013,144
6014,144
6015,144
6016,144
6017,144
6018,144
6019,144
6020,144
6021,144
6022,144
6023,144
6024,144
6025,144
6026,144
6027,144
6028,144
6029,144
6030,144
6031,144
6032,144
6033,144
6034,144
6035,144
6036,144
6037,144
6038,144
6039,144
6040,144
6041,144
6042,144
6043,144
6044,144
6045,144
6046,144
6047,144
6048,144
6049,144
6050,144
6051,144
6052,144
6053,144
6054,144
6055,144
6056,144
6057,144
6058,144
6059,144
6060,144
6061,144
6062,144
6063,144
6064,144
6065,144
6066,144
6067,144
6068,144
6069,144
6070,144
6071,144
6072,144
6073,144
6074,144
6075,144
6076,144
6077,144
6078,144
6079,144
6080,144
6081,144
6082,144
6083,145
