0,0
1,1
2,2
3,3
4,4
5,5
6,6
7,7
8,8
9,9
10,10
11,11
12,12
13,13
14,14
15,15
16,16
17,17
18,18
19,18
20,19
21,20
22,21
23,22
24,23
25,24
26,25
27,26
28,26
29,27
30,28
31,28
32,29
33,29
34,30
35,31
36,31
37,31
38,31
39,31
40,32
41,32
42,33
43,34
44,35
45,36
46,37
47,38
48,39
49,40
50,41
51,41
52,42
53,43
54,44
55,44
56,44
57,45
58,46
59,47
60,47
61,48
62,48
63,48
64,48
65,48
66,49
67,49
68,49
69,50
70,50
71,51
72,51
73,52
74,53
75,53
76,53
77,53
78,54
79,54
80,54
81,54
82,55
83,56
84,57
85,58
86,59
87,59
88,60
89,60
90,61
91,62
92,63
93,63
94,64
95,64
96,64
97,65
98,65
99,66
100,66
101,67
102,67
103,68
104,69
105,69
106,69
107,69
108,69
109,69
110,69
111,70
112,71
113,71
114,71
115,72
116,73
117,74
118,75
119,76
120,76
121,76
122,76
123,76
124,77
125,77
126,77
127,77
128,77
129,77
130,77
131,77
132,77
133,78
134,79
135,80
136,81
137,82
138,83
139,84
140,84
141,85
142,85
143,85
144,86
145,86
146,86
147,86
148,86
149,86
150,86
151,86
152,87
153,87
154,87
155,87
156,87
157,87
158,87
159,87
160,87
161,87
162,87
163,87
164,87
165,87
166,88
167,88
168,88
169,89
170,89
171,89
172,89
173,89
174,89
175,89
176,89
177,89
178,89
179,89
180,89
181,90
182,90
183,90
184,90
185,90
186,90
187,90
188,91
189,92
190,92
191,92
192,92
193,92
194,92
195,92
196,92
197,92
198,92
199,92
200,92
201,93
202,93
203,93
204,93
205,93
206,93
207,93
208,93
209,93
210,93
211,93
212,93
213,93
214,93
215,93
216,93
217,93
218,94
219,94
220,94
221,94
222,94
223,94
224,94
225,95
226,95
227,95
228,95
229,96
230,96
231,96
232,97
233,97
234,97
235,97
236,97
237,97
238,97
239,97
240,97
241,97
242,97
243,97
244,97
245,97
246,97
247,97
248,97
249,97
250,97
251,97
252,97
253,97
254,97
255,97
256,97
257,97
258,97
259,97
260,97
261,97
262,98
263,98
264,98
265,98
266,98
267,98
268,98
269,98
270,98
271,98
272,98
273,98
274,98
275,98
276,98
277,98
278,98
279,98
280,98
281,98
282,98
283,98
284,98
285,98
286,98
287,98
288,98
289,98
290,98
291,98
292,98
293,98
294,98
295,98
296,98
297,98
298,98
299,98
300,99
301,99
302,100
303,100
304,100
305,100
306,100
307,100
308,100
309,100
310,100
311,100
312,100
313,100
314,100
315,100
316,100
317,100
318,100
319,100
320,100
321,100
322,100
323,100
324,100
325,100
326,100
327,100
328,101
329,101
330,101
331,101
332,101
333,101
334,101
335,101
336,101
337,101
338,101
339,101
340,101
341,101
342,101
343,102
344,102
345,102
346,102
347,102
348,102
349,102
350,102
351,102
352,102
353,102
354,102
355,102
356,102
357,102
358,102
359,102
360,102
361,102
362,102
363,102
364,102
365,102
366,102
367,103
368,103
369,103
370,103
371,103
372,103
373,103
374,103
375,103
376,103
377,103
378,103
379,103
380,103
381,103
382,104
383,104
384,104
385,104
386,105
387,105
388,105
389,106
390,106
391,106
392,106
393,106
394,106
395,106
396,106
397,106
398,106
399,106
400,106
401,106
402,106
403,106
404,106
405,106
406,106
407,106
408,106
409,106
410,106
411,106
412,106
413,107
414,107
415,107
416,107
417,107
418,108
419,108
420,108
421,108
422,108
423,108
424,108
425,108
426,108
427,108
428,108
429,108
430,108
431,108
432,108
433,108
434,108
435,108
436,108
437,108
438,108
439,108
440,108
441,108
442,108
443,108
444,108
445,108
446,108
447,108
448,108
449,108
450,109
451,109
452,109
453,109
454,109
455,110
456,110
457,111
458,111
459,111
460,111
461,111
462,111
463,112
464,112
465,112
466,112
467,112
468,112
469,112
470,112
471,112
472,112
473,112
474,112
475,112
476,112
477,112
478,112
479,112
480,112
481,112
482,112
483,112
484,112
485,112
486,112
487,112
488,112
489,112
490,112
491,112
492,112
493,112
494,112
495,112
496,112
497,112
498,112
499,112
500,112
501,112
502,112
503,113
504,113
505,113
506,113
507,114
508,115
509,115
510,115
511,115
512,115
513,115
514,115
515,115
516,115
517,115
518,115
519,115
520,115
521,115
522,115
523,115
524,115
525,115
526,115
527,115
528,115
529,115
530,115
531,115
532,115
533,115
534,115
535,115
536,115
537,115
538,115
539,115
540,115
541,115
542,115
543,115
544,115
545,115
546,115
547,115
548,115
549,115
550,115
551,115
552,115
553,115
554,115
555,115
556,115
557,115
558,115
559,115
560,115
561,115
562,115
563,115
564,115
565,115
566,115
567,115
568,115
569,115
570,115
571,115
572,115
573,115
574,115
575,115
576,115
577,115
578,115
579,115
580,116
581,116
582,116
583,116
584,116
585,116
586,116
587,116
588,116
589,116
590,116
591,117
592,117
593,117
594,117
595,117
596,117
597,117
598,117
599,117
600,118
601,118
602,118
603,118
604,118
605,118
606,118
607,118
608,118
609,118
610,118
611,118
612,118
613,118
614,118
615,118
616,118
617,118
618,118
619,118
620,118
621,119
622,119
623,119
624,119
625,119
626,119
627,119
628,119
629,119
630,119
631,119
632,119
633,119
634,119
635,119
636,119
637,119
638,119
639,119
640,119
641,119
642,119
643,119
644,119
645,119
646,119
647,119
648,119
649,119
650,119
651,119
652,119
653,119
654,119
655,119
656,119
657,119
658,119
659,119
660,119
661,119
662,119
663,119
664,119
665,119
666,119
667,119
668,119
669,119
670,119
671,119
672,119
673,119
674,119
675,119
676,119
677,119
678,119
679,119
680,120
681,120
682,120
683,120
684,120
685,120
686,120
687,120
688,120
689,120
690,120
691,120
692,120
693,120
694,120
695,120
696,120
697,120
698,120
699,120
700,120
701,120
702,120
703,120
704,120
705,120
706,120
707,120
708,120
709,120
710,120
711,120
712,120
713,120
714,120
715,120
716,120
717,120
718,120
719,120
720,120
721,120
722,120
723,120
724,120
725,120
726,120
727,120
728,120
729,120
730,120
731,121
732,121
733,121
734,121
735,121
736,121
737,121
738,121
739,121
740,121
741,121
742,121
743,121
744,121
745,121
746,121
747,121
748,121
749,121
750,121
751,121
752,121
753,121
754,121
755,121
756,121
757,121
758,121
759,121
760,121
761,121
762,121
763,121
764,121
765,121
766,121
767,121
768,121
769,121
770,121
771,121
772,121
773,121
774,121
775,121
776,121
777,121
778,121
779,121
780,121
781,121
782,121
783,121
784,121
785,121
786,121
787,121
788,121
789,121
790,121
791,121
792,121
793,121
794,121
795,121
796,121
797,121
798,121
799,121
800,121
801,121
802,121
803,121
804,121
805,121
806,121
807,121
808,121
809,121
810,121
811,121
812,121
813,121
814,121
815,121
816,121
817,121
818,121
819,121
820,121
821,121
822,121
823,121
824,121
825,121
826,121
827,121
828,121
829,121
830,121
831,121
832,121
833,121
834,121
835,121
836,121
837,121
838,121
839,121
840,121
841,121
842,121
843,121
844,121
845,121
846,121
847,121
848,121
849,121
850,122
851,122
852,122
853,122
854,122
855,122
856,122
857,122
858,122
859,122
860,122
861,122
862,122
863,122
864,122
865,122
866,122
867,122
868,122
869,122
870,122
871,122
872,122
873,122
874,122
875,122
876,122
877,122
878,122
879,122
880,122
881,122
882,122
883,122
884,122
885,122
886,122
887,122
888,122
889,122
890,122
891,122
892,122
893,122
894,122
895,122
896,122
897,122
898,122
899,122
900,122
901,122
902,122
903,122
904,122
905,122
906,122
907,122
908,122
909,122
910,122
911,122
912,122
913,122
914,122
915,122
916,122
917,122
918,122
919,122
920,122
921,122
922,122
923,122
924,122
925,122
926,122
927,122
928,122
929,122
930,122
931,122
932,122
933,122
934,122
935,122
936,122
937,122
938,122
939,122
940,122
941,122
942,122
943,122
944,122
945,122
946,122
947,122
948,122
949,122
950,122
951,122
952,122
953,122
954,122
955,122
956,122
957,122
958,122
959,122
960,122
961,122
962,122
963,122
964,122
965,122
966,122
967,122
968,122
969,122
970,122
971,122
972,122
973,122
974,122
975,122
976,122
977,122
978,122
979,122
980,122
981,122
982,122
983,122
984,122
985,122
986,122
987,122
988,122
989,122
990,122
991,122
992,122
993,122
994,122
995,122
996,122
997,122
998,122
999,122
1000,123
1001,123
1002,123
1003,123
1004,123
1005,123
1006,123
1007,123
1008,123
1009,123
1010,123
1011,123
1012,123
1013,123
1014,123
1015,123
1016,123
1017,123
1018,123
1019,123
1020,123
1021,123
1022,123
1023,123
1024,123
1025,123
1026,123
1027,123
1028,123
1029,123
1030,123
1031,123
1032,123
1033,123
1034,123
1035,123
1036,123
1037,123
1038,123
1039,123
1040,123
1041,123
1042,123
1043,123
1044,123
1045,123
1046,123
1047,123
1048,123
1049,123
1050,123
1051,123
1052,123
1053,123
1054,123
1055,123
1056,123
1057,123
1058,123
1059,123
1060,123
1061,123
1062,123
1063,123
1064,123
1065,123
1066,123
1067,123
1068,123
1069,123
1070,123
1071,123
1072,123
1073,123
1074,123
1075,123
1076,123
1077,123
1078,123
1079,123
1080,123
1081,123
1082,123
1083,123
1084,123
1085,123
1086,123
1087,124
1088,124
1089,124
1090,124
1091,124
1092,124
1093,124
1094,124
1095,124
1096,124
1097,124
1098,124
1099,124
1100,124
1101,124
1102,124
1103,124
1104,124
1105,124
1106,124
1107,124
1108,124
1109,124
1110,124
1111,124
1112,124
1113,124
1114,124
1115,124
1116,124
1117,124
1118,124
1119,124
1120,124
1121,124
1122,124
1123,124
1124,124
1125,124
1126,124
1127,124
1128,124
1129,124
1130,124
1131,124
1132,124
1133,124
1134,124
1135,124
1136,124
1137,124
1138,124
1139,124
1140,124
1141,124
1142,124
1143,124
1144,124
1145,124
1146,124
1147,124
1148,124
1149,124
1150,124
1151,124
1152,124
1153,124
1154,124
1155,124
1156,124
1157,124
1158,124
1159,124
1160,124
1161,125
1162,125
1163,125
1164,125
1165,125
1166,125
1167,125
1168,125
1169,125
1170,125
1171,125
1172,125
1173,125
1174,125
1175,125
1176,125
1177,125
1178,125
1179,125
1180,125
1181,125
1182,125
1183,125
1184,125
1185,125
1186,125
1187,125
1188,125
1189,125
1190,125
1191,125
1192,125
1193,125
1194,125
1195,125
1196,125
1197,125
1198,125
1199,125
1200,125
1201,125
1202,125
1203,125
1204,125
1205,125
1206,125
1207,125
1208,125
1209,125
1210,125
1211,125
1212,125
1213,125
1214,125
1215,125
1216,125
1217,125
1218,125
1219,125
1220,125
1221,125
1222,125
1223,125
1224,125
1225,125
1226,125
1227,125
1228,125
1229,125
1230,125
1231,125
1232,125
1233,125
1234,125
1235,125
1236,125
1237,125
1238,125
1239,125
1240,125
1241,125
1242,125
1243,125
1244,125
1245,125
1246,125
1247,125
1248,125
1249,125
1250,125
1251,125
1252,125
1253,125
1254,125
1255,125
1256,125
1257,125
1258,125
1259,125
1260,125
1261,125
1262,125
1263,125
1264,125
1265,125
1266,125
1267,126
1268,127
1269,127
1270,127
1271,127
1272,127
1273,127
1274,127
1275,127
1276,127
1277,127
1278,127
1279,127
1280,127
1281,127
1282,127
1283,127
1284,127
1285,127
1286,127
1287,127
1288,127
1289,127
1290,127
1291,127
1292,127
1293,127
1294,127
1295,127
1296,127
1297,127
1298,127
1299,127
1300,127
1301,127
1302,127
1303,127
1304,127
1305,127
1306,127
1307,127
1308,127
1309,127
1310,127
1311,127
1312,127
1313,127
1314,127
1315,127
1316,127
1317,127
1318,127
1319,127
1320,127
1321,127
1322,127
1323,127
1324,127
1325,127
1326,127
1327,127
1328,127
1329,127
1330,127
1331,127
1332,127
1333,127
1334,127
1335,127
1336,127
1337,127
1338,127
1339,127
1340,127
1341,127
1342,127
1343,127
1344,127
1345,127
1346,127
1347,127
1348,127
1349,127
1350,127
1351,127
1352,127
1353,127
1354,127
1355,127
1356,127
1357,127
1358,127
1359,127
1360,127
1361,127
1362,127
1363,127
1364,127
1365,127
1366,127
1367,127
1368,127
1369,127
1370,127
1371,127
1372,127
1373,127
1374,127
1375,127
1376,127
1377,127
1378,127
1379,127
1380,127
1381,127
1382,127
1383,127
1384,127
1385,127
1386,127
1387,127
1388,127
1389,127
1390,127
1391,127
1392,127
1393,127
1394,127
1395,127
1396,127
1397,127
1398,127
1399,127
1400,127
1401,127
1402,127
1403,127
1404,127
1405,127
1406,127
1407,127
1408,127
1409,127
1410,127
1411,127
1412,127
1413,127
1414,127
1415,127
1416,127
1417,127
1418,127
1419,127
1420,127
1421,127
1422,127
1423,127
1424,127
1425,127
1426,127
1427,127
1428,127
1429,127
1430,127
1431,127
1432,127
1433,127
1434,127
1435,127
1436,127
1437,127
1438,127
1439,127
1440,127
1441,127
1442,127
1443,127
1444,127
1445,127
1446,127
1447,127
1448,127
1449,127
1450,127
1451,127
1452,127
1453,127
1454,127
1455,127
1456,127
1457,127
1458,127
1459,127
1460,127
1461,127
1462,127
1463,127
1464,127
1465,127
1466,127
1467,127
1468,127
1469,127
1470,127
1471,127
1472,127
1473,127
1474,127
1475,127
1476,127
1477,127
1478,127
1479,127
1480,127
1481,127
1482,127
1483,127
1484,127
1485,127
1486,127
1487,127
1488,127
1489,127
1490,127
1491,128
1492,128
1493,128
1494,128
1495,128
1496,128
1497,128
1498,128
1499,128
1500,128
1501,128
1502,128
1503,128
1504,128
1505,128
1506,128
1507,128
1508,128
1509,128
1510,128
1511,128
1512,128
1513,128
1514,128
1515,128
1516,128
1517,128
1518,128
1519,128
1520,128
1521,128
1522,128
1523,128
1524,128
1525,128
1526,128
1527,128
1528,128
1529,128
1530,128
1531,128
1532,128
1533,128
1534,128
1535,128
1536,128
1537,128
1538,128
1539,128
1540,128
1541,128
1542,128
1543,128
1544,128
1545,128
1546,128
1547,128
1548,128
1549,128
1550,128
1551,128
1552,128
1553,128
1554,128
1555,128
1556,128
1557,128
1558,128
1559,128
1560,128
1561,128
1562,128
1563,128
1564,128
1565,128
1566,128
1567,128
1568,128
1569,128
1570,128
1571,128
1572,128
1573,128
1574,128
1575,128
1576,128
1577,128
1578,128
1579,128
1580,128
1581,128
1582,128
1583,128
1584,128
1585,128
1586,128
1587,128
1588,128
1589,128
1590,128
1591,128
1592,128
1593,128
1594,128
1595,128
1596,128
1597,128
1598,128
1599,128
1600,128
1601,128
1602,128
1603,128
1604,128
1605,128
1606,128
1607,128
1608,128
1609,128
1610,128
1611,128
1612,128
1613,128
1614,128
1615,128
1616,128
1617,128
1618,128
1619,128
1620,128
1621,128
1622,128
1623,128
1624,128
1625,128
1626,128
1627,128
1628,128
1629,128
1630,128
1631,128
1632,128
1633,128
1634,128
1635,128
1636,128
1637,128
1638,128
1639,128
1640,128
1641,128
1642,128
1643,128
1644,128
1645,128
1646,128
1647,128
1648,128
1649,128
1650,128
1651,128
1652,128
1653,128
1654,128
1655,128
1656,128
1657,128
1658,128
1659,128
1660,128
1661,128
1662,128
1663,128
1664,128
1665,128
1666,128
1667,128
1668,128
1669,128
1670,128
1671,128
1672,128
1673,128
1674,128
1675,128
1676,128
1677,128
1678,128
1679,128
1680,128
1681,128
1682,128
1683,128
1684,128
1685,128
1686,128
1687,128
1688,128
1689,128
1690,128
1691,128
1692,128
1693,128
1694,128
1695,128
1696,128
1697,128
1698,128
1699,128
1700,128
1701,128
1702,128
1703,128
1704,128
1705,128
1706,128
1707,128
1708,128
1709,128
1710,128
1711,128
1712,128
1713,128
1714,128
1715,128
1716,128
1717,128
1718,128
1719,128
1720,128
1721,128
1722,128
1723,128
1724,128
1725,128
1726,128
1727,128
1728,128
1729,128
1730,128
1731,128
1732,128
1733,128
1734,128
1735,128
1736,128
1737,128
1738,128
1739,128
1740,128
1741,128
1742,128
1743,128
1744,128
1745,128
1746,128
1747,128
1748,128
1749,128
1750,128
1751,128
1752,128
1753,128
1754,128
1755,128
1756,128
1757,128
1758,128
1759,128
1760,128
1761,128
1762,128
1763,128
1764,128
1765,128
1766,128
1767,128
1768,128
1769,128
1770,128
1771,128
1772,128
1773,128
1774,128
1775,128
1776,128
1777,128
1778,128
1779,128
1780,128
1781,128
1782,128
1783,128
1784,128
1785,128
1786,128
1787,128
1788,128
1789,128
1790,128
1791,128
1792,128
1793,128
1794,128
1795,128
1796,128
1797,128
1798,128
1799,128
1800,128
1801,128
1802,128
1803,128
1804,128
1805,128
1806,128
1807,128
1808,128
1809,128
1810,128
1811,128
1812,128
1813,128
1814,128
1815,128
1816,128
1817,128
1818,128
1819,128
1820,128
1821,128
1822,128
1823,128
1824,128
1825,128
1826,128
1827,128
1828,128
1829,128
1830,128
1831,128
1832,128
1833,128
1834,128
1835,128
1836,128
1837,128
1838,128
1839,128
1840,128
1841,128
1842,128
1843,128
1844,128
1845,128
1846,128
1847,128
1848,128
1849,128
1850,128
1851,128
1852,128
1853,128
1854,128
1855,128
1856,128
1857,128
1858,128
1859,128
1860,128
1861,128
1862,128
1863,128
1864,128
1865,128
1866,128
1867,128
1868,128
1869,128
1870,128
1871,128
1872,128
1873,128
1874,128
1875,128
1876,128
1877,128
1878,128
1879,128
1880,128
1881,128
1882,128
1883,128
1884,128
1885,128
1886,128
1887,128
1888,128
1889,128
1890,128
1891,128
1892,128
1893,128
1894,128
1895,128
1896,128
1897,128
1898,128
1899,128
1900,128
1901,128
1902,128
1903,128
1904,128
1905,128
1906,128
1907,128
1908,128
1909,128
1910,128
1911,128
1912,128
1913,128
1914,128
1915,128
1916,128
1917,128
1918,128
1919,128
1920,128
1921,128
1922,128
1923,128
1924,128
1925,128
1926,128
1927,128
1928,128
1929,128
1930,128
1931,128
1932,128
1933,128
1934,128
1935,128
1936,128
1937,128
1938,128
1939,128
1940,128
1941,128
1942,128
1943,128
1944,128
1945,128
1946,128
1947,128
1948,128
1949,128
1950,128
1951,128
1952,128
1953,128
1954,128
1955,128
1956,128
1957,128
1958,128
1959,128
1960,128
1961,128
1962,128
1963,128
1964,128
1965,128
1966,128
1967,128
1968,128
1969,128
1970,128
1971,128
1972,128
1973,128
1974,128
1975,128
1976,128
1977,128
1978,128
1979,128
1980,128
1981,128
1982,128
1983,128
1984,128
1985,128
1986,128
1987,128
1988,128
1989,128
1990,128
1991,128
1992,128
1993,128
1994,128
1995,128
1996,128
1997,128
1998,128
1999,128
2000,128
2001,128
2002,128
2003,128
2004,128
2005,128
2006,128
2007,128
2008,128
2009,128
2010,128
2011,128
2012,128
2013,128
2014,128
2015,128
2016,128
2017,128
2018,128
2019,128
2020,128
2021,128
2022,128
2023,128
2024,128
2025,128
2026,128
2027,128
2028,128
2029,128
2030,128
2031,128
2032,128
2033,128
2034,128
2035,128
2036,128
2037,128
2038,128
2039,128
2040,128
2041,128
2042,128
2043,128
2044,128
2045,129
2046,129
2047,129
2048,129
2049,129
2050,129
2051,129
2052,129
2053,129
2054,129
2055,129
2056,129
2057,129
2058,129
2059,129
2060,129
2061,129
2062,130
2063,131
2064,132
2065,132
2066,132
2067,132
2068,132
2069,132
2070,132
2071,132
2072,132
2073,132
2074,132
2075,132
2076,132
2077,132
2078,132
2079,132
2080,132
2081,132
2082,132
2083,132
2084,132
2085,132
2086,132
2087,132
2088,132
2089,132
2090,132
2091,132
2092,132
2093,132
2094,132
2095,132
2096,132
2097,132
2098,132
2099,132
2100,132
2101,132
2102,132
2103,132
2104,132
2105,132
2106,132
2107,132
2108,132
2109,132
2110,132
2111,132
2112,132
2113,132
2114,132
2115,132
2116,132
2117,132
2118,132
2119,132
2120,132
2121,132
2122,132
2123,132
2124,132
2125,132
2126,132
2127,132
2128,132
2129,132
2130,132
2131,132
2132,132
2133,132
2134,132
2135,132
2136,132
2137,132
2138,132
2139,132
2140,132
2141,132
2142,132
2143,132
2144,132
2145,132
2146,132
2147,132
2148,132
2149,132
2150,132
2151,132
2152,132
2153,132
2154,132
2155,132
2156,132
2157,132
2158,132
2159,132
2160,132
2161,132
2162,132
2163,132
2164,132
2165,132
2166,132
2167,132
2168,132
2169,132
2170,132
2171,132
2172,132
2173,132
2174,132
2175,132
2176,132
2177,132
2178,132
2179,132
2180,132
2181,132
2182,132
2183,132
2184,132
2185,132
2186,132
2187,132
2188,132
2189,132
2190,132
2191,132
2192,132
2193,132
2194,132
2195,132
2196,132
2197,132
2198,132
2199,132
2200,132
2201,132
2202,132
2203,132
2204,132
2205,132
2206,132
2207,132
2208,132
2209,132
2210,132
2211,132
2212,132
2213,132
2214,132
2215,132
2216,132
2217,132
2218,132
2219,132
2220,132
2221,132
2222,132
2223,132
2224,132
2225,132
2226,132
2227,132
2228,132
2229,132
2230,132
2231,132
2232,132
2233,132
2234,132
2235,132
2236,132
2237,132
2238,132
2239,132
2240,132
2241,132
2242,132
2243,132
2244,132
2245,132
2246,132
2247,132
2248,132
2249,132
2250,132
2251,132
2252,132
2253,132
2254,132
2255,132
2256,132
2257,132
2258,132
2259,132
2260,132
2261,132
2262,132
2263,132
2264,132
2265,132
2266,132
2267,132
2268,132
2269,132
2270,132
2271,132
2272,132
2273,132
2274,132
2275,132
2276,132
2277,132
2278,132
2279,132
2280,132
2281,132
2282,132
2283,132
2284,132
2285,132
2286,132
2287,132
2288,132
2289,132
2290,132
2291,132
2292,132
2293,132
2294,132
2295,132
2296,132
2297,132
2298,132
2299,132
2300,132
2301,132
2302,132
2303,132
2304,132
2305,132
2306,132
2307,132
2308,132
2309,132
2310,132
2311,132
2312,132
2313,132
2314,132
2315,132
2316,132
2317,132
2318,132
2319,132
2320,132
2321,132
2322,132
2323,132
2324,132
2325,132
2326,132
2327,132
2328,132
2329,132
2330,132
2331,132
2332,132
2333,132
2334,132
2335,132
2336,132
2337,132
2338,132
2339,132
2340,132
2341,132
2342,132
2343,132
2344,132
2345,132
2346,132
2347,132
2348,132
2349,132
2350,132
2351,132
2352,132
2353,132
2354,132
2355,132
2356,132
2357,132
2358,132
2359,132
2360,132
2361,132
2362,132
2363,132
2364,132
2365,132
2366,132
2367,132
2368,132
2369,132
2370,132
2371,132
2372,132
2373,132
2374,132
2375,132
2376,132
2377,132
2378,132
2379,132
2380,132
2381,132
2382,132
2383,132
2384,132
2385,132
2386,132
2387,132
2388,132
2389,132
2390,132
2391,132
2392,132
2393,132
2394,132
2395,132
2396,132
2397,132
2398,132
2399,132
2400,132
2401,132
2402,132
2403,132
2404,132
2405,132
2406,132
2407,132
2408,132
2409,132
2410,132
2411,132
2412,132
2413,132
2414,132
2415,132
2416,132
2417,132
2418,132
2419,132
2420,132
2421,132
2422,132
2423,132
2424,132
2425,132
2426,132
2427,132
2428,132
2429,132
2430,132
2431,132
2432,132
2433,132
2434,132
2435,132
2436,132
2437,132
2438,132
2439,132
2440,132
2441,132
2442,132
2443,132
2444,132
2445,132
2446,132
2447,132
2448,132
2449,132
2450,132
2451,132
2452,132
2453,132
2454,132
2455,132
2456,132
2457,132
2458,132
2459,132
2460,132
2461,132
2462,132
2463,132
2464,132
2465,132
2466,132
2467,132
2468,132
2469,132
2470,132
2471,132
2472,132
2473,132
2474,132
2475,132
2476,132
2477,132
2478,132
2479,132
2480,132
2481,132
2482,132
2483,132
2484,132
2485,132
2486,132
2487,132
2488,132
2489,132
2490,132
2491,132
2492,132
2493,132
2494,132
2495,132
2496,132
2497,132
2498,132
2499,132
2500,132
2501,132
2502,132
2503,132
2504,132
2505,132
2506,132
2507,132
2508,132
2509,132
2510,132
2511,132
2512,132
2513,132
2514,132
2515,132
2516,132
2517,132
2518,132
2519,132
2520,132
2521,132
2522,132
2523,132
2524,132
2525,132
2526,132
2527,132
2528,132
2529,132
2530,132
2531,132
2532,132
2533,132
2534,132
2535,132
2536,132
2537,132
2538,132
2539,132
2540,132
2541,132
2542,132
2543,132
2544,132
2545,132
2546,132
2547,132
2548,132
2549,132
2550,132
2551,132
2552,132
2553,132
2554,132
2555,132
2556,132
2557,132
2558,132
2559,132
2560,132
2561,132
2562,132
2563,132
2564,132
2565,132
2566,132
2567,132
2568,132
2569,132
2570,132
2571,132
2572,132
2573,132
2574,132
2575,132
2576,132
2577,132
2578,132
2579,132
2580,132
2581,132
2582,132
2583,132
2584,132
2585,132
2586,132
2587,132
2588,132
2589,132
2590,132
2591,132
2592,132
2593,132
2594,132
2595,132
2596,132
2597,132
2598,132
2599,132
2600,132
2601,132
2602,132
2603,132
2604,132
2605,132
2606,132
2607,132
2608,132
2609,132
2610,132
2611,132
2612,132
2613,132
2614,132
2615,132
2616,132
2617,132
2618,132
2619,132
2620,132
2621,132
2622,132
2623,132
2624,132
2625,132
2626,132
2627,132
2628,132
2629,132
2630,132
2631,132
2632,132
2633,132
2634,132
2635,132
2636,132
2637,132
2638,132
2639,132
2640,132
2641,132
2642,132
2643,132
2644,132
2645,132
2646,132
2647,132
2648,132
2649,132
2650,132
2651,132
2652,132
2653,132
2654,132
2655,132
2656,132
2657,132
2658,132
2659,132
2660,132
2661,132
2662,132
2663,132
2664,132
2665,132
2666,132
2667,132
2668,132
2669,132
2670,132
2671,132
2672,132
2673,132
2674,132
2675,132
2676,132
2677,132
2678,132
2679,132
2680,132
2681,132
2682,132
2683,132
2684,132
2685,132
2686,132
2687,132
2688,132
2689,132
2690,132
2691,132
2692,132
2693,132
2694,132
2695,132
2696,132
2697,132
2698,132
2699,132
2700,132
2701,132
2702,132
2703,132
2704,132
2705,132
2706,132
2707,132
2708,132
2709,132
2710,132
2711,132
2712,132
2713,132
2714,132
2715,132
2716,132
2717,132
2718,132
2719,132
2720,132
2721,132
2722,132
2723,132
2724,132
2725,132
2726,132
2727,132
2728,132
2729,132
2730,132
2731,132
2732,132
2733,132
2734,132
2735,132
2736,132
2737,132
2738,132
2739,132
2740,132
2741,132
2742,132
2743,132
2744,132
2745,132
2746,132
2747,132
2748,132
2749,132
2750,132
2751,132
2752,132
2753,132
2754,132
2755,132
2756,132
2757,132
2758,132
2759,132
2760,132
2761,132
2762,132
2763,132
2764,132
2765,132
2766,132
2767,132
2768,132
2769,132
2770,132
2771,132
2772,132
2773,132
2774,132
2775,132
2776,132
2777,132
2778,132
2779,132
2780,132
2781,132
2782,132
2783,132
2784,132
2785,132
2786,132
2787,132
2788,132
2789,132
2790,132
2791,132
2792,132
2793,132
2794,132
2795,132
2796,132
2797,132
2798,132
2799,132
2800,132
2801,132
2802,132
2803,132
2804,132
2805,132
2806,132
2807,132
2808,132
2809,132
2810,132
2811,132
2812,132
2813,132
2814,132
2815,132
2816,132
2817,132
2818,132
2819,132
2820,132
2821,132
2822,132
2823,132
2824,132
2825,132
2826,132
2827,132
2828,132
2829,132
2830,132
2831,132
2832,132
2833,132
2834,132
2835,132
2836,132
2837,132
2838,132
2839,132
2840,132
2841,132
2842,132
2843,132
2844,132
2845,132
2846,132
2847,132
2848,132
2849,132
2850,132
2851,132
2852,132
2853,132
2854,132
2855,132
2856,132
2857,132
2858,132
2859,132
2860,132
2861,132
2862,132
2863,132
2864,132
2865,132
2866,132
2867,132
2868,132
2869,132
2870,132
2871,132
2872,132
2873,132
2874,132
2875,132
2876,132
2877,132
2878,132
2879,132
2880,132
2881,132
2882,132
2883,132
2884,132
2885,132
2886,132
2887,132
2888,132
2889,132
2890,132
2891,132
2892,132
2893,132
2894,132
2895,132
2896,132
2897,132
2898,132
2899,132
2900,132
2901,132
2902,132
2903,132
2904,132
2905,132
2906,132
2907,132
2908,132
2909,132
2910,132
2911,132
2912,132
2913,132
2914,132
2915,133
2916,133
2917,133
2918,133
2919,133
2920,133
2921,133
2922,133
2923,133
2924,133
2925,133
2926,133
2927,133
2928,133
2929,133
2930,133
2931,133
2932,133
2933,133
2934,133
2935,133
2936,133
2937,133
2938,133
2939,133
2940,133
2941,133
2942,133
2943,133
2944,133
2945,133
2946,133
2947,133
2948,133
2949,133
2950,133
2951,133
2952,133
2953,133
2954,133
2955,133
2956,133
2957,133
2958,133
2959,133
2960,133
2961,133
2962,133
2963,133
2964,133
2965,133
2966,133
2967,133
2968,133
2969,133
2970,133
2971,133
2972,133
2973,133
2974,133
2975,133
2976,133
2977,133
2978,133
2979,133
2980,133
2981,133
2982,133
2983,133
2984,133
2985,133
2986,133
2987,133
2988,133
2989,133
2990,133
2991,133
2992,133
2993,133
2994,133
2995,133
2996,133
2997,133
2998,133
2999,133
3000,133
3001,133
3002,133
3003,133
3004,133
3005,133
3006,133
3007,133
3008,133
3009,133
3010,133
3011,133
3012,133
3013,133
3014,133
3015,133
3016,133
3017,133
3018,133
3019,133
3020,133
3021,133
3022,133
3023,133
3024,133
3025,133
3026,133
3027,133
3028,133
3029,133
3030,133
3031,133
3032,133
3033,133
3034,133
3035,133
3036,133
3037,133
3038,133
3039,133
3040,133
3041,133
3042,133
3043,133
3044,133
3045,133
3046,133
3047,133
3048,133
3049,133
3050,133
3051,133
3052,133
3053,133
3054,133
3055,133
3056,133
3057,133
3058,133
3059,133
3060,133
3061,133
3062,133
3063,133
3064,133
3065,133
3066,133
3067,133
3068,133
3069,133
3070,133
3071,133
3072,133
3073,133
3074,133
3075,133
3076,133
3077,133
3078,133
3079,133
3080,133
3081,134
3082,134
3083,134
3084,134
3085,134
3086,134
3087,134
3088,134
3089,134
3090,134
3091,134
3092,134
3093,134
3094,134
3095,134
3096,134
3097,134
3098,134
3099,134
3100,134
3101,134
3102,134
3103,134
3104,134
3105,134
3106,134
3107,134
3108,134
3109,134
3110,134
3111,134
3112,134
3113,134
3114,134
3115,134
3116,134
3117,134
3118,134
3119,134
3120,134
3121,134
3122,134
3123,134
3124,134
3125,134
3126,134
3127,134
3128,134
3129,134
3130,134
3131,134
3132,134
3133,134
3134,134
3135,134
3136,134
3137,134
3138,134
3139,134
3140,134
3141,134
3142,134
3143,134
3144,134
3145,134
3146,134
3147,134
3148,134
3149,134
3150,134
3151,134
3152,134
3153,134
3154,134
3155,134
3156,134
3157,134
3158,134
3159,134
3160,134
3161,134
3162,134
3163,134
3164,134
3165,134
3166,134
3167,134
3168,134
3169,134
3170,134
3171,134
3172,134
3173,134
3174,134
3175,134
3176,134
3177,134
3178,134
3179,134
3180,134
3181,134
3182,134
3183,134
3184,134
3185,134
3186,134
3187,134
3188,134
3189,134
3190,134
3191,134
3192,134
3193,134
3194,134
3195,134
3196,134
3197,134
3198,134
3199,134
3200,134
3201,134
3202,134
3203,134
3204,134
3205,134
3206,134
3207,134
3208,134
3209,134
3210,134
3211,134
3212,134
3213,134
3214,134
3215,134
3216,134
3217,134
3218,134
3219,134
3220,134
3221,134
3222,134
3223,134
3224,134
3225,134
3226,134
3227,134
3228,134
3229,134
3230,134
3231,134
3232,134
3233,134
3234,134
3235,134
3236,134
3237,134
3238,134
3239,134
3240,134
3241,134
3242,134
3243,134
3244,134
3245,134
3246,134
3247,134
3248,134
3249,134
3250,134
3251,134
3252,134
3253,134
3254,134
3255,134
3256,134
3257,134
3258,134
3259,134
3260,134
3261,134
3262,134
3263,134
3264,134
3265,134
3266,134
3267,134
3268,134
3269,134
3270,134
3271,134
3272,134
3273,134
3274,134
3275,134
3276,134
3277,134
3278,134
3279,134
3280,134
3281,134
3282,134
3283,134
3284,134
3285,134
3286,134
3287,134
3288,134
3289,134
3290,134
3291,134
3292,134
3293,134
3294,134
3295,134
3296,134
3297,134
3298,134
3299,134
3300,134
3301,134
3302,134
3303,134
3304,134
3305,134
3306,134
3307,134
3308,134
3309,134
3310,134
3311,134
3312,134
3313,134
3314,134
3315,134
3316,134
3317,134
3318,134
3319,134
3320,134
3321,134
3322,134
3323,134
3324,134
3325,134
3326,134
3327,134
3328,134
3329,134
3330,134
3331,134
3332,134
3333,134
3334,134
3335,134
3336,134
3337,134
3338,134
3339,134
3340,134
3341,134
3342,134
3343,134
3344,134
3345,134
3346,134
3347,134
3348,134
3349,134
3350,134
3351,134
3352,134
3353,134
3354,134
3355,134
3356,134
3357,134
3358,134
3359,134
3360,134
3361,134
3362,134
3363,134
3364,134
3365,134
3366,134
3367,134
3368,134
3369,134
3370,134
3371,134
3372,134
3373,134
3374,134
3375,134
3376,134
3377,134
3378,134
3379,134
3380,134
3381,134
3382,134
3383,134
3384,134
3385,134
3386,134
3387,134
3388,134
3389,134
3390,134
3391,134
3392,134
3393,134
3394,134
3395,134
3396,134
3397,134
3398,134
3399,134
3400,134
3401,134
3402,134
3403,134
3404,134
3405,134
3406,134
3407,134
3408,134
3409,134
3410,134
3411,134
3412,134
3413,134
3414,134
3415,134
3416,134
3417,134
3418,134
3419,134
3420,134
3421,134
3422,134
3423,134
3424,134
3425,134
3426,134
3427,134
3428,134
3429,134
3430,134
3431,134
3432,134
3433,134
3434,134
3435,134
3436,134
3437,134
3438,134
3439,134
3440,134
3441,134
3442,134
3443,134
3444,134
3445,134
3446,134
3447,134
3448,134
3449,134
3450,134
3451,134
3452,134
3453,134
3454,134
3455,134
3456,134
3457,134
3458,134
3459,134
3460,134
3461,134
3462,134
3463,134
3464,134
3465,134
3466,134
3467,134
3468,134
3469,134
3470,134
3471,134
3472,134
3473,134
3474,134
3475,134
3476,134
3477,134
3478,134
3479,134
3480,134
3481,134
3482,134
3483,134
3484,134
3485,134
3486,134
3487,134
3488,134
3489,134
3490,134
3491,134
3492,134
3493,134
3494,134
3495,134
3496,134
3497,134
3498,134
3499,134
3500,134
3501,134
3502,134
3503,134
3504,134
3505,134
3506,134
3507,134
3508,134
3509,134
3510,134
3511,134
3512,134
3513,134
3514,134
3515,134
3516,134
3517,134
3518,134
3519,134
3520,134
3521,134
3522,134
3523,134
3524,134
3525,134
3526,134
3527,134
3528,134
3529,134
3530,134
3531,134
3532,134
3533,134
3534,134
3535,134
3536,134
3537,134
3538,134
3539,134
3540,134
3541,134
3542,134
3543,134
3544,134
3545,134
3546,134
3547,134
3548,134
3549,134
3550,134
3551,134
3552,134
3553,134
3554,134
3555,134
3556,134
3557,134
3558,134
3559,134
3560,134
3561,134
3562,134
3563,134
3564,134
3565,134
3566,134
3567,134
3568,134
3569,134
3570,134
3571,134
3572,134
3573,134
3574,134
3575,134
3576,134
3577,134
3578,134
3579,134
3580,134
3581,134
3582,134
3583,134
3584,134
3585,134
3586,134
3587,134
3588,134
3589,134
3590,134
3591,134
3592,134
3593,134
3594,134
3595,134
3596,134
3597,134
3598,134
3599,134
3600,134
3601,134
3602,134
3603,134
3604,134
3605,134
3606,134
3607,134
3608,134
3609,134
3610,134
3611,134
3612,134
3613,134
3614,134
3615,134
3616,134
3617,134
3618,134
3619,134
3620,134
3621,134
3622,134
3623,134
3624,134
3625,134
3626,134
3627,134
3628,134
3629,134
3630,134
3631,134
3632,134
3633,134
3634,134
3635,134
3636,134
3637,134
3638,134
3639,134
3640,134
3641,134
3642,134
3643,134
3644,134
3645,134
3646,134
3647,134
3648,134
3649,134
3650,134
3651,134
3652,134
3653,134
3654,134
3655,134
3656,134
3657,134
3658,134
3659,134
3660,134
3661,134
3662,134
3663,134
3664,134
3665,134
3666,134
3667,134
3668,134
3669,134
3670,134
3671,134
3672,134
3673,134
3674,134
3675,134
3676,134
3677,134
3678,134
3679,134
3680,134
3681,134
3682,134
3683,134
3684,134
3685,134
3686,134
3687,134
3688,134
3689,134
3690,134
3691,134
3692,134
3693,134
3694,134
3695,134
3696,134
3697,134
3698,134
3699,134
3700,134
3701,134
3702,134
3703,134
3704,134
3705,134
3706,134
3707,134
3708,134
3709,134
3710,134
3711,134
3712,134
3713,134
3714,134
3715,134
3716,134
3717,134
3718,134
3719,134
3720,134
3721,134
3722,134
3723,134
3724,134
3725,134
3726,134
3727,134
3728,134
3729,134
3730,134
3731,134
3732,134
3733,134
3734,134
3735,134
3736,134
3737,134
3738,134
3739,134
3740,134
3741,134
3742,134
3743,134
3744,134
3745,134
3746,134
3747,134
3748,134
3749,134
3750,134
3751,134
3752,134
3753,134
3754,134
3755,134
3756,134
3757,134
3758,134
3759,134
3760,134
3761,134
3762,134
3763,134
3764,134
3765,134
3766,134
3767,134
3768,134
3769,134
3770,134
3771,134
3772,134
3773,134
3774,134
3775,134
3776,134
3777,134
3778,134
3779,134
3780,134
3781,134
3782,134
3783,134
3784,134
3785,134
3786,134
3787,134
3788,134
3789,134
3790,134
3791,134
3792,134
3793,134
3794,134
3795,134
3796,134
3797,134
3798,134
3799,134
3800,134
3801,134
3802,134
3803,134
3804,134
3805,134
3806,134
3807,134
3808,134
3809,134
3810,134
3811,134
3812,134
3813,134
3814,134
3815,134
3816,134
3817,134
3818,134
3819,134
3820,134
3821,134
3822,134
3823,134
3824,134
3825,134
3826,134
3827,134
3828,134
3829,134
3830,134
3831,134
3832,134
3833,134
3834,134
3835,134
3836,134
3837,134
3838,134
3839,134
3840,134
3841,134
3842,134
3843,134
3844,134
3845,134
3846,134
3847,134
3848,134
3849,134
3850,134
3851,134
3852,134
3853,134
3854,134
3855,134
3856,134
3857,134
3858,134
3859,134
3860,134
3861,134
3862,134
3863,134
3864,134
3865,134
3866,134
3867,134
3868,134
3869,134
3870,134
3871,134
3872,134
3873,134
3874,134
3875,134
3876,134
3877,134
3878,134
3879,134
3880,134
3881,134
3882,134
3883,134
3884,134
3885,134
3886,134
3887,134
3888,134
3889,134
3890,134
3891,134
3892,134
3893,134
3894,134
3895,134
3896,134
3897,134
3898,134
3899,134
3900,134
3901,134
3902,134
3903,134
3904,134
3905,134
3906,134
3907,134
3908,134
3909,134
3910,134
3911,134
3912,134
3913,134
3914,134
3915,134
3916,134
3917,134
3918,134
3919,134
3920,134
3921,134
3922,134
3923,134
3924,134
3925,134
3926,134
3927,134
3928,134
3929,134
3930,134
3931,134
3932,134
3933,134
3934,134
3935,134
3936,134
3937,134
3938,134
3939,134
3940,134
3941,134
3942,134
3943,134
3944,134
3945,134
3946,134
3947,134
3948,134
3949,134
3950,134
3951,134
3952,134
3953,134
3954,134
3955,134
3956,134
3957,134
3958,134
3959,134
3960,134
3961,134
3962,134
3963,134
3964,134
3965,134
3966,134
3967,134
3968,134
3969,134
3970,134
3971,134
3972,134
3973,134
3974,134
3975,134
3976,134
3977,134
3978,134
3979,134
3980,134
3981,134
3982,134
3983,134
3984,134
3985,134
3986,134
3987,134
3988,134
3989,134
3990,134
3991,134
3992,134
3993,134
3994,134
3995,134
3996,134
3997,134
3998,134
3999,134
4000,134
4001,134
4002,134
4003,134
4004,134
4005,134
4006,134
4007,134
4008,134
4009,134
4010,134
4011,134
4012,134
4013,134
4014,134
4015,134
4016,134
4017,134
4018,134
4019,134
4020,134
4021,134
4022,134
4023,134
4024,134
4025,134
4026,134
4027,134
4028,134
4029,134
4030,135
4031,135
4032,136
4033,137
4034,137
4035,138
4036,138
4037,138
4038,138
4039,138
4040,138
4041,138
4042,138
4043,138
4044,138
4045,138
4046,138
4047,138
4048,138
4049,138
4050,138
4051,138
4052,138
4053,138
4054,138
4055,138
4056,138
4057,138
4058,138
4059,138
4060,138
4061,138
4062,138
4063,138
4064,138
4065,138
4066,138
4067,138
4068,138
4069,138
4070,138
4071,138
4072,138
4073,138
4074,138
4075,138
4076,138
4077,138
4078,138
4079,138
4080,138
4081,138
4082,138
4083,138
4084,138
4085,138
4086,138
4087,138
4088,138
4089,138
4090,138
4091,138
4092,138
4093,138
4094,138
4095,138
4096,138
4097,138
4098,138
4099,138
4100,138
4101,138
4102,138
4103,138
4104,138
4105,138
4106,138
4107,138
4108,138
4109,138
4110,138
4111,138
4112,138
4113,138
4114,138
4115,138
4116,138
4117,138
4118,138
4119,138
4120,138
4121,138
4122,138
4123,138
4124,138
4125,138
4126,138
4127,138
4128,138
4129,138
4130,138
4131,138
4132,138
4133,138
4134,138
4135,138
4136,138
4137,138
4138,138
4139,138
4140,138
4141,138
4142,138
4143,138
4144,138
4145,138
4146,138
4147,138
4148,138
4149,138
4150,138
4151,138
4152,138
4153,138
4154,138
4155,138
4156,138
4157,138
4158,138
4159,138
4160,138
4161,138
4162,138
4163,138
4164,138
4165,138
4166,138
4167,138
4168,138
4169,138
4170,138
4171,138
4172,138
4173,138
4174,138
4175,138
4176,138
4177,138
4178,138
4179,138
4180,138
4181,138
4182,138
4183,138
4184,138
4185,138
4186,138
4187,138
4188,138
4189,138
4190,138
4191,138
4192,138
4193,138
4194,138
4195,138
4196,138
4197,138
4198,138
4199,138
4200,138
4201,138
4202,138
4203,138
4204,138
4205,138
4206,138
4207,138
4208,138
4209,138
4210,138
4211,138
4212,138
4213,138
4214,138
4215,138
4216,138
4217,138
4218,138
4219,138
4220,138
4221,138
4222,138
4223,138
4224,138
4225,138
4226,138
4227,138
4228,138
4229,138
4230,138
4231,138
4232,138
4233,138
4234,138
4235,138
4236,138
4237,138
4238,138
4239,138
4240,138
4241,138
4242,138
4243,138
4244,138
4245,138
4246,138
4247,138
4248,138
4249,138
4250,138
4251,138
4252,138
4253,138
4254,138
4255,138
4256,138
4257,138
4258,138
4259,138
4260,138
4261,138
4262,138
4263,138
4264,138
4265,138
4266,138
4267,138
4268,138
4269,138
4270,138
4271,138
4272,138
4273,138
4274,138
4275,138
4276,138
4277,138
4278,138
4279,138
4280,138
4281,138
4282,138
4283,138
4284,138
4285,138
4286,138
4287,138
4288,138
4289,138
4290,138
4291,138
4292,138
4293,138
4294,138
4295,138
4296,138
4297,138
4298,138
4299,138
4300,138
4301,138
4302,138
4303,138
4304,138
4305,138
4306,138
4307,138
4308,138
4309,138
4310,138
4311,138
4312,138
4313,138
4314,138
4315,138
4316,138
4317,138
4318,138
4319,138
4320,138
4321,138
4322,138
4323,138
4324,138
4325,138
4326,138
4327,138
4328,138
4329,138
4330,138
4331,138
4332,138
4333,138
4334,138
4335,138
4336,138
4337,138
4338,138
4339,138
4340,138
4341,138
4342,138
4343,138
4344,138
4345,138
4346,138
4347,138
4348,138
4349,138
4350,138
4351,138
4352,138
4353,138
4354,138
4355,138
4356,138
4357,138
4358,138
4359,138
4360,138
4361,138
4362,138
4363,138
4364,138
4365,138
4366,138
4367,138
4368,138
4369,138
4370,138
4371,138
4372,138
4373,138
4374,138
4375,138
4376,138
4377,138
4378,138
4379,138
4380,138
4381,138
4382,138
4383,138
4384,138
4385,138
4386,138
4387,138
4388,138
4389,138
4390,138
4391,138
4392,138
4393,138
4394,138
4395,138
4396,138
4397,138
4398,138
4399,138
4400,138
4401,138
4402,138
4403,138
4404,138
4405,138
4406,138
4407,138
4408,138
4409,138
4410,138
4411,138
4412,138
4413,138
4414,138
4415,138
4416,138
4417,138
4418,138
4419,138
4420,138
4421,138
4422,138
4423,138
4424,138
4425,138
4426,138
4427,138
4428,138
4429,138
4430,138
4431,138
4432,138
4433,138
4434,138
4435,138
4436,138
4437,138
4438,138
4439,138
4440,138
4441,138
4442,138
4443,138
4444,138
4445,138
4446,138
4447,138
4448,138
4449,138
4450,138
4451,138
4452,138
4453,138
4454,138
4455,138
4456,138
4457,138
4458,138
4459,138
4460,138
4461,138
4462,138
4463,138
4464,138
4465,138
4466,138
4467,138
4468,138
4469,138
4470,138
4471,138
4472,138
4473,138
4474,138
4475,138
4476,138
4477,138
4478,138
4479,138
4480,138
4481,138
4482,138
4483,138
4484,138
4485,138
4486,138
4487,138
4488,138
4489,138
4490,138
4491,138
4492,138
4493,138
4494,138
4495,138
4496,138
4497,138
4498,138
4499,138
4500,138
4501,138
4502,138
4503,138
4504,138
4505,138
4506,138
4507,138
4508,138
4509,138
4510,138
4511,138
4512,138
4513,138
4514,138
4515,138
4516,138
4517,138
4518,138
4519,138
4520,138
4521,138
4522,138
4523,138
4524,138
4525,138
4526,138
4527,138
4528,138
4529,138
4530,138
4531,138
4532,138
4533,138
4534,138
4535,138
4536,138
4537,138
4538,138
4539,138
4540,138
4541,138
4542,138
4543,138
4544,138
4545,138
4546,138
4547,138
4548,138
4549,138
4550,138
4551,138
4552,138
4553,138
4554,138
4555,138
4556,138
4557,138
4558,138
4559,138
4560,138
4561,138
4562,138
4563,138
4564,138
4565,138
4566,138
4567,138
4568,138
4569,138
4570,138
4571,138
4572,138
4573,138
4574,138
4575,138
4576,138
4577,138
4578,138
4579,138
4580,138
4581,138
4582,138
4583,138
4584,138
4585,138
4586,138
4587,138
4588,138
4589,138
4590,138
4591,138
4592,138
4593,138
4594,138
4595,138
4596,138
4597,138
4598,138
4599,138
4600,138
4601,138
4602,138
4603,138
4604,138
4605,138
4606,138
4607,138
4608,138
4609,138
4610,138
4611,138
4612,138
4613,138
4614,138
4615,138
4616,138
4617,138
4618,138
4619,138
4620,138
4621,138
4622,138
4623,138
4624,138
4625,138
4626,138
4627,138
4628,138
4629,138
4630,138
4631,138
4632,139
4633,139
4634,139
4635,139
4636,139
4637,139
4638,139
4639,139
4640,139
4641,139
4642,139
4643,139
4644,139
4645,139
4646,139
4647,139
4648,139
4649,139
4650,139
4651,139
4652,139
4653,139
4654,139
4655,139
4656,139
4657,139
4658,139
4659,139
4660,139
4661,139
4662,139
4663,139
4664,139
4665,139
4666,139
4667,139
4668,139
4669,139
4670,139
4671,139
4672,139
4673,139
4674,139
4675,139
4676,139
4677,139
4678,139
4679,139
4680,139
4681,139
4682,139
4683,139
4684,139
4685,139
4686,139
4687,139
4688,139
4689,139
4690,139
4691,139
4692,139
4693,139
4694,139
4695,139
4696,139
4697,139
4698,139
4699,139
4700,139
4701,139
4702,139
4703,139
4704,139
4705,139
4706,139
4707,139
4708,139
4709,139
4710,139
4711,139
4712,139
4713,139
4714,139
4715,139
4716,139
4717,139
4718,139
4719,139
4720,139
4721,139
4722,139
4723,139
4724,139
4725,139
4726,139
4727,139
4728,139
4729,139
4730,139
4731,139
4732,139
4733,139
4734,139
4735,139
4736,139
4737,139
4738,139
4739,139
4740,139
4741,139
4742,139
4743,139
4744,139
4745,139
4746,139
4747,139
4748,139
4749,139
4750,139
4751,139
4752,139
4753,139
4754,139
4755,139
4756,139
4757,139
4758,139
4759,139
4760,139
4761,139
4762,139
4763,139
4764,139
4765,139
4766,139
4767,139
4768,139
4769,139
4770,139
4771,139
4772,139
4773,139
4774,139
4775,139
4776,139
4777,139
4778,139
4779,139
4780,139
4781,139
4782,139
4783,139
4784,139
4785,139
4786,139
4787,139
4788,139
4789,139
4790,139
4791,139
4792,139
4793,139
4794,139
4795,139
4796,139
4797,139
4798,139
4799,139
4800,139
4801,139
4802,139
4803,139
4804,139
4805,139
4806,139
4807,139
4808,139
4809,139
4810,139
4811,139
4812,139
4813,139
4814,139
4815,139
4816,139
4817,139
4818,139
4819,139
4820,139
4821,139
4822,139
4823,139
4824,139
4825,139
4826,139
4827,139
4828,139
4829,139
4830,139
4831,139
4832,139
4833,139
4834,139
4835,139
4836,139
4837,139
4838,139
4839,139
4840,139
4841,139
4842,139
4843,139
4844,139
4845,139
4846,139
4847,139
4848,139
4849,139
4850,139
4851,139
4852,139
4853,139
4854,139
4855,139
4856,139
4857,139
4858,139
4859,139
4860,139
4861,139
4862,139
4863,139
4864,139
4865,139
4866,139
4867,139
4868,139
4869,139
4870,139
4871,139
4872,139
4873,139
4874,139
4875,139
4876,139
4877,139
4878,139
4879,139
4880,139
4881,139
4882,139
4883,139
4884,139
4885,139
4886,139
4887,139
4888,139
4889,139
4890,139
4891,139
4892,139
4893,139
4894,139
4895,139
4896,139
4897,139
4898,139
4899,139
4900,139
4901,139
4902,139
4903,139
4904,139
4905,139
4906,139
4907,139
4908,139
4909,139
4910,139
4911,139
4912,139
4913,139
4914,139
4915,139
4916,139
4917,139
4918,139
4919,139
4920,139
4921,139
4922,139
4923,139
4924,139
4925,139
4926,139
4927,139
4928,139
4929,139
4930,139
4931,139
4932,139
4933,139
4934,139
4935,139
4936,139
4937,139
4938,139
4939,139
4940,139
4941,139
4942,139
4943,139
4944,139
4945,139
4946,139
4947,139
4948,139
4949,139
4950,139
4951,139
4952,139
4953,139
4954,139
4955,139
4956,139
4957,139
4958,139
4959,139
4960,139
4961,139
4962,139
4963,139
4964,139
4965,139
4966,139
4967,139
4968,139
4969,139
4970,139
4971,139
4972,139
4973,139
4974,139
4975,139
4976,139
4977,139
4978,139
4979,139
4980,139
4981,139
4982,139
4983,139
4984,139
4985,139
4986,139
4987,139
4988,139
4989,139
4990,139
4991,139
4992,139
4993,139
4994,139
4995,139
4996,139
4997,139
4998,139
4999,139
5000,139
5001,139
5002,139
5003,139
5004,139
5005,139
5006,139
5007,139
5008,139
5009,139
5010,139
5011,139
5012,139
5013,139
5014,139
5015,139
5016,139
5017,139
5018,139
5019,139
5020,139
5021,139
5022,139
5023,139
5024,139
5025,139
5026,139
5027,139
5028,139
5029,139
5030,139
5031,139
5032,139
5033,139
5034,139
5035,139
5036,139
5037,139
5038,139
5039,139
5040,139
5041,139
5042,139
5043,139
5044,139
5045,139
5046,139
5047,139
5048,139
5049,139
5050,139
5051,139
5052,139
5053,139
5054,139
5055,139
5056,139
5057,139
5058,139
5059,139
5060,139
5061,139
5062,139
5063,139
5064,139
5065,139
5066,139
5067,139
5068,139
5069,139
5070,139
5071,139
5072,139
5073,139
5074,139
5075,139
5076,139
5077,139
5078,139
5079,139
5080,139
5081,139
5082,139
5083,139
5084,139
5085,139
5086,139
5087,139
5088,139
5089,139
5090,139
5091,139
5092,139
5093,139
5094,139
5095,139
5096,139
5097,139
5098,139
5099,139
5100,139
5101,139
5102,139
5103,139
5104,139
5105,139
5106,139
5107,139
5108,139
5109,139
5110,139
5111,139
5112,139
5113,139
5114,139
5115,139
5116,139
5117,139
5118,139
5119,139
5120,139
5121,139
5122,139
5123,139
5124,139
5125,139
5126,139
5127,139
5128,139
5129,139
5130,139
5131,139
5132,139
5133,139
5134,139
5135,139
5136,139
5137,139
5138,139
5139,139
5140,139
5141,139
5142,139
5143,139
5144,139
5145,139
5146,139
5147,139
5148,139
5149,139
5150,139
5151,139
5152,139
5153,139
5154,139
5155,139
5156,139
5157,139
5158,139
5159,139
5160,139
5161,139
5162,139
5163,139
5164,139
5165,139
5166,139
5167,139
5168,139
5169,139
5170,139
5171,139
5172,139
5173,139
5174,139
5175,139
5176,139
5177,139
5178,139
5179,139
5180,139
5181,139
5182,139
5183,139
5184,139
5185,139
5186,139
5187,139
5188,139
5189,139
5190,139
5191,139
5192,139
5193,139
5194,139
5195,139
5196,139
5197,139
5198,139
5199,139
5200,139
5201,139
5202,139
5203,139
5204,139
5205,139
5206,139
5207,139
5208,139
5209,139
5210,139
5211,139
5212,139
5213,139
5214,139
5215,139
5216,139
5217,139
5218,139
5219,139
5220,139
5221,139
5222,139
5223,139
5224,139
5225,139
5226,139
5227,139
5228,139
5229,139
5230,139
5231,139
5232,139
5233,139
5234,139
5235,139
5236,139
5237,139
5238,139
5239,139
5240,139
5241,139
5242,139
5243,139
5244,139
5245,139
5246,139
5247,139
5248,139
5249,139
5250,139
5251,139
5252,139
5253,139
5254,139
5255,139
5256,139
5257,139
5258,139
5259,139
5260,139
5261,139
5262,139
5263,139
5264,139
5265,139
5266,139
5267,139
5268,139
5269,139
5270,139
5271,139
5272,139
5273,139
5274,139
5275,139
5276,139
5277,139
5278,139
5279,139
5280,139
5281,139
5282,139
5283,139
5284,139
5285,139
5286,139
5287,139
5288,139
5289,139
5290,139
5291,139
5292,139
5293,139
5294,139
5295,139
5296,139
5297,139
5298,139
5299,139
5300,139
5301,139
5302,139
5303,139
5304,139
5305,139
5306,139
5307,139
5308,139
5309,139
5310,139
5311,139
5312,139
5313,139
5314,139
5315,139
5316,139
5317,139
5318,139
5319,139
5320,139
5321,139
5322,139
5323,139
5324,139
5325,139
5326,139
5327,139
5328,139
5329,139
5330,139
5331,139
5332,139
5333,139
5334,139
5335,139
5336,139
5337,139
5338,139
5339,139
5340,139
5341,139
5342,139
5343,139
5344,139
5345,139
5346,139
5347,139
5348,139
5349,139
5350,139
5351,139
5352,139
5353,139
5354,139
5355,139
5356,139
5357,139
5358,139
5359,139
5360,139
5361,139
5362,139
5363,139
5364,139
5365,139
5366,139
5367,139
5368,139
5369,139
5370,139
5371,139
5372,139
5373,139
5374,139
5375,139
5376,139
5377,139
5378,139
5379,139
5380,139
5381,139
5382,139
5383,139
5384,139
5385,139
5386,139
5387,139
5388,139
5389,139
5390,139
5391,139
5392,139
5393,139
5394,139
5395,139
5396,139
5397,139
5398,139
5399,139
5400,139
5401,139
5402,139
5403,139
5404,139
5405,139
5406,139
5407,139
5408,139
5409,139
5410,139
5411,139
5412,139
5413,139
5414,139
5415,139
5416,139
5417,139
5418,139
5419,139
5420,139
5421,139
5422,139
5423,139
5424,139
5425,139
5426,139
5427,139
5428,139
5429,139
5430,139
5431,139
5432,139
5433,139
5434,139
5435,139
5436,139
5437,139
5438,139
5439,139
5440,139
5441,139
5442,139
5443,139
5444,139
5445,139
5446,139
5447,139
5448,139
5449,139
5450,139
5451,139
5452,139
5453,139
5454,139
5455,139
5456,139
5457,139
5458,139
5459,139
5460,139
5461,139
5462,139
5463,139
5464,139
5465,139
5466,139
5467,139
5468,139
5469,139
5470,139
5471,139
5472,139
5473,139
5474,139
5475,139
5476,139
5477,139
5478,139
5479,139
5480,139
5481,139
5482,139
5483,139
5484,139
5485,139
5486,139
5487,139
5488,139
5489,139
5490,139
5491,139
5492,139
5493,139
5494,139
5495,139
5496,139
5497,139
5498,139
5499,139
5500,139
5501,139
5502,139
5503,139
5504,139
5505,139
5506,139
5507,139
5508,139
5509,139
5510,139
5511,139
5512,139
5513,139
5514,139
5515,139
5516,139
5517,139
5518,139
5519,139
5520,139
5521,139
5522,139
5523,139
5524,139
5525,139
5526,139
5527,139
5528,139
5529,139
5530,139
5531,139
5532,139
5533,139
5534,139
5535,139
5536,139
5537,139
5538,139
5539,139
5540,139
5541,139
5542,139
5543,139
5544,139
5545,139
5546,139
5547,139
5548,139
5549,139
5550,139
5551,139
5552,139
5553,139
5554,139
5555,139
5556,139
5557,139
5558,139
5559,139
5560,139
5561,139
5562,139
5563,139
5564,139
5565,139
5566,139
5567,139
5568,139
5569,139
5570,139
5571,139
5572,139
5573,139
5574,139
5575,139
5576,139
5577,139
5578,139
5579,139
5580,139
5581,139
5582,139
5583,139
5584,139
5585,139
5586,139
5587,139
5588,139
5589,139
5590,139
5591,139
5592,139
5593,139
5594,139
5595,139
5596,139
5597,139
5598,139
5599,139
5600,139
5601,139
5602,139
5603,139
5604,139
5605,139
5606,139
5607,139
5608,139
5609,139
5610,139
5611,139
5612,139
5613,139
5614,139
5615,139
5616,139
5617,139
5618,139
5619,139
5620,139
5621,139
5622,139
5623,139
5624,139
5625,139
5626,139
5627,139
5628,139
5629,139
5630,139
5631,139
5632,139
5633,139
5634,139
5635,139
5636,139
5637,139
5638,139
5639,139
5640,139
5641,139
5642,139
5643,139
5644,139
5645,139
5646,139
5647,139
5648,139
5649,139
5650,139
5651,139
5652,139
5653,139
5654,139
5655,139
5656,139
5657,139
5658,139
5659,139
5660,139
5661,139
5662,139
5663,139
5664,139
5665,139
5666,139
5667,139
5668,139
5669,139
5670,139
5671,139
5672,139
5673,139
5674,139
5675,139
5676,139
5677,139
5678,139
5679,139
5680,139
5681,139
5682,139
5683,139
5684,139
5685,139
5686,139
5687,139
5688,139
5689,139
5690,139
5691,139
5692,139
5693,139
5694,139
5695,139
5696,139
5697,139
5698,139
5699,139
5700,139
5701,139
5702,139
5703,139
5704,139
5705,139
5706,139
5707,139
5708,139
5709,139
5710,139
5711,139
5712,139
5713,139
5714,139
5715,139
5716,139
5717,139
5718,139
5719,139
5720,139
5721,139
5722,139
5723,139
5724,139
5725,139
5726,139
5727,139
5728,139
5729,139
5730,139
5731,139
5732,139
5733,139
5734,139
5735,139
5736,139
5737,139
5738,139
5739,139
5740,139
5741,139
5742,139
5743,139
5744,139
5745,139
5746,139
5747,139
5748,139
5749,139
5750,139
5751,139
5752,139
5753,139
5754,139
5755,139
5756,139
5757,139
5758,139
5759,139
5760,139
5761,139
5762,139
5763,139
5764,139
5765,139
5766,139
5767,139
5768,139
5769,139
5770,139
5771,139
5772,139
5773,139
5774,139
5775,139
5776,139
5777,139
5778,139
5779,139
5780,139
5781,139
5782,139
5783,139
5784,139
5785,139
5786,139
5787,139
5788,139
5789,139
5790,139
5791,139
5792,139
5793,139
5794,139
5795,139
5796,139
5797,139
5798,139
5799,139
5800,139
5801,139
5802,139
5803,139
5804,139
5805,139
5806,139
5807,139
5808,139
5809,139
5810,139
5811,139
5812,139
5813,139
5814,139
5815,139
5816,139
5817,139
5818,139
5819,139
5820,139
5821,139
5822,139
5823,139
5824,139
5825,139
5826,139
5827,139
5828,139
5829,139
5830,139
5831,139
5832,139
5833,139
5834,139
5835,139
5836,139
5837,139
5838,139
5839,139
5840,139
5841,139
5842,139
5843,139
5844,139
5845,139
5846,139
5847,139
5848,139
5849,139
5850,139
5851,139
5852,139
5853,139
5854,139
5855,139
5856,139
5857,139
5858,139
5859,139
5860,139
5861,139
5862,139
5863,139
5864,139
5865,139
5866,139
5867,139
5868,139
5869,139
5870,139
5871,139
5872,139
5873,139
5874,139
5875,139
5876,139
5877,139
5878,139
5879,139
5880,139
5881,139
5882,139
5883,139
5884,139
5885,139
5886,139
5887,139
5888,139
5889,139
5890,139
5891,139
5892,139
5893,139
5894,139
5895,139
5896,139
5897,139
5898,139
5899,139
5900,139
5901,139
5902,139
5903,139
5904,139
5905,139
5906,139
5907,139
5908,139
5909,139
5910,139
5911,139
5912,139
5913,139
5914,139
5915,139
5916,139
5917,139
5918,139
5919,139
5920,139
5921,139
5922,139
5923,139
5924,139
5925,139
5926,139
5927,139
5928,139
5929,139
5930,139
5931,139
5932,139
5933,139
5934,139
5935,139
5936,139
5937,139
5938,139
5939,139
5940,139
5941,139
5942,139
5943,139
5944,139
5945,139
5946,139
5947,139
5948,139
5949,139
5950,139
5951,139
5952,139
5953,139
5954,139
5955,139
5956,139
5957,139
5958,139
5959,139
5960,139
5961,139
5962,139
5963,139
5964,139
5965,139
5966,139
5967,139
5968,139
5969,139
5970,139
5971,139
5972,139
5973,139
5974,139
5975,139
5976,139
5977,139
5978,139
5979,139
5980,139
5981,139
5982,139
5983,139
5984,139
5985,139
5986,139
5987,139
5988,139
5989,139
5990,139
5991,139
5992,139
5993,139
5994,139
5995,139
5996,139
5997,139
5998,139
5999,139
6000,139
6001,139
6002,139
6003,139
6004,139
6005,139
6006,139
6007,139
6008,139
6009,139
6010,139
6011,139
6012,139
6013,139
6014,139
6015,139
6016,139
6017,139
6018,139
6019,139
6020,139
6021,139
6022,139
6023,139
6024,139
6025,139
6026,139
6027,139
6028,139
6029,139
6030,139
6031,139
6032,139
6033,139
6034,139
6035,139
6036,139
6037,139
6038,139
6039,139
6040,139
6041,139
6042,139
6043,139
6044,139
6045,139
6046,139
6047,139
6048,139
6049,139
6050,139
6051,139
6052,139
6053,139
6054,139
6055,139
6056,139
6057,139
6058,139
6059,139
6060,139
6061,139
6062,139
6063,139
6064,139
6065,139
6066,139
6067,139
6068,139
6069,139
6070,139
6071,139
6072,139
6073,139
6074,139
6075,139
6076,139
6077,139
6078,139
6079,139
6080,139
6081,139
6082,139
6083,139
6084,139
6085,139
6086,139
6087,139
6088,139
6089,139
6090,139
6091,139
6092,139
6093,139
6094,139
6095,139
6096,139
6097,139
6098,139
6099,139
6100,139
6101,139
6102,139
6103,139
6104,139
6105,139
6106,139
6107,139
6108,139
6109,139
6110,139
6111,139
6112,139
6113,139
6114,139
6115,139
6116,139
6117,139
6118,139
6119,139
6120,139
6121,139
6122,139
6123,139
6124,139
6125,139
6126,139
6127,139
6128,139
6129,139
6130,139
6131,139
6132,139
6133,139
6134,139
6135,139
6136,139
6137,139
6138,139
6139,139
6140,139
6141,139
6142,139
6143,139
6144,139
6145,139
6146,139
6147,139
6148,139
6149,139
6150,139
6151,139
6152,139
6153,139
6154,139
6155,139
6156,139
6157,139
6158,139
6159,139
6160,139
6161,139
6162,139
6163,139
6164,139
6165,139
6166,139
6167,139
6168,139
6169,139
6170,139
6171,139
6172,139
6173,139
6174,139
6175,139
6176,139
6177,139
6178,139
6179,139
6180,139
6181,139
6182,139
6183,139
6184,139
6185,139
6186,139
6187,139
6188,139
6189,139
6190,139
6191,139
6192,139
6193,139
6194,139
6195,139
6196,139
6197,139
6198,139
6199,139
6200,139
6201,139
6202,139
6203,139
6204,139
6205,139
6206,139
6207,139
6208,139
6209,139
6210,139
6211,139
6212,139
6213,139
6214,139
6215,139
6216,139
6217,139
6218,139
6219,139
6220,139
6221,139
6222,139
6223,139
6224,139
6225,139
6226,139
6227,139
6228,139
6229,139
6230,139
6231,139
6232,139
6233,139
6234,139
6235,139
6236,139
6237,139
6238,139
6239,139
6240,139
6241,139
6242,139
6243,139
6244,139
6245,139
6246,139
6247,139
6248,139
6249,139
6250,139
6251,139
6252,139
6253,139
6254,139
6255,139
6256,139
6257,139
6258,139
6259,139
6260,139
6261,139
6262,139
6263,139
6264,139
6265,139
6266,139
6267,139
6268,139
6269,139
6270,139
6271,139
6272,139
6273,139
6274,139
6275,139
6276,139
6277,139
6278,139
6279,139
6280,139
6281,139
6282,139
6283,139
6284,139
6285,139
6286,139
6287,139
6288,139
6289,139
6290,139
6291,139
6292,139
6293,139
6294,139
6295,139
6296,139
6297,139
6298,139
6299,139
6300,139
6301,139
6302,139
6303,139
6304,139
6305,139
6306,139
6307,139
6308,139
6309,139
6310,139
6311,139
6312,139
6313,139
6314,139
6315,139
6316,139
6317,139
6318,139
6319,139
6320,139
6321,139
6322,139
6323,139
6324,139
6325,139
6326,139
6327,139
6328,139
6329,139
6330,139
6331,139
6332,139
6333,139
6334,139
6335,139
6336,139
6337,139
6338,139
6339,139
6340,139
6341,139
6342,139
6343,139
6344,139
6345,139
6346,139
6347,139
6348,139
6349,139
6350,139
6351,139
6352,139
6353,139
6354,139
6355,139
6356,139
6357,139
6358,139
6359,139
6360,139
6361,139
6362,139
6363,139
6364,139
6365,139
6366,139
6367,139
6368,139
6369,139
6370,139
6371,139
6372,139
6373,139
6374,139
6375,139
6376,139
6377,139
6378,139
6379,139
6380,139
6381,139
6382,139
6383,139
6384,139
6385,139
6386,139
6387,139
6388,139
6389,139
6390,139
6391,139
6392,139
6393,139
6394,139
6395,139
6396,139
6397,139
6398,139
6399,139
6400,139
6401,139
6402,139
6403,139
6404,139
6405,139
6406,139
6407,139
6408,139
6409,139
6410,139
6411,139
6412,139
6413,139
6414,139
6415,139
6416,139
6417,139
6418,139
6419,139
6420,139
6421,139
6422,139
6423,139
6424,139
6425,139
6426,139
6427,139
6428,139
6429,139
6430,139
6431,139
6432,139
6433,139
6434,139
6435,139
6436,139
6437,139
6438,139
6439,139
6440,139
6441,139
6442,139
6443,139
6444,139
6445,139
6446,139
6447,139
6448,139
6449,139
6450,139
6451,139
6452,139
6453,139
6454,139
6455,139
6456,139
6457,139
6458,139
6459,139
6460,139
6461,139
6462,139
6463,139
6464,139
6465,139
6466,139
6467,139
6468,139
6469,139
6470,139
6471,139
6472,139
6473,139
6474,139
6475,139
6476,139
6477,139
6478,139
6479,139
6480,139
6481,139
6482,139
6483,139
6484,139
6485,139
6486,139
6487,139
6488,139
6489,139
6490,139
6491,139
6492,139
6493,139
6494,139
6495,139
6496,139
6497,139
6498,139
6499,139
6500,139
6501,139
6502,140
6503,140
6504,140
6505,140
6506,140
6507,140
6508,140
6509,140
6510,140
6511,140
6512,140
6513,140
6514,140
6515,140
6516,140
6517,140
6518,140
6519,140
6520,140
6521,140
6522,140
6523,140
6524,140
6525,140
6526,140
6527,140
6528,140
6529,140
6530,140
6531,140
6532,140
6533,140
6534,140
6535,140
6536,140
6537,140
6538,140
6539,140
6540,140
6541,140
6542,140
6543,140
6544,140
6545,140
6546,140
6547,140
6548,140
6549,140
6550,140
6551,140
6552,140
6553,140
6554,140
6555,140
6556,140
6557,140
6558,140
6559,140
6560,140
6561,140
6562,140
6563,140
6564,140
6565,140
6566,140
6567,140
6568,140
6569,140
6570,140
6571,140
6572,140
6573,140
6574,140
6575,140
6576,140
6577,140
6578,140
6579,140
6580,140
6581,140
6582,140
6583,140
6584,140
6585,140
6586,140
6587,140
6588,140
6589,140
6590,140
6591,140
6592,140
6593,140
6594,140
6595,140
6596,140
6597,140
6598,140
6599,140
6600,140
6601,140
6602,140
6603,140
6604,140
6605,140
6606,140
6607,140
6608,140
6609,140
6610,140
6611,140
6612,140
6613,140
6614,140
6615,140
6616,140
6617,140
6618,140
6619,140
6620,140
6621,140
6622,140
6623,140
6624,140
6625,140
6626,140
6627,140
6628,140
6629,140
6630,140
6631,140
6632,140
6633,140
6634,140
6635,140
6636,140
6637,140
6638,140
6639,140
6640,140
6641,140
6642,140
6643,140
6644,140
6645,140
6646,140
6647,140
6648,140
6649,140
6650,140
6651,140
6652,140
6653,140
6654,140
6655,140
6656,141
6657,142
6658,142
6659,142
6660,142
6661,142
6662,142
6663,142
6664,142
6665,142
6666,142
6667,142
6668,142
6669,142
6670,142
6671,142
6672,142
6673,143
6674,143
6675,143
6676,143
6677,143
6678,143
6679,143
6680,143
6681,143
6682,143
6683,143
6684,143
6685,143
6686,144
6687,144
6688,144
6689,144
6690,144
6691,144
6692,144
6693,144
6694,144
6695,144
6696,144
6697,144
6698,144
6699,144
6700,144
6701,144
6702,144
6703,144
6704,144
6705,144
6706,144
6707,144
6708,144
6709,144
6710,144
6711,144
6712,144
6713,144
6714,144
6715,144
6716,144
6717,144
6718,144
6719,144
6720,144
6721,144
6722,144
6723,144
6724,144
6725,144
6726,144
6727,144
6728,144
6729,144
6730,144
6731,144
6732,144
6733,144
6734,144
6735,144
6736,144
6737,144
6738,144
6739,144
6740,144
6741,144
6742,144
6743,144
6744,144
6745,144
6746,144
6747,144
6748,144
6749,144
6750,144
6751,144
6752,144
6753,144
6754,144
6755,144
6756,144
6757,144
6758,144
6759,144
6760,144
6761,144
6762,144
6763,144
6764,144
6765,144
6766,144
6767,144
6768,144
6769,144
6770,144
6771,144
6772,144
6773,144
6774,144
6775,144
6776,144
6777,144
6778,144
6779,144
6780,144
6781,144
6782,144
6783,144
6784,144
6785,144
6786,144
6787,144
6788,144
6789,144
6790,144
6791,144
6792,144
6793,144
6794,144
6795,144
6796,144
6797,144
6798,144
6799,144
6800,144
6801,144
6802,144
6803,144
6804,144
6805,144
6806,144
6807,144
6808,144
6809,144
6810,144
6811,144
6812,144
6813,144
6814,144
6815,144
6816,144
6817,144
6818,144
6819,144
6820,144
6821,144
6822,144
6823,144
6824,144
6825,144
6826,144
6827,144
6828,144
6829,144
6830,144
6831,144
6832,144
6833,144
6834,144
6835,144
6836,144
6837,144
6838,144
6839,144
6840,144
6841,144
6842,144
6843,144
6844,144
6845,144
6846,144
6847,144
6848,144
6849,144
6850,144
6851,144
6852,144
6853,144
6854,144
6855,144
6856,144
6857,144
6858,144
6859,144
6860,144
6861,144
6862,144
6863,144
6864,144
6865,144
6866,144
6867,144
6868,144
6869,144
6870,144
6871,144
6872,144
6873,144
6874,144
6875,144
6876,144
6877,144
6878,144
6879,144
6880,144
6881,144
6882,144
6883,144
6884,144
6885,144
6886,144
6887,144
6888,144
6889,144
6890,144
6891,144
6892,144
6893,144
6894,144
6895,144
6896,144
6897,144
6898,144
6899,144
6900,144
6901,144
6902,144
6903,144
6904,144
6905,144
6906,144
6907,144
6908,144
6909,144
6910,144
6911,144
6912,144
6913,144
6914,144
6915,144
6916,144
6917,144
6918,144
6919,144
6920,144
6921,144
6922,144
6923,144
6924,144
6925,144
6926,144
6927,144
6928,144
6929,144
6930,144
6931,144
6932,144
6933,144
6934,144
6935,144
6936,144
6937,144
6938,144
6939,144
6940,144
6941,144
6942,144
6943,144
6944,144
6945,144
6946,144
6947,144
6948,144
6949,144
6950,144
6951,144
6952,144
6953,144
6954,144
6955,144
6956,144
6957,144
6958,144
6959,144
6960,144
6961,144
6962,144
6963,144
6964,144
6965,144
6966,144
6967,144
6968,144
6969,144
6970,144
6971,144
6972,144
6973,144
6974,144
6975,144
6976,144
6977,144
6978,144
6979,144
6980,144
6981,144
6982,144
6983,144
6984,144
6985,144
6986,144
6987,144
6988,144
6989,144
6990,144
6991,144
6992,144
6993,144
6994,144
6995,144
6996,144
6997,144
6998,144
6999,144
7000,144
7001,144
7002,144
7003,144
7004,144
7005,144
7006,144
7007,144
7008,144
7009,144
7010,144
7011,144
7012,144
7013,144
7014,144
7015,144
7016,144
7017,144
7018,144
7019,144
7020,144
7021,144
7022,144
7023,144
7024,144
7025,144
7026,144
7027,144
7028,144
7029,144
7030,144
7031,144
7032,144
7033,144
7034,144
7035,144
7036,144
7037,144
7038,144
7039,144
7040,144
7041,144
7042,144
7043,144
7044,144
7045,144
7046,144
7047,144
7048,144
7049,144
7050,144
7051,144
7052,144
7053,144
7054,144
7055,144
7056,144
7057,144
7058,144
7059,144
7060,144
7061,144
7062,144
7063,144
7064,144
7065,144
7066,144
7067,144
7068,144
7069,144
7070,144
7071,144
7072,144
7073,144
7074,144
7075,144
7076,144
7077,144
7078,144
7079,144
7080,144
7081,144
7082,144
7083,144
7084,144
7085,144
7086,144
7087,144
7088,144
7089,144
7090,144
7091,144
7092,144
7093,144
7094,144
7095,144
7096,144
7097,144
7098,144
7099,144
7100,144
7101,144
7102,144
7103,144
7104,144
7105,144
7106,144
7107,144
7108,144
7109,144
7110,144
7111,144
7112,144
7113,144
7114,144
7115,144
7116,144
7117,144
7118,144
7119,144
7120,144
7121,144
7122,144
7123,144
7124,144
7125,144
7126,144
7127,144
7128,144
7129,144
7130,144
7131,144
7132,144
7133,144
7134,144
7135,144
7136,144
7137,144
7138,144
7139,144
7140,144
7141,144
7142,144
7143,144
7144,144
7145,144
7146,144
7147,144
7148,144
7149,144
7150,144
7151,144
7152,144
7153,144
7154,144
7155,144
7156,144
7157,144
7158,144
7159,144
7160,144
7161,144
7162,144
7163,144
7164,144
7165,144
7166,144
7167,144
7168,144
7169,144
7170,144
7171,144
7172,144
7173,144
7174,144
7175,144
7176,144
7177,144
7178,144
7179,144
7180,144
7181,144
7182,144
7183,144
7184,144
7185,144
7186,144
7187,144
7188,144
7189,144
7190,144
7191,144
7192,144
7193,144
7194,144
7195,144
7196,144
7197,144
7198,144
7199,144
7200,144
7201,144
7202,144
7203,144
7204,144
7205,144
7206,144
7207,144
7208,144
7209,144
7210,144
7211,144
7212,144
7213,144
7214,144
7215,144
7216,144
7217,144
7218,144
7219,144
7220,144
7221,144
7222,144
7223,144
7224,144
7225,144
7226,144
7227,144
7228,144
7229,144
7230,144
7231,144
7232,144
7233,144
7234,144
7235,144
7236,144
7237,144
7238,144
7239,144
7240,144
7241,144
7242,144
7243,144
7244,144
7245,144
7246,144
7247,144
7248,144
7249,144
7250,144
7251,144
7252,144
7253,144
7254,144
7255,144
7256,144
7257,144
7258,144
7259,144
7260,144
7261,144
7262,144
7263,144
7264,144
7265,144
7266,144
7267,144
7268,144
7269,144
7270,144
7271,144
7272,144
7273,144
7274,144
7275,144
7276,144
7277,144
7278,144
7279,144
7280,144
7281,144
7282,144
7283,144
7284,144
7285,144
7286,144
7287,144
7288,144
7289,144
7290,144
7291,144
7292,144
7293,144
7294,144
7295,144
7296,144
7297,144
7298,144
7299,144
7300,144
7301,144
7302,144
7303,144
7304,144
7305,144
7306,144
7307,144
7308,144
7309,144
7310,144
7311,144
7312,144
7313,144
7314,144
7315,144
7316,144
7317,144
7318,144
7319,144
7320,144
7321,144
7322,144
7323,144
7324,144
7325,144
7326,144
7327,144
7328,144
7329,144
7330,144
7331,144
7332,144
7333,144
7334,144
7335,144
7336,144
7337,144
7338,144
7339,144
7340,144
7341,144
7342,144
7343,144
7344,144
7345,144
7346,144
7347,144
7348,144
7349,144
7350,144
7351,144
7352,144
7353,144
7354,144
7355,144
7356,144
7357,144
7358,144
7359,144
7360,144
7361,144
7362,144
7363,144
7364,144
7365,144
7366,144
7367,144
7368,144
7369,144
7370,144
7371,144
7372,144
7373,144
7374,144
7375,144
7376,144
7377,144
7378,144
7379,144
7380,144
7381,144
7382,144
7383,144
7384,144
7385,144
7386,144
7387,144
7388,144
7389,144
7390,144
7391,144
7392,144
7393,144
7394,144
7395,144
7396,144
7397,144
7398,144
7399,144
7400,144
7401,144
7402,144
7403,144
7404,144
7405,144
7406,144
7407,144
7408,144
7409,144
7410,144
7411,144
7412,144
7413,144
7414,144
7415,144
7416,144
7417,144
7418,144
7419,144
7420,144
7421,144
7422,144
7423,144
7424,144
7425,144
7426,144
7427,144
7428,144
7429,144
7430,144
7431,144
7432,144
7433,144
7434,144
7435,144
7436,144
7437,144
7438,144
7439,144
7440,144
7441,144
7442,144
7443,144
7444,144
7445,144
7446,144
7447,144
7448,144
7449,144
7450,144
7451,144
7452,144
7453,144
7454,144
7455,144
7456,144
7457,144
7458,144
7459,144
7460,144
7461,144
7462,144
7463,144
7464,144
7465,144
7466,144
7467,144
7468,144
7469,144
7470,144
7471,144
7472,144
7473,144
7474,144
7475,144
7476,144
7477,144
7478,144
7479,144
7480,144
7481,144
7482,144
7483,144
7484,144
7485,144
7486,144
7487,144
7488,144
7489,144
7490,144
7491,144
7492,144
7493,144
7494,144
7495,144
7496,144
7497,144
7498,144
7499,144
7500,144
7501,144
7502,144
7503,144
7504,144
7505,144
7506,144
7507,144
7508,144
7509,144
7510,144
7511,144
7512,144
7513,144
7514,144
7515,144
7516,144
7517,144
7518,144
7519,144
7520,144
7521,144
7522,144
7523,144
7524,144
7525,144
7526,144
7527,144
7528,144
7529,144
7530,144
7531,144
7532,144
7533,144
7534,144
7535,144
7536,144
7537,144
7538,144
7539,144
7540,144
7541,144
7542,144
7543,144
7544,144
7545,144
7546,144
7547,144
7548,144
7549,144
7550,144
7551,144
7552,144
7553,144
7554,144
7555,144
7556,144
7557,144
7558,144
7559,144
7560,144
7561,144
7562,144
7563,144
7564,144
7565,144
7566,144
7567,144
7568,144
7569,144
7570,144
7571,144
7572,144
7573,144
7574,144
7575,144
7576,144
7577,144
7578,144
7579,144
7580,144
7581,145
