0,0
1,1
2,2
3,3
4,4
5,5
6,6
7,7
8,8
9,9
10,10
11,11
12,12
13,13
14,14
15,15
16,16
17,17
18,17
19,18
20,19
21,20
22,21
23,22
24,23
25,24
26,25
27,25
28,26
29,27
30,28
31,29
32,30
33,31
34,32
35,32
36,32
37,33
38,33
39,34
40,35
41,35
42,35
43,35
44,36
45,37
46,38
47,39
48,39
49,39
50,39
51,39
52,39
53,40
54,40
55,40
56,40
57,41
58,42
59,43
60,44
61,45
62,45
63,45
64,46
65,47
66,48
67,49
68,49
69,49
70,49
71,50
72,50
73,50
74,50
75,50
76,50
77,50
78,50
79,50
80,50
81,51
82,51
83,52
84,53
85,54
86,54
87,55
88,55
89,55
90,55
91,56
92,57
93,57
94,58
95,58
96,58
97,58
98,59
99,60
100,60
101,61
102,62
103,63
104,63
105,63
106,64
107,64
108,64
109,65
110,65
111,65
112,66
113,66
114,67
115,68
116,69
117,69
118,69
119,70
120,71
121,71
122,71
123,72
124,72
125,73
126,73
127,73
128,73
129,73
130,73
131,73
132,74
133,75
134,75
135,75
136,75
137,75
138,75
139,75
140,75
141,76
142,77
143,77
144,77
145,77
146,77
147,77
148,77
149,77
150,77
151,77
152,78
153,78
154,78
155,78
156,78
157,78
158,78
159,78
160,78
161,78
162,78
163,79
164,79
165,79
166,79
167,79
168,79
169,79
170,79
171,79
172,79
173,79
174,79
175,79
176,79
177,79
178,79
179,80
180,80
181,80
182,80
183,80
184,80
185,80
186,80
187,80
188,80
189,80
190,81
191,81
192,81
193,81
194,81
195,81
196,81
197,81
198,81
199,81
200,81
201,81
202,81
203,82
204,82
205,83
206,83
207,83
208,83
209,83
210,83
211,83
212,84
213,85
214,85
215,85
216,85
217,85
218,86
219,87
220,87
221,87
222,87
223,88
224,88
225,88
226,89
227,89
228,89
229,89
230,90
231,90
232,90
233,90
234,90
235,90
236,90
237,91
238,91
239,91
240,91
241,91
242,91
243,92
244,92
245,92
246,92
247,92
248,92
249,92
250,92
251,92
252,92
253,92
254,92
255,92
256,92
257,92
258,92
259,92
260,92
261,92
262,93
263,93
264,93
265,93
266,93
267,93
268,93
269,93
270,93
271,93
272,93
273,93
274,93
275,93
276,93
277,93
278,93
279,93
280,93
281,93
282,93
283,93
284,93
285,93
286,93
287,93
288,93
289,93
290,94
291,94
292,94
293,94
294,94
295,94
296,94
297,94
298,95
299,95
300,95
301,95
302,95
303,95
304,95
305,95
306,95
307,95
308,95
309,95
310,95
311,95
312,96
313,96
314,96
315,96
316,96
317,96
318,96
319,96
320,96
321,96
322,96
323,96
324,96
325,96
326,96
327,96
328,96
329,96
330,96
331,96
332,96
333,96
334,96
335,96
336,96
337,96
338,96
339,96
340,96
341,96
342,96
343,96
344,96
345,96
346,96
347,96
348,96
349,96
350,96
351,96
352,96
353,96
354,96
355,96
356,96
357,96
358,96
359,96
360,96
361,96
362,96
363,96
364,96
365,96
366,96
367,96
368,96
369,96
370,96
371,96
372,96
373,96
374,96
375,96
376,96
377,96
378,96
379,96
380,96
381,96
382,96
383,96
384,97
385,98
386,98
387,98
388,98
389,98
390,98
391,98
392,98
393,98
394,98
395,98
396,98
397,98
398,98
399,98
400,98
401,98
402,98
403,98
404,98
405,98
406,98
407,98
408,98
409,98
410,98
411,98
412,98
413,98
414,98
415,98
416,98
417,98
418,98
419,98
420,98
421,99
422,99
423,99
424,99
425,99
426,99
427,99
428,99
429,99
430,99
431,99
432,99
433,99
434,100
435,100
436,101
437,102
438,103
439,104
440,104
441,104
442,104
443,104
444,104
445,104
446,104
447,104
448,104
449,104
450,104
451,104
452,104
453,104
454,104
455,104
456,104
457,104
458,104
459,104
460,104
461,104
462,104
463,104
464,104
465,104
466,104
467,104
468,104
469,104
470,104
471,104
472,104
473,104
474,104
475,104
476,104
477,104
478,104
479,104
480,104
481,104
482,104
483,104
484,104
485,104
486,104
487,104
488,104
489,104
490,104
491,104
492,104
493,104
494,104
495,104
496,104
497,104
498,104
499,104
500,104
501,104
502,104
503,104
504,104
505,104
506,104
507,104
508,104
509,104
510,104
511,104
512,104
513,104
514,104
515,104
516,104
517,105
518,106
519,106
520,106
521,106
522,106
523,106
524,107
525,107
526,107
527,107
528,107
529,107
530,107
531,107
532,107
533,107
534,107
535,107
536,107
537,108
538,108
539,108
540,108
541,108
542,108
543,108
544,108
545,108
546,108
547,108
548,108
549,108
550,108
551,108
552,108
553,108
554,108
555,108
556,108
557,108
558,108
559,108
560,108
561,108
562,108
563,108
564,108
565,108
566,108
567,108
568,108
569,108
570,108
571,108
572,108
573,108
574,108
575,108
576,108
577,108
578,108
579,108
580,108
581,108
582,108
583,108
584,108
585,108
586,108
587,108
588,108
589,108
590,108
591,108
592,108
593,109
594,109
595,109
596,109
597,109
598,109
599,109
600,109
601,109
602,109
603,109
604,109
605,109
606,109
607,109
608,109
609,109
610,109
611,109
612,109
613,109
614,109
615,109
616,109
617,109
618,109
619,109
620,109
621,109
622,109
623,109
624,109
625,109
626,109
627,109
628,109
629,109
630,109
631,110
632,110
633,110
634,110
635,110
636,110
637,110
638,110
639,110
640,110
641,110
642,110
643,110
644,110
645,110
646,110
647,110
648,110
649,110
650,110
651,110
652,110
653,110
654,110
655,110
656,110
657,110
658,110
659,110
660,110
661,110
662,110
663,110
664,110
665,110
666,110
667,110
668,110
669,110
670,110
671,110
672,110
673,110
674,110
675,110
676,110
677,110
678,110
679,110
680,110
681,110
682,110
683,110
684,110
685,110
686,110
687,110
688,110
689,110
690,110
691,110
692,110
693,110
694,110
695,110
696,110
697,110
698,110
699,110
700,110
701,110
702,110
703,110
704,110
705,110
706,110
707,110
708,110
709,110
710,110
711,110
712,110
713,110
714,110
715,110
716,110
717,110
718,110
719,110
720,110
721,110
722,110
723,110
724,110
725,110
726,110
727,110
728,110
729,110
730,110
731,110
732,110
733,110
734,110
735,110
736,110
737,110
738,110
739,110
740,110
741,110
742,110
743,110
744,110
745,110
746,111
747,111
748,111
749,111
750,111
751,111
752,111
753,111
754,111
755,111
756,111
757,111
758,111
759,111
760,111
761,111
762,111
763,111
764,111
765,111
766,111
767,111
768,111
769,111
770,111
771,111
772,111
773,111
774,111
775,111
776,111
777,111
778,111
779,111
780,111
781,111
782,111
783,111
784,111
785,111
786,111
787,111
788,111
789,111
790,111
791,111
792,111
793,111
794,111
795,111
796,111
797,111
798,111
799,111
800,111
801,111
802,111
803,111
804,111
805,111
806,111
807,111
808,111
809,111
810,111
811,111
812,111
813,111
814,111
815,111
816,111
817,111
818,111
819,111
820,111
821,111
822,111
823,111
824,111
825,111
826,111
827,111
828,111
829,111
830,111
831,112
832,113
833,114
834,115
835,115
836,115
837,115
838,116
839,116
840,116
841,117
842,117
843,117
844,118
845,118
846,118
847,118
848,118
849,118
850,118
851,118
852,118
853,118
854,118
855,118
856,119
857,119
858,119
859,119
860,119
861,119
862,119
863,119
864,119
865,119
866,119
867,119
868,119
869,119
870,119
871,119
872,119
873,119
874,119
875,119
876,119
877,119
878,119
879,119
880,119
881,119
882,119
883,119
884,119
885,119
886,119
887,119
888,119
889,119
890,119
891,119
892,119
893,119
894,119
895,119
896,119
897,119
898,119
899,119
900,119
901,119
902,119
903,120
904,120
905,121
906,121
907,121
908,121
909,121
910,121
911,121
912,121
913,121
914,121
915,122
916,122
917,122
918,123
919,124
920,124
921,124
922,125
923,126
924,126
925,126
926,127
927,127
928,127
929,127
930,127
931,127
932,128
933,128
934,128
935,128
936,128
937,128
938,128
939,128
940,128
941,128
942,128
943,128
944,128
945,128
946,128
947,128
948,128
949,128
950,128
951,128
952,128
953,128
954,128
955,128
956,128
957,128
958,128
959,128
960,128
961,128
962,128
963,128
964,128
965,128
966,128
967,128
968,128
969,128
970,128
971,128
972,129
973,130
974,131
975,131
976,131
977,131
978,131
979,131
980,131
981,131
982,131
983,131
984,131
985,131
986,131
987,131
988,131
989,131
990,131
991,131
992,131
993,131
994,131
995,131
996,131
997,131
998,131
999,131
1000,131
1001,131
1002,131
1003,131
1004,131
1005,131
1006,131
1007,131
1008,131
1009,131
1010,131
1011,131
1012,131
1013,131
1014,131
1015,131
1016,131
1017,131
1018,131
1019,131
1020,131
1021,131
1022,131
1023,131
1024,131
1025,131
1026,131
1027,131
1028,131
1029,131
1030,131
1031,131
1032,131
1033,131
1034,131
1035,131
1036,131
1037,131
1038,131
1039,131
1040,131
1041,131
1042,131
1043,131
1044,131
1045,131
1046,131
1047,131
1048,131
1049,131
1050,131
1051,131
1052,131
1053,131
1054,131
1055,132
1056,133
1057,133
1058,134
1059,134
1060,135
1061,135
1062,136
1063,136
1064,136
1065,136
1066,136
1067,136
1068,136
1069,136
1070,136
1071,136
1072,136
1073,136
1074,136
1075,136
1076,136
1077,136
1078,136
1079,136
1080,136
1081,136
1082,136
1083,136
1084,136
1085,136
1086,136
1087,136
1088,136
1089,136
1090,136
1091,136
1092,136
1093,136
1094,136
1095,136
1096,136
1097,136
1098,136
1099,136
1100,136
1101,136
1102,136
1103,136
1104,136
1105,136
1106,136
1107,136
1108,136
1109,136
1110,136
1111,136
1112,136
1113,136
1114,136
1115,136
1116,136
1117,136
1118,136
1119,136
1120,136
1121,136
1122,136
1123,136
1124,136
1125,136
1126,136
1127,136
1128,136
1129,136
1130,136
1131,136
1132,136
1133,136
1134,136
1135,136
1136,136
1137,136
1138,136
1139,136
1140,136
1141,136
1142,136
1143,136
1144,136
1145,136
1146,136
1147,136
1148,136
1149,136
1150,136
1151,136
1152,136
1153,136
1154,136
1155,136
1156,136
1157,136
1158,136
1159,136
1160,136
1161,136
1162,136
1163,136
1164,136
1165,136
1166,136
1167,136
1168,136
1169,136
1170,136
1171,137
1172,138
1173,138
1174,138
1175,138
1176,138
1177,138
1178,138
1179,138
1180,138
1181,138
1182,138
1183,138
1184,138
1185,138
1186,138
1187,138
1188,138
1189,138
1190,138
1191,139
1192,139
1193,140
1194,140
1195,140
1196,140
1197,140
1198,140
1199,140
1200,140
1201,140
1202,140
1203,140
1204,140
1205,140
1206,140
1207,140
1208,140
1209,140
1210,140
1211,140
1212,140
1213,140
1214,140
1215,140
1216,140
1217,140
1218,140
1219,140
1220,140
1221,140
1222,140
1223,140
1224,140
1225,140
1226,140
1227,140
1228,140
1229,140
1230,140
1231,140
1232,140
1233,140
1234,140
1235,140
1236,140
1237,140
1238,140
1239,140
1240,140
1241,140
1242,140
1243,140
1244,140
1245,140
1246,140
1247,140
1248,140
1249,140
1250,140
1251,140
1252,140
1253,140
1254,140
1255,140
1256,140
1257,140
1258,140
1259,140
1260,140
1261,140
1262,140
1263,140
1264,140
1265,140
1266,140
1267,140
1268,140
1269,140
1270,140
1271,140
1272,140
1273,140
1274,140
1275,140
1276,140
1277,140
1278,140
1279,140
1280,140
1281,140
1282,140
1283,140
1284,140
1285,140
1286,140
1287,140
1288,140
1289,140
1290,140
1291,140
1292,140
1293,140
1294,140
1295,140
1296,140
1297,140
1298,140
1299,140
1300,140
1301,140
1302,140
1303,140
1304,140
1305,140
1306,140
1307,140
1308,140
1309,140
1310,140
1311,140
1312,140
1313,140
1314,140
1315,140
1316,140
1317,140
1318,140
1319,140
1320,140
1321,140
1322,140
1323,140
1324,140
1325,140
1326,140
1327,140
1328,140
1329,140
1330,140
1331,140
1332,140
1333,140
1334,140
1335,140
1336,140
1337,140
1338,140
1339,140
1340,140
1341,140
1342,140
1343,140
1344,140
1345,140
1346,140
1347,140
1348,140
1349,140
1350,140
1351,140
1352,140
1353,140
1354,140
1355,140
1356,140
1357,140
1358,140
1359,140
1360,140
1361,140
1362,140
1363,140
1364,140
1365,140
1366,140
1367,140
1368,140
1369,140
1370,140
1371,140
1372,140
1373,140
1374,140
1375,140
1376,140
1377,140
1378,140
1379,140
1380,140
1381,140
1382,140
1383,140
1384,140
1385,140
1386,140
1387,140
1388,140
1389,140
1390,140
1391,140
1392,140
1393,140
1394,140
1395,140
1396,140
1397,140
1398,140
1399,140
1400,140
1401,140
1402,140
1403,140
1404,140
1405,140
1406,140
1407,140
1408,140
1409,140
1410,140
1411,140
1412,140
1413,140
1414,140
1415,140
1416,140
1417,140
1418,140
1419,140
1420,140
1421,140
1422,140
1423,140
1424,140
1425,140
1426,140
1427,140
1428,140
1429,140
1430,140
1431,140
1432,140
1433,140
1434,140
1435,140
1436,140
1437,140
1438,141
1439,141
1440,141
1441,141
1442,141
1443,141
1444,141
1445,141
1446,141
1447,141
1448,141
1449,141
1450,141
1451,141
1452,141
1453,141
1454,141
1455,141
1456,141
1457,141
1458,141
1459,141
1460,141
1461,141
1462,141
1463,141
1464,141
1465,141
1466,141
1467,141
1468,141
1469,141
1470,141
1471,141
1472,141
1473,141
1474,141
1475,141
1476,141
1477,141
1478,141
1479,141
1480,141
1481,141
1482,141
1483,141
1484,141
1485,141
1486,141
1487,141
1488,141
1489,141
1490,141
1491,141
1492,141
1493,141
1494,141
1495,141
1496,141
1497,141
1498,141
1499,141
1500,141
1501,141
1502,141
1503,141
1504,141
1505,141
1506,141
1507,141
1508,141
1509,141
1510,141
1511,141
1512,141
1513,141
1514,141
1515,141
1516,141
1517,141
1518,141
1519,141
1520,141
1521,141
1522,141
1523,141
1524,141
1525,141
1526,141
1527,141
1528,141
1529,141
1530,141
1531,141
1532,141
1533,141
1534,141
1535,141
1536,141
1537,141
1538,141
1539,141
1540,141
1541,141
1542,141
1543,141
1544,141
1545,141
1546,141
1547,141
1548,141
1549,141
1550,141
1551,141
1552,141
1553,141
1554,141
1555,141
1556,141
1557,141
1558,141
1559,141
1560,141
1561,141
1562,141
1563,141
1564,141
1565,141
1566,141
1567,141
1568,141
1569,141
1570,141
1571,141
1572,141
1573,141
1574,141
1575,141
1576,141
1577,141
1578,141
1579,141
1580,141
1581,141
1582,141
1583,141
1584,141
1585,141
1586,141
1587,141
1588,141
1589,141
1590,141
1591,141
1592,141
1593,141
1594,141
1595,141
1596,141
1597,141
1598,141
1599,141
1600,141
1601,141
1602,141
1603,141
1604,141
1605,141
1606,141
1607,141
1608,141
1609,141
1610,141
1611,141
1612,141
1613,141
1614,141
1615,141
1616,141
1617,141
1618,141
1619,141
1620,141
1621,141
1622,141
1623,141
1624,141
1625,141
1626,141
1627,141
1628,141
1629,141
1630,141
1631,141
1632,141
1633,141
1634,141
1635,141
1636,141
1637,141
1638,141
1639,141
1640,141
1641,141
1642,141
1643,141
1644,141
1645,141
1646,141
1647,141
1648,141
1649,141
1650,141
1651,141
1652,141
1653,141
1654,141
1655,141
1656,141
1657,141
1658,141
1659,141
1660,141
1661,141
1662,141
1663,141
1664,141
1665,141
1666,141
1667,141
1668,141
1669,141
1670,141
1671,141
1672,141
1673,141
1674,141
1675,141
1676,141
1677,141
1678,141
1679,141
1680,141
1681,141
1682,141
1683,141
1684,141
1685,141
1686,141
1687,141
1688,141
1689,141
1690,141
1691,141
1692,141
1693,141
1694,141
1695,141
1696,141
1697,141
1698,141
1699,141
1700,141
1701,141
1702,141
1703,141
1704,141
1705,141
1706,141
1707,141
1708,141
1709,141
1710,141
1711,141
1712,141
1713,141
1714,141
1715,141
1716,141
1717,141
1718,141
1719,141
1720,141
1721,141
1722,141
1723,141
1724,141
1725,141
1726,141
1727,141
1728,141
1729,141
1730,141
1731,141
1732,141
1733,141
1734,141
1735,141
1736,141
1737,141
1738,141
1739,141
1740,141
1741,141
1742,141
1743,141
1744,141
1745,141
1746,141
1747,141
1748,141
1749,141
1750,141
1751,141
1752,141
1753,141
1754,141
1755,141
1756,141
1757,141
1758,141
1759,141
1760,141
1761,141
1762,141
1763,141
1764,141
1765,141
1766,141
1767,141
1768,141
1769,141
1770,141
1771,141
1772,141
1773,141
1774,141
1775,141
1776,141
1777,141
1778,141
1779,141
1780,141
1781,141
1782,141
1783,141
1784,141
1785,141
1786,141
1787,141
1788,141
1789,141
1790,141
1791,141
1792,141
1793,141
1794,141
1795,141
1796,141
1797,141
1798,141
1799,141
1800,141
1801,141
1802,141
1803,141
1804,141
1805,141
1806,141
1807,141
1808,141
1809,141
1810,141
1811,141
1812,141
1813,141
1814,141
1815,141
1816,141
1817,141
1818,141
1819,141
1820,141
1821,141
1822,141
1823,141
1824,141
1825,141
1826,141
1827,141
1828,141
1829,141
1830,141
1831,141
1832,141
1833,141
1834,141
1835,141
1836,141
1837,141
1838,141
1839,141
1840,141
1841,141
1842,141
1843,141
1844,141
1845,141
1846,141
1847,141
1848,141
1849,141
1850,141
1851,141
1852,141
1853,141
1854,141
1855,141
1856,141
1857,141
1858,141
1859,141
1860,141
1861,141
1862,141
1863,141
1864,141
1865,141
1866,141
1867,141
1868,141
1869,141
1870,141
1871,141
1872,141
1873,141
1874,141
1875,141
1876,141
1877,141
1878,141
1879,141
1880,141
1881,141
1882,141
1883,141
1884,141
1885,141
1886,141
1887,141
1888,141
1889,141
1890,141
1891,141
1892,141
1893,141
1894,141
1895,141
1896,141
1897,141
1898,141
1899,141
1900,141
1901,141
1902,141
1903,141
1904,141
1905,141
1906,141
1907,141
1908,141
1909,141
1910,141
1911,141
1912,141
1913,141
1914,141
1915,141
1916,141
1917,141
1918,141
1919,141
1920,141
1921,141
1922,141
1923,141
1924,141
1925,141
1926,141
1927,141
1928,141
1929,141
1930,141
1931,141
1932,141
1933,141
1934,141
1935,141
1936,141
1937,141
1938,141
1939,141
1940,141
1941,141
1942,141
1943,141
1944,141
1945,141
1946,141
1947,141
1948,141
1949,141
1950,141
1951,141
1952,141
1953,141
1954,141
1955,141
1956,141
1957,141
1958,141
1959,141
1960,141
1961,141
1962,141
1963,141
1964,141
1965,141
1966,141
1967,141
1968,141
1969,141
1970,141
1971,141
1972,141
1973,141
1974,141
1975,141
1976,141
1977,141
1978,141
1979,141
1980,141
1981,141
1982,141
1983,141
1984,141
1985,141
1986,141
1987,141
1988,141
1989,141
1990,141
1991,141
1992,141
1993,141
1994,141
1995,141
1996,141
1997,141
1998,141
1999,141
2000,141
2001,141
2002,141
2003,141
2004,141
2005,141
2006,141
2007,141
2008,141
2009,141
2010,141
2011,141
2012,141
2013,141
2014,141
2015,141
2016,141
2017,141
2018,141
2019,141
2020,141
2021,141
2022,141
2023,141
2024,141
2025,141
2026,141
2027,141
2028,141
2029,141
2030,141
2031,141
2032,141
2033,141
2034,141
2035,141
2036,141
2037,141
2038,141
2039,141
2040,141
2041,141
2042,141
2043,141
2044,141
2045,141
2046,141
2047,141
2048,141
2049,141
2050,141
2051,141
2052,141
2053,141
2054,141
2055,141
2056,141
2057,141
2058,141
2059,141
2060,141
2061,141
2062,141
2063,141
2064,141
2065,141
2066,141
2067,141
2068,141
2069,141
2070,141
2071,141
2072,141
2073,141
2074,141
2075,141
2076,141
2077,141
2078,141
2079,141
2080,141
2081,141
2082,141
2083,141
2084,141
2085,141
2086,141
2087,141
2088,141
2089,141
2090,141
2091,141
2092,141
2093,141
2094,141
2095,141
2096,141
2097,141
2098,141
2099,141
2100,141
2101,141
2102,141
2103,141
2104,141
2105,141
2106,141
2107,141
2108,141
2109,141
2110,142
2111,142
2112,142
2113,142
2114,142
2115,142
2116,142
2117,142
2118,142
2119,142
2120,142
2121,142
2122,142
2123,142
2124,142
2125,142
2126,142
2127,142
2128,142
2129,142
2130,142
2131,142
2132,142
2133,142
2134,142
2135,142
2136,142
2137,142
2138,142
2139,142
2140,142
2141,142
2142,142
2143,142
2144,142
2145,142
2146,142
2147,142
2148,142
2149,142
2150,142
2151,142
2152,142
2153,142
2154,142
2155,142
2156,142
2157,142
2158,142
2159,142
2160,142
2161,142
2162,142
2163,142
2164,142
2165,142
2166,142
2167,142
2168,142
2169,142
2170,142
2171,142
2172,142
2173,142
2174,142
2175,142
2176,142
2177,142
2178,142
2179,142
2180,142
2181,142
2182,142
2183,142
2184,142
2185,142
2186,142
2187,142
2188,142
2189,142
2190,142
2191,142
2192,142
2193,142
2194,142
2195,142
2196,142
2197,142
2198,142
2199,142
2200,142
2201,142
2202,142
2203,142
2204,142
2205,142
2206,142
2207,142
2208,142
2209,142
2210,142
2211,142
2212,142
2213,142
2214,142
2215,142
2216,142
2217,142
2218,142
2219,142
2220,142
2221,142
2222,142
2223,142
2224,142
2225,142
2226,142
2227,142
2228,142
2229,142
2230,142
2231,142
2232,142
2233,142
2234,142
2235,142
2236,142
2237,142
2238,142
2239,142
2240,142
2241,142
2242,142
2243,142
2244,142
2245,142
2246,142
2247,142
2248,142
2249,142
2250,142
2251,142
2252,142
2253,142
2254,142
2255,142
2256,142
2257,142
2258,142
2259,142
2260,142
2261,142
2262,142
2263,142
2264,142
2265,142
2266,142
2267,142
2268,142
2269,142
2270,142
2271,142
2272,142
2273,142
2274,142
2275,142
2276,142
2277,142
2278,142
2279,142
2280,142
2281,142
2282,142
2283,142
2284,142
2285,142
2286,142
2287,142
2288,142
2289,142
2290,142
2291,142
2292,142
2293,142
2294,142
2295,142
2296,142
2297,142
2298,142
2299,142
2300,142
2301,142
2302,142
2303,142
2304,142
2305,142
2306,142
2307,142
2308,142
2309,142
2310,142
2311,142
2312,142
2313,142
2314,142
2315,142
2316,142
2317,142
2318,142
2319,142
2320,142
2321,142
2322,142
2323,142
2324,142
2325,142
2326,142
2327,142
2328,142
2329,142
2330,142
2331,142
2332,142
2333,142
2334,142
2335,142
2336,142
2337,142
2338,142
2339,142
2340,142
2341,142
2342,142
2343,142
2344,142
2345,142
2346,142
2347,142
2348,142
2349,142
2350,142
2351,142
2352,142
2353,142
2354,142
2355,142
2356,142
2357,142
2358,142
2359,142
2360,142
2361,142
2362,142
2363,142
2364,142
2365,142
2366,142
2367,142
2368,142
2369,142
2370,142
2371,142
2372,142
2373,142
2374,142
2375,142
2376,142
2377,142
2378,142
2379,142
2380,142
2381,142
2382,142
2383,142
2384,142
2385,142
2386,142
2387,142
2388,142
2389,142
2390,142
2391,142
2392,142
2393,142
2394,142
2395,142
2396,142
2397,142
2398,142
2399,142
2400,142
2401,142
2402,142
2403,142
2404,142
2405,142
2406,142
2407,142
2408,142
2409,142
2410,142
2411,142
2412,142
2413,142
2414,142
2415,142
2416,142
2417,142
2418,142
2419,142
2420,142
2421,142
2422,142
2423,142
2424,142
2425,142
2426,142
2427,142
2428,142
2429,142
2430,142
2431,142
2432,142
2433,142
2434,142
2435,142
2436,142
2437,142
2438,142
2439,142
2440,142
2441,142
2442,142
2443,142
2444,142
2445,142
2446,142
2447,142
2448,142
2449,142
2450,142
2451,142
2452,142
2453,142
2454,142
2455,142
2456,142
2457,142
2458,142
2459,142
2460,142
2461,142
2462,142
2463,142
2464,142
2465,142
2466,142
2467,142
2468,142
2469,142
2470,142
2471,142
2472,142
2473,142
2474,142
2475,142
2476,142
2477,142
2478,142
2479,142
2480,142
2481,142
2482,142
2483,142
2484,142
2485,142
2486,142
2487,142
2488,142
2489,142
2490,142
2491,142
2492,142
2493,142
2494,142
2495,142
2496,142
2497,142
2498,142
2499,142
2500,142
2501,142
2502,142
2503,142
2504,142
2505,142
2506,142
2507,142
2508,142
2509,142
2510,142
2511,142
2512,142
2513,142
2514,142
2515,142
2516,142
2517,142
2518,142
2519,142
2520,142
2521,142
2522,142
2523,142
2524,142
2525,142
2526,142
2527,142
2528,142
2529,142
2530,142
2531,142
2532,142
2533,142
2534,142
2535,142
2536,142
2537,142
2538,142
2539,142
2540,142
2541,142
2542,142
2543,142
2544,142
2545,142
2546,142
2547,142
2548,142
2549,142
2550,142
2551,142
2552,142
2553,142
2554,142
2555,142
2556,142
2557,142
2558,142
2559,142
2560,142
2561,142
2562,142
2563,142
2564,142
2565,142
2566,142
2567,142
2568,142
2569,142
2570,142
2571,142
2572,142
2573,142
2574,142
2575,142
2576,142
2577,142
2578,142
2579,142
2580,142
2581,142
2582,142
2583,142
2584,142
2585,142
2586,142
2587,142
2588,142
2589,142
2590,142
2591,142
2592,142
2593,142
2594,142
2595,142
2596,142
2597,142
2598,142
2599,142
2600,142
2601,142
2602,142
2603,142
2604,142
2605,142
2606,142
2607,142
2608,142
2609,142
2610,142
2611,142
2612,142
2613,142
2614,142
2615,142
2616,142
2617,142
2618,142
2619,142
2620,142
2621,142
2622,142
2623,142
2624,142
2625,142
2626,142
2627,142
2628,142
2629,142
2630,142
2631,142
2632,142
2633,142
2634,142
2635,142
2636,142
2637,142
2638,142
2639,142
2640,142
2641,142
2642,142
2643,142
2644,142
2645,142
2646,142
2647,142
2648,142
2649,142
2650,142
2651,142
2652,142
2653,142
2654,142
2655,142
2656,142
2657,142
2658,142
2659,142
2660,142
2661,142
2662,142
2663,142
2664,142
2665,142
2666,142
2667,142
2668,142
2669,142
2670,142
2671,142
2672,142
2673,142
2674,142
2675,142
2676,142
2677,142
2678,142
2679,142
2680,142
2681,142
2682,142
2683,142
2684,142
2685,142
2686,142
2687,142
2688,142
2689,142
2690,142
2691,142
2692,142
2693,142
2694,142
2695,142
2696,142
2697,142
2698,142
2699,142
2700,142
2701,142
2702,142
2703,142
2704,142
2705,142
2706,142
2707,142
2708,142
2709,142
2710,142
2711,142
2712,142
2713,142
2714,142
2715,142
2716,142
2717,142
2718,142
2719,142
2720,142
2721,142
2722,142
2723,142
2724,142
2725,142
2726,142
2727,142
2728,142
2729,142
2730,142
2731,142
2732,142
2733,142
2734,142
2735,142
2736,142
2737,142
2738,142
2739,142
2740,142
2741,142
2742,142
2743,142
2744,142
2745,142
2746,142
2747,142
2748,142
2749,142
2750,142
2751,142
2752,142
2753,142
2754,142
2755,142
2756,142
2757,142
2758,142
2759,142
2760,142
2761,142
2762,142
2763,142
2764,142
2765,142
2766,142
2767,142
2768,142
2769,142
2770,142
2771,142
2772,142
2773,142
2774,142
2775,142
2776,142
2777,142
2778,142
2779,142
2780,142
2781,142
2782,142
2783,142
2784,142
2785,142
2786,142
2787,142
2788,142
2789,142
2790,142
2791,142
2792,142
2793,142
2794,142
2795,142
2796,142
2797,142
2798,142
2799,142
2800,142
2801,142
2802,142
2803,142
2804,142
2805,142
2806,142
2807,142
2808,142
2809,142
2810,142
2811,142
2812,142
2813,142
2814,142
2815,142
2816,142
2817,142
2818,142
2819,142
2820,142
2821,142
2822,142
2823,142
2824,142
2825,142
2826,142
2827,142
2828,142
2829,142
2830,142
2831,142
2832,142
2833,142
2834,142
2835,142
2836,142
2837,142
2838,142
2839,142
2840,142
2841,142
2842,142
2843,142
2844,142
2845,142
2846,142
2847,142
2848,142
2849,142
2850,142
2851,142
2852,142
2853,142
2854,142
2855,142
2856,142
2857,142
2858,142
2859,142
2860,142
2861,142
2862,142
2863,142
2864,142
2865,142
2866,142
2867,142
2868,142
2869,142
2870,142
2871,142
2872,142
2873,142
2874,142
2875,142
2876,142
2877,142
2878,142
2879,142
2880,142
2881,142
2882,142
2883,142
2884,142
2885,142
2886,142
2887,142
2888,142
2889,142
2890,142
2891,142
2892,142
2893,142
2894,142
2895,142
2896,142
2897,142
2898,142
2899,142
2900,142
2901,142
2902,142
2903,142
2904,142
2905,142
2906,142
2907,142
2908,142
2909,142
2910,142
2911,142
2912,142
2913,142
2914,142
2915,142
2916,142
2917,142
2918,142
2919,142
2920,142
2921,142
2922,142
2923,142
2924,142
2925,142
2926,142
2927,142
2928,142
2929,142
2930,142
2931,142
2932,142
2933,142
2934,142
2935,142
2936,142
2937,142
2938,142
2939,142
2940,142
2941,142
2942,142
2943,142
2944,142
2945,142
2946,142
2947,142
2948,142
2949,142
2950,142
2951,142
2952,142
2953,142
2954,142
2955,142
2956,142
2957,142
2958,142
2959,142
2960,142
2961,142
2962,142
2963,142
2964,142
2965,142
2966,142
2967,142
2968,142
2969,142
2970,142
2971,142
2972,142
2973,142
2974,142
2975,142
2976,142
2977,142
2978,142
2979,142
2980,142
2981,142
2982,142
2983,142
2984,142
2985,142
2986,142
2987,142
2988,142
2989,142
2990,142
2991,142
2992,142
2993,142
2994,142
2995,142
2996,142
2997,142
2998,142
2999,142
3000,142
3001,142
3002,142
3003,142
3004,142
3005,142
3006,142
3007,142
3008,142
3009,142
3010,142
3011,142
3012,142
3013,142
3014,142
3015,142
3016,142
3017,142
3018,142
3019,142
3020,142
3021,142
3022,142
3023,142
3024,142
3025,142
3026,142
3027,142
3028,142
3029,142
3030,142
3031,142
3032,142
3033,142
3034,142
3035,142
3036,142
3037,142
3038,142
3039,142
3040,142
3041,142
3042,142
3043,142
3044,142
3045,142
3046,142
3047,142
3048,142
3049,142
3050,142
3051,142
3052,142
3053,142
3054,142
3055,142
3056,142
3057,142
3058,142
3059,142
3060,142
3061,142
3062,142
3063,142
3064,142
3065,142
3066,142
3067,142
3068,142
3069,142
3070,142
3071,142
3072,142
3073,142
3074,142
3075,142
3076,142
3077,142
3078,142
3079,142
3080,142
3081,142
3082,142
3083,142
3084,142
3085,142
3086,142
3087,142
3088,142
3089,142
3090,142
3091,142
3092,142
3093,142
3094,142
3095,142
3096,142
3097,142
3098,142
3099,142
3100,142
3101,142
3102,142
3103,142
3104,142
3105,142
3106,142
3107,142
3108,142
3109,142
3110,142
3111,142
3112,142
3113,142
3114,142
3115,142
3116,142
3117,142
3118,143
3119,143
3120,143
3121,143
3122,143
3123,143
3124,143
3125,143
3126,143
3127,143
3128,143
3129,143
3130,143
3131,143
3132,143
3133,143
3134,143
3135,143
3136,143
3137,143
3138,143
3139,143
3140,143
3141,143
3142,143
3143,143
3144,143
3145,143
3146,143
3147,143
3148,143
3149,143
3150,143
3151,143
3152,143
3153,143
3154,143
3155,143
3156,143
3157,143
3158,143
3159,143
3160,143
3161,143
3162,143
3163,143
3164,143
3165,143
3166,143
3167,143
3168,143
3169,143
3170,143
3171,143
3172,143
3173,143
3174,143
3175,143
3176,143
3177,143
3178,143
3179,143
3180,143
3181,143
3182,143
3183,143
3184,143
3185,143
3186,143
3187,143
3188,143
3189,143
3190,143
3191,143
3192,143
3193,143
3194,143
3195,143
3196,143
3197,143
3198,143
3199,143
3200,143
3201,143
3202,143
3203,143
3204,143
3205,143
3206,143
3207,143
3208,143
3209,143
3210,143
3211,143
3212,143
3213,143
3214,143
3215,143
3216,143
3217,143
3218,143
3219,143
3220,143
3221,143
3222,143
3223,143
3224,143
3225,143
3226,143
3227,143
3228,143
3229,143
3230,143
3231,143
3232,143
3233,143
3234,143
3235,143
3236,143
3237,143
3238,143
3239,143
3240,143
3241,143
3242,143
3243,143
3244,143
3245,143
3246,143
3247,143
3248,143
3249,143
3250,143
3251,143
3252,143
3253,143
3254,143
3255,143
3256,143
3257,143
3258,143
3259,143
3260,143
3261,143
3262,143
3263,143
3264,143
3265,143
3266,143
3267,143
3268,143
3269,143
3270,143
3271,143
3272,143
3273,143
3274,143
3275,143
3276,143
3277,143
3278,143
3279,143
3280,143
3281,143
3282,143
3283,143
3284,143
3285,143
3286,143
3287,143
3288,143
3289,143
3290,143
3291,143
3292,143
3293,143
3294,143
3295,143
3296,143
3297,143
3298,143
3299,143
3300,143
3301,143
3302,143
3303,143
3304,143
3305,143
3306,143
3307,143
3308,143
3309,143
3310,143
3311,143
3312,143
3313,143
3314,143
3315,143
3316,143
3317,143
3318,143
3319,143
3320,143
3321,143
3322,143
3323,143
3324,143
3325,143
3326,143
3327,143
3328,143
3329,143
3330,143
3331,143
3332,143
3333,143
3334,143
3335,143
3336,143
3337,143
3338,143
3339,143
3340,143
3341,143
3342,143
3343,143
3344,143
3345,143
3346,143
3347,143
3348,143
3349,143
3350,143
3351,143
3352,143
3353,143
3354,143
3355,143
3356,143
3357,143
3358,143
3359,143
3360,143
3361,143
3362,143
3363,143
3364,143
3365,143
3366,143
3367,143
3368,143
3369,143
3370,143
3371,143
3372,143
3373,143
3374,143
3375,143
3376,143
3377,143
3378,143
3379,143
3380,143
3381,143
3382,143
3383,143
3384,143
3385,143
3386,143
3387,143
3388,143
3389,143
3390,143
3391,143
3392,143
3393,143
3394,143
3395,143
3396,143
3397,143
3398,143
3399,143
3400,143
3401,143
3402,143
3403,143
3404,143
3405,143
3406,143
3407,143
3408,143
3409,143
3410,143
3411,143
3412,143
3413,143
3414,143
3415,143
3416,143
3417,143
3418,143
3419,143
3420,143
3421,143
3422,143
3423,143
3424,143
3425,143
3426,143
3427,143
3428,143
3429,143
3430,143
3431,143
3432,143
3433,143
3434,143
3435,143
3436,143
3437,143
3438,143
3439,143
3440,143
3441,143
3442,143
3443,143
3444,143
3445,143
3446,143
3447,143
3448,143
3449,143
3450,143
3451,143
3452,143
3453,143
3454,143
3455,143
3456,143
3457,143
3458,143
3459,143
3460,143
3461,143
3462,143
3463,143
3464,143
3465,143
3466,143
3467,143
3468,143
3469,143
3470,143
3471,143
3472,143
3473,143
3474,143
3475,143
3476,143
3477,143
3478,143
3479,143
3480,143
3481,143
3482,143
3483,143
3484,143
3485,143
3486,143
3487,143
3488,143
3489,143
3490,143
3491,143
3492,143
3493,143
3494,143
3495,143
3496,143
3497,143
3498,143
3499,143
3500,143
3501,143
3502,143
3503,143
3504,143
3505,143
3506,143
3507,143
3508,143
3509,143
3510,143
3511,143
3512,143
3513,143
3514,143
3515,143
3516,143
3517,143
3518,143
3519,143
3520,143
3521,143
3522,143
3523,143
3524,143
3525,143
3526,143
3527,143
3528,143
3529,143
3530,143
3531,143
3532,143
3533,143
3534,143
3535,143
3536,143
3537,143
3538,143
3539,143
3540,143
3541,143
3542,143
3543,143
3544,143
3545,143
3546,143
3547,143
3548,143
3549,143
3550,143
3551,143
3552,143
3553,143
3554,143
3555,143
3556,143
3557,143
3558,143
3559,143
3560,143
3561,143
3562,143
3563,143
3564,143
3565,143
3566,143
3567,143
3568,143
3569,143
3570,143
3571,143
3572,143
3573,143
3574,143
3575,143
3576,143
3577,143
3578,143
3579,143
3580,143
3581,143
3582,143
3583,143
3584,143
3585,143
3586,143
3587,143
3588,143
3589,143
3590,143
3591,143
3592,143
3593,143
3594,143
3595,143
3596,143
3597,143
3598,143
3599,143
3600,143
3601,143
3602,143
3603,143
3604,143
3605,143
3606,143
3607,143
3608,143
3609,143
3610,143
3611,143
3612,143
3613,143
3614,143
3615,143
3616,143
3617,143
3618,143
3619,143
3620,143
3621,143
3622,143
3623,143
3624,143
3625,143
3626,143
3627,143
3628,143
3629,143
3630,143
3631,143
3632,143
3633,143
3634,143
3635,143
3636,143
3637,143
3638,143
3639,143
3640,143
3641,143
3642,143
3643,143
3644,143
3645,143
3646,143
3647,143
3648,143
3649,143
3650,143
3651,143
3652,143
3653,143
3654,143
3655,143
3656,143
3657,143
3658,143
3659,143
3660,143
3661,143
3662,143
3663,143
3664,143
3665,143
3666,143
3667,143
3668,143
3669,143
3670,143
3671,143
3672,143
3673,143
3674,143
3675,143
3676,143
3677,143
3678,143
3679,143
3680,143
3681,143
3682,143
3683,143
3684,143
3685,143
3686,143
3687,143
3688,143
3689,143
3690,143
3691,143
3692,143
3693,143
3694,143
3695,143
3696,143
3697,143
3698,143
3699,143
3700,143
3701,143
3702,143
3703,143
3704,143
3705,143
3706,143
3707,143
3708,143
3709,143
3710,143
3711,143
3712,143
3713,143
3714,143
3715,143
3716,143
3717,143
3718,143
3719,143
3720,143
3721,143
3722,143
3723,143
3724,143
3725,143
3726,143
3727,143
3728,143
3729,143
3730,143
3731,143
3732,143
3733,143
3734,143
3735,143
3736,143
3737,143
3738,143
3739,143
3740,143
3741,143
3742,143
3743,143
3744,143
3745,143
3746,143
3747,143
3748,143
3749,143
3750,143
3751,143
3752,143
3753,143
3754,143
3755,143
3756,143
3757,143
3758,143
3759,143
3760,143
3761,143
3762,143
3763,143
3764,143
3765,143
3766,143
3767,143
3768,143
3769,143
3770,143
3771,143
3772,143
3773,143
3774,143
3775,143
3776,143
3777,143
3778,143
3779,143
3780,143
3781,143
3782,143
3783,143
3784,143
3785,143
3786,143
3787,143
3788,143
3789,143
3790,143
3791,143
3792,143
3793,143
3794,143
3795,143
3796,143
3797,143
3798,143
3799,143
3800,143
3801,143
3802,143
3803,143
3804,143
3805,143
3806,143
3807,143
3808,143
3809,143
3810,143
3811,143
3812,143
3813,143
3814,143
3815,143
3816,143
3817,143
3818,143
3819,143
3820,143
3821,143
3822,143
3823,143
3824,143
3825,143
3826,143
3827,143
3828,143
3829,143
3830,143
3831,143
3832,143
3833,143
3834,143
3835,143
3836,143
3837,143
3838,143
3839,143
3840,143
3841,143
3842,143
3843,143
3844,143
3845,143
3846,143
3847,143
3848,143
3849,143
3850,143
3851,143
3852,143
3853,143
3854,143
3855,143
3856,143
3857,143
3858,143
3859,143
3860,143
3861,143
3862,143
3863,143
3864,143
3865,143
3866,143
3867,143
3868,143
3869,143
3870,143
3871,143
3872,143
3873,143
3874,143
3875,143
3876,143
3877,143
3878,143
3879,143
3880,143
3881,143
3882,143
3883,143
3884,143
3885,143
3886,143
3887,143
3888,143
3889,143
3890,143
3891,143
3892,143
3893,143
3894,143
3895,143
3896,143
3897,143
3898,143
3899,143
3900,143
3901,143
3902,143
3903,143
3904,143
3905,143
3906,143
3907,143
3908,143
3909,143
3910,143
3911,143
3912,143
3913,143
3914,143
3915,143
3916,143
3917,143
3918,143
3919,143
3920,143
3921,143
3922,143
3923,143
3924,143
3925,143
3926,143
3927,143
3928,143
3929,143
3930,143
3931,143
3932,143
3933,143
3934,143
3935,143
3936,143
3937,143
3938,143
3939,143
3940,143
3941,143
3942,143
3943,143
3944,143
3945,143
3946,143
3947,143
3948,143
3949,143
3950,143
3951,143
3952,143
3953,143
3954,143
3955,143
3956,143
3957,143
3958,143
3959,143
3960,143
3961,143
3962,143
3963,143
3964,143
3965,143
3966,143
3967,143
3968,143
3969,143
3970,143
3971,143
3972,143
3973,143
3974,143
3975,143
3976,143
3977,143
3978,143
3979,143
3980,143
3981,143
3982,143
3983,143
3984,143
3985,143
3986,143
3987,143
3988,143
3989,143
3990,143
3991,143
3992,143
3993,143
3994,143
3995,143
3996,143
3997,143
3998,143
3999,143
4000,143
4001,143
4002,143
4003,143
4004,143
4005,143
4006,143
4007,143
4008,143
4009,143
4010,143
4011,143
4012,143
4013,143
4014,143
4015,143
4016,143
4017,143
4018,143
4019,143
4020,143
4021,143
4022,143
4023,143
4024,143
4025,143
4026,143
4027,143
4028,143
4029,143
4030,143
4031,143
4032,143
4033,143
4034,143
4035,143
4036,143
4037,143
4038,143
4039,143
4040,143
4041,143
4042,143
4043,143
4044,143
4045,143
4046,143
4047,143
4048,143
4049,143
4050,143
4051,143
4052,143
4053,143
4054,143
4055,143
4056,143
4057,143
4058,143
4059,143
4060,143
4061,143
4062,143
4063,143
4064,143
4065,143
4066,143
4067,143
4068,143
4069,143
4070,143
4071,143
4072,143
4073,143
4074,143
4075,143
4076,143
4077,143
4078,143
4079,143
4080,143
4081,143
4082,143
4083,143
4084,143
4085,143
4086,143
4087,143
4088,143
4089,143
4090,143
4091,143
4092,143
4093,143
4094,143
4095,143
4096,143
4097,143
4098,143
4099,143
4100,143
4101,143
4102,143
4103,143
4104,143
4105,143
4106,143
4107,143
4108,143
4109,143
4110,143
4111,143
4112,143
4113,143
4114,143
4115,143
4116,143
4117,143
4118,143
4119,143
4120,143
4121,143
4122,143
4123,143
4124,143
4125,143
4126,143
4127,143
4128,143
4129,143
4130,143
4131,143
4132,143
4133,143
4134,143
4135,143
4136,143
4137,143
4138,143
4139,143
4140,143
4141,143
4142,143
4143,143
4144,143
4145,143
4146,143
4147,143
4148,143
4149,143
4150,143
4151,143
4152,143
4153,143
4154,143
4155,143
4156,143
4157,143
4158,143
4159,143
4160,143
4161,143
4162,143
4163,143
4164,143
4165,143
4166,143
4167,143
4168,143
4169,143
4170,143
4171,143
4172,143
4173,143
4174,143
4175,143
4176,143
4177,143
4178,143
4179,143
4180,143
4181,143
4182,143
4183,143
4184,143
4185,143
4186,143
4187,143
4188,143
4189,143
4190,143
4191,143
4192,143
4193,143
4194,143
4195,143
4196,143
4197,143
4198,143
4199,143
4200,143
4201,143
4202,143
4203,143
4204,143
4205,143
4206,143
4207,143
4208,143
4209,143
4210,143
4211,143
4212,143
4213,143
4214,143
4215,143
4216,143
4217,143
4218,143
4219,143
4220,143
4221,143
4222,143
4223,143
4224,143
4225,143
4226,143
4227,143
4228,143
4229,143
4230,143
4231,143
4232,143
4233,143
4234,143
4235,143
4236,143
4237,143
4238,143
4239,143
4240,143
4241,143
4242,143
4243,143
4244,143
4245,143
4246,143
4247,143
4248,143
4249,143
4250,143
4251,143
4252,143
4253,143
4254,143
4255,143
4256,143
4257,143
4258,143
4259,143
4260,143
4261,143
4262,143
4263,143
4264,143
4265,143
4266,143
4267,143
4268,143
4269,143
4270,143
4271,143
4272,143
4273,143
4274,143
4275,143
4276,143
4277,143
4278,143
4279,143
4280,143
4281,143
4282,143
4283,143
4284,143
4285,143
4286,143
4287,143
4288,143
4289,143
4290,143
4291,143
4292,143
4293,143
4294,143
4295,143
4296,143
4297,143
4298,143
4299,143
4300,143
4301,143
4302,143
4303,143
4304,143
4305,143
4306,143
4307,143
4308,143
4309,143
4310,143
4311,143
4312,143
4313,143
4314,143
4315,143
4316,143
4317,143
4318,143
4319,143
4320,143
4321,143
4322,143
4323,143
4324,143
4325,143
4326,143
4327,143
4328,143
4329,143
4330,143
4331,143
4332,143
4333,143
4334,143
4335,143
4336,143
4337,143
4338,143
4339,143
4340,143
4341,143
4342,143
4343,143
4344,143
4345,143
4346,143
4347,143
4348,143
4349,143
4350,143
4351,143
4352,143
4353,143
4354,143
4355,143
4356,143
4357,143
4358,143
4359,143
4360,143
4361,143
4362,143
4363,143
4364,143
4365,143
4366,143
4367,143
4368,143
4369,143
4370,143
4371,143
4372,143
4373,143
4374,143
4375,143
4376,143
4377,143
4378,143
4379,143
4380,143
4381,143
4382,143
4383,143
4384,143
4385,143
4386,143
4387,143
4388,143
4389,143
4390,143
4391,143
4392,143
4393,143
4394,143
4395,143
4396,143
4397,143
4398,143
4399,143
4400,143
4401,143
4402,143
4403,143
4404,143
4405,143
4406,143
4407,143
4408,143
4409,143
4410,143
4411,143
4412,143
4413,143
4414,143
4415,143
4416,143
4417,143
4418,143
4419,143
4420,143
4421,143
4422,143
4423,143
4424,143
4425,143
4426,143
4427,143
4428,143
4429,143
4430,143
4431,143
4432,143
4433,143
4434,143
4435,143
4436,143
4437,143
4438,143
4439,143
4440,143
4441,143
4442,143
4443,143
4444,143
4445,143
4446,143
4447,143
4448,143
4449,143
4450,143
4451,143
4452,143
4453,143
4454,143
4455,143
4456,143
4457,143
4458,143
4459,143
4460,143
4461,143
4462,143
4463,143
4464,143
4465,143
4466,143
4467,143
4468,143
4469,143
4470,143
4471,143
4472,143
4473,143
4474,143
4475,143
4476,143
4477,143
4478,143
4479,143
4480,143
4481,143
4482,143
4483,143
4484,143
4485,143
4486,143
4487,143
4488,143
4489,143
4490,143
4491,143
4492,143
4493,143
4494,143
4495,143
4496,143
4497,143
4498,143
4499,143
4500,143
4501,143
4502,143
4503,143
4504,143
4505,143
4506,143
4507,143
4508,143
4509,143
4510,143
4511,143
4512,143
4513,143
4514,143
4515,143
4516,143
4517,143
4518,143
4519,143
4520,143
4521,143
4522,143
4523,143
4524,143
4525,143
4526,143
4527,143
4528,143
4529,143
4530,143
4531,143
4532,143
4533,143
4534,143
4535,143
4536,143
4537,143
4538,143
4539,143
4540,143
4541,143
4542,143
4543,143
4544,143
4545,143
4546,143
4547,143
4548,143
4549,143
4550,143
4551,143
4552,143
4553,143
4554,143
4555,143
4556,143
4557,143
4558,143
4559,143
4560,143
4561,143
4562,143
4563,143
4564,143
4565,143
4566,143
4567,143
4568,143
4569,143
4570,143
4571,143
4572,143
4573,143
4574,143
4575,143
4576,143
4577,143
4578,143
4579,143
4580,143
4581,143
4582,143
4583,143
4584,143
4585,143
4586,143
4587,143
4588,143
4589,143
4590,143
4591,143
4592,143
4593,143
4594,143
4595,143
4596,143
4597,143
4598,143
4599,143
4600,143
4601,143
4602,143
4603,143
4604,143
4605,143
4606,143
4607,143
4608,143
4609,143
4610,143
4611,143
4612,143
4613,143
4614,143
4615,143
4616,143
4617,143
4618,143
4619,143
4620,143
4621,143
4622,143
4623,143
4624,143
4625,143
4626,143
4627,143
4628,143
4629,143
4630,143
4631,143
4632,143
4633,143
4634,143
4635,143
4636,143
4637,143
4638,143
4639,143
4640,143
4641,143
4642,143
4643,143
4644,143
4645,143
4646,143
4647,143
4648,143
4649,143
4650,143
4651,143
4652,143
4653,143
4654,143
4655,143
4656,143
4657,143
4658,143
4659,143
4660,143
4661,143
4662,143
4663,143
4664,143
4665,143
4666,143
4667,143
4668,143
4669,143
4670,143
4671,143
4672,143
4673,143
4674,143
4675,143
4676,143
4677,143
4678,143
4679,143
4680,143
4681,143
4682,143
4683,143
4684,143
4685,143
4686,143
4687,143
4688,143
4689,143
4690,143
4691,143
4692,143
4693,143
4694,143
4695,143
4696,143
4697,143
4698,143
4699,143
4700,143
4701,143
4702,143
4703,143
4704,143
4705,143
4706,143
4707,143
4708,143
4709,143
4710,143
4711,143
4712,143
4713,143
4714,143
4715,143
4716,143
4717,143
4718,143
4719,143
4720,143
4721,143
4722,143
4723,143
4724,143
4725,143
4726,143
4727,143
4728,143
4729,143
4730,143
4731,143
4732,143
4733,143
4734,143
4735,143
4736,143
4737,143
4738,143
4739,143
4740,143
4741,143
4742,143
4743,143
4744,143
4745,143
4746,143
4747,143
4748,143
4749,143
4750,143
4751,143
4752,143
4753,143
4754,143
4755,143
4756,143
4757,143
4758,143
4759,143
4760,143
4761,143
4762,143
4763,143
4764,143
4765,143
4766,143
4767,143
4768,143
4769,143
4770,143
4771,143
4772,143
4773,143
4774,143
4775,143
4776,143
4777,143
4778,143
4779,143
4780,143
4781,143
4782,143
4783,143
4784,143
4785,143
4786,143
4787,143
4788,143
4789,143
4790,143
4791,143
4792,143
4793,143
4794,143
4795,143
4796,143
4797,143
4798,143
4799,143
4800,143
4801,143
4802,143
4803,143
4804,143
4805,143
4806,143
4807,143
4808,143
4809,143
4810,143
4811,143
4812,143
4813,143
4814,143
4815,143
4816,143
4817,143
4818,143
4819,143
4820,143
4821,143
4822,143
4823,143
4824,143
4825,143
4826,143
4827,143
4828,143
4829,143
4830,143
4831,143
4832,143
4833,143
4834,143
4835,143
4836,143
4837,143
4838,143
4839,143
4840,143
4841,143
4842,143
4843,143
4844,143
4845,143
4846,143
4847,143
4848,143
4849,143
4850,143
4851,143
4852,143
4853,143
4854,143
4855,143
4856,143
4857,143
4858,143
4859,143
4860,143
4861,143
4862,143
4863,143
4864,143
4865,143
4866,143
4867,143
4868,143
4869,143
4870,143
4871,143
4872,143
4873,143
4874,143
4875,143
4876,143
4877,143
4878,143
4879,143
4880,143
4881,143
4882,143
4883,143
4884,143
4885,143
4886,143
4887,143
4888,143
4889,143
4890,143
4891,143
4892,143
4893,143
4894,143
4895,143
4896,143
4897,143
4898,143
4899,143
4900,143
4901,143
4902,143
4903,143
4904,143
4905,143
4906,143
4907,143
4908,143
4909,143
4910,143
4911,143
4912,143
4913,143
4914,143
4915,143
4916,143
4917,143
4918,143
4919,143
4920,143
4921,143
4922,143
4923,143
4924,143
4925,143
4926,143
4927,143
4928,143
4929,143
4930,143
4931,143
4932,143
4933,143
4934,143
4935,143
4936,143
4937,143
4938,143
4939,143
4940,143
4941,143
4942,143
4943,143
4944,143
4945,143
4946,143
4947,143
4948,143
4949,143
4950,143
4951,143
4952,143
4953,143
4954,143
4955,143
4956,143
4957,143
4958,143
4959,143
4960,143
4961,143
4962,143
4963,143
4964,143
4965,143
4966,143
4967,143
4968,143
4969,143
4970,143
4971,143
4972,143
4973,143
4974,143
4975,143
4976,143
4977,143
4978,143
4979,143
4980,143
4981,143
4982,143
4983,143
4984,143
4985,143
4986,143
4987,143
4988,143
4989,143
4990,143
4991,143
4992,143
4993,143
4994,143
4995,143
4996,143
4997,143
4998,143
4999,143
5000,143
5001,143
5002,143
5003,143
5004,143
5005,143
5006,143
5007,143
5008,143
5009,143
5010,143
5011,143
5012,143
5013,143
5014,143
5015,143
5016,143
5017,143
5018,143
5019,143
5020,143
5021,143
5022,143
5023,143
5024,143
5025,143
5026,143
5027,143
5028,143
5029,143
5030,143
5031,143
5032,143
5033,143
5034,143
5035,143
5036,143
5037,143
5038,143
5039,143
5040,143
5041,143
5042,143
5043,143
5044,143
5045,143
5046,143
5047,143
5048,143
5049,143
5050,143
5051,143
5052,143
5053,143
5054,143
5055,143
5056,143
5057,143
5058,143
5059,143
5060,143
5061,143
5062,143
5063,143
5064,143
5065,143
5066,143
5067,143
5068,143
5069,143
5070,143
5071,143
5072,143
5073,143
5074,143
5075,143
5076,143
5077,143
5078,143
5079,143
5080,143
5081,143
5082,143
5083,143
5084,143
5085,143
5086,143
5087,143
5088,143
5089,143
5090,143
5091,143
5092,143
5093,143
5094,143
5095,143
5096,143
5097,143
5098,143
5099,143
5100,143
5101,143
5102,143
5103,143
5104,143
5105,143
5106,143
5107,143
5108,143
5109,143
5110,143
5111,143
5112,143
5113,143
5114,143
5115,143
5116,143
5117,143
5118,143
5119,143
5120,143
5121,143
5122,143
5123,143
5124,143
5125,143
5126,143
5127,143
5128,143
5129,143
5130,143
5131,143
5132,143
5133,143
5134,143
5135,143
5136,143
5137,143
5138,143
5139,143
5140,143
5141,143
5142,143
5143,143
5144,143
5145,143
5146,143
5147,143
5148,143
5149,143
5150,143
5151,143
5152,143
5153,143
5154,143
5155,143
5156,143
5157,143
5158,143
5159,143
5160,143
5161,143
5162,143
5163,143
5164,143
5165,143
5166,143
5167,143
5168,143
5169,143
5170,143
5171,143
5172,143
5173,143
5174,143
5175,143
5176,143
5177,143
5178,143
5179,143
5180,143
5181,143
5182,143
5183,143
5184,143
5185,143
5186,143
5187,143
5188,143
5189,143
5190,143
5191,143
5192,143
5193,143
5194,143
5195,143
5196,143
5197,143
5198,143
5199,143
5200,143
5201,143
5202,143
5203,143
5204,143
5205,143
5206,143
5207,143
5208,143
5209,143
5210,143
5211,143
5212,143
5213,143
5214,143
5215,143
5216,143
5217,143
5218,143
5219,143
5220,143
5221,143
5222,143
5223,143
5224,143
5225,143
5226,143
5227,143
5228,143
5229,143
5230,143
5231,143
5232,143
5233,143
5234,143
5235,143
5236,143
5237,143
5238,143
5239,143
5240,143
5241,143
5242,143
5243,143
5244,143
5245,143
5246,143
5247,143
5248,143
5249,143
5250,143
5251,143
5252,143
5253,143
5254,143
5255,143
5256,143
5257,143
5258,143
5259,143
5260,143
5261,143
5262,143
5263,143
5264,143
5265,143
5266,143
5267,143
5268,143
5269,143
5270,143
5271,143
5272,143
5273,143
5274,143
5275,143
5276,143
5277,143
5278,143
5279,143
5280,143
5281,143
5282,143
5283,143
5284,143
5285,143
5286,143
5287,143
5288,143
5289,143
5290,143
5291,143
5292,143
5293,143
5294,143
5295,143
5296,143
5297,143
5298,143
5299,143
5300,143
5301,143
5302,143
5303,143
5304,143
5305,143
5306,143
5307,143
5308,143
5309,143
5310,143
5311,143
5312,143
5313,143
5314,143
5315,143
5316,143
5317,143
5318,143
5319,143
5320,143
5321,143
5322,143
5323,143
5324,143
5325,143
5326,143
5327,143
5328,143
5329,143
5330,143
5331,143
5332,143
5333,143
5334,143
5335,143
5336,143
5337,143
5338,143
5339,143
5340,143
5341,143
5342,143
5343,143
5344,143
5345,143
5346,143
5347,143
5348,143
5349,143
5350,143
5351,143
5352,143
5353,143
5354,143
5355,143
5356,143
5357,143
5358,143
5359,143
5360,143
5361,143
5362,143
5363,143
5364,143
5365,143
5366,143
5367,143
5368,143
5369,143
5370,143
5371,143
5372,143
5373,143
5374,143
5375,143
5376,143
5377,143
5378,143
5379,143
5380,143
5381,143
5382,143
5383,143
5384,143
5385,143
5386,143
5387,143
5388,143
5389,143
5390,143
5391,143
5392,143
5393,143
5394,143
5395,143
5396,143
5397,143
5398,143
5399,143
5400,143
5401,143
5402,143
5403,143
5404,143
5405,143
5406,143
5407,143
5408,143
5409,143
5410,143
5411,143
5412,143
5413,143
5414,143
5415,143
5416,143
5417,143
5418,143
5419,143
5420,143
5421,143
5422,143
5423,143
5424,143
5425,143
5426,143
5427,143
5428,143
5429,143
5430,143
5431,143
5432,143
5433,143
5434,143
5435,143
5436,143
5437,143
5438,143
5439,143
5440,143
5441,143
5442,143
5443,143
5444,143
5445,143
5446,143
5447,143
5448,143
5449,143
5450,143
5451,143
5452,143
5453,143
5454,143
5455,143
5456,143
5457,143
5458,143
5459,143
5460,143
5461,143
5462,143
5463,143
5464,143
5465,143
5466,143
5467,143
5468,143
5469,143
5470,143
5471,143
5472,143
5473,143
5474,143
5475,143
5476,143
5477,143
5478,143
5479,143
5480,143
5481,143
5482,143
5483,143
5484,143
5485,143
5486,143
5487,143
5488,143
5489,143
5490,143
5491,143
5492,143
5493,143
5494,143
5495,143
5496,143
5497,143
5498,143
5499,143
5500,143
5501,143
5502,143
5503,143
5504,143
5505,143
5506,143
5507,143
5508,143
5509,143
5510,143
5511,143
5512,143
5513,143
5514,143
5515,143
5516,143
5517,143
5518,143
5519,143
5520,143
5521,143
5522,143
5523,143
5524,143
5525,143
5526,143
5527,143
5528,143
5529,143
5530,143
5531,143
5532,143
5533,143
5534,143
5535,143
5536,143
5537,143
5538,143
5539,143
5540,143
5541,143
5542,143
5543,143
5544,143
5545,143
5546,143
5547,143
5548,143
5549,143
5550,143
5551,143
5552,143
5553,143
5554,143
5555,143
5556,143
5557,143
5558,143
5559,143
5560,143
5561,143
5562,143
5563,143
5564,143
5565,143
5566,143
5567,143
5568,143
5569,143
5570,143
5571,143
5572,143
5573,143
5574,143
5575,143
5576,143
5577,143
5578,143
5579,143
5580,143
5581,143
5582,143
5583,143
5584,143
5585,143
5586,143
5587,143
5588,143
5589,143
5590,143
5591,143
5592,143
5593,143
5594,143
5595,143
5596,143
5597,143
5598,143
5599,143
5600,143
5601,143
5602,143
5603,143
5604,143
5605,143
5606,143
5607,143
5608,143
5609,143
5610,143
5611,143
5612,143
5613,143
5614,143
5615,143
5616,143
5617,143
5618,143
5619,143
5620,143
5621,143
5622,143
5623,143
5624,143
5625,143
5626,143
5627,143
5628,143
5629,143
5630,143
5631,143
5632,143
5633,143
5634,143
5635,143
5636,143
5637,143
5638,143
5639,143
5640,143
5641,143
5642,143
5643,143
5644,143
5645,143
5646,143
5647,143
5648,143
5649,143
5650,143
5651,143
5652,143
5653,143
5654,143
5655,143
5656,143
5657,143
5658,143
5659,143
5660,143
5661,143
5662,143
5663,143
5664,143
5665,143
5666,143
5667,143
5668,143
5669,143
5670,143
5671,143
5672,143
5673,143
5674,143
5675,143
5676,143
5677,143
5678,143
5679,143
5680,143
5681,143
5682,143
5683,143
5684,143
5685,143
5686,143
5687,143
5688,143
5689,143
5690,143
5691,143
5692,143
5693,143
5694,143
5695,143
5696,143
5697,143
5698,143
5699,143
5700,143
5701,143
5702,143
5703,143
5704,143
5705,143
5706,143
5707,143
5708,143
5709,143
5710,143
5711,143
5712,143
5713,143
5714,143
5715,143
5716,143
5717,143
5718,143
5719,143
5720,143
5721,143
5722,143
5723,143
5724,143
5725,143
5726,143
5727,143
5728,143
5729,143
5730,143
5731,143
5732,143
5733,143
5734,143
5735,143
5736,143
5737,143
5738,143
5739,143
5740,143
5741,143
5742,143
5743,143
5744,143
5745,143
5746,143
5747,143
5748,143
5749,143
5750,143
5751,143
5752,143
5753,143
5754,143
5755,143
5756,143
5757,143
5758,143
5759,143
5760,143
5761,143
5762,143
5763,143
5764,143
5765,143
5766,143
5767,143
5768,143
5769,143
5770,143
5771,143
5772,143
5773,143
5774,143
5775,143
5776,143
5777,143
5778,143
5779,143
5780,143
5781,143
5782,143
5783,143
5784,143
5785,143
5786,143
5787,143
5788,143
5789,143
5790,143
5791,143
5792,143
5793,143
5794,143
5795,143
5796,143
5797,143
5798,143
5799,143
5800,143
5801,143
5802,143
5803,143
5804,143
5805,143
5806,143
5807,143
5808,143
5809,143
5810,143
5811,143
5812,143
5813,143
5814,143
5815,143
5816,143
5817,143
5818,143
5819,143
5820,143
5821,143
5822,143
5823,143
5824,143
5825,143
5826,143
5827,143
5828,143
5829,143
5830,143
5831,143
5832,143
5833,143
5834,143
5835,143
5836,143
5837,143
5838,143
5839,143
5840,143
5841,143
5842,143
5843,143
5844,143
5845,143
5846,143
5847,143
5848,143
5849,143
5850,143
5851,143
5852,143
5853,143
5854,143
5855,143
5856,143
5857,143
5858,143
5859,143
5860,143
5861,143
5862,143
5863,143
5864,143
5865,143
5866,143
5867,143
5868,143
5869,143
5870,143
5871,143
5872,143
5873,143
5874,143
5875,143
5876,143
5877,143
5878,143
5879,143
5880,143
5881,143
5882,143
5883,143
5884,143
5885,143
5886,143
5887,143
5888,143
5889,143
5890,143
5891,143
5892,143
5893,143
5894,143
5895,143
5896,143
5897,143
5898,143
5899,143
5900,143
5901,143
5902,143
5903,143
5904,143
5905,143
5906,143
5907,143
5908,143
5909,143
5910,143
5911,143
5912,143
5913,143
5914,143
5915,143
5916,143
5917,143
5918,143
5919,143
5920,143
5921,143
5922,143
5923,143
5924,143
5925,143
5926,143
5927,143
5928,143
5929,143
5930,143
5931,143
5932,143
5933,143
5934,143
5935,143
5936,143
5937,143
5938,143
5939,143
5940,143
5941,143
5942,143
5943,143
5944,143
5945,143
5946,143
5947,143
5948,143
5949,143
5950,143
5951,143
5952,143
5953,143
5954,143
5955,143
5956,143
5957,143
5958,143
5959,143
5960,143
5961,143
5962,143
5963,143
5964,143
5965,143
5966,143
5967,143
5968,143
5969,143
5970,143
5971,143
5972,143
5973,143
5974,143
5975,143
5976,143
5977,143
5978,143
5979,143
5980,143
5981,143
5982,143
5983,143
5984,143
5985,143
5986,143
5987,143
5988,143
5989,143
5990,143
5991,143
5992,143
5993,143
5994,143
5995,143
5996,143
5997,143
5998,143
5999,143
6000,143
6001,143
6002,143
6003,143
6004,143
6005,143
6006,143
6007,143
6008,143
6009,143
6010,143
6011,143
6012,143
6013,143
6014,143
6015,143
6016,143
6017,143
6018,143
6019,143
6020,143
6021,143
6022,143
6023,143
6024,143
6025,143
6026,143
6027,143
6028,143
6029,143
6030,143
6031,143
6032,143
6033,143
6034,143
6035,143
6036,143
6037,143
6038,143
6039,143
6040,143
6041,143
6042,143
6043,143
6044,143
6045,143
6046,143
6047,143
6048,143
6049,143
6050,143
6051,143
6052,143
6053,143
6054,143
6055,143
6056,143
6057,143
6058,143
6059,143
6060,143
6061,143
6062,143
6063,143
6064,143
6065,143
6066,143
6067,143
6068,143
6069,143
6070,143
6071,143
6072,143
6073,143
6074,143
6075,143
6076,143
6077,143
6078,143
6079,143
6080,143
6081,143
6082,143
6083,143
6084,143
6085,143
6086,143
6087,143
6088,143
6089,143
6090,143
6091,143
6092,143
6093,143
6094,143
6095,143
6096,143
6097,143
6098,143
6099,143
6100,143
6101,143
6102,143
6103,143
6104,143
6105,143
6106,143
6107,143
6108,143
6109,143
6110,143
6111,143
6112,143
6113,143
6114,143
6115,143
6116,143
6117,143
6118,143
6119,143
6120,143
6121,143
6122,143
6123,143
6124,143
6125,143
6126,143
6127,143
6128,143
6129,143
6130,143
6131,143
6132,143
6133,143
6134,143
6135,143
6136,143
6137,143
6138,143
6139,143
6140,143
6141,143
6142,143
6143,143
6144,143
6145,143
6146,143
6147,143
6148,143
6149,143
6150,143
6151,143
6152,143
6153,143
6154,143
6155,143
6156,143
6157,143
6158,143
6159,143
6160,143
6161,143
6162,143
6163,143
6164,143
6165,143
6166,143
6167,143
6168,143
6169,143
6170,143
6171,143
6172,143
6173,143
6174,143
6175,143
6176,143
6177,143
6178,143
6179,143
6180,143
6181,143
6182,143
6183,143
6184,143
6185,143
6186,143
6187,143
6188,143
6189,143
6190,143
6191,143
6192,143
6193,143
6194,143
6195,143
6196,143
6197,143
6198,143
6199,143
6200,143
6201,143
6202,143
6203,143
6204,143
6205,143
6206,143
6207,143
6208,143
6209,143
6210,143
6211,143
6212,143
6213,143
6214,143
6215,143
6216,143
6217,143
6218,143
6219,143
6220,143
6221,143
6222,143
6223,143
6224,143
6225,143
6226,143
6227,143
6228,143
6229,143
6230,143
6231,143
6232,143
6233,143
6234,143
6235,143
6236,143
6237,143
6238,143
6239,143
6240,143
6241,143
6242,143
6243,143
6244,143
6245,143
6246,143
6247,143
6248,143
6249,143
6250,143
6251,143
6252,143
6253,143
6254,143
6255,143
6256,143
6257,143
6258,143
6259,143
6260,143
6261,143
6262,143
6263,143
6264,143
6265,143
6266,143
6267,143
6268,143
6269,143
6270,143
6271,143
6272,143
6273,143
6274,143
6275,143
6276,143
6277,143
6278,143
6279,143
6280,143
6281,143
6282,143
6283,143
6284,143
6285,143
6286,143
6287,143
6288,143
6289,143
6290,143
6291,143
6292,143
6293,143
6294,143
6295,143
6296,143
6297,143
6298,143
6299,143
6300,143
6301,143
6302,143
6303,143
6304,143
6305,143
6306,143
6307,143
6308,143
6309,143
6310,143
6311,143
6312,143
6313,143
6314,143
6315,143
6316,143
6317,143
6318,143
6319,143
6320,143
6321,143
6322,143
6323,143
6324,143
6325,143
6326,143
6327,143
6328,143
6329,143
6330,143
6331,143
6332,143
6333,143
6334,143
6335,143
6336,143
6337,143
6338,143
6339,143
6340,143
6341,143
6342,143
6343,143
6344,143
6345,143
6346,143
6347,143
6348,143
6349,143
6350,143
6351,143
6352,143
6353,143
6354,143
6355,143
6356,143
6357,143
6358,143
6359,143
6360,143
6361,143
6362,143
6363,143
6364,143
6365,143
6366,143
6367,143
6368,143
6369,143
6370,143
6371,143
6372,143
6373,143
6374,143
6375,143
6376,143
6377,143
6378,143
6379,143
6380,143
6381,143
6382,143
6383,143
6384,143
6385,143
6386,143
6387,143
6388,143
6389,143
6390,143
6391,143
6392,143
6393,143
6394,143
6395,143
6396,143
6397,143
6398,143
6399,143
6400,143
6401,143
6402,143
6403,143
6404,143
6405,143
6406,143
6407,143
6408,143
6409,143
6410,143
6411,143
6412,143
6413,143
6414,143
6415,143
6416,143
6417,143
6418,143
6419,143
6420,143
6421,143
6422,143
6423,143
6424,143
6425,143
6426,143
6427,143
6428,143
6429,143
6430,143
6431,143
6432,143
6433,143
6434,143
6435,143
6436,143
6437,143
6438,143
6439,143
6440,143
6441,143
6442,143
6443,143
6444,143
6445,143
6446,143
6447,143
6448,143
6449,143
6450,143
6451,143
6452,143
6453,143
6454,143
6455,143
6456,143
6457,143
6458,143
6459,143
6460,143
6461,143
6462,143
6463,143
6464,143
6465,143
6466,143
6467,143
6468,143
6469,143
6470,143
6471,143
6472,143
6473,143
6474,143
6475,143
6476,143
6477,143
6478,143
6479,143
6480,143
6481,143
6482,143
6483,143
6484,143
6485,143
6486,143
6487,143
6488,143
6489,143
6490,143
6491,143
6492,143
6493,143
6494,143
6495,143
6496,143
6497,143
6498,143
6499,143
6500,143
6501,143
6502,143
6503,143
6504,143
6505,143
6506,143
6507,143
6508,143
6509,143
6510,143
6511,143
6512,143
6513,143
6514,143
6515,143
6516,143
6517,143
6518,143
6519,143
6520,143
6521,143
6522,143
6523,143
6524,143
6525,143
6526,143
6527,143
6528,143
6529,143
6530,143
6531,143
6532,143
6533,143
6534,143
6535,143
6536,143
6537,143
6538,143
6539,143
6540,143
6541,143
6542,143
6543,143
6544,143
6545,143
6546,143
6547,143
6548,143
6549,143
6550,143
6551,143
6552,143
6553,143
6554,143
6555,143
6556,143
6557,143
6558,143
6559,143
6560,143
6561,143
6562,143
6563,143
6564,143
6565,143
6566,143
6567,143
6568,143
6569,143
6570,143
6571,143
6572,143
6573,143
6574,143
6575,143
6576,143
6577,143
6578,143
6579,143
6580,143
6581,143
6582,143
6583,143
6584,143
6585,143
6586,143
6587,143
6588,143
6589,143
6590,143
6591,143
6592,143
6593,143
6594,143
6595,143
6596,143
6597,143
6598,143
6599,143
6600,143
6601,143
6602,143
6603,143
6604,143
6605,143
6606,143
6607,143
6608,143
6609,143
6610,143
6611,143
6612,143
6613,143
6614,143
6615,143
6616,143
6617,143
6618,143
6619,143
6620,143
6621,143
6622,143
6623,143
6624,143
6625,143
6626,143
6627,143
6628,143
6629,143
6630,143
6631,143
6632,143
6633,143
6634,143
6635,143
6636,143
6637,143
6638,143
6639,143
6640,143
6641,143
6642,143
6643,143
6644,143
6645,143
6646,143
6647,143
6648,143
6649,143
6650,143
6651,143
6652,143
6653,143
6654,143
6655,143
6656,143
6657,143
6658,143
6659,143
6660,143
6661,143
6662,143
6663,143
6664,143
6665,143
6666,143
6667,143
6668,143
6669,143
6670,143
6671,143
6672,143
6673,143
6674,143
6675,143
6676,143
6677,143
6678,143
6679,143
6680,143
6681,143
6682,143
6683,143
6684,143
6685,143
6686,143
6687,143
6688,143
6689,143
6690,143
6691,143
6692,143
6693,143
6694,143
6695,143
6696,143
6697,143
6698,143
6699,143
6700,143
6701,143
6702,143
6703,143
6704,143
6705,143
6706,143
6707,143
6708,143
6709,143
6710,143
6711,143
6712,143
6713,143
6714,143
6715,143
6716,143
6717,143
6718,143
6719,143
6720,143
6721,143
6722,143
6723,143
6724,143
6725,143
6726,143
6727,143
6728,143
6729,143
6730,143
6731,143
6732,143
6733,143
6734,143
6735,143
6736,143
6737,143
6738,143
6739,143
6740,143
6741,143
6742,143
6743,143
6744,143
6745,143
6746,143
6747,143
6748,143
6749,143
6750,143
6751,143
6752,143
6753,143
6754,143
6755,143
6756,143
6757,143
6758,143
6759,143
6760,143
6761,143
6762,143
6763,143
6764,143
6765,143
6766,143
6767,143
6768,143
6769,143
6770,143
6771,143
6772,143
6773,143
6774,143
6775,143
6776,143
6777,143
6778,143
6779,143
6780,143
6781,143
6782,143
6783,143
6784,143
6785,143
6786,143
6787,143
6788,143
6789,143
6790,143
6791,143
6792,143
6793,143
6794,143
6795,143
6796,143
6797,143
6798,143
6799,143
6800,143
6801,143
6802,143
6803,143
6804,143
6805,143
6806,143
6807,143
6808,143
6809,143
6810,143
6811,143
6812,143
6813,143
6814,143
6815,143
6816,143
6817,143
6818,143
6819,143
6820,143
6821,143
6822,143
6823,143
6824,143
6825,143
6826,143
6827,143
6828,143
6829,143
6830,143
6831,143
6832,143
6833,143
6834,143
6835,143
6836,143
6837,143
6838,143
6839,143
6840,144
6841,145
