0,0
1,1
2,2
3,3
4,4
5,5
6,6
7,7
8,8
9,9
10,10
11,11
12,12
13,13
14,13
15,14
16,14
17,14
18,15
19,16
20,17
21,18
22,19
23,20
24,20
25,21
26,21
27,21
28,21
29,21
30,21
31,21
32,21
33,21
34,21
35,22
36,22
37,22
38,22
39,22
40,22
41,22
42,22
43,23
44,23
45,23
46,24
47,25
48,26
49,27
50,28
51,28
52,29
53,30
54,30
55,31
56,32
57,33
58,34
59,34
60,34
61,35
62,36
63,37
64,38
65,39
66,40
67,41
68,41
69,41
70,41
71,42
72,43
73,44
74,44
75,45
76,45
77,46
78,46
79,46
80,46
81,46
82,46
83,47
84,47
85,47
86,47
87,47
88,47
89,48
90,48
91,48
92,49
93,50
94,51
95,51
96,51
97,51
98,52
99,52
100,52
101,52
102,52
103,53
104,53
105,53
106,53
107,53
108,53
109,53
110,53
111,54
112,55
113,56
114,56
115,56
116,57
117,58
118,59
119,60
120,61
121,61
122,61
123,61
124,62
125,62
126,62
127,62
128,62
129,62
130,62
131,62
132,62
133,63
134,63
135,63
136,64
137,65
138,65
139,66
140,66
141,67
142,67
143,68
144,69
145,69
146,69
147,69
148,69
149,69
150,69
151,69
152,70
153,70
154,70
155,70
156,70
157,70
158,70
159,70
160,70
161,70
162,71
163,72
164,72
165,72
166,72
167,72
168,72
169,73
170,73
171,73
172,74
173,74
174,74
175,74
176,74
177,74
178,75
179,75
180,75
181,75
182,75
183,75
184,75
185,75
186,75
187,75
188,75
189,75
190,75
191,75
192,75
193,75
194,75
195,76
196,77
197,77
198,77
199,77
200,77
201,77
202,77
203,77
204,77
205,78
206,79
207,79
208,80
209,80
210,81
211,82
212,83
213,83
214,83
215,83
216,84
217,84
218,84
219,84
220,85
221,86
222,87
223,87
224,87
225,87
226,87
227,87
228,87
229,87
230,87
231,88
232,88
233,88
234,88
235,88
236,88
237,88
238,88
239,88
240,88
241,88
242,88
243,88
244,88
245,89
246,89
247,89
248,89
249,89
250,89
251,89
252,89
253,89
254,89
255,89
256,89
257,89
258,89
259,89
260,89
261,89
262,89
263,89
264,89
265,89
266,89
267,89
268,89
269,89
270,89
271,90
272,90
273,90
274,90
275,90
276,90
277,90
278,90
279,90
280,90
281,90
282,90
283,90
284,90
285,91
286,91
287,91
288,91
289,91
290,91
291,91
292,91
293,91
294,91
295,91
296,92
297,92
298,92
299,92
300,92
301,93
302,94
303,94
304,94
305,94
306,94
307,94
308,94
309,94
310,94
311,94
312,94
313,94
314,94
315,94
316,94
317,94
318,94
319,94
320,94
321,94
322,94
323,94
324,94
325,94
326,94
327,94
328,94
329,94
330,94
331,94
332,94
333,94
334,94
335,94
336,94
337,94
338,94
339,94
340,94
341,94
342,94
343,94
344,94
345,94
346,94
347,94
348,94
349,94
350,94
351,94
352,94
353,94
354,94
355,94
356,94
357,94
358,94
359,94
360,94
361,94
362,94
363,94
364,94
365,94
366,94
367,94
368,94
369,94
370,94
371,94
372,94
373,94
374,94
375,94
376,94
377,94
378,94
379,94
380,94
381,95
382,95
383,95
384,95
385,95
386,95
387,95
388,95
389,95
390,95
391,96
392,97
393,97
394,97
395,97
396,97
397,97
398,97
399,97
400,97
401,97
402,97
403,97
404,97
405,97
406,98
407,98
408,98
409,98
410,98
411,98
412,98
413,98
414,98
415,98
416,98
417,98
418,98
419,98
420,98
421,98
422,98
423,98
424,98
425,98
426,98
427,98
428,98
429,98
430,98
431,98
432,98
433,98
434,99
435,99
436,99
437,100
438,100
439,100
440,100
441,100
442,100
443,100
444,100
445,100
446,100
447,100
448,100
449,100
450,100
451,100
452,100
453,100
454,100
455,100
456,100
457,100
458,100
459,100
460,100
461,100
462,100
463,100
464,100
465,100
466,100
467,100
468,100
469,100
470,100
471,100
472,100
473,100
474,101
475,101
476,101
477,101
478,101
479,101
480,101
481,101
482,101
483,101
484,101
485,101
486,101
487,101
488,101
489,101
490,101
491,101
492,101
493,101
494,101
495,101
496,101
497,101
498,101
499,101
500,101
501,101
502,101
503,101
504,101
505,101
506,101
507,101
508,101
509,101
510,101
511,101
512,101
513,101
514,101
515,101
516,101
517,101
518,102
519,103
520,104
521,105
522,106
523,106
524,107
525,108
526,109
527,109
528,110
529,110
530,110
531,111
532,111
533,112
534,112
535,112
536,112
537,113
538,113
539,113
540,113
541,114
542,114
543,115
544,115
545,115
546,115
547,115
548,116
549,116
550,117
551,118
552,119
553,119
554,119
555,119
556,119
557,119
558,119
559,119
560,120
561,120
562,121
563,121
564,122
565,122
566,122
567,122
568,122
569,122
570,122
571,123
572,124
573,124
574,124
575,124
576,124
577,124
578,124
579,124
580,124
581,124
582,124
583,124
584,124
585,124
586,124
587,124
588,124
589,124
590,124
591,124
592,124
593,124
594,124
595,124
596,124
597,124
598,124
599,124
600,124
601,124
602,125
603,125
604,125
605,125
606,125
607,125
608,125
609,125
610,125
611,125
612,125
613,125
614,125
615,125
616,125
617,125
618,125
619,125
620,125
621,125
622,125
623,125
624,125
625,125
626,126
627,127
628,127
629,127
630,127
631,128
632,128
633,128
634,128
635,128
636,128
637,129
638,129
639,129
640,129
641,129
642,129
643,129
644,129
645,129
646,129
647,129
648,129
649,129
650,129
651,129
652,129
653,129
654,129
655,129
656,129
657,129
658,129
659,129
660,129
661,129
662,129
663,129
664,129
665,129
666,129
667,129
668,129
669,129
670,129
671,129
672,129
673,129
674,129
675,129
676,129
677,129
678,129
679,129
680,129
681,129
682,129
683,129
684,129
685,129
686,129
687,129
688,129
689,129
690,129
691,129
692,129
693,129
694,129
695,129
696,129
697,129
698,129
699,129
700,129
701,129
702,129
703,129
704,129
705,129
706,129
707,129
708,129
709,129
710,129
711,129
712,129
713,129
714,129
715,129
716,129
717,129
718,129
719,129
720,129
721,129
722,129
723,129
724,129
725,129
726,129
727,129
728,129
729,129
730,129
731,129
732,129
733,130
734,130
735,130
736,130
737,130
738,130
739,130
740,130
741,130
742,130
743,130
744,130
745,130
746,130
747,130
748,130
749,130
750,130
751,130
752,130
753,130
754,130
755,130
756,130
757,130
758,130
759,130
760,130
761,130
762,130
763,130
764,130
765,130
766,130
767,130
768,130
769,130
770,130
771,130
772,130
773,130
774,130
775,130
776,130
777,130
778,130
779,130
780,130
781,130
782,130
783,130
784,130
785,130
786,130
787,130
788,130
789,130
790,130
791,130
792,130
793,130
794,130
795,130
796,130
797,130
798,130
799,130
800,130
801,130
802,130
803,130
804,130
805,130
806,130
807,130
808,130
809,130
810,130
811,130
812,130
813,130
814,130
815,130
816,130
817,130
818,130
819,130
820,130
821,130
822,130
823,130
824,130
825,130
826,130
827,130
828,130
829,130
830,130
831,130
832,130
833,130
834,130
835,130
836,130
837,130
838,130
839,130
840,130
841,130
842,130
843,130
844,130
845,130
846,130
847,130
848,130
849,130
850,130
851,130
852,130
853,130
854,130
855,130
856,130
857,130
858,130
859,130
860,130
861,130
862,131
863,131
864,131
865,131
866,131
867,131
868,131
869,131
870,131
871,131
872,131
873,131
874,131
875,131
876,131
877,131
878,131
879,131
880,131
881,131
882,131
883,131
884,131
885,131
886,131
887,131
888,131
889,131
890,131
891,131
892,131
893,131
894,131
895,131
896,131
897,131
898,131
899,131
900,131
901,131
902,131
903,131
904,131
905,132
906,132
907,133
908,133
909,133
910,133
911,133
912,133
913,133
914,133
915,133
916,133
917,133
918,133
919,133
920,133
921,133
922,133
923,133
924,133
925,133
926,133
927,133
928,133
929,133
930,133
931,133
932,133
933,133
934,133
935,133
936,133
937,133
938,133
939,134
940,134
941,134
942,135
943,135
944,135
945,135
946,135
947,135
948,135
949,135
950,135
951,135
952,135
953,135
954,135
955,135
956,135
957,135
958,135
959,135
960,135
961,135
962,135
963,135
964,135
965,135
966,135
967,135
968,135
969,135
970,135
971,135
972,135
973,135
974,135
975,135
976,135
977,135
978,135
979,135
980,135
981,135
982,135
983,135
984,135
985,135
986,135
987,135
988,135
989,135
990,135
991,135
992,135
993,135
994,135
995,136
996,136
997,136
998,136
999,136
1000,136
1001,136
1002,136
1003,136
1004,136
1005,136
1006,136
1007,136
1008,136
1009,136
1010,136
1011,136
1012,136
1013,136
1014,136
1015,136
1016,136
1017,136
1018,136
1019,136
1020,136
1021,136
1022,136
1023,136
1024,136
1025,136
1026,136
1027,136
1028,136
1029,136
1030,136
1031,136
1032,136
1033,136
1034,136
1035,137
1036,137
1037,137
1038,137
1039,137
1040,137
1041,137
1042,137
1043,137
1044,137
1045,137
1046,137
1047,137
1048,137
1049,137
1050,137
1051,137
1052,137
1053,137
1054,137
1055,137
1056,137
1057,137
1058,137
1059,137
1060,137
1061,137
1062,137
1063,137
1064,137
1065,137
1066,137
1067,137
1068,137
1069,137
1070,137
1071,137
1072,137
1073,137
1074,137
1075,137
1076,137
1077,137
1078,137
1079,137
1080,137
1081,137
1082,137
1083,137
1084,137
1085,137
1086,137
1087,137
1088,137
1089,137
1090,137
1091,137
1092,137
1093,137
1094,137
1095,137
1096,137
1097,137
1098,137
1099,137
1100,137
1101,137
1102,137
1103,137
1104,137
1105,137
1106,137
1107,137
1108,137
1109,137
1110,137
1111,137
1112,137
1113,137
1114,137
1115,137
1116,137
1117,137
1118,137
1119,137
1120,137
1121,137
1122,137
1123,137
1124,137
1125,137
1126,137
1127,137
1128,137
1129,137
1130,137
1131,137
1132,137
1133,137
1134,137
1135,137
1136,137
1137,137
1138,137
1139,137
1140,137
1141,137
1142,137
1143,137
1144,137
1145,137
1146,137
1147,137
1148,137
1149,137
1150,137
1151,137
1152,137
1153,137
1154,137
1155,137
1156,137
1157,137
1158,137
1159,137
1160,137
1161,137
1162,137
1163,137
1164,137
1165,137
1166,137
1167,137
1168,137
1169,137
1170,137
1171,137
1172,137
1173,137
1174,137
1175,137
1176,137
1177,137
1178,137
1179,137
1180,137
1181,137
1182,137
1183,137
1184,137
1185,137
1186,137
1187,137
1188,137
1189,137
1190,137
1191,137
1192,137
1193,137
1194,137
1195,137
1196,137
1197,137
1198,137
1199,137
1200,137
1201,137
1202,137
1203,137
1204,137
1205,137
1206,137
1207,137
1208,137
1209,137
1210,137
1211,137
1212,137
1213,137
1214,137
1215,137
1216,137
1217,137
1218,137
1219,137
1220,137
1221,137
1222,137
1223,137
1224,137
1225,137
1226,137
1227,137
1228,137
1229,137
1230,137
1231,137
1232,137
1233,137
1234,137
1235,137
1236,137
1237,137
1238,137
1239,137
1240,137
1241,137
1242,137
1243,137
1244,137
1245,137
1246,137
1247,137
1248,137
1249,137
1250,137
1251,137
1252,137
1253,137
1254,137
1255,137
1256,137
1257,137
1258,137
1259,137
1260,137
1261,137
1262,137
1263,137
1264,137
1265,137
1266,137
1267,137
1268,137
1269,137
1270,137
1271,137
1272,137
1273,137
1274,137
1275,137
1276,137
1277,137
1278,137
1279,137
1280,137
1281,137
1282,137
1283,137
1284,137
1285,137
1286,137
1287,137
1288,137
1289,137
1290,137
1291,137
1292,137
1293,137
1294,137
1295,137
1296,137
1297,137
1298,137
1299,137
1300,137
1301,137
1302,137
1303,137
1304,137
1305,137
1306,137
1307,137
1308,137
1309,137
1310,137
1311,137
1312,137
1313,137
1314,137
1315,137
1316,137
1317,137
1318,137
1319,137
1320,137
1321,137
1322,137
1323,137
1324,137
1325,137
1326,137
1327,137
1328,137
1329,137
1330,137
1331,137
1332,137
1333,137
1334,137
1335,137
1336,137
1337,137
1338,137
1339,137
1340,137
1341,137
1342,137
1343,137
1344,137
1345,137
1346,137
1347,137
1348,137
1349,137
1350,137
1351,137
1352,137
1353,137
1354,137
1355,137
1356,137
1357,137
1358,137
1359,137
1360,137
1361,137
1362,137
1363,137
1364,137
1365,137
1366,137
1367,137
1368,137
1369,137
1370,137
1371,137
1372,137
1373,137
1374,137
1375,137
1376,137
1377,137
1378,137
1379,137
1380,137
1381,137
1382,137
1383,137
1384,137
1385,137
1386,137
1387,137
1388,137
1389,137
1390,137
1391,137
1392,137
1393,137
1394,137
1395,137
1396,137
1397,137
1398,137
1399,137
1400,137
1401,137
1402,137
1403,137
1404,137
1405,137
1406,137
1407,137
1408,137
1409,137
1410,137
1411,137
1412,137
1413,137
1414,137
1415,137
1416,137
1417,137
1418,137
1419,137
1420,137
1421,137
1422,137
1423,137
1424,137
1425,137
1426,137
1427,137
1428,137
1429,137
1430,137
1431,137
1432,137
1433,137
1434,137
1435,137
1436,137
1437,137
1438,137
1439,137
1440,137
1441,137
1442,137
1443,137
1444,137
1445,137
1446,137
1447,137
1448,137
1449,137
1450,137
1451,137
1452,137
1453,137
1454,137
1455,137
1456,137
1457,137
1458,137
1459,137
1460,137
1461,137
1462,137
1463,137
1464,137
1465,137
1466,137
1467,137
1468,137
1469,137
1470,137
1471,137
1472,137
1473,137
1474,137
1475,137
1476,137
1477,137
1478,137
1479,137
1480,137
1481,137
1482,137
1483,137
1484,137
1485,137
1486,137
1487,137
1488,137
1489,137
1490,137
1491,137
1492,137
1493,137
1494,137
1495,137
1496,137
1497,137
1498,137
1499,137
1500,137
1501,137
1502,137
1503,137
1504,137
1505,137
1506,137
1507,137
1508,137
1509,137
1510,137
1511,137
1512,137
1513,137
1514,137
1515,137
1516,137
1517,137
1518,137
1519,137
1520,137
1521,137
1522,137
1523,137
1524,137
1525,137
1526,137
1527,137
1528,137
1529,137
1530,137
1531,137
1532,137
1533,137
1534,137
1535,137
1536,137
1537,137
1538,137
1539,137
1540,137
1541,137
1542,137
1543,137
1544,137
1545,137
1546,137
1547,137
1548,137
1549,137
1550,137
1551,137
1552,137
1553,137
1554,137
1555,137
1556,137
1557,137
1558,137
1559,137
1560,137
1561,137
1562,137
1563,137
1564,137
1565,137
1566,137
1567,137
1568,137
1569,137
1570,137
1571,137
1572,137
1573,137
1574,137
1575,137
1576,137
1577,137
1578,137
1579,137
1580,137
1581,137
1582,137
1583,137
1584,137
1585,137
1586,137
1587,137
1588,137
1589,137
1590,137
1591,137
1592,137
1593,137
1594,137
1595,137
1596,137
1597,137
1598,137
1599,137
1600,137
1601,137
1602,137
1603,137
1604,137
1605,137
1606,137
1607,137
1608,137
1609,137
1610,137
1611,137
1612,137
1613,137
1614,137
1615,137
1616,138
1617,138
1618,138
1619,138
1620,138
1621,138
1622,138
1623,138
1624,138
1625,138
1626,138
1627,138
1628,138
1629,138
1630,138
1631,138
1632,138
1633,138
1634,138
1635,138
1636,138
1637,138
1638,138
1639,138
1640,138
1641,138
1642,138
1643,138
1644,138
1645,138
1646,138
1647,138
1648,138
1649,138
1650,138
1651,138
1652,138
1653,138
1654,138
1655,138
1656,138
1657,138
1658,138
1659,138
1660,138
1661,138
1662,138
1663,138
1664,138
1665,138
1666,138
1667,138
1668,138
1669,138
1670,138
1671,138
1672,138
1673,138
1674,138
1675,138
1676,138
1677,138
1678,138
1679,138
1680,138
1681,138
1682,138
1683,138
1684,138
1685,138
1686,138
1687,138
1688,138
1689,138
1690,138
1691,138
1692,138
1693,138
1694,138
1695,138
1696,138
1697,138
1698,138
1699,138
1700,138
1701,138
1702,138
1703,138
1704,138
1705,138
1706,138
1707,138
1708,138
1709,138
1710,138
1711,138
1712,138
1713,138
1714,138
1715,138
1716,138
1717,138
1718,138
1719,138
1720,138
1721,138
1722,138
1723,138
1724,138
1725,138
1726,138
1727,138
1728,138
1729,138
1730,138
1731,138
1732,138
1733,138
1734,138
1735,138
1736,138
1737,138
1738,138
1739,138
1740,138
1741,138
1742,138
1743,138
1744,138
1745,138
1746,138
1747,138
1748,138
1749,138
1750,138
1751,138
1752,138
1753,138
1754,138
1755,138
1756,138
1757,138
1758,138
1759,138
1760,138
1761,138
1762,138
1763,138
1764,138
1765,138
1766,138
1767,138
1768,138
1769,138
1770,138
1771,138
1772,138
1773,138
1774,138
1775,138
1776,138
1777,138
1778,138
1779,138
1780,138
1781,138
1782,138
1783,138
1784,138
1785,138
1786,138
1787,138
1788,138
1789,138
1790,138
1791,138
1792,138
1793,138
1794,138
1795,138
1796,138
1797,138
1798,138
1799,138
1800,138
1801,138
1802,138
1803,138
1804,138
1805,138
1806,138
1807,138
1808,138
1809,138
1810,138
1811,138
1812,138
1813,138
1814,138
1815,138
1816,138
1817,138
1818,138
1819,138
1820,138
1821,138
1822,138
1823,138
1824,138
1825,138
1826,138
1827,138
1828,138
1829,138
1830,138
1831,138
1832,138
1833,138
1834,138
1835,138
1836,138
1837,138
1838,138
1839,138
1840,138
1841,138
1842,138
1843,138
1844,138
1845,138
1846,138
1847,138
1848,138
1849,138
1850,138
1851,138
1852,138
1853,138
1854,138
1855,138
1856,138
1857,138
1858,138
1859,138
1860,138
1861,138
1862,138
1863,138
1864,138
1865,138
1866,138
1867,138
1868,138
1869,138
1870,138
1871,138
1872,138
1873,138
1874,138
1875,138
1876,138
1877,138
1878,138
1879,138
1880,138
1881,138
1882,138
1883,138
1884,138
1885,138
1886,138
1887,138
1888,138
1889,138
1890,138
1891,138
1892,138
1893,138
1894,138
1895,138
1896,138
1897,138
1898,138
1899,138
1900,138
1901,138
1902,138
1903,138
1904,138
1905,138
1906,138
1907,138
1908,138
1909,138
1910,138
1911,138
1912,138
1913,138
1914,138
1915,138
1916,138
1917,138
1918,138
1919,138
1920,138
1921,138
1922,138
1923,138
1924,138
1925,138
1926,138
1927,138
1928,138
1929,138
1930,138
1931,138
1932,138
1933,138
1934,138
1935,138
1936,138
1937,138
1938,138
1939,138
1940,138
1941,138
1942,138
1943,138
1944,138
1945,138
1946,138
1947,138
1948,138
1949,138
1950,138
1951,138
1952,138
1953,138
1954,138
1955,138
1956,138
1957,138
1958,138
1959,138
1960,138
1961,138
1962,138
1963,138
1964,138
1965,138
1966,138
1967,138
1968,138
1969,138
1970,138
1971,138
1972,138
1973,138
1974,138
1975,138
1976,138
1977,138
1978,138
1979,138
1980,138
1981,138
1982,138
1983,138
1984,138
1985,138
1986,138
1987,138
1988,138
1989,138
1990,138
1991,138
1992,138
1993,138
1994,138
1995,138
1996,138
1997,138
1998,138
1999,138
2000,138
2001,138
2002,138
2003,138
2004,138
2005,138
2006,138
2007,138
2008,138
2009,138
2010,138
2011,138
2012,138
2013,138
2014,138
2015,138
2016,138
2017,138
2018,138
2019,138
2020,138
2021,138
2022,138
2023,138
2024,138
2025,138
2026,138
2027,138
2028,138
2029,138
2030,138
2031,138
2032,138
2033,138
2034,138
2035,138
2036,138
2037,138
2038,138
2039,138
2040,138
2041,138
2042,138
2043,138
2044,139
2045,139
2046,139
2047,139
2048,139
2049,139
2050,139
2051,139
2052,139
2053,139
2054,139
2055,139
2056,139
2057,139
2058,139
2059,139
2060,139
2061,139
2062,139
2063,139
2064,139
2065,139
2066,139
2067,139
2068,139
2069,139
2070,139
2071,139
2072,139
2073,139
2074,139
2075,139
2076,139
2077,139
2078,139
2079,139
2080,139
2081,139
2082,139
2083,139
2084,139
2085,139
2086,139
2087,139
2088,139
2089,139
2090,139
2091,139
2092,139
2093,139
2094,139
2095,139
2096,139
2097,139
2098,139
2099,139
2100,139
2101,139
2102,139
2103,139
2104,139
2105,139
2106,139
2107,139
2108,139
2109,139
2110,139
2111,139
2112,139
2113,139
2114,139
2115,139
2116,139
2117,139
2118,139
2119,139
2120,139
2121,139
2122,139
2123,139
2124,139
2125,139
2126,139
2127,139
2128,139
2129,139
2130,139
2131,139
2132,139
2133,139
2134,139
2135,139
2136,139
2137,139
2138,139
2139,139
2140,139
2141,139
2142,139
2143,139
2144,139
2145,139
2146,139
2147,139
2148,139
2149,139
2150,139
2151,139
2152,139
2153,139
2154,139
2155,139
2156,139
2157,139
2158,139
2159,139
2160,139
2161,139
2162,139
2163,139
2164,139
2165,139
2166,139
2167,139
2168,139
2169,139
2170,139
2171,139
2172,139
2173,139
2174,139
2175,139
2176,139
2177,139
2178,139
2179,139
2180,139
2181,139
2182,139
2183,139
2184,139
2185,139
2186,139
2187,139
2188,139
2189,139
2190,139
2191,139
2192,139
2193,139
2194,139
2195,139
2196,139
2197,139
2198,139
2199,139
2200,139
2201,139
2202,139
2203,139
2204,139
2205,139
2206,139
2207,139
2208,139
2209,139
2210,139
2211,139
2212,139
2213,139
2214,139
2215,139
2216,139
2217,139
2218,139
2219,139
2220,139
2221,139
2222,139
2223,139
2224,139
2225,139
2226,139
2227,139
2228,139
2229,139
2230,139
2231,139
2232,139
2233,139
2234,139
2235,139
2236,139
2237,139
2238,139
2239,139
2240,139
2241,139
2242,139
2243,139
2244,139
2245,139
2246,139
2247,139
2248,139
2249,139
2250,139
2251,139
2252,139
2253,139
2254,139
2255,139
2256,139
2257,139
2258,139
2259,139
2260,139
2261,139
2262,139
2263,139
2264,139
2265,139
2266,139
2267,139
2268,139
2269,139
2270,139
2271,139
2272,139
2273,139
2274,139
2275,139
2276,139
2277,139
2278,139
2279,139
2280,139
2281,139
2282,139
2283,139
2284,139
2285,139
2286,139
2287,139
2288,139
2289,139
2290,139
2291,139
2292,139
2293,139
2294,139
2295,139
2296,139
2297,139
2298,139
2299,139
2300,139
2301,139
2302,139
2303,139
2304,139
2305,139
2306,139
2307,139
2308,139
2309,139
2310,139
2311,139
2312,139
2313,139
2314,139
2315,139
2316,139
2317,139
2318,139
2319,139
2320,139
2321,139
2322,139
2323,139
2324,139
2325,139
2326,139
2327,139
2328,139
2329,139
2330,139
2331,139
2332,139
2333,139
2334,139
2335,139
2336,139
2337,139
2338,139
2339,139
2340,139
2341,139
2342,139
2343,139
2344,139
2345,139
2346,139
2347,139
2348,139
2349,139
2350,139
2351,139
2352,139
2353,139
2354,139
2355,139
2356,139
2357,139
2358,139
2359,139
2360,139
2361,139
2362,139
2363,139
2364,139
2365,139
2366,139
2367,139
2368,139
2369,139
2370,139
2371,139
2372,139
2373,139
2374,139
2375,139
2376,139
2377,139
2378,139
2379,139
2380,139
2381,139
2382,139
2383,139
2384,139
2385,139
2386,139
2387,139
2388,139
2389,139
2390,139
2391,139
2392,139
2393,139
2394,139
2395,139
2396,139
2397,139
2398,139
2399,139
2400,139
2401,139
2402,139
2403,139
2404,139
2405,139
2406,139
2407,139
2408,139
2409,139
2410,139
2411,139
2412,139
2413,139
2414,139
2415,139
2416,139
2417,139
2418,139
2419,139
2420,139
2421,139
2422,139
2423,139
2424,139
2425,139
2426,139
2427,139
2428,139
2429,139
2430,139
2431,139
2432,139
2433,139
2434,139
2435,139
2436,139
2437,139
2438,139
2439,139
2440,139
2441,139
2442,139
2443,139
2444,139
2445,139
2446,139
2447,139
2448,139
2449,139
2450,139
2451,139
2452,139
2453,139
2454,139
2455,139
2456,139
2457,139
2458,139
2459,139
2460,139
2461,139
2462,139
2463,139
2464,139
2465,139
2466,139
2467,139
2468,139
2469,139
2470,139
2471,139
2472,139
2473,139
2474,139
2475,139
2476,139
2477,139
2478,139
2479,139
2480,139
2481,139
2482,139
2483,139
2484,139
2485,139
2486,139
2487,139
2488,139
2489,139
2490,139
2491,139
2492,139
2493,139
2494,139
2495,139
2496,139
2497,139
2498,139
2499,139
2500,139
2501,139
2502,139
2503,139
2504,139
2505,139
2506,139
2507,139
2508,139
2509,139
2510,139
2511,139
2512,139
2513,139
2514,139
2515,139
2516,139
2517,139
2518,139
2519,139
2520,139
2521,139
2522,139
2523,139
2524,139
2525,139
2526,139
2527,139
2528,139
2529,139
2530,139
2531,139
2532,139
2533,139
2534,139
2535,139
2536,139
2537,139
2538,139
2539,139
2540,139
2541,139
2542,139
2543,139
2544,139
2545,139
2546,139
2547,139
2548,139
2549,139
2550,139
2551,139
2552,139
2553,139
2554,139
2555,139
2556,139
2557,139
2558,139
2559,139
2560,139
2561,139
2562,139
2563,139
2564,139
2565,139
2566,139
2567,139
2568,139
2569,139
2570,139
2571,139
2572,139
2573,139
2574,139
2575,139
2576,139
2577,139
2578,139
2579,139
2580,139
2581,139
2582,139
2583,139
2584,139
2585,139
2586,139
2587,139
2588,139
2589,139
2590,139
2591,139
2592,139
2593,139
2594,139
2595,139
2596,139
2597,139
2598,139
2599,139
2600,139
2601,139
2602,139
2603,139
2604,139
2605,139
2606,139
2607,139
2608,139
2609,139
2610,139
2611,139
2612,139
2613,139
2614,139
2615,139
2616,139
2617,139
2618,139
2619,139
2620,139
2621,139
2622,139
2623,139
2624,139
2625,139
2626,139
2627,139
2628,139
2629,139
2630,139
2631,139
2632,139
2633,139
2634,139
2635,139
2636,139
2637,139
2638,139
2639,139
2640,139
2641,139
2642,139
2643,139
2644,139
2645,139
2646,139
2647,139
2648,139
2649,139
2650,139
2651,139
2652,139
2653,139
2654,139
2655,139
2656,139
2657,139
2658,139
2659,139
2660,139
2661,139
2662,139
2663,139
2664,139
2665,139
2666,139
2667,139
2668,139
2669,139
2670,139
2671,139
2672,139
2673,139
2674,139
2675,139
2676,139
2677,139
2678,139
2679,139
2680,139
2681,139
2682,139
2683,139
2684,139
2685,139
2686,139
2687,139
2688,139
2689,139
2690,139
2691,139
2692,139
2693,139
2694,139
2695,139
2696,139
2697,139
2698,139
2699,139
2700,139
2701,139
2702,139
2703,139
2704,139
2705,139
2706,139
2707,139
2708,139
2709,139
2710,139
2711,139
2712,139
2713,139
2714,139
2715,139
2716,139
2717,139
2718,139
2719,139
2720,139
2721,139
2722,139
2723,139
2724,139
2725,139
2726,139
2727,139
2728,139
2729,139
2730,139
2731,139
2732,139
2733,139
2734,139
2735,139
2736,139
2737,139
2738,139
2739,139
2740,139
2741,139
2742,139
2743,139
2744,139
2745,139
2746,139
2747,139
2748,139
2749,139
2750,139
2751,139
2752,139
2753,139
2754,139
2755,139
2756,139
2757,139
2758,139
2759,139
2760,139
2761,139
2762,139
2763,139
2764,139
2765,139
2766,139
2767,139
2768,139
2769,139
2770,139
2771,139
2772,139
2773,139
2774,139
2775,139
2776,139
2777,139
2778,139
2779,139
2780,139
2781,139
2782,139
2783,139
2784,139
2785,139
2786,139
2787,139
2788,139
2789,139
2790,139
2791,139
2792,139
2793,139
2794,139
2795,139
2796,139
2797,139
2798,139
2799,139
2800,139
2801,139
2802,139
2803,139
2804,139
2805,139
2806,139
2807,139
2808,139
2809,139
2810,139
2811,139
2812,139
2813,139
2814,139
2815,139
2816,139
2817,139
2818,139
2819,139
2820,139
2821,139
2822,139
2823,139
2824,139
2825,139
2826,139
2827,139
2828,139
2829,139
2830,139
2831,139
2832,139
2833,139
2834,139
2835,139
2836,139
2837,139
2838,139
2839,139
2840,139
2841,139
2842,139
2843,139
2844,139
2845,139
2846,139
2847,139
2848,139
2849,139
2850,139
2851,139
2852,139
2853,139
2854,139
2855,139
2856,139
2857,139
2858,139
2859,139
2860,139
2861,139
2862,139
2863,140
2864,140
2865,140
2866,140
2867,140
2868,140
2869,140
2870,140
2871,140
2872,140
2873,140
2874,140
2875,140
2876,140
2877,140
2878,140
2879,140
2880,140
2881,140
2882,140
2883,140
2884,140
2885,140
2886,140
2887,140
2888,140
2889,140
2890,140
2891,140
2892,140
2893,140
2894,140
2895,140
2896,140
2897,140
2898,140
2899,140
2900,140
2901,140
2902,140
2903,140
2904,140
2905,140
2906,140
2907,140
2908,140
2909,140
2910,140
2911,140
2912,140
2913,140
2914,140
2915,140
2916,140
2917,140
2918,140
2919,140
2920,140
2921,140
2922,140
2923,140
2924,140
2925,140
2926,140
2927,140
2928,140
2929,140
2930,140
2931,140
2932,140
2933,140
2934,140
2935,140
2936,140
2937,140
2938,140
2939,140
2940,140
2941,140
2942,140
2943,140
2944,140
2945,140
2946,140
2947,140
2948,140
2949,140
2950,140
2951,140
2952,140
2953,140
2954,140
2955,140
2956,140
2957,140
2958,140
2959,140
2960,140
2961,140
2962,140
2963,140
2964,140
2965,140
2966,140
2967,140
2968,140
2969,140
2970,140
2971,140
2972,140
2973,140
2974,140
2975,140
2976,140
2977,140
2978,140
2979,140
2980,140
2981,140
2982,140
2983,140
2984,140
2985,140
2986,140
2987,140
2988,140
2989,140
2990,140
2991,140
2992,140
2993,140
2994,140
2995,140
2996,140
2997,140
2998,140
2999,140
3000,140
3001,140
3002,140
3003,140
3004,140
3005,140
3006,140
3007,140
3008,140
3009,140
3010,140
3011,140
3012,140
3013,140
3014,140
3015,140
3016,140
3017,140
3018,140
3019,140
3020,140
3021,140
3022,140
3023,140
3024,140
3025,140
3026,140
3027,140
3028,140
3029,140
3030,140
3031,140
3032,140
3033,140
3034,140
3035,140
3036,140
3037,140
3038,140
3039,140
3040,140
3041,140
3042,140
3043,140
3044,140
3045,140
3046,140
3047,140
3048,140
3049,140
3050,140
3051,140
3052,140
3053,140
3054,140
3055,140
3056,140
3057,140
3058,140
3059,140
3060,140
3061,140
3062,140
3063,140
3064,140
3065,140
3066,140
3067,140
3068,140
3069,140
3070,140
3071,140
3072,140
3073,140
3074,140
3075,140
3076,140
3077,140
3078,140
3079,140
3080,140
3081,140
3082,140
3083,140
3084,140
3085,140
3086,140
3087,140
3088,140
3089,140
3090,140
3091,140
3092,140
3093,140
3094,140
3095,140
3096,140
3097,140
3098,140
3099,140
3100,140
3101,140
3102,140
3103,140
3104,140
3105,140
3106,140
3107,140
3108,140
3109,140
3110,140
3111,140
3112,140
3113,140
3114,140
3115,140
3116,140
3117,140
3118,140
3119,140
3120,140
3121,140
3122,140
3123,140
3124,140
3125,140
3126,140
3127,140
3128,140
3129,140
3130,140
3131,140
3132,140
3133,140
3134,140
3135,140
3136,140
3137,140
3138,140
3139,140
3140,140
3141,140
3142,140
3143,140
3144,140
3145,140
3146,140
3147,140
3148,140
3149,140
3150,140
3151,140
3152,140
3153,140
3154,140
3155,140
3156,140
3157,140
3158,140
3159,140
3160,140
3161,140
3162,140
3163,140
3164,140
3165,140
3166,140
3167,140
3168,140
3169,140
3170,140
3171,140
3172,140
3173,140
3174,140
3175,140
3176,140
3177,140
3178,140
3179,140
3180,140
3181,140
3182,140
3183,140
3184,140
3185,140
3186,140
3187,140
3188,140
3189,140
3190,140
3191,140
3192,140
3193,140
3194,140
3195,140
3196,140
3197,140
3198,140
3199,140
3200,140
3201,140
3202,140
3203,140
3204,140
3205,140
3206,140
3207,140
3208,140
3209,140
3210,140
3211,140
3212,140
3213,140
3214,140
3215,140
3216,140
3217,140
3218,140
3219,140
3220,140
3221,140
3222,140
3223,140
3224,140
3225,140
3226,140
3227,140
3228,140
3229,140
3230,140
3231,140
3232,140
3233,140
3234,140
3235,140
3236,140
3237,140
3238,140
3239,140
3240,140
3241,140
3242,140
3243,140
3244,140
3245,140
3246,140
3247,140
3248,140
3249,140
3250,140
3251,140
3252,140
3253,140
3254,140
3255,140
3256,140
3257,140
3258,140
3259,140
3260,140
3261,140
3262,140
3263,140
3264,140
3265,140
3266,140
3267,140
3268,140
3269,140
3270,140
3271,140
3272,140
3273,140
3274,140
3275,140
3276,140
3277,140
3278,140
3279,140
3280,140
3281,140
3282,140
3283,140
3284,140
3285,140
3286,140
3287,140
3288,140
3289,140
3290,140
3291,140
3292,140
3293,140
3294,140
3295,140
3296,140
3297,140
3298,140
3299,140
3300,140
3301,140
3302,140
3303,140
3304,140
3305,140
3306,140
3307,140
3308,140
3309,140
3310,140
3311,140
3312,140
3313,140
3314,140
3315,140
3316,140
3317,140
3318,140
3319,140
3320,140
3321,140
3322,140
3323,140
3324,140
3325,140
3326,140
3327,140
3328,140
3329,140
3330,140
3331,140
3332,140
3333,140
3334,140
3335,140
3336,140
3337,140
3338,140
3339,140
3340,140
3341,140
3342,140
3343,140
3344,140
3345,140
3346,140
3347,140
3348,140
3349,140
3350,140
3351,140
3352,140
3353,140
3354,140
3355,140
3356,140
3357,140
3358,140
3359,140
3360,140
3361,140
3362,140
3363,140
3364,140
3365,140
3366,140
3367,140
3368,140
3369,140
3370,140
3371,140
3372,140
3373,140
3374,140
3375,140
3376,140
3377,140
3378,140
3379,140
3380,140
3381,140
3382,140
3383,140
3384,140
3385,140
3386,140
3387,140
3388,140
3389,140
3390,140
3391,140
3392,140
3393,140
3394,140
3395,140
3396,140
3397,140
3398,140
3399,140
3400,140
3401,140
3402,140
3403,140
3404,140
3405,140
3406,140
3407,140
3408,140
3409,140
3410,140
3411,140
3412,140
3413,140
3414,140
3415,140
3416,140
3417,140
3418,140
3419,140
3420,140
3421,140
3422,140
3423,140
3424,140
3425,140
3426,140
3427,140
3428,140
3429,140
3430,140
3431,140
3432,140
3433,140
3434,140
3435,140
3436,140
3437,140
3438,140
3439,140
3440,140
3441,140
3442,140
3443,140
3444,140
3445,140
3446,140
3447,140
3448,140
3449,140
3450,140
3451,140
3452,140
3453,140
3454,140
3455,140
3456,140
3457,140
3458,140
3459,140
3460,140
3461,140
3462,140
3463,140
3464,140
3465,140
3466,140
3467,140
3468,140
3469,140
3470,140
3471,140
3472,140
3473,140
3474,140
3475,140
3476,140
3477,140
3478,140
3479,140
3480,140
3481,140
3482,140
3483,140
3484,140
3485,140
3486,140
3487,140
3488,140
3489,140
3490,140
3491,140
3492,140
3493,140
3494,140
3495,140
3496,140
3497,140
3498,140
3499,140
3500,140
3501,140
3502,140
3503,140
3504,140
3505,140
3506,140
3507,140
3508,140
3509,140
3510,140
3511,140
3512,140
3513,140
3514,140
3515,140
3516,140
3517,140
3518,140
3519,140
3520,140
3521,140
3522,140
3523,140
3524,140
3525,140
3526,140
3527,140
3528,140
3529,140
3530,140
3531,140
3532,140
3533,140
3534,140
3535,140
3536,140
3537,140
3538,140
3539,140
3540,140
3541,140
3542,140
3543,140
3544,140
3545,140
3546,140
3547,140
3548,140
3549,140
3550,140
3551,140
3552,140
3553,140
3554,140
3555,140
3556,140
3557,140
3558,140
3559,140
3560,140
3561,140
3562,140
3563,140
3564,140
3565,140
3566,140
3567,140
3568,140
3569,140
3570,140
3571,140
3572,140
3573,140
3574,140
3575,140
3576,140
3577,140
3578,140
3579,140
3580,140
3581,140
3582,140
3583,140
3584,140
3585,140
3586,140
3587,140
3588,140
3589,140
3590,140
3591,140
3592,140
3593,140
3594,140
3595,140
3596,140
3597,140
3598,140
3599,140
3600,140
3601,140
3602,140
3603,140
3604,140
3605,140
3606,140
3607,140
3608,140
3609,140
3610,140
3611,140
3612,140
3613,140
3614,140
3615,140
3616,140
3617,140
3618,140
3619,140
3620,140
3621,140
3622,140
3623,140
3624,140
3625,140
3626,140
3627,140
3628,140
3629,140
3630,140
3631,140
3632,140
3633,140
3634,140
3635,140
3636,140
3637,140
3638,140
3639,140
3640,140
3641,140
3642,140
3643,140
3644,140
3645,140
3646,140
3647,140
3648,140
3649,140
3650,140
3651,140
3652,140
3653,140
3654,140
3655,140
3656,140
3657,140
3658,140
3659,140
3660,140
3661,140
3662,140
3663,140
3664,140
3665,140
3666,140
3667,140
3668,140
3669,140
3670,140
3671,140
3672,140
3673,140
3674,140
3675,140
3676,140
3677,140
3678,140
3679,140
3680,140
3681,140
3682,140
3683,140
3684,140
3685,140
3686,140
3687,140
3688,140
3689,140
3690,140
3691,140
3692,140
3693,140
3694,140
3695,140
3696,140
3697,140
3698,140
3699,140
3700,140
3701,140
3702,140
3703,140
3704,140
3705,140
3706,140
3707,140
3708,140
3709,140
3710,140
3711,140
3712,140
3713,140
3714,140
3715,140
3716,140
3717,140
3718,140
3719,140
3720,140
3721,140
3722,140
3723,140
3724,140
3725,140
3726,140
3727,140
3728,140
3729,140
3730,140
3731,140
3732,140
3733,140
3734,140
3735,140
3736,140
3737,140
3738,140
3739,140
3740,140
3741,140
3742,140
3743,140
3744,140
3745,140
3746,140
3747,140
3748,140
3749,140
3750,140
3751,140
3752,140
3753,140
3754,140
3755,140
3756,140
3757,140
3758,140
3759,140
3760,140
3761,140
3762,140
3763,140
3764,140
3765,140
3766,140
3767,140
3768,140
3769,140
3770,140
3771,140
3772,140
3773,140
3774,140
3775,140
3776,140
3777,140
3778,140
3779,140
3780,140
3781,140
3782,140
3783,140
3784,140
3785,140
3786,140
3787,140
3788,140
3789,140
3790,140
3791,140
3792,140
3793,140
3794,140
3795,140
3796,140
3797,140
3798,140
3799,140
3800,140
3801,140
3802,140
3803,140
3804,140
3805,140
3806,140
3807,140
3808,140
3809,140
3810,140
3811,140
3812,140
3813,140
3814,140
3815,140
3816,140
3817,140
3818,140
3819,140
3820,140
3821,140
3822,140
3823,140
3824,140
3825,140
3826,140
3827,140
3828,140
3829,140
3830,140
3831,140
3832,140
3833,140
3834,140
3835,140
3836,140
3837,140
3838,140
3839,140
3840,140
3841,140
3842,140
3843,140
3844,140
3845,140
3846,140
3847,140
3848,140
3849,140
3850,140
3851,140
3852,140
3853,140
3854,140
3855,140
3856,140
3857,140
3858,140
3859,140
3860,140
3861,140
3862,140
3863,140
3864,140
3865,140
3866,140
3867,140
3868,140
3869,140
3870,140
3871,140
3872,140
3873,140
3874,140
3875,140
3876,140
3877,140
3878,140
3879,140
3880,140
3881,140
3882,141
3883,141
3884,141
3885,141
3886,141
3887,141
3888,141
3889,141
3890,141
3891,141
3892,141
3893,141
3894,141
3895,141
3896,141
3897,141
3898,141
3899,141
3900,141
3901,141
3902,141
3903,141
3904,141
3905,141
3906,141
3907,141
3908,141
3909,141
3910,141
3911,141
3912,141
3913,141
3914,141
3915,141
3916,141
3917,141
3918,141
3919,141
3920,141
3921,141
3922,141
3923,141
3924,141
3925,141
3926,141
3927,141
3928,141
3929,141
3930,141
3931,141
3932,141
3933,141
3934,141
3935,141
3936,141
3937,141
3938,141
3939,141
3940,141
3941,141
3942,141
3943,141
3944,141
3945,141
3946,141
3947,141
3948,141
3949,141
3950,141
3951,141
3952,141
3953,141
3954,141
3955,141
3956,141
3957,141
3958,141
3959,141
3960,141
3961,141
3962,141
3963,141
3964,141
3965,141
3966,141
3967,141
3968,141
3969,141
3970,141
3971,141
3972,141
3973,141
3974,141
3975,141
3976,141
3977,141
3978,141
3979,141
3980,141
3981,141
3982,141
3983,141
3984,141
3985,141
3986,141
3987,141
3988,141
3989,141
3990,141
3991,141
3992,141
3993,141
3994,141
3995,141
3996,141
3997,141
3998,141
3999,141
4000,141
4001,141
4002,141
4003,141
4004,141
4005,141
4006,141
4007,141
4008,141
4009,141
4010,141
4011,141
4012,141
4013,141
4014,141
4015,141
4016,141
4017,141
4018,141
4019,141
4020,141
4021,141
4022,141
4023,141
4024,141
4025,141
4026,141
4027,141
4028,141
4029,141
4030,141
4031,141
4032,141
4033,141
4034,141
4035,141
4036,141
4037,141
4038,141
4039,141
4040,141
4041,141
4042,141
4043,141
4044,141
4045,141
4046,141
4047,141
4048,141
4049,141
4050,141
4051,141
4052,141
4053,141
4054,141
4055,141
4056,141
4057,141
4058,141
4059,141
4060,141
4061,141
4062,141
4063,141
4064,141
4065,141
4066,141
4067,141
4068,141
4069,141
4070,141
4071,141
4072,141
4073,141
4074,141
4075,141
4076,141
4077,141
4078,141
4079,141
4080,141
4081,141
4082,141
4083,141
4084,141
4085,141
4086,141
4087,141
4088,141
4089,141
4090,141
4091,141
4092,141
4093,141
4094,141
4095,141
4096,141
4097,141
4098,141
4099,141
4100,141
4101,141
4102,141
4103,141
4104,141
4105,141
4106,141
4107,141
4108,141
4109,141
4110,141
4111,141
4112,142
4113,142
4114,142
4115,142
4116,142
4117,142
4118,142
4119,142
4120,142
4121,142
4122,142
4123,142
4124,142
4125,142
4126,142
4127,142
4128,142
4129,142
4130,142
4131,142
4132,142
4133,142
4134,142
4135,142
4136,142
4137,142
4138,142
4139,142
4140,142
4141,142
4142,142
4143,142
4144,142
4145,142
4146,142
4147,142
4148,142
4149,142
4150,142
4151,142
4152,142
4153,142
4154,142
4155,142
4156,142
4157,142
4158,142
4159,142
4160,142
4161,142
4162,142
4163,142
4164,142
4165,142
4166,142
4167,142
4168,142
4169,142
4170,142
4171,142
4172,142
4173,142
4174,142
4175,142
4176,142
4177,142
4178,142
4179,142
4180,142
4181,142
4182,142
4183,142
4184,142
4185,142
4186,142
4187,142
4188,142
4189,142
4190,142
4191,142
4192,142
4193,142
4194,142
4195,142
4196,142
4197,142
4198,142
4199,142
4200,142
4201,142
4202,142
4203,142
4204,142
4205,142
4206,142
4207,142
4208,142
4209,142
4210,142
4211,142
4212,142
4213,142
4214,142
4215,142
4216,142
4217,142
4218,142
4219,142
4220,142
4221,142
4222,142
4223,142
4224,142
4225,142
4226,142
4227,142
4228,142
4229,142
4230,142
4231,142
4232,142
4233,142
4234,142
4235,142
4236,142
4237,142
4238,142
4239,142
4240,142
4241,142
4242,142
4243,142
4244,142
4245,142
4246,142
4247,142
4248,142
4249,142
4250,142
4251,142
4252,142
4253,142
4254,142
4255,142
4256,142
4257,142
4258,142
4259,142
4260,142
4261,142
4262,142
4263,142
4264,142
4265,142
4266,142
4267,142
4268,142
4269,142
4270,142
4271,142
4272,142
4273,142
4274,142
4275,142
4276,142
4277,142
4278,142
4279,142
4280,142
4281,142
4282,142
4283,142
4284,142
4285,142
4286,142
4287,142
4288,142
4289,142
4290,142
4291,142
4292,142
4293,142
4294,142
4295,142
4296,142
4297,142
4298,142
4299,142
4300,142
4301,142
4302,142
4303,142
4304,142
4305,142
4306,142
4307,142
4308,142
4309,142
4310,142
4311,142
4312,142
4313,142
4314,142
4315,142
4316,142
4317,142
4318,142
4319,142
4320,142
4321,142
4322,142
4323,142
4324,142
4325,142
4326,142
4327,142
4328,142
4329,142
4330,142
4331,142
4332,142
4333,142
4334,142
4335,142
4336,142
4337,142
4338,142
4339,142
4340,142
4341,142
4342,142
4343,142
4344,142
4345,142
4346,142
4347,142
4348,142
4349,142
4350,142
4351,142
4352,142
4353,142
4354,142
4355,142
4356,142
4357,142
4358,142
4359,142
4360,142
4361,142
4362,142
4363,142
4364,142
4365,142
4366,142
4367,142
4368,142
4369,142
4370,142
4371,142
4372,142
4373,142
4374,142
4375,142
4376,142
4377,142
4378,142
4379,142
4380,142
4381,142
4382,142
4383,142
4384,142
4385,142
4386,142
4387,142
4388,142
4389,142
4390,142
4391,142
4392,142
4393,142
4394,142
4395,142
4396,142
4397,142
4398,142
4399,142
4400,142
4401,142
4402,142
4403,142
4404,142
4405,142
4406,142
4407,142
4408,142
4409,142
4410,142
4411,142
4412,142
4413,142
4414,142
4415,142
4416,142
4417,142
4418,142
4419,142
4420,142
4421,142
4422,142
4423,142
4424,142
4425,142
4426,142
4427,142
4428,142
4429,142
4430,142
4431,142
4432,142
4433,142
4434,142
4435,142
4436,142
4437,142
4438,142
4439,142
4440,142
4441,142
4442,142
4443,142
4444,142
4445,142
4446,142
4447,142
4448,142
4449,142
4450,142
4451,142
4452,142
4453,142
4454,142
4455,142
4456,142
4457,142
4458,142
4459,142
4460,142
4461,142
4462,142
4463,142
4464,142
4465,142
4466,142
4467,142
4468,142
4469,142
4470,142
4471,142
4472,142
4473,142
4474,142
4475,142
4476,142
4477,142
4478,142
4479,142
4480,142
4481,142
4482,142
4483,142
4484,142
4485,142
4486,142
4487,142
4488,142
4489,142
4490,142
4491,142
4492,142
4493,142
4494,142
4495,142
4496,142
4497,142
4498,142
4499,142
4500,142
4501,142
4502,142
4503,142
4504,142
4505,142
4506,142
4507,142
4508,142
4509,142
4510,142
4511,142
4512,142
4513,142
4514,142
4515,142
4516,142
4517,142
4518,142
4519,142
4520,142
4521,142
4522,142
4523,142
4524,142
4525,142
4526,142
4527,142
4528,142
4529,142
4530,142
4531,142
4532,142
4533,142
4534,142
4535,142
4536,142
4537,142
4538,142
4539,142
4540,142
4541,142
4542,142
4543,142
4544,142
4545,142
4546,142
4547,142
4548,142
4549,142
4550,142
4551,142
4552,142
4553,142
4554,142
4555,142
4556,142
4557,142
4558,142
4559,142
4560,142
4561,142
4562,142
4563,142
4564,142
4565,142
4566,142
4567,142
4568,142
4569,142
4570,142
4571,142
4572,142
4573,142
4574,142
4575,142
4576,142
4577,142
4578,142
4579,142
4580,142
4581,142
4582,142
4583,142
4584,142
4585,142
4586,142
4587,142
4588,142
4589,142
4590,142
4591,142
4592,142
4593,142
4594,142
4595,142
4596,142
4597,142
4598,142
4599,142
4600,142
4601,142
4602,142
4603,142
4604,142
4605,142
4606,142
4607,142
4608,142
4609,142
4610,142
4611,142
4612,142
4613,142
4614,142
4615,142
4616,142
4617,142
4618,142
4619,142
4620,142
4621,142
4622,142
4623,142
4624,142
4625,142
4626,142
4627,142
4628,142
4629,142
4630,142
4631,142
4632,142
4633,142
4634,142
4635,142
4636,142
4637,142
4638,142
4639,142
4640,142
4641,142
4642,142
4643,142
4644,142
4645,142
4646,142
4647,142
4648,142
4649,142
4650,142
4651,142
4652,142
4653,142
4654,142
4655,142
4656,142
4657,142
4658,142
4659,142
4660,142
4661,142
4662,142
4663,142
4664,142
4665,142
4666,142
4667,142
4668,142
4669,142
4670,142
4671,142
4672,142
4673,142
4674,142
4675,142
4676,142
4677,142
4678,142
4679,142
4680,142
4681,142
4682,142
4683,142
4684,142
4685,142
4686,142
4687,142
4688,142
4689,142
4690,142
4691,142
4692,142
4693,142
4694,142
4695,142
4696,142
4697,142
4698,142
4699,142
4700,142
4701,142
4702,142
4703,142
4704,142
4705,142
4706,142
4707,142
4708,142
4709,142
4710,142
4711,142
4712,142
4713,142
4714,142
4715,142
4716,142
4717,142
4718,142
4719,142
4720,142
4721,142
4722,142
4723,142
4724,142
4725,142
4726,142
4727,142
4728,142
4729,142
4730,142
4731,142
4732,142
4733,142
4734,142
4735,142
4736,142
4737,142
4738,142
4739,142
4740,142
4741,142
4742,142
4743,142
4744,142
4745,142
4746,142
4747,142
4748,142
4749,142
4750,142
4751,142
4752,142
4753,142
4754,142
4755,142
4756,142
4757,142
4758,142
4759,142
4760,142
4761,142
4762,142
4763,142
4764,142
4765,142
4766,142
4767,142
4768,142
4769,142
4770,142
4771,142
4772,142
4773,142
4774,142
4775,142
4776,142
4777,142
4778,142
4779,142
4780,142
4781,142
4782,142
4783,142
4784,142
4785,142
4786,142
4787,142
4788,142
4789,142
4790,142
4791,142
4792,142
4793,142
4794,142
4795,142
4796,142
4797,142
4798,142
4799,142
4800,142
4801,142
4802,142
4803,142
4804,142
4805,142
4806,142
4807,142
4808,142
4809,142
4810,142
4811,142
4812,142
4813,142
4814,142
4815,142
4816,142
4817,142
4818,142
4819,142
4820,142
4821,142
4822,142
4823,142
4824,142
4825,142
4826,142
4827,142
4828,142
4829,142
4830,142
4831,142
4832,142
4833,142
4834,142
4835,142
4836,142
4837,142
4838,142
4839,142
4840,142
4841,142
4842,142
4843,142
4844,142
4845,142
4846,142
4847,142
4848,142
4849,142
4850,142
4851,142
4852,142
4853,142
4854,142
4855,142
4856,142
4857,142
4858,142
4859,142
4860,142
4861,142
4862,142
4863,142
4864,142
4865,142
4866,142
4867,142
4868,142
4869,142
4870,142
4871,142
4872,142
4873,142
4874,142
4875,142
4876,142
4877,142
4878,142
4879,142
4880,142
4881,142
4882,142
4883,142
4884,142
4885,142
4886,142
4887,142
4888,142
4889,142
4890,142
4891,142
4892,142
4893,142
4894,142
4895,142
4896,142
4897,142
4898,142
4899,142
4900,142
4901,142
4902,142
4903,142
4904,142
4905,142
4906,143
4907,143
4908,144
4909,144
4910,144
4911,144
4912,144
4913,144
4914,144
4915,144
4916,144
4917,144
4918,144
4919,144
4920,144
4921,144
4922,144
4923,144
4924,144
4925,144
4926,144
4927,144
4928,144
4929,144
4930,144
4931,144
4932,144
4933,144
4934,144
4935,144
4936,144
4937,144
4938,144
4939,144
4940,144
4941,144
4942,144
4943,144
4944,144
4945,144
4946,144
4947,144
4948,144
4949,144
4950,144
4951,144
4952,144
4953,144
4954,144
4955,144
4956,144
4957,144
4958,144
4959,144
4960,144
4961,144
4962,144
4963,144
4964,144
4965,144
4966,144
4967,144
4968,144
4969,144
4970,144
4971,144
4972,144
4973,144
4974,144
4975,144
4976,144
4977,144
4978,144
4979,144
4980,144
4981,144
4982,144
4983,144
4984,144
4985,144
4986,144
4987,144
4988,144
4989,144
4990,144
4991,144
4992,144
4993,144
4994,144
4995,144
4996,144
4997,144
4998,144
4999,144
5000,144
5001,144
5002,144
5003,144
5004,144
5005,144
5006,144
5007,144
5008,144
5009,144
5010,144
5011,144
5012,144
5013,144
5014,144
5015,144
5016,144
5017,144
5018,144
5019,144
5020,144
5021,144
5022,144
5023,144
5024,144
5025,144
5026,144
5027,144
5028,144
5029,144
5030,144
5031,144
5032,144
5033,144
5034,144
5035,144
5036,144
5037,144
5038,144
5039,144
5040,144
5041,144
5042,144
5043,144
5044,144
5045,144
5046,144
5047,144
5048,144
5049,144
5050,144
5051,144
5052,144
5053,144
5054,144
5055,144
5056,144
5057,144
5058,144
5059,144
5060,144
5061,144
5062,144
5063,144
5064,144
5065,144
5066,144
5067,144
5068,144
5069,144
5070,144
5071,144
5072,144
5073,144
5074,144
5075,144
5076,144
5077,144
5078,144
5079,144
5080,144
5081,144
5082,144
5083,144
5084,144
5085,144
5086,144
5087,144
5088,144
5089,144
5090,144
5091,144
5092,144
5093,144
5094,144
5095,144
5096,144
5097,144
5098,144
5099,144
5100,144
5101,144
5102,144
5103,144
5104,144
5105,144
5106,144
5107,144
5108,144
5109,144
5110,144
5111,144
5112,144
5113,144
5114,144
5115,144
5116,144
5117,144
5118,144
5119,144
5120,144
5121,144
5122,144
5123,144
5124,144
5125,144
5126,144
5127,144
5128,144
5129,144
5130,144
5131,144
5132,144
5133,144
5134,144
5135,144
5136,144
5137,144
5138,144
5139,144
5140,144
5141,144
5142,144
5143,144
5144,144
5145,144
5146,144
5147,144
5148,144
5149,144
5150,144
5151,144
5152,144
5153,144
5154,144
5155,144
5156,144
5157,144
5158,144
5159,144
5160,144
5161,144
5162,144
5163,144
5164,144
5165,144
5166,144
5167,144
5168,144
5169,144
5170,144
5171,144
5172,144
5173,144
5174,144
5175,144
5176,144
5177,144
5178,144
5179,144
5180,144
5181,144
5182,144
5183,144
5184,144
5185,144
5186,144
5187,144
5188,144
5189,144
5190,144
5191,144
5192,144
5193,144
5194,144
5195,144
5196,144
5197,144
5198,144
5199,144
5200,144
5201,144
5202,144
5203,144
5204,144
5205,144
5206,144
5207,144
5208,144
5209,144
5210,144
5211,144
5212,144
5213,144
5214,144
5215,144
5216,144
5217,144
5218,144
5219,144
5220,144
5221,144
5222,144
5223,144
5224,144
5225,144
5226,144
5227,144
5228,144
5229,144
5230,144
5231,144
5232,144
5233,144
5234,144
5235,144
5236,144
5237,144
5238,144
5239,144
5240,144
5241,144
5242,144
5243,144
5244,144
5245,144
5246,144
5247,144
5248,144
5249,144
5250,144
5251,144
5252,144
5253,144
5254,144
5255,144
5256,144
5257,144
5258,144
5259,144
5260,144
5261,144
5262,144
5263,144
5264,144
5265,144
5266,144
5267,144
5268,144
5269,144
5270,144
5271,144
5272,144
5273,144
5274,144
5275,144
5276,144
5277,144
5278,144
5279,144
5280,144
5281,144
5282,144
5283,144
5284,144
5285,144
5286,144
5287,144
5288,144
5289,144
5290,144
5291,144
5292,144
5293,144
5294,144
5295,144
5296,144
5297,144
5298,144
5299,144
5300,144
5301,144
5302,144
5303,144
5304,144
5305,144
5306,144
5307,144
5308,144
5309,144
5310,144
5311,144
5312,144
5313,144
5314,144
5315,144
5316,144
5317,144
5318,144
5319,144
5320,144
5321,144
5322,144
5323,144
5324,144
5325,144
5326,144
5327,144
5328,144
5329,144
5330,144
5331,144
5332,144
5333,144
5334,144
5335,144
5336,144
5337,144
5338,144
5339,144
5340,144
5341,144
5342,144
5343,144
5344,144
5345,144
5346,144
5347,144
5348,144
5349,144
5350,144
5351,144
5352,144
5353,144
5354,144
5355,144
5356,144
5357,144
5358,144
5359,144
5360,144
5361,144
5362,144
5363,144
5364,144
5365,144
5366,144
5367,144
5368,144
5369,144
5370,144
5371,144
5372,144
5373,144
5374,144
5375,144
5376,144
5377,144
5378,144
5379,144
5380,144
5381,144
5382,144
5383,144
5384,144
5385,144
5386,144
5387,144
5388,144
5389,144
5390,144
5391,144
5392,144
5393,144
5394,144
5395,144
5396,144
5397,144
5398,144
5399,144
5400,144
5401,144
5402,144
5403,144
5404,144
5405,144
5406,144
5407,144
5408,144
5409,144
5410,144
5411,144
5412,144
5413,144
5414,144
5415,144
5416,144
5417,144
5418,144
5419,144
5420,144
5421,144
5422,144
5423,144
5424,144
5425,144
5426,144
5427,144
5428,144
5429,144
5430,144
5431,144
5432,144
5433,144
5434,144
5435,144
5436,144
5437,144
5438,144
5439,144
5440,144
5441,144
5442,144
5443,144
5444,144
5445,144
5446,144
5447,144
5448,144
5449,144
5450,144
5451,144
5452,144
5453,144
5454,144
5455,144
5456,144
5457,144
5458,144
5459,144
5460,144
5461,144
5462,144
5463,144
5464,144
5465,144
5466,144
5467,144
5468,144
5469,144
5470,144
5471,144
5472,144
5473,144
5474,144
5475,144
5476,144
5477,144
5478,144
5479,144
5480,144
5481,144
5482,144
5483,144
5484,144
5485,144
5486,144
5487,144
5488,144
5489,144
5490,144
5491,144
5492,144
5493,144
5494,144
5495,144
5496,144
5497,144
5498,144
5499,144
5500,144
5501,144
5502,144
5503,144
5504,144
5505,144
5506,144
5507,144
5508,144
5509,144
5510,144
5511,144
5512,144
5513,144
5514,144
5515,144
5516,144
5517,144
5518,144
5519,144
5520,144
5521,144
5522,144
5523,144
5524,144
5525,144
5526,144
5527,144
5528,144
5529,144
5530,144
5531,144
5532,144
5533,144
5534,144
5535,144
5536,144
5537,144
5538,144
5539,144
5540,144
5541,144
5542,144
5543,144
5544,144
5545,144
5546,144
5547,144
5548,144
5549,144
5550,144
5551,144
5552,144
5553,144
5554,144
5555,144
5556,144
5557,144
5558,144
5559,144
5560,144
5561,144
5562,144
5563,144
5564,144
5565,144
5566,144
5567,144
5568,144
5569,144
5570,144
5571,144
5572,144
5573,144
5574,144
5575,144
5576,144
5577,144
5578,144
5579,144
5580,144
5581,144
5582,144
5583,144
5584,144
5585,144
5586,144
5587,144
5588,144
5589,144
5590,144
5591,144
5592,144
5593,144
5594,144
5595,144
5596,144
5597,144
5598,144
5599,144
5600,144
5601,144
5602,144
5603,144
5604,144
5605,144
5606,144
5607,144
5608,144
5609,144
5610,144
5611,144
5612,144
5613,144
5614,144
5615,144
5616,144
5617,144
5618,144
5619,144
5620,144
5621,144
5622,144
5623,144
5624,144
5625,144
5626,144
5627,144
5628,144
5629,144
5630,144
5631,144
5632,144
5633,144
5634,144
5635,144
5636,144
5637,144
5638,144
5639,144
5640,144
5641,144
5642,144
5643,144
5644,144
5645,144
5646,144
5647,144
5648,144
5649,144
5650,144
5651,144
5652,144
5653,144
5654,144
5655,144
5656,144
5657,144
5658,144
5659,144
5660,144
5661,144
5662,144
5663,144
5664,144
5665,144
5666,144
5667,144
5668,144
5669,144
5670,144
5671,144
5672,144
5673,144
5674,144
5675,144
5676,144
5677,144
5678,144
5679,144
5680,144
5681,144
5682,144
5683,144
5684,144
5685,144
5686,144
5687,144
5688,144
5689,144
5690,144
5691,144
5692,144
5693,144
5694,144
5695,144
5696,144
5697,144
5698,144
5699,144
5700,144
5701,144
5702,144
5703,144
5704,144
5705,144
5706,144
5707,144
5708,144
5709,144
5710,144
5711,144
5712,144
5713,144
5714,144
5715,144
5716,144
5717,144
5718,144
5719,144
5720,144
5721,144
5722,144
5723,144
5724,144
5725,144
5726,144
5727,144
5728,144
5729,144
5730,144
5731,144
5732,144
5733,144
5734,144
5735,144
5736,144
5737,144
5738,144
5739,144
5740,144
5741,144
5742,144
5743,144
5744,144
5745,144
5746,144
5747,144
5748,144
5749,144
5750,144
5751,144
5752,144
5753,144
5754,144
5755,144
5756,144
5757,144
5758,144
5759,144
5760,144
5761,144
5762,144
5763,144
5764,144
5765,144
5766,144
5767,144
5768,144
5769,144
5770,144
5771,144
5772,144
5773,144
5774,144
5775,144
5776,144
5777,144
5778,144
5779,144
5780,144
5781,144
5782,144
5783,144
5784,144
5785,144
5786,144
5787,144
5788,144
5789,144
5790,144
5791,144
5792,144
5793,144
5794,144
5795,144
5796,144
5797,144
5798,144
5799,144
5800,144
5801,144
5802,144
5803,144
5804,144
5805,144
5806,144
5807,144
5808,144
5809,144
5810,144
5811,144
5812,144
5813,144
5814,144
5815,144
5816,144
5817,144
5818,144
5819,144
5820,144
5821,144
5822,144
5823,144
5824,144
5825,144
5826,144
5827,144
5828,144
5829,144
5830,144
5831,144
5832,144
5833,144
5834,144
5835,144
5836,144
5837,144
5838,144
5839,144
5840,144
5841,144
5842,144
5843,144
5844,144
5845,144
5846,144
5847,144
5848,144
5849,144
5850,144
5851,144
5852,144
5853,144
5854,144
5855,144
5856,144
5857,144
5858,144
5859,144
5860,144
5861,144
5862,144
5863,144
5864,144
5865,144
5866,144
5867,144
5868,144
5869,144
5870,144
5871,144
5872,144
5873,144
5874,144
5875,144
5876,144
5877,144
5878,144
5879,144
5880,144
5881,144
5882,144
5883,144
5884,144
5885,144
5886,144
5887,144
5888,144
5889,144
5890,144
5891,144
5892,144
5893,144
5894,144
5895,144
5896,144
5897,144
5898,144
5899,144
5900,144
5901,144
5902,144
5903,144
5904,144
5905,144
5906,144
5907,144
5908,144
5909,144
5910,144
5911,144
5912,144
5913,144
5914,144
5915,144
5916,144
5917,144
5918,144
5919,144
5920,144
5921,144
5922,144
5923,144
5924,144
5925,144
5926,144
5927,144
5928,144
5929,144
5930,144
5931,144
5932,144
5933,144
5934,144
5935,144
5936,144
5937,144
5938,144
5939,144
5940,144
5941,144
5942,144
5943,144
5944,144
5945,144
5946,144
5947,144
5948,144
5949,144
5950,144
5951,144
5952,144
5953,144
5954,144
5955,144
5956,144
5957,144
5958,144
5959,144
5960,144
5961,144
5962,144
5963,144
5964,144
5965,144
5966,144
5967,144
5968,144
5969,144
5970,144
5971,144
5972,144
5973,144
5974,144
5975,144
5976,144
5977,144
5978,144
5979,144
5980,144
5981,144
5982,144
5983,144
5984,144
5985,144
5986,144
5987,144
5988,144
5989,144
5990,144
5991,144
5992,144
5993,144
5994,144
5995,144
5996,144
5997,144
5998,144
5999,144
6000,144
6001,144
6002,144
6003,144
6004,144
6005,144
6006,144
6007,144
6008,144
6009,144
6010,144
6011,144
6012,144
6013,144
6014,144
6015,144
6016,144
6017,144
6018,144
6019,144
6020,144
6021,144
6022,144
6023,144
6024,144
6025,144
6026,144
6027,144
6028,144
6029,144
6030,144
6031,144
6032,144
6033,144
6034,144
6035,144
6036,144
6037,144
6038,144
6039,144
6040,144
6041,144
6042,144
6043,144
6044,144
6045,144
6046,144
6047,144
6048,144
6049,144
6050,144
6051,144
6052,144
6053,144
6054,144
6055,144
6056,144
6057,144
6058,144
6059,144
6060,144
6061,144
6062,144
6063,144
6064,144
6065,144
6066,144
6067,144
6068,144
6069,144
6070,144
6071,144
6072,144
6073,144
6074,144
6075,144
6076,144
6077,144
6078,144
6079,144
6080,144
6081,144
6082,144
6083,144
6084,144
6085,144
6086,144
6087,144
6088,144
6089,144
6090,144
6091,144
6092,144
6093,144
6094,144
6095,144
6096,144
6097,144
6098,144
6099,144
6100,144
6101,144
6102,144
6103,144
6104,144
6105,144
6106,144
6107,144
6108,144
6109,144
6110,144
6111,144
6112,144
6113,144
6114,144
6115,144
6116,144
6117,144
6118,144
6119,144
6120,144
6121,144
6122,144
6123,144
6124,144
6125,144
6126,144
6127,144
6128,144
6129,144
6130,144
6131,144
6132,144
6133,144
6134,144
6135,144
6136,144
6137,144
6138,144
6139,144
6140,144
6141,144
6142,144
6143,144
6144,144
6145,144
6146,144
6147,144
6148,144
6149,144
6150,144
6151,144
6152,144
6153,144
6154,144
6155,144
6156,144
6157,144
6158,144
6159,144
6160,144
6161,144
6162,144
6163,144
6164,144
6165,144
6166,144
6167,144
6168,144
6169,144
6170,144
6171,144
6172,144
6173,144
6174,144
6175,144
6176,144
6177,144
6178,144
6179,144
6180,144
6181,144
6182,144
6183,144
6184,144
6185,144
6186,144
6187,144
6188,144
6189,144
6190,144
6191,144
6192,144
6193,144
6194,144
6195,144
6196,144
6197,144
6198,144
6199,144
6200,144
6201,144
6202,144
6203,144
6204,144
6205,144
6206,144
6207,144
6208,144
6209,144
6210,144
6211,144
6212,144
6213,144
6214,144
6215,144
6216,144
6217,144
6218,144
6219,144
6220,144
6221,144
6222,144
6223,144
6224,144
6225,144
6226,144
6227,144
6228,144
6229,144
6230,144
6231,144
6232,144
6233,144
6234,144
6235,144
6236,144
6237,144
6238,144
6239,144
6240,144
6241,144
6242,144
6243,144
6244,144
6245,144
6246,144
6247,144
6248,144
6249,144
6250,144
6251,144
6252,144
6253,144
6254,144
6255,144
6256,144
6257,144
6258,144
6259,144
6260,144
6261,144
6262,144
6263,144
6264,144
6265,144
6266,144
6267,144
6268,144
6269,144
6270,144
6271,144
6272,144
6273,144
6274,144
6275,144
6276,144
6277,144
6278,144
6279,144
6280,144
6281,144
6282,144
6283,144
6284,144
6285,144
6286,144
6287,144
6288,144
6289,144
6290,144
6291,144
6292,144
6293,144
6294,144
6295,144
6296,144
6297,144
6298,144
6299,144
6300,144
6301,144
6302,144
6303,144
6304,144
6305,144
6306,144
6307,144
6308,144
6309,144
6310,144
6311,144
6312,144
6313,144
6314,144
6315,144
6316,144
6317,144
6318,144
6319,144
6320,144
6321,144
6322,144
6323,144
6324,144
6325,144
6326,144
6327,144
6328,144
6329,144
6330,144
6331,144
6332,144
6333,144
6334,144
6335,144
6336,144
6337,144
6338,144
6339,144
6340,144
6341,144
6342,144
6343,144
6344,144
6345,144
6346,144
6347,144
6348,144
6349,144
6350,144
6351,144
6352,144
6353,144
6354,144
6355,144
6356,144
6357,144
6358,144
6359,144
6360,144
6361,144
6362,144
6363,144
6364,144
6365,144
6366,144
6367,144
6368,144
6369,144
6370,144
6371,144
6372,144
6373,144
6374,144
6375,144
6376,144
6377,144
6378,144
6379,144
6380,144
6381,144
6382,144
6383,144
6384,144
6385,144
6386,144
6387,144
6388,144
6389,144
6390,144
6391,144
6392,144
6393,144
6394,144
6395,144
6396,144
6397,144
6398,144
6399,144
6400,144
6401,144
6402,144
6403,144
6404,144
6405,144
6406,144
6407,144
6408,144
6409,144
6410,144
6411,144
6412,144
6413,144
6414,144
6415,144
6416,144
6417,144
6418,144
6419,144
6420,144
6421,144
6422,144
6423,144
6424,144
6425,144
6426,144
6427,144
6428,144
6429,144
6430,144
6431,144
6432,144
6433,144
6434,144
6435,144
6436,144
6437,144
6438,144
6439,144
6440,144
6441,144
6442,144
6443,144
6444,144
6445,144
6446,144
6447,144
6448,144
6449,144
6450,144
6451,144
6452,144
6453,144
6454,144
6455,144
6456,144
6457,144
6458,144
6459,144
6460,144
6461,144
6462,144
6463,144
6464,144
6465,144
6466,144
6467,144
6468,144
6469,144
6470,144
6471,144
6472,144
6473,144
6474,144
6475,144
6476,144
6477,144
6478,144
6479,144
6480,144
6481,144
6482,144
6483,144
6484,144
6485,144
6486,144
6487,144
6488,144
6489,144
6490,144
6491,144
6492,144
6493,144
6494,144
6495,144
6496,144
6497,144
6498,144
6499,144
6500,144
6501,144
6502,144
6503,144
6504,144
6505,144
6506,144
6507,144
6508,144
6509,144
6510,144
6511,144
6512,144
6513,144
6514,144
6515,144
6516,144
6517,144
6518,144
6519,144
6520,144
6521,144
6522,144
6523,144
6524,144
6525,144
6526,144
6527,144
6528,144
6529,144
6530,144
6531,144
6532,144
6533,144
6534,144
6535,144
6536,144
6537,144
6538,144
6539,144
6540,144
6541,144
6542,144
6543,144
6544,144
6545,144
6546,144
6547,144
6548,144
6549,144
6550,144
6551,144
6552,144
6553,144
6554,144
6555,144
6556,144
6557,144
6558,144
6559,144
6560,144
6561,144
6562,144
6563,144
6564,144
6565,144
6566,144
6567,144
6568,144
6569,144
6570,144
6571,144
6572,144
6573,144
6574,144
6575,144
6576,144
6577,144
6578,144
6579,144
6580,144
6581,144
6582,144
6583,144
6584,144
6585,144
6586,144
6587,144
6588,144
6589,144
6590,144
6591,144
6592,144
6593,144
6594,144
6595,144
6596,144
6597,144
6598,144
6599,144
6600,144
6601,144
6602,144
6603,144
6604,144
6605,144
6606,144
6607,144
6608,144
6609,144
6610,144
6611,144
6612,144
6613,144
6614,144
6615,144
6616,144
6617,144
6618,144
6619,144
6620,144
6621,144
6622,144
6623,144
6624,144
6625,144
6626,144
6627,144
6628,144
6629,144
6630,144
6631,144
6632,144
6633,144
6634,144
6635,144
6636,144
6637,144
6638,144
6639,144
6640,144
6641,144
6642,144
6643,144
6644,144
6645,144
6646,144
6647,144
6648,144
6649,144
6650,144
6651,144
6652,144
6653,144
6654,144
6655,144
6656,144
6657,144
6658,144
6659,144
6660,144
6661,144
6662,144
6663,144
6664,144
6665,144
6666,144
6667,144
6668,144
6669,144
6670,144
6671,144
6672,144
6673,144
6674,144
6675,144
6676,144
6677,144
6678,144
6679,144
6680,144
6681,144
6682,144
6683,144
6684,144
6685,144
6686,144
6687,144
6688,144
6689,144
6690,144
6691,144
6692,144
6693,144
6694,144
6695,144
6696,144
6697,144
6698,144
6699,144
6700,144
6701,144
6702,144
6703,144
6704,144
6705,144
6706,144
6707,144
6708,144
6709,144
6710,144
6711,144
6712,144
6713,144
6714,144
6715,144
6716,144
6717,144
6718,144
6719,144
6720,144
6721,144
6722,144
6723,144
6724,144
6725,144
6726,144
6727,144
6728,144
6729,144
6730,144
6731,144
6732,144
6733,144
6734,144
6735,144
6736,144
6737,144
6738,144
6739,144
6740,144
6741,144
6742,144
6743,144
6744,144
6745,144
6746,144
6747,144
6748,144
6749,144
6750,144
6751,144
6752,144
6753,144
6754,144
6755,144
6756,144
6757,144
6758,144
6759,144
6760,144
6761,144
6762,144
6763,144
6764,144
6765,144
6766,144
6767,144
6768,144
6769,144
6770,144
6771,144
6772,144
6773,144
6774,144
6775,144
6776,144
6777,144
6778,144
6779,144
6780,144
6781,144
6782,144
6783,144
6784,144
6785,144
6786,144
6787,144
6788,144
6789,144
6790,144
6791,144
6792,144
6793,144
6794,144
6795,144
6796,144
6797,144
6798,144
6799,144
6800,144
6801,144
6802,144
6803,144
6804,144
6805,144
6806,144
6807,144
6808,144
6809,144
6810,144
6811,144
6812,144
6813,144
6814,144
6815,144
6816,144
6817,144
6818,144
6819,144
6820,144
6821,144
6822,144
6823,144
6824,144
6825,144
6826,144
6827,144
6828,144
6829,144
6830,144
6831,144
6832,144
6833,144
6834,144
6835,144
6836,144
6837,144
6838,144
6839,144
6840,144
6841,144
6842,144
6843,144
6844,144
6845,144
6846,144
6847,144
6848,144
6849,144
6850,144
6851,144
6852,144
6853,144
6854,144
6855,144
6856,144
6857,144
6858,144
6859,144
6860,144
6861,144
6862,144
6863,144
6864,144
6865,144
6866,144
6867,144
6868,144
6869,144
6870,144
6871,144
6872,144
6873,144
6874,144
6875,144
6876,144
6877,144
6878,144
6879,144
6880,144
6881,144
6882,144
6883,144
6884,144
6885,144
6886,144
6887,144
6888,144
6889,144
6890,144
6891,144
6892,144
6893,144
6894,144
6895,144
6896,144
6897,144
6898,144
6899,144
6900,144
6901,144
6902,144
6903,144
6904,144
6905,144
6906,144
6907,144
6908,144
6909,144
6910,144
6911,144
6912,144
6913,144
6914,144
6915,144
6916,144
6917,144
6918,144
6919,144
6920,144
6921,144
6922,144
6923,144
6924,144
6925,144
6926,144
6927,144
6928,144
6929,144
6930,144
6931,144
6932,144
6933,144
6934,144
6935,144
6936,144
6937,144
6938,144
6939,144
6940,144
6941,144
6942,144
6943,144
6944,144
6945,144
6946,144
6947,144
6948,144
6949,144
6950,144
6951,144
6952,144
6953,144
6954,144
6955,144
6956,144
6957,144
6958,144
6959,144
6960,144
6961,144
6962,144
6963,144
6964,144
6965,144
6966,144
6967,144
6968,144
6969,144
6970,144
6971,144
6972,144
6973,144
6974,144
6975,144
6976,144
6977,144
6978,144
6979,144
6980,144
6981,144
6982,144
6983,144
6984,144
6985,144
6986,144
6987,144
6988,144
6989,144
6990,144
6991,144
6992,144
6993,144
6994,144
6995,144
6996,144
6997,144
6998,144
6999,144
7000,144
7001,144
7002,144
7003,144
7004,144
7005,144
7006,144
7007,144
7008,144
7009,144
7010,144
7011,144
7012,144
7013,144
7014,144
7015,144
7016,144
7017,144
7018,144
7019,144
7020,144
7021,144
7022,144
7023,144
7024,144
7025,144
7026,144
7027,144
7028,144
7029,144
7030,144
7031,144
7032,144
7033,144
7034,144
7035,144
7036,144
7037,144
7038,144
7039,144
7040,144
7041,144
7042,144
7043,144
7044,144
7045,144
7046,144
7047,144
7048,144
7049,144
7050,144
7051,144
7052,144
7053,144
7054,144
7055,144
7056,144
7057,144
7058,144
7059,144
7060,144
7061,144
7062,144
7063,144
7064,144
7065,144
7066,144
7067,144
7068,144
7069,144
7070,144
7071,144
7072,144
7073,144
7074,144
7075,144
7076,144
7077,144
7078,144
7079,144
7080,144
7081,144
7082,144
7083,144
7084,144
7085,144
7086,144
7087,144
7088,144
7089,144
7090,144
7091,144
7092,144
7093,144
7094,144
7095,144
7096,144
7097,144
7098,144
7099,144
7100,144
7101,144
7102,144
7103,144
7104,144
7105,144
7106,144
7107,144
7108,144
7109,144
7110,144
7111,144
7112,144
7113,144
7114,144
7115,144
7116,144
7117,144
7118,144
7119,144
7120,144
7121,144
7122,144
7123,144
7124,144
7125,144
7126,144
7127,144
7128,144
7129,144
7130,144
7131,144
7132,144
7133,144
7134,144
7135,144
7136,144
7137,144
7138,144
7139,144
7140,144
7141,144
7142,144
7143,144
7144,144
7145,144
7146,144
7147,144
7148,144
7149,144
7150,144
7151,144
7152,144
7153,144
7154,144
7155,144
7156,144
7157,144
7158,144
7159,144
7160,144
7161,144
7162,144
7163,144
7164,144
7165,144
7166,144
7167,144
7168,144
7169,144
7170,144
7171,144
7172,144
7173,144
7174,144
7175,144
7176,144
7177,144
7178,144
7179,144
7180,144
7181,144
7182,144
7183,144
7184,144
7185,144
7186,144
7187,144
7188,144
7189,144
7190,144
7191,144
7192,144
7193,144
7194,144
7195,144
7196,144
7197,144
7198,144
7199,144
7200,144
7201,144
7202,144
7203,144
7204,144
7205,144
7206,144
7207,144
7208,144
7209,144
7210,144
7211,144
7212,144
7213,144
7214,144
7215,144
7216,144
7217,144
7218,144
7219,144
7220,144
7221,144
7222,144
7223,144
7224,144
7225,144
7226,144
7227,144
7228,144
7229,144
7230,144
7231,144
7232,144
7233,144
7234,144
7235,144
7236,144
7237,144
7238,144
7239,144
7240,144
7241,144
7242,144
7243,144
7244,144
7245,144
7246,144
7247,144
7248,144
7249,144
7250,144
7251,144
7252,144
7253,144
7254,144
7255,144
7256,144
7257,144
7258,144
7259,144
7260,144
7261,144
7262,144
7263,144
7264,144
7265,144
7266,144
7267,144
7268,144
7269,144
7270,144
7271,144
7272,144
7273,144
7274,144
7275,144
7276,144
7277,144
7278,144
7279,144
7280,144
7281,144
7282,144
7283,144
7284,144
7285,144
7286,144
7287,144
7288,144
7289,144
7290,144
7291,144
7292,144
7293,144
7294,144
7295,144
7296,144
7297,144
7298,144
7299,144
7300,144
7301,144
7302,144
7303,144
7304,144
7305,144
7306,144
7307,144
7308,144
7309,144
7310,144
7311,144
7312,144
7313,144
7314,144
7315,144
7316,144
7317,144
7318,144
7319,144
7320,144
7321,144
7322,144
7323,144
7324,144
7325,144
7326,144
7327,144
7328,144
7329,144
7330,144
7331,144
7332,144
7333,144
7334,144
7335,144
7336,144
7337,144
7338,144
7339,144
7340,144
7341,144
7342,144
7343,144
7344,144
7345,144
7346,144
7347,144
7348,144
7349,144
7350,144
7351,144
7352,144
7353,144
7354,144
7355,144
7356,144
7357,144
7358,144
7359,144
7360,144
7361,144
7362,144
7363,144
7364,144
7365,144
7366,144
7367,144
7368,144
7369,144
7370,144
7371,144
7372,144
7373,144
7374,144
7375,144
7376,144
7377,144
7378,144
7379,144
7380,144
7381,144
7382,144
7383,144
7384,144
7385,144
7386,144
7387,144
7388,144
7389,144
7390,144
7391,144
7392,144
7393,144
7394,144
7395,144
7396,144
7397,144
7398,144
7399,144
7400,144
7401,144
7402,144
7403,144
7404,144
7405,144
7406,144
7407,144
7408,144
7409,144
7410,144
7411,144
7412,144
7413,144
7414,144
7415,144
7416,144
7417,144
7418,144
7419,144
7420,144
7421,144
7422,144
7423,144
7424,144
7425,144
7426,144
7427,144
7428,144
7429,144
7430,144
7431,144
7432,144
7433,144
7434,144
7435,144
7436,144
7437,144
7438,144
7439,144
7440,144
7441,144
7442,144
7443,144
7444,144
7445,144
7446,144
7447,144
7448,144
7449,144
7450,144
7451,144
7452,144
7453,144
7454,144
7455,144
7456,144
7457,144
7458,144
7459,144
7460,144
7461,144
7462,144
7463,144
7464,144
7465,144
7466,144
7467,144
7468,144
7469,144
7470,144
7471,144
7472,144
7473,144
7474,144
7475,144
7476,144
7477,144
7478,144
7479,144
7480,144
7481,144
7482,144
7483,144
7484,144
7485,144
7486,144
7487,144
7488,144
7489,144
7490,144
7491,144
7492,144
7493,144
7494,144
7495,144
7496,144
7497,144
7498,144
7499,144
7500,144
7501,144
7502,144
7503,144
7504,144
7505,144
7506,144
7507,144
7508,144
7509,144
7510,144
7511,144
7512,144
7513,144
7514,144
7515,144
7516,144
7517,144
7518,144
7519,144
7520,144
7521,144
7522,144
7523,144
7524,144
7525,144
7526,144
7527,144
7528,144
7529,144
7530,144
7531,144
7532,144
7533,144
7534,144
7535,144
7536,144
7537,144
7538,144
7539,144
7540,144
7541,144
7542,144
7543,144
7544,144
7545,144
7546,144
7547,144
7548,144
7549,144
7550,144
7551,144
7552,144
7553,144
7554,144
7555,144
7556,144
7557,144
7558,144
7559,144
7560,144
7561,144
7562,144
7563,144
7564,144
7565,144
7566,144
7567,144
7568,144
7569,144
7570,144
7571,144
7572,144
7573,144
7574,144
7575,144
7576,144
7577,144
7578,144
7579,144
7580,144
7581,144
7582,144
7583,144
7584,144
7585,144
7586,144
7587,144
7588,144
7589,144
7590,144
7591,144
7592,144
7593,144
7594,144
7595,144
7596,144
7597,144
7598,144
7599,144
7600,144
7601,144
7602,144
7603,144
7604,144
7605,144
7606,144
7607,144
7608,144
7609,144
7610,144
7611,144
7612,144
7613,144
7614,144
7615,144
7616,144
7617,144
7618,144
7619,144
7620,144
7621,144
7622,144
7623,144
7624,144
7625,144
7626,144
7627,144
7628,144
7629,144
7630,144
7631,144
7632,144
7633,144
7634,144
7635,144
7636,144
7637,144
7638,144
7639,144
7640,144
7641,144
7642,144
7643,144
7644,144
7645,144
7646,144
7647,144
7648,144
7649,144
7650,144
7651,144
7652,144
7653,144
7654,144
7655,144
7656,144
7657,144
7658,144
7659,144
7660,144
7661,144
7662,144
7663,144
7664,144
7665,144
7666,144
7667,144
7668,144
7669,144
7670,144
7671,144
7672,144
7673,144
7674,144
7675,144
7676,144
7677,144
7678,144
7679,144
7680,144
7681,144
7682,144
7683,144
7684,144
7685,144
7686,144
7687,144
7688,144
7689,144
7690,144
7691,144
7692,144
7693,144
7694,144
7695,144
7696,144
7697,144
7698,144
7699,144
7700,144
7701,144
7702,144
7703,144
7704,144
7705,144
7706,144
7707,144
7708,144
7709,144
7710,144
7711,144
7712,144
7713,144
7714,144
7715,144
7716,144
7717,144
7718,144
7719,144
7720,144
7721,144
7722,144
7723,144
7724,144
7725,144
7726,144
7727,144
7728,144
7729,144
7730,144
7731,144
7732,144
7733,144
7734,144
7735,144
7736,144
7737,144
7738,144
7739,144
7740,144
7741,144
7742,144
7743,144
7744,144
7745,144
7746,144
7747,144
7748,144
7749,144
7750,144
7751,144
7752,144
7753,144
7754,144
7755,144
7756,144
7757,144
7758,144
7759,144
7760,144
7761,144
7762,144
7763,144
7764,144
7765,144
7766,144
7767,144
7768,144
7769,144
7770,144
7771,144
7772,144
7773,144
7774,144
7775,144
7776,144
7777,144
7778,144
7779,144
7780,144
7781,144
7782,144
7783,144
7784,144
7785,144
7786,144
7787,144
7788,144
7789,144
7790,144
7791,144
7792,144
7793,144
7794,144
7795,144
7796,144
7797,144
7798,144
7799,144
7800,144
7801,144
7802,144
7803,144
7804,144
7805,144
7806,144
7807,144
7808,144
7809,144
7810,144
7811,144
7812,144
7813,144
7814,144
7815,144
7816,144
7817,144
7818,144
7819,144
7820,144
7821,144
7822,144
7823,144
7824,144
7825,144
7826,144
7827,144
7828,144
7829,144
7830,144
7831,144
7832,144
7833,144
7834,144
7835,144
7836,144
7837,144
7838,144
7839,144
7840,144
7841,144
7842,144
7843,144
7844,144
7845,144
7846,144
7847,144
7848,144
7849,144
7850,144
7851,144
7852,144
7853,144
7854,144
7855,144
7856,144
7857,144
7858,144
7859,144
7860,144
7861,144
7862,144
7863,144
7864,144
7865,144
7866,144
7867,144
7868,144
7869,144
7870,144
7871,144
7872,144
7873,144
7874,144
7875,144
7876,144
7877,144
7878,144
7879,144
7880,144
7881,144
7882,144
7883,144
7884,144
7885,144
7886,144
7887,144
7888,144
7889,144
7890,144
7891,144
7892,144
7893,144
7894,144
7895,144
7896,144
7897,144
7898,144
7899,144
7900,144
7901,144
7902,144
7903,144
7904,144
7905,144
7906,144
7907,144
7908,144
7909,144
7910,144
7911,144
7912,144
7913,144
7914,144
7915,144
7916,144
7917,144
7918,144
7919,144
7920,144
7921,144
7922,144
7923,144
7924,145
