0,0
1,1
2,2
3,3
4,4
5,5
6,6
7,7
8,8
9,9
10,10
11,11
12,12
13,13
14,14
15,15
16,16
17,17
18,17
19,18
20,18
21,18
22,19
23,19
24,20
25,20
26,21
27,21
28,22
29,22
30,23
31,24
32,25
33,26
34,27
35,28
36,29
37,30
38,31
39,32
40,33
41,33
42,33
43,34
44,35
45,36
46,37
47,37
48,37
49,38
50,38
51,38
52,39
53,40
54,41
55,41
56,41
57,42
58,42
59,42
60,43
61,43
62,43
63,44
64,44
65,45
66,46
67,47
68,47
69,47
70,47
71,48
72,48
73,49
74,50
75,51
76,51
77,51
78,51
79,51
80,51
81,52
82,53
83,53
84,53
85,53
86,54
87,54
88,54
89,54
90,55
91,55
92,55
93,55
94,55
95,55
96,55
97,55
98,55
99,55
100,55
101,56
102,56
103,56
104,56
105,56
106,56
107,57
108,58
109,59
110,59
111,59
112,59
113,59
114,59
115,59
116,60
117,61
118,61
119,61
120,61
121,61
122,61
123,62
124,62
125,62
126,63
127,63
128,63
129,63
130,63
131,63
132,63
133,63
134,64
135,64
136,64
137,64
138,64
139,65
140,65
141,65
142,65
143,66
144,66
145,66
146,66
147,67
148,67
149,67
150,67
151,67
152,68
153,68
154,68
155,68
156,68
157,68
158,69
159,69
160,70
161,71
162,71
163,71
164,71
165,71
166,71
167,72
168,72
169,73
170,73
171,73
172,73
173,73
174,74
175,74
176,74
177,74
178,75
179,75
180,75
181,75
182,75
183,75
184,75
185,75
186,76
187,76
188,76
189,76
190,76
191,77
192,77
193,77
194,77
195,78
196,78
197,78
198,78
199,78
200,78
201,78
202,78
203,78
204,78
205,78
206,78
207,78
208,78
209,78
210,78
211,78
212,78
213,78
214,78
215,78
216,78
217,78
218,78
219,78
220,78
221,78
222,78
223,78
224,78
225,78
226,78
227,78
228,78
229,78
230,78
231,78
232,78
233,78
234,78
235,78
236,78
237,78
238,78
239,79
240,80
241,81
242,81
243,82
244,82
245,83
246,83
247,83
248,83
249,83
250,83
251,83
252,83
253,83
254,83
255,83
256,83
257,83
258,83
259,83
260,83
261,83
262,83
263,83
264,83
265,83
266,83
267,83
268,83
269,83
270,83
271,84
272,85
273,85
274,85
275,85
276,85
277,85
278,86
279,86
280,86
281,86
282,86
283,86
284,87
285,87
286,87
287,87
288,87
289,87
290,87
291,87
292,87
293,87
294,87
295,87
296,87
297,87
298,87
299,87
300,87
301,87
302,87
303,87
304,87
305,87
306,87
307,87
308,87
309,87
310,87
311,87
312,87
313,87
314,87
315,87
316,87
317,87
318,87
319,87
320,87
321,87
322,87
323,87
324,87
325,87
326,87
327,87
328,87
329,87
330,87
331,87
332,88
333,89
334,89
335,89
336,89
337,89
338,89
339,89
340,89
341,89
342,89
343,89
344,89
345,89
346,89
347,89
348,89
349,89
350,89
351,89
352,89
353,90
354,90
355,91
356,92
357,93
358,94
359,95
360,95
361,96
362,96
363,96
364,96
365,97
366,97
367,97
368,97
369,97
370,97
371,98
372,99
373,99
374,99
375,99
376,100
377,100
378,100
379,100
380,100
381,100
382,100
383,100
384,100
385,100
386,100
387,100
388,100
389,101
390,101
391,101
392,101
393,101
394,101
395,101
396,101
397,101
398,101
399,101
400,101
401,101
402,101
403,101
404,101
405,101
406,101
407,101
408,101
409,101
410,101
411,101
412,101
413,101
414,101
415,101
416,101
417,101
418,101
419,101
420,101
421,101
422,101
423,101
424,101
425,101
426,101
427,101
428,102
429,103
430,103
431,104
432,104
433,104
434,104
435,104
436,104
437,104
438,104
439,104
440,104
441,104
442,104
443,104
444,104
445,104
446,104
447,104
448,104
449,104
450,104
451,104
452,104
453,104
454,104
455,104
456,104
457,104
458,104
459,104
460,104
461,104
462,104
463,104
464,104
465,104
466,104
467,104
468,104
469,104
470,104
471,104
472,104
473,104
474,104
475,104
476,104
477,104
478,104
479,104
480,104
481,104
482,104
483,104
484,104
485,104
486,105
487,105
488,105
489,105
490,105
491,105
492,105
493,105
494,105
495,105
496,106
497,106
498,107
499,108
500,109
501,109
502,109
503,109
504,109
505,109
506,109
507,109
508,109
509,109
510,109
511,109
512,109
513,109
514,109
515,109
516,109
517,109
518,109
519,109
520,109
521,109
522,109
523,109
524,109
525,109
526,109
527,109
528,109
529,109
530,109
531,109
532,109
533,110
534,111
535,111
536,111
537,112
538,112
539,112
540,112
541,112
542,112
543,112
544,112
545,112
546,112
547,112
548,112
549,112
550,113
551,113
552,113
553,113
554,113
555,113
556,113
557,113
558,113
559,113
560,113
561,113
562,113
563,113
564,113
565,113
566,113
567,113
568,113
569,113
570,113
571,113
572,113
573,113
574,113
575,113
576,113
577,113
578,113
579,113
580,113
581,113
582,113
583,113
584,113
585,113
586,113
587,113
588,113
589,113
590,113
591,113
592,113
593,113
594,113
595,113
596,113
597,113
598,113
599,113
600,113
601,113
602,113
603,113
604,113
605,113
606,113
607,113
608,113
609,113
610,113
611,113
612,113
613,113
614,113
615,113
616,113
617,113
618,113
619,113
620,113
621,113
622,113
623,113
624,114
625,114
626,114
627,114
628,114
629,114
630,114
631,114
632,114
633,114
634,114
635,114
636,114
637,114
638,114
639,114
640,114
641,114
642,114
643,114
644,114
645,114
646,114
647,114
648,114
649,114
650,114
651,114
652,115
653,115
654,115
655,115
656,115
657,115
658,115
659,115
660,115
661,115
662,115
663,115
664,115
665,115
666,115
667,115
668,115
669,115
670,115
671,115
672,115
673,115
674,115
675,115
676,115
677,115
678,115
679,115
680,115
681,115
682,115
683,115
684,115
685,115
686,115
687,115
688,115
689,115
690,115
691,115
692,115
693,115
694,115
695,115
696,115
697,115
698,115
699,115
700,115
701,115
702,115
703,115
704,115
705,115
706,115
707,115
708,115
709,115
710,115
711,115
712,115
713,115
714,115
715,115
716,115
717,115
718,115
719,115
720,115
721,116
722,116
723,116
724,116
725,116
726,116
727,116
728,117
729,117
730,118
731,118
732,118
733,118
734,118
735,118
736,118
737,118
738,118
739,118
740,118
741,118
742,118
743,118
744,118
745,118
746,119
747,120
748,120
749,120
750,121
751,121
752,122
753,122
754,122
755,122
756,122
757,122
758,122
759,122
760,122
761,122
762,122
763,122
764,122
765,122
766,122
767,123
768,123
769,123
770,123
771,123
772,123
773,123
774,123
775,123
776,123
777,123
778,123
779,123
780,123
781,123
782,123
783,123
784,123
785,123
786,123
787,123
788,123
789,123
790,123
791,123
792,123
793,123
794,123
795,123
796,123
797,123
798,123
799,123
800,123
801,123
802,123
803,123
804,123
805,123
806,123
807,123
808,123
809,123
810,123
811,123
812,123
813,123
814,123
815,123
816,123
817,123
818,123
819,123
820,123
821,123
822,123
823,123
824,123
825,123
826,123
827,123
828,123
829,123
830,123
831,123
832,123
833,123
834,123
835,123
836,123
837,123
838,123
839,123
840,123
841,123
842,123
843,123
844,123
845,123
846,123
847,123
848,123
849,123
850,123
851,123
852,123
853,123
854,123
855,123
856,123
857,123
858,123
859,123
860,123
861,123
862,123
863,123
864,123
865,123
866,123
867,123
868,123
869,123
870,123
871,123
872,123
873,123
874,123
875,123
876,123
877,123
878,123
879,123
880,123
881,123
882,124
883,124
884,124
885,124
886,124
887,124
888,124
889,124
890,124
891,124
892,124
893,124
894,124
895,124
896,124
897,124
898,124
899,124
900,124
901,124
902,124
903,124
904,124
905,124
906,124
907,124
908,124
909,124
910,124
911,124
912,124
913,124
914,124
915,124
916,124
917,124
918,124
919,124
920,124
921,124
922,124
923,124
924,124
925,124
926,124
927,124
928,124
929,124
930,124
931,124
932,124
933,124
934,124
935,124
936,124
937,124
938,124
939,124
940,124
941,124
942,124
943,124
944,124
945,124
946,124
947,124
948,124
949,124
950,124
951,124
952,124
953,124
954,124
955,124
956,124
957,124
958,124
959,124
960,124
961,124
962,124
963,124
964,124
965,124
966,124
967,124
968,124
969,124
970,124
971,124
972,124
973,124
974,124
975,124
976,124
977,124
978,124
979,124
980,124
981,124
982,124
983,124
984,124
985,124
986,124
987,124
988,124
989,124
990,124
991,124
992,124
993,124
994,124
995,124
996,124
997,124
998,124
999,124
1000,124
1001,124
1002,124
1003,124
1004,124
1005,124
1006,124
1007,124
1008,124
1009,124
1010,124
1011,124
1012,124
1013,124
1014,124
1015,124
1016,124
1017,124
1018,124
1019,124
1020,124
1021,124
1022,124
1023,124
1024,124
1025,124
1026,124
1027,124
1028,124
1029,124
1030,124
1031,124
1032,124
1033,124
1034,124
1035,124
1036,124
1037,124
1038,124
1039,124
1040,124
1041,124
1042,124
1043,124
1044,124
1045,124
1046,124
1047,124
1048,124
1049,124
1050,124
1051,124
1052,124
1053,124
1054,124
1055,124
1056,124
1057,124
1058,124
1059,124
1060,124
1061,124
1062,124
1063,124
1064,124
1065,124
1066,124
1067,124
1068,124
1069,124
1070,124
1071,124
1072,124
1073,124
1074,124
1075,124
1076,124
1077,124
1078,124
1079,124
1080,124
1081,124
1082,124
1083,124
1084,124
1085,124
1086,124
1087,124
1088,124
1089,124
1090,124
1091,124
1092,124
1093,124
1094,124
1095,124
1096,124
1097,124
1098,124
1099,124
1100,124
1101,124
1102,124
1103,124
1104,124
1105,124
1106,124
1107,124
1108,124
1109,124
1110,124
1111,124
1112,124
1113,124
1114,124
1115,124
1116,124
1117,124
1118,124
1119,124
1120,124
1121,124
1122,124
1123,124
1124,124
1125,124
1126,124
1127,124
1128,124
1129,124
1130,124
1131,124
1132,124
1133,124
1134,124
1135,124
1136,124
1137,124
1138,124
1139,124
1140,124
1141,124
1142,124
1143,124
1144,124
1145,124
1146,124
1147,124
1148,124
1149,124
1150,124
1151,124
1152,124
1153,124
1154,124
1155,124
1156,124
1157,124
1158,124
1159,124
1160,124
1161,124
1162,124
1163,124
1164,124
1165,124
1166,124
1167,124
1168,124
1169,124
1170,124
1171,124
1172,124
1173,124
1174,124
1175,124
1176,124
1177,124
1178,124
1179,124
1180,124
1181,124
1182,124
1183,124
1184,124
1185,124
1186,124
1187,124
1188,124
1189,124
1190,124
1191,124
1192,124
1193,124
1194,124
1195,124
1196,124
1197,124
1198,124
1199,124
1200,124
1201,124
1202,124
1203,124
1204,124
1205,124
1206,124
1207,124
1208,124
1209,124
1210,124
1211,124
1212,124
1213,124
1214,124
1215,124
1216,124
1217,124
1218,124
1219,124
1220,124
1221,124
1222,124
1223,124
1224,124
1225,124
1226,124
1227,124
1228,124
1229,124
1230,124
1231,124
1232,124
1233,124
1234,124
1235,124
1236,124
1237,124
1238,124
1239,124
1240,124
1241,124
1242,124
1243,124
1244,124
1245,124
1246,124
1247,124
1248,124
1249,124
1250,124
1251,124
1252,124
1253,124
1254,124
1255,124
1256,124
1257,124
1258,124
1259,124
1260,124
1261,124
1262,124
1263,124
1264,124
1265,124
1266,124
1267,124
1268,124
1269,124
1270,124
1271,124
1272,124
1273,124
1274,124
1275,124
1276,124
1277,124
1278,124
1279,124
1280,124
1281,124
1282,124
1283,124
1284,124
1285,124
1286,124
1287,124
1288,124
1289,124
1290,124
1291,124
1292,124
1293,124
1294,124
1295,124
1296,124
1297,124
1298,124
1299,124
1300,124
1301,124
1302,124
1303,124
1304,124
1305,124
1306,124
1307,124
1308,124
1309,124
1310,124
1311,124
1312,124
1313,124
1314,124
1315,124
1316,124
1317,124
1318,124
1319,124
1320,124
1321,124
1322,124
1323,124
1324,124
1325,124
1326,124
1327,124
1328,124
1329,124
1330,124
1331,124
1332,124
1333,124
1334,124
1335,124
1336,124
1337,124
1338,124
1339,124
1340,124
1341,124
1342,124
1343,124
1344,124
1345,124
1346,124
1347,124
1348,124
1349,124
1350,124
1351,124
1352,124
1353,124
1354,124
1355,124
1356,124
1357,124
1358,124
1359,124
1360,124
1361,124
1362,124
1363,124
1364,124
1365,124
1366,124
1367,124
1368,124
1369,124
1370,124
1371,124
1372,124
1373,124
1374,124
1375,124
1376,124
1377,124
1378,124
1379,124
1380,124
1381,124
1382,124
1383,124
1384,124
1385,124
1386,124
1387,124
1388,124
1389,124
1390,124
1391,124
1392,124
1393,124
1394,124
1395,124
1396,124
1397,124
1398,124
1399,124
1400,124
1401,124
1402,124
1403,124
1404,124
1405,124
1406,124
1407,124
1408,124
1409,124
1410,124
1411,124
1412,124
1413,124
1414,124
1415,124
1416,124
1417,124
1418,124
1419,124
1420,124
1421,124
1422,124
1423,124
1424,124
1425,124
1426,124
1427,124
1428,124
1429,124
1430,124
1431,124
1432,124
1433,124
1434,124
1435,124
1436,124
1437,124
1438,124
1439,124
1440,124
1441,124
1442,124
1443,124
1444,124
1445,124
1446,124
1447,124
1448,124
1449,124
1450,124
1451,124
1452,124
1453,124
1454,124
1455,124
1456,124
1457,124
1458,124
1459,124
1460,124
1461,124
1462,124
1463,124
1464,124
1465,124
1466,124
1467,124
1468,124
1469,124
1470,124
1471,124
1472,124
1473,124
1474,124
1475,124
1476,124
1477,124
1478,124
1479,124
1480,124
1481,124
1482,124
1483,124
1484,124
1485,124
1486,124
1487,124
1488,124
1489,124
1490,124
1491,124
1492,124
1493,124
1494,124
1495,124
1496,124
1497,124
1498,124
1499,124
1500,124
1501,124
1502,124
1503,124
1504,124
1505,124
1506,124
1507,124
1508,124
1509,124
1510,124
1511,124
1512,124
1513,124
1514,124
1515,124
1516,124
1517,124
1518,124
1519,124
1520,124
1521,124
1522,124
1523,124
1524,124
1525,124
1526,124
1527,124
1528,124
1529,124
1530,124
1531,124
1532,124
1533,124
1534,124
1535,124
1536,124
1537,124
1538,124
1539,124
1540,124
1541,124
1542,124
1543,124
1544,124
1545,124
1546,124
1547,124
1548,125
1549,125
1550,125
1551,125
1552,125
1553,125
1554,125
1555,125
1556,125
1557,125
1558,125
1559,125
1560,125
1561,125
1562,125
1563,125
1564,125
1565,125
1566,125
1567,125
1568,125
1569,126
1570,126
1571,126
1572,126
1573,126
1574,126
1575,126
1576,126
1577,126
1578,126
1579,126
1580,126
1581,126
1582,126
1583,126
1584,126
1585,126
1586,126
1587,126
1588,126
1589,126
1590,126
1591,126
1592,126
1593,126
1594,126
1595,126
1596,126
1597,126
1598,126
1599,126
1600,126
1601,126
1602,126
1603,126
1604,126
1605,126
1606,126
1607,126
1608,126
1609,126
1610,126
1611,126
1612,126
1613,126
1614,126
1615,126
1616,126
1617,126
1618,126
1619,126
1620,126
1621,126
1622,126
1623,126
1624,126
1625,126
1626,126
1627,126
1628,126
1629,126
1630,126
1631,126
1632,126
1633,126
1634,126
1635,126
1636,126
1637,126
1638,126
1639,126
1640,126
1641,126
1642,126
1643,126
1644,126
1645,126
1646,126
1647,126
1648,126
1649,126
1650,126
1651,126
1652,126
1653,126
1654,126
1655,126
1656,126
1657,126
1658,126
1659,126
1660,126
1661,126
1662,126
1663,126
1664,126
1665,126
1666,126
1667,126
1668,126
1669,126
1670,126
1671,126
1672,126
1673,126
1674,126
1675,126
1676,126
1677,126
1678,126
1679,126
1680,126
1681,126
1682,126
1683,126
1684,126
1685,126
1686,126
1687,126
1688,126
1689,126
1690,126
1691,126
1692,126
1693,126
1694,126
1695,126
1696,126
1697,126
1698,126
1699,126
1700,126
1701,126
1702,126
1703,126
1704,126
1705,126
1706,126
1707,126
1708,126
1709,126
1710,126
1711,126
1712,126
1713,126
1714,126
1715,126
1716,126
1717,126
1718,126
1719,126
1720,126
1721,126
1722,126
1723,126
1724,126
1725,126
1726,126
1727,126
1728,126
1729,126
1730,126
1731,126
1732,126
1733,126
1734,126
1735,126
1736,126
1737,126
1738,126
1739,126
1740,126
1741,126
1742,126
1743,126
1744,126
1745,126
1746,126
1747,126
1748,126
1749,126
1750,126
1751,126
1752,126
1753,126
1754,126
1755,126
1756,126
1757,126
1758,126
1759,126
1760,126
1761,126
1762,126
1763,126
1764,126
1765,126
1766,126
1767,126
1768,126
1769,126
1770,126
1771,126
1772,126
1773,126
1774,127
1775,127
1776,127
1777,127
1778,127
1779,127
1780,127
1781,127
1782,127
1783,127
1784,127
1785,127
1786,127
1787,127
1788,127
1789,127
1790,127
1791,127
1792,127
1793,127
1794,127
1795,127
1796,127
1797,127
1798,127
1799,127
1800,127
1801,127
1802,127
1803,127
1804,127
1805,127
1806,127
1807,127
1808,127
1809,127
1810,127
1811,127
1812,127
1813,127
1814,127
1815,127
1816,127
1817,127
1818,127
1819,127
1820,127
1821,127
1822,127
1823,127
1824,127
1825,127
1826,127
1827,127
1828,127
1829,127
1830,127
1831,127
1832,127
1833,127
1834,127
1835,127
1836,127
1837,127
1838,127
1839,127
1840,127
1841,127
1842,127
1843,127
1844,127
1845,127
1846,127
1847,127
1848,127
1849,127
1850,127
1851,127
1852,127
1853,127
1854,127
1855,127
1856,127
1857,127
1858,127
1859,127
1860,127
1861,127
1862,127
1863,127
1864,127
1865,127
1866,127
1867,127
1868,127
1869,127
1870,127
1871,127
1872,127
1873,127
1874,127
1875,127
1876,127
1877,127
1878,127
1879,127
1880,127
1881,127
1882,127
1883,127
1884,127
1885,127
1886,127
1887,127
1888,127
1889,127
1890,127
1891,127
1892,127
1893,127
1894,127
1895,127
1896,127
1897,127
1898,127
1899,127
1900,127
1901,127
1902,127
1903,127
1904,127
1905,127
1906,127
1907,127
1908,127
1909,127
1910,127
1911,127
1912,127
1913,127
1914,127
1915,127
1916,127
1917,127
1918,127
1919,127
1920,127
1921,127
1922,127
1923,127
1924,127
1925,127
1926,127
1927,127
1928,127
1929,127
1930,127
1931,127
1932,127
1933,127
1934,127
1935,127
1936,127
1937,127
1938,127
1939,127
1940,127
1941,127
1942,127
1943,127
1944,127
1945,127
1946,127
1947,127
1948,127
1949,127
1950,127
1951,127
1952,127
1953,127
1954,127
1955,127
1956,127
1957,127
1958,127
1959,127
1960,127
1961,127
1962,127
1963,127
1964,127
1965,128
1966,129
1967,130
1968,131
1969,132
1970,133
1971,133
1972,133
1973,134
1974,134
1975,134
1976,134
1977,134
1978,134
1979,134
1980,134
1981,134
1982,134
1983,134
1984,134
1985,134
1986,134
1987,134
1988,134
1989,134
1990,134
1991,134
1992,134
1993,134
1994,134
1995,134
1996,134
1997,134
1998,134
1999,134
2000,134
2001,134
2002,134
2003,134
2004,134
2005,134
2006,134
2007,134
2008,134
2009,134
2010,134
2011,134
2012,134
2013,134
2014,134
2015,134
2016,134
2017,134
2018,134
2019,134
2020,134
2021,134
2022,134
2023,134
2024,134
2025,134
2026,134
2027,134
2028,134
2029,134
2030,134
2031,134
2032,134
2033,134
2034,134
2035,134
2036,134
2037,134
2038,134
2039,134
2040,134
2041,134
2042,134
2043,134
2044,134
2045,134
2046,134
2047,134
2048,134
2049,134
2050,134
2051,134
2052,134
2053,134
2054,134
2055,134
2056,134
2057,134
2058,134
2059,134
2060,134
2061,134
2062,134
2063,134
2064,134
2065,134
2066,134
2067,134
2068,134
2069,134
2070,134
2071,134
2072,134
2073,134
2074,134
2075,134
2076,134
2077,134
2078,134
2079,134
2080,134
2081,134
2082,134
2083,134
2084,134
2085,134
2086,134
2087,134
2088,134
2089,134
2090,134
2091,134
2092,134
2093,134
2094,134
2095,134
2096,134
2097,134
2098,134
2099,134
2100,134
2101,134
2102,134
2103,134
2104,134
2105,134
2106,134
2107,134
2108,134
2109,134
2110,134
2111,134
2112,134
2113,134
2114,134
2115,134
2116,134
2117,134
2118,134
2119,134
2120,134
2121,134
2122,134
2123,134
2124,134
2125,134
2126,134
2127,134
2128,134
2129,134
2130,134
2131,134
2132,134
2133,134
2134,134
2135,134
2136,134
2137,134
2138,134
2139,134
2140,134
2141,134
2142,134
2143,134
2144,134
2145,134
2146,134
2147,134
2148,134
2149,134
2150,134
2151,134
2152,134
2153,134
2154,134
2155,134
2156,134
2157,134
2158,134
2159,134
2160,134
2161,134
2162,134
2163,135
2164,135
2165,135
2166,135
2167,135
2168,135
2169,135
2170,135
2171,135
2172,135
2173,135
2174,135
2175,135
2176,135
2177,135
2178,135
2179,135
2180,135
2181,135
2182,135
2183,135
2184,135
2185,135
2186,135
2187,135
2188,135
2189,135
2190,135
2191,135
2192,135
2193,135
2194,135
2195,135
2196,135
2197,135
2198,135
2199,135
2200,135
2201,135
2202,135
2203,135
2204,135
2205,135
2206,135
2207,135
2208,135
2209,135
2210,135
2211,135
2212,135
2213,135
2214,135
2215,135
2216,135
2217,135
2218,135
2219,135
2220,135
2221,135
2222,135
2223,135
2224,135
2225,135
2226,135
2227,135
2228,135
2229,135
2230,135
2231,135
2232,135
2233,135
2234,135
2235,135
2236,135
2237,135
2238,135
2239,135
2240,135
2241,135
2242,135
2243,135
2244,135
2245,135
2246,135
2247,135
2248,135
2249,135
2250,135
2251,135
2252,135
2253,135
2254,135
2255,135
2256,135
2257,135
2258,135
2259,135
2260,135
2261,135
2262,135
2263,135
2264,135
2265,135
2266,135
2267,135
2268,135
2269,135
2270,135
2271,135
2272,135
2273,135
2274,135
2275,135
2276,135
2277,135
2278,135
2279,135
2280,135
2281,135
2282,135
2283,135
2284,135
2285,135
2286,135
2287,135
2288,135
2289,135
2290,135
2291,135
2292,135
2293,135
2294,135
2295,135
2296,135
2297,135
2298,135
2299,135
2300,135
2301,135
2302,135
2303,135
2304,135
2305,135
2306,135
2307,135
2308,135
2309,135
2310,135
2311,135
2312,135
2313,135
2314,135
2315,135
2316,135
2317,135
2318,135
2319,135
2320,135
2321,135
2322,135
2323,135
2324,135
2325,135
2326,135
2327,135
2328,135
2329,135
2330,135
2331,135
2332,135
2333,135
2334,135
2335,135
2336,135
2337,135
2338,135
2339,135
2340,135
2341,135
2342,135
2343,135
2344,135
2345,135
2346,135
2347,135
2348,135
2349,135
2350,135
2351,135
2352,135
2353,135
2354,135
2355,135
2356,135
2357,135
2358,135
2359,135
2360,135
2361,135
2362,135
2363,135
2364,135
2365,135
2366,135
2367,135
2368,135
2369,135
2370,135
2371,135
2372,135
2373,135
2374,135
2375,135
2376,135
2377,135
2378,135
2379,135
2380,135
2381,135
2382,135
2383,135
2384,135
2385,135
2386,135
2387,135
2388,135
2389,135
2390,135
2391,135
2392,135
2393,135
2394,135
2395,135
2396,135
2397,135
2398,135
2399,135
2400,135
2401,135
2402,135
2403,135
2404,135
2405,135
2406,135
2407,135
2408,135
2409,135
2410,135
2411,135
2412,135
2413,135
2414,135
2415,135
2416,135
2417,135
2418,135
2419,135
2420,135
2421,135
2422,135
2423,135
2424,135
2425,135
2426,135
2427,135
2428,135
2429,135
2430,135
2431,135
2432,135
2433,135
2434,135
2435,135
2436,135
2437,135
2438,135
2439,135
2440,135
2441,135
2442,135
2443,135
2444,135
2445,135
2446,135
2447,135
2448,135
2449,135
2450,135
2451,135
2452,135
2453,135
2454,135
2455,135
2456,135
2457,135
2458,135
2459,135
2460,135
2461,135
2462,135
2463,135
2464,135
2465,135
2466,135
2467,135
2468,135
2469,135
2470,135
2471,135
2472,135
2473,135
2474,135
2475,135
2476,135
2477,135
2478,135
2479,135
2480,135
2481,135
2482,135
2483,135
2484,135
2485,135
2486,135
2487,135
2488,135
2489,135
2490,135
2491,135
2492,135
2493,135
2494,135
2495,135
2496,135
2497,135
2498,135
2499,135
2500,135
2501,135
2502,135
2503,135
2504,135
2505,135
2506,135
2507,135
2508,135
2509,135
2510,135
2511,135
2512,135
2513,135
2514,135
2515,135
2516,135
2517,135
2518,135
2519,135
2520,135
2521,135
2522,135
2523,135
2524,135
2525,135
2526,135
2527,135
2528,135
2529,135
2530,135
2531,135
2532,135
2533,135
2534,135
2535,135
2536,135
2537,135
2538,135
2539,135
2540,135
2541,135
2542,135
2543,135
2544,135
2545,135
2546,135
2547,135
2548,135
2549,135
2550,135
2551,135
2552,135
2553,135
2554,135
2555,135
2556,135
2557,135
2558,135
2559,135
2560,135
2561,135
2562,135
2563,135
2564,135
2565,135
2566,135
2567,135
2568,135
2569,135
2570,135
2571,135
2572,135
2573,135
2574,135
2575,135
2576,135
2577,135
2578,135
2579,135
2580,135
2581,135
2582,135
2583,135
2584,135
2585,135
2586,135
2587,135
2588,135
2589,135
2590,135
2591,135
2592,135
2593,135
2594,135
2595,135
2596,135
2597,135
2598,135
2599,135
2600,135
2601,135
2602,135
2603,135
2604,135
2605,135
2606,135
2607,135
2608,135
2609,135
2610,135
2611,135
2612,135
2613,135
2614,135
2615,135
2616,135
2617,135
2618,135
2619,135
2620,135
2621,135
2622,135
2623,135
2624,135
2625,135
2626,135
2627,135
2628,135
2629,135
2630,135
2631,135
2632,135
2633,135
2634,135
2635,135
2636,135
2637,135
2638,135
2639,135
2640,135
2641,135
2642,135
2643,135
2644,135
2645,135
2646,135
2647,135
2648,135
2649,135
2650,135
2651,135
2652,135
2653,135
2654,135
2655,135
2656,135
2657,135
2658,135
2659,135
2660,135
2661,135
2662,135
2663,135
2664,135
2665,135
2666,135
2667,135
2668,135
2669,135
2670,135
2671,135
2672,135
2673,135
2674,135
2675,135
2676,135
2677,135
2678,135
2679,135
2680,135
2681,135
2682,135
2683,135
2684,135
2685,135
2686,135
2687,135
2688,135
2689,135
2690,135
2691,135
2692,135
2693,135
2694,135
2695,135
2696,135
2697,135
2698,135
2699,135
2700,135
2701,135
2702,135
2703,135
2704,135
2705,135
2706,135
2707,135
2708,135
2709,135
2710,135
2711,135
2712,135
2713,135
2714,135
2715,135
2716,135
2717,135
2718,135
2719,135
2720,135
2721,135
2722,135
2723,135
2724,135
2725,135
2726,135
2727,135
2728,135
2729,135
2730,135
2731,135
2732,135
2733,135
2734,135
2735,135
2736,135
2737,135
2738,135
2739,135
2740,135
2741,135
2742,135
2743,135
2744,135
2745,135
2746,135
2747,135
2748,135
2749,135
2750,135
2751,135
2752,135
2753,135
2754,135
2755,135
2756,135
2757,135
2758,135
2759,135
2760,135
2761,135
2762,135
2763,135
2764,135
2765,135
2766,135
2767,135
2768,135
2769,135
2770,135
2771,135
2772,135
2773,135
2774,136
2775,137
2776,137
2777,138
2778,138
2779,138
2780,138
2781,138
2782,138
2783,138
2784,138
2785,138
2786,138
2787,138
2788,138
2789,138
2790,138
2791,138
2792,138
2793,138
2794,138
2795,138
2796,138
2797,138
2798,138
2799,138
2800,138
2801,138
2802,138
2803,138
2804,138
2805,138
2806,138
2807,138
2808,138
2809,138
2810,138
2811,138
2812,138
2813,138
2814,138
2815,138
2816,138
2817,138
2818,138
2819,138
2820,139
2821,139
2822,139
2823,139
2824,139
2825,139
2826,139
2827,139
2828,139
2829,139
2830,139
2831,139
2832,139
2833,139
2834,139
2835,139
2836,139
2837,139
2838,139
2839,139
2840,139
2841,139
2842,139
2843,139
2844,139
2845,139
2846,139
2847,139
2848,139
2849,139
2850,139
2851,139
2852,139
2853,139
2854,139
2855,139
2856,139
2857,139
2858,139
2859,139
2860,139
2861,139
2862,139
2863,139
2864,139
2865,139
2866,139
2867,139
2868,139
2869,139
2870,139
2871,139
2872,139
2873,139
2874,139
2875,139
2876,139
2877,139
2878,139
2879,139
2880,139
2881,139
2882,139
2883,139
2884,139
2885,139
2886,139
2887,139
2888,139
2889,139
2890,139
2891,139
2892,139
2893,139
2894,139
2895,139
2896,139
2897,139
2898,139
2899,139
2900,139
2901,139
2902,139
2903,139
2904,139
2905,139
2906,139
2907,139
2908,139
2909,139
2910,139
2911,139
2912,139
2913,139
2914,139
2915,139
2916,139
2917,139
2918,139
2919,139
2920,139
2921,139
2922,139
2923,139
2924,139
2925,139
2926,139
2927,139
2928,139
2929,139
2930,139
2931,139
2932,139
2933,139
2934,139
2935,139
2936,139
2937,139
2938,139
2939,139
2940,139
2941,139
2942,139
2943,139
2944,139
2945,139
2946,139
2947,139
2948,139
2949,139
2950,139
2951,139
2952,139
2953,139
2954,139
2955,139
2956,139
2957,139
2958,139
2959,139
2960,139
2961,139
2962,139
2963,139
2964,139
2965,139
2966,139
2967,139
2968,139
2969,139
2970,139
2971,139
2972,139
2973,139
2974,139
2975,139
2976,139
2977,139
2978,139
2979,139
2980,139
2981,139
2982,139
2983,139
2984,139
2985,139
2986,139
2987,139
2988,139
2989,139
2990,139
2991,139
2992,139
2993,139
2994,139
2995,139
2996,139
2997,139
2998,139
2999,139
3000,139
3001,139
3002,139
3003,139
3004,139
3005,139
3006,139
3007,139
3008,139
3009,139
3010,139
3011,139
3012,139
3013,139
3014,139
3015,139
3016,139
3017,139
3018,139
3019,139
3020,139
3021,139
3022,139
3023,139
3024,139
3025,139
3026,139
3027,139
3028,139
3029,139
3030,139
3031,139
3032,139
3033,139
3034,139
3035,139
3036,139
3037,139
3038,139
3039,139
3040,139
3041,139
3042,139
3043,139
3044,139
3045,139
3046,139
3047,139
3048,139
3049,139
3050,139
3051,139
3052,139
3053,139
3054,139
3055,139
3056,139
3057,139
3058,139
3059,139
3060,139
3061,139
3062,139
3063,139
3064,139
3065,139
3066,139
3067,139
3068,139
3069,139
3070,139
3071,139
3072,139
3073,139
3074,139
3075,139
3076,139
3077,139
3078,139
3079,139
3080,139
3081,139
3082,139
3083,139
3084,139
3085,139
3086,139
3087,139
3088,139
3089,139
3090,139
3091,139
3092,139
3093,139
3094,139
3095,139
3096,139
3097,139
3098,139
3099,139
3100,139
3101,139
3102,139
3103,139
3104,139
3105,139
3106,139
3107,140
3108,140
3109,140
3110,140
3111,140
3112,140
3113,140
3114,140
3115,140
3116,140
3117,140
3118,140
3119,140
3120,140
3121,140
3122,140
3123,140
3124,140
3125,140
3126,140
3127,140
3128,140
3129,140
3130,140
3131,140
3132,140
3133,140
3134,140
3135,140
3136,140
3137,140
3138,140
3139,140
3140,140
3141,140
3142,140
3143,140
3144,140
3145,140
3146,140
3147,140
3148,140
3149,140
3150,140
3151,140
3152,140
3153,140
3154,140
3155,140
3156,140
3157,140
3158,140
3159,140
3160,140
3161,140
3162,140
3163,140
3164,140
3165,140
3166,140
3167,140
3168,140
3169,140
3170,140
3171,140
3172,140
3173,140
3174,140
3175,140
3176,140
3177,140
3178,140
3179,140
3180,140
3181,140
3182,140
3183,140
3184,140
3185,140
3186,140
3187,140
3188,140
3189,140
3190,140
3191,140
3192,140
3193,140
3194,140
3195,140
3196,140
3197,140
3198,140
3199,140
3200,140
3201,140
3202,140
3203,140
3204,140
3205,140
3206,140
3207,140
3208,140
3209,140
3210,140
3211,140
3212,140
3213,140
3214,140
3215,140
3216,140
3217,140
3218,140
3219,140
3220,140
3221,140
3222,140
3223,140
3224,140
3225,140
3226,140
3227,140
3228,140
3229,140
3230,140
3231,140
3232,140
3233,140
3234,140
3235,140
3236,140
3237,140
3238,140
3239,140
3240,140
3241,140
3242,140
3243,140
3244,140
3245,140
3246,140
3247,140
3248,140
3249,140
3250,140
3251,140
3252,140
3253,140
3254,140
3255,140
3256,140
3257,140
3258,140
3259,140
3260,140
3261,140
3262,140
3263,140
3264,140
3265,140
3266,140
3267,140
3268,140
3269,140
3270,140
3271,140
3272,140
3273,140
3274,140
3275,140
3276,140
3277,140
3278,140
3279,140
3280,140
3281,140
3282,140
3283,140
3284,140
3285,140
3286,140
3287,140
3288,140
3289,140
3290,140
3291,140
3292,140
3293,140
3294,140
3295,140
3296,140
3297,140
3298,140
3299,140
3300,140
3301,140
3302,140
3303,140
3304,140
3305,140
3306,140
3307,140
3308,140
3309,140
3310,140
3311,140
3312,140
3313,140
3314,140
3315,140
3316,140
3317,140
3318,140
3319,140
3320,140
3321,140
3322,140
3323,140
3324,140
3325,140
3326,140
3327,140
3328,140
3329,140
3330,140
3331,140
3332,140
3333,140
3334,140
3335,140
3336,140
3337,140
3338,140
3339,140
3340,140
3341,140
3342,140
3343,140
3344,140
3345,140
3346,140
3347,140
3348,140
3349,140
3350,140
3351,140
3352,140
3353,140
3354,140
3355,140
3356,140
3357,140
3358,140
3359,140
3360,140
3361,140
3362,140
3363,140
3364,140
3365,140
3366,140
3367,140
3368,140
3369,140
3370,140
3371,140
3372,140
3373,140
3374,140
3375,140
3376,140
3377,140
3378,140
3379,140
3380,140
3381,140
3382,140
3383,140
3384,140
3385,140
3386,140
3387,140
3388,140
3389,140
3390,140
3391,140
3392,140
3393,140
3394,140
3395,140
3396,140
3397,140
3398,140
3399,140
3400,140
3401,140
3402,140
3403,140
3404,140
3405,140
3406,140
3407,140
3408,140
3409,140
3410,140
3411,140
3412,140
3413,140
3414,140
3415,140
3416,140
3417,140
3418,140
3419,140
3420,140
3421,140
3422,140
3423,140
3424,140
3425,140
3426,140
3427,140
3428,140
3429,140
3430,140
3431,140
3432,140
3433,140
3434,140
3435,140
3436,140
3437,140
3438,140
3439,140
3440,140
3441,140
3442,140
3443,140
3444,140
3445,140
3446,140
3447,140
3448,140
3449,140
3450,140
3451,140
3452,140
3453,140
3454,140
3455,140
3456,140
3457,140
3458,140
3459,140
3460,140
3461,140
3462,140
3463,140
3464,140
3465,140
3466,140
3467,140
3468,140
3469,140
3470,140
3471,140
3472,140
3473,140
3474,140
3475,140
3476,140
3477,140
3478,140
3479,140
3480,140
3481,140
3482,140
3483,140
3484,140
3485,140
3486,140
3487,140
3488,140
3489,140
3490,140
3491,140
3492,140
3493,140
3494,140
3495,140
3496,140
3497,140
3498,140
3499,140
3500,140
3501,140
3502,140
3503,140
3504,140
3505,140
3506,140
3507,140
3508,140
3509,140
3510,140
3511,140
3512,140
3513,140
3514,140
3515,140
3516,140
3517,140
3518,140
3519,140
3520,140
3521,140
3522,140
3523,140
3524,140
3525,140
3526,140
3527,140
3528,140
3529,140
3530,140
3531,140
3532,140
3533,140
3534,140
3535,140
3536,140
3537,140
3538,140
3539,140
3540,140
3541,140
3542,140
3543,140
3544,140
3545,140
3546,140
3547,140
3548,140
3549,140
3550,140
3551,140
3552,140
3553,140
3554,140
3555,140
3556,140
3557,140
3558,140
3559,140
3560,140
3561,140
3562,140
3563,140
3564,140
3565,140
3566,140
3567,140
3568,140
3569,140
3570,140
3571,140
3572,140
3573,140
3574,140
3575,140
3576,140
3577,140
3578,140
3579,140
3580,140
3581,140
3582,140
3583,140
3584,140
3585,140
3586,140
3587,140
3588,140
3589,140
3590,140
3591,140
3592,140
3593,140
3594,140
3595,140
3596,140
3597,140
3598,140
3599,140
3600,140
3601,140
3602,140
3603,140
3604,140
3605,140
3606,140
3607,140
3608,140
3609,140
3610,140
3611,140
3612,140
3613,140
3614,140
3615,140
3616,140
3617,140
3618,140
3619,140
3620,140
3621,140
3622,140
3623,140
3624,140
3625,140
3626,140
3627,140
3628,140
3629,140
3630,140
3631,140
3632,140
3633,140
3634,140
3635,140
3636,140
3637,140
3638,140
3639,140
3640,140
3641,140
3642,140
3643,140
3644,140
3645,140
3646,140
3647,140
3648,140
3649,140
3650,140
3651,140
3652,140
3653,140
3654,140
3655,140
3656,140
3657,140
3658,140
3659,140
3660,140
3661,140
3662,140
3663,140
3664,140
3665,140
3666,140
3667,140
3668,140
3669,140
3670,140
3671,140
3672,140
3673,140
3674,140
3675,140
3676,140
3677,140
3678,140
3679,140
3680,140
3681,140
3682,140
3683,140
3684,140
3685,140
3686,140
3687,140
3688,140
3689,140
3690,140
3691,140
3692,140
3693,140
3694,140
3695,140
3696,140
3697,140
3698,140
3699,140
3700,140
3701,140
3702,140
3703,140
3704,140
3705,140
3706,140
3707,140
3708,140
3709,140
3710,140
3711,140
3712,140
3713,140
3714,140
3715,140
3716,140
3717,140
3718,140
3719,140
3720,140
3721,140
3722,140
3723,140
3724,140
3725,140
3726,140
3727,140
3728,140
3729,140
3730,140
3731,140
3732,140
3733,140
3734,140
3735,140
3736,140
3737,140
3738,140
3739,140
3740,140
3741,140
3742,140
3743,140
3744,140
3745,140
3746,140
3747,140
3748,140
3749,140
3750,140
3751,140
3752,140
3753,140
3754,140
3755,140
3756,140
3757,140
3758,140
3759,140
3760,140
3761,140
3762,140
3763,140
3764,140
3765,140
3766,140
3767,140
3768,140
3769,140
3770,140
3771,140
3772,140
3773,140
3774,140
3775,140
3776,140
3777,140
3778,140
3779,140
3780,140
3781,140
3782,140
3783,140
3784,140
3785,140
3786,140
3787,140
3788,140
3789,140
3790,140
3791,140
3792,140
3793,140
3794,140
3795,140
3796,140
3797,140
3798,140
3799,140
3800,140
3801,140
3802,140
3803,140
3804,140
3805,140
3806,140
3807,140
3808,140
3809,140
3810,140
3811,140
3812,140
3813,140
3814,140
3815,140
3816,140
3817,140
3818,140
3819,140
3820,140
3821,140
3822,140
3823,140
3824,140
3825,140
3826,140
3827,140
3828,140
3829,140
3830,140
3831,140
3832,140
3833,140
3834,140
3835,140
3836,140
3837,140
3838,140
3839,140
3840,140
3841,140
3842,140
3843,140
3844,140
3845,140
3846,140
3847,140
3848,140
3849,140
3850,140
3851,140
3852,140
3853,140
3854,140
3855,140
3856,140
3857,140
3858,140
3859,140
3860,140
3861,140
3862,140
3863,140
3864,140
3865,140
3866,140
3867,140
3868,140
3869,140
3870,140
3871,140
3872,140
3873,140
3874,140
3875,140
3876,140
3877,140
3878,140
3879,140
3880,140
3881,140
3882,140
3883,140
3884,140
3885,140
3886,140
3887,140
3888,140
3889,140
3890,140
3891,140
3892,140
3893,140
3894,140
3895,140
3896,140
3897,140
3898,140
3899,140
3900,140
3901,140
3902,140
3903,140
3904,140
3905,140
3906,140
3907,140
3908,140
3909,140
3910,140
3911,140
3912,140
3913,140
3914,140
3915,140
3916,140
3917,140
3918,140
3919,140
3920,140
3921,140
3922,140
3923,140
3924,140
3925,140
3926,140
3927,140
3928,140
3929,140
3930,140
3931,140
3932,140
3933,140
3934,140
3935,140
3936,140
3937,140
3938,140
3939,140
3940,140
3941,140
3942,140
3943,140
3944,140
3945,140
3946,140
3947,140
3948,140
3949,140
3950,140
3951,140
3952,140
3953,140
3954,140
3955,140
3956,140
3957,140
3958,140
3959,140
3960,140
3961,140
3962,140
3963,140
3964,140
3965,140
3966,140
3967,140
3968,140
3969,140
3970,140
3971,140
3972,140
3973,140
3974,140
3975,140
3976,140
3977,140
3978,140
3979,140
3980,140
3981,140
3982,140
3983,140
3984,140
3985,140
3986,140
3987,140
3988,140
3989,140
3990,140
3991,140
3992,140
3993,140
3994,140
3995,140
3996,140
3997,140
3998,140
3999,140
4000,140
4001,140
4002,140
4003,140
4004,140
4005,140
4006,140
4007,140
4008,140
4009,140
4010,140
4011,140
4012,140
4013,140
4014,140
4015,140
4016,140
4017,140
4018,140
4019,140
4020,140
4021,140
4022,140
4023,140
4024,140
4025,140
4026,140
4027,140
4028,140
4029,140
4030,140
4031,140
4032,140
4033,140
4034,140
4035,140
4036,140
4037,140
4038,140
4039,140
4040,140
4041,140
4042,140
4043,140
4044,140
4045,140
4046,140
4047,140
4048,140
4049,140
4050,140
4051,140
4052,140
4053,140
4054,140
4055,140
4056,140
4057,140
4058,140
4059,140
4060,140
4061,140
4062,140
4063,140
4064,140
4065,140
4066,140
4067,140
4068,140
4069,140
4070,140
4071,140
4072,140
4073,140
4074,140
4075,140
4076,140
4077,140
4078,140
4079,140
4080,140
4081,140
4082,140
4083,140
4084,140
4085,140
4086,140
4087,140
4088,140
4089,140
4090,140
4091,140
4092,140
4093,140
4094,140
4095,140
4096,140
4097,140
4098,140
4099,140
4100,140
4101,140
4102,140
4103,140
4104,140
4105,140
4106,140
4107,140
4108,140
4109,140
4110,140
4111,140
4112,140
4113,140
4114,140
4115,140
4116,140
4117,140
4118,140
4119,140
4120,140
4121,140
4122,140
4123,140
4124,140
4125,140
4126,140
4127,140
4128,140
4129,140
4130,140
4131,140
4132,140
4133,140
4134,140
4135,140
4136,140
4137,140
4138,140
4139,140
4140,140
4141,140
4142,140
4143,140
4144,140
4145,140
4146,140
4147,140
4148,140
4149,140
4150,140
4151,140
4152,140
4153,140
4154,140
4155,140
4156,140
4157,140
4158,140
4159,140
4160,140
4161,140
4162,140
4163,140
4164,140
4165,140
4166,140
4167,140
4168,140
4169,140
4170,140
4171,140
4172,140
4173,140
4174,140
4175,140
4176,140
4177,140
4178,140
4179,140
4180,140
4181,140
4182,140
4183,140
4184,140
4185,140
4186,140
4187,140
4188,140
4189,140
4190,140
4191,140
4192,140
4193,140
4194,140
4195,140
4196,140
4197,140
4198,140
4199,140
4200,140
4201,140
4202,140
4203,140
4204,140
4205,140
4206,140
4207,140
4208,140
4209,140
4210,140
4211,140
4212,140
4213,140
4214,140
4215,140
4216,140
4217,140
4218,140
4219,140
4220,140
4221,140
4222,140
4223,140
4224,140
4225,140
4226,140
4227,140
4228,140
4229,140
4230,140
4231,140
4232,140
4233,140
4234,140
4235,140
4236,140
4237,140
4238,140
4239,140
4240,140
4241,140
4242,140
4243,140
4244,140
4245,140
4246,140
4247,140
4248,140
4249,140
4250,140
4251,140
4252,140
4253,140
4254,140
4255,140
4256,140
4257,140
4258,140
4259,140
4260,140
4261,140
4262,140
4263,140
4264,140
4265,140
4266,140
4267,140
4268,140
4269,140
4270,140
4271,140
4272,140
4273,140
4274,140
4275,140
4276,140
4277,140
4278,140
4279,140
4280,140
4281,140
4282,140
4283,140
4284,140
4285,140
4286,140
4287,140
4288,140
4289,140
4290,140
4291,140
4292,140
4293,140
4294,140
4295,140
4296,140
4297,140
4298,140
4299,140
4300,140
4301,140
4302,140
4303,140
4304,140
4305,140
4306,140
4307,140
4308,140
4309,140
4310,140
4311,140
4312,140
4313,140
4314,140
4315,140
4316,140
4317,140
4318,140
4319,140
4320,140
4321,140
4322,140
4323,140
4324,140
4325,140
4326,140
4327,140
4328,140
4329,140
4330,140
4331,140
4332,140
4333,140
4334,140
4335,140
4336,140
4337,140
4338,140
4339,140
4340,140
4341,140
4342,140
4343,140
4344,140
4345,140
4346,140
4347,140
4348,140
4349,140
4350,140
4351,140
4352,140
4353,140
4354,140
4355,140
4356,140
4357,140
4358,140
4359,140
4360,140
4361,140
4362,140
4363,140
4364,140
4365,140
4366,140
4367,140
4368,140
4369,140
4370,140
4371,140
4372,140
4373,140
4374,140
4375,140
4376,140
4377,140
4378,140
4379,140
4380,140
4381,140
4382,140
4383,140
4384,140
4385,140
4386,140
4387,140
4388,140
4389,140
4390,140
4391,140
4392,140
4393,140
4394,140
4395,140
4396,140
4397,140
4398,140
4399,140
4400,140
4401,140
4402,141
4403,141
4404,141
4405,141
4406,141
4407,141
4408,141
4409,141
4410,141
4411,141
4412,141
4413,141
4414,141
4415,141
4416,141
4417,141
4418,141
4419,141
4420,141
4421,141
4422,141
4423,141
4424,141
4425,141
4426,141
4427,141
4428,141
4429,141
4430,141
4431,141
4432,141
4433,141
4434,141
4435,141
4436,141
4437,141
4438,141
4439,141
4440,141
4441,141
4442,141
4443,141
4444,141
4445,141
4446,141
4447,141
4448,141
4449,141
4450,141
4451,141
4452,141
4453,141
4454,141
4455,141
4456,141
4457,141
4458,141
4459,141
4460,141
4461,141
4462,141
4463,141
4464,141
4465,141
4466,141
4467,141
4468,141
4469,141
4470,141
4471,141
4472,141
4473,141
4474,141
4475,141
4476,141
4477,141
4478,141
4479,141
4480,141
4481,141
4482,141
4483,141
4484,141
4485,141
4486,141
4487,141
4488,141
4489,141
4490,141
4491,141
4492,141
4493,141
4494,141
4495,141
4496,141
4497,141
4498,141
4499,141
4500,141
4501,141
4502,141
4503,141
4504,141
4505,141
4506,141
4507,141
4508,141
4509,141
4510,141
4511,141
4512,141
4513,141
4514,141
4515,141
4516,141
4517,141
4518,141
4519,141
4520,141
4521,141
4522,141
4523,141
4524,141
4525,141
4526,141
4527,141
4528,141
4529,141
4530,141
4531,141
4532,141
4533,141
4534,141
4535,141
4536,141
4537,141
4538,141
4539,141
4540,141
4541,141
4542,141
4543,141
4544,141
4545,141
4546,141
4547,141
4548,141
4549,141
4550,141
4551,141
4552,141
4553,141
4554,141
4555,141
4556,141
4557,141
4558,141
4559,141
4560,141
4561,141
4562,141
4563,141
4564,141
4565,141
4566,141
4567,141
4568,141
4569,141
4570,141
4571,141
4572,141
4573,141
4574,141
4575,141
4576,141
4577,141
4578,141
4579,141
4580,141
4581,141
4582,141
4583,141
4584,141
4585,141
4586,141
4587,141
4588,141
4589,141
4590,141
4591,141
4592,141
4593,141
4594,141
4595,141
4596,141
4597,141
4598,141
4599,141
4600,141
4601,141
4602,141
4603,141
4604,141
4605,141
4606,141
4607,141
4608,141
4609,141
4610,141
4611,141
4612,141
4613,141
4614,141
4615,141
4616,141
4617,141
4618,141
4619,141
4620,141
4621,141
4622,141
4623,141
4624,141
4625,141
4626,141
4627,141
4628,141
4629,141
4630,141
4631,141
4632,141
4633,141
4634,141
4635,141
4636,141
4637,141
4638,141
4639,141
4640,141
4641,141
4642,141
4643,141
4644,141
4645,141
4646,141
4647,141
4648,141
4649,141
4650,141
4651,141
4652,141
4653,141
4654,141
4655,141
4656,141
4657,141
4658,141
4659,141
4660,141
4661,141
4662,141
4663,141
4664,141
4665,141
4666,141
4667,141
4668,141
4669,141
4670,141
4671,141
4672,141
4673,141
4674,141
4675,141
4676,141
4677,141
4678,141
4679,141
4680,141
4681,141
4682,141
4683,141
4684,141
4685,141
4686,141
4687,141
4688,141
4689,141
4690,141
4691,141
4692,141
4693,141
4694,141
4695,141
4696,141
4697,141
4698,141
4699,141
4700,141
4701,141
4702,141
4703,141
4704,141
4705,141
4706,141
4707,141
4708,141
4709,141
4710,141
4711,141
4712,141
4713,141
4714,141
4715,141
4716,141
4717,141
4718,141
4719,141
4720,141
4721,141
4722,141
4723,141
4724,141
4725,141
4726,141
4727,141
4728,141
4729,141
4730,141
4731,141
4732,141
4733,141
4734,141
4735,141
4736,141
4737,141
4738,141
4739,141
4740,141
4741,141
4742,141
4743,141
4744,141
4745,141
4746,141
4747,141
4748,141
4749,141
4750,141
4751,141
4752,141
4753,141
4754,141
4755,141
4756,141
4757,141
4758,141
4759,141
4760,141
4761,141
4762,141
4763,141
4764,141
4765,141
4766,141
4767,141
4768,141
4769,141
4770,141
4771,141
4772,141
4773,141
4774,141
4775,141
4776,141
4777,141
4778,141
4779,141
4780,141
4781,141
4782,141
4783,141
4784,141
4785,141
4786,141
4787,141
4788,141
4789,141
4790,141
4791,141
4792,141
4793,141
4794,141
4795,141
4796,141
4797,141
4798,141
4799,141
4800,141
4801,141
4802,141
4803,141
4804,141
4805,141
4806,141
4807,141
4808,141
4809,141
4810,141
4811,141
4812,141
4813,141
4814,141
4815,141
4816,141
4817,141
4818,141
4819,141
4820,141
4821,141
4822,141
4823,141
4824,141
4825,141
4826,141
4827,141
4828,141
4829,141
4830,141
4831,141
4832,141
4833,141
4834,141
4835,141
4836,141
4837,141
4838,141
4839,141
4840,141
4841,141
4842,141
4843,141
4844,141
4845,141
4846,141
4847,141
4848,141
4849,141
4850,141
4851,141
4852,141
4853,141
4854,141
4855,141
4856,141
4857,141
4858,141
4859,141
4860,141
4861,141
4862,141
4863,141
4864,141
4865,141
4866,141
4867,141
4868,141
4869,141
4870,141
4871,141
4872,141
4873,141
4874,141
4875,141
4876,141
4877,141
4878,141
4879,141
4880,141
4881,141
4882,141
4883,141
4884,141
4885,141
4886,141
4887,141
4888,141
4889,141
4890,141
4891,141
4892,141
4893,141
4894,141
4895,141
4896,141
4897,141
4898,141
4899,141
4900,141
4901,141
4902,141
4903,141
4904,141
4905,141
4906,141
4907,141
4908,141
4909,141
4910,141
4911,141
4912,141
4913,141
4914,141
4915,141
4916,141
4917,141
4918,141
4919,141
4920,141
4921,141
4922,141
4923,141
4924,141
4925,141
4926,141
4927,141
4928,141
4929,141
4930,141
4931,141
4932,141
4933,141
4934,141
4935,141
4936,141
4937,141
4938,141
4939,141
4940,141
4941,141
4942,141
4943,141
4944,141
4945,141
4946,141
4947,141
4948,141
4949,141
4950,141
4951,141
4952,141
4953,141
4954,141
4955,141
4956,141
4957,141
4958,141
4959,141
4960,141
4961,141
4962,141
4963,141
4964,141
4965,141
4966,141
4967,141
4968,141
4969,141
4970,141
4971,141
4972,141
4973,141
4974,141
4975,141
4976,141
4977,141
4978,141
4979,141
4980,141
4981,141
4982,141
4983,141
4984,141
4985,141
4986,141
4987,141
4988,141
4989,141
4990,141
4991,141
4992,141
4993,141
4994,141
4995,141
4996,141
4997,141
4998,141
4999,141
5000,141
5001,141
5002,141
5003,141
5004,141
5005,141
5006,141
5007,141
5008,141
5009,141
5010,141
5011,141
5012,141
5013,141
5014,141
5015,141
5016,141
5017,141
5018,141
5019,141
5020,141
5021,141
5022,141
5023,141
5024,141
5025,141
5026,141
5027,141
5028,141
5029,141
5030,141
5031,141
5032,141
5033,141
5034,141
5035,141
5036,141
5037,141
5038,141
5039,141
5040,141
5041,141
5042,141
5043,141
5044,141
5045,141
5046,141
5047,141
5048,141
5049,141
5050,141
5051,141
5052,141
5053,141
5054,141
5055,141
5056,141
5057,141
5058,141
5059,141
5060,141
5061,141
5062,141
5063,141
5064,141
5065,141
5066,141
5067,141
5068,141
5069,141
5070,141
5071,141
5072,141
5073,141
5074,141
5075,141
5076,141
5077,141
5078,141
5079,141
5080,141
5081,141
5082,141
5083,141
5084,141
5085,141
5086,141
5087,141
5088,141
5089,141
5090,141
5091,141
5092,141
5093,141
5094,141
5095,141
5096,141
5097,141
5098,141
5099,141
5100,141
5101,141
5102,141
5103,141
5104,141
5105,141
5106,141
5107,141
5108,141
5109,141
5110,141
5111,141
5112,141
5113,141
5114,141
5115,141
5116,141
5117,141
5118,141
5119,141
5120,141
5121,141
5122,141
5123,141
5124,141
5125,141
5126,141
5127,141
5128,141
5129,141
5130,141
5131,141
5132,141
5133,141
5134,141
5135,141
5136,141
5137,141
5138,141
5139,141
5140,141
5141,141
5142,141
5143,141
5144,141
5145,141
5146,141
5147,141
5148,141
5149,141
5150,141
5151,141
5152,141
5153,141
5154,141
5155,141
5156,141
5157,141
5158,141
5159,141
5160,141
5161,141
5162,141
5163,141
5164,141
5165,141
5166,141
5167,141
5168,141
5169,141
5170,141
5171,141
5172,141
5173,141
5174,141
5175,141
5176,141
5177,141
5178,141
5179,141
5180,141
5181,141
5182,141
5183,141
5184,141
5185,141
5186,141
5187,141
5188,141
5189,141
5190,141
5191,141
5192,141
5193,141
5194,141
5195,141
5196,141
5197,141
5198,141
5199,141
5200,141
5201,141
5202,141
5203,141
5204,141
5205,141
5206,141
5207,141
5208,141
5209,141
5210,141
5211,141
5212,141
5213,141
5214,141
5215,141
5216,141
5217,141
5218,141
5219,141
5220,141
5221,141
5222,141
5223,141
5224,141
5225,141
5226,141
5227,141
5228,141
5229,141
5230,141
5231,141
5232,141
5233,141
5234,141
5235,141
5236,141
5237,141
5238,141
5239,141
5240,141
5241,141
5242,141
5243,141
5244,141
5245,141
5246,141
5247,141
5248,141
5249,141
5250,141
5251,141
5252,141
5253,141
5254,141
5255,141
5256,141
5257,141
5258,141
5259,141
5260,141
5261,141
5262,141
5263,141
5264,141
5265,141
5266,141
5267,141
5268,141
5269,141
5270,141
5271,141
5272,141
5273,141
5274,141
5275,141
5276,141
5277,141
5278,141
5279,141
5280,141
5281,141
5282,141
5283,141
5284,141
5285,141
5286,141
5287,141
5288,141
5289,141
5290,141
5291,141
5292,141
5293,141
5294,141
5295,141
5296,141
5297,141
5298,141
5299,141
5300,141
5301,141
5302,141
5303,141
5304,141
5305,141
5306,141
5307,141
5308,141
5309,141
5310,141
5311,141
5312,141
5313,141
5314,141
5315,141
5316,141
5317,141
5318,141
5319,141
5320,141
5321,141
5322,141
5323,141
5324,141
5325,141
5326,141
5327,141
5328,141
5329,141
5330,141
5331,141
5332,141
5333,141
5334,141
5335,141
5336,141
5337,141
5338,141
5339,141
5340,141
5341,141
5342,141
5343,141
5344,141
5345,141
5346,141
5347,141
5348,141
5349,141
5350,141
5351,141
5352,141
5353,141
5354,141
5355,141
5356,141
5357,141
5358,141
5359,141
5360,141
5361,141
5362,141
5363,141
5364,141
5365,141
5366,141
5367,141
5368,141
5369,141
5370,141
5371,141
5372,141
5373,141
5374,141
5375,141
5376,141
5377,141
5378,141
5379,141
5380,141
5381,141
5382,141
5383,141
5384,141
5385,141
5386,141
5387,141
5388,141
5389,141
5390,141
5391,141
5392,141
5393,141
5394,141
5395,141
5396,141
5397,141
5398,141
5399,141
5400,141
5401,141
5402,141
5403,141
5404,141
5405,141
5406,141
5407,141
5408,141
5409,141
5410,141
5411,141
5412,141
5413,141
5414,141
5415,141
5416,141
5417,141
5418,141
5419,141
5420,141
5421,141
5422,141
5423,141
5424,141
5425,141
5426,141
5427,141
5428,141
5429,141
5430,141
5431,141
5432,141
5433,141
5434,141
5435,141
5436,141
5437,141
5438,141
5439,141
5440,141
5441,141
5442,141
5443,141
5444,141
5445,141
5446,141
5447,141
5448,141
5449,141
5450,141
5451,141
5452,141
5453,141
5454,141
5455,141
5456,141
5457,141
5458,141
5459,141
5460,141
5461,141
5462,141
5463,141
5464,141
5465,141
5466,141
5467,141
5468,141
5469,141
5470,141
5471,141
5472,141
5473,141
5474,141
5475,141
5476,141
5477,141
5478,141
5479,141
5480,141
5481,141
5482,141
5483,141
5484,141
5485,141
5486,141
5487,141
5488,141
5489,141
5490,141
5491,141
5492,141
5493,141
5494,141
5495,141
5496,141
5497,141
5498,141
5499,141
5500,141
5501,141
5502,141
5503,141
5504,141
5505,141
5506,141
5507,141
5508,141
5509,141
5510,141
5511,141
5512,141
5513,141
5514,141
5515,141
5516,141
5517,141
5518,141
5519,141
5520,141
5521,141
5522,141
5523,141
5524,141
5525,141
5526,141
5527,141
5528,141
5529,141
5530,141
5531,141
5532,141
5533,141
5534,141
5535,141
5536,141
5537,141
5538,141
5539,141
5540,141
5541,141
5542,141
5543,141
5544,141
5545,141
5546,141
5547,141
5548,141
5549,141
5550,141
5551,141
5552,141
5553,141
5554,141
5555,141
5556,141
5557,141
5558,141
5559,141
5560,141
5561,141
5562,141
5563,141
5564,141
5565,141
5566,141
5567,141
5568,141
5569,141
5570,141
5571,141
5572,141
5573,141
5574,141
5575,141
5576,141
5577,141
5578,141
5579,141
5580,141
5581,141
5582,141
5583,141
5584,141
5585,141
5586,141
5587,141
5588,141
5589,141
5590,141
5591,141
5592,141
5593,141
5594,141
5595,141
5596,141
5597,141
5598,141
5599,141
5600,141
5601,141
5602,141
5603,141
5604,141
5605,141
5606,141
5607,141
5608,141
5609,141
5610,141
5611,141
5612,141
5613,141
5614,141
5615,141
5616,141
5617,141
5618,141
5619,141
5620,141
5621,141
5622,141
5623,141
5624,141
5625,141
5626,141
5627,141
5628,141
5629,141
5630,141
5631,141
5632,141
5633,141
5634,141
5635,141
5636,141
5637,141
5638,141
5639,141
5640,141
5641,141
5642,141
5643,141
5644,141
5645,141
5646,141
5647,141
5648,141
5649,141
5650,141
5651,141
5652,141
5653,141
5654,141
5655,141
5656,141
5657,141
5658,141
5659,141
5660,141
5661,141
5662,141
5663,141
5664,141
5665,141
5666,141
5667,141
5668,141
5669,141
5670,141
5671,141
5672,141
5673,141
5674,141
5675,141
5676,141
5677,141
5678,141
5679,141
5680,141
5681,141
5682,141
5683,141
5684,141
5685,141
5686,141
5687,141
5688,141
5689,141
5690,141
5691,141
5692,141
5693,141
5694,141
5695,141
5696,141
5697,141
5698,141
5699,141
5700,141
5701,141
5702,141
5703,141
5704,141
5705,141
5706,141
5707,141
5708,141
5709,141
5710,141
5711,141
5712,141
5713,141
5714,141
5715,141
5716,141
5717,141
5718,141
5719,141
5720,141
5721,141
5722,141
5723,141
5724,141
5725,141
5726,141
5727,141
5728,141
5729,141
5730,141
5731,141
5732,141
5733,141
5734,141
5735,141
5736,141
5737,141
5738,141
5739,141
5740,141
5741,141
5742,141
5743,141
5744,141
5745,141
5746,141
5747,141
5748,141
5749,141
5750,141
5751,141
5752,141
5753,141
5754,141
5755,141
5756,141
5757,141
5758,141
5759,141
5760,141
5761,141
5762,141
5763,141
5764,141
5765,141
5766,141
5767,141
5768,141
5769,141
5770,141
5771,141
5772,141
5773,141
5774,141
5775,141
5776,141
5777,141
5778,141
5779,141
5780,141
5781,141
5782,141
5783,141
5784,141
5785,141
5786,141
5787,141
5788,141
5789,141
5790,141
5791,141
5792,141
5793,141
5794,141
5795,141
5796,141
5797,141
5798,141
5799,141
5800,141
5801,141
5802,141
5803,141
5804,141
5805,141
5806,141
5807,141
5808,141
5809,141
5810,141
5811,141
5812,141
5813,141
5814,141
5815,141
5816,141
5817,141
5818,141
5819,141
5820,141
5821,141
5822,141
5823,141
5824,141
5825,141
5826,141
5827,141
5828,141
5829,141
5830,141
5831,141
5832,141
5833,141
5834,141
5835,141
5836,141
5837,141
5838,141
5839,141
5840,141
5841,141
5842,141
5843,141
5844,141
5845,141
5846,141
5847,141
5848,141
5849,141
5850,141
5851,141
5852,141
5853,141
5854,141
5855,141
5856,141
5857,141
5858,141
5859,141
5860,141
5861,141
5862,141
5863,141
5864,141
5865,141
5866,141
5867,141
5868,141
5869,141
5870,141
5871,141
5872,141
5873,141
5874,141
5875,141
5876,141
5877,141
5878,141
5879,141
5880,141
5881,141
5882,141
5883,141
5884,141
5885,141
5886,141
5887,141
5888,141
5889,141
5890,141
5891,141
5892,141
5893,141
5894,141
5895,141
5896,141
5897,141
5898,141
5899,141
5900,141
5901,141
5902,141
5903,141
5904,141
5905,141
5906,141
5907,141
5908,141
5909,141
5910,141
5911,141
5912,141
5913,141
5914,141
5915,141
5916,141
5917,141
5918,141
5919,141
5920,141
5921,141
5922,141
5923,141
5924,141
5925,141
5926,141
5927,141
5928,141
5929,141
5930,141
5931,141
5932,141
5933,141
5934,141
5935,141
5936,141
5937,141
5938,141
5939,141
5940,141
5941,141
5942,141
5943,141
5944,141
5945,141
5946,141
5947,141
5948,141
5949,141
5950,141
5951,141
5952,141
5953,141
5954,141
5955,141
5956,141
5957,141
5958,141
5959,141
5960,141
5961,141
5962,141
5963,141
5964,141
5965,141
5966,141
5967,141
5968,141
5969,141
5970,141
5971,141
5972,141
5973,141
5974,141
5975,141
5976,141
5977,141
5978,141
5979,141
5980,141
5981,141
5982,141
5983,141
5984,141
5985,141
5986,141
5987,141
5988,141
5989,141
5990,141
5991,141
5992,141
5993,141
5994,141
5995,141
5996,141
5997,141
5998,141
5999,141
6000,141
6001,141
6002,141
6003,141
6004,141
6005,141
6006,141
6007,141
6008,141
6009,141
6010,141
6011,141
6012,141
6013,141
6014,141
6015,141
6016,141
6017,141
6018,141
6019,141
6020,141
6021,141
6022,141
6023,141
6024,141
6025,141
6026,141
6027,141
6028,141
6029,141
6030,141
6031,141
6032,141
6033,141
6034,141
6035,141
6036,141
6037,141
6038,141
6039,141
6040,141
6041,141
6042,141
6043,141
6044,141
6045,141
6046,141
6047,141
6048,141
6049,141
6050,141
6051,141
6052,141
6053,141
6054,141
6055,141
6056,141
6057,141
6058,141
6059,141
6060,141
6061,141
6062,141
6063,141
6064,141
6065,141
6066,141
6067,141
6068,141
6069,141
6070,141
6071,141
6072,141
6073,141
6074,141
6075,141
6076,141
6077,141
6078,141
6079,141
6080,141
6081,141
6082,141
6083,141
6084,141
6085,141
6086,141
6087,141
6088,141
6089,141
6090,141
6091,141
6092,141
6093,141
6094,141
6095,141
6096,141
6097,141
6098,141
6099,141
6100,141
6101,141
6102,141
6103,141
6104,141
6105,141
6106,141
6107,141
6108,141
6109,141
6110,141
6111,141
6112,141
6113,141
6114,141
6115,141
6116,141
6117,141
6118,141
6119,141
6120,141
6121,141
6122,141
6123,141
6124,141
6125,141
6126,141
6127,141
6128,141
6129,141
6130,141
6131,141
6132,141
6133,141
6134,141
6135,141
6136,141
6137,141
6138,141
6139,141
6140,141
6141,141
6142,141
6143,141
6144,141
6145,141
6146,141
6147,141
6148,141
6149,141
6150,141
6151,141
6152,141
6153,141
6154,141
6155,141
6156,141
6157,141
6158,141
6159,141
6160,141
6161,141
6162,141
6163,141
6164,141
6165,141
6166,141
6167,141
6168,141
6169,141
6170,141
6171,141
6172,141
6173,141
6174,141
6175,141
6176,141
6177,141
6178,141
6179,141
6180,141
6181,141
6182,141
6183,141
6184,141
6185,141
6186,141
6187,141
6188,141
6189,141
6190,141
6191,141
6192,141
6193,141
6194,141
6195,141
6196,141
6197,141
6198,141
6199,141
6200,141
6201,141
6202,141
6203,141
6204,141
6205,141
6206,141
6207,141
6208,141
6209,141
6210,141
6211,141
6212,141
6213,141
6214,141
6215,141
6216,141
6217,141
6218,141
6219,141
6220,141
6221,141
6222,141
6223,141
6224,141
6225,141
6226,141
6227,141
6228,141
6229,141
6230,141
6231,141
6232,141
6233,141
6234,141
6235,141
6236,141
6237,141
6238,141
6239,141
6240,141
6241,141
6242,141
6243,141
6244,141
6245,141
6246,141
6247,141
6248,141
6249,141
6250,141
6251,141
6252,141
6253,141
6254,141
6255,141
6256,141
6257,141
6258,141
6259,141
6260,141
6261,141
6262,141
6263,141
6264,141
6265,141
6266,141
6267,141
6268,141
6269,141
6270,141
6271,141
6272,141
6273,141
6274,141
6275,141
6276,141
6277,141
6278,141
6279,141
6280,141
6281,141
6282,141
6283,141
6284,141
6285,141
6286,141
6287,141
6288,141
6289,141
6290,141
6291,141
6292,141
6293,141
6294,141
6295,141
6296,141
6297,141
6298,141
6299,141
6300,141
6301,141
6302,141
6303,141
6304,141
6305,141
6306,141
6307,141
6308,141
6309,141
6310,141
6311,141
6312,141
6313,141
6314,141
6315,141
6316,141
6317,141
6318,141
6319,141
6320,141
6321,141
6322,141
6323,141
6324,141
6325,141
6326,141
6327,141
6328,141
6329,141
6330,141
6331,141
6332,141
6333,141
6334,141
6335,141
6336,141
6337,141
6338,141
6339,141
6340,141
6341,141
6342,141
6343,141
6344,141
6345,141
6346,141
6347,141
6348,141
6349,141
6350,141
6351,141
6352,141
6353,141
6354,141
6355,141
6356,141
6357,141
6358,141
6359,141
6360,141
6361,141
6362,141
6363,141
6364,141
6365,141
6366,141
6367,141
6368,141
6369,141
6370,141
6371,141
6372,141
6373,141
6374,141
6375,141
6376,141
6377,141
6378,141
6379,141
6380,141
6381,141
6382,141
6383,141
6384,141
6385,141
6386,141
6387,141
6388,141
6389,141
6390,141
6391,141
6392,141
6393,141
6394,141
6395,141
6396,141
6397,141
6398,141
6399,141
6400,141
6401,141
6402,141
6403,141
6404,141
6405,141
6406,141
6407,141
6408,141
6409,141
6410,141
6411,141
6412,141
6413,141
6414,141
6415,141
6416,141
6417,141
6418,141
6419,141
6420,141
6421,141
6422,141
6423,141
6424,141
6425,141
6426,141
6427,141
6428,141
6429,141
6430,141
6431,141
6432,141
6433,141
6434,141
6435,141
6436,141
6437,141
6438,141
6439,141
6440,141
6441,141
6442,141
6443,141
6444,141
6445,141
6446,141
6447,141
6448,141
6449,141
6450,141
6451,141
6452,141
6453,141
6454,141
6455,141
6456,141
6457,141
6458,141
6459,141
6460,141
6461,141
6462,141
6463,141
6464,141
6465,141
6466,141
6467,141
6468,141
6469,141
6470,141
6471,141
6472,142
6473,142
6474,142
6475,142
6476,142
6477,142
6478,142
6479,142
6480,142
6481,142
6482,142
6483,142
6484,142
6485,142
6486,142
6487,142
6488,142
6489,142
6490,142
6491,142
6492,142
6493,142
6494,142
6495,142
6496,142
6497,142
6498,142
6499,142
6500,142
6501,142
6502,142
6503,142
6504,142
6505,142
6506,142
6507,142
6508,142
6509,142
6510,142
6511,142
6512,142
6513,142
6514,142
6515,142
6516,142
6517,142
6518,142
6519,142
6520,142
6521,142
6522,142
6523,142
6524,142
6525,142
6526,142
6527,142
6528,142
6529,142
6530,142
6531,142
6532,142
6533,142
6534,142
6535,142
6536,142
6537,142
6538,142
6539,142
6540,142
6541,142
6542,142
6543,142
6544,142
6545,142
6546,142
6547,142
6548,142
6549,142
6550,142
6551,142
6552,142
6553,142
6554,142
6555,142
6556,142
6557,142
6558,142
6559,142
6560,142
6561,142
6562,142
6563,142
6564,142
6565,142
6566,142
6567,142
6568,142
6569,142
6570,142
6571,142
6572,142
6573,142
6574,142
6575,142
6576,142
6577,142
6578,142
6579,142
6580,142
6581,142
6582,142
6583,142
6584,142
6585,142
6586,142
6587,142
6588,142
6589,142
6590,142
6591,142
6592,142
6593,142
6594,142
6595,142
6596,142
6597,142
6598,142
6599,142
6600,142
6601,142
6602,142
6603,142
6604,142
6605,142
6606,142
6607,142
6608,142
6609,142
6610,142
6611,142
6612,142
6613,142
6614,142
6615,142
6616,142
6617,142
6618,142
6619,142
6620,142
6621,142
6622,142
6623,142
6624,142
6625,142
6626,142
6627,142
6628,142
6629,142
6630,142
6631,142
6632,142
6633,142
6634,142
6635,142
6636,142
6637,142
6638,142
6639,142
6640,142
6641,142
6642,142
6643,142
6644,142
6645,142
6646,142
6647,142
6648,142
6649,142
6650,142
6651,142
6652,142
6653,142
6654,142
6655,142
6656,142
6657,142
6658,142
6659,142
6660,142
6661,142
6662,142
6663,142
6664,142
6665,142
6666,142
6667,142
6668,142
6669,142
6670,142
6671,142
6672,142
6673,142
6674,142
6675,142
6676,142
6677,142
6678,142
6679,142
6680,142
6681,142
6682,142
6683,142
6684,142
6685,142
6686,142
6687,142
6688,142
6689,142
6690,142
6691,142
6692,142
6693,142
6694,142
6695,142
6696,142
6697,142
6698,142
6699,142
6700,142
6701,142
6702,142
6703,142
6704,142
6705,142
6706,142
6707,142
6708,142
6709,142
6710,142
6711,142
6712,142
6713,142
6714,142
6715,142
6716,142
6717,142
6718,142
6719,142
6720,142
6721,142
6722,142
6723,142
6724,142
6725,142
6726,142
6727,142
6728,142
6729,142
6730,142
6731,142
6732,142
6733,142
6734,142
6735,142
6736,142
6737,142
6738,142
6739,142
6740,142
6741,142
6742,142
6743,142
6744,142
6745,142
6746,142
6747,142
6748,142
6749,142
6750,142
6751,142
6752,142
6753,142
6754,142
6755,142
6756,142
6757,142
6758,142
6759,142
6760,142
6761,142
6762,142
6763,142
6764,142
6765,142
6766,142
6767,142
6768,142
6769,142
6770,142
6771,142
6772,142
6773,142
6774,142
6775,142
6776,142
6777,142
6778,142
6779,142
6780,142
6781,142
6782,142
6783,142
6784,142
6785,142
6786,142
6787,142
6788,142
6789,142
6790,142
6791,142
6792,142
6793,142
6794,142
6795,142
6796,142
6797,142
6798,142
6799,142
6800,142
6801,142
6802,142
6803,142
6804,142
6805,142
6806,142
6807,142
6808,142
6809,142
6810,142
6811,142
6812,142
6813,142
6814,142
6815,142
6816,142
6817,142
6818,142
6819,142
6820,142
6821,142
6822,142
6823,142
6824,142
6825,142
6826,142
6827,142
6828,142
6829,142
6830,142
6831,142
6832,142
6833,142
6834,142
6835,142
6836,142
6837,142
6838,142
6839,142
6840,142
6841,142
6842,142
6843,142
6844,142
6845,142
6846,142
6847,142
6848,142
6849,142
6850,142
6851,142
6852,142
6853,142
6854,142
6855,142
6856,142
6857,142
6858,142
6859,142
6860,142
6861,142
6862,142
6863,142
6864,142
6865,142
6866,142
6867,142
6868,142
6869,142
6870,142
6871,142
6872,142
6873,142
6874,142
6875,142
6876,142
6877,142
6878,142
6879,142
6880,142
6881,142
6882,142
6883,142
6884,142
6885,142
6886,142
6887,142
6888,142
6889,142
6890,142
6891,142
6892,142
6893,142
6894,142
6895,142
6896,142
6897,142
6898,142
6899,142
6900,142
6901,142
6902,142
6903,142
6904,142
6905,142
6906,142
6907,142
6908,142
6909,142
6910,142
6911,142
6912,142
6913,142
6914,142
6915,142
6916,142
6917,142
6918,142
6919,142
6920,142
6921,142
6922,142
6923,142
6924,142
6925,142
6926,142
6927,142
6928,142
6929,142
6930,142
6931,142
6932,142
6933,142
6934,142
6935,142
6936,142
6937,142
6938,142
6939,142
6940,142
6941,142
6942,142
6943,142
6944,142
6945,142
6946,142
6947,142
6948,142
6949,142
6950,142
6951,142
6952,142
6953,142
6954,142
6955,142
6956,142
6957,142
6958,142
6959,142
6960,142
6961,142
6962,142
6963,142
6964,142
6965,142
6966,142
6967,142
6968,142
6969,142
6970,142
6971,142
6972,142
6973,142
6974,142
6975,142
6976,142
6977,142
6978,142
6979,142
6980,142
6981,142
6982,142
6983,142
6984,142
6985,142
6986,142
6987,142
6988,142
6989,142
6990,142
6991,142
6992,142
6993,142
6994,142
6995,142
6996,142
6997,142
6998,142
6999,142
7000,142
7001,142
7002,142
7003,142
7004,142
7005,142
7006,142
7007,142
7008,142
7009,142
7010,142
7011,142
7012,142
7013,142
7014,142
7015,142
7016,142
7017,142
7018,142
7019,142
7020,142
7021,142
7022,142
7023,142
7024,142
7025,142
7026,142
7027,142
7028,142
7029,142
7030,142
7031,142
7032,142
7033,142
7034,142
7035,142
7036,142
7037,142
7038,142
7039,142
7040,142
7041,142
7042,142
7043,142
7044,142
7045,142
7046,142
7047,142
7048,142
7049,142
7050,142
7051,142
7052,142
7053,142
7054,142
7055,142
7056,142
7057,142
7058,142
7059,142
7060,142
7061,142
7062,142
7063,142
7064,142
7065,142
7066,142
7067,142
7068,142
7069,142
7070,142
7071,142
7072,142
7073,142
7074,142
7075,142
7076,142
7077,142
7078,142
7079,142
7080,142
7081,142
7082,142
7083,142
7084,142
7085,142
7086,142
7087,142
7088,142
7089,142
7090,142
7091,142
7092,142
7093,142
7094,142
7095,142
7096,142
7097,142
7098,142
7099,142
7100,142
7101,142
7102,142
7103,142
7104,142
7105,142
7106,142
7107,142
7108,142
7109,142
7110,142
7111,142
7112,142
7113,142
7114,142
7115,142
7116,142
7117,142
7118,142
7119,142
7120,142
7121,142
7122,142
7123,142
7124,142
7125,142
7126,142
7127,142
7128,142
7129,142
7130,142
7131,142
7132,142
7133,142
7134,142
7135,142
7136,142
7137,142
7138,142
7139,142
7140,142
7141,142
7142,142
7143,142
7144,142
7145,142
7146,142
7147,142
7148,142
7149,142
7150,142
7151,142
7152,142
7153,142
7154,142
7155,142
7156,142
7157,142
7158,142
7159,142
7160,142
7161,142
7162,142
7163,142
7164,142
7165,142
7166,142
7167,142
7168,142
7169,142
7170,142
7171,142
7172,142
7173,142
7174,142
7175,142
7176,142
7177,142
7178,142
7179,142
7180,142
7181,142
7182,142
7183,142
7184,142
7185,142
7186,142
7187,142
7188,142
7189,142
7190,142
7191,142
7192,142
7193,142
7194,142
7195,142
7196,142
7197,142
7198,142
7199,142
7200,142
7201,142
7202,142
7203,142
7204,142
7205,142
7206,142
7207,142
7208,142
7209,142
7210,142
7211,142
7212,142
7213,142
7214,142
7215,142
7216,142
7217,142
7218,142
7219,142
7220,142
7221,142
7222,142
7223,142
7224,142
7225,142
7226,142
7227,142
7228,142
7229,142
7230,142
7231,142
7232,142
7233,142
7234,142
7235,142
7236,142
7237,142
7238,142
7239,142
7240,142
7241,142
7242,142
7243,142
7244,142
7245,142
7246,142
7247,142
7248,142
7249,142
7250,142
7251,142
7252,142
7253,142
7254,142
7255,142
7256,142
7257,142
7258,142
7259,142
7260,142
7261,142
7262,142
7263,142
7264,142
7265,142
7266,142
7267,142
7268,142
7269,142
7270,142
7271,142
7272,142
7273,142
7274,142
7275,142
7276,142
7277,142
7278,142
7279,142
7280,142
7281,142
7282,142
7283,142
7284,142
7285,142
7286,142
7287,142
7288,142
7289,142
7290,142
7291,142
7292,142
7293,142
7294,142
7295,142
7296,142
7297,142
7298,142
7299,142
7300,142
7301,142
7302,142
7303,142
7304,142
7305,142
7306,142
7307,142
7308,142
7309,142
7310,142
7311,142
7312,142
7313,142
7314,142
7315,142
7316,142
7317,142
7318,142
7319,142
7320,142
7321,142
7322,142
7323,142
7324,142
7325,142
7326,142
7327,142
7328,142
7329,142
7330,142
7331,142
7332,142
7333,142
7334,142
7335,142
7336,142
7337,142
7338,142
7339,142
7340,142
7341,142
7342,142
7343,142
7344,142
7345,142
7346,142
7347,142
7348,142
7349,142
7350,142
7351,142
7352,142
7353,142
7354,142
7355,142
7356,142
7357,142
7358,142
7359,142
7360,142
7361,142
7362,142
7363,142
7364,142
7365,142
7366,142
7367,142
7368,142
7369,142
7370,142
7371,142
7372,142
7373,142
7374,142
7375,142
7376,142
7377,142
7378,142
7379,142
7380,142
7381,142
7382,142
7383,142
7384,142
7385,142
7386,142
7387,142
7388,142
7389,142
7390,142
7391,142
7392,142
7393,142
7394,142
7395,142
7396,142
7397,142
7398,142
7399,142
7400,142
7401,142
7402,142
7403,142
7404,142
7405,142
7406,142
7407,142
7408,142
7409,142
7410,142
7411,142
7412,142
7413,142
7414,142
7415,142
7416,142
7417,142
7418,142
7419,142
7420,142
7421,142
7422,142
7423,142
7424,142
7425,142
7426,142
7427,142
7428,142
7429,142
7430,142
7431,142
7432,142
7433,142
7434,142
7435,142
7436,142
7437,142
7438,142
7439,142
7440,142
7441,142
7442,142
7443,142
7444,142
7445,142
7446,142
7447,142
7448,142
7449,142
7450,142
7451,142
7452,142
7453,142
7454,142
7455,142
7456,142
7457,142
7458,142
7459,142
7460,142
7461,142
7462,142
7463,142
7464,142
7465,142
7466,142
7467,142
7468,142
7469,142
7470,142
7471,142
7472,142
7473,142
7474,142
7475,142
7476,142
7477,142
7478,142
7479,142
7480,142
7481,142
7482,142
7483,142
7484,142
7485,142
7486,142
7487,142
7488,142
7489,142
7490,142
7491,142
7492,142
7493,142
7494,142
7495,142
7496,142
7497,142
7498,142
7499,142
7500,142
7501,142
7502,142
7503,142
7504,142
7505,142
7506,142
7507,142
7508,142
7509,142
7510,142
7511,142
7512,142
7513,142
7514,142
7515,142
7516,142
7517,142
7518,142
7519,142
7520,142
7521,142
7522,142
7523,142
7524,142
7525,142
7526,142
7527,142
7528,142
7529,142
7530,142
7531,142
7532,142
7533,142
7534,142
7535,142
7536,142
7537,142
7538,142
7539,142
7540,142
7541,142
7542,142
7543,142
7544,142
7545,142
7546,142
7547,142
7548,142
7549,142
7550,142
7551,142
7552,142
7553,142
7554,142
7555,142
7556,142
7557,142
7558,142
7559,142
7560,142
7561,142
7562,142
7563,142
7564,142
7565,142
7566,142
7567,142
7568,142
7569,142
7570,142
7571,142
7572,142
7573,142
7574,142
7575,142
7576,142
7577,142
7578,142
7579,142
7580,142
7581,142
7582,142
7583,142
7584,142
7585,142
7586,142
7587,142
7588,142
7589,142
7590,142
7591,142
7592,142
7593,142
7594,142
7595,142
7596,142
7597,142
7598,142
7599,142
7600,142
7601,142
7602,142
7603,142
7604,142
7605,142
7606,142
7607,142
7608,142
7609,142
7610,142
7611,142
7612,142
7613,142
7614,142
7615,142
7616,142
7617,142
7618,142
7619,142
7620,142
7621,142
7622,142
7623,142
7624,142
7625,142
7626,142
7627,142
7628,142
7629,142
7630,142
7631,142
7632,142
7633,142
7634,142
7635,142
7636,142
7637,142
7638,142
7639,142
7640,142
7641,142
7642,142
7643,142
7644,142
7645,142
7646,142
7647,142
7648,142
7649,142
7650,142
7651,142
7652,142
7653,142
7654,142
7655,142
7656,142
7657,142
7658,142
7659,142
7660,142
7661,142
7662,142
7663,142
7664,142
7665,142
7666,142
7667,142
7668,142
7669,142
7670,142
7671,142
7672,142
7673,142
7674,142
7675,142
7676,142
7677,142
7678,142
7679,142
7680,142
7681,142
7682,142
7683,142
7684,142
7685,142
7686,142
7687,142
7688,142
7689,142
7690,142
7691,142
7692,142
7693,142
7694,142
7695,142
7696,142
7697,142
7698,142
7699,142
7700,142
7701,142
7702,142
7703,142
7704,142
7705,142
7706,142
7707,142
7708,142
7709,142
7710,142
7711,142
7712,142
7713,142
7714,142
7715,142
7716,142
7717,142
7718,142
7719,142
7720,142
7721,142
7722,142
7723,142
7724,142
7725,142
7726,142
7727,142
7728,142
7729,142
7730,142
7731,142
7732,142
7733,142
7734,142
7735,142
7736,142
7737,142
7738,142
7739,142
7740,142
7741,142
7742,142
7743,142
7744,142
7745,142
7746,142
7747,142
7748,142
7749,142
7750,142
7751,142
7752,142
7753,142
7754,142
7755,142
7756,142
7757,142
7758,142
7759,142
7760,142
7761,142
7762,142
7763,142
7764,142
7765,142
7766,142
7767,142
7768,142
7769,142
7770,142
7771,142
7772,142
7773,142
7774,142
7775,142
7776,142
7777,142
7778,142
7779,142
7780,142
7781,142
7782,142
7783,142
7784,142
7785,142
7786,142
7787,142
7788,142
7789,142
7790,142
7791,142
7792,142
7793,142
7794,142
7795,142
7796,142
7797,142
7798,142
7799,142
7800,142
7801,142
7802,142
7803,142
7804,142
7805,142
7806,142
7807,142
7808,142
7809,142
7810,142
7811,142
7812,142
7813,142
7814,142
7815,142
7816,142
7817,142
7818,142
7819,142
7820,142
7821,142
7822,142
7823,142
7824,142
7825,142
7826,142
7827,142
7828,142
7829,142
7830,142
7831,142
7832,142
7833,142
7834,142
7835,142
7836,142
7837,142
7838,142
7839,142
7840,142
7841,142
7842,142
7843,142
7844,142
7845,142
7846,142
7847,142
7848,142
7849,142
7850,142
7851,142
7852,142
7853,142
7854,142
7855,142
7856,142
7857,142
7858,142
7859,142
7860,142
7861,142
7862,142
7863,142
7864,142
7865,142
7866,142
7867,142
7868,142
7869,142
7870,142
7871,142
7872,142
7873,142
7874,142
7875,142
7876,142
7877,142
7878,142
7879,142
7880,142
7881,142
7882,142
7883,142
7884,142
7885,142
7886,142
7887,142
7888,142
7889,142
7890,142
7891,142
7892,142
7893,142
7894,142
7895,142
7896,142
7897,142
7898,142
7899,142
7900,142
7901,142
7902,142
7903,142
7904,142
7905,142
7906,142
7907,142
7908,142
7909,142
7910,142
7911,142
7912,142
7913,142
7914,142
7915,142
7916,142
7917,142
7918,142
7919,142
7920,142
7921,142
7922,142
7923,142
7924,142
7925,142
7926,142
7927,142
7928,142
7929,142
7930,142
7931,142
7932,142
7933,142
7934,142
7935,142
7936,142
7937,142
7938,142
7939,142
7940,142
7941,142
7942,142
7943,142
7944,142
7945,142
7946,142
7947,142
7948,142
7949,142
7950,142
7951,142
7952,142
7953,142
7954,142
7955,142
7956,142
7957,142
7958,142
7959,142
7960,142
7961,142
7962,142
7963,142
7964,142
7965,142
7966,142
7967,142
7968,142
7969,142
7970,142
7971,142
7972,142
7973,142
7974,142
7975,142
7976,142
7977,142
7978,142
7979,142
7980,142
7981,142
7982,142
7983,142
7984,142
7985,142
7986,142
7987,142
7988,142
7989,142
7990,142
7991,142
7992,142
7993,142
7994,142
7995,142
7996,142
7997,142
7998,142
7999,142
8000,142
8001,142
8002,142
8003,142
8004,142
8005,142
8006,142
8007,142
8008,142
8009,142
8010,142
8011,142
8012,142
8013,142
8014,142
8015,142
8016,142
8017,142
8018,142
8019,142
8020,142
8021,142
8022,142
8023,142
8024,142
8025,142
8026,142
8027,142
8028,142
8029,142
8030,142
8031,142
8032,142
8033,142
8034,142
8035,142
8036,142
8037,142
8038,142
8039,142
8040,142
8041,142
8042,142
8043,142
8044,142
8045,142
8046,142
8047,142
8048,142
8049,142
8050,142
8051,142
8052,142
8053,142
8054,142
8055,142
8056,142
8057,142
8058,142
8059,142
8060,142
8061,142
8062,142
8063,142
8064,142
8065,142
8066,142
8067,142
8068,142
8069,142
8070,142
8071,142
8072,142
8073,142
8074,142
8075,142
8076,142
8077,142
8078,142
8079,142
8080,142
8081,142
8082,142
8083,142
8084,142
8085,142
8086,142
8087,142
8088,142
8089,142
8090,142
8091,142
8092,142
8093,142
8094,142
8095,142
8096,142
8097,142
8098,142
8099,142
8100,142
8101,142
8102,142
8103,142
8104,142
8105,142
8106,142
8107,142
8108,142
8109,142
8110,142
8111,142
8112,142
8113,142
8114,142
8115,142
8116,142
8117,142
8118,142
8119,142
8120,142
8121,142
8122,142
8123,142
8124,142
8125,142
8126,142
8127,142
8128,142
8129,142
8130,142
8131,142
8132,142
8133,142
8134,142
8135,142
8136,142
8137,142
8138,142
8139,142
8140,142
8141,142
8142,142
8143,142
8144,142
8145,142
8146,142
8147,142
8148,142
8149,142
8150,142
8151,142
8152,142
8153,142
8154,142
8155,142
8156,142
8157,142
8158,142
8159,142
8160,142
8161,142
8162,142
8163,142
8164,142
8165,142
8166,142
8167,142
8168,142
8169,142
8170,142
8171,142
8172,142
8173,142
8174,142
8175,142
8176,142
8177,142
8178,142
8179,142
8180,142
8181,142
8182,142
8183,142
8184,142
8185,142
8186,142
8187,142
8188,142
8189,142
8190,142
8191,142
8192,142
8193,142
8194,142
8195,142
8196,142
8197,142
8198,142
8199,142
8200,142
8201,142
8202,142
8203,142
8204,142
8205,142
8206,142
8207,142
8208,142
8209,142
8210,142
8211,142
8212,142
8213,142
8214,142
8215,142
8216,142
8217,142
8218,142
8219,142
8220,142
8221,142
8222,142
8223,142
8224,142
8225,142
8226,142
8227,142
8228,142
8229,142
8230,142
8231,142
8232,142
8233,142
8234,142
8235,142
8236,142
8237,142
8238,142
8239,142
8240,142
8241,142
8242,142
8243,142
8244,142
8245,142
8246,142
8247,142
8248,142
8249,142
8250,142
8251,142
8252,142
8253,142
8254,142
8255,142
8256,142
8257,142
8258,142
8259,142
8260,142
8261,142
8262,142
8263,142
8264,142
8265,142
8266,142
8267,142
8268,142
8269,142
8270,142
8271,142
8272,142
8273,142
8274,142
8275,142
8276,142
8277,142
8278,142
8279,142
8280,142
8281,142
8282,142
8283,142
8284,142
8285,142
8286,142
8287,142
8288,142
8289,142
8290,142
8291,142
8292,142
8293,142
8294,142
8295,142
8296,142
8297,142
8298,142
8299,142
8300,142
8301,142
8302,142
8303,142
8304,142
8305,142
8306,142
8307,142
8308,142
8309,142
8310,142
8311,142
8312,142
8313,142
8314,142
8315,142
8316,142
8317,142
8318,142
8319,142
8320,142
8321,142
8322,142
8323,142
8324,142
8325,142
8326,142
8327,142
8328,142
8329,142
8330,142
8331,142
8332,142
8333,142
8334,142
8335,142
8336,142
8337,142
8338,142
8339,142
8340,142
8341,142
8342,142
8343,142
8344,142
8345,142
8346,142
8347,142
8348,142
8349,142
8350,142
8351,142
8352,142
8353,142
8354,142
8355,142
8356,142
8357,142
8358,142
8359,142
8360,142
8361,142
8362,142
8363,142
8364,142
8365,142
8366,142
8367,142
8368,142
8369,142
8370,142
8371,142
8372,142
8373,142
8374,142
8375,142
8376,142
8377,142
8378,142
8379,142
8380,142
8381,142
8382,142
8383,142
8384,142
8385,142
8386,142
8387,142
8388,142
8389,142
8390,142
8391,142
8392,142
8393,142
8394,142
8395,142
8396,142
8397,142
8398,142
8399,142
8400,142
8401,142
8402,142
8403,142
8404,142
8405,142
8406,142
8407,142
8408,142
8409,142
8410,142
8411,142
8412,142
8413,142
8414,142
8415,142
8416,142
8417,142
8418,142
8419,142
8420,142
8421,142
8422,142
8423,142
8424,142
8425,142
8426,142
8427,142
8428,142
8429,142
8430,142
8431,142
8432,142
8433,142
8434,142
8435,142
8436,142
8437,142
8438,142
8439,142
8440,142
8441,142
8442,142
8443,142
8444,142
8445,142
8446,142
8447,142
8448,142
8449,142
8450,142
8451,142
8452,142
8453,142
8454,142
8455,142
8456,142
8457,142
8458,142
8459,142
8460,142
8461,142
8462,142
8463,142
8464,142
8465,142
8466,142
8467,142
8468,142
8469,142
8470,142
8471,142
8472,142
8473,142
8474,142
8475,142
8476,142
8477,142
8478,142
8479,142
8480,142
8481,142
8482,142
8483,142
8484,142
8485,142
8486,142
8487,142
8488,142
8489,142
8490,142
8491,142
8492,142
8493,142
8494,142
8495,142
8496,142
8497,142
8498,142
8499,142
8500,142
8501,142
8502,142
8503,142
8504,142
8505,142
8506,142
8507,142
8508,142
8509,142
8510,142
8511,142
8512,142
8513,142
8514,142
8515,142
8516,142
8517,142
8518,142
8519,142
8520,142
8521,142
8522,142
8523,142
8524,142
8525,142
8526,142
8527,142
8528,142
8529,142
8530,142
8531,142
8532,142
8533,142
8534,142
8535,142
8536,142
8537,142
8538,142
8539,142
8540,142
8541,142
8542,142
8543,142
8544,142
8545,142
8546,142
8547,142
8548,142
8549,142
8550,142
8551,142
8552,142
8553,142
8554,142
8555,142
8556,142
8557,142
8558,142
8559,142
8560,142
8561,142
8562,142
8563,142
8564,142
8565,142
8566,142
8567,142
8568,142
8569,142
8570,142
8571,142
8572,142
8573,142
8574,142
8575,142
8576,142
8577,142
8578,142
8579,142
8580,142
8581,142
8582,142
8583,142
8584,142
8585,142
8586,142
8587,142
8588,142
8589,142
8590,142
8591,142
8592,142
8593,142
8594,142
8595,142
8596,142
8597,142
8598,142
8599,142
8600,142
8601,142
8602,142
8603,142
8604,142
8605,142
8606,142
8607,142
8608,142
8609,142
8610,142
8611,142
8612,142
8613,142
8614,142
8615,142
8616,142
8617,142
8618,142
8619,142
8620,142
8621,142
8622,142
8623,142
8624,142
8625,142
8626,142
8627,142
8628,142
8629,142
8630,142
8631,142
8632,142
8633,142
8634,142
8635,142
8636,142
8637,142
8638,142
8639,142
8640,142
8641,142
8642,142
8643,142
8644,142
8645,142
8646,142
8647,142
8648,142
8649,142
8650,142
8651,142
8652,142
8653,142
8654,142
8655,142
8656,142
8657,142
8658,142
8659,142
8660,142
8661,142
8662,142
8663,142
8664,142
8665,142
8666,142
8667,142
8668,142
8669,142
8670,142
8671,142
8672,142
8673,142
8674,142
8675,142
8676,142
8677,142
8678,142
8679,142
8680,142
8681,142
8682,142
8683,142
8684,142
8685,142
8686,142
8687,142
8688,142
8689,142
8690,142
8691,142
8692,142
8693,142
8694,142
8695,142
8696,142
8697,142
8698,142
8699,142
8700,142
8701,142
8702,142
8703,142
8704,142
8705,142
8706,142
8707,142
8708,142
8709,142
8710,142
8711,142
8712,142
8713,142
8714,142
8715,142
8716,142
8717,142
8718,142
8719,142
8720,142
8721,142
8722,142
8723,142
8724,142
8725,142
8726,142
8727,142
8728,142
8729,142
8730,142
8731,142
8732,142
8733,142
8734,142
8735,142
8736,142
8737,142
8738,142
8739,142
8740,142
8741,142
8742,142
8743,142
8744,142
8745,142
8746,142
8747,142
8748,142
8749,142
8750,142
8751,142
8752,142
8753,142
8754,142
8755,142
8756,142
8757,142
8758,142
8759,142
8760,142
8761,142
8762,142
8763,142
8764,142
8765,142
8766,142
8767,142
8768,142
8769,142
8770,142
8771,142
8772,142
8773,142
8774,142
8775,142
8776,142
8777,142
8778,142
8779,142
8780,142
8781,142
8782,142
8783,142
8784,142
8785,142
8786,142
8787,142
8788,142
8789,142
8790,142
8791,142
8792,142
8793,142
8794,142
8795,142
8796,142
8797,142
8798,142
8799,142
8800,142
8801,142
8802,142
8803,142
8804,142
8805,142
8806,142
8807,142
8808,142
8809,142
8810,142
8811,142
8812,142
8813,142
8814,142
8815,142
8816,142
8817,142
8818,142
8819,142
8820,142
8821,142
8822,142
8823,142
8824,142
8825,142
8826,142
8827,142
8828,142
8829,142
8830,142
8831,142
8832,142
8833,142
8834,142
8835,142
8836,142
8837,142
8838,142
8839,142
8840,142
8841,142
8842,142
8843,142
8844,142
8845,142
8846,142
8847,142
8848,142
8849,142
8850,142
8851,142
8852,142
8853,142
8854,142
8855,142
8856,142
8857,142
8858,142
8859,142
8860,142
8861,142
8862,142
8863,142
8864,142
8865,142
8866,142
8867,142
8868,142
8869,142
8870,142
8871,142
8872,142
8873,142
8874,142
8875,142
8876,142
8877,142
8878,142
8879,142
8880,142
8881,142
8882,142
8883,142
8884,142
8885,142
8886,142
8887,142
8888,142
8889,142
8890,142
8891,142
8892,142
8893,142
8894,142
8895,142
8896,142
8897,142
8898,142
8899,142
8900,142
8901,142
8902,142
8903,142
8904,142
8905,142
8906,142
8907,142
8908,142
8909,142
8910,142
8911,142
8912,142
8913,142
8914,142
8915,142
8916,142
8917,142
8918,142
8919,142
8920,142
8921,142
8922,142
8923,142
8924,142
8925,142
8926,142
8927,142
8928,142
8929,142
8930,142
8931,142
8932,142
8933,142
8934,142
8935,142
8936,142
8937,142
8938,142
8939,142
8940,142
8941,142
8942,142
8943,142
8944,142
8945,142
8946,142
8947,142
8948,142
8949,142
8950,142
8951,142
8952,142
8953,142
8954,142
8955,142
8956,142
8957,142
8958,142
8959,142
8960,142
8961,142
8962,142
8963,142
8964,142
8965,142
8966,142
8967,142
8968,142
8969,142
8970,142
8971,142
8972,142
8973,142
8974,142
8975,142
8976,142
8977,142
8978,142
8979,142
8980,142
8981,142
8982,142
8983,142
8984,142
8985,142
8986,142
8987,142
8988,142
8989,142
8990,142
8991,142
8992,142
8993,142
8994,142
8995,142
8996,142
8997,142
8998,142
8999,142
9000,142
9001,142
9002,142
9003,142
9004,142
9005,142
9006,142
9007,142
9008,142
9009,142
9010,142
9011,142
9012,142
9013,142
9014,142
9015,142
9016,142
9017,142
9018,142
9019,142
9020,142
9021,142
9022,142
9023,142
9024,142
9025,142
9026,142
9027,142
9028,142
9029,142
9030,142
9031,142
9032,142
9033,142
9034,142
9035,142
9036,142
9037,142
9038,142
9039,142
9040,142
9041,142
9042,142
9043,142
9044,142
9045,142
9046,142
9047,142
9048,142
9049,142
9050,142
9051,142
9052,142
9053,142
9054,142
9055,142
9056,142
9057,142
9058,142
9059,142
9060,142
9061,142
9062,142
9063,142
9064,142
9065,142
9066,142
9067,142
9068,142
9069,142
9070,142
9071,142
9072,142
9073,142
9074,142
9075,142
9076,142
9077,142
9078,142
9079,142
9080,142
9081,142
9082,142
9083,142
9084,142
9085,142
9086,142
9087,142
9088,142
9089,142
9090,142
9091,142
9092,142
9093,142
9094,142
9095,142
9096,142
9097,142
9098,142
9099,142
9100,142
9101,142
9102,142
9103,142
9104,142
9105,142
9106,142
9107,142
9108,142
9109,142
9110,142
9111,142
9112,142
9113,142
9114,142
9115,142
9116,142
9117,142
9118,142
9119,142
9120,142
9121,142
9122,142
9123,142
9124,142
9125,142
9126,142
9127,142
9128,142
9129,142
9130,142
9131,142
9132,142
9133,142
9134,142
9135,142
9136,142
9137,142
9138,142
9139,142
9140,142
9141,142
9142,142
9143,142
9144,142
9145,142
9146,142
9147,142
9148,142
9149,142
9150,142
9151,142
9152,142
9153,142
9154,142
9155,142
9156,142
9157,142
9158,142
9159,142
9160,142
9161,142
9162,142
9163,142
9164,142
9165,142
9166,142
9167,142
9168,142
9169,142
9170,142
9171,142
9172,142
9173,143
9174,144
9175,145
