0,0
1,1
2,2
3,3
4,4
5,5
6,6
7,7
8,7
9,8
10,9
11,9
12,10
13,11
14,11
15,12
16,13
17,13
18,14
19,14
20,14
21,14
22,14
23,14
24,15
25,15
26,15
27,16
28,17
29,17
30,18
31,19
32,19
33,20
34,21
35,22
36,23
37,24
38,25
39,26
40,27
41,28
42,29
43,29
44,30
45,31
46,32
47,33
48,34
49,34
50,35
51,36
52,37
53,38
54,39
55,39
56,40
57,40
58,40
59,40
60,41
61,42
62,43
63,44
64,44
65,45
66,45
67,45
68,45
69,45
70,46
71,47
72,47
73,48
74,48
75,49
76,49
77,49
78,49
79,49
80,49
81,49
82,49
83,49
84,50
85,50
86,50
87,50
88,51
89,52
90,53
91,54
92,54
93,55
94,56
95,57
96,58
97,59
98,59
99,60
100,61
101,61
102,61
103,61
104,62
105,62
106,62
107,62
108,62
109,62
110,62
111,63
112,63
113,63
114,63
115,63
116,64
117,64
118,64
119,65
120,65
121,65
122,66
123,67
124,68
125,69
126,70
127,70
128,70
129,71
130,72
131,73
132,73
133,73
134,74
135,74
136,74
137,74
138,75
139,75
140,75
141,75
142,75
143,75
144,75
145,75
146,75
147,76
148,76
149,76
150,76
151,76
152,77
153,78
154,79
155,79
156,79
157,79
158,79
159,80
160,80
161,80
162,80
163,80
164,80
165,80
166,81
167,81
168,81
169,81
170,81
171,81
172,81
173,81
174,81
175,81
176,81
177,81
178,81
179,81
180,81
181,81
182,81
183,81
184,81
185,82
186,82
187,82
188,82
189,82
190,82
191,82
192,82
193,82
194,82
195,82
196,82
197,82
198,83
199,84
200,84
201,84
202,84
203,85
204,85
205,85
206,85
207,85
208,85
209,85
210,85
211,85
212,85
213,85
214,85
215,86
216,86
217,86
218,86
219,86
220,86
221,86
222,87
223,87
224,87
225,87
226,87
227,87
228,87
229,87
230,87
231,87
232,87
233,87
234,87
235,87
236,87
237,87
238,87
239,87
240,88
241,88
242,88
243,88
244,88
245,88
246,88
247,88
248,88
249,88
250,88
251,88
252,88
253,88
254,88
255,88
256,88
257,88
258,88
259,88
260,88
261,88
262,88
263,88
264,88
265,88
266,88
267,88
268,88
269,88
270,88
271,88
272,88
273,88
274,88
275,88
276,88
277,88
278,88
279,88
280,88
281,88
282,88
283,88
284,88
285,88
286,88
287,88
288,88
289,88
290,88
291,88
292,88
293,88
294,88
295,88
296,88
297,88
298,88
299,88
300,88
301,88
302,88
303,88
304,88
305,88
306,88
307,88
308,88
309,88
310,88
311,88
312,88
313,89
314,89
315,89
316,89
317,89
318,89
319,89
320,89
321,90
322,90
323,90
324,90
325,90
326,90
327,90
328,90
329,90
330,90
331,90
332,90
333,90
334,90
335,90
336,90
337,90
338,90
339,90
340,90
341,90
342,90
343,90
344,90
345,90
346,90
347,90
348,90
349,90
350,90
351,91
352,91
353,92
354,92
355,92
356,92
357,92
358,92
359,92
360,92
361,92
362,92
363,92
364,92
365,92
366,92
367,92
368,92
369,92
370,92
371,92
372,92
373,92
374,92
375,92
376,92
377,92
378,92
379,92
380,92
381,92
382,92
383,92
384,92
385,92
386,92
387,92
388,92
389,92
390,92
391,92
392,92
393,92
394,92
395,92
396,92
397,92
398,92
399,92
400,92
401,92
402,92
403,92
404,92
405,92
406,92
407,92
408,92
409,92
410,92
411,92
412,92
413,92
414,92
415,92
416,92
417,92
418,92
419,92
420,92
421,92
422,92
423,92
424,92
425,92
426,92
427,92
428,92
429,92
430,92
431,93
432,93
433,93
434,93
435,93
436,93
437,93
438,93
439,93
440,93
441,93
442,93
443,93
444,94
445,94
446,95
447,96
448,96
449,96
450,96
451,96
452,96
453,96
454,96
455,96
456,96
457,96
458,96
459,96
460,96
461,96
462,96
463,96
464,96
465,96
466,96
467,96
468,96
469,96
470,96
471,96
472,96
473,96
474,96
475,96
476,96
477,96
478,96
479,96
480,96
481,96
482,96
483,96
484,96
485,96
486,96
487,96
488,96
489,96
490,96
491,96
492,96
493,96
494,96
495,96
496,96
497,96
498,96
499,96
500,96
501,96
502,96
503,96
504,96
505,97
506,97
507,97
508,97
509,97
510,97
511,97
512,97
513,97
514,97
515,97
516,97
517,97
518,97
519,97
520,97
521,97
522,97
523,97
524,97
525,97
526,97
527,97
528,97
529,97
530,97
531,97
532,97
533,97
534,97
535,97
536,97
537,97
538,97
539,97
540,97
541,97
542,97
543,97
544,97
545,97
546,97
547,97
548,97
549,97
550,97
551,97
552,97
553,97
554,98
555,98
556,98
557,98
558,98
559,98
560,98
561,98
562,98
563,98
564,98
565,98
566,98
567,98
568,98
569,98
570,98
571,98
572,98
573,98
574,98
575,98
576,98
577,98
578,98
579,98
580,98
581,98
582,98
583,98
584,98
585,98
586,98
587,98
588,98
589,98
590,99
591,99
592,99
593,99
594,99
595,99
596,99
597,99
598,99
599,99
600,99
601,99
602,99
603,99
604,99
605,99
606,99
607,99
608,99
609,99
610,99
611,99
612,99
613,99
614,99
615,99
616,99
617,99
618,99
619,99
620,99
621,99
622,99
623,99
624,99
625,99
626,99
627,99
628,99
629,99
630,99
631,99
632,99
633,99
634,99
635,99
636,99
637,99
638,99
639,99
640,99
641,99
642,99
643,99
644,99
645,99
646,99
647,99
648,99
649,99
650,99
651,99
652,99
653,99
654,99
655,99
656,99
657,99
658,99
659,99
660,99
661,99
662,99
663,99
664,99
665,99
666,99
667,99
668,99
669,99
670,100
