0,0
1,1
2,2
3,3
4,4
5,5
6,6
7,7
8,8
9,9
10,10
11,11
12,12
13,12
14,13
15,14
16,15
17,15
18,15
19,15
20,16
21,16
22,17
23,18
24,19
25,20
26,21
27,21
28,22
29,23
30,24
31,25
32,26
33,27
34,27
35,27
36,28
37,28
38,28
39,29
40,29
41,29
42,30
43,30
44,31
45,31
46,31
47,31
48,31
49,32
50,32
51,32
52,32
53,33
54,33
55,34
56,34
57,34
58,34
59,34
60,34
61,34
62,34
63,34
64,34
65,34
66,34
67,35
68,36
69,37
70,37
71,38
72,39
73,39
74,40
75,40
76,41
77,41
78,41
79,41
80,42
81,42
82,42
83,42
84,42
85,42
86,42
87,43
88,44
89,45
90,46
91,47
92,48
93,49
94,50
95,50
96,51
97,52
98,52
99,53
100,54
101,55
102,56
103,56
104,56
105,56
106,57
107,58
108,58
109,58
110,58
111,58
112,59
113,59
114,59
115,59
116,59
117,59
118,59
119,59
120,59
121,59
122,59
123,59
124,59
125,59
126,59
127,59
128,59
129,59
130,59
131,59
132,59
133,59
134,59
135,59
136,59
137,60
138,60
139,60
140,60
141,61
142,61
143,61
144,61
145,61
146,61
147,62
148,63
149,63
150,63
151,63
152,63
153,63
154,64
155,65
156,66
157,67
158,67
159,68
160,69
161,70
162,71
163,71
164,71
165,71
166,71
167,72
168,73
169,73
170,73
171,73
172,73
173,73
174,73
175,73
176,73
177,73
178,73
179,73
180,73
181,73
182,73
183,74
184,74
185,74
186,74
187,74
188,74
189,74
190,74
191,74
192,74
193,74
194,75
195,76
196,77
197,77
198,78
199,78
200,78
201,78
202,78
203,78
204,78
205,78
206,78
207,78
208,79
209,80
210,80
211,80
212,80
213,80
214,80
215,80
216,80
217,80
218,80
219,80
220,80
221,80
222,80
223,80
224,80
225,80
226,80
227,81
228,81
229,81
230,81
231,81
232,81
233,81
234,81
235,81
236,82
237,82
238,82
239,82
240,82
241,82
242,82
243,82
244,82
245,82
246,82
247,82
248,82
249,82
250,82
251,82
252,82
253,82
254,82
255,82
256,82
257,82
258,82
259,82
260,82
261,82
262,82
263,82
264,82
265,82
266,82
267,82
268,82
269,82
270,82
271,82
272,82
273,82
274,82
275,82
276,82
277,82
278,82
279,82
280,82
281,82
282,82
283,82
284,82
285,82
286,82
287,82
288,82
289,82
290,82
291,82
292,82
293,82
294,82
295,83
296,83
297,83
298,83
299,83
300,83
301,83
302,83
303,83
304,83
305,83
306,83
307,83
308,83
309,83
310,83
311,83
312,83
313,83
314,83
315,83
316,83
317,83
318,83
319,83
320,83
321,83
322,83
323,83
324,83
325,83
326,83
327,83
328,83
329,83
330,83
331,83
332,83
333,83
334,83
335,83
336,83
337,83
338,83
339,83
340,84
341,85
342,85
343,85
344,85
345,85
346,85
347,86
348,86
349,86
350,86
351,86
352,86
353,86
354,86
355,86
356,87
357,87
358,87
359,87
360,87
361,88
362,88
363,88
364,88
365,88
366,88
367,88
368,88
369,88
370,88
371,88
372,88
373,88
374,88
375,88
376,88
377,88
378,88
379,88
380,88
381,88
382,88
383,88
384,88
385,88
386,88
387,88
388,88
389,88
390,88
391,88
392,88
393,88
394,88
395,88
396,89
397,90
398,90
399,90
400,91
401,91
402,91
403,91
404,91
405,91
406,91
407,91
408,91
409,91
410,91
411,91
412,91
413,91
414,91
415,91
416,91
417,91
418,91
419,91
420,91
421,91
422,91
423,91
424,91
425,91
426,91
427,91
428,91
429,91
430,91
431,91
432,91
433,91
434,91
435,91
436,91
437,91
438,91
439,91
440,91
441,91
442,91
443,91
444,91
445,91
446,91
447,91
448,91
449,91
450,91
451,91
452,91
453,91
454,91
455,91
456,91
457,91
458,91
459,91
460,91
461,91
462,91
463,91
464,91
465,91
466,91
467,91
468,91
469,91
470,91
471,91
472,91
473,91
474,91
475,91
476,91
477,91
478,91
479,91
480,91
481,91
482,91
483,91
484,91
485,91
486,91
487,91
488,91
489,91
490,91
491,91
492,91
493,91
494,91
495,91
496,92
497,92
498,92
499,92
500,92
501,92
502,92
503,92
504,92
505,92
506,92
507,92
508,92
509,92
510,92
511,92
512,92
513,92
514,92
515,92
516,92
517,92
518,92
519,92
520,92
521,93
522,93
523,93
524,93
525,93
526,93
527,93
528,93
529,93
530,93
531,93
532,93
533,93
534,93
535,93
536,93
537,93
538,93
539,93
540,93
541,93
542,93
543,93
544,93
545,93
546,93
547,93
548,93
549,93
550,93
551,93
552,93
553,93
554,93
555,93
556,93
557,93
558,93
559,93
560,93
561,93
562,93
563,93
564,93
565,93
566,93
567,93
568,93
569,94
570,95
571,95
572,95
573,95
574,95
575,95
576,95
577,95
578,95
579,95
580,95
581,95
582,95
583,95
584,95
585,95
586,95
587,95
588,95
589,95
590,95
591,95
592,96
593,96
594,96
595,96
596,96
597,96
598,96
599,96
600,96
601,96
602,96
603,96
604,96
605,96
606,96
607,96
608,96
609,96
610,96
611,96
612,96
613,96
614,96
615,96
616,96
617,96
618,96
619,96
620,96
621,96
622,96
623,96
624,96
625,97
626,97
627,97
628,97
629,97
630,97
631,97
632,97
633,97
634,97
635,97
636,97
637,97
638,97
639,97
640,97
641,97
642,97
643,97
644,97
645,97
646,97
647,97
648,97
649,97
650,97
651,97
652,97
653,97
654,97
655,97
656,97
657,97
658,97
659,97
660,97
661,97
662,97
663,97
664,97
665,97
666,97
667,97
668,97
669,97
670,97
671,97
672,97
673,97
674,97
675,97
676,97
677,97
678,97
679,97
680,97
681,97
682,97
683,97
684,97
685,97
686,97
687,98
688,98
689,98
690,98
691,98
692,98
693,98
694,98
695,98
696,98
697,98
698,98
699,98
700,98
701,98
702,98
703,98
704,98
705,98
706,98
707,98
708,98
709,98
710,98
711,98
712,98
713,98
714,98
715,98
716,98
717,98
718,98
719,98
720,98
721,98
722,98
723,98
724,98
725,98
726,98
727,98
728,98
729,98
730,98
731,98
732,98
733,98
734,98
735,98
736,98
737,98
738,98
739,98
740,98
741,98
742,98
743,98
744,98
745,98
746,98
747,98
748,98
749,98
750,98
751,98
752,98
753,98
754,98
755,98
756,98
757,98
758,98
759,98
760,98
761,98
762,98
763,98
764,98
765,98
766,98
767,98
768,98
769,98
770,98
771,98
772,98
773,98
774,98
775,98
776,98
777,98
778,98
779,98
780,98
781,98
782,98
783,98
784,98
785,98
786,98
787,98
788,98
789,98
790,98
791,98
792,98
793,98
794,98
795,98
796,98
797,98
798,98
799,98
800,98
801,98
802,98
803,98
804,98
805,98
806,98
807,98
808,98
809,98
810,98
811,98
812,98
813,98
814,98
815,98
816,98
817,98
818,98
819,98
820,98
821,98
822,98
823,98
824,98
825,98
826,98
827,98
828,98
829,98
830,98
831,98
832,98
833,98
834,98
835,98
836,98
837,98
838,99
839,99
840,99
841,99
842,99
843,99
844,99
845,99
846,99
847,99
848,99
849,99
850,99
851,99
852,99
853,99
854,99
855,99
856,99
857,99
858,99
859,99
860,99
861,99
862,99
863,99
864,99
865,99
866,99
867,99
868,99
869,99
870,99
871,99
872,99
873,99
874,99
875,99
876,99
877,99
878,99
879,99
880,99
881,99
882,99
883,99
884,99
885,99
886,99
887,99
888,99
889,99
890,99
891,99
892,99
893,99
894,99
895,99
896,99
897,99
898,99
899,99
900,99
901,99
902,99
903,99
904,99
905,99
906,99
907,99
908,99
909,99
910,99
911,99
912,99
913,99
914,99
915,99
916,99
917,99
918,99
919,99
920,99
921,99
922,99
923,99
924,99
925,99
926,99
927,99
928,99
929,99
930,99
931,99
932,99
933,99
934,99
935,99
936,99
937,99
938,99
939,99
940,99
941,99
942,99
943,99
944,99
945,99
946,99
947,99
948,99
949,99
950,99
951,99
952,99
953,99
954,99
955,99
956,99
957,99
958,99
959,99
960,99
961,99
962,99
963,99
964,99
965,99
966,99
967,99
968,99
969,99
970,99
971,99
972,99
973,99
974,99
975,99
976,99
977,99
978,99
979,99
980,99
981,99
982,99
983,99
984,99
985,99
986,99
987,99
988,99
989,99
990,99
991,99
992,99
993,99
994,99
995,99
996,99
997,99
998,99
999,99
1000,99
1001,99
1002,99
1003,99
1004,99
1005,99
1006,99
1007,99
1008,99
1009,99
1010,99
1011,99
1012,99
1013,99
1014,99
1015,99
1016,99
1017,99
1018,99
1019,99
1020,99
1021,99
1022,99
1023,99
1024,99
1025,99
1026,99
1027,99
1028,99
1029,99
1030,99
1031,99
1032,99
1033,99
1034,99
1035,99
1036,99
1037,99
1038,99
1039,99
1040,99
1041,99
1042,99
1043,99
1044,99
1045,99
1046,99
1047,99
1048,99
1049,99
1050,99
1051,99
1052,99
1053,99
1054,99
1055,99
1056,99
1057,99
1058,99
1059,99
1060,99
1061,99
1062,99
1063,99
1064,99
1065,99
1066,99
1067,99
1068,99
1069,99
1070,99
1071,99
1072,99
1073,99
1074,99
1075,99
1076,99
1077,99
1078,99
1079,99
1080,99
1081,99
1082,99
1083,99
1084,99
1085,99
1086,99
1087,99
1088,99
1089,99
1090,99
1091,99
1092,99
1093,99
1094,99
1095,99
1096,99
1097,99
1098,99
1099,99
1100,99
1101,99
1102,99
1103,100
