0,0
1,1
2,2
3,3
4,4
5,5
6,6
7,7
8,8
9,9
10,9
11,10
12,11
13,12
14,13
15,14
16,15
17,16
18,17
19,18
20,19
21,19
22,19
23,19
24,20
25,20
26,20
27,20
28,20
29,21
30,22
31,23
32,24
33,25
34,26
35,27
36,27
37,27
38,28
39,28
40,29
41,29
42,30
43,31
44,32
45,33
46,34
47,35
48,35
49,35
50,35
51,36
52,36
53,36
54,37
55,38
56,39
57,39
58,40
59,41
60,41
61,41
62,42
63,42
64,42
65,42
66,42
67,42
68,43
69,44
70,45
71,46
72,47
73,47
74,48
75,48
76,48
77,48
78,48
79,49
80,50
81,51
82,52
83,53
84,53
85,54
86,54
87,54
88,55
89,55
90,55
91,55
92,55
93,55
94,56
95,57
96,57
97,57
98,58
99,58
100,58
101,58
102,59
103,60
104,60
105,60
106,60
107,61
108,61
109,61
110,62
111,62
112,62
113,62
114,62
115,62
116,63
117,63
118,64
119,64
120,64
121,64
122,64
123,64
124,64
125,64
126,64
127,64
128,64
129,64
130,64
131,64
132,64
133,64
134,64
135,64
136,64
137,65
138,65
139,65
140,65
141,65
142,65
143,65
144,65
145,65
146,65
147,65
148,65
149,65
150,65
151,65
152,65
153,66
154,67
155,68
156,69
157,70
158,70
159,71
160,72
161,72
162,73
163,73
164,73
165,73
166,73
167,73
168,73
169,73
170,73
171,73
172,73
173,73
174,73
175,73
176,73
177,74
178,74
179,74
180,74
181,74
182,74
183,74
184,74
185,74
186,74
187,74
188,74
189,74
190,74
191,74
192,74
193,74
194,74
195,74
196,74
197,74
198,74
199,74
200,74
201,74
202,74
203,74
204,74
205,74
206,74
207,75
208,75
209,75
210,75
211,75
212,75
213,75
214,75
215,75
216,75
217,75
218,75
219,75
220,75
221,75
222,75
223,75
224,76
225,76
226,76
227,76
228,76
229,76
230,76
231,76
232,76
233,76
234,76
235,76
236,76
237,76
238,76
239,76
240,76
241,76
242,76
243,76
244,76
245,76
246,76
247,76
248,76
249,76
250,76
251,76
252,76
253,77
254,77
255,77
256,77
257,77
258,77
259,77
260,77
261,77
262,77
263,77
264,77
265,77
266,77
267,77
268,77
269,77
270,77
271,77
272,77
273,77
274,77
275,77
276,77
277,77
278,77
279,77
280,78
281,78
282,78
283,79
284,79
285,80
286,80
287,80
288,80
289,80
290,80
291,80
292,80
293,80
294,80
295,80
296,80
297,80
298,80
299,80
300,80
301,80
302,80
303,80
304,80
305,80
306,80
307,80
308,80
309,80
310,80
311,80
312,80
313,80
314,80
315,80
316,80
317,80
318,80
319,80
320,80
321,80
322,80
323,80
324,80
325,80
326,80
327,80
328,80
329,80
330,80
331,80
332,80
333,80
334,80
335,80
336,80
337,80
338,80
339,80
340,80
341,80
342,80
343,80
344,81
345,82
346,83
347,83
348,83
349,83
350,83
351,83
352,83
353,84
354,84
355,85
356,85
357,85
358,86
359,86
360,87
361,87
362,87
363,87
364,87
365,87
366,87
367,87
368,87
369,87
370,87
371,87
372,87
373,87
374,87
375,87
376,87
377,87
378,87
379,87
380,87
381,87
382,87
383,87
384,87
385,87
386,87
387,87
388,87
389,87
390,87
391,87
392,87
393,87
394,87
395,87
396,87
397,87
398,87
399,87
400,87
401,87
402,87
403,87
404,87
405,87
406,87
407,87
408,87
409,87
410,87
411,87
412,87
413,87
414,87
415,87
416,87
417,87
418,87
419,87
420,88
421,88
422,88
423,88
424,88
425,88
426,88
427,88
428,88
429,88
430,88
431,88
432,88
433,88
434,88
435,88
436,88
437,88
438,88
439,88
440,88
441,88
442,88
443,88
444,88
445,88
446,88
447,88
448,88
449,88
450,88
451,88
452,88
453,88
454,88
455,88
456,88
457,88
458,88
459,88
460,88
461,88
462,88
463,88
464,88
465,88
466,88
467,88
468,88
469,88
470,88
471,88
472,88
473,88
474,88
475,88
476,88
477,88
478,88
479,88
480,88
481,88
482,88
483,89
484,89
485,89
486,89
487,89
488,89
489,89
490,89
491,89
492,89
493,89
494,89
495,89
496,89
497,89
498,89
499,89
500,89
501,89
502,89
503,89
504,89
505,89
506,89
507,89
508,89
509,89
510,89
511,89
512,89
513,89
514,89
515,89
516,89
517,89
518,89
519,89
520,89
521,89
522,89
523,89
524,89
525,89
526,89
527,89
528,89
529,89
530,89
531,89
532,89
533,89
534,89
535,89
536,89
537,89
538,89
539,89
540,89
541,89
542,89
543,89
544,90
545,91
546,92
547,92
548,93
549,94
550,95
551,95
552,95
553,95
554,95
555,95
556,95
557,95
558,95
559,95
560,95
561,95
562,95
563,95
564,95
565,95
566,95
567,95
568,95
569,95
570,95
571,95
572,95
573,95
574,95
575,95
576,95
577,95
578,95
579,96
580,96
581,96
582,96
583,96
584,96
585,96
586,96
587,96
588,96
589,96
590,96
591,96
592,96
593,96
594,96
595,96
596,96
597,96
598,96
599,96
600,96
601,96
602,96
603,96
604,96
605,96
606,96
607,96
608,96
609,96
610,96
611,96
612,96
613,96
614,96
615,96
616,96
617,96
618,96
619,96
620,96
621,96
622,96
623,96
624,96
625,96
626,96
627,96
628,96
629,96
630,96
631,96
632,96
633,96
634,96
635,96
636,96
637,96
638,96
639,96
640,96
641,96
642,96
643,96
644,96
645,96
646,96
647,96
648,96
649,96
650,96
651,96
652,96
653,96
654,96
655,96
656,96
657,96
658,96
659,96
660,96
661,96
662,96
663,96
664,96
665,96
666,96
667,96
668,96
669,96
670,96
671,96
672,96
673,97
674,98
675,98
676,98
677,98
678,98
679,98
680,98
681,98
682,98
683,98
684,98
685,98
686,98
687,98
688,98
689,98
690,98
691,98
692,98
693,98
694,98
695,98
696,99
697,99
698,99
699,100
