0,0
1,1
2,2
3,3
4,3
5,4
6,5
7,6
8,7
9,8
10,8
11,8
12,8
13,9
14,10
15,11
16,12
17,12
18,12
19,13
20,14
21,15
22,16
23,16
24,17
25,18
26,19
27,20
28,21
29,21
30,22
31,22
32,22
33,23
34,24
35,25
36,26
37,26
38,27
39,27
40,27
41,27
42,28
43,28
44,28
45,29
46,29
47,29
48,29
49,29
50,29
51,29
52,29
53,30
54,30
55,30
56,30
57,30
58,31
59,32
60,32
61,32
62,32
63,33
64,33
65,33
66,33
67,33
68,34
69,35
70,35
71,36
72,37
73,37
74,37
75,38
76,39
77,40
78,40
79,40
80,40
81,40
82,40
83,40
84,41
85,42
86,42
87,43
88,43
89,43
90,43
91,43
92,43
93,43
94,43
95,44
96,44
97,45
98,45
99,45
100,45
101,46
102,47
103,48
104,49
105,50
106,50
107,51
108,52
109,52
110,53
111,53
112,54
113,55
114,55
115,56
116,57
117,58
118,58
119,59
120,60
121,60
122,61
123,61
124,62
125,62
126,62
127,63
128,63
129,63
130,63
131,63
132,63
133,63
134,64
135,64
136,64
137,64
138,64
139,65
140,65
141,66
142,67
143,67
144,67
145,68
146,68
147,69
148,69
149,69
150,69
151,69
152,69
153,70
154,71
155,71
156,71
157,71
158,71
159,71
160,71
161,71
162,71
163,71
164,71
165,71
166,71
167,71
168,71
169,71
170,71
171,71
172,71
173,71
174,71
175,71
176,71
177,71
178,71
179,71
180,71
181,71
182,72
183,72
184,72
185,72
186,72
187,72
188,72
189,73
190,73
191,73
192,73
193,73
194,73
195,74
196,74
197,75
198,75
199,76
200,76
201,76
202,76
203,76
204,76
205,77
206,77
207,77
208,77
209,78
210,78
211,78
212,78
213,78
214,78
215,78
216,78
217,78
218,78
219,78
220,79
221,80
222,81
223,82
224,83
225,83
226,83
227,83
228,83
229,83
230,83
231,83
232,83
233,83
234,83
235,84
236,84
237,85
238,85
239,85
240,85
241,85
242,86
243,86
244,86
245,86
246,86
247,86
248,86
249,87
250,87
251,87
252,87
253,87
254,87
255,87
256,87
257,87
258,87
259,87
260,87
261,87
262,87
263,87
264,87
265,87
266,87
267,87
268,87
269,87
270,87
271,87
272,87
273,87
274,87
275,87
276,87
277,87
278,87
279,87
280,87
281,87
282,87
283,87
284,87
285,87
286,87
287,87
288,87
289,87
290,87
291,87
292,87
293,87
294,87
295,87
296,87
297,87
298,87
299,87
300,87
301,87
302,87
303,88
304,88
305,88
306,88
307,88
308,88
309,88
310,88
311,88
312,88
313,88
314,88
315,88
316,88
317,89
318,89
319,89
320,89
321,89
322,89
323,89
324,89
325,89
326,89
327,89
328,90
329,90
330,90
331,90
332,90
333,90
334,90
335,90
336,90
337,90
338,90
339,90
340,90
341,90
342,90
343,90
344,90
345,90
346,90
347,90
348,90
349,90
350,90
351,90
352,90
353,90
354,90
355,90
356,90
357,90
358,90
359,90
360,90
361,90
362,90
363,90
364,90
365,90
366,90
367,90
368,90
369,90
370,90
371,91
372,91
373,91
374,91
375,91
376,91
377,91
378,91
379,91
380,91
381,91
382,91
383,91
384,91
385,91
386,91
387,91
388,91
389,91
390,91
391,91
392,91
393,91
394,91
395,91
396,91
397,91
398,91
399,91
400,91
401,91
402,91
403,91
404,91
405,91
406,91
407,91
408,91
409,91
410,91
411,91
412,91
413,91
414,91
415,91
416,91
417,91
418,91
419,91
420,91
421,91
422,91
423,91
424,91
425,91
426,91
427,91
428,91
429,91
430,91
431,91
432,91
433,91
434,91
435,91
436,91
437,91
438,91
439,91
440,91
441,91
442,91
443,91
444,92
445,92
446,92
447,92
448,92
449,92
450,92
451,92
452,92
453,92
454,92
455,92
456,92
457,92
458,92
459,92
460,92
461,92
462,92
463,92
464,92
465,92
466,92
467,92
468,92
469,92
470,92
471,92
472,92
473,92
474,92
475,92
476,92
477,92
478,93
479,93
480,93
481,93
482,93
483,93
484,93
485,93
486,93
487,93
488,93
489,93
490,93
491,93
492,93
493,93
494,93
495,93
496,93
497,93
498,93
499,93
500,93
501,93
502,93
503,93
504,93
505,94
506,94
507,94
508,94
509,94
510,94
511,95
512,95
513,95
514,95
515,95
516,95
517,95
518,95
519,95
520,95
521,95
522,95
523,95
524,95
525,95
526,95
527,95
528,95
529,95
530,95
531,95
532,95
533,95
534,95
535,95
536,95
537,95
538,95
539,95
540,95
541,95
542,95
543,95
544,95
545,95
546,95
547,95
548,95
549,95
550,95
551,95
552,95
553,95
554,95
555,95
556,95
557,95
558,95
559,95
560,95
561,95
562,95
563,95
564,95
565,95
566,95
567,95
568,95
569,95
570,95
571,95
572,95
573,95
574,95
575,95
576,95
577,95
578,95
579,95
580,95
581,95
582,95
583,95
584,95
585,95
586,95
587,95
588,95
589,95
590,95
591,95
592,95
593,95
594,95
595,95
596,95
597,95
598,95
599,95
600,95
601,95
602,95
603,95
604,95
605,95
606,95
607,95
608,95
609,95
610,95
611,95
612,95
613,95
614,95
615,95
616,95
617,95
618,95
619,95
620,95
621,95
622,95
623,95
624,95
625,95
626,95
627,95
628,95
629,95
630,95
631,95
632,95
633,95
634,95
635,95
636,95
637,95
638,95
639,95
640,95
641,95
642,95
643,95
644,95
645,95
646,95
647,95
648,95
649,95
650,95
651,95
652,95
653,95
654,95
655,95
656,95
657,95
658,95
659,95
660,95
661,95
662,95
663,95
664,95
665,95
666,95
667,95
668,95
669,95
670,95
671,95
672,95
673,95
674,95
675,95
676,95
677,95
678,95
679,95
680,95
681,95
682,95
683,95
684,95
685,95
686,96
687,96
688,96
689,96
690,96
691,96
692,96
693,96
694,96
695,96
696,96
697,96
698,96
699,96
700,96
701,96
702,96
703,96
704,96
705,96
706,96
707,96
708,96
709,96
710,96
711,96
712,96
713,96
714,96
715,96
716,96
717,96
718,96
719,96
720,96
721,96
722,96
723,96
724,96
725,96
726,96
727,96
728,96
729,96
730,96
731,96
732,96
733,96
734,96
735,96
736,96
737,96
738,96
739,96
740,96
741,96
742,96
743,96
744,96
745,96
746,96
747,96
748,96
749,96
750,96
751,96
752,96
753,96
754,96
755,96
756,96
757,96
758,96
759,96
760,96
761,96
762,96
763,96
764,96
765,96
766,96
767,96
768,96
769,96
770,96
771,96
772,96
773,96
774,96
775,96
776,96
777,96
778,96
779,96
780,96
781,96
782,96
783,96
784,96
785,96
786,96
787,96
788,96
789,96
790,96
791,96
792,96
793,96
794,96
795,96
796,96
797,96
798,96
799,96
800,96
801,96
802,96
803,96
804,96
805,96
806,96
807,96
808,96
809,96
810,96
811,96
812,96
813,96
814,96
815,96
816,96
817,96
818,96
819,96
820,96
821,96
822,96
823,96
824,96
825,96
826,96
827,96
828,96
829,96
830,96
831,96
832,96
833,96
834,96
835,96
836,96
837,96
838,96
839,96
840,96
841,96
842,96
843,96
844,96
845,96
846,96
847,96
848,96
849,96
850,96
851,97
852,97
853,97
854,97
855,97
856,97
857,97
858,97
859,97
860,98
861,98
862,98
863,98
864,98
865,98
866,98
867,98
868,98
869,98
870,98
871,98
872,98
873,98
874,98
875,98
876,98
877,98
878,98
879,98
880,98
881,98
882,98
883,98
884,98
885,98
886,98
887,98
888,98
889,98
890,98
891,98
892,98
893,98
894,98
895,98
896,98
897,98
898,98
899,98
900,98
901,98
902,98
903,98
904,98
905,98
906,98
907,98
908,98
909,98
910,98
911,98
912,98
913,98
914,98
915,98
916,98
917,98
918,98
919,98
920,98
921,98
922,98
923,98
924,98
925,98
926,98
927,98
928,98
929,98
930,98
931,98
932,98
933,98
934,98
935,98
936,98
937,98
938,98
939,98
940,98
941,98
942,98
943,98
944,98
945,98
946,98
947,98
948,98
949,98
950,98
951,98
952,98
953,98
954,98
955,98
956,98
957,98
958,98
959,98
960,98
961,98
962,98
963,98
964,98
965,98
966,98
967,98
968,98
969,98
970,98
971,98
972,98
973,98
974,98
975,98
976,98
977,98
978,98
979,98
980,98
981,98
982,98
983,98
984,98
985,98
986,98
987,98
988,98
989,98
990,98
991,98
992,98
993,98
994,98
995,98
996,98
997,98
998,98
999,98
1000,98
1001,98
1002,98
1003,98
1004,98
1005,99
1006,99
1007,99
1008,99
1009,99
1010,99
1011,99
1012,99
1013,99
1014,99
1015,99
1016,99
1017,99
1018,99
1019,99
1020,99
1021,99
1022,99
1023,99
1024,99
1025,99
1026,100
