0,0
1,1
2,2
3,3
4,4
5,5
6,5
7,6
8,7
9,8
10,9
11,10
12,11
13,12
14,12
15,13
16,14
17,15
18,16
19,17
20,18
21,19
22,20
23,21
24,21
25,22
26,23
27,24
28,24
29,24
30,25
31,25
32,26
33,26
34,26
35,27
36,27
37,28
38,29
39,30
40,30
41,30
42,31
43,31
44,31
45,32
46,32
47,33
48,34
49,35
50,35
51,36
52,36
53,36
54,36
55,36
56,36
57,36
58,36
59,37
60,37
61,38
62,39
63,39
64,40
65,40
66,41
67,41
68,41
69,41
70,42
71,42
72,42
73,42
74,43
75,43
76,44
77,44
78,45
79,45
80,45
81,46
82,47
83,48
84,49
85,49
86,49
87,49
88,49
89,49
90,49
91,49
92,49
93,49
94,49
95,49
96,49
97,50
98,50
99,50
100,50
101,50
102,50
103,50
104,50
105,50
106,50
107,50
108,50
109,50
110,50
111,50
112,50
113,50
114,51
115,51
116,51
117,51
118,51
119,51
120,51
121,51
122,51
123,51
124,51
125,51
126,51
127,51
128,51
129,51
130,51
131,51
132,51
133,51
134,51
135,51
136,52
137,53
138,53
139,53
140,53
141,53
142,53
143,54
144,54
145,54
146,54
147,55
148,55
149,55
150,56
151,56
152,56
153,56
154,56
155,56
156,56
157,56
158,56
159,57
160,57
161,57
162,58
163,59
164,60
165,60
166,60
167,61
168,62
169,62
170,62
171,62
172,63
173,64
174,65
175,66
176,67
177,68
178,69
179,70
180,71
181,71
182,71
183,72
184,73
185,73
186,74
187,74
188,74
189,75
190,75
191,76
192,76
193,76
194,76
195,77
196,77
197,78
198,78
199,78
200,79
201,79
202,79
203,79
204,79
205,80
206,80
207,80
208,80
209,80
210,80
211,80
212,80
213,80
214,80
215,80
216,80
217,80
218,80
219,80
220,80
221,80
222,80
223,80
224,80
225,80
226,80
227,81
228,81
229,81
230,81
231,81
232,81
233,81
234,81
235,82
236,82
237,82
238,82
239,82
240,82
241,82
242,82
243,82
244,82
245,82
246,82
247,82
248,82
249,83
250,83
251,83
252,83
253,83
254,83
255,83
256,83
257,83
258,83
259,83
260,83
261,83
262,83
263,83
264,83
265,83
266,83
267,83
268,83
269,83
270,83
271,84
272,85
273,86
274,86
275,86
276,86
277,86
278,86
279,86
280,86
281,86
282,86
283,86
284,86
285,86
286,86
287,86
288,86
289,86
290,86
291,86
292,86
293,86
294,86
295,86
296,86
297,86
298,86
299,86
300,86
301,86
302,86
303,86
304,87
305,87
306,87
307,87
308,87
309,87
310,87
311,87
312,87
313,87
314,88
315,88
316,88
317,88
318,88
319,88
320,88
321,88
322,88
323,88
324,88
325,88
326,88
327,88
328,88
329,88
330,88
331,88
332,88
333,88
334,88
335,88
336,88
337,88
338,88
339,88
340,88
341,88
342,88
343,88
344,88
345,88
346,88
347,88
348,88
349,88
350,88
351,88
352,88
353,88
354,88
355,88
356,88
357,88
358,89
359,89
360,90
361,91
362,91
363,91
364,91
365,92
366,92
367,92
368,92
369,92
370,92
371,92
372,92
373,92
374,92
375,92
376,92
377,92
378,92
379,92
380,92
381,92
382,92
383,92
384,92
385,92
386,92
387,92
388,92
389,92
390,92
391,92
392,92
393,92
394,92
395,92
396,92
397,92
398,92
399,92
400,92
401,92
402,92
403,92
404,92
405,92
406,92
407,92
408,92
409,92
410,92
411,92
412,92
413,92
414,92
415,92
416,92
417,92
418,92
419,92
420,92
421,92
422,92
423,92
424,92
425,92
426,92
427,92
428,92
429,92
430,92
431,92
432,92
433,92
434,92
435,92
436,92
437,92
438,92
439,92
440,92
441,92
442,92
443,92
444,93
445,93
446,93
447,94
448,95
449,95
450,95
451,95
452,95
453,95
454,95
455,95
456,95
457,95
458,95
459,95
460,95
461,95
462,95
463,95
464,95
465,95
466,95
467,95
468,95
469,95
470,95
471,95
472,95
473,95
474,95
475,95
476,95
477,95
478,95
479,95
480,95
481,95
482,95
483,95
484,95
485,95
486,95
487,95
488,95
489,95
490,95
491,96
492,96
493,96
494,96
495,96
496,96
497,96
498,96
499,96
500,96
501,96
502,96
503,96
504,96
505,96
506,96
507,96
508,96
509,96
510,96
511,96
512,96
513,96
514,96
515,96
516,96
517,96
518,96
519,96
520,96
521,96
522,96
523,96
524,96
525,96
526,96
527,96
528,96
529,96
530,96
531,96
532,96
533,96
534,96
535,96
536,96
537,96
538,96
539,96
540,96
541,96
542,97
543,97
544,97
545,97
546,97
547,97
548,97
549,98
550,98
551,98
552,98
553,98
554,98
555,98
556,98
557,98
558,98
559,98
560,98
561,98
562,98
563,98
564,98
565,98
566,98
567,98
568,98
569,98
570,98
571,98
572,98
573,98
574,98
575,98
576,98
577,98
578,98
579,98
580,98
581,98
582,98
583,98
584,98
585,98
586,98
587,98
588,98
589,98
590,98
591,98
592,98
593,98
594,98
595,98
596,98
597,98
598,98
599,98
600,98
601,98
602,98
603,98
604,98
605,98
606,98
607,98
608,98
609,98
610,98
611,98
612,98
613,98
614,98
615,98
616,98
617,98
618,98
619,98
620,98
621,98
622,98
623,98
624,98
625,98
626,98
627,98
628,98
629,98
630,98
631,98
632,98
633,98
634,98
635,98
636,98
637,98
638,98
639,98
640,98
641,98
642,98
643,98
644,98
645,98
646,99
647,99
648,99
649,99
650,99
651,99
652,99
653,99
654,99
655,99
656,99
657,99
658,99
659,99
660,99
661,99
662,99
663,99
664,99
665,99
666,99
667,99
668,99
669,99
670,99
671,99
672,99
673,99
674,99
675,99
676,99
677,99
678,99
679,99
680,99
681,99
682,99
683,99
684,99
685,99
686,99
687,99
688,99
689,99
690,99
691,99
692,99
693,99
694,99
695,99
696,99
697,99
698,99
699,99
700,99
701,99
702,99
703,99
704,99
705,99
706,99
707,99
708,99
709,99
710,99
711,99
712,99
713,99
714,99
715,99
716,99
717,99
718,99
719,99
720,99
721,99
722,99
723,99
724,99
725,99
726,99
727,99
728,99
729,99
730,99
731,99
732,99
733,99
734,99
735,99
736,99
737,99
738,99
739,99
740,99
741,99
742,99
743,99
744,99
745,99
746,99
747,99
748,99
749,99
750,99
751,99
752,99
753,99
754,99
755,99
756,99
757,99
758,99
759,99
760,99
761,99
762,99
763,99
764,99
765,99
766,99
767,99
768,99
769,99
770,99
771,99
772,99
773,99
774,99
775,99
776,99
777,99
778,99
779,99
780,99
781,99
782,99
783,99
784,99
785,99
786,99
787,99
788,99
789,99
790,99
791,99
792,99
793,99
794,99
795,99
796,99
797,99
798,99
799,99
800,99
801,99
802,99
803,99
804,99
805,99
806,99
807,99
808,99
809,99
810,99
811,99
812,99
813,99
814,99
815,99
816,99
817,99
818,99
819,99
820,99
821,99
822,99
823,99
824,99
825,99
826,99
827,99
828,99
829,99
830,99
831,99
832,99
833,99
834,99
835,99
836,99
837,99
838,99
839,99
840,99
841,99
842,99
843,99
844,99
845,99
846,99
847,99
848,99
849,99
850,99
851,99
852,99
853,99
854,99
855,99
856,99
857,99
858,99
859,99
860,99
861,99
862,99
863,99
864,99
865,99
866,99
867,99
868,99
869,99
870,99
871,99
872,99
873,99
874,99
875,99
876,99
877,99
878,99
879,99
880,99
881,99
882,99
883,99
884,99
885,99
886,99
887,99
888,99
889,99
890,99
891,99
892,99
893,99
894,99
895,99
896,99
897,99
898,99
899,99
900,99
901,99
902,99
903,99
904,99
905,99
906,99
907,99
908,99
909,99
910,99
911,99
912,99
913,99
914,99
915,99
916,99
917,99
918,99
919,99
920,99
921,99
922,99
923,99
924,99
925,99
926,99
927,99
928,99
929,99
930,99
931,99
932,99
933,99
934,99
935,99
936,99
937,99
938,99
939,99
940,99
941,99
942,99
943,99
944,99
945,99
946,99
947,99
948,99
949,99
950,99
951,99
952,99
953,99
954,99
955,99
956,99
957,99
958,99
959,99
960,99
961,99
962,99
963,99
964,99
965,99
966,99
967,99
968,99
969,99
970,99
971,99
972,99
973,99
974,99
975,99
976,99
977,99
978,99
979,99
980,99
981,99
982,99
983,99
984,99
985,99
986,99
987,99
988,99
989,99
990,99
991,99
992,99
993,99
994,99
995,99
996,99
997,99
998,99
999,99
1000,99
1001,99
1002,99
1003,99
1004,99
1005,99
1006,99
1007,99
1008,99
1009,99
1010,99
1011,99
1012,99
1013,99
1014,99
1015,99
1016,99
1017,99
1018,99
1019,99
1020,99
1021,99
1022,99
1023,99
1024,99
1025,99
1026,99
1027,99
1028,99
1029,99
1030,99
1031,99
1032,99
1033,99
1034,99
1035,99
1036,99
1037,99
1038,99
1039,99
1040,99
1041,99
1042,99
1043,99
1044,99
1045,99
1046,99
1047,99
1048,99
1049,99
1050,99
1051,99
1052,99
1053,99
1054,99
1055,99
1056,99
1057,99
1058,99
1059,99
1060,99
1061,99
1062,99
1063,99
1064,99
1065,99
1066,99
1067,99
1068,99
1069,99
1070,99
1071,99
1072,99
1073,99
1074,99
1075,99
1076,99
1077,99
1078,99
1079,99
1080,99
1081,99
1082,99
1083,99
1084,99
1085,99
1086,99
1087,99
1088,99
1089,99
1090,99
1091,99
1092,99
1093,99
1094,99
1095,99
1096,99
1097,99
1098,99
1099,99
1100,99
1101,99
1102,99
1103,99
1104,99
1105,99
1106,99
1107,99
1108,99
1109,99
1110,99
1111,99
1112,99
1113,99
1114,99
1115,99
1116,99
1117,99
1118,99
1119,99
1120,99
1121,99
1122,99
1123,99
1124,99
1125,99
1126,99
1127,99
1128,99
1129,99
1130,99
1131,99
1132,99
1133,99
1134,99
1135,99
1136,99
1137,99
1138,99
1139,99
1140,99
1141,99
1142,99
1143,99
1144,99
1145,99
1146,99
1147,99
1148,99
1149,99
1150,99
1151,99
1152,99
1153,99
1154,99
1155,99
1156,99
1157,99
1158,99
1159,99
1160,99
1161,99
1162,99
1163,99
1164,99
1165,99
1166,99
1167,99
1168,99
1169,99
1170,99
1171,99
1172,99
1173,99
1174,99
1175,99
1176,99
1177,99
1178,99
1179,99
1180,99
1181,99
1182,99
1183,99
1184,99
1185,99
1186,99
1187,99
1188,99
1189,99
1190,99
1191,99
1192,99
1193,99
1194,99
1195,99
1196,99
1197,99
1198,99
1199,99
1200,99
1201,99
1202,99
1203,99
1204,99
1205,99
1206,99
1207,99
1208,99
1209,99
1210,99
1211,99
1212,99
1213,99
1214,99
1215,99
1216,99
1217,99
1218,99
1219,99
1220,99
1221,99
1222,99
1223,99
1224,99
1225,99
1226,99
1227,99
1228,99
1229,99
1230,99
1231,99
1232,99
1233,99
1234,99
1235,99
1236,99
1237,99
1238,99
1239,99
1240,99
1241,99
1242,99
1243,99
1244,99
1245,99
1246,99
1247,99
1248,99
1249,99
1250,99
1251,99
1252,99
1253,99
1254,99
1255,99
1256,99
1257,99
1258,99
1259,99
1260,99
1261,99
1262,99
1263,99
1264,99
1265,99
1266,99
1267,99
1268,99
1269,99
1270,99
1271,99
1272,99
1273,99
1274,99
1275,99
1276,99
1277,99
1278,99
1279,99
1280,99
1281,99
1282,99
1283,99
1284,99
1285,99
1286,99
1287,99
1288,99
1289,100
