0,0
1,1
2,2
3,3
4,4
5,5
6,6
7,7
8,8
9,9
10,10
11,11
12,11
13,12
14,13
15,13
16,14
17,15
18,16
19,17
20,17
21,17
22,18
23,19
24,20
25,20
26,21
27,21
28,22
29,23
30,23
31,23
32,24
33,25
34,25
35,25
36,25
37,25
38,25
39,25
40,26
41,26
42,27
43,28
44,28
45,29
46,30
47,31
48,32
49,33
50,34
51,35
52,36
53,37
54,37
55,38
56,39
57,39
58,40
59,40
60,40
61,40
62,40
63,40
64,41
65,41
66,42
67,42
68,43
69,43
70,43
71,44
72,45
73,46
74,46
75,46
76,46
77,46
78,47
79,47
80,48
81,48
82,48
83,48
84,48
85,48
86,49
87,49
88,50
89,50
90,51
91,52
92,52
93,52
94,52
95,53
96,53
97,53
98,53
99,53
100,53
101,53
102,54
103,54
104,54
105,54
106,54
107,54
108,54
109,54
110,54
111,54
112,54
113,54
114,54
115,54
116,55
117,55
118,55
119,56
120,56
121,56
122,56
123,56
124,57
125,57
126,58
127,58
128,58
129,59
130,59
131,59
132,59
133,60
134,61
135,62
136,62
137,62
138,62
139,63
140,63
141,63
142,64
143,65
144,65
145,66
146,66
147,66
148,66
149,66
150,67
151,67
152,67
153,67
154,67
155,67
156,67
157,67
158,67
159,67
160,68
161,68
162,68
163,68
164,68
165,68
166,69
167,69
168,69
169,69
170,69
171,69
172,69
173,69
174,69
175,69
176,69
177,69
178,69
179,69
180,69
181,69
182,69
183,69
184,69
185,70
186,70
187,70
188,70
189,71
190,71
191,71
192,71
193,71
194,71
195,71
196,71
197,71
198,71
199,71
200,71
201,71
202,71
203,71
204,71
205,71
206,71
207,71
208,71
209,72
210,73
211,73
212,74
213,75
214,76
215,76
216,76
217,76
218,76
219,76
220,76
221,76
222,76
223,76
224,76
225,76
226,76
227,76
228,76
229,76
230,76
231,76
232,76
233,76
234,76
235,76
236,76
237,76
238,76
239,76
240,76
241,77
242,77
243,77
244,78
245,78
246,78
247,78
248,78
249,78
250,78
251,78
252,78
253,78
254,78
255,78
256,78
257,78
258,78
259,78
260,78
261,78
262,78
263,78
264,78
265,78
266,78
267,78
268,78
269,78
270,78
271,78
272,78
273,78
274,78
275,78
276,78
277,78
278,78
279,78
280,79
281,80
282,80
283,80
284,80
285,80
286,80
287,80
288,80
289,80
290,80
291,80
292,80
293,80
294,80
295,80
296,80
297,80
298,81
299,82
300,82
301,82
302,82
303,82
304,82
305,82
306,82
307,82
308,82
309,82
310,82
311,82
312,82
313,82
314,82
315,82
316,82
317,82
318,82
319,82
320,82
321,82
322,82
323,82
324,82
325,82
326,82
327,82
328,82
329,82
330,82
331,82
332,82
333,82
334,82
335,82
336,82
337,83
338,84
339,85
340,86
341,86
342,86
343,86
344,87
345,87
346,87
347,87
348,87
349,87
350,87
351,87
352,87
353,87
354,87
355,87
356,88
357,88
358,88
359,88
360,88
361,88
362,88
363,88
364,88
365,88
366,88
367,88
368,89
369,89
370,89
371,89
372,89
373,89
374,89
375,89
376,89
377,89
378,89
379,89
380,90
381,90
382,90
383,90
384,90
385,90
386,90
387,90
388,90
389,90
390,90
391,90
392,90
393,90
394,90
395,90
396,90
397,90
398,90
399,90
400,90
401,90
402,90
403,90
404,90
405,90
406,90
407,90
408,90
409,90
410,90
411,90
412,90
413,90
414,90
415,90
416,90
417,90
418,90
419,90
420,90
421,90
422,90
423,90
424,90
425,91
426,91
427,91
428,91
429,91
430,91
431,91
432,91
433,91
434,92
435,92
436,92
437,92
438,92
439,92
440,92
441,92
442,92
443,92
444,92
445,92
446,92
447,92
448,92
449,92
450,92
451,92
452,92
453,92
454,92
455,92
456,92
457,92
458,92
459,92
460,92
461,92
462,92
463,92
464,92
465,92
466,92
467,92
468,92
469,92
470,92
471,92
472,92
473,92
474,92
475,92
476,92
477,92
478,92
479,92
480,92
481,92
482,92
483,92
484,92
485,92
486,92
487,92
488,92
489,92
490,92
491,92
492,92
493,92
494,92
495,92
496,92
497,92
498,92
499,92
500,92
501,92
502,92
503,92
504,92
505,92
506,92
507,92
508,92
509,92
510,92
511,92
512,92
513,92
514,92
515,92
516,92
517,92
518,92
519,92
520,92
521,92
522,92
523,92
524,92
525,92
526,92
527,92
528,92
529,92
530,92
531,92
532,92
533,92
534,92
535,92
536,93
537,94
538,95
539,95
540,95
541,95
542,95
543,95
544,95
545,95
546,95
547,95
548,95
549,95
550,95
551,95
552,95
553,95
554,95
555,95
556,95
557,95
558,95
559,95
560,95
561,95
562,95
563,95
564,95
565,95
566,95
567,95
568,95
569,95
570,95
571,95
572,95
573,95
574,95
575,95
576,95
577,95
578,95
579,95
580,95
581,95
582,95
583,95
584,95
585,95
586,95
587,95
588,95
589,95
590,95
591,95
592,95
593,95
594,95
595,95
596,95
597,95
598,95
599,95
600,95
601,95
602,95
603,95
604,95
605,95
606,95
607,95
608,95
609,95
610,95
611,95
612,95
613,95
614,95
615,95
616,95
617,96
618,96
619,96
620,96
621,96
622,96
623,96
624,96
625,96
626,96
627,96
628,96
629,96
630,96
631,97
632,97
633,97
634,97
635,97
636,97
637,97
638,97
639,97
640,97
641,97
642,97
643,97
644,97
645,97
646,97
647,98
648,98
649,98
650,98
651,98
652,98
653,98
654,98
655,98
656,98
657,98
658,98
659,98
660,98
661,98
662,98
663,98
664,98
665,98
666,98
667,98
668,98
669,98
670,98
671,98
672,98
673,98
674,98
675,98
676,98
677,98
678,98
679,98
680,98
681,98
682,98
683,98
684,98
685,98
686,98
687,98
688,98
689,98
690,98
691,98
692,98
693,98
694,98
695,98
696,98
697,98
698,98
699,98
700,98
701,98
702,98
703,98
704,98
705,98
706,98
707,98
708,98
709,98
710,98
711,98
712,98
713,98
714,98
715,98
716,98
717,98
718,98
719,98
720,98
721,98
722,98
723,98
724,98
725,98
726,98
727,98
728,98
729,98
730,98
731,98
732,98
733,98
734,98
735,98
736,98
737,98
738,98
739,98
740,98
741,98
742,98
743,98
744,98
745,98
746,98
747,98
748,98
749,98
750,98
751,98
752,98
753,98
754,98
755,98
756,98
757,98
758,98
759,98
760,98
761,98
762,98
763,98
764,98
765,98
766,98
767,98
768,98
769,98
770,98
771,98
772,98
773,98
774,98
775,98
776,98
777,99
778,99
779,99
780,99
781,99
782,99
783,99
784,99
785,99
786,99
787,99
788,99
789,99
790,99
791,99
792,99
793,99
794,99
795,99
796,99
797,99
798,99
799,99
800,99
801,99
802,99
803,99
804,99
805,99
806,99
807,99
808,99
809,99
810,99
811,99
812,100
