0,0
1,1
2,2
3,3
4,4
5,5
6,6
7,7
8,8
9,8
10,8
11,9
12,9
13,10
14,11
15,12
16,13
17,14
18,14
19,15
20,16
21,17
22,18
23,18
24,19
25,19
26,20
27,21
28,21
29,21
30,21
31,21
32,22
33,22
34,23
35,23
36,23
37,23
38,23
39,24
40,25
41,26
42,26
43,26
44,27
45,28
46,28
47,28
48,28
49,28
50,28
51,29
52,30
53,31
54,32
55,33
56,34
57,35
58,35
59,36
60,37
61,38
62,39
63,40
64,41
65,42
66,43
67,44
68,45
69,45
70,46
71,47
72,48
73,49
74,49
75,50
76,51
77,51
78,51
79,51
80,51
81,52
82,53
83,53
84,53
85,53
86,53
87,53
88,53
89,53
90,53
91,53
92,53
93,53
94,53
95,53
96,53
97,53
98,54
99,54
100,54
101,54
102,55
103,56
104,57
105,58
106,59
107,60
108,61
109,61
110,62
111,63
112,64
113,64
114,65
115,66
116,66
117,66
118,66
119,67
120,67
121,67
122,67
123,67
124,67
125,67
126,67
127,67
128,67
129,67
130,68
131,68
132,68
133,68
134,68
135,68
136,68
137,68
138,68
139,68
140,68
141,68
142,68
143,68
144,68
145,68
146,68
147,69
148,69
149,69
150,69
151,69
152,70
153,70
154,70
155,70
156,70
157,70
158,70
159,70
160,70
161,70
162,70
163,70
164,70
165,70
166,70
167,70
168,70
169,70
170,70
171,70
172,71
173,71
174,71
175,71
176,72
177,72
178,72
179,72
180,72
181,72
182,72
183,73
184,73
185,73
186,73
187,73
188,73
189,73
190,73
191,73
192,73
193,73
194,73
195,73
196,73
197,73
198,73
199,73
200,73
201,74
202,75
203,75
204,75
205,75
206,75
207,75
208,75
209,75
210,75
211,75
212,75
213,75
214,75
215,75
216,75
217,75
218,75
219,75
220,75
221,75
222,75
223,75
224,75
225,75
226,75
227,75
228,75
229,75
230,75
231,76
232,76
233,76
234,77
235,77
236,77
237,77
238,77
239,78
240,78
241,78
242,78
243,78
244,78
245,78
246,79
247,80
248,81
249,81
250,82
251,83
252,83
253,83
254,83
255,83
256,83
257,83
258,83
259,83
260,83
261,83
262,83
263,84
264,84
265,84
266,84
267,84
268,84
269,84
270,84
271,84
272,84
273,84
274,84
275,84
276,84
277,84
278,84
279,84
280,84
281,84
282,84
283,84
284,84
285,84
286,84
287,84
288,84
289,84
290,84
291,84
292,84
293,84
294,84
295,84
296,84
297,84
298,84
299,84
300,84
301,84
302,84
303,84
304,84
305,84
306,84
307,84
308,84
309,84
310,84
311,84
312,84
313,84
314,85
315,85
316,85
317,85
318,85
319,85
320,85
321,85
322,85
323,85
324,85
325,85
326,85
327,85
328,85
329,86
330,86
331,86
332,86
333,87
334,87
335,87
336,87
337,87
338,87
339,87
340,87
341,87
342,87
343,87
344,87
345,87
346,87
347,87
348,87
349,87
350,87
351,87
352,87
353,87
354,87
355,87
356,87
357,88
358,88
359,88
360,88
361,88
362,88
363,88
364,88
365,88
366,88
367,89
368,89
369,89
370,89
371,89
372,89
373,89
374,89
375,89
376,89
377,90
378,90
379,90
380,90
381,90
382,90
383,90
384,90
385,90
386,90
387,90
388,90
389,90
390,90
391,90
392,90
393,90
394,90
395,90
396,90
397,90
398,90
399,90
400,90
401,90
402,90
403,90
404,90
405,90
406,90
407,90
408,90
409,90
410,90
411,90
412,90
413,90
414,90
415,90
416,90
417,90
418,90
419,90
420,90
421,90
422,90
423,90
424,90
425,90
426,90
427,90
428,90
429,90
430,90
431,90
432,90
433,90
434,90
435,90
436,90
437,90
438,90
439,90
440,90
441,90
442,90
443,90
444,90
445,90
446,90
447,90
448,90
449,90
450,90
451,90
452,90
453,90
454,90
455,90
456,90
457,90
458,90
459,90
460,90
461,90
462,90
463,90
464,90
465,90
466,90
467,90
468,90
469,90
470,90
471,90
472,90
473,90
474,90
475,90
476,90
477,90
478,90
479,91
480,91
481,91
482,91
483,91
484,91
485,91
486,91
487,91
488,91
489,91
490,91
491,91
492,91
493,91
494,91
495,91
496,91
497,91
498,91
499,91
500,91
501,91
502,91
503,91
504,91
505,91
506,91
507,91
508,91
509,91
510,91
511,91
512,91
513,91
514,91
515,91
516,91
517,91
518,91
519,91
520,91
521,91
522,91
523,91
524,91
525,91
526,91
527,91
528,91
529,91
530,91
531,91
532,91
533,91
534,91
535,91
536,91
537,91
538,91
539,91
540,91
541,91
542,91
543,91
544,91
545,91
546,91
547,91
548,91
549,91
550,91
551,91
552,91
553,91
554,91
555,91
556,91
557,91
558,91
559,91
560,91
561,91
562,91
563,91
564,91
565,91
566,91
567,91
568,91
569,91
570,91
571,91
572,91
573,92
574,92
575,92
576,92
577,92
578,92
579,92
580,92
581,92
582,92
583,92
584,92
585,92
586,92
587,92
588,92
589,92
590,92
591,92
592,92
593,92
594,92
595,92
596,92
597,92
598,92
599,92
600,92
601,92
602,92
603,92
604,92
605,92
606,92
607,92
608,92
609,92
610,92
611,93
612,93
613,93
614,93
615,93
616,93
617,93
618,93
619,93
620,93
621,93
622,93
623,93
624,93
625,93
626,93
627,93
628,93
629,93
630,93
631,94
632,94
633,94
634,94
635,95
636,96
637,96
638,96
639,96
640,97
641,97
642,97
643,97
644,97
645,97
646,97
647,97
648,97
649,97
650,97
651,97
652,97
653,97
654,97
655,97
656,97
657,97
658,97
659,97
660,97
661,97
662,97
663,97
664,97
665,97
666,97
667,97
668,97
669,97
670,97
671,97
672,97
673,97
674,97
675,97
676,97
677,97
678,97
679,97
680,97
681,97
682,97
683,97
684,97
685,97
686,97
687,97
688,97
689,97
690,97
691,97
692,97
693,97
694,97
695,97
696,97
697,97
698,97
699,97
700,97
701,97
702,97
703,97
704,97
705,97
706,97
707,97
708,97
709,97
710,97
711,97
712,97
713,97
714,97
715,97
716,97
717,97
718,97
719,97
720,97
721,97
722,97
723,97
724,97
725,97
726,97
727,97
728,97
729,97
730,97
731,97
732,97
733,97
734,97
735,97
736,97
737,97
738,97
739,97
740,97
741,97
742,97
743,97
744,97
745,97
746,97
747,97
748,97
749,97
750,97
751,97
752,97
753,97
754,97
755,97
756,97
757,97
758,97
759,97
760,97
761,97
762,97
763,97
764,97
765,97
766,97
767,97
768,97
769,97
770,97
771,97
772,97
773,97
774,97
775,97
776,97
777,97
778,97
779,97
780,97
781,97
782,97
783,97
784,97
785,97
786,97
787,97
788,97
789,97
790,97
791,97
792,97
793,97
794,97
795,97
796,97
797,97
798,98
799,98
800,98
801,98
802,98
803,98
804,99
805,99
806,99
807,99
808,99
809,99
810,99
811,99
812,99
813,99
814,99
815,99
816,99
817,99
818,99
819,99
820,99
821,99
822,99
823,99
824,99
825,99
826,99
827,99
828,99
829,99
830,99
831,99
832,99
833,99
834,99
835,99
836,99
837,99
838,99
839,99
840,99
841,99
842,99
843,99
844,99
845,99
846,99
847,99
848,99
849,99
850,99
851,99
852,99
853,99
854,99
855,99
856,99
857,99
858,99
859,99
860,99
861,99
862,99
863,99
864,99
865,99
866,99
867,99
868,99
869,99
870,99
871,99
872,99
873,99
874,99
875,99
876,99
877,99
878,99
879,99
880,99
881,99
882,99
883,99
884,99
885,99
886,99
887,99
888,99
889,99
890,99
891,99
892,99
893,99
894,99
895,99
896,99
897,99
898,99
899,99
900,99
901,99
902,99
903,99
904,99
905,99
906,99
907,99
908,99
909,99
910,99
911,99
912,99
913,99
914,99
915,99
916,99
917,99
918,99
919,99
920,99
921,99
922,99
923,99
924,99
925,99
926,99
927,99
928,99
929,99
930,99
931,99
932,99
933,99
934,99
935,99
936,99
937,99
938,99
939,99
940,99
941,99
942,99
943,99
944,99
945,99
946,99
947,99
948,99
949,99
950,99
951,99
952,99
953,99
954,99
955,99
956,99
957,99
958,99
959,99
960,99
961,99
962,99
963,99
964,99
965,99
966,99
967,99
968,99
969,99
970,99
971,99
972,99
973,99
974,99
975,99
976,99
977,99
978,99
979,99
980,99
981,99
982,99
983,99
984,99
985,99
986,99
987,99
988,99
989,99
990,99
991,99
992,99
993,99
994,99
995,99
996,99
997,99
998,99
999,99
1000,99
1001,99
1002,99
1003,99
1004,99
1005,99
1006,99
1007,99
1008,99
1009,99
1010,99
1011,99
1012,99
1013,99
1014,99
1015,99
1016,99
1017,99
1018,99
1019,99
1020,99
1021,99
1022,99
1023,99
1024,99
1025,99
1026,99
1027,99
1028,99
1029,99
1030,99
1031,99
1032,99
1033,99
1034,99
1035,99
1036,99
1037,99
1038,99
1039,99
1040,99
1041,99
1042,99
1043,99
1044,99
1045,99
1046,99
1047,99
1048,99
1049,99
1050,99
1051,99
1052,99
1053,99
1054,99
1055,99
1056,99
1057,99
1058,99
1059,99
1060,99
1061,99
1062,99
1063,99
1064,99
1065,99
1066,99
1067,99
1068,99
1069,99
1070,99
1071,99
1072,99
1073,99
1074,99
1075,99
1076,99
1077,99
1078,99
1079,99
1080,99
1081,99
1082,99
1083,99
1084,99
1085,99
1086,99
1087,99
1088,99
1089,99
1090,99
1091,99
1092,99
1093,99
1094,99
1095,99
1096,99
1097,99
1098,99
1099,99
1100,99
1101,99
1102,99
1103,99
1104,99
1105,99
1106,99
1107,99
1108,99
1109,99
1110,99
1111,99
1112,99
1113,99
1114,99
1115,99
1116,99
1117,99
1118,99
1119,99
1120,99
1121,99
1122,99
1123,99
1124,99
1125,99
1126,99
1127,99
1128,99
1129,99
1130,99
1131,99
1132,99
1133,99
1134,99
1135,99
1136,99
1137,99
1138,99
1139,99
1140,99
1141,99
1142,99
1143,99
1144,99
1145,99
1146,99
1147,99
1148,99
1149,99
1150,99
1151,99
1152,99
1153,99
1154,99
1155,99
1156,99
1157,99
1158,99
1159,99
1160,99
1161,99
1162,99
1163,99
1164,99
1165,99
1166,99
1167,99
1168,99
1169,99
1170,99
1171,99
1172,99
1173,99
1174,99
1175,99
1176,99
1177,99
1178,99
1179,99
1180,99
1181,99
1182,99
1183,99
1184,99
1185,99
1186,99
1187,99
1188,99
1189,99
1190,99
1191,99
1192,99
1193,99
1194,99
1195,99
1196,99
1197,99
1198,99
1199,99
1200,99
1201,99
1202,99
1203,99
1204,99
1205,99
1206,99
1207,99
1208,99
1209,99
1210,99
1211,99
1212,99
1213,99
1214,99
1215,99
1216,99
1217,99
1218,99
1219,99
1220,99
1221,99
1222,99
1223,99
1224,99
1225,99
1226,99
1227,99
1228,99
1229,99
1230,99
1231,99
1232,99
1233,99
1234,99
1235,99
1236,99
1237,99
1238,99
1239,99
1240,99
1241,99
1242,99
1243,99
1244,99
1245,99
1246,99
1247,99
1248,99
1249,99
1250,99
1251,99
1252,99
1253,99
1254,99
1255,99
1256,99
1257,99
1258,99
1259,99
1260,99
1261,99
1262,99
1263,99
1264,99
1265,99
1266,99
1267,99
1268,99
1269,99
1270,99
1271,99
1272,99
1273,99
1274,99
1275,99
1276,99
1277,99
1278,99
1279,99
1280,99
1281,99
1282,99
1283,99
1284,99
1285,99
1286,99
1287,99
1288,99
1289,99
1290,99
1291,99
1292,99
1293,99
1294,99
1295,99
1296,99
1297,99
1298,99
1299,99
1300,99
1301,99
1302,99
1303,99
1304,99
1305,99
1306,99
1307,99
1308,99
1309,99
1310,99
1311,99
1312,99
1313,99
1314,99
1315,99
1316,99
1317,99
1318,99
1319,99
1320,99
1321,99
1322,99
1323,99
1324,99
1325,99
1326,99
1327,99
1328,99
1329,99
1330,99
1331,99
1332,99
1333,99
1334,99
1335,99
1336,99
1337,99
1338,99
1339,99
1340,99
1341,99
1342,99
1343,99
1344,99
1345,99
1346,99
1347,99
1348,99
1349,99
1350,99
1351,99
1352,99
1353,100
