0,0
1,1
2,2
3,3
4,4
5,5
6,6
7,7
8,8
9,9
10,10
11,11
12,12
13,13
14,14
15,14
16,15
17,16
18,16
19,17
20,18
21,18
22,18
23,19
24,20
25,21
26,21
27,21
28,21
29,21
30,22
31,23
32,23
33,24
34,24
35,24
36,24
37,24
38,24
39,25
40,25
41,25
42,25
43,25
44,25
45,25
46,26
47,26
48,27
49,27
50,27
51,27
52,27
53,28
54,28
55,28
56,29
57,29
58,29
59,30
60,30
61,30
62,30
63,31
64,31
65,31
66,31
67,31
68,31
69,31
70,31
71,31
72,32
73,33
74,33
75,33
76,33
77,33
78,33
79,34
80,34
81,34
82,34
83,35
84,35
85,35
86,35
87,35
88,35
89,36
90,36
91,36
92,36
93,36
94,36
95,36
96,36
97,36
98,36
99,36
100,37
101,38
102,39
103,40
104,41
105,42
106,43
107,43
108,43
109,44
110,44
111,44
112,44
113,45
114,46
115,47
116,48
117,49
118,50
119,51
120,51
121,52
122,52
123,53
124,53
125,54
126,55
127,56
128,57
129,58
130,58
131,58
132,59
133,60
134,61
135,61
136,61
137,61
138,61
139,61
140,61
141,61
142,61
143,61
144,61
145,61
146,61
147,61
148,61
149,61
150,61
151,62
152,62
153,62
154,62
155,62
156,62
157,62
158,62
159,62
160,62
161,62
162,62
163,62
164,62
165,62
166,62
167,62
168,62
169,62
170,62
171,62
172,62
173,62
174,62
175,62
176,62
177,62
178,62
179,62
180,62
181,63
182,64
183,65
184,65
185,66
186,67
187,67
188,67
189,67
190,67
191,67
192,67
193,67
194,67
195,67
196,67
197,67
198,67
199,67
200,67
201,67
202,67
203,67
204,67
205,67
206,67
207,67
208,67
209,67
210,67
211,67
212,67
213,67
214,67
215,67
216,67
217,68
218,68
219,69
220,69
221,69
222,69
223,70
224,70
225,70
226,70
227,70
228,70
229,70
230,70
231,70
232,70
233,70
234,70
235,70
236,70
237,70
238,70
239,71
240,71
241,71
242,71
243,71
244,71
245,71
246,71
247,71
248,71
249,71
250,71
251,71
252,71
253,71
254,71
255,71
256,71
257,71
258,71
259,71
260,71
261,71
262,71
263,71
264,71
265,71
266,71
267,71
268,71
269,71
270,71
271,71
272,71
273,71
274,71
275,71
276,71
277,71
278,71
279,71
280,71
281,71
282,71
283,71
284,71
285,71
286,71
287,71
288,71
289,71
290,71
291,71
292,71
293,71
294,71
295,71
296,71
297,71
298,71
299,71
300,71
301,71
302,71
303,71
304,71
305,71
306,71
307,71
308,71
309,71
310,71
311,71
312,71
313,71
314,71
315,71
316,71
317,71
318,71
319,71
320,71
321,71
322,71
323,71
324,71
325,71
326,71
327,71
328,71
329,71
330,71
331,72
332,72
333,72
334,72
335,72
336,72
337,72
338,72
339,72
340,72
341,72
342,72
343,72
344,72
345,72
346,72
347,73
348,74
349,74
350,74
351,74
352,74
353,74
354,74
355,74
356,74
357,74
358,74
359,74
360,74
361,75
362,75
363,75
364,75
365,75
366,75
367,75
368,75
369,75
370,75
371,75
372,75
373,75
374,75
375,75
376,75
377,75
378,75
379,75
380,75
381,75
382,75
383,75
384,75
385,75
386,75
387,75
388,75
389,75
390,75
391,75
392,75
393,75
394,75
395,75
396,75
397,75
398,75
399,75
400,75
401,75
402,75
403,75
404,75
405,75
406,75
407,75
408,75
409,75
410,75
411,75
412,75
413,75
414,75
415,75
416,75
417,75
418,75
419,75
420,75
421,75
422,75
423,75
424,75
425,75
426,75
427,75
428,75
429,75
430,75
431,75
432,75
433,75
434,75
435,75
436,75
437,75
438,75
439,75
440,75
441,75
442,75
443,75
444,75
445,75
446,75
447,75
448,76
449,77
450,77
451,77
452,77
453,77
454,77
455,77
456,77
457,77
458,77
459,77
460,77
461,77
462,77
463,77
464,77
465,77
466,77
467,77
468,77
469,77
470,77
471,77
472,77
473,77
474,77
475,77
476,77
477,77
478,77
479,77
480,77
481,77
482,77
483,77
484,77
485,77
486,77
487,77
488,77
489,77
490,77
491,77
492,77
493,77
494,77
495,77
496,77
497,77
498,77
499,77
500,77
501,77
502,77
503,77
504,77
505,77
506,77
507,77
508,77
509,77
510,77
511,77
512,77
513,78
514,79
515,79
516,79
517,79
518,79
519,80
520,80
521,80
522,80
523,80
524,80
525,80
526,80
527,80
528,80
529,80
530,80
531,80
532,80
533,80
534,80
535,80
536,80
537,80
538,80
539,80
540,80
541,80
542,80
543,80
544,80
545,80
546,80
547,80
548,80
549,80
550,81
551,81
552,81
553,81
554,81
555,82
556,83
557,83
558,84
559,85
560,86
561,86
562,87
563,87
564,87
565,88
566,89
567,89
568,89
569,89
570,89
571,89
572,89
573,89
574,89
575,89
576,89
577,89
578,89
579,89
580,89
581,89
582,89
583,89
584,89
585,89
586,89
587,89
588,89
589,89
590,89
591,89
592,90
593,90
594,90
595,90
596,90
597,90
598,90
599,90
600,90
601,90
602,90
603,90
604,90
605,90
606,90
607,90
608,90
609,90
610,90
611,90
612,90
613,90
614,90
615,90
616,90
617,90
618,90
619,90
620,90
621,90
622,90
623,90
624,90
625,90
626,90
627,90
628,90
629,90
630,90
631,90
632,90
633,90
634,90
635,90
636,90
637,90
638,90
639,90
640,90
641,90
642,90
643,90
644,90
645,90
646,90
647,90
648,90
649,90
650,91
651,91
652,91
653,92
654,93
655,93
656,94
657,95
658,96
659,96
660,96
661,96
662,96
663,96
664,97
665,97
666,97
667,97
668,97
669,97
670,97
671,97
672,97
673,97
674,97
675,97
676,97
677,97
678,97
679,97
680,97
681,97
682,97
683,97
684,97
685,97
686,97
687,97
688,97
689,97
690,97
691,97
692,97
693,97
694,97
695,97
696,97
697,97
698,98
699,98
700,98
701,98
702,98
703,98
704,98
705,98
706,98
707,98
708,98
709,98
710,98
711,98
712,98
713,98
714,98
715,98
716,98
717,98
718,98
719,98
720,98
721,98
722,98
723,98
724,98
725,98
726,98
727,98
728,98
729,98
730,98
731,98
732,98
733,98
734,98
735,98
736,98
737,98
738,98
739,98
740,98
741,98
742,98
743,98
744,98
745,98
746,98
747,98
748,98
749,98
750,98
751,98
752,98
753,98
754,98
755,98
756,98
757,98
758,98
759,98
760,98
761,98
762,98
763,98
764,98
765,98
766,98
767,98
768,98
769,98
770,98
771,98
772,98
773,98
774,98
775,99
776,99
777,99
778,99
779,99
780,99
781,99
782,99
783,99
784,99
785,99
786,99
787,99
788,99
789,99
790,99
791,99
792,99
793,99
794,99
795,99
796,99
797,99
798,99
799,99
800,99
801,99
802,99
803,99
804,99
805,99
806,99
807,99
808,99
809,99
810,99
811,99
812,99
813,99
814,99
815,99
816,99
817,99
818,99
819,99
820,99
821,99
822,99
823,99
824,99
825,99
826,99
827,99
828,99
829,99
830,99
831,99
832,99
833,99
834,99
835,99
836,99
837,99
838,99
839,99
840,99
841,99
842,99
843,99
844,99
845,99
846,99
847,99
848,99
849,99
850,99
851,99
852,99
853,99
854,99
855,99
856,99
857,99
858,99
859,99
860,99
861,99
862,99
863,99
864,99
865,99
866,99
867,99
868,99
869,99
870,99
871,99
872,99
873,99
874,99
875,99
876,99
877,99
878,99
879,99
880,99
881,99
882,99
883,99
884,99
885,99
886,99
887,99
888,99
889,99
890,99
891,99
892,99
893,99
894,99
895,99
896,99
897,99
898,99
899,99
900,99
901,99
902,99
903,99
904,99
905,99
906,99
907,99
908,99
909,99
910,99
911,99
912,99
913,99
914,99
915,99
916,99
917,99
918,99
919,99
920,99
921,99
922,99
923,99
924,99
925,99
926,99
927,99
928,99
929,99
930,99
931,99
932,99
933,99
934,99
935,99
936,99
937,99
938,99
939,99
940,99
941,99
942,99
943,99
944,99
945,99
946,99
947,99
948,99
949,99
950,99
951,99
952,99
953,100
