0,0
1,1
2,2
3,3
4,4
5,5
6,6
7,7
8,8
9,9
10,10
11,11
12,12
13,13
14,14
15,15
16,16
17,17
18,17
19,18
20,19
21,19
22,19
23,19
24,19
25,19
26,19
27,20
28,20
29,21
30,22
31,23
32,24
33,24
34,25
35,26
36,27
37,28
38,28
39,29
40,30
41,30
42,31
43,31
44,32
45,32
46,32
47,33
48,33
49,34
50,35
51,36
52,37
53,38
54,39
55,40
56,41
57,42
58,42
59,43
60,43
61,43
62,43
63,43
64,43
65,43
66,43
67,44
68,45
69,46
70,47
71,48
72,49
73,50
74,51
75,52
76,53
77,54
78,55
79,56
80,56
81,57
82,57
83,58
84,59
85,60
86,60
87,60
88,61
89,61
90,62
91,62
92,62
93,62
94,63
95,64
96,65
97,66
98,67
99,67
100,67
101,67
102,67
103,67
104,67
105,67
106,67
107,68
108,68
109,69
110,69
111,70
112,70
113,71
114,71
115,72
116,73
117,74
118,74
119,75
120,75
121,75
122,75
123,76
124,76
125,76
126,76
127,76
128,77
129,77
130,77
131,77
132,77
133,78
134,79
135,79
136,80
137,81
138,81
139,81
140,81
141,81
142,81
143,82
144,82
145,83
146,84
147,85
148,86
149,87
150,88
151,89
152,89
153,90
154,90
155,91
156,92
157,92
158,92
159,92
160,93
161,94
162,94
163,94
164,94
165,94
166,94
167,94
168,95
169,95
170,95
171,95
172,95
173,95
174,95
175,95
176,96
177,96
178,96
179,96
180,96
181,96
182,96
183,96
184,96
185,96
186,97
187,97
188,97
189,97
190,98
191,99
192,100
193,100
194,100
195,100
196,100
197,101
198,102
199,102
200,102
201,102
202,102
203,103
204,103
205,104
206,105
207,105
208,105
209,105
210,105
211,105
212,106
213,106
214,106
215,106
216,106
217,106
218,106
219,106
220,107
221,107
222,107
223,107
224,107
225,107
226,107
227,107
228,107
229,107
230,107
231,108
232,108
233,108
234,108
235,108
236,108
237,108
238,108
239,108
240,108
241,109
242,109
243,109
244,109
245,109
246,109
247,109
248,109
249,110
250,110
251,110
252,110
253,110
254,110
255,110
256,111
257,111
258,112
259,112
260,112
261,112
262,112
263,112
264,112
265,112
266,112
267,112
268,112
269,113
270,113
271,113
272,113
273,113
274,113
275,113
276,113
277,113
278,113
279,113
280,113
281,113
282,113
283,113
284,113
285,113
286,113
287,113
288,113
289,113
290,113
291,113
292,113
293,113
294,113
295,113
296,113
297,113
298,113
299,113
300,113
301,113
302,113
303,113
304,113
305,113
306,113
307,113
308,113
309,113
310,113
311,113
312,113
313,113
314,113
315,114
316,114
317,114
318,114
319,114
320,114
321,114
322,114
323,115
324,115
325,115
326,115
327,115
328,115
329,115
330,115
331,115
332,115
333,115
334,115
335,115
336,115
337,115
338,115
339,115
340,115
341,116
342,116
343,116
344,116
345,116
346,116
347,116
348,116
349,117
350,117
351,118
352,118
353,118
354,118
355,118
356,118
357,118
358,118
359,119
360,120
361,120
362,120
363,120
364,120
365,120
366,120
367,120
368,120
369,120
370,120
371,120
372,120
373,120
374,120
375,120
376,120
377,120
378,120
379,120
380,120
381,120
382,120
383,120
384,120
385,120
386,120
387,120
388,120
389,120
390,120
391,120
392,120
393,120
394,120
395,120
396,120
397,120
398,121
399,122
400,122
401,122
402,122
403,122
404,122
405,122
406,122
407,122
408,122
409,122
410,122
411,122
412,122
413,122
414,122
415,122
416,122
417,122
418,122
419,122
420,122
421,122
422,122
423,122
424,122
425,122
426,122
427,122
428,122
429,122
430,122
431,122
432,122
433,122
434,122
435,122
436,122
437,122
438,122
439,122
440,122
441,122
442,122
443,122
444,122
445,122
446,122
447,122
448,122
449,122
450,122
451,122
452,122
453,122
454,123
455,124
456,124
457,124
458,124
459,124
460,124
461,124
462,124
463,124
464,124
465,125
466,125
467,125
468,125
469,125
470,125
471,125
472,125
473,125
474,125
475,125
476,125
477,125
478,125
479,125
480,125
481,125
482,125
483,125
484,125
485,125
486,125
487,125
488,125
489,125
490,125
491,125
492,125
493,125
494,125
495,125
496,125
497,125
498,125
499,125
500,125
501,125
502,125
503,125
504,125
505,125
506,125
507,125
508,125
509,125
510,125
511,125
512,125
513,125
514,125
515,125
516,125
517,125
518,125
519,125
520,125
521,125
522,125
523,125
524,125
525,125
526,125
527,125
528,125
529,125
530,125
531,125
532,125
533,125
534,125
535,125
536,125
537,125
538,125
539,125
540,125
541,125
542,125
543,125
544,125
545,125
546,125
547,125
548,125
549,125
550,125
551,125
552,125
553,125
554,125
555,125
556,125
557,125
558,125
559,125
560,126
561,126
562,126
563,126
564,126
565,126
566,126
567,126
568,126
569,126
570,126
571,126
572,126
573,126
574,126
575,126
576,126
577,126
578,126
579,126
580,126
581,126
582,126
583,126
584,126
585,126
586,126
587,126
588,126
589,126
590,126
591,126
592,126
593,126
594,126
595,126
596,126
597,126
598,126
599,126
600,126
601,126
602,126
603,126
604,126
605,126
606,126
607,126
608,126
609,126
610,126
611,126
612,126
613,126
614,126
615,126
616,126
617,126
618,126
619,126
620,126
621,126
622,126
623,126
624,126
625,126
626,126
627,127
628,127
629,127
630,128
631,129
632,129
633,129
634,129
635,129
636,129
637,129
638,129
639,129
640,129
641,129
642,129
643,129
644,129
645,129
646,129
647,129
648,129
649,129
650,129
651,129
652,129
653,129
654,129
655,130
656,130
657,130
658,130
659,130
660,130
661,130
662,130
663,130
664,130
665,130
666,131
667,131
668,131
669,131
670,131
671,131
672,131
673,131
674,131
675,131
676,131
677,131
678,131
679,131
680,131
681,131
682,131
683,131
684,131
685,131
686,131
687,131
688,131
689,131
690,131
691,131
692,131
693,131
694,131
695,131
696,131
697,131
698,131
699,131
700,131
701,131
702,131
703,131
704,131
705,131
706,131
707,131
708,131
709,131
710,131
711,131
712,131
713,131
714,131
715,131
716,131
717,131
718,131
719,131
720,131
721,131
722,131
723,131
724,131
725,131
726,131
727,131
728,131
729,131
730,131
731,131
732,131
733,131
734,131
735,131
736,131
737,131
738,131
739,131
740,131
741,131
742,131
743,131
744,131
745,131
746,131
747,131
748,131
749,131
750,131
751,131
752,131
753,131
754,131
755,131
756,131
757,131
758,131
759,131
760,131
761,131
762,132
763,132
764,132
765,132
766,132
767,132
768,132
769,132
770,132
771,132
772,132
773,132
774,132
775,132
776,132
777,132
778,132
779,132
780,132
781,132
782,132
783,132
784,133
785,133
786,133
787,133
788,133
789,133
790,133
791,133
792,133
793,133
794,133
795,133
796,133
797,133
798,133
799,133
800,133
801,133
802,133
803,133
804,133
805,133
806,133
807,133
808,133
809,133
810,133
811,133
812,133
813,133
814,133
815,133
816,133
817,133
818,133
819,133
820,133
821,133
822,133
823,133
824,133
825,133
826,133
827,133
828,133
829,133
830,133
831,133
832,133
833,133
834,133
835,133
836,133
837,133
838,133
839,133
840,133
841,133
842,133
843,133
844,133
845,133
846,133
847,133
848,133
849,133
850,133
851,133
852,133
853,133
854,133
855,133
856,133
857,133
858,133
859,133
860,133
861,133
862,133
863,133
864,133
865,133
866,133
867,133
868,133
869,133
870,133
871,133
872,133
873,133
874,133
875,133
876,133
877,133
878,133
879,133
880,133
881,133
882,133
883,133
884,133
885,133
886,133
887,133
888,133
889,133
890,133
891,133
892,133
893,133
894,133
895,133
896,133
897,133
898,133
899,133
900,133
901,133
902,133
903,133
904,133
905,133
906,133
907,133
908,133
909,133
910,133
911,133
912,133
913,133
914,133
915,133
916,133
917,133
918,133
919,133
920,133
921,133
922,133
923,133
924,133
925,133
926,133
927,133
928,133
929,133
930,133
931,133
932,133
933,133
934,133
935,133
936,133
937,133
938,133
939,133
940,133
941,133
942,133
943,133
944,133
945,133
946,133
947,134
948,135
949,136
950,137
951,138
952,138
953,138
954,139
955,140
956,140
957,140
958,140
959,140
960,140
961,140
962,140
963,140
964,140
965,140
966,140
967,140
968,140
969,140
970,140
971,140
972,140
973,140
974,140
975,140
976,140
977,140
978,140
979,140
980,140
981,140
982,140
983,140
984,140
985,140
986,140
987,140
988,140
989,140
990,140
991,140
992,140
993,140
994,140
995,140
996,140
997,140
998,140
999,140
1000,140
1001,140
1002,140
1003,140
1004,140
1005,140
1006,140
1007,140
1008,140
1009,140
1010,140
1011,140
1012,140
1013,140
1014,140
1015,140
1016,140
1017,140
1018,140
1019,140
1020,140
1021,140
1022,140
1023,140
1024,140
1025,140
1026,140
1027,140
1028,140
1029,140
1030,140
1031,140
1032,140
1033,140
1034,140
1035,140
1036,140
1037,140
1038,140
1039,140
1040,140
1041,140
1042,140
1043,140
1044,140
1045,140
1046,140
1047,140
1048,140
1049,140
1050,140
1051,140
1052,140
1053,140
1054,140
1055,140
1056,140
1057,140
1058,140
1059,140
1060,140
1061,140
1062,140
1063,140
1064,140
1065,140
1066,140
1067,140
1068,140
1069,140
1070,140
1071,140
1072,140
1073,140
1074,140
1075,140
1076,140
1077,140
1078,140
1079,140
1080,140
1081,140
1082,140
1083,140
1084,140
1085,140
1086,140
1087,140
1088,140
1089,140
1090,140
1091,140
1092,140
1093,140
1094,140
1095,140
1096,140
1097,140
1098,140
1099,140
1100,140
1101,140
1102,140
1103,140
1104,140
1105,140
1106,140
1107,140
1108,140
1109,140
1110,140
1111,140
1112,140
1113,140
1114,140
1115,140
1116,140
1117,140
1118,140
1119,140
1120,140
1121,140
1122,140
1123,140
1124,140
1125,140
1126,140
1127,140
1128,140
1129,140
1130,140
1131,140
1132,140
1133,140
1134,140
1135,140
1136,140
1137,140
1138,140
1139,140
1140,140
1141,140
1142,140
1143,140
1144,140
1145,140
1146,140
1147,140
1148,140
1149,140
1150,140
1151,140
1152,140
1153,140
1154,140
1155,140
1156,140
1157,140
1158,140
1159,140
1160,140
1161,140
1162,140
1163,140
1164,140
1165,140
1166,140
1167,140
1168,140
1169,140
1170,140
1171,140
1172,140
1173,140
1174,140
1175,140
1176,140
1177,140
1178,140
1179,140
1180,140
1181,140
1182,140
1183,140
1184,140
1185,140
1186,140
1187,140
1188,140
1189,140
1190,140
1191,140
1192,140
1193,140
1194,140
1195,140
1196,140
1197,140
1198,140
1199,140
1200,140
1201,140
1202,140
1203,140
1204,140
1205,140
1206,140
1207,140
1208,140
1209,140
1210,140
1211,140
1212,140
1213,140
1214,140
1215,140
1216,140
1217,140
1218,140
1219,140
1220,140
1221,140
1222,140
1223,140
1224,140
1225,140
1226,140
1227,140
1228,140
1229,140
1230,140
1231,140
1232,140
1233,140
1234,140
1235,140
1236,140
1237,140
1238,140
1239,140
1240,140
1241,140
1242,140
1243,140
1244,140
1245,140
1246,140
1247,140
1248,140
1249,140
1250,140
1251,140
1252,140
1253,140
1254,140
1255,140
1256,140
1257,140
1258,140
1259,140
1260,140
1261,140
1262,140
1263,140
1264,140
1265,140
1266,140
1267,140
1268,140
1269,140
1270,140
1271,140
1272,140
1273,140
1274,140
1275,140
1276,140
1277,140
1278,140
1279,140
1280,140
1281,140
1282,140
1283,140
1284,140
1285,140
1286,140
1287,140
1288,140
1289,140
1290,140
1291,140
1292,140
1293,140
1294,140
1295,140
1296,140
1297,140
1298,140
1299,140
1300,140
1301,140
1302,140
1303,140
1304,140
1305,140
1306,140
1307,140
1308,140
1309,140
1310,140
1311,140
1312,140
1313,140
1314,140
1315,140
1316,140
1317,140
1318,140
1319,140
1320,140
1321,140
1322,140
1323,140
1324,140
1325,140
1326,140
1327,140
1328,140
1329,140
1330,140
1331,140
1332,140
1333,140
1334,140
1335,140
1336,140
1337,140
1338,140
1339,140
1340,140
1341,140
1342,140
1343,140
1344,140
1345,140
1346,140
1347,140
1348,140
1349,140
1350,140
1351,140
1352,140
1353,140
1354,141
1355,141
1356,141
1357,141
1358,141
1359,141
1360,141
1361,141
1362,141
1363,141
1364,141
1365,141
1366,141
1367,141
1368,141
1369,141
1370,141
1371,141
1372,141
1373,141
1374,141
1375,141
1376,141
1377,141
1378,141
1379,141
1380,141
1381,141
1382,141
1383,141
1384,141
1385,141
1386,141
1387,141
1388,141
1389,141
1390,141
1391,141
1392,141
1393,141
1394,141
1395,141
1396,141
1397,141
1398,141
1399,141
1400,141
1401,141
1402,141
1403,141
1404,141
1405,141
1406,141
1407,141
1408,141
1409,141
1410,141
1411,141
1412,141
1413,141
1414,141
1415,141
1416,141
1417,141
1418,141
1419,141
1420,141
1421,141
1422,141
1423,141
1424,141
1425,141
1426,141
1427,141
1428,141
1429,141
1430,141
1431,141
1432,141
1433,141
1434,141
1435,141
1436,141
1437,141
1438,141
1439,141
1440,141
1441,141
1442,141
1443,141
1444,141
1445,141
1446,141
1447,141
1448,141
1449,141
1450,141
1451,141
1452,141
1453,141
1454,141
1455,141
1456,141
1457,141
1458,141
1459,141
1460,141
1461,141
1462,141
1463,141
1464,141
1465,141
1466,141
1467,141
1468,141
1469,141
1470,141
1471,141
1472,141
1473,141
1474,141
1475,141
1476,141
1477,141
1478,141
1479,141
1480,141
1481,141
1482,141
1483,141
1484,141
1485,141
1486,141
1487,141
1488,141
1489,141
1490,141
1491,141
1492,141
1493,141
1494,141
1495,141
1496,141
1497,141
1498,141
1499,141
1500,141
1501,141
1502,141
1503,141
1504,141
1505,141
1506,141
1507,141
1508,141
1509,141
1510,141
1511,141
1512,141
1513,141
1514,141
1515,141
1516,141
1517,141
1518,141
1519,141
1520,141
1521,141
1522,141
1523,141
1524,141
1525,141
1526,141
1527,141
1528,141
1529,141
1530,141
1531,141
1532,141
1533,141
1534,141
1535,141
1536,141
1537,141
1538,141
1539,141
1540,141
1541,141
1542,141
1543,141
1544,141
1545,141
1546,141
1547,141
1548,141
1549,141
1550,141
1551,141
1552,141
1553,141
1554,141
1555,141
1556,141
1557,141
1558,141
1559,141
1560,141
1561,141
1562,141
1563,141
1564,141
1565,141
1566,141
1567,141
1568,141
1569,141
1570,141
1571,141
1572,141
1573,141
1574,141
1575,141
1576,141
1577,141
1578,141
1579,141
1580,141
1581,141
1582,141
1583,141
1584,141
1585,141
1586,141
1587,141
1588,141
1589,141
1590,141
1591,141
1592,141
1593,141
1594,141
1595,141
1596,141
1597,141
1598,141
1599,141
1600,141
1601,141
1602,141
1603,141
1604,141
1605,141
1606,141
1607,141
1608,141
1609,141
1610,141
1611,141
1612,141
1613,141
1614,141
1615,141
1616,141
1617,141
1618,141
1619,141
1620,141
1621,141
1622,141
1623,141
1624,141
1625,141
1626,141
1627,141
1628,141
1629,141
1630,141
1631,141
1632,141
1633,141
1634,141
1635,141
1636,141
1637,141
1638,141
1639,141
1640,141
1641,141
1642,141
1643,141
1644,141
1645,141
1646,141
1647,141
1648,141
1649,141
1650,141
1651,141
1652,141
1653,141
1654,141
1655,141
1656,141
1657,141
1658,141
1659,141
1660,141
1661,141
1662,141
1663,141
1664,141
1665,141
1666,141
1667,141
1668,141
1669,141
1670,141
1671,141
1672,141
1673,141
1674,141
1675,141
1676,141
1677,141
1678,141
1679,141
1680,141
1681,141
1682,141
1683,141
1684,141
1685,141
1686,141
1687,141
1688,141
1689,141
1690,141
1691,141
1692,141
1693,141
1694,141
1695,141
1696,141
1697,141
1698,141
1699,141
1700,141
1701,141
1702,141
1703,141
1704,141
1705,141
1706,141
1707,141
1708,141
1709,141
1710,141
1711,141
1712,141
1713,141
1714,141
1715,141
1716,141
1717,141
1718,141
1719,141
1720,141
1721,141
1722,141
1723,141
1724,141
1725,141
1726,141
1727,141
1728,141
1729,141
1730,141
1731,141
1732,141
1733,141
1734,141
1735,141
1736,141
1737,141
1738,141
1739,141
1740,141
1741,141
1742,141
1743,141
1744,141
1745,141
1746,141
1747,141
1748,141
1749,141
1750,141
1751,141
1752,141
1753,141
1754,141
1755,141
1756,141
1757,141
1758,141
1759,141
1760,141
1761,141
1762,141
1763,141
1764,141
1765,141
1766,141
1767,141
1768,141
1769,141
1770,141
1771,141
1772,141
1773,141
1774,141
1775,141
1776,141
1777,141
1778,141
1779,141
1780,141
1781,141
1782,141
1783,141
1784,141
1785,141
1786,141
1787,141
1788,141
1789,141
1790,141
1791,141
1792,141
1793,141
1794,141
1795,141
1796,141
1797,141
1798,141
1799,141
1800,141
1801,141
1802,141
1803,141
1804,141
1805,141
1806,141
1807,141
1808,141
1809,141
1810,141
1811,141
1812,141
1813,141
1814,141
1815,141
1816,141
1817,141
1818,141
1819,141
1820,141
1821,141
1822,141
1823,141
1824,141
1825,141
1826,141
1827,141
1828,141
1829,141
1830,141
1831,141
1832,141
1833,141
1834,141
1835,141
1836,141
1837,141
1838,141
1839,141
1840,141
1841,141
1842,141
1843,141
1844,141
1845,141
1846,141
1847,141
1848,141
1849,141
1850,141
1851,141
1852,141
1853,141
1854,141
1855,141
1856,141
1857,141
1858,141
1859,141
1860,141
1861,141
1862,141
1863,141
1864,141
1865,141
1866,141
1867,141
1868,141
1869,141
1870,141
1871,141
1872,141
1873,141
1874,141
1875,141
1876,141
1877,141
1878,141
1879,141
1880,141
1881,141
1882,141
1883,141
1884,141
1885,141
1886,141
1887,141
1888,141
1889,141
1890,141
1891,141
1892,141
1893,141
1894,141
1895,141
1896,141
1897,141
1898,141
1899,141
1900,141
1901,141
1902,141
1903,141
1904,141
1905,141
1906,141
1907,141
1908,141
1909,141
1910,141
1911,141
1912,141
1913,141
1914,141
1915,141
1916,141
1917,141
1918,141
1919,141
1920,141
1921,141
1922,141
1923,141
1924,141
1925,141
1926,141
1927,141
1928,141
1929,141
1930,141
1931,141
1932,141
1933,141
1934,141
1935,141
1936,141
1937,141
1938,141
1939,141
1940,141
1941,141
1942,141
1943,141
1944,141
1945,141
1946,141
1947,141
1948,141
1949,141
1950,141
1951,141
1952,141
1953,141
1954,141
1955,141
1956,141
1957,141
1958,141
1959,141
1960,141
1961,141
1962,141
1963,141
1964,141
1965,141
1966,141
1967,141
1968,141
1969,141
1970,141
1971,141
1972,141
1973,141
1974,141
1975,141
1976,141
1977,141
1978,141
1979,141
1980,141
1981,141
1982,141
1983,141
1984,141
1985,141
1986,141
1987,141
1988,141
1989,141
1990,141
1991,141
1992,141
1993,141
1994,141
1995,141
1996,141
1997,141
1998,141
1999,141
2000,141
2001,141
2002,141
2003,141
2004,141
2005,141
2006,141
2007,141
2008,141
2009,141
2010,141
2011,141
2012,141
2013,141
2014,141
2015,141
2016,141
2017,141
2018,141
2019,141
2020,141
2021,141
2022,141
2023,141
2024,141
2025,141
2026,141
2027,141
2028,141
2029,141
2030,141
2031,141
2032,141
2033,141
2034,141
2035,141
2036,141
2037,141
2038,141
2039,141
2040,141
2041,141
2042,141
2043,141
2044,141
2045,141
2046,141
2047,141
2048,141
2049,141
2050,141
2051,141
2052,141
2053,141
2054,141
2055,141
2056,141
2057,141
2058,141
2059,141
2060,141
2061,141
2062,141
2063,141
2064,141
2065,141
2066,141
2067,141
2068,141
2069,141
2070,141
2071,141
2072,141
2073,141
2074,141
2075,141
2076,141
2077,141
2078,141
2079,141
2080,141
2081,141
2082,141
2083,141
2084,141
2085,141
2086,141
2087,141
2088,141
2089,141
2090,141
2091,141
2092,141
2093,141
2094,141
2095,141
2096,141
2097,141
2098,141
2099,141
2100,141
2101,141
2102,141
2103,141
2104,141
2105,141
2106,141
2107,141
2108,141
2109,141
2110,141
2111,141
2112,141
2113,141
2114,141
2115,141
2116,141
2117,141
2118,141
2119,141
2120,141
2121,141
2122,141
2123,141
2124,141
2125,141
2126,141
2127,141
2128,141
2129,141
2130,141
2131,141
2132,141
2133,141
2134,141
2135,141
2136,141
2137,141
2138,141
2139,141
2140,141
2141,141
2142,141
2143,141
2144,141
2145,141
2146,141
2147,141
2148,141
2149,141
2150,141
2151,141
2152,141
2153,141
2154,141
2155,141
2156,141
2157,141
2158,141
2159,141
2160,141
2161,141
2162,141
2163,141
2164,141
2165,141
2166,141
2167,141
2168,141
2169,141
2170,141
2171,141
2172,141
2173,141
2174,141
2175,141
2176,141
2177,141
2178,141
2179,141
2180,141
2181,141
2182,141
2183,141
2184,141
2185,141
2186,141
2187,141
2188,141
2189,141
2190,141
2191,141
2192,141
2193,141
2194,141
2195,141
2196,141
2197,141
2198,141
2199,141
2200,141
2201,141
2202,141
2203,141
2204,141
2205,141
2206,141
2207,141
2208,141
2209,141
2210,141
2211,141
2212,141
2213,141
2214,141
2215,141
2216,141
2217,141
2218,141
2219,141
2220,141
2221,141
2222,141
2223,141
2224,141
2225,141
2226,141
2227,141
2228,141
2229,141
2230,141
2231,141
2232,141
2233,141
2234,141
2235,141
2236,141
2237,141
2238,141
2239,141
2240,141
2241,141
2242,141
2243,141
2244,141
2245,141
2246,141
2247,141
2248,141
2249,141
2250,141
2251,141
2252,141
2253,141
2254,141
2255,141
2256,141
2257,141
2258,141
2259,141
2260,141
2261,141
2262,141
2263,141
2264,141
2265,141
2266,141
2267,141
2268,141
2269,141
2270,141
2271,141
2272,141
2273,141
2274,141
2275,141
2276,142
2277,142
2278,142
2279,142
2280,142
2281,142
2282,142
2283,142
2284,142
2285,142
2286,142
2287,142
2288,142
2289,142
2290,142
2291,142
2292,142
2293,142
2294,142
2295,142
2296,142
2297,142
2298,142
2299,142
2300,142
2301,142
2302,142
2303,142
2304,142
2305,142
2306,142
2307,142
2308,142
2309,142
2310,142
2311,142
2312,142
2313,142
2314,142
2315,142
2316,142
2317,142
2318,142
2319,142
2320,142
2321,142
2322,142
2323,142
2324,142
2325,142
2326,142
2327,142
2328,142
2329,142
2330,142
2331,142
2332,142
2333,142
2334,142
2335,142
2336,142
2337,142
2338,142
2339,142
2340,142
2341,142
2342,142
2343,142
2344,142
2345,142
2346,142
2347,142
2348,142
2349,142
2350,142
2351,142
2352,142
2353,142
2354,142
2355,142
2356,142
2357,142
2358,142
2359,142
2360,142
2361,142
2362,142
2363,142
2364,142
2365,142
2366,142
2367,142
2368,142
2369,142
2370,142
2371,142
2372,142
2373,142
2374,142
2375,142
2376,142
2377,142
2378,142
2379,142
2380,142
2381,142
2382,142
2383,142
2384,142
2385,142
2386,142
2387,142
2388,142
2389,142
2390,142
2391,142
2392,142
2393,142
2394,142
2395,142
2396,142
2397,142
2398,142
2399,142
2400,142
2401,142
2402,142
2403,142
2404,142
2405,142
2406,142
2407,142
2408,142
2409,142
2410,142
2411,142
2412,142
2413,142
2414,142
2415,142
2416,142
2417,142
2418,142
2419,142
2420,142
2421,142
2422,142
2423,142
2424,142
2425,142
2426,142
2427,142
2428,142
2429,142
2430,142
2431,142
2432,142
2433,142
2434,142
2435,142
2436,142
2437,142
2438,142
2439,142
2440,142
2441,142
2442,142
2443,142
2444,142
2445,142
2446,142
2447,142
2448,142
2449,142
2450,142
2451,142
2452,142
2453,142
2454,142
2455,142
2456,142
2457,142
2458,142
2459,142
2460,142
2461,142
2462,142
2463,142
2464,142
2465,142
2466,142
2467,142
2468,142
2469,142
2470,142
2471,142
2472,142
2473,142
2474,142
2475,142
2476,142
2477,142
2478,142
2479,142
2480,142
2481,142
2482,142
2483,142
2484,142
2485,142
2486,142
2487,142
2488,142
2489,142
2490,142
2491,142
2492,142
2493,142
2494,142
2495,142
2496,142
2497,142
2498,142
2499,142
2500,142
2501,142
2502,142
2503,142
2504,142
2505,142
2506,142
2507,142
2508,142
2509,142
2510,142
2511,142
2512,142
2513,142
2514,142
2515,142
2516,142
2517,142
2518,142
2519,142
2520,142
2521,142
2522,142
2523,142
2524,142
2525,142
2526,142
2527,142
2528,142
2529,142
2530,142
2531,142
2532,142
2533,142
2534,142
2535,142
2536,142
2537,142
2538,142
2539,142
2540,142
2541,142
2542,142
2543,142
2544,142
2545,142
2546,142
2547,142
2548,142
2549,142
2550,142
2551,142
2552,142
2553,142
2554,142
2555,142
2556,142
2557,142
2558,142
2559,142
2560,142
2561,142
2562,142
2563,142
2564,142
2565,142
2566,142
2567,142
2568,142
2569,142
2570,142
2571,142
2572,142
2573,142
2574,142
2575,142
2576,142
2577,142
2578,142
2579,142
2580,142
2581,142
2582,142
2583,142
2584,142
2585,142
2586,142
2587,142
2588,142
2589,142
2590,142
2591,142
2592,142
2593,142
2594,142
2595,142
2596,142
2597,142
2598,142
2599,142
2600,142
2601,142
2602,142
2603,142
2604,142
2605,142
2606,142
2607,142
2608,142
2609,142
2610,142
2611,142
2612,142
2613,142
2614,142
2615,142
2616,142
2617,142
2618,142
2619,142
2620,142
2621,142
2622,142
2623,142
2624,142
2625,142
2626,142
2627,142
2628,142
2629,142
2630,142
2631,142
2632,142
2633,142
2634,142
2635,142
2636,142
2637,142
2638,142
2639,142
2640,142
2641,142
2642,142
2643,142
2644,142
2645,142
2646,142
2647,142
2648,142
2649,142
2650,142
2651,142
2652,142
2653,142
2654,142
2655,142
2656,142
2657,142
2658,142
2659,142
2660,142
2661,142
2662,142
2663,142
2664,142
2665,142
2666,142
2667,142
2668,142
2669,142
2670,142
2671,142
2672,142
2673,142
2674,142
2675,142
2676,142
2677,142
2678,142
2679,142
2680,142
2681,142
2682,142
2683,142
2684,142
2685,142
2686,142
2687,142
2688,142
2689,142
2690,142
2691,142
2692,142
2693,142
2694,142
2695,142
2696,142
2697,142
2698,142
2699,142
2700,142
2701,142
2702,142
2703,142
2704,142
2705,142
2706,142
2707,142
2708,142
2709,142
2710,142
2711,142
2712,142
2713,142
2714,142
2715,142
2716,142
2717,142
2718,142
2719,142
2720,142
2721,142
2722,142
2723,142
2724,142
2725,142
2726,142
2727,142
2728,142
2729,142
2730,142
2731,142
2732,142
2733,142
2734,142
2735,142
2736,142
2737,142
2738,142
2739,142
2740,142
2741,142
2742,142
2743,142
2744,142
2745,142
2746,142
2747,142
2748,142
2749,142
2750,142
2751,142
2752,142
2753,142
2754,142
2755,142
2756,142
2757,142
2758,142
2759,142
2760,142
2761,142
2762,142
2763,142
2764,142
2765,142
2766,142
2767,142
2768,142
2769,142
2770,142
2771,142
2772,142
2773,142
2774,142
2775,142
2776,142
2777,142
2778,142
2779,142
2780,142
2781,142
2782,142
2783,142
2784,142
2785,142
2786,142
2787,142
2788,142
2789,142
2790,142
2791,142
2792,142
2793,142
2794,142
2795,142
2796,142
2797,142
2798,142
2799,142
2800,142
2801,142
2802,142
2803,142
2804,142
2805,142
2806,142
2807,142
2808,142
2809,142
2810,142
2811,142
2812,142
2813,142
2814,142
2815,142
2816,142
2817,142
2818,142
2819,142
2820,142
2821,142
2822,142
2823,142
2824,142
2825,142
2826,142
2827,142
2828,142
2829,142
2830,142
2831,142
2832,142
2833,142
2834,142
2835,142
2836,142
2837,142
2838,142
2839,142
2840,142
2841,142
2842,142
2843,142
2844,142
2845,142
2846,142
2847,142
2848,142
2849,142
2850,142
2851,142
2852,142
2853,142
2854,142
2855,142
2856,142
2857,142
2858,142
2859,142
2860,142
2861,142
2862,142
2863,142
2864,142
2865,142
2866,142
2867,142
2868,142
2869,142
2870,142
2871,142
2872,142
2873,142
2874,142
2875,142
2876,142
2877,142
2878,142
2879,142
2880,142
2881,142
2882,142
2883,142
2884,142
2885,142
2886,142
2887,142
2888,142
2889,142
2890,142
2891,142
2892,142
2893,142
2894,142
2895,142
2896,142
2897,142
2898,142
2899,142
2900,142
2901,142
2902,142
2903,142
2904,142
2905,142
2906,142
2907,142
2908,142
2909,142
2910,142
2911,142
2912,142
2913,142
2914,142
2915,142
2916,142
2917,142
2918,142
2919,142
2920,142
2921,142
2922,142
2923,142
2924,142
2925,142
2926,142
2927,142
2928,142
2929,142
2930,142
2931,142
2932,142
2933,142
2934,142
2935,142
2936,142
2937,142
2938,142
2939,142
2940,142
2941,142
2942,142
2943,142
2944,142
2945,142
2946,142
2947,142
2948,142
2949,142
2950,142
2951,142
2952,142
2953,142
2954,142
2955,142
2956,142
2957,142
2958,142
2959,142
2960,142
2961,142
2962,142
2963,142
2964,142
2965,142
2966,142
2967,142
2968,142
2969,142
2970,142
2971,142
2972,142
2973,142
2974,142
2975,142
2976,142
2977,142
2978,142
2979,142
2980,142
2981,142
2982,142
2983,142
2984,142
2985,142
2986,142
2987,142
2988,142
2989,142
2990,142
2991,142
2992,142
2993,142
2994,142
2995,142
2996,142
2997,142
2998,142
2999,142
3000,142
3001,142
3002,142
3003,142
3004,142
3005,142
3006,142
3007,142
3008,142
3009,142
3010,142
3011,142
3012,142
3013,142
3014,142
3015,142
3016,142
3017,142
3018,142
3019,142
3020,142
3021,142
3022,142
3023,142
3024,142
3025,142
3026,142
3027,142
3028,142
3029,142
3030,142
3031,142
3032,142
3033,142
3034,142
3035,142
3036,142
3037,142
3038,142
3039,142
3040,142
3041,142
3042,142
3043,142
3044,142
3045,142
3046,142
3047,142
3048,142
3049,142
3050,142
3051,142
3052,142
3053,142
3054,142
3055,142
3056,142
3057,142
3058,142
3059,142
3060,142
3061,142
3062,142
3063,142
3064,142
3065,142
3066,142
3067,142
3068,142
3069,142
3070,142
3071,142
3072,142
3073,142
3074,142
3075,142
3076,142
3077,142
3078,142
3079,142
3080,142
3081,142
3082,142
3083,142
3084,142
3085,142
3086,142
3087,142
3088,142
3089,142
3090,142
3091,142
3092,142
3093,142
3094,142
3095,142
3096,142
3097,142
3098,142
3099,142
3100,142
3101,142
3102,142
3103,142
3104,142
3105,142
3106,142
3107,142
3108,142
3109,142
3110,142
3111,142
3112,142
3113,142
3114,142
3115,142
3116,142
3117,142
3118,142
3119,142
3120,142
3121,142
3122,142
3123,142
3124,142
3125,142
3126,142
3127,142
3128,142
3129,142
3130,142
3131,142
3132,142
3133,142
3134,142
3135,142
3136,142
3137,142
3138,142
3139,142
3140,142
3141,142
3142,142
3143,142
3144,142
3145,142
3146,142
3147,142
3148,142
3149,142
3150,142
3151,142
3152,142
3153,142
3154,142
3155,142
3156,142
3157,142
3158,142
3159,142
3160,142
3161,142
3162,142
3163,142
3164,142
3165,142
3166,142
3167,142
3168,142
3169,142
3170,142
3171,142
3172,142
3173,142
3174,142
3175,142
3176,142
3177,142
3178,142
3179,142
3180,142
3181,142
3182,142
3183,142
3184,142
3185,142
3186,142
3187,142
3188,142
3189,142
3190,142
3191,142
3192,142
3193,142
3194,142
3195,142
3196,142
3197,142
3198,142
3199,142
3200,142
3201,142
3202,142
3203,142
3204,142
3205,142
3206,142
3207,142
3208,142
3209,142
3210,142
3211,142
3212,142
3213,142
3214,142
3215,142
3216,142
3217,142
3218,142
3219,142
3220,142
3221,142
3222,143
3223,143
3224,143
3225,143
3226,143
3227,143
3228,143
3229,143
3230,143
3231,143
3232,143
3233,143
3234,143
3235,143
3236,143
3237,143
3238,143
3239,143
3240,143
3241,143
3242,143
3243,143
3244,143
3245,143
3246,143
3247,143
3248,143
3249,143
3250,143
3251,143
3252,143
3253,143
3254,143
3255,143
3256,143
3257,143
3258,143
3259,143
3260,143
3261,143
3262,143
3263,143
3264,143
3265,143
3266,143
3267,143
3268,143
3269,143
3270,143
3271,143
3272,143
3273,143
3274,143
3275,143
3276,143
3277,143
3278,143
3279,143
3280,143
3281,143
3282,143
3283,143
3284,143
3285,143
3286,143
3287,143
3288,143
3289,143
3290,143
3291,143
3292,143
3293,143
3294,143
3295,143
3296,143
3297,143
3298,143
3299,143
3300,143
3301,143
3302,143
3303,143
3304,143
3305,143
3306,143
3307,143
3308,143
3309,143
3310,143
3311,143
3312,143
3313,143
3314,143
3315,143
3316,143
3317,143
3318,143
3319,143
3320,143
3321,143
3322,143
3323,143
3324,143
3325,143
3326,143
3327,143
3328,143
3329,143
3330,143
3331,143
3332,143
3333,143
3334,143
3335,143
3336,143
3337,143
3338,143
3339,143
3340,143
3341,143
3342,143
3343,143
3344,143
3345,143
3346,143
3347,143
3348,143
3349,143
3350,143
3351,143
3352,143
3353,143
3354,143
3355,143
3356,143
3357,143
3358,143
3359,143
3360,143
3361,143
3362,143
3363,143
3364,143
3365,143
3366,143
3367,143
3368,143
3369,143
3370,143
3371,143
3372,143
3373,143
3374,143
3375,143
3376,143
3377,143
3378,143
3379,143
3380,143
3381,143
3382,143
3383,143
3384,143
3385,143
3386,143
3387,143
3388,143
3389,143
3390,143
3391,143
3392,143
3393,143
3394,143
3395,143
3396,143
3397,143
3398,143
3399,143
3400,143
3401,143
3402,143
3403,143
3404,143
3405,143
3406,143
3407,143
3408,143
3409,143
3410,143
3411,143
3412,143
3413,143
3414,143
3415,143
3416,143
3417,143
3418,143
3419,143
3420,143
3421,143
3422,143
3423,143
3424,143
3425,143
3426,143
3427,143
3428,143
3429,143
3430,143
3431,143
3432,143
3433,143
3434,143
3435,143
3436,143
3437,143
3438,143
3439,143
3440,143
3441,143
3442,143
3443,143
3444,143
3445,143
3446,143
3447,143
3448,143
3449,143
3450,143
3451,143
3452,143
3453,143
3454,143
3455,143
3456,143
3457,143
3458,143
3459,143
3460,143
3461,143
3462,143
3463,143
3464,143
3465,143
3466,143
3467,143
3468,143
3469,143
3470,143
3471,143
3472,143
3473,143
3474,143
3475,143
3476,143
3477,143
3478,143
3479,143
3480,143
3481,143
3482,143
3483,143
3484,143
3485,143
3486,143
3487,143
3488,143
3489,143
3490,143
3491,143
3492,143
3493,143
3494,143
3495,143
3496,143
3497,143
3498,143
3499,143
3500,143
3501,143
3502,143
3503,143
3504,143
3505,143
3506,143
3507,143
3508,143
3509,143
3510,143
3511,143
3512,143
3513,143
3514,143
3515,143
3516,143
3517,143
3518,143
3519,143
3520,143
3521,143
3522,143
3523,143
3524,143
3525,143
3526,143
3527,143
3528,143
3529,143
3530,143
3531,143
3532,143
3533,143
3534,143
3535,143
3536,143
3537,143
3538,143
3539,143
3540,143
3541,143
3542,143
3543,143
3544,143
3545,143
3546,143
3547,143
3548,143
3549,143
3550,143
3551,143
3552,143
3553,143
3554,143
3555,143
3556,143
3557,143
3558,143
3559,143
3560,143
3561,143
3562,143
3563,143
3564,143
3565,143
3566,143
3567,143
3568,143
3569,143
3570,143
3571,143
3572,143
3573,143
3574,143
3575,143
3576,143
3577,143
3578,143
3579,143
3580,143
3581,143
3582,143
3583,143
3584,143
3585,143
3586,143
3587,143
3588,143
3589,143
3590,143
3591,143
3592,143
3593,143
3594,144
3595,144
3596,144
3597,144
3598,144
3599,144
3600,144
3601,144
3602,144
3603,144
3604,144
3605,144
3606,144
3607,144
3608,144
3609,144
3610,144
3611,144
3612,144
3613,144
3614,144
3615,144
3616,144
3617,144
3618,144
3619,144
3620,144
3621,144
3622,144
3623,144
3624,144
3625,144
3626,144
3627,144
3628,144
3629,144
3630,144
3631,144
3632,144
3633,144
3634,144
3635,144
3636,144
3637,144
3638,144
3639,144
3640,144
3641,144
3642,144
3643,144
3644,144
3645,144
3646,144
3647,144
3648,144
3649,144
3650,144
3651,144
3652,144
3653,144
3654,144
3655,144
3656,144
3657,144
3658,144
3659,144
3660,144
3661,144
3662,144
3663,144
3664,144
3665,144
3666,144
3667,144
3668,144
3669,144
3670,144
3671,144
3672,144
3673,144
3674,144
3675,144
3676,144
3677,144
3678,144
3679,144
3680,144
3681,144
3682,144
3683,144
3684,144
3685,144
3686,144
3687,144
3688,144
3689,144
3690,144
3691,144
3692,144
3693,144
3694,144
3695,144
3696,144
3697,144
3698,144
3699,144
3700,144
3701,144
3702,144
3703,144
3704,144
3705,144
3706,144
3707,144
3708,144
3709,144
3710,144
3711,144
3712,144
3713,144
3714,144
3715,144
3716,144
3717,144
3718,144
3719,144
3720,144
3721,144
3722,144
3723,144
3724,144
3725,144
3726,144
3727,144
3728,144
3729,144
3730,144
3731,144
3732,144
3733,144
3734,144
3735,144
3736,144
3737,144
3738,144
3739,144
3740,144
3741,144
3742,144
3743,144
3744,144
3745,144
3746,144
3747,144
3748,144
3749,144
3750,144
3751,144
3752,144
3753,144
3754,144
3755,144
3756,144
3757,144
3758,144
3759,144
3760,144
3761,144
3762,144
3763,144
3764,144
3765,144
3766,144
3767,144
3768,144
3769,144
3770,144
3771,144
3772,144
3773,144
3774,144
3775,144
3776,144
3777,144
3778,144
3779,144
3780,144
3781,144
3782,144
3783,144
3784,144
3785,144
3786,144
3787,144
3788,144
3789,144
3790,144
3791,144
3792,144
3793,144
3794,144
3795,144
3796,144
3797,144
3798,144
3799,144
3800,144
3801,144
3802,144
3803,144
3804,144
3805,144
3806,144
3807,144
3808,144
3809,144
3810,144
3811,144
3812,144
3813,144
3814,144
3815,144
3816,144
3817,144
3818,144
3819,144
3820,144
3821,144
3822,144
3823,144
3824,144
3825,144
3826,144
3827,144
3828,144
3829,144
3830,144
3831,144
3832,144
3833,144
3834,144
3835,144
3836,144
3837,144
3838,144
3839,144
3840,144
3841,144
3842,144
3843,144
3844,144
3845,144
3846,144
3847,144
3848,144
3849,144
3850,144
3851,144
3852,144
3853,144
3854,144
3855,144
3856,144
3857,144
3858,144
3859,144
3860,144
3861,144
3862,144
3863,144
3864,144
3865,144
3866,144
3867,144
3868,144
3869,144
3870,144
3871,144
3872,144
3873,144
3874,144
3875,144
3876,144
3877,144
3878,144
3879,144
3880,144
3881,144
3882,144
3883,144
3884,144
3885,144
3886,144
3887,144
3888,144
3889,144
3890,144
3891,144
3892,144
3893,144
3894,144
3895,144
3896,144
3897,144
3898,144
3899,144
3900,144
3901,144
3902,144
3903,144
3904,144
3905,144
3906,144
3907,144
3908,144
3909,144
3910,144
3911,144
3912,144
3913,144
3914,144
3915,144
3916,144
3917,144
3918,144
3919,144
3920,144
3921,144
3922,144
3923,144
3924,144
3925,144
3926,144
3927,144
3928,144
3929,144
3930,144
3931,144
3932,144
3933,144
3934,144
3935,144
3936,144
3937,144
3938,144
3939,144
3940,144
3941,144
3942,144
3943,144
3944,144
3945,144
3946,144
3947,144
3948,144
3949,144
3950,144
3951,144
3952,144
3953,144
3954,144
3955,144
3956,144
3957,144
3958,144
3959,144
3960,144
3961,144
3962,144
3963,144
3964,144
3965,144
3966,144
3967,144
3968,144
3969,144
3970,144
3971,144
3972,144
3973,144
3974,144
3975,144
3976,144
3977,144
3978,144
3979,144
3980,144
3981,144
3982,144
3983,144
3984,144
3985,144
3986,144
3987,144
3988,144
3989,144
3990,144
3991,144
3992,144
3993,144
3994,144
3995,144
3996,144
3997,144
3998,144
3999,144
4000,144
4001,144
4002,144
4003,144
4004,144
4005,144
4006,144
4007,144
4008,144
4009,144
4010,144
4011,144
4012,144
4013,144
4014,144
4015,144
4016,144
4017,144
4018,144
4019,144
4020,144
4021,144
4022,144
4023,144
4024,144
4025,144
4026,144
4027,144
4028,144
4029,144
4030,144
4031,144
4032,144
4033,144
4034,144
4035,144
4036,144
4037,144
4038,144
4039,144
4040,144
4041,144
4042,144
4043,144
4044,144
4045,144
4046,144
4047,144
4048,144
4049,144
4050,144
4051,144
4052,144
4053,144
4054,144
4055,144
4056,144
4057,144
4058,144
4059,144
4060,144
4061,144
4062,144
4063,144
4064,144
4065,144
4066,144
4067,144
4068,144
4069,144
4070,144
4071,144
4072,144
4073,144
4074,144
4075,144
4076,144
4077,144
4078,144
4079,144
4080,144
4081,144
4082,144
4083,144
4084,144
4085,144
4086,144
4087,144
4088,144
4089,144
4090,144
4091,144
4092,144
4093,144
4094,144
4095,144
4096,144
4097,144
4098,144
4099,144
4100,144
4101,144
4102,144
4103,144
4104,144
4105,144
4106,144
4107,144
4108,144
4109,144
4110,144
4111,144
4112,144
4113,144
4114,144
4115,144
4116,144
4117,144
4118,144
4119,144
4120,144
4121,144
4122,144
4123,144
4124,144
4125,144
4126,144
4127,144
4128,144
4129,144
4130,144
4131,144
4132,144
4133,144
4134,144
4135,144
4136,144
4137,144
4138,144
4139,144
4140,144
4141,144
4142,144
4143,144
4144,144
4145,144
4146,144
4147,144
4148,144
4149,144
4150,144
4151,144
4152,144
4153,144
4154,144
4155,144
4156,144
4157,144
4158,144
4159,144
4160,144
4161,144
4162,144
4163,144
4164,144
4165,144
4166,144
4167,144
4168,144
4169,144
4170,144
4171,144
4172,144
4173,144
4174,144
4175,144
4176,144
4177,144
4178,144
4179,144
4180,144
4181,144
4182,144
4183,144
4184,144
4185,144
4186,144
4187,144
4188,144
4189,144
4190,144
4191,144
4192,144
4193,144
4194,144
4195,144
4196,144
4197,144
4198,144
4199,144
4200,144
4201,144
4202,144
4203,144
4204,144
4205,144
4206,144
4207,144
4208,144
4209,144
4210,144
4211,144
4212,144
4213,144
4214,144
4215,144
4216,144
4217,144
4218,144
4219,144
4220,144
4221,144
4222,144
4223,144
4224,144
4225,144
4226,144
4227,144
4228,144
4229,144
4230,144
4231,144
4232,144
4233,144
4234,144
4235,144
4236,144
4237,144
4238,144
4239,144
4240,144
4241,144
4242,144
4243,144
4244,144
4245,144
4246,144
4247,144
4248,144
4249,144
4250,144
4251,144
4252,144
4253,144
4254,144
4255,144
4256,144
4257,144
4258,144
4259,144
4260,144
4261,144
4262,144
4263,144
4264,144
4265,144
4266,144
4267,144
4268,144
4269,144
4270,144
4271,144
4272,144
4273,144
4274,144
4275,144
4276,144
4277,144
4278,144
4279,144
4280,144
4281,144
4282,144
4283,144
4284,144
4285,144
4286,144
4287,144
4288,144
4289,144
4290,144
4291,144
4292,144
4293,144
4294,144
4295,144
4296,144
4297,144
4298,144
4299,144
4300,144
4301,144
4302,144
4303,144
4304,144
4305,144
4306,144
4307,144
4308,144
4309,144
4310,144
4311,144
4312,144
4313,144
4314,144
4315,144
4316,144
4317,144
4318,144
4319,144
4320,144
4321,144
4322,144
4323,144
4324,144
4325,144
4326,144
4327,144
4328,144
4329,144
4330,144
4331,144
4332,144
4333,144
4334,144
4335,144
4336,144
4337,144
4338,144
4339,144
4340,144
4341,144
4342,144
4343,144
4344,144
4345,144
4346,144
4347,144
4348,144
4349,144
4350,144
4351,144
4352,144
4353,144
4354,144
4355,144
4356,144
4357,144
4358,144
4359,144
4360,144
4361,144
4362,144
4363,144
4364,144
4365,144
4366,144
4367,144
4368,144
4369,144
4370,144
4371,144
4372,144
4373,144
4374,144
4375,144
4376,144
4377,144
4378,144
4379,144
4380,144
4381,144
4382,144
4383,144
4384,144
4385,144
4386,144
4387,144
4388,144
4389,144
4390,144
4391,144
4392,144
4393,144
4394,144
4395,144
4396,144
4397,144
4398,144
4399,144
4400,144
4401,144
4402,144
4403,144
4404,144
4405,144
4406,144
4407,144
4408,144
4409,144
4410,144
4411,144
4412,144
4413,144
4414,144
4415,144
4416,144
4417,144
4418,144
4419,144
4420,144
4421,144
4422,144
4423,144
4424,144
4425,144
4426,144
4427,144
4428,144
4429,144
4430,144
4431,144
4432,144
4433,144
4434,144
4435,144
4436,144
4437,144
4438,144
4439,144
4440,144
4441,144
4442,144
4443,144
4444,144
4445,144
4446,144
4447,144
4448,144
4449,144
4450,144
4451,144
4452,144
4453,144
4454,144
4455,144
4456,144
4457,144
4458,144
4459,144
4460,144
4461,144
4462,144
4463,144
4464,144
4465,144
4466,144
4467,144
4468,144
4469,144
4470,144
4471,144
4472,144
4473,144
4474,144
4475,144
4476,144
4477,144
4478,144
4479,144
4480,144
4481,144
4482,144
4483,144
4484,144
4485,144
4486,144
4487,144
4488,144
4489,144
4490,144
4491,144
4492,144
4493,144
4494,144
4495,144
4496,144
4497,144
4498,144
4499,144
4500,144
4501,144
4502,144
4503,144
4504,144
4505,144
4506,144
4507,144
4508,144
4509,144
4510,144
4511,144
4512,144
4513,144
4514,144
4515,144
4516,144
4517,144
4518,144
4519,144
4520,144
4521,144
4522,144
4523,144
4524,144
4525,144
4526,144
4527,144
4528,144
4529,144
4530,144
4531,144
4532,144
4533,144
4534,144
4535,144
4536,144
4537,144
4538,144
4539,144
4540,144
4541,144
4542,144
4543,144
4544,144
4545,144
4546,144
4547,144
4548,144
4549,144
4550,144
4551,144
4552,144
4553,144
4554,144
4555,144
4556,144
4557,144
4558,144
4559,144
4560,144
4561,144
4562,144
4563,144
4564,144
4565,144
4566,144
4567,144
4568,144
4569,144
4570,144
4571,144
4572,144
4573,144
4574,144
4575,144
4576,144
4577,144
4578,144
4579,144
4580,144
4581,144
4582,144
4583,144
4584,144
4585,144
4586,144
4587,144
4588,144
4589,144
4590,144
4591,144
4592,144
4593,144
4594,144
4595,144
4596,144
4597,144
4598,144
4599,144
4600,144
4601,144
4602,144
4603,144
4604,144
4605,144
4606,144
4607,144
4608,144
4609,144
4610,144
4611,144
4612,144
4613,144
4614,144
4615,144
4616,144
4617,144
4618,144
4619,144
4620,144
4621,144
4622,144
4623,144
4624,144
4625,144
4626,144
4627,144
4628,144
4629,144
4630,144
4631,144
4632,144
4633,144
4634,144
4635,144
4636,144
4637,144
4638,144
4639,144
4640,144
4641,144
4642,144
4643,144
4644,144
4645,144
4646,144
4647,144
4648,144
4649,144
4650,144
4651,144
4652,144
4653,144
4654,144
4655,144
4656,144
4657,144
4658,144
4659,144
4660,144
4661,144
4662,144
4663,144
4664,144
4665,144
4666,144
4667,144
4668,144
4669,144
4670,144
4671,144
4672,144
4673,144
4674,144
4675,144
4676,144
4677,144
4678,144
4679,144
4680,144
4681,144
4682,144
4683,144
4684,144
4685,144
4686,144
4687,144
4688,144
4689,144
4690,144
4691,144
4692,144
4693,144
4694,144
4695,144
4696,144
4697,144
4698,144
4699,144
4700,144
4701,144
4702,144
4703,144
4704,144
4705,144
4706,144
4707,144
4708,144
4709,144
4710,144
4711,144
4712,144
4713,144
4714,144
4715,144
4716,144
4717,144
4718,144
4719,144
4720,144
4721,144
4722,144
4723,144
4724,144
4725,144
4726,144
4727,144
4728,144
4729,144
4730,144
4731,144
4732,144
4733,144
4734,144
4735,144
4736,144
4737,144
4738,144
4739,144
4740,144
4741,144
4742,144
4743,144
4744,144
4745,144
4746,144
4747,144
4748,144
4749,144
4750,144
4751,144
4752,144
4753,144
4754,144
4755,144
4756,144
4757,144
4758,144
4759,144
4760,144
4761,144
4762,144
4763,144
4764,144
4765,144
4766,144
4767,144
4768,144
4769,144
4770,144
4771,144
4772,144
4773,144
4774,144
4775,144
4776,144
4777,144
4778,144
4779,144
4780,144
4781,144
4782,144
4783,144
4784,144
4785,144
4786,144
4787,144
4788,144
4789,144
4790,144
4791,144
4792,144
4793,144
4794,144
4795,144
4796,144
4797,144
4798,144
4799,144
4800,144
4801,144
4802,144
4803,144
4804,144
4805,144
4806,144
4807,144
4808,144
4809,144
4810,144
4811,144
4812,144
4813,144
4814,144
4815,144
4816,144
4817,144
4818,144
4819,144
4820,144
4821,144
4822,144
4823,144
4824,144
4825,144
4826,144
4827,144
4828,144
4829,144
4830,144
4831,144
4832,144
4833,144
4834,144
4835,144
4836,144
4837,144
4838,144
4839,144
4840,144
4841,144
4842,144
4843,144
4844,144
4845,144
4846,144
4847,144
4848,144
4849,144
4850,144
4851,144
4852,144
4853,144
4854,144
4855,144
4856,144
4857,144
4858,144
4859,144
4860,144
4861,144
4862,144
4863,144
4864,144
4865,144
4866,144
4867,144
4868,144
4869,144
4870,144
4871,144
4872,144
4873,144
4874,144
4875,144
4876,144
4877,144
4878,144
4879,144
4880,144
4881,144
4882,144
4883,144
4884,144
4885,144
4886,144
4887,144
4888,144
4889,144
4890,144
4891,144
4892,144
4893,144
4894,144
4895,144
4896,144
4897,144
4898,144
4899,144
4900,144
4901,144
4902,144
4903,144
4904,144
4905,144
4906,144
4907,144
4908,144
4909,144
4910,144
4911,144
4912,144
4913,144
4914,144
4915,144
4916,144
4917,144
4918,144
4919,144
4920,144
4921,144
4922,144
4923,144
4924,144
4925,144
4926,144
4927,144
4928,144
4929,144
4930,144
4931,144
4932,144
4933,144
4934,144
4935,144
4936,144
4937,144
4938,144
4939,144
4940,144
4941,144
4942,144
4943,144
4944,144
4945,144
4946,144
4947,144
4948,144
4949,144
4950,144
4951,144
4952,144
4953,144
4954,144
4955,144
4956,144
4957,144
4958,144
4959,144
4960,144
4961,144
4962,144
4963,144
4964,144
4965,144
4966,144
4967,144
4968,144
4969,144
4970,144
4971,144
4972,144
4973,144
4974,144
4975,144
4976,144
4977,144
4978,144
4979,144
4980,144
4981,144
4982,144
4983,144
4984,144
4985,144
4986,144
4987,144
4988,144
4989,144
4990,144
4991,144
4992,144
4993,144
4994,144
4995,144
4996,144
4997,144
4998,144
4999,144
5000,144
5001,144
5002,144
5003,144
5004,144
5005,144
5006,144
5007,144
5008,144
5009,144
5010,144
5011,144
5012,144
5013,144
5014,144
5015,144
5016,144
5017,144
5018,144
5019,144
5020,144
5021,144
5022,144
5023,144
5024,144
5025,144
5026,144
5027,144
5028,144
5029,144
5030,144
5031,144
5032,144
5033,144
5034,144
5035,144
5036,144
5037,144
5038,144
5039,144
5040,144
5041,144
5042,144
5043,144
5044,144
5045,144
5046,144
5047,144
5048,144
5049,144
5050,144
5051,144
5052,144
5053,144
5054,144
5055,144
5056,144
5057,144
5058,144
5059,144
5060,144
5061,144
5062,144
5063,144
5064,144
5065,144
5066,144
5067,144
5068,144
5069,144
5070,144
5071,144
5072,144
5073,144
5074,144
5075,144
5076,144
5077,144
5078,144
5079,144
5080,144
5081,144
5082,144
5083,144
5084,144
5085,144
5086,144
5087,144
5088,144
5089,144
5090,144
5091,144
5092,144
5093,144
5094,144
5095,144
5096,144
5097,144
5098,144
5099,144
5100,144
5101,144
5102,144
5103,144
5104,144
5105,144
5106,144
5107,144
5108,144
5109,144
5110,144
5111,144
5112,144
5113,144
5114,144
5115,144
5116,144
5117,144
5118,144
5119,144
5120,144
5121,144
5122,144
5123,144
5124,144
5125,144
5126,144
5127,144
5128,144
5129,144
5130,144
5131,144
5132,144
5133,144
5134,144
5135,144
5136,144
5137,144
5138,144
5139,144
5140,144
5141,144
5142,144
5143,144
5144,144
5145,144
5146,144
5147,144
5148,144
5149,144
5150,144
5151,144
5152,144
5153,144
5154,144
5155,144
5156,144
5157,144
5158,144
5159,144
5160,144
5161,144
5162,144
5163,144
5164,144
5165,144
5166,144
5167,144
5168,144
5169,144
5170,144
5171,144
5172,144
5173,144
5174,144
5175,144
5176,144
5177,144
5178,144
5179,144
5180,144
5181,144
5182,144
5183,144
5184,144
5185,144
5186,144
5187,144
5188,144
5189,144
5190,144
5191,144
5192,144
5193,144
5194,144
5195,144
5196,144
5197,144
5198,144
5199,144
5200,144
5201,144
5202,144
5203,144
5204,144
5205,144
5206,144
5207,144
5208,144
5209,144
5210,144
5211,144
5212,144
5213,144
5214,144
5215,144
5216,144
5217,144
5218,144
5219,144
5220,144
5221,144
5222,144
5223,144
5224,144
5225,144
5226,144
5227,144
5228,144
5229,144
5230,144
5231,144
5232,144
5233,144
5234,144
5235,144
5236,144
5237,144
5238,144
5239,144
5240,144
5241,144
5242,144
5243,144
5244,144
5245,144
5246,144
5247,144
5248,144
5249,144
5250,144
5251,144
5252,144
5253,144
5254,144
5255,144
5256,144
5257,144
5258,144
5259,144
5260,144
5261,144
5262,144
5263,144
5264,144
5265,144
5266,144
5267,144
5268,144
5269,144
5270,144
5271,144
5272,144
5273,144
5274,144
5275,144
5276,144
5277,144
5278,144
5279,144
5280,144
5281,144
5282,144
5283,144
5284,144
5285,144
5286,144
5287,144
5288,144
5289,144
5290,144
5291,144
5292,144
5293,144
5294,144
5295,144
5296,144
5297,144
5298,144
5299,144
5300,144
5301,144
5302,144
5303,144
5304,144
5305,144
5306,144
5307,144
5308,144
5309,144
5310,144
5311,144
5312,144
5313,144
5314,144
5315,144
5316,144
5317,144
5318,144
5319,144
5320,144
5321,144
5322,144
5323,144
5324,144
5325,144
5326,144
5327,144
5328,144
5329,144
5330,144
5331,144
5332,144
5333,144
5334,144
5335,144
5336,144
5337,144
5338,144
5339,144
5340,144
5341,144
5342,144
5343,144
5344,144
5345,144
5346,144
5347,144
5348,144
5349,144
5350,144
5351,144
5352,144
5353,144
5354,144
5355,144
5356,144
5357,144
5358,144
5359,144
5360,144
5361,144
5362,144
5363,144
5364,144
5365,144
5366,144
5367,144
5368,144
5369,145
