0,0
1,1
2,2
3,3
4,4
5,5
6,6
7,7
8,8
9,9
10,10
11,11
12,12
13,13
14,14
15,15
16,15
17,16
18,17
19,18
20,18
21,19
22,20
23,21
24,22
25,22
26,22
27,23
28,24
29,25
30,26
31,27
32,28
33,29
34,30
35,31
36,31
37,32
38,33
39,33
40,34
41,34
42,35
43,35
44,36
45,37
46,38
47,39
48,40
49,41
50,42
51,43
52,44
53,45
54,46
55,46
56,47
57,48
58,49
59,50
60,50
61,51
62,51
63,51
64,51
65,52
66,52
67,52
68,52
69,53
70,53
71,53
72,53
73,53
74,53
75,54
76,54
77,54
78,54
79,54
80,55
81,56
82,57
83,57
84,57
85,57
86,58
87,58
88,58
89,58
90,58
91,59
92,60
93,61
94,62
95,62
96,62
97,62
98,63
99,63
100,63
101,63
102,63
103,63
104,63
105,63
106,63
107,63
108,63
109,63
110,64
111,65
112,66
113,66
114,66
115,67
116,67
117,67
118,68
119,69
120,69
121,69
122,69
123,70
124,71
125,71
126,71
127,71
128,71
129,71
130,71
131,71
132,71
133,71
134,71
135,71
136,71
137,72
138,72
139,72
140,73
141,73
142,74
143,74
144,74
145,74
146,74
147,74
148,74
149,75
150,76
151,76
152,77
153,77
154,77
155,77
156,77
157,78
158,78
159,78
160,78
161,78
162,78
163,78
164,78
165,78
166,78
167,79
168,79
169,79
170,79
171,79
172,79
173,80
174,80
175,80
176,80
177,80
178,80
179,81
180,81
181,82
182,83
183,83
184,84
185,85
186,86
187,87
188,88
189,88
190,89
191,89
192,90
193,91
194,91
195,91
196,91
197,91
198,91
199,91
200,91
201,92
202,92
203,92
204,92
205,93
206,93
207,93
208,93
209,93
210,93
211,93
212,93
213,94
214,94
215,94
216,94
217,94
218,94
219,94
220,94
221,94
222,94
223,94
224,94
225,94
226,94
227,94
228,94
229,94
230,94
231,94
232,94
233,94
234,94
235,94
236,94
237,94
238,94
239,94
240,94
241,95
242,96
243,96
244,96
245,96
246,96
247,96
248,96
249,96
250,96
251,96
252,96
253,96
254,96
255,97
256,97
257,97
258,97
259,97
260,97
261,97
262,97
263,97
264,97
265,97
266,97
267,97
268,97
269,97
270,97
271,97
272,98
273,98
274,98
275,98
276,99
277,99
278,99
279,99
280,99
281,100
282,100
283,100
284,100
285,100
286,100
287,100
288,100
289,100
290,100
291,100
292,100
293,100
294,100
295,101
296,101
297,101
298,101
299,101
300,101
301,101
302,101
303,101
304,101
305,101
306,101
307,101
308,101
309,101
310,101
311,101
312,101
313,101
314,101
315,101
316,101
317,101
318,101
319,101
320,101
321,101
322,101
323,101
324,101
325,101
326,101
327,101
328,101
329,101
330,101
331,101
332,101
333,101
334,101
335,101
336,101
337,101
338,101
339,101
340,101
341,101
342,101
343,101
344,101
345,101
346,101
347,101
348,101
349,101
350,101
351,101
352,101
353,101
354,101
355,102
356,102
357,102
358,102
359,102
360,102
361,102
362,102
363,102
364,102
365,102
366,102
367,102
368,102
369,102
370,102
371,102
372,102
373,102
374,102
375,102
376,102
377,102
378,102
379,102
380,102
381,102
382,102
383,102
384,102
385,102
386,102
387,102
388,102
389,102
390,102
391,102
392,102
393,102
394,102
395,102
396,102
397,102
398,102
399,102
400,102
401,102
402,102
403,102
404,103
405,103
406,104
407,104
408,104
409,104
410,104
411,104
412,105
413,105
414,105
415,105
416,105
417,105
418,105
419,105
420,105
421,105
422,105
423,105
424,105
425,105
426,105
427,105
428,105
429,105
430,105
431,105
432,105
433,105
434,105
435,105
436,105
437,105
438,105
439,105
440,105
441,105
442,105
443,105
444,105
445,105
446,105
447,105
448,105
449,105
450,105
451,105
452,105
453,105
454,105
455,105
456,105
457,105
458,105
459,105
460,105
461,105
462,105
463,105
464,105
465,105
466,105
467,105
468,105
469,105
470,105
471,105
472,105
473,105
474,106
475,107
476,108
477,108
478,109
479,109
480,109
481,109
482,109
483,109
484,109
485,109
486,109
487,109
488,109
489,109
490,109
491,109
492,109
493,109
494,109
495,109
496,109
497,109
498,109
499,109
500,109
501,109
502,109
503,109
504,109
505,109
506,109
507,109
508,109
509,109
510,109
511,109
512,109
513,109
514,109
515,109
516,109
517,109
518,109
519,109
520,109
521,109
522,109
523,109
524,109
525,109
526,109
527,109
528,109
529,109
530,109
531,109
532,109
533,109
534,109
535,109
536,109
537,109
538,109
539,109
540,109
541,109
542,109
543,109
544,109
545,109
546,109
547,109
548,109
549,109
550,109
551,109
552,109
553,109
554,109
555,109
556,109
557,109
558,109
559,109
560,109
561,109
562,109
563,109
564,109
565,109
566,109
567,109
568,109
569,109
570,109
571,109
572,110
573,110
574,110
575,110
576,110
577,110
578,110
579,110
580,110
581,110
582,110
583,110
584,110
585,110
586,110
587,110
588,110
589,110
590,110
591,110
592,110
593,110
594,110
595,110
596,110
597,110
598,110
599,110
600,110
601,110
602,110
603,110
604,110
605,110
606,110
607,111
608,111
609,112
610,112
611,112
612,112
613,112
614,112
615,112
616,112
617,112
618,113
619,114
620,115
621,115
622,115
623,115
624,115
625,115
626,115
627,115
628,115
629,115
630,115
631,115
632,115
633,115
634,115
635,115
636,115
637,115
638,115
639,116
640,116
641,116
642,116
643,116
644,116
645,116
646,116
647,116
648,116
649,116
650,116
651,116
652,116
653,116
654,116
655,116
656,116
657,116
658,116
659,116
660,116
661,116
662,116
663,116
664,116
665,116
666,116
667,116
668,116
669,116
670,116
671,116
672,116
673,116
674,116
675,116
676,116
677,116
678,116
679,116
680,116
681,116
682,116
683,116
684,116
685,116
686,116
687,116
688,116
689,116
690,116
691,116
692,116
693,116
694,116
695,116
696,116
697,116
698,116
699,116
700,116
701,116
702,116
703,116
704,116
705,116
706,116
707,116
708,116
709,116
710,116
711,116
712,116
713,116
714,116
715,116
716,116
717,116
718,116
719,116
720,116
721,116
722,116
723,116
724,116
725,116
726,116
727,116
728,116
729,116
730,116
731,116
732,116
733,116
734,116
735,116
736,116
737,116
738,116
739,116
740,116
741,116
742,116
743,116
744,116
745,116
746,116
747,116
748,116
749,116
750,116
751,116
752,116
753,116
754,116
755,116
756,116
757,116
758,116
759,116
760,116
761,116
762,116
763,116
764,116
765,116
766,116
767,117
768,117
769,118
770,119
771,120
772,121
773,121
774,121
775,121
776,121
777,122
778,122
779,123
780,123
781,123
782,123
783,123
784,124
785,124
786,124
787,124
788,124
789,124
790,124
791,124
792,124
793,124
794,124
795,124
796,124
797,124
798,124
799,124
800,124
801,124
802,124
803,124
804,124
805,124
806,124
807,124
808,124
809,124
810,124
811,124
812,124
813,124
814,124
815,124
816,124
817,124
818,124
819,124
820,124
821,124
822,124
823,124
824,124
825,124
826,124
827,124
828,124
829,124
830,124
831,124
832,124
833,124
834,125
835,125
836,125
837,125
838,125
839,125
840,125
841,125
842,125
843,125
844,125
845,126
846,126
847,126
848,126
849,126
850,126
851,126
852,126
853,126
854,126
855,126
856,126
857,126
858,126
859,126
860,126
861,126
862,126
863,126
864,126
865,126
866,126
867,126
868,126
869,126
870,126
871,126
872,126
873,126
874,126
875,126
876,126
877,126
878,126
879,126
880,126
881,126
882,126
883,126
884,126
885,126
886,126
887,126
888,126
889,126
890,126
891,126
892,126
893,126
894,126
895,126
896,126
897,127
898,127
899,127
900,127
901,127
902,127
903,127
904,127
905,127
906,127
907,127
908,127
909,127
910,127
911,127
912,127
913,127
914,127
915,127
916,127
917,127
918,127
919,127
920,127
921,127
922,127
923,127
924,127
925,127
926,127
927,127
928,127
929,127
930,127
931,127
932,127
933,127
934,127
935,127
936,127
937,127
938,127
939,127
940,127
941,127
942,127
943,127
944,127
945,127
946,127
947,127
948,127
949,127
950,127
951,127
952,127
953,127
954,127
955,127
956,127
957,127
958,127
959,127
960,127
961,127
962,127
963,127
964,127
965,127
966,127
967,127
968,127
969,127
970,127
971,127
972,127
973,127
974,127
975,127
976,127
977,127
978,127
979,127
980,127
981,127
982,127
983,127
984,127
985,127
986,127
987,127
988,127
989,127
990,127
991,127
992,127
993,127
994,127
995,127
996,127
997,127
998,127
999,127
1000,127
1001,127
1002,127
1003,127
1004,127
1005,127
1006,127
1007,127
1008,127
1009,127
1010,127
1011,127
1012,127
1013,127
1014,127
1015,127
1016,127
1017,127
1018,127
1019,127
1020,127
1021,127
1022,127
1023,127
1024,127
1025,127
1026,127
1027,127
1028,127
1029,127
1030,127
1031,127
1032,127
1033,127
1034,127
1035,127
1036,127
1037,127
1038,127
1039,127
1040,127
1041,127
1042,127
1043,127
1044,127
1045,127
1046,127
1047,127
1048,127
1049,127
1050,127
1051,127
1052,127
1053,127
1054,127
1055,127
1056,127
1057,127
1058,127
1059,127
1060,127
1061,127
1062,127
1063,127
1064,127
1065,127
1066,127
1067,127
1068,127
1069,127
1070,127
1071,127
1072,127
1073,127
1074,127
1075,127
1076,127
1077,127
1078,127
1079,127
1080,127
1081,127
1082,127
1083,127
1084,127
1085,127
1086,127
1087,127
1088,127
1089,127
1090,127
1091,127
1092,127
1093,127
1094,128
1095,128
1096,128
1097,128
1098,128
1099,128
1100,128
1101,128
1102,128
1103,128
1104,128
1105,128
1106,128
1107,128
1108,128
1109,128
1110,128
1111,128
1112,128
1113,128
1114,128
1115,128
1116,128
1117,128
1118,128
1119,128
1120,128
1121,128
1122,128
1123,128
1124,128
1125,128
1126,128
1127,128
1128,128
1129,128
1130,128
1131,128
1132,128
1133,128
1134,128
1135,128
1136,128
1137,128
1138,128
1139,128
1140,128
1141,128
1142,128
1143,128
1144,128
1145,128
1146,128
1147,128
1148,128
1149,128
1150,128
1151,128
1152,128
1153,128
1154,128
1155,128
1156,128
1157,128
1158,128
1159,128
1160,128
1161,128
1162,128
1163,128
1164,128
1165,128
1166,128
1167,128
1168,128
1169,128
1170,128
1171,128
1172,128
1173,128
1174,128
1175,128
1176,128
1177,128
1178,128
1179,128
1180,128
1181,128
1182,128
1183,128
1184,128
1185,128
1186,128
1187,128
1188,128
1189,128
1190,128
1191,128
1192,128
1193,128
1194,128
1195,128
1196,128
1197,128
1198,128
1199,128
1200,128
1201,128
1202,128
1203,128
1204,128
1205,128
1206,128
1207,128
1208,128
1209,128
1210,128
1211,128
1212,128
1213,128
1214,128
1215,128
1216,128
1217,128
1218,128
1219,128
1220,128
1221,128
1222,128
1223,128
1224,128
1225,128
1226,128
1227,128
1228,128
1229,128
1230,128
1231,128
1232,128
1233,128
1234,128
1235,128
1236,128
1237,128
1238,129
1239,129
1240,129
1241,129
1242,129
1243,129
1244,129
1245,129
1246,129
1247,129
1248,129
1249,129
1250,129
1251,129
1252,129
1253,129
1254,129
1255,129
1256,129
1257,129
1258,129
1259,129
1260,129
1261,129
1262,129
1263,129
1264,129
1265,129
1266,129
1267,129
1268,129
1269,129
1270,130
1271,131
1272,131
1273,131
1274,132
1275,132
1276,132
1277,132
1278,132
1279,132
1280,132
1281,132
1282,132
1283,132
1284,132
1285,132
1286,132
1287,133
1288,133
1289,133
1290,133
1291,134
1292,134
1293,134
1294,134
1295,134
1296,134
1297,134
1298,134
1299,134
1300,134
1301,134
1302,134
1303,134
1304,134
1305,134
1306,134
1307,134
1308,134
1309,134
1310,134
1311,134
1312,134
1313,134
1314,134
1315,134
1316,134
1317,134
1318,134
1319,134
1320,134
1321,134
1322,134
1323,134
1324,134
1325,134
1326,134
1327,134
1328,134
1329,134
1330,134
1331,134
1332,134
1333,134
1334,134
1335,134
1336,134
1337,134
1338,134
1339,134
1340,134
1341,134
1342,134
1343,134
1344,134
1345,134
1346,134
1347,134
1348,134
1349,134
1350,134
1351,134
1352,134
1353,134
1354,134
1355,134
1356,134
1357,134
1358,134
1359,134
1360,134
1361,134
1362,134
1363,134
1364,134
1365,134
1366,134
1367,134
1368,134
1369,134
1370,134
1371,134
1372,134
1373,134
1374,134
1375,134
1376,134
1377,134
1378,134
1379,134
1380,134
1381,134
1382,134
1383,134
1384,134
1385,134
1386,134
1387,134
1388,134
1389,134
1390,134
1391,134
1392,134
1393,134
1394,134
1395,134
1396,134
1397,134
1398,134
1399,134
1400,134
1401,134
1402,134
1403,134
1404,134
1405,134
1406,134
1407,134
1408,134
1409,134
1410,134
1411,134
1412,134
1413,134
1414,134
1415,134
1416,134
1417,134
1418,134
1419,134
1420,134
1421,134
1422,134
1423,134
1424,134
1425,134
1426,134
1427,134
1428,134
1429,134
1430,134
1431,134
1432,134
1433,134
1434,134
1435,134
1436,134
1437,134
1438,134
1439,134
1440,134
1441,134
1442,134
1443,134
1444,134
1445,134
1446,134
1447,134
1448,134
1449,134
1450,134
1451,134
1452,134
1453,134
1454,134
1455,134
1456,134
1457,134
1458,134
1459,134
1460,134
1461,134
1462,134
1463,134
1464,134
1465,134
1466,134
1467,134
1468,134
1469,134
1470,134
1471,134
1472,134
1473,134
1474,134
1475,134
1476,134
1477,134
1478,134
1479,134
1480,134
1481,134
1482,134
1483,134
1484,134
1485,134
1486,134
1487,134
1488,134
1489,134
1490,134
1491,134
1492,134
1493,134
1494,134
1495,134
1496,134
1497,134
1498,134
1499,134
1500,134
1501,134
1502,134
1503,134
1504,134
1505,134
1506,134
1507,134
1508,134
1509,134
1510,134
1511,134
1512,134
1513,134
1514,134
1515,134
1516,134
1517,134
1518,134
1519,134
1520,134
1521,134
1522,134
1523,134
1524,134
1525,134
1526,134
1527,134
1528,134
1529,134
1530,134
1531,134
1532,134
1533,134
1534,134
1535,134
1536,134
1537,134
1538,134
1539,134
1540,134
1541,134
1542,134
1543,134
1544,134
1545,134
1546,134
1547,134
1548,134
1549,134
1550,134
1551,134
1552,134
1553,134
1554,134
1555,135
1556,135
1557,135
1558,135
1559,135
1560,135
1561,135
1562,135
1563,135
1564,135
1565,135
1566,135
1567,135
1568,135
1569,135
1570,135
1571,135
1572,135
1573,135
1574,135
1575,135
1576,135
1577,135
1578,135
1579,135
1580,135
1581,135
1582,135
1583,135
1584,135
1585,135
1586,135
1587,135
1588,135
1589,135
1590,135
1591,135
1592,135
1593,135
1594,135
1595,135
1596,135
1597,135
1598,135
1599,135
1600,135
1601,135
1602,135
1603,135
1604,135
1605,135
1606,135
1607,135
1608,135
1609,135
1610,135
1611,135
1612,135
1613,135
1614,135
1615,135
1616,135
1617,135
1618,135
1619,135
1620,135
1621,135
1622,135
1623,135
1624,135
1625,135
1626,135
1627,135
1628,135
1629,135
1630,135
1631,135
1632,135
1633,135
1634,135
1635,135
1636,135
1637,135
1638,135
1639,135
1640,135
1641,135
1642,135
1643,135
1644,135
1645,135
1646,135
1647,135
1648,135
1649,135
1650,135
1651,135
1652,135
1653,135
1654,135
1655,135
1656,135
1657,135
1658,135
1659,135
1660,135
1661,135
1662,135
1663,135
1664,135
1665,135
1666,135
1667,135
1668,135
1669,135
1670,135
1671,135
1672,135
1673,135
1674,135
1675,135
1676,135
1677,135
1678,135
1679,135
1680,135
1681,135
1682,135
1683,135
1684,135
1685,135
1686,135
1687,135
1688,135
1689,135
1690,135
1691,135
1692,135
1693,135
1694,135
1695,135
1696,135
1697,135
1698,135
1699,135
1700,135
1701,135
1702,135
1703,135
1704,135
1705,135
1706,135
1707,135
1708,135
1709,135
1710,135
1711,135
1712,135
1713,135
1714,135
1715,135
1716,135
1717,135
1718,135
1719,135
1720,135
1721,135
1722,135
1723,135
1724,135
1725,135
1726,135
1727,135
1728,135
1729,135
1730,135
1731,135
1732,135
1733,135
1734,135
1735,135
1736,135
1737,135
1738,135
1739,135
1740,135
1741,135
1742,135
1743,135
1744,135
1745,135
1746,135
1747,135
1748,135
1749,135
1750,135
1751,135
1752,135
1753,135
1754,135
1755,135
1756,135
1757,135
1758,135
1759,135
1760,135
1761,135
1762,135
1763,135
1764,135
1765,135
1766,135
1767,135
1768,135
1769,135
1770,135
1771,135
1772,135
1773,135
1774,135
1775,135
1776,135
1777,135
1778,135
1779,136
1780,136
1781,136
1782,136
1783,136
1784,136
1785,136
1786,136
1787,136
1788,136
1789,136
1790,136
1791,136
1792,136
1793,136
1794,136
1795,136
1796,136
1797,136
1798,136
1799,136
1800,136
1801,136
1802,136
1803,136
1804,136
1805,136
1806,136
1807,136
1808,136
1809,136
1810,136
1811,136
1812,136
1813,136
1814,136
1815,136
1816,136
1817,136
1818,136
1819,136
1820,136
1821,136
1822,136
1823,136
1824,136
1825,136
1826,136
1827,136
1828,136
1829,136
1830,136
1831,136
1832,136
1833,136
1834,136
1835,136
1836,136
1837,136
1838,136
1839,136
1840,136
1841,136
1842,136
1843,136
1844,136
1845,136
1846,136
1847,136
1848,136
1849,136
1850,136
1851,136
1852,136
1853,136
1854,136
1855,136
1856,136
1857,136
1858,136
1859,136
1860,136
1861,136
1862,136
1863,136
1864,136
1865,136
1866,136
1867,136
1868,136
1869,136
1870,136
1871,136
1872,136
1873,136
1874,136
1875,136
1876,136
1877,136
1878,136
1879,136
1880,136
1881,136
1882,136
1883,136
1884,136
1885,136
1886,136
1887,136
1888,136
1889,136
1890,136
1891,136
1892,136
1893,136
1894,136
1895,136
1896,136
1897,136
1898,136
1899,136
1900,136
1901,136
1902,136
1903,136
1904,136
1905,136
1906,136
1907,136
1908,136
1909,136
1910,136
1911,136
1912,136
1913,136
1914,136
1915,136
1916,136
1917,136
1918,136
1919,136
1920,136
1921,136
1922,136
1923,136
1924,136
1925,136
1926,136
1927,136
1928,136
1929,136
1930,136
1931,136
1932,136
1933,136
1934,136
1935,136
1936,136
1937,136
1938,136
1939,136
1940,136
1941,136
1942,136
1943,136
1944,136
1945,136
1946,136
1947,136
1948,136
1949,136
1950,136
1951,136
1952,136
1953,136
1954,136
1955,136
1956,136
1957,136
1958,136
1959,136
1960,136
1961,136
1962,136
1963,136
1964,136
1965,136
1966,136
1967,136
1968,136
1969,136
1970,136
1971,136
1972,136
1973,136
1974,136
1975,136
1976,136
1977,136
1978,136
1979,136
1980,136
1981,136
1982,136
1983,136
1984,136
1985,136
1986,136
1987,136
1988,136
1989,136
1990,136
1991,136
1992,136
1993,136
1994,136
1995,136
1996,136
1997,136
1998,136
1999,136
2000,136
2001,136
2002,136
2003,136
2004,136
2005,136
2006,136
2007,136
2008,136
2009,136
2010,136
2011,136
2012,136
2013,136
2014,136
2015,136
2016,136
2017,136
2018,136
2019,136
2020,136
2021,136
2022,136
2023,136
2024,136
2025,136
2026,136
2027,136
2028,136
2029,136
2030,136
2031,136
2032,136
2033,136
2034,136
2035,136
2036,136
2037,136
2038,136
2039,136
2040,136
2041,136
2042,136
2043,136
2044,136
2045,136
2046,136
2047,136
2048,136
2049,136
2050,136
2051,136
2052,136
2053,136
2054,136
2055,136
2056,136
2057,136
2058,136
2059,136
2060,136
2061,136
2062,136
2063,136
2064,136
2065,136
2066,136
2067,136
2068,136
2069,136
2070,136
2071,136
2072,136
2073,136
2074,136
2075,136
2076,136
2077,136
2078,136
2079,136
2080,136
2081,136
2082,136
2083,136
2084,136
2085,136
2086,136
2087,136
2088,136
2089,136
2090,136
2091,136
2092,136
2093,136
2094,136
2095,136
2096,136
2097,136
2098,136
2099,136
2100,136
2101,136
2102,136
2103,136
2104,136
2105,136
2106,136
2107,136
2108,136
2109,136
2110,136
2111,136
2112,136
2113,136
2114,136
2115,136
2116,136
2117,136
2118,136
2119,136
2120,136
2121,136
2122,136
2123,136
2124,136
2125,136
2126,136
2127,136
2128,136
2129,136
2130,136
2131,136
2132,136
2133,136
2134,136
2135,136
2136,136
2137,136
2138,136
2139,136
2140,136
2141,136
2142,136
2143,136
2144,136
2145,136
2146,136
2147,136
2148,136
2149,136
2150,136
2151,136
2152,136
2153,136
2154,136
2155,136
2156,136
2157,136
2158,136
2159,136
2160,136
2161,136
2162,136
2163,136
2164,136
2165,136
2166,136
2167,136
2168,136
2169,136
2170,136
2171,136
2172,136
2173,136
2174,136
2175,136
2176,136
2177,136
2178,136
2179,136
2180,136
2181,136
2182,136
2183,136
2184,136
2185,136
2186,136
2187,136
2188,136
2189,136
2190,136
2191,136
2192,136
2193,136
2194,136
2195,136
2196,136
2197,136
2198,136
2199,136
2200,136
2201,136
2202,136
2203,136
2204,136
2205,136
2206,136
2207,136
2208,136
2209,136
2210,136
2211,136
2212,136
2213,136
2214,136
2215,136
2216,136
2217,136
2218,136
2219,136
2220,136
2221,136
2222,136
2223,136
2224,136
2225,136
2226,136
2227,136
2228,136
2229,136
2230,136
2231,136
2232,136
2233,136
2234,136
2235,136
2236,136
2237,136
2238,136
2239,136
2240,136
2241,136
2242,136
2243,136
2244,136
2245,136
2246,136
2247,136
2248,136
2249,136
2250,136
2251,136
2252,136
2253,136
2254,136
2255,136
2256,136
2257,136
2258,136
2259,136
2260,136
2261,136
2262,136
2263,136
2264,136
2265,136
2266,136
2267,136
2268,136
2269,136
2270,136
2271,136
2272,136
2273,136
2274,136
2275,136
2276,136
2277,136
2278,136
2279,136
2280,136
2281,136
2282,136
2283,136
2284,136
2285,136
2286,136
2287,136
2288,136
2289,136
2290,136
2291,136
2292,136
2293,136
2294,136
2295,136
2296,136
2297,136
2298,136
2299,136
2300,136
2301,136
2302,136
2303,136
2304,136
2305,136
2306,136
2307,136
2308,136
2309,136
2310,136
2311,136
2312,136
2313,136
2314,136
2315,136
2316,136
2317,136
2318,136
2319,136
2320,136
2321,136
2322,136
2323,136
2324,136
2325,136
2326,136
2327,136
2328,136
2329,136
2330,136
2331,136
2332,136
2333,136
2334,136
2335,136
2336,136
2337,136
2338,136
2339,136
2340,136
2341,136
2342,136
2343,136
2344,136
2345,136
2346,136
2347,136
2348,136
2349,136
2350,136
2351,136
2352,136
2353,136
2354,136
2355,136
2356,136
2357,136
2358,136
2359,136
2360,136
2361,136
2362,136
2363,136
2364,136
2365,136
2366,136
2367,136
2368,136
2369,136
2370,136
2371,136
2372,136
2373,136
2374,136
2375,136
2376,136
2377,136
2378,136
2379,136
2380,136
2381,136
2382,136
2383,136
2384,136
2385,136
2386,136
2387,136
2388,136
2389,136
2390,136
2391,136
2392,136
2393,136
2394,136
2395,136
2396,136
2397,136
2398,136
2399,136
2400,136
2401,136
2402,136
2403,136
2404,136
2405,136
2406,136
2407,136
2408,136
2409,136
2410,136
2411,136
2412,136
2413,136
2414,136
2415,136
2416,136
2417,136
2418,136
2419,136
2420,136
2421,136
2422,136
2423,136
2424,136
2425,136
2426,136
2427,136
2428,136
2429,136
2430,136
2431,136
2432,136
2433,136
2434,136
2435,136
2436,136
2437,136
2438,136
2439,136
2440,136
2441,136
2442,136
2443,136
2444,136
2445,136
2446,136
2447,136
2448,136
2449,136
2450,136
2451,136
2452,136
2453,136
2454,136
2455,136
2456,136
2457,136
2458,136
2459,136
2460,136
2461,136
2462,136
2463,136
2464,136
2465,136
2466,136
2467,136
2468,136
2469,136
2470,136
2471,136
2472,136
2473,136
2474,136
2475,136
2476,136
2477,136
2478,136
2479,136
2480,136
2481,136
2482,136
2483,136
2484,136
2485,136
2486,136
2487,136
2488,136
2489,136
2490,136
2491,136
2492,136
2493,136
2494,136
2495,136
2496,136
2497,136
2498,136
2499,136
2500,136
2501,136
2502,136
2503,136
2504,136
2505,136
2506,136
2507,136
2508,136
2509,136
2510,136
2511,136
2512,136
2513,136
2514,136
2515,136
2516,136
2517,136
2518,136
2519,136
2520,136
2521,136
2522,136
2523,136
2524,136
2525,136
2526,136
2527,136
2528,136
2529,136
2530,136
2531,136
2532,136
2533,136
2534,136
2535,136
2536,136
2537,136
2538,136
2539,136
2540,136
2541,136
2542,136
2543,136
2544,136
2545,136
2546,136
2547,136
2548,136
2549,136
2550,136
2551,136
2552,136
2553,136
2554,136
2555,136
2556,136
2557,136
2558,136
2559,136
2560,136
2561,136
2562,136
2563,136
2564,136
2565,136
2566,136
2567,136
2568,136
2569,136
2570,136
2571,136
2572,136
2573,136
2574,136
2575,136
2576,136
2577,136
2578,136
2579,136
2580,136
2581,136
2582,136
2583,136
2584,136
2585,136
2586,136
2587,136
2588,136
2589,136
2590,136
2591,136
2592,136
2593,136
2594,136
2595,136
2596,136
2597,136
2598,136
2599,136
2600,136
2601,136
2602,136
2603,136
2604,136
2605,136
2606,136
2607,136
2608,136
2609,136
2610,136
2611,136
2612,136
2613,136
2614,136
2615,136
2616,136
2617,136
2618,136
2619,136
2620,136
2621,136
2622,136
2623,136
2624,136
2625,136
2626,136
2627,136
2628,136
2629,136
2630,136
2631,136
2632,136
2633,136
2634,136
2635,136
2636,136
2637,136
2638,136
2639,136
2640,136
2641,136
2642,136
2643,136
2644,136
2645,136
2646,136
2647,136
2648,136
2649,136
2650,136
2651,136
2652,136
2653,136
2654,136
2655,136
2656,136
2657,136
2658,136
2659,136
2660,136
2661,136
2662,136
2663,136
2664,136
2665,136
2666,136
2667,136
2668,136
2669,136
2670,136
2671,136
2672,136
2673,136
2674,136
2675,136
2676,136
2677,136
2678,136
2679,136
2680,136
2681,136
2682,136
2683,136
2684,136
2685,136
2686,136
2687,136
2688,136
2689,136
2690,136
2691,136
2692,136
2693,136
2694,136
2695,136
2696,136
2697,136
2698,136
2699,136
2700,136
2701,136
2702,136
2703,136
2704,136
2705,136
2706,136
2707,136
2708,136
2709,136
2710,136
2711,136
2712,136
2713,136
2714,136
2715,136
2716,136
2717,136
2718,136
2719,136
2720,136
2721,136
2722,136
2723,136
2724,136
2725,136
2726,136
2727,136
2728,136
2729,136
2730,136
2731,136
2732,136
2733,136
2734,136
2735,136
2736,136
2737,136
2738,136
2739,136
2740,136
2741,136
2742,136
2743,136
2744,136
2745,136
2746,136
2747,136
2748,136
2749,136
2750,136
2751,136
2752,136
2753,136
2754,136
2755,136
2756,136
2757,136
2758,136
2759,136
2760,136
2761,136
2762,136
2763,136
2764,136
2765,136
2766,136
2767,136
2768,136
2769,136
2770,136
2771,136
2772,136
2773,136
2774,136
2775,136
2776,136
2777,136
2778,136
2779,136
2780,136
2781,136
2782,136
2783,136
2784,136
2785,136
2786,136
2787,136
2788,136
2789,136
2790,136
2791,136
2792,136
2793,136
2794,136
2795,136
2796,136
2797,136
2798,136
2799,136
2800,136
2801,136
2802,136
2803,136
2804,136
2805,136
2806,136
2807,136
2808,136
2809,136
2810,136
2811,136
2812,136
2813,136
2814,136
2815,136
2816,136
2817,136
2818,136
2819,136
2820,136
2821,136
2822,136
2823,136
2824,136
2825,136
2826,136
2827,136
2828,136
2829,136
2830,136
2831,136
2832,136
2833,136
2834,136
2835,136
2836,136
2837,136
2838,136
2839,136
2840,136
2841,136
2842,136
2843,136
2844,136
2845,136
2846,136
2847,136
2848,136
2849,136
2850,136
2851,136
2852,136
2853,136
2854,136
2855,136
2856,136
2857,136
2858,136
2859,136
2860,136
2861,136
2862,136
2863,136
2864,136
2865,136
2866,136
2867,136
2868,136
2869,136
2870,136
2871,136
2872,136
2873,136
2874,136
2875,136
2876,136
2877,136
2878,136
2879,136
2880,136
2881,136
2882,136
2883,136
2884,136
2885,136
2886,136
2887,136
2888,136
2889,136
2890,136
2891,136
2892,136
2893,136
2894,136
2895,136
2896,136
2897,136
2898,136
2899,136
2900,136
2901,136
2902,136
2903,136
2904,136
2905,136
2906,136
2907,136
2908,136
2909,136
2910,136
2911,136
2912,136
2913,136
2914,136
2915,136
2916,136
2917,136
2918,136
2919,136
2920,136
2921,136
2922,136
2923,136
2924,136
2925,136
2926,136
2927,136
2928,136
2929,136
2930,136
2931,136
2932,136
2933,136
2934,136
2935,136
2936,136
2937,136
2938,136
2939,136
2940,136
2941,136
2942,136
2943,136
2944,136
2945,136
2946,136
2947,136
2948,136
2949,136
2950,136
2951,136
2952,136
2953,136
2954,136
2955,136
2956,136
2957,136
2958,136
2959,136
2960,136
2961,136
2962,136
2963,136
2964,136
2965,136
2966,136
2967,136
2968,136
2969,136
2970,136
2971,136
2972,136
2973,136
2974,136
2975,136
2976,136
2977,136
2978,136
2979,136
2980,136
2981,136
2982,136
2983,136
2984,136
2985,136
2986,136
2987,136
2988,136
2989,136
2990,136
2991,136
2992,136
2993,136
2994,136
2995,136
2996,136
2997,136
2998,136
2999,136
3000,136
3001,136
3002,136
3003,136
3004,136
3005,136
3006,136
3007,136
3008,136
3009,136
3010,136
3011,136
3012,136
3013,136
3014,136
3015,136
3016,136
3017,136
3018,136
3019,136
3020,136
3021,136
3022,136
3023,136
3024,136
3025,136
3026,136
3027,136
3028,136
3029,136
3030,136
3031,136
3032,136
3033,136
3034,136
3035,136
3036,136
3037,136
3038,136
3039,136
3040,136
3041,136
3042,136
3043,136
3044,136
3045,136
3046,136
3047,136
3048,136
3049,136
3050,136
3051,136
3052,136
3053,136
3054,136
3055,136
3056,136
3057,136
3058,136
3059,136
3060,136
3061,136
3062,136
3063,136
3064,136
3065,136
3066,136
3067,136
3068,136
3069,136
3070,136
3071,136
3072,136
3073,136
3074,136
3075,136
3076,136
3077,136
3078,136
3079,136
3080,136
3081,136
3082,136
3083,136
3084,136
3085,136
3086,136
3087,136
3088,136
3089,136
3090,136
3091,136
3092,136
3093,136
3094,136
3095,136
3096,136
3097,136
3098,136
3099,136
3100,136
3101,136
3102,136
3103,136
3104,136
3105,136
3106,136
3107,136
3108,136
3109,136
3110,136
3111,136
3112,136
3113,136
3114,136
3115,136
3116,136
3117,136
3118,136
3119,136
3120,136
3121,136
3122,136
3123,136
3124,136
3125,136
3126,136
3127,136
3128,136
3129,136
3130,136
3131,136
3132,136
3133,136
3134,136
3135,136
3136,136
3137,136
3138,136
3139,136
3140,136
3141,136
3142,136
3143,136
3144,136
3145,136
3146,136
3147,136
3148,136
3149,136
3150,136
3151,136
3152,136
3153,136
3154,136
3155,136
3156,136
3157,136
3158,136
3159,136
3160,136
3161,136
3162,136
3163,136
3164,136
3165,136
3166,136
3167,136
3168,136
3169,136
3170,136
3171,136
3172,136
3173,136
3174,136
3175,136
3176,136
3177,136
3178,136
3179,136
3180,136
3181,136
3182,136
3183,136
3184,136
3185,136
3186,136
3187,136
3188,136
3189,136
3190,136
3191,136
3192,136
3193,136
3194,136
3195,136
3196,136
3197,136
3198,136
3199,136
3200,136
3201,136
3202,136
3203,136
3204,136
3205,136
3206,136
3207,136
3208,136
3209,136
3210,136
3211,136
3212,136
3213,136
3214,136
3215,136
3216,136
3217,136
3218,136
3219,136
3220,136
3221,136
3222,136
3223,136
3224,136
3225,136
3226,136
3227,136
3228,136
3229,136
3230,136
3231,136
3232,136
3233,136
3234,136
3235,136
3236,136
3237,136
3238,136
3239,136
3240,136
3241,136
3242,136
3243,136
3244,136
3245,136
3246,136
3247,136
3248,136
3249,136
3250,136
3251,136
3252,136
3253,136
3254,136
3255,136
3256,136
3257,136
3258,136
3259,136
3260,136
3261,136
3262,136
3263,136
3264,136
3265,136
3266,136
3267,136
3268,136
3269,136
3270,136
3271,136
3272,136
3273,136
3274,136
3275,136
3276,136
3277,136
3278,136
3279,136
3280,136
3281,136
3282,136
3283,136
3284,136
3285,136
3286,136
3287,136
3288,136
3289,136
3290,136
3291,136
3292,136
3293,136
3294,136
3295,136
3296,136
3297,136
3298,136
3299,136
3300,136
3301,136
3302,136
3303,136
3304,136
3305,136
3306,136
3307,136
3308,136
3309,136
3310,136
3311,136
3312,136
3313,136
3314,136
3315,136
3316,136
3317,136
3318,136
3319,136
3320,136
3321,136
3322,136
3323,136
3324,136
3325,136
3326,136
3327,136
3328,136
3329,136
3330,136
3331,136
3332,136
3333,136
3334,136
3335,136
3336,136
3337,136
3338,136
3339,136
3340,136
3341,136
3342,136
3343,136
3344,136
3345,136
3346,136
3347,136
3348,136
3349,136
3350,136
3351,136
3352,136
3353,136
3354,136
3355,136
3356,136
3357,136
3358,136
3359,136
3360,136
3361,136
3362,136
3363,136
3364,136
3365,136
3366,136
3367,136
3368,136
3369,136
3370,136
3371,136
3372,136
3373,136
3374,136
3375,136
3376,136
3377,136
3378,136
3379,136
3380,136
3381,136
3382,136
3383,136
3384,136
3385,136
3386,136
3387,136
3388,136
3389,136
3390,136
3391,136
3392,136
3393,136
3394,136
3395,136
3396,136
3397,136
3398,136
3399,136
3400,136
3401,136
3402,136
3403,136
3404,136
3405,136
3406,136
3407,136
3408,136
3409,136
3410,136
3411,136
3412,136
3413,136
3414,136
3415,136
3416,136
3417,136
3418,136
3419,136
3420,136
3421,136
3422,136
3423,136
3424,136
3425,136
3426,136
3427,136
3428,136
3429,136
3430,136
3431,136
3432,136
3433,136
3434,136
3435,136
3436,136
3437,136
3438,136
3439,136
3440,136
3441,136
3442,136
3443,136
3444,136
3445,136
3446,136
3447,136
3448,136
3449,136
3450,136
3451,136
3452,136
3453,136
3454,136
3455,136
3456,136
3457,136
3458,136
3459,136
3460,136
3461,136
3462,136
3463,136
3464,136
3465,136
3466,136
3467,136
3468,136
3469,136
3470,136
3471,136
3472,136
3473,136
3474,136
3475,136
3476,136
3477,136
3478,136
3479,136
3480,136
3481,136
3482,136
3483,136
3484,136
3485,136
3486,136
3487,136
3488,136
3489,136
3490,136
3491,136
3492,136
3493,136
3494,136
3495,136
3496,136
3497,136
3498,136
3499,136
3500,136
3501,136
3502,136
3503,136
3504,136
3505,136
3506,136
3507,136
3508,136
3509,136
3510,136
3511,136
3512,136
3513,136
3514,136
3515,136
3516,136
3517,136
3518,136
3519,136
3520,136
3521,136
3522,136
3523,136
3524,136
3525,136
3526,136
3527,136
3528,136
3529,136
3530,136
3531,136
3532,136
3533,136
3534,136
3535,136
3536,136
3537,136
3538,136
3539,136
3540,136
3541,136
3542,136
3543,136
3544,136
3545,136
3546,136
3547,136
3548,136
3549,136
3550,136
3551,136
3552,136
3553,136
3554,136
3555,136
3556,136
3557,136
3558,136
3559,136
3560,136
3561,136
3562,136
3563,136
3564,136
3565,136
3566,136
3567,136
3568,136
3569,136
3570,136
3571,136
3572,136
3573,136
3574,136
3575,136
3576,136
3577,136
3578,136
3579,136
3580,136
3581,136
3582,136
3583,136
3584,136
3585,136
3586,136
3587,136
3588,136
3589,136
3590,136
3591,136
3592,136
3593,136
3594,136
3595,136
3596,136
3597,136
3598,136
3599,136
3600,136
3601,136
3602,136
3603,136
3604,136
3605,136
3606,136
3607,136
3608,136
3609,136
3610,136
3611,136
3612,136
3613,136
3614,136
3615,136
3616,136
3617,136
3618,136
3619,136
3620,136
3621,136
3622,136
3623,136
3624,136
3625,136
3626,136
3627,136
3628,136
3629,136
3630,136
3631,136
3632,136
3633,136
3634,136
3635,136
3636,136
3637,136
3638,136
3639,136
3640,136
3641,136
3642,136
3643,136
3644,136
3645,136
3646,136
3647,136
3648,136
3649,136
3650,136
3651,136
3652,136
3653,136
3654,136
3655,136
3656,136
3657,136
3658,136
3659,136
3660,136
3661,136
3662,136
3663,136
3664,136
3665,136
3666,136
3667,136
3668,136
3669,136
3670,136
3671,136
3672,136
3673,136
3674,136
3675,136
3676,136
3677,136
3678,136
3679,136
3680,136
3681,136
3682,136
3683,136
3684,136
3685,136
3686,136
3687,136
3688,136
3689,136
3690,136
3691,136
3692,136
3693,136
3694,136
3695,136
3696,136
3697,136
3698,136
3699,136
3700,136
3701,136
3702,136
3703,136
3704,136
3705,136
3706,136
3707,136
3708,136
3709,136
3710,136
3711,136
3712,136
3713,136
3714,136
3715,136
3716,136
3717,136
3718,136
3719,136
3720,136
3721,136
3722,136
3723,136
3724,136
3725,136
3726,136
3727,136
3728,136
3729,136
3730,136
3731,136
3732,136
3733,136
3734,136
3735,136
3736,136
3737,136
3738,136
3739,136
3740,136
3741,136
3742,136
3743,136
3744,136
3745,136
3746,136
3747,136
3748,136
3749,136
3750,136
3751,136
3752,136
3753,136
3754,136
3755,136
3756,136
3757,136
3758,136
3759,136
3760,136
3761,136
3762,136
3763,136
3764,136
3765,136
3766,136
3767,136
3768,136
3769,136
3770,136
3771,136
3772,136
3773,136
3774,136
3775,136
3776,136
3777,136
3778,136
3779,136
3780,136
3781,136
3782,136
3783,136
3784,136
3785,136
3786,136
3787,136
3788,136
3789,136
3790,136
3791,136
3792,136
3793,136
3794,136
3795,136
3796,136
3797,136
3798,136
3799,136
3800,136
3801,136
3802,136
3803,136
3804,136
3805,136
3806,136
3807,136
3808,136
3809,136
3810,136
3811,136
3812,136
3813,136
3814,136
3815,136
3816,136
3817,136
3818,136
3819,136
3820,136
3821,136
3822,136
3823,136
3824,136
3825,136
3826,136
3827,136
3828,136
3829,136
3830,136
3831,136
3832,136
3833,136
3834,136
3835,136
3836,136
3837,136
3838,136
3839,136
3840,136
3841,136
3842,136
3843,136
3844,136
3845,136
3846,136
3847,136
3848,136
3849,136
3850,136
3851,136
3852,136
3853,136
3854,136
3855,136
3856,136
3857,136
3858,136
3859,136
3860,136
3861,136
3862,136
3863,136
3864,136
3865,136
3866,136
3867,136
3868,136
3869,136
3870,136
3871,136
3872,136
3873,136
3874,136
3875,136
3876,136
3877,136
3878,136
3879,136
3880,136
3881,136
3882,136
3883,136
3884,136
3885,136
3886,136
3887,136
3888,136
3889,136
3890,136
3891,136
3892,136
3893,136
3894,136
3895,136
3896,136
3897,136
3898,136
3899,136
3900,136
3901,136
3902,136
3903,136
3904,136
3905,136
3906,136
3907,136
3908,136
3909,136
3910,136
3911,136
3912,136
3913,136
3914,136
3915,136
3916,136
3917,136
3918,136
3919,136
3920,136
3921,136
3922,136
3923,136
3924,136
3925,136
3926,136
3927,136
3928,136
3929,136
3930,136
3931,136
3932,136
3933,136
3934,136
3935,136
3936,136
3937,136
3938,136
3939,136
3940,136
3941,136
3942,136
3943,136
3944,136
3945,136
3946,136
3947,136
3948,136
3949,136
3950,136
3951,136
3952,136
3953,136
3954,136
3955,136
3956,136
3957,136
3958,136
3959,136
3960,136
3961,136
3962,136
3963,136
3964,136
3965,136
3966,136
3967,136
3968,136
3969,136
3970,136
3971,136
3972,136
3973,136
3974,136
3975,136
3976,136
3977,136
3978,136
3979,136
3980,136
3981,136
3982,136
3983,136
3984,136
3985,136
3986,136
3987,136
3988,136
3989,136
3990,136
3991,136
3992,136
3993,136
3994,136
3995,136
3996,136
3997,136
3998,136
3999,136
4000,136
4001,136
4002,136
4003,136
4004,136
4005,136
4006,136
4007,136
4008,136
4009,136
4010,136
4011,136
4012,136
4013,136
4014,136
4015,136
4016,136
4017,136
4018,136
4019,136
4020,136
4021,136
4022,136
4023,136
4024,136
4025,136
4026,136
4027,136
4028,136
4029,136
4030,136
4031,136
4032,136
4033,136
4034,136
4035,136
4036,136
4037,136
4038,136
4039,136
4040,136
4041,136
4042,136
4043,136
4044,136
4045,136
4046,136
4047,136
4048,136
4049,136
4050,136
4051,136
4052,136
4053,136
4054,136
4055,136
4056,136
4057,136
4058,136
4059,136
4060,136
4061,136
4062,136
4063,136
4064,136
4065,136
4066,136
4067,136
4068,136
4069,136
4070,136
4071,136
4072,136
4073,136
4074,136
4075,136
4076,136
4077,136
4078,136
4079,136
4080,136
4081,136
4082,136
4083,136
4084,136
4085,136
4086,136
4087,136
4088,136
4089,136
4090,136
4091,136
4092,136
4093,136
4094,136
4095,136
4096,136
4097,136
4098,136
4099,136
4100,136
4101,136
4102,136
4103,136
4104,136
4105,136
4106,136
4107,136
4108,136
4109,136
4110,136
4111,136
4112,136
4113,136
4114,136
4115,136
4116,136
4117,136
4118,136
4119,136
4120,136
4121,136
4122,136
4123,136
4124,136
4125,136
4126,136
4127,136
4128,136
4129,136
4130,136
4131,136
4132,136
4133,136
4134,136
4135,136
4136,136
4137,136
4138,136
4139,136
4140,136
4141,136
4142,136
4143,136
4144,136
4145,136
4146,136
4147,136
4148,136
4149,136
4150,136
4151,136
4152,136
4153,136
4154,136
4155,136
4156,136
4157,136
4158,136
4159,136
4160,136
4161,136
4162,136
4163,136
4164,136
4165,136
4166,136
4167,136
4168,136
4169,136
4170,136
4171,136
4172,136
4173,136
4174,136
4175,136
4176,136
4177,136
4178,136
4179,136
4180,136
4181,136
4182,136
4183,136
4184,136
4185,136
4186,136
4187,136
4188,136
4189,136
4190,136
4191,136
4192,136
4193,136
4194,136
4195,136
4196,136
4197,136
4198,136
4199,136
4200,136
4201,136
4202,136
4203,136
4204,136
4205,136
4206,136
4207,136
4208,136
4209,136
4210,136
4211,136
4212,136
4213,136
4214,136
4215,136
4216,136
4217,136
4218,136
4219,136
4220,136
4221,136
4222,136
4223,136
4224,136
4225,136
4226,136
4227,136
4228,136
4229,136
4230,136
4231,136
4232,136
4233,136
4234,136
4235,136
4236,136
4237,136
4238,136
4239,136
4240,136
4241,137
4242,137
4243,137
4244,137
4245,137
4246,137
4247,137
4248,137
4249,137
4250,137
4251,137
4252,137
4253,137
4254,137
4255,137
4256,137
4257,137
4258,137
4259,137
4260,137
4261,137
4262,137
4263,137
4264,137
4265,137
4266,137
4267,137
4268,137
4269,137
4270,137
4271,137
4272,137
4273,137
4274,137
4275,137
4276,137
4277,137
4278,137
4279,137
4280,137
4281,137
4282,137
4283,137
4284,137
4285,137
4286,137
4287,137
4288,137
4289,137
4290,137
4291,137
4292,137
4293,137
4294,137
4295,137
4296,137
4297,137
4298,137
4299,137
4300,137
4301,137
4302,137
4303,137
4304,137
4305,137
4306,137
4307,137
4308,137
4309,137
4310,137
4311,137
4312,137
4313,137
4314,137
4315,137
4316,137
4317,137
4318,137
4319,137
4320,137
4321,137
4322,137
4323,137
4324,137
4325,137
4326,137
4327,137
4328,137
4329,137
4330,137
4331,137
4332,137
4333,138
4334,139
4335,140
4336,140
4337,140
4338,140
4339,140
4340,140
4341,140
4342,140
4343,140
4344,140
4345,140
4346,140
4347,140
4348,140
4349,140
4350,140
4351,140
4352,140
4353,140
4354,140
4355,140
4356,140
4357,140
4358,140
4359,140
4360,140
4361,140
4362,140
4363,140
4364,140
4365,140
4366,140
4367,140
4368,140
4369,140
4370,140
4371,140
4372,140
4373,140
4374,140
4375,140
4376,140
4377,140
4378,140
4379,140
4380,140
4381,140
4382,140
4383,140
4384,140
4385,140
4386,140
4387,140
4388,140
4389,140
4390,140
4391,140
4392,140
4393,140
4394,140
4395,140
4396,140
4397,140
4398,140
4399,140
4400,140
4401,140
4402,140
4403,140
4404,140
4405,140
4406,140
4407,140
4408,140
4409,140
4410,140
4411,140
4412,140
4413,140
4414,140
4415,140
4416,140
4417,140
4418,140
4419,140
4420,140
4421,140
4422,140
4423,140
4424,140
4425,140
4426,140
4427,140
4428,140
4429,140
4430,140
4431,140
4432,140
4433,140
4434,140
4435,140
4436,140
4437,140
4438,140
4439,140
4440,140
4441,140
4442,140
4443,140
4444,140
4445,140
4446,140
4447,140
4448,140
4449,140
4450,140
4451,140
4452,140
4453,140
4454,140
4455,140
4456,140
4457,140
4458,140
4459,140
4460,140
4461,140
4462,140
4463,140
4464,140
4465,140
4466,140
4467,140
4468,140
4469,141
4470,142
4471,142
4472,142
4473,142
4474,142
4475,142
4476,142
4477,142
4478,142
4479,142
4480,142
4481,142
4482,142
4483,142
4484,142
4485,142
4486,142
4487,142
4488,142
4489,142
4490,142
4491,142
4492,142
4493,142
4494,142
4495,142
4496,142
4497,142
4498,142
4499,142
4500,142
4501,142
4502,142
4503,142
4504,142
4505,142
4506,142
4507,142
4508,142
4509,142
4510,142
4511,142
4512,142
4513,142
4514,142
4515,142
4516,142
4517,142
4518,142
4519,142
4520,142
4521,142
4522,142
4523,142
4524,142
4525,142
4526,142
4527,142
4528,142
4529,142
4530,142
4531,142
4532,142
4533,142
4534,142
4535,142
4536,142
4537,142
4538,142
4539,142
4540,142
4541,142
4542,142
4543,142
4544,142
4545,142
4546,142
4547,142
4548,142
4549,142
4550,142
4551,142
4552,142
4553,142
4554,142
4555,142
4556,142
4557,142
4558,142
4559,142
4560,142
4561,142
4562,142
4563,142
4564,142
4565,142
4566,142
4567,142
4568,142
4569,142
4570,142
4571,142
4572,142
4573,142
4574,142
4575,142
4576,142
4577,142
4578,142
4579,142
4580,142
4581,142
4582,142
4583,142
4584,142
4585,142
4586,142
4587,142
4588,142
4589,142
4590,142
4591,142
4592,142
4593,142
4594,142
4595,142
4596,142
4597,142
4598,142
4599,142
4600,142
4601,142
4602,142
4603,142
4604,142
4605,142
4606,142
4607,142
4608,142
4609,142
4610,142
4611,142
4612,142
4613,142
4614,142
4615,142
4616,142
4617,142
4618,142
4619,142
4620,142
4621,142
4622,142
4623,142
4624,142
4625,142
4626,142
4627,142
4628,142
4629,142
4630,142
4631,142
4632,142
4633,142
4634,142
4635,142
4636,142
4637,142
4638,142
4639,142
4640,142
4641,142
4642,142
4643,142
4644,142
4645,142
4646,142
4647,142
4648,142
4649,142
4650,142
4651,142
4652,142
4653,142
4654,142
4655,142
4656,142
4657,142
4658,142
4659,142
4660,142
4661,142
4662,142
4663,142
4664,142
4665,142
4666,142
4667,142
4668,142
4669,142
4670,142
4671,142
4672,142
4673,142
4674,142
4675,142
4676,142
4677,142
4678,142
4679,142
4680,142
4681,142
4682,142
4683,142
4684,142
4685,142
4686,142
4687,142
4688,142
4689,142
4690,142
4691,142
4692,142
4693,142
4694,142
4695,142
4696,142
4697,142
4698,142
4699,142
4700,142
4701,142
4702,142
4703,142
4704,142
4705,142
4706,142
4707,142
4708,142
4709,142
4710,142
4711,142
4712,142
4713,142
4714,142
4715,142
4716,142
4717,142
4718,142
4719,142
4720,142
4721,142
4722,142
4723,142
4724,142
4725,142
4726,142
4727,142
4728,142
4729,142
4730,142
4731,142
4732,142
4733,142
4734,142
4735,142
4736,142
4737,142
4738,142
4739,142
4740,142
4741,142
4742,142
4743,142
4744,142
4745,142
4746,142
4747,142
4748,142
4749,142
4750,142
4751,142
4752,142
4753,142
4754,142
4755,142
4756,142
4757,142
4758,142
4759,142
4760,142
4761,142
4762,142
4763,142
4764,142
4765,142
4766,142
4767,142
4768,142
4769,142
4770,142
4771,142
4772,142
4773,142
4774,142
4775,142
4776,142
4777,142
4778,142
4779,142
4780,142
4781,142
4782,142
4783,142
4784,142
4785,142
4786,142
4787,142
4788,142
4789,142
4790,142
4791,142
4792,142
4793,142
4794,142
4795,142
4796,142
4797,142
4798,142
4799,142
4800,142
4801,142
4802,142
4803,142
4804,142
4805,142
4806,142
4807,142
4808,142
4809,142
4810,142
4811,142
4812,142
4813,142
4814,142
4815,142
4816,142
4817,142
4818,142
4819,142
4820,142
4821,142
4822,142
4823,142
4824,142
4825,142
4826,142
4827,142
4828,142
4829,142
4830,142
4831,142
4832,142
4833,142
4834,142
4835,142
4836,142
4837,142
4838,142
4839,142
4840,142
4841,142
4842,142
4843,142
4844,142
4845,142
4846,142
4847,142
4848,142
4849,142
4850,142
4851,142
4852,142
4853,142
4854,142
4855,142
4856,142
4857,142
4858,142
4859,142
4860,142
4861,142
4862,142
4863,142
4864,142
4865,142
4866,142
4867,142
4868,142
4869,142
4870,142
4871,142
4872,142
4873,142
4874,142
4875,142
4876,142
4877,142
4878,142
4879,142
4880,142
4881,142
4882,142
4883,142
4884,142
4885,142
4886,142
4887,142
4888,142
4889,142
4890,142
4891,142
4892,142
4893,142
4894,142
4895,142
4896,142
4897,142
4898,142
4899,142
4900,142
4901,142
4902,142
4903,142
4904,142
4905,142
4906,142
4907,142
4908,142
4909,142
4910,142
4911,142
4912,142
4913,142
4914,142
4915,142
4916,142
4917,142
4918,142
4919,142
4920,142
4921,142
4922,142
4923,142
4924,142
4925,142
4926,142
4927,142
4928,142
4929,142
4930,142
4931,142
4932,142
4933,142
4934,142
4935,142
4936,142
4937,142
4938,142
4939,142
4940,142
4941,142
4942,142
4943,142
4944,142
4945,142
4946,142
4947,142
4948,142
4949,142
4950,142
4951,142
4952,142
4953,142
4954,142
4955,142
4956,142
4957,142
4958,142
4959,142
4960,142
4961,142
4962,142
4963,142
4964,142
4965,142
4966,142
4967,142
4968,142
4969,142
4970,142
4971,142
4972,142
4973,142
4974,142
4975,142
4976,142
4977,142
4978,142
4979,142
4980,142
4981,142
4982,142
4983,142
4984,142
4985,142
4986,142
4987,142
4988,142
4989,142
4990,142
4991,142
4992,142
4993,142
4994,142
4995,142
4996,142
4997,142
4998,142
4999,142
5000,142
5001,142
5002,142
5003,142
5004,142
5005,142
5006,142
5007,142
5008,142
5009,142
5010,142
5011,142
5012,142
5013,142
5014,142
5015,142
5016,142
5017,142
5018,142
5019,142
5020,142
5021,142
5022,142
5023,142
5024,142
5025,142
5026,142
5027,142
5028,142
5029,142
5030,142
5031,142
5032,142
5033,142
5034,142
5035,142
5036,142
5037,142
5038,142
5039,142
5040,142
5041,142
5042,142
5043,142
5044,142
5045,142
5046,142
5047,142
5048,142
5049,142
5050,142
5051,142
5052,142
5053,142
5054,142
5055,142
5056,142
5057,142
5058,142
5059,142
5060,142
5061,142
5062,142
5063,142
5064,142
5065,142
5066,142
5067,142
5068,142
5069,142
5070,142
5071,142
5072,142
5073,142
5074,142
5075,142
5076,142
5077,142
5078,142
5079,142
5080,142
5081,142
5082,142
5083,142
5084,142
5085,142
5086,142
5087,142
5088,142
5089,142
5090,142
5091,142
5092,142
5093,142
5094,142
5095,142
5096,142
5097,142
5098,142
5099,142
5100,142
5101,142
5102,142
5103,142
5104,142
5105,142
5106,142
5107,142
5108,142
5109,142
5110,142
5111,142
5112,142
5113,142
5114,142
5115,142
5116,142
5117,142
5118,142
5119,142
5120,142
5121,142
5122,142
5123,142
5124,142
5125,142
5126,142
5127,142
5128,142
5129,142
5130,142
5131,142
5132,142
5133,142
5134,142
5135,142
5136,142
5137,142
5138,142
5139,142
5140,142
5141,142
5142,142
5143,142
5144,142
5145,142
5146,142
5147,142
5148,142
5149,142
5150,142
5151,142
5152,142
5153,142
5154,142
5155,142
5156,142
5157,142
5158,142
5159,142
5160,142
5161,142
5162,142
5163,142
5164,142
5165,142
5166,142
5167,142
5168,142
5169,142
5170,142
5171,142
5172,142
5173,142
5174,142
5175,142
5176,142
5177,142
5178,142
5179,142
5180,142
5181,142
5182,142
5183,142
5184,142
5185,142
5186,142
5187,142
5188,142
5189,142
5190,142
5191,142
5192,142
5193,142
5194,142
5195,142
5196,142
5197,142
5198,142
5199,142
5200,142
5201,142
5202,142
5203,142
5204,142
5205,142
5206,142
5207,142
5208,142
5209,142
5210,142
5211,142
5212,142
5213,142
5214,142
5215,142
5216,142
5217,142
5218,142
5219,142
5220,142
5221,142
5222,142
5223,142
5224,142
5225,142
5226,142
5227,142
5228,142
5229,142
5230,142
5231,142
5232,142
5233,142
5234,142
5235,142
5236,142
5237,142
5238,142
5239,142
5240,142
5241,142
5242,142
5243,142
5244,142
5245,142
5246,142
5247,142
5248,142
5249,142
5250,142
5251,142
5252,142
5253,142
5254,142
5255,142
5256,142
5257,142
5258,142
5259,142
5260,142
5261,142
5262,142
5263,142
5264,142
5265,142
5266,142
5267,142
5268,142
5269,142
5270,142
5271,142
5272,142
5273,142
5274,142
5275,142
5276,142
5277,142
5278,142
5279,142
5280,142
5281,142
5282,142
5283,142
5284,142
5285,142
5286,142
5287,142
5288,142
5289,142
5290,142
5291,142
5292,142
5293,142
5294,142
5295,142
5296,142
5297,142
5298,142
5299,142
5300,142
5301,142
5302,142
5303,142
5304,142
5305,142
5306,142
5307,142
5308,142
5309,142
5310,142
5311,142
5312,142
5313,142
5314,142
5315,142
5316,142
5317,142
5318,142
5319,142
5320,142
5321,142
5322,142
5323,142
5324,142
5325,142
5326,142
5327,142
5328,142
5329,142
5330,142
5331,142
5332,142
5333,142
5334,142
5335,142
5336,142
5337,142
5338,142
5339,142
5340,142
5341,142
5342,142
5343,142
5344,142
5345,142
5346,142
5347,142
5348,142
5349,142
5350,142
5351,142
5352,142
5353,142
5354,142
5355,142
5356,142
5357,142
5358,142
5359,142
5360,142
5361,142
5362,142
5363,142
5364,142
5365,142
5366,142
5367,142
5368,142
5369,142
5370,142
5371,142
5372,142
5373,142
5374,142
5375,142
5376,142
5377,142
5378,142
5379,142
5380,142
5381,142
5382,142
5383,142
5384,142
5385,142
5386,142
5387,142
5388,142
5389,142
5390,142
5391,142
5392,142
5393,142
5394,142
5395,142
5396,142
5397,142
5398,142
5399,142
5400,142
5401,142
5402,142
5403,142
5404,142
5405,142
5406,142
5407,142
5408,142
5409,142
5410,142
5411,142
5412,142
5413,142
5414,142
5415,142
5416,142
5417,142
5418,142
5419,142
5420,142
5421,142
5422,142
5423,142
5424,142
5425,142
5426,142
5427,142
5428,142
5429,142
5430,142
5431,142
5432,142
5433,142
5434,142
5435,142
5436,142
5437,142
5438,142
5439,142
5440,142
5441,142
5442,142
5443,142
5444,142
5445,142
5446,142
5447,142
5448,142
5449,142
5450,142
5451,142
5452,142
5453,142
5454,142
5455,142
5456,142
5457,142
5458,142
5459,142
5460,142
5461,142
5462,142
5463,142
5464,142
5465,142
5466,142
5467,142
5468,142
5469,142
5470,142
5471,142
5472,142
5473,142
5474,142
5475,142
5476,142
5477,142
5478,142
5479,142
5480,142
5481,142
5482,142
5483,142
5484,142
5485,142
5486,142
5487,142
5488,142
5489,142
5490,142
5491,142
5492,142
5493,142
5494,142
5495,142
5496,142
5497,142
5498,142
5499,142
5500,142
5501,142
5502,142
5503,142
5504,142
5505,142
5506,142
5507,142
5508,142
5509,142
5510,142
5511,142
5512,142
5513,142
5514,142
5515,142
5516,142
5517,142
5518,142
5519,142
5520,142
5521,142
5522,142
5523,142
5524,142
5525,142
5526,142
5527,142
5528,142
5529,142
5530,142
5531,142
5532,142
5533,142
5534,142
5535,142
5536,142
5537,142
5538,142
5539,142
5540,142
5541,142
5542,142
5543,142
5544,142
5545,142
5546,142
5547,142
5548,142
5549,142
5550,142
5551,142
5552,142
5553,142
5554,142
5555,142
5556,142
5557,142
5558,142
5559,142
5560,142
5561,142
5562,142
5563,142
5564,142
5565,142
5566,142
5567,142
5568,142
5569,142
5570,142
5571,142
5572,142
5573,142
5574,142
5575,142
5576,142
5577,142
5578,142
5579,142
5580,142
5581,142
5582,142
5583,142
5584,142
5585,142
5586,142
5587,142
5588,142
5589,142
5590,142
5591,142
5592,142
5593,142
5594,142
5595,142
5596,142
5597,142
5598,142
5599,142
5600,142
5601,142
5602,142
5603,142
5604,142
5605,142
5606,142
5607,142
5608,142
5609,142
5610,142
5611,142
5612,142
5613,142
5614,142
5615,142
5616,142
5617,142
5618,142
5619,142
5620,142
5621,142
5622,142
5623,142
5624,142
5625,142
5626,142
5627,142
5628,142
5629,142
5630,142
5631,142
5632,142
5633,142
5634,142
5635,142
5636,142
5637,142
5638,142
5639,142
5640,142
5641,142
5642,142
5643,142
5644,142
5645,142
5646,142
5647,142
5648,142
5649,142
5650,142
5651,142
5652,142
5653,142
5654,142
5655,142
5656,142
5657,142
5658,142
5659,142
5660,142
5661,142
5662,142
5663,142
5664,142
5665,142
5666,142
5667,142
5668,142
5669,142
5670,142
5671,142
5672,142
5673,142
5674,142
5675,142
5676,142
5677,142
5678,142
5679,142
5680,142
5681,142
5682,142
5683,142
5684,142
5685,142
5686,142
5687,142
5688,142
5689,142
5690,142
5691,142
5692,142
5693,142
5694,142
5695,142
5696,142
5697,142
5698,142
5699,142
5700,142
5701,142
5702,142
5703,142
5704,142
5705,142
5706,142
5707,142
5708,142
5709,142
5710,142
5711,142
5712,142
5713,142
5714,142
5715,142
5716,142
5717,142
5718,142
5719,142
5720,142
5721,142
5722,142
5723,142
5724,142
5725,142
5726,142
5727,142
5728,142
5729,142
5730,142
5731,142
5732,142
5733,142
5734,142
5735,142
5736,142
5737,142
5738,142
5739,142
5740,142
5741,142
5742,142
5743,142
5744,142
5745,142
5746,142
5747,142
5748,142
5749,142
5750,142
5751,142
5752,142
5753,142
5754,142
5755,142
5756,142
5757,142
5758,142
5759,142
5760,142
5761,142
5762,142
5763,142
5764,142
5765,142
5766,142
5767,142
5768,142
5769,142
5770,142
5771,142
5772,142
5773,142
5774,142
5775,142
5776,142
5777,142
5778,142
5779,142
5780,142
5781,142
5782,142
5783,142
5784,142
5785,142
5786,142
5787,142
5788,142
5789,142
5790,142
5791,142
5792,142
5793,142
5794,142
5795,142
5796,142
5797,142
5798,142
5799,142
5800,142
5801,142
5802,142
5803,142
5804,142
5805,142
5806,142
5807,142
5808,142
5809,142
5810,142
5811,142
5812,142
5813,142
5814,142
5815,142
5816,142
5817,142
5818,142
5819,142
5820,142
5821,142
5822,142
5823,142
5824,142
5825,142
5826,142
5827,142
5828,142
5829,142
5830,142
5831,142
5832,142
5833,142
5834,142
5835,142
5836,142
5837,142
5838,142
5839,142
5840,142
5841,142
5842,142
5843,142
5844,142
5845,142
5846,142
5847,142
5848,142
5849,142
5850,142
5851,142
5852,142
5853,142
5854,142
5855,142
5856,142
5857,142
5858,142
5859,142
5860,142
5861,142
5862,142
5863,142
5864,142
5865,142
5866,142
5867,142
5868,142
5869,142
5870,142
5871,142
5872,142
5873,142
5874,142
5875,142
5876,142
5877,142
5878,142
5879,142
5880,142
5881,142
5882,142
5883,142
5884,142
5885,142
5886,142
5887,142
5888,142
5889,142
5890,142
5891,142
5892,142
5893,142
5894,142
5895,142
5896,142
5897,142
5898,142
5899,142
5900,142
5901,142
5902,142
5903,142
5904,142
5905,142
5906,142
5907,142
5908,142
5909,142
5910,142
5911,142
5912,142
5913,142
5914,142
5915,142
5916,142
5917,142
5918,142
5919,142
5920,142
5921,142
5922,142
5923,142
5924,142
5925,142
5926,142
5927,142
5928,142
5929,142
5930,142
5931,142
5932,142
5933,142
5934,142
5935,142
5936,142
5937,142
5938,142
5939,142
5940,142
5941,142
5942,142
5943,142
5944,142
5945,142
5946,142
5947,142
5948,142
5949,142
5950,142
5951,142
5952,142
5953,142
5954,142
5955,142
5956,142
5957,142
5958,142
5959,142
5960,142
5961,142
5962,142
5963,142
5964,142
5965,142
5966,142
5967,142
5968,142
5969,142
5970,142
5971,142
5972,142
5973,142
5974,142
5975,142
5976,142
5977,142
5978,142
5979,142
5980,142
5981,142
5982,142
5983,142
5984,142
5985,142
5986,142
5987,142
5988,142
5989,142
5990,142
5991,142
5992,142
5993,142
5994,142
5995,142
5996,142
5997,142
5998,142
5999,142
6000,142
6001,142
6002,142
6003,142
6004,142
6005,142
6006,142
6007,142
6008,142
6009,142
6010,142
6011,142
6012,142
6013,142
6014,142
6015,142
6016,142
6017,142
6018,142
6019,142
6020,142
6021,142
6022,142
6023,142
6024,142
6025,142
6026,142
6027,142
6028,142
6029,142
6030,142
6031,142
6032,142
6033,142
6034,142
6035,142
6036,142
6037,142
6038,142
6039,142
6040,142
6041,142
6042,142
6043,142
6044,142
6045,142
6046,142
6047,142
6048,142
6049,142
6050,142
6051,142
6052,142
6053,142
6054,142
6055,142
6056,142
6057,142
6058,142
6059,142
6060,142
6061,142
6062,142
6063,142
6064,142
6065,142
6066,142
6067,142
6068,142
6069,142
6070,142
6071,142
6072,142
6073,142
6074,142
6075,142
6076,142
6077,142
6078,142
6079,142
6080,142
6081,142
6082,142
6083,142
6084,142
6085,142
6086,142
6087,142
6088,142
6089,142
6090,142
6091,142
6092,142
6093,142
6094,142
6095,142
6096,142
6097,142
6098,142
6099,142
6100,142
6101,142
6102,142
6103,142
6104,142
6105,142
6106,142
6107,142
6108,142
6109,142
6110,142
6111,142
6112,142
6113,142
6114,142
6115,142
6116,142
6117,142
6118,142
6119,142
6120,142
6121,142
6122,142
6123,142
6124,142
6125,142
6126,142
6127,142
6128,142
6129,142
6130,142
6131,142
6132,142
6133,142
6134,142
6135,142
6136,142
6137,142
6138,142
6139,142
6140,142
6141,142
6142,142
6143,142
6144,142
6145,142
6146,142
6147,142
6148,142
6149,142
6150,142
6151,142
6152,142
6153,142
6154,142
6155,142
6156,142
6157,142
6158,142
6159,142
6160,142
6161,142
6162,142
6163,142
6164,142
6165,142
6166,142
6167,142
6168,142
6169,142
6170,142
6171,142
6172,142
6173,142
6174,142
6175,142
6176,142
6177,142
6178,142
6179,142
6180,142
6181,142
6182,142
6183,142
6184,142
6185,142
6186,142
6187,142
6188,142
6189,142
6190,142
6191,142
6192,142
6193,142
6194,142
6195,142
6196,142
6197,142
6198,142
6199,142
6200,142
6201,142
6202,142
6203,142
6204,142
6205,142
6206,142
6207,142
6208,142
6209,142
6210,142
6211,142
6212,142
6213,142
6214,142
6215,142
6216,142
6217,142
6218,142
6219,142
6220,142
6221,142
6222,142
6223,142
6224,142
6225,142
6226,142
6227,142
6228,142
6229,142
6230,142
6231,142
6232,142
6233,142
6234,142
6235,142
6236,142
6237,142
6238,142
6239,142
6240,142
6241,142
6242,142
6243,142
6244,142
6245,142
6246,142
6247,142
6248,142
6249,142
6250,142
6251,142
6252,142
6253,142
6254,142
6255,142
6256,142
6257,142
6258,142
6259,142
6260,142
6261,142
6262,142
6263,142
6264,142
6265,142
6266,142
6267,142
6268,142
6269,142
6270,142
6271,142
6272,142
6273,142
6274,142
6275,142
6276,142
6277,142
6278,142
6279,142
6280,142
6281,142
6282,142
6283,142
6284,142
6285,142
6286,142
6287,142
6288,142
6289,142
6290,142
6291,142
6292,142
6293,142
6294,142
6295,142
6296,142
6297,142
6298,142
6299,142
6300,142
6301,142
6302,142
6303,142
6304,142
6305,142
6306,142
6307,142
6308,142
6309,142
6310,142
6311,142
6312,142
6313,142
6314,142
6315,142
6316,142
6317,142
6318,142
6319,142
6320,142
6321,142
6322,142
6323,142
6324,142
6325,142
6326,142
6327,142
6328,142
6329,142
6330,142
6331,142
6332,142
6333,142
6334,142
6335,142
6336,142
6337,142
6338,142
6339,142
6340,142
6341,142
6342,142
6343,142
6344,142
6345,142
6346,142
6347,142
6348,142
6349,142
6350,142
6351,142
6352,142
6353,142
6354,142
6355,142
6356,142
6357,142
6358,142
6359,142
6360,142
6361,142
6362,142
6363,142
6364,142
6365,142
6366,142
6367,142
6368,142
6369,142
6370,142
6371,142
6372,142
6373,142
6374,142
6375,142
6376,142
6377,142
6378,142
6379,142
6380,142
6381,142
6382,142
6383,142
6384,142
6385,142
6386,142
6387,142
6388,142
6389,142
6390,142
6391,142
6392,142
6393,142
6394,142
6395,142
6396,142
6397,142
6398,142
6399,142
6400,142
6401,142
6402,142
6403,142
6404,142
6405,142
6406,142
6407,142
6408,142
6409,142
6410,142
6411,142
6412,142
6413,142
6414,142
6415,142
6416,142
6417,142
6418,142
6419,142
6420,142
6421,142
6422,142
6423,142
6424,142
6425,142
6426,142
6427,142
6428,142
6429,142
6430,142
6431,142
6432,142
6433,142
6434,142
6435,142
6436,142
6437,142
6438,142
6439,142
6440,142
6441,142
6442,142
6443,142
6444,142
6445,142
6446,142
6447,143
6448,143
6449,143
6450,144
6451,144
6452,144
6453,144
6454,144
6455,144
6456,144
6457,144
6458,144
6459,144
6460,144
6461,145
