0,0
1,1
2,2
3,3
4,4
5,5
6,6
7,7
8,8
9,8
10,9
11,10
12,11
13,12
14,13
15,13
16,14
17,15
18,16
19,17
20,18
21,19
22,20
23,20
24,20
25,21
26,21
27,22
28,23
29,24
30,25
31,26
32,27
33,28
34,29
35,30
36,30
37,31
38,32
39,33
40,34
41,35
42,35
43,36
44,37
45,38
46,39
47,40
48,40
49,41
50,41
51,41
52,41
53,42
54,42
55,43
56,43
57,43
58,44
59,45
60,45
61,45
62,45
63,46
64,47
65,47
66,47
67,48
68,48
69,49
70,49
71,50
72,51
73,52
74,53
75,54
76,55
77,55
78,56
79,57
80,58
81,58
82,59
83,60
84,60
85,61
86,62
87,63
88,63
89,64
90,65
91,65
92,66
93,66
94,67
95,67
96,68
97,69
98,70
99,71
100,72
101,72
102,72
103,72
104,72
105,72
106,72
107,73
108,74
109,74
110,75
111,75
112,76
113,77
114,77
115,77
116,77
117,77
118,78
119,79
120,79
121,80
122,80
123,80
124,80
125,80
126,81
127,81
128,82
129,82
130,83
131,84
132,84
133,84
134,84
135,84
136,85
137,86
138,86
139,86
140,86
141,87
142,87
143,88
144,89
145,89
146,90
147,91
148,92
149,92
150,92
151,92
152,92
153,92
154,92
155,92
156,92
157,92
158,92
159,92
160,92
161,92
162,92
163,92
164,93
165,94
166,94
167,94
168,94
169,94
170,94
171,94
172,94
173,94
174,94
175,94
176,94
177,94
178,95
179,95
180,95
181,95
182,96
183,96
184,96
185,96
186,96
187,96
188,97
189,97
190,97
191,98
192,98
193,98
194,98
195,98
196,98
197,99
198,99
199,99
200,99
201,99
202,99
203,99
204,99
205,100
206,100
207,100
208,100
209,100
210,100
211,101
212,101
213,102
214,102
215,102
216,102
217,102
218,102
219,102
220,102
221,103
222,104
223,105
224,106
225,106
226,107
227,108
228,109
229,110
230,111
231,111
232,111
233,111
234,112
235,112
236,112
237,112
238,112
239,112
240,112
241,112
242,112
243,112
244,112
245,112
246,112
247,112
248,112
249,112
250,112
251,112
252,112
253,112
254,112
255,112
256,112
257,112
258,112
259,112
260,112
261,112
262,112
263,112
264,112
265,112
266,112
267,112
268,112
269,112
270,112
271,113
272,114
273,114
274,114
275,115
276,115
277,115
278,115
279,115
280,115
281,116
282,116
283,116
284,117
285,118
286,118
287,118
288,118
289,118
290,118
291,119
292,119
293,119
294,119
295,119
296,119
297,119
298,119
299,119
300,119
301,119
302,119
303,119
304,119
305,119
306,119
307,119
308,119
309,119
310,119
311,119
312,119
313,119
314,119
315,119
316,119
317,119
318,119
319,119
320,119
321,119
322,119
323,119
324,119
325,119
326,119
327,119
328,119
329,119
330,119
331,119
332,119
333,119
334,119
335,119
336,119
337,119
338,119
339,119
340,119
341,119
342,119
343,119
344,119
345,119
346,119
347,120
348,120
349,121
350,121
351,121
352,121
353,121
354,121
355,121
356,121
357,121
358,122
359,123
360,123
361,124
362,125
363,125
364,125
365,125
366,125
367,125
368,125
369,125
370,125
371,125
372,125
373,125
374,125
375,125
376,125
377,125
378,125
379,125
380,125
381,125
382,126
383,126
384,126
385,126
386,126
387,126
388,126
389,126
390,126
391,126
392,126
393,126
394,126
395,126
396,126
397,126
398,126
399,126
400,126
401,126
402,126
403,126
404,126
405,126
406,126
407,126
408,126
409,126
410,126
411,126
412,126
413,126
414,126
415,126
416,126
417,126
418,126
419,126
420,126
421,126
422,126
423,126
424,126
425,126
426,126
427,126
428,126
429,126
430,126
431,126
432,126
433,126
434,126
435,126
436,126
437,126
438,126
439,126
440,126
441,126
442,126
443,126
444,126
445,126
446,126
447,126
448,126
449,126
450,126
451,126
452,126
453,126
454,126
455,126
456,126
457,126
458,126
459,126
460,126
461,126
462,126
463,127
464,127
465,127
466,127
467,127
468,127
469,127
470,127
471,127
472,127
473,127
474,127
475,127
476,127
477,127
478,127
479,127
480,127
481,127
482,127
483,127
484,127
485,127
486,127
487,127
488,127
489,127
490,127
491,127
492,127
493,127
494,127
495,127
496,127
497,127
498,127
499,127
500,127
501,127
502,127
503,127
504,127
505,127
506,127
507,127
508,127
509,127
510,127
511,127
512,127
513,127
514,127
515,127
516,127
517,127
518,127
519,127
520,127
521,127
522,127
523,127
524,127
525,127
526,127
527,127
528,128
529,128
530,128
531,128
532,128
533,128
534,128
535,128
536,128
537,128
538,128
539,128
540,128
541,128
542,128
543,128
544,128
545,128
546,128
547,128
548,129
549,129
550,129
551,129
552,129
553,129
554,129
555,129
556,129
557,129
558,129
559,129
560,129
561,130
562,130
563,130
564,130
565,130
566,130
567,130
568,130
569,130
570,130
571,130
572,130
573,130
574,130
575,130
576,130
577,130
578,130
579,130
580,130
581,130
582,130
583,130
584,130
585,130
586,130
587,130
588,130
589,130
590,130
591,130
592,130
593,131
594,132
595,133
596,134
597,135
598,135
599,135
600,135
601,135
602,135
603,135
604,135
605,136
606,136
607,136
608,136
609,136
610,136
611,136
612,136
613,136
614,136
615,136
616,137
617,137
618,138
619,138
620,138
621,138
622,138
623,138
624,138
625,138
626,138
627,138
628,138
629,138
630,138
631,138
632,138
633,138
634,138
635,138
636,138
637,138
638,138
639,138
640,138
641,138
642,138
643,138
644,138
645,138
646,138
647,138
648,138
649,138
650,138
651,138
652,138
653,138
654,138
655,138
656,138
657,138
658,138
659,138
660,138
661,138
662,138
663,138
664,138
665,138
666,138
667,138
668,138
669,138
670,138
671,138
672,138
673,138
674,138
675,138
676,138
677,138
678,138
679,138
680,138
681,138
682,138
683,138
684,138
685,138
686,138
687,138
688,138
689,138
690,138
691,138
692,138
693,138
694,138
695,138
696,138
697,138
698,138
699,138
700,138
701,138
702,138
703,138
704,138
705,138
706,138
707,138
708,138
709,138
710,138
711,138
712,138
713,138
714,138
715,138
716,138
717,138
718,138
719,138
720,138
721,138
722,138
723,138
724,138
725,138
726,138
727,138
728,138
729,138
730,138
731,138
732,138
733,138
734,138
735,138
736,138
737,138
738,138
739,138
740,138
741,138
742,138
743,138
744,138
745,138
746,138
747,138
748,138
749,138
750,138
751,138
752,138
753,138
754,138
755,138
756,138
757,138
758,138
759,138
760,139
761,139
762,139
763,139
764,139
765,139
766,139
767,139
768,139
769,139
770,139
771,139
772,139
773,139
774,139
775,139
776,139
777,139
778,139
779,139
780,139
781,139
782,139
783,139
784,139
785,139
786,139
787,139
788,139
789,139
790,139
791,139
792,139
793,139
794,139
795,139
796,139
797,139
798,139
799,139
800,139
801,139
802,139
803,139
804,139
805,139
806,139
807,139
808,139
809,139
810,139
811,139
812,139
813,139
814,139
815,139
816,139
817,139
818,139
819,139
820,139
821,139
822,139
823,139
824,139
825,139
826,139
827,139
828,139
829,139
830,139
831,139
832,139
833,139
834,139
835,139
836,139
837,139
838,139
839,139
840,139
841,139
842,139
843,139
844,139
845,139
846,139
847,139
848,139
849,139
850,139
851,139
852,139
853,139
854,139
855,139
856,139
857,139
858,139
859,139
860,139
861,139
862,139
863,139
864,139
865,139
866,139
867,139
868,139
869,139
870,139
871,139
872,139
873,139
874,139
875,139
876,139
877,139
878,139
879,139
880,139
881,139
882,139
883,139
884,139
885,139
886,139
887,139
888,139
889,139
890,139
891,139
892,139
893,139
894,139
895,139
896,139
897,139
898,139
899,139
900,139
901,139
902,139
903,139
904,139
905,139
906,139
907,139
908,139
909,139
910,139
911,139
912,139
913,139
914,139
915,139
916,139
917,139
918,139
919,139
920,139
921,139
922,139
923,139
924,139
925,139
926,139
927,139
928,139
929,139
930,139
931,139
932,139
933,139
934,139
935,139
936,139
937,139
938,139
939,139
940,139
941,139
942,139
943,139
944,139
945,139
946,139
947,139
948,139
949,139
950,139
951,139
952,139
953,139
954,139
955,139
956,139
957,139
958,139
959,139
960,139
961,139
962,139
963,139
964,139
965,139
966,139
967,140
968,140
969,140
970,140
971,141
972,141
973,141
974,141
975,141
976,141
977,141
978,141
979,141
980,141
981,141
982,141
983,141
984,141
985,141
986,141
987,141
988,141
989,141
990,141
991,141
992,141
993,141
994,141
995,141
996,141
997,141
998,141
999,141
1000,141
1001,141
1002,141
1003,141
1004,141
1005,141
1006,141
1007,141
1008,141
1009,141
1010,141
1011,141
1012,141
1013,141
1014,141
1015,141
1016,141
1017,141
1018,141
1019,141
1020,141
1021,141
1022,141
1023,141
1024,141
1025,141
1026,141
1027,141
1028,141
1029,141
1030,141
1031,141
1032,141
1033,141
1034,141
1035,141
1036,141
1037,141
1038,141
1039,141
1040,141
1041,141
1042,141
1043,141
1044,141
1045,141
1046,141
1047,141
1048,141
1049,141
1050,141
1051,141
1052,141
1053,141
1054,141
1055,141
1056,141
1057,141
1058,141
1059,141
1060,141
1061,141
1062,141
1063,141
1064,141
1065,141
1066,141
1067,141
1068,141
1069,141
1070,141
1071,141
1072,141
1073,141
1074,141
1075,141
1076,141
1077,141
1078,141
1079,141
1080,141
1081,141
1082,141
1083,141
1084,141
1085,141
1086,141
1087,141
1088,141
1089,141
1090,141
1091,141
1092,141
1093,141
1094,141
1095,141
1096,141
1097,141
1098,141
1099,141
1100,141
1101,141
1102,141
1103,141
1104,141
1105,141
1106,141
1107,141
1108,141
1109,141
1110,141
1111,141
1112,141
1113,141
1114,141
1115,141
1116,141
1117,141
1118,141
1119,141
1120,141
1121,141
1122,141
1123,141
1124,141
1125,141
1126,141
1127,141
1128,141
1129,141
1130,141
1131,141
1132,141
1133,141
1134,141
1135,141
1136,141
1137,141
1138,141
1139,141
1140,141
1141,141
1142,141
1143,141
1144,141
1145,141
1146,141
1147,141
1148,141
1149,141
1150,141
1151,141
1152,141
1153,141
1154,141
1155,141
1156,141
1157,141
1158,141
1159,141
1160,141
1161,141
1162,141
1163,141
1164,141
1165,141
1166,141
1167,141
1168,141
1169,142
1170,142
1171,142
1172,142
1173,142
1174,142
1175,142
1176,142
1177,142
1178,142
1179,142
1180,142
1181,142
1182,142
1183,142
1184,142
1185,142
1186,142
1187,142
1188,142
1189,142
1190,142
1191,142
1192,142
1193,142
1194,142
1195,142
1196,142
1197,142
1198,142
1199,142
1200,142
1201,142
1202,142
1203,142
1204,142
1205,142
1206,142
1207,142
1208,142
1209,142
1210,142
1211,142
1212,142
1213,142
1214,142
1215,142
1216,142
1217,142
1218,142
1219,142
1220,142
1221,142
1222,142
1223,142
1224,142
1225,142
1226,142
1227,142
1228,142
1229,142
1230,142
1231,142
1232,142
1233,142
1234,142
1235,142
1236,142
1237,142
1238,142
1239,142
1240,142
1241,142
1242,142
1243,142
1244,142
1245,142
1246,142
1247,142
1248,142
1249,142
1250,142
1251,142
1252,142
1253,142
1254,142
1255,142
1256,142
1257,142
1258,142
1259,142
1260,142
1261,142
1262,142
1263,142
1264,142
1265,142
1266,142
1267,142
1268,142
1269,142
1270,142
1271,142
1272,142
1273,142
1274,142
1275,142
1276,142
1277,142
1278,142
1279,142
1280,142
1281,142
1282,142
1283,142
1284,142
1285,142
1286,142
1287,142
1288,142
1289,142
1290,142
1291,142
1292,142
1293,142
1294,142
1295,142
1296,142
1297,142
1298,142
1299,142
1300,142
1301,142
1302,142
1303,142
1304,142
1305,142
1306,142
1307,142
1308,142
1309,142
1310,142
1311,142
1312,142
1313,142
1314,142
1315,142
1316,142
1317,142
1318,142
1319,142
1320,142
1321,142
1322,142
1323,142
1324,142
1325,142
1326,142
1327,142
1328,142
1329,142
1330,142
1331,142
1332,142
1333,142
1334,142
1335,142
1336,142
1337,142
1338,142
1339,142
1340,142
1341,142
1342,142
1343,142
1344,142
1345,142
1346,142
1347,142
1348,142
1349,142
1350,142
1351,142
1352,142
1353,142
1354,142
1355,142
1356,142
1357,142
1358,142
1359,142
1360,142
1361,142
1362,142
1363,142
1364,142
1365,142
1366,142
1367,142
1368,142
1369,142
1370,142
1371,142
1372,142
1373,142
1374,142
1375,142
1376,142
1377,142
1378,142
1379,142
1380,142
1381,142
1382,142
1383,142
1384,142
1385,142
1386,142
1387,142
1388,142
1389,142
1390,142
1391,142
1392,142
1393,142
1394,142
1395,142
1396,142
1397,142
1398,142
1399,142
1400,142
1401,142
1402,142
1403,142
1404,142
1405,142
1406,142
1407,142
1408,142
1409,142
1410,142
1411,142
1412,142
1413,142
1414,142
1415,142
1416,142
1417,142
1418,142
1419,142
1420,142
1421,142
1422,142
1423,142
1424,142
1425,142
1426,142
1427,142
1428,142
1429,142
1430,142
1431,142
1432,142
1433,142
1434,142
1435,142
1436,142
1437,142
1438,142
1439,142
1440,142
1441,142
1442,142
1443,142
1444,142
1445,142
1446,142
1447,142
1448,142
1449,142
1450,142
1451,142
1452,142
1453,142
1454,142
1455,142
1456,142
1457,142
1458,142
1459,142
1460,142
1461,142
1462,142
1463,142
1464,142
1465,142
1466,142
1467,142
1468,142
1469,142
1470,142
1471,142
1472,142
1473,142
1474,142
1475,142
1476,142
1477,142
1478,142
1479,142
1480,142
1481,142
1482,142
1483,142
1484,142
1485,142
1486,142
1487,142
1488,142
1489,142
1490,142
1491,142
1492,142
1493,142
1494,142
1495,142
1496,142
1497,142
1498,142
1499,142
1500,142
1501,142
1502,142
1503,142
1504,142
1505,142
1506,142
1507,142
1508,142
1509,142
1510,142
1511,142
1512,142
1513,142
1514,142
1515,142
1516,142
1517,142
1518,142
1519,142
1520,142
1521,142
1522,142
1523,142
1524,142
1525,142
1526,142
1527,142
1528,142
1529,142
1530,142
1531,142
1532,142
1533,142
1534,142
1535,142
1536,142
1537,142
1538,142
1539,142
1540,142
1541,142
1542,142
1543,142
1544,142
1545,142
1546,142
1547,142
1548,142
1549,142
1550,142
1551,142
1552,142
1553,142
1554,142
1555,142
1556,142
1557,142
1558,142
1559,142
1560,142
1561,142
1562,142
1563,142
1564,142
1565,142
1566,142
1567,142
1568,142
1569,142
1570,142
1571,142
1572,142
1573,142
1574,142
1575,142
1576,142
1577,142
1578,142
1579,142
1580,142
1581,142
1582,142
1583,142
1584,142
1585,142
1586,142
1587,142
1588,142
1589,142
1590,142
1591,142
1592,142
1593,142
1594,142
1595,142
1596,142
1597,142
1598,142
1599,142
1600,142
1601,142
1602,142
1603,142
1604,142
1605,142
1606,142
1607,142
1608,142
1609,142
1610,142
1611,142
1612,142
1613,142
1614,142
1615,142
1616,142
1617,142
1618,142
1619,142
1620,142
1621,142
1622,142
1623,142
1624,142
1625,142
1626,142
1627,142
1628,142
1629,142
1630,142
1631,142
1632,142
1633,142
1634,142
1635,142
1636,142
1637,142
1638,142
1639,142
1640,142
1641,142
1642,142
1643,143
1644,144
1645,144
1646,144
1647,144
1648,144
1649,144
1650,144
1651,144
1652,144
1653,144
1654,144
1655,144
1656,144
1657,144
1658,144
1659,144
1660,144
1661,144
1662,144
1663,144
1664,144
1665,144
1666,144
1667,144
1668,144
1669,144
1670,144
1671,144
1672,144
1673,144
1674,144
1675,144
1676,144
1677,144
1678,144
1679,144
1680,144
1681,144
1682,144
1683,144
1684,144
1685,144
1686,144
1687,144
1688,144
1689,144
1690,144
1691,144
1692,144
1693,144
1694,144
1695,144
1696,144
1697,144
1698,144
1699,144
1700,144
1701,144
1702,144
1703,144
1704,144
1705,144
1706,144
1707,144
1708,144
1709,144
1710,144
1711,144
1712,144
1713,144
1714,144
1715,144
1716,144
1717,144
1718,144
1719,144
1720,144
1721,144
1722,144
1723,144
1724,144
1725,144
1726,144
1727,144
1728,144
1729,144
1730,144
1731,144
1732,144
1733,144
1734,144
1735,144
1736,144
1737,144
1738,144
1739,144
1740,144
1741,144
1742,144
1743,144
1744,144
1745,144
1746,144
1747,144
1748,144
1749,144
1750,144
1751,144
1752,144
1753,144
1754,144
1755,144
1756,144
1757,144
1758,144
1759,144
1760,144
1761,144
1762,144
1763,144
1764,144
1765,144
1766,144
1767,144
1768,144
1769,144
1770,144
1771,144
1772,144
1773,144
1774,144
1775,144
1776,144
1777,144
1778,144
1779,144
1780,144
1781,144
1782,144
1783,144
1784,144
1785,144
1786,144
1787,144
1788,144
1789,144
1790,144
1791,144
1792,144
1793,144
1794,144
1795,144
1796,144
1797,144
1798,144
1799,144
1800,144
1801,144
1802,144
1803,144
1804,144
1805,144
1806,144
1807,144
1808,144
1809,144
1810,144
1811,144
1812,144
1813,144
1814,144
1815,144
1816,144
1817,144
1818,144
1819,144
1820,144
1821,144
1822,144
1823,144
1824,144
1825,144
1826,144
1827,144
1828,144
1829,144
1830,144
1831,144
1832,144
1833,144
1834,144
1835,144
1836,144
1837,144
1838,144
1839,144
1840,144
1841,144
1842,144
1843,144
1844,144
1845,144
1846,144
1847,144
1848,144
1849,144
1850,144
1851,144
1852,144
1853,144
1854,144
1855,144
1856,144
1857,144
1858,144
1859,144
1860,144
1861,144
1862,144
1863,144
1864,144
1865,144
1866,144
1867,144
1868,144
1869,144
1870,144
1871,144
1872,144
1873,144
1874,144
1875,144
1876,144
1877,144
1878,144
1879,144
1880,144
1881,144
1882,144
1883,144
1884,144
1885,144
1886,144
1887,144
1888,144
1889,144
1890,144
1891,144
1892,144
1893,144
1894,144
1895,144
1896,144
1897,144
1898,144
1899,144
1900,144
1901,144
1902,144
1903,144
1904,144
1905,144
1906,144
1907,144
1908,144
1909,144
1910,144
1911,144
1912,144
1913,144
1914,144
1915,144
1916,144
1917,144
1918,144
1919,144
1920,144
1921,144
1922,144
1923,144
1924,144
1925,144
1926,144
1927,144
1928,144
1929,144
1930,144
1931,144
1932,144
1933,144
1934,144
1935,144
1936,144
1937,144
1938,144
1939,144
1940,144
1941,144
1942,144
1943,144
1944,144
1945,144
1946,144
1947,144
1948,144
1949,144
1950,144
1951,144
1952,144
1953,144
1954,144
1955,144
1956,144
1957,144
1958,144
1959,144
1960,144
1961,144
1962,144
1963,144
1964,144
1965,144
1966,144
1967,144
1968,144
1969,144
1970,144
1971,144
1972,144
1973,144
1974,144
1975,144
1976,144
1977,144
1978,144
1979,144
1980,144
1981,144
1982,144
1983,144
1984,144
1985,144
1986,144
1987,144
1988,144
1989,144
1990,144
1991,144
1992,144
1993,144
1994,144
1995,144
1996,144
1997,144
1998,144
1999,144
2000,144
2001,144
2002,144
2003,144
2004,144
2005,144
2006,144
2007,144
2008,144
2009,144
2010,144
2011,144
2012,144
2013,144
2014,144
2015,144
2016,144
2017,144
2018,144
2019,144
2020,144
2021,144
2022,144
2023,144
2024,144
2025,144
2026,144
2027,144
2028,144
2029,144
2030,144
2031,144
2032,144
2033,144
2034,144
2035,144
2036,144
2037,144
2038,144
2039,144
2040,144
2041,144
2042,144
2043,144
2044,144
2045,144
2046,144
2047,144
2048,144
2049,144
2050,144
2051,144
2052,144
2053,144
2054,144
2055,144
2056,144
2057,144
2058,144
2059,144
2060,144
2061,144
2062,144
2063,144
2064,144
2065,144
2066,144
2067,144
2068,144
2069,144
2070,144
2071,144
2072,144
2073,144
2074,144
2075,144
2076,144
2077,144
2078,144
2079,144
2080,144
2081,144
2082,144
2083,144
2084,144
2085,144
2086,144
2087,144
2088,144
2089,144
2090,144
2091,144
2092,144
2093,144
2094,144
2095,144
2096,144
2097,144
2098,144
2099,144
2100,144
2101,144
2102,144
2103,144
2104,144
2105,144
2106,144
2107,144
2108,144
2109,144
2110,144
2111,144
2112,144
2113,144
2114,144
2115,144
2116,144
2117,144
2118,144
2119,144
2120,144
2121,144
2122,144
2123,144
2124,144
2125,144
2126,144
2127,144
2128,144
2129,144
2130,144
2131,144
2132,144
2133,144
2134,144
2135,144
2136,144
2137,144
2138,144
2139,144
2140,144
2141,144
2142,144
2143,144
2144,144
2145,144
2146,144
2147,144
2148,144
2149,144
2150,144
2151,144
2152,144
2153,144
2154,144
2155,144
2156,144
2157,144
2158,144
2159,144
2160,144
2161,144
2162,144
2163,144
2164,144
2165,144
2166,144
2167,144
2168,144
2169,144
2170,144
2171,144
2172,144
2173,144
2174,144
2175,144
2176,144
2177,144
2178,144
2179,144
2180,144
2181,144
2182,144
2183,144
2184,144
2185,144
2186,144
2187,144
2188,144
2189,144
2190,144
2191,144
2192,144
2193,144
2194,144
2195,144
2196,144
2197,144
2198,144
2199,144
2200,144
2201,144
2202,144
2203,144
2204,144
2205,144
2206,144
2207,144
2208,144
2209,144
2210,144
2211,144
2212,144
2213,144
2214,144
2215,144
2216,144
2217,144
2218,144
2219,144
2220,144
2221,144
2222,144
2223,144
2224,144
2225,144
2226,144
2227,144
2228,144
2229,144
2230,144
2231,144
2232,144
2233,144
2234,144
2235,144
2236,144
2237,144
2238,144
2239,144
2240,144
2241,144
2242,144
2243,144
2244,144
2245,144
2246,144
2247,144
2248,144
2249,144
2250,144
2251,144
2252,144
2253,144
2254,144
2255,144
2256,144
2257,144
2258,144
2259,144
2260,144
2261,144
2262,144
2263,144
2264,144
2265,144
2266,144
2267,144
2268,144
2269,144
2270,144
2271,144
2272,144
2273,144
2274,144
2275,144
2276,144
2277,144
2278,144
2279,144
2280,144
2281,144
2282,144
2283,144
2284,144
2285,144
2286,144
2287,144
2288,144
2289,144
2290,144
2291,144
2292,144
2293,144
2294,144
2295,144
2296,144
2297,144
2298,144
2299,144
2300,144
2301,144
2302,144
2303,144
2304,144
2305,144
2306,144
2307,144
2308,144
2309,144
2310,144
2311,144
2312,144
2313,144
2314,144
2315,144
2316,144
2317,144
2318,144
2319,144
2320,144
2321,144
2322,144
2323,144
2324,144
2325,144
2326,144
2327,144
2328,144
2329,144
2330,144
2331,144
2332,144
2333,144
2334,144
2335,144
2336,144
2337,144
2338,144
2339,144
2340,144
2341,144
2342,144
2343,144
2344,144
2345,144
2346,144
2347,144
2348,144
2349,144
2350,144
2351,144
2352,144
2353,144
2354,144
2355,144
2356,144
2357,144
2358,144
2359,144
2360,144
2361,144
2362,144
2363,144
2364,144
2365,144
2366,144
2367,144
2368,144
2369,144
2370,144
2371,144
2372,144
2373,144
2374,144
2375,144
2376,144
2377,144
2378,144
2379,144
2380,144
2381,144
2382,144
2383,144
2384,144
2385,144
2386,144
2387,144
2388,144
2389,144
2390,144
2391,144
2392,144
2393,144
2394,144
2395,144
2396,144
2397,144
2398,144
2399,144
2400,144
2401,144
2402,144
2403,144
2404,144
2405,144
2406,144
2407,144
2408,144
2409,144
2410,144
2411,144
2412,144
2413,144
2414,144
2415,144
2416,144
2417,144
2418,144
2419,144
2420,144
2421,144
2422,144
2423,144
2424,144
2425,144
2426,144
2427,144
2428,144
2429,144
2430,144
2431,144
2432,144
2433,144
2434,144
2435,144
2436,144
2437,144
2438,144
2439,144
2440,144
2441,144
2442,144
2443,144
2444,144
2445,144
2446,144
2447,144
2448,144
2449,144
2450,144
2451,144
2452,144
2453,144
2454,144
2455,144
2456,144
2457,144
2458,144
2459,144
2460,144
2461,144
2462,144
2463,144
2464,144
2465,144
2466,144
2467,144
2468,144
2469,144
2470,144
2471,144
2472,144
2473,144
2474,144
2475,144
2476,144
2477,144
2478,144
2479,144
2480,144
2481,144
2482,144
2483,144
2484,144
2485,144
2486,144
2487,144
2488,144
2489,144
2490,144
2491,144
2492,144
2493,144
2494,144
2495,144
2496,144
2497,144
2498,144
2499,144
2500,144
2501,144
2502,144
2503,144
2504,144
2505,144
2506,144
2507,144
2508,144
2509,144
2510,144
2511,144
2512,144
2513,144
2514,144
2515,144
2516,144
2517,144
2518,144
2519,144
2520,144
2521,144
2522,144
2523,144
2524,144
2525,144
2526,144
2527,144
2528,144
2529,144
2530,144
2531,144
2532,144
2533,144
2534,144
2535,144
2536,144
2537,144
2538,144
2539,144
2540,144
2541,144
2542,144
2543,144
2544,144
2545,144
2546,144
2547,144
2548,144
2549,144
2550,144
2551,144
2552,144
2553,144
2554,144
2555,144
2556,144
2557,144
2558,144
2559,144
2560,144
2561,144
2562,144
2563,144
2564,144
2565,144
2566,144
2567,144
2568,144
2569,144
2570,144
2571,144
2572,144
2573,144
2574,144
2575,144
2576,144
2577,144
2578,144
2579,144
2580,144
2581,144
2582,144
2583,144
2584,144
2585,144
2586,144
2587,144
2588,144
2589,144
2590,144
2591,144
2592,144
2593,144
2594,144
2595,144
2596,144
2597,144
2598,144
2599,144
2600,144
2601,144
2602,144
2603,144
2604,144
2605,144
2606,144
2607,144
2608,144
2609,144
2610,144
2611,144
2612,144
2613,144
2614,144
2615,144
2616,144
2617,144
2618,144
2619,144
2620,144
2621,144
2622,144
2623,144
2624,144
2625,144
2626,144
2627,144
2628,144
2629,144
2630,144
2631,144
2632,144
2633,144
2634,144
2635,144
2636,144
2637,144
2638,144
2639,144
2640,144
2641,144
2642,144
2643,144
2644,144
2645,144
2646,144
2647,144
2648,144
2649,144
2650,144
2651,144
2652,144
2653,144
2654,144
2655,144
2656,144
2657,144
2658,144
2659,144
2660,144
2661,144
2662,144
2663,144
2664,144
2665,144
2666,144
2667,144
2668,144
2669,144
2670,144
2671,144
2672,144
2673,144
2674,144
2675,144
2676,144
2677,144
2678,144
2679,144
2680,144
2681,144
2682,144
2683,144
2684,144
2685,144
2686,144
2687,144
2688,144
2689,144
2690,144
2691,144
2692,144
2693,144
2694,144
2695,144
2696,144
2697,144
2698,145
