0,0
1,1
2,2
3,3
4,4
5,5
6,6
7,7
8,7
9,8
10,9
11,10
12,11
13,12
14,13
15,14
16,15
17,16
18,17
19,18
20,19
21,20
22,21
23,22
24,23
25,24
26,24
27,25
28,26
29,27
30,28
31,29
32,30
33,30
34,31
35,32
36,32
37,32
38,33
39,33
40,34
41,35
42,36
43,36
44,37
45,37
46,38
47,38
48,39
49,40
50,41
51,42
52,42
53,43
54,44
55,44
56,44
57,45
58,46
59,47
60,48
61,49
62,49
63,50
64,51
65,51
66,51
67,51
68,51
69,52
70,52
71,52
72,53
73,54
74,55
75,56
76,57
77,57
78,58
79,59
80,60
81,60
82,60
83,60
84,61
85,62
86,63
87,64
88,64
89,65
90,65
91,65
92,65
93,66
94,66
95,66
96,66
97,67
98,67
99,68
100,69
101,69
102,69
103,69
104,69
105,69
106,69
107,69
108,70
109,71
110,71
111,72
112,72
113,72
114,73
115,73
116,73
117,74
118,75
119,75
120,75
121,75
122,75
123,75
124,76
125,76
126,76
127,76
128,76
129,76
130,76
131,76
132,76
133,76
134,76
135,76
136,76
137,76
138,76
139,76
140,77
141,77
142,77
143,78
144,79
145,79
146,79
147,79
148,79
149,79
150,79
151,79
152,79
153,79
154,79
155,79
156,79
157,79
158,80
159,80
160,81
161,81
162,82
163,82
164,82
165,82
166,82
167,83
168,83
169,83
170,83
171,84
172,85
173,86
174,86
175,86
176,86
177,86
178,86
179,86
180,86
181,86
182,86
183,87
184,87
185,87
186,87
187,87
188,87
189,87
190,88
191,88
192,89
193,89
194,90
195,90
196,90
197,90
198,90
199,90
200,90
201,90
202,90
203,90
204,90
205,91
206,91
207,91
208,91
209,92
210,92
211,92
212,92
213,92
214,92
215,92
216,92
217,92
218,92
219,92
220,92
221,93
222,93
223,93
224,93
225,93
226,93
227,93
228,93
229,93
230,93
231,93
232,93
233,93
234,93
235,93
236,93
237,93
238,93
239,93
240,93
241,93
242,93
243,93
244,93
245,93
246,93
247,93
248,93
249,93
250,93
251,93
252,93
253,93
254,93
255,93
256,93
257,93
258,93
259,93
260,93
261,93
262,93
263,93
264,93
265,94
266,94
267,94
268,94
269,94
270,95
271,96
272,96
273,97
274,97
275,98
276,98
277,98
278,98
279,98
280,98
281,98
282,98
283,98
284,98
285,98
286,98
287,98
288,98
289,98
290,98
291,98
292,98
293,98
294,98
295,98
296,98
297,98
298,98
299,98
300,98
301,98
302,99
303,99
304,99
305,99
306,99
307,99
308,99
309,99
310,99
311,99
312,99
313,99
314,99
315,99
316,99
317,100
318,100
319,100
320,100
321,100
322,100
323,100
324,100
325,100
326,100
327,100
328,100
329,100
330,100
331,100
332,100
333,100
334,100
335,100
336,100
337,100
338,100
339,100
340,100
341,100
342,100
343,100
344,100
345,100
346,100
347,100
348,100
349,100
350,100
351,100
352,100
353,100
354,100
355,100
356,100
357,100
358,100
359,100
360,100
361,100
362,100
363,100
364,100
365,100
366,100
367,100
368,100
369,100
370,101
371,101
372,101
373,101
374,101
375,101
376,101
377,101
378,101
379,101
380,101
381,101
382,101
383,101
384,101
385,101
386,101
387,101
388,101
389,101
390,101
391,101
392,101
393,102
394,103
395,103
396,103
397,103
398,103
399,103
400,103
401,103
402,103
403,103
404,103
405,103
406,103
407,103
408,103
409,103
410,104
411,105
412,106
413,106
414,106
415,107
416,108
417,109
418,110
419,110
420,111
421,112
422,112
423,112
424,113
425,114
426,115
427,115
428,115
429,115
430,115
431,115
432,115
433,115
434,115
435,115
436,115
437,115
438,116
439,116
440,116
441,116
442,116
443,116
444,116
445,116
446,116
447,116
448,116
449,116
450,116
451,116
452,116
453,116
454,116
455,116
456,116
457,116
458,116
459,116
460,116
461,116
462,116
463,116
464,116
465,116
466,116
467,116
468,116
469,116
470,116
471,116
472,116
473,116
474,116
475,116
476,116
477,116
478,116
479,116
480,116
481,116
482,116
483,116
484,116
485,117
486,117
487,117
488,117
489,117
490,117
491,117
492,117
493,117
494,117
495,117
496,117
497,117
498,117
499,117
500,117
501,117
502,117
503,117
504,117
505,117
506,117
507,117
508,117
509,117
510,117
511,117
512,117
513,117
514,117
515,117
516,117
517,117
518,117
519,117
520,117
521,117
522,117
523,117
524,117
525,117
526,117
527,117
528,117
529,117
530,117
531,117
532,117
533,117
534,117
535,117
536,117
537,117
538,117
539,117
540,117
541,117
542,117
543,117
544,117
545,118
546,118
547,118
548,119
549,119
550,119
551,119
552,119
553,119
554,119
555,119
556,119
557,119
558,119
559,119
560,119
561,119
562,119
563,119
564,119
565,119
566,120
567,120
568,120
569,120
570,120
571,120
572,120
573,120
574,120
575,120
576,120
577,120
578,120
579,120
580,120
581,120
582,120
583,120
584,120
585,120
586,120
587,120
588,120
589,120
590,120
591,120
592,120
593,120
594,120
595,120
596,121
597,121
598,121
599,121
600,121
601,121
602,121
603,121
604,121
605,121
606,121
607,121
608,121
609,121
610,121
611,121
612,121
613,121
614,121
615,121
616,121
617,121
618,121
619,121
620,121
621,121
622,121
623,121
624,121
625,121
626,121
627,121
628,121
629,121
630,121
631,121
632,121
633,121
634,121
635,121
636,121
637,121
638,121
639,121
640,121
641,121
642,121
643,121
644,121
645,121
646,122
647,123
648,124
649,125
650,126
651,127
652,128
653,128
654,128
655,128
656,128
657,128
658,128
659,128
660,128
661,128
662,128
663,128
664,128
665,128
666,128
667,128
668,128
669,128
670,128
671,129
672,129
673,129
674,129
675,129
676,129
677,129
678,129
679,129
680,129
681,129
682,129
683,129
684,129
685,129
686,129
687,129
688,129
689,129
690,129
691,129
692,129
693,129
694,129
695,129
696,129
697,129
698,129
699,129
700,129
701,129
702,129
703,129
704,129
705,129
706,129
707,129
708,129
709,129
710,129
711,129
712,129
713,129
714,130
715,130
716,130
717,130
718,130
719,130
720,130
721,130
722,130
723,130
724,130
725,130
726,130
727,130
728,130
729,130
730,130
731,130
732,130
733,130
734,130
735,130
736,130
737,130
738,130
739,130
740,130
741,130
742,130
743,130
744,130
745,130
746,130
747,130
748,130
749,130
750,130
751,130
752,130
753,130
754,130
755,130
756,130
757,130
758,130
759,130
760,130
761,130
762,130
763,130
764,130
765,130
766,130
767,130
768,130
769,130
770,130
771,130
772,130
773,130
774,130
775,130
776,131
777,131
778,131
779,131
780,131
781,131
782,131
783,131
784,131
785,131
786,131
787,131
788,131
789,131
790,132
791,132
792,132
793,132
794,132
795,132
796,132
797,132
798,132
799,132
800,132
801,132
802,132
803,132
804,132
805,133
806,133
807,133
808,133
809,133
810,134
811,134
812,134
813,134
814,134
815,134
816,135
817,135
818,135
819,135
820,135
821,135
822,135
823,135
824,135
825,135
826,135
827,135
828,135
829,135
830,135
831,135
832,135
833,135
834,135
835,135
836,135
837,135
838,135
839,135
840,135
841,135
842,135
843,135
844,135
845,135
846,135
847,135
848,135
849,135
850,135
851,135
852,135
853,135
854,135
855,135
856,135
857,135
858,135
859,135
860,135
861,135
862,135
863,135
864,135
865,135
866,135
867,135
868,135
869,135
870,135
871,135
872,135
873,135
874,135
875,135
876,135
877,135
878,135
879,135
880,135
881,135
882,135
883,135
884,135
885,135
886,135
887,135
888,135
889,135
890,135
891,135
892,135
893,135
894,135
895,135
896,135
897,135
898,135
899,135
900,135
901,135
902,135
903,135
904,135
905,135
906,135
907,135
908,135
909,135
910,135
911,135
912,135
913,135
914,135
915,135
916,135
917,135
918,135
919,135
920,135
921,135
922,135
923,135
924,135
925,135
926,135
927,135
928,135
929,135
930,135
931,135
932,135
933,135
934,135
935,135
936,135
937,135
938,135
939,135
940,135
941,135
942,135
943,135
944,135
945,135
946,135
947,135
948,135
949,135
950,135
951,135
952,135
953,135
954,135
955,135
956,135
957,135
958,135
959,135
960,135
961,135
962,135
963,135
964,135
965,135
966,135
967,135
968,135
969,135
970,135
971,135
972,135
973,135
974,135
975,135
976,135
977,135
978,135
979,135
980,135
981,135
982,135
983,135
984,135
985,135
986,135
987,135
988,135
989,135
990,135
991,135
992,135
993,135
994,135
995,135
996,135
997,135
998,135
999,135
1000,135
1001,135
1002,135
1003,135
1004,135
1005,135
1006,135
1007,135
1008,135
1009,135
1010,135
1011,135
1012,135
1013,135
1014,135
1015,135
1016,135
1017,135
1018,135
1019,135
1020,135
1021,135
1022,135
1023,135
1024,135
1025,135
1026,135
1027,135
1028,135
1029,135
1030,135
1031,135
1032,135
1033,135
1034,135
1035,135
1036,135
1037,135
1038,135
1039,135
1040,135
1041,135
1042,135
1043,135
1044,135
1045,135
1046,135
1047,135
1048,135
1049,135
1050,135
1051,135
1052,135
1053,135
1054,135
1055,135
1056,135
1057,135
1058,135
1059,135
1060,135
1061,135
1062,135
1063,135
1064,135
1065,135
1066,135
1067,135
1068,135
1069,135
1070,135
1071,135
1072,135
1073,135
1074,135
1075,135
1076,135
1077,135
1078,135
1079,135
1080,135
1081,135
1082,135
1083,135
1084,135
1085,135
1086,135
1087,135
1088,135
1089,135
1090,135
1091,135
1092,135
1093,135
1094,135
1095,135
1096,135
1097,135
1098,135
1099,135
1100,135
1101,135
1102,135
1103,135
1104,135
1105,135
1106,135
1107,135
1108,135
1109,135
1110,135
1111,136
1112,136
1113,136
1114,136
1115,136
1116,136
1117,136
1118,136
1119,136
1120,136
1121,136
1122,136
1123,136
1124,136
1125,136
1126,136
1127,136
1128,136
1129,136
1130,136
1131,136
1132,136
1133,136
1134,136
1135,136
1136,136
1137,136
1138,136
1139,136
1140,136
1141,136
1142,136
1143,136
1144,136
1145,136
1146,136
1147,136
1148,136
1149,136
1150,136
1151,136
1152,136
1153,136
1154,136
1155,136
1156,136
1157,136
1158,136
1159,136
1160,136
1161,136
1162,136
1163,136
1164,136
1165,136
1166,136
1167,136
1168,136
1169,136
1170,136
1171,136
1172,136
1173,136
1174,136
1175,136
1176,136
1177,136
1178,136
1179,136
1180,136
1181,136
1182,136
1183,136
1184,137
1185,137
1186,138
1187,138
1188,138
1189,138
1190,138
1191,138
1192,138
1193,138
1194,138
1195,138
1196,138
1197,138
1198,138
1199,138
1200,138
1201,138
1202,138
1203,138
1204,138
1205,138
1206,138
1207,138
1208,138
1209,138
1210,138
1211,138
1212,138
1213,138
1214,138
1215,138
1216,138
1217,138
1218,138
1219,138
1220,138
1221,138
1222,138
1223,138
1224,138
1225,138
1226,138
1227,138
1228,138
1229,138
1230,138
1231,138
1232,138
1233,138
1234,138
1235,138
1236,138
1237,138
1238,138
1239,138
1240,138
1241,138
1242,138
1243,138
1244,138
1245,138
1246,138
1247,138
1248,138
1249,138
1250,138
1251,138
1252,138
1253,138
1254,138
1255,138
1256,138
1257,138
1258,138
1259,138
1260,138
1261,138
1262,138
1263,138
1264,138
1265,138
1266,138
1267,138
1268,138
1269,138
1270,138
1271,138
1272,138
1273,138
1274,138
1275,138
1276,138
1277,138
1278,138
1279,138
1280,138
1281,138
1282,138
1283,138
1284,138
1285,138
1286,138
1287,138
1288,138
1289,138
1290,138
1291,138
1292,138
1293,138
1294,138
1295,138
1296,138
1297,138
1298,138
1299,138
1300,138
1301,138
1302,138
1303,138
1304,138
1305,138
1306,138
1307,138
1308,138
1309,138
1310,138
1311,138
1312,138
1313,138
1314,138
1315,138
1316,138
1317,138
1318,138
1319,138
1320,138
1321,138
1322,138
1323,138
1324,138
1325,138
1326,138
1327,138
1328,138
1329,138
1330,139
1331,139
1332,139
1333,139
1334,139
1335,139
1336,139
1337,139
1338,139
1339,139
1340,139
1341,139
1342,139
1343,140
1344,140
1345,140
1346,140
1347,140
1348,140
1349,140
1350,140
1351,140
1352,140
1353,140
1354,140
1355,140
1356,140
1357,140
1358,140
1359,140
1360,141
1361,141
1362,141
1363,141
1364,141
1365,141
1366,141
1367,141
1368,141
1369,141
1370,141
1371,141
1372,141
1373,141
1374,141
1375,141
1376,141
1377,141
1378,141
1379,141
1380,141
1381,141
1382,141
1383,141
1384,141
1385,141
1386,141
1387,141
1388,141
1389,141
1390,141
1391,141
1392,141
1393,141
1394,141
1395,141
1396,141
1397,141
1398,141
1399,141
1400,141
1401,141
1402,141
1403,141
1404,141
1405,141
1406,141
1407,141
1408,141
1409,141
1410,141
1411,141
1412,141
1413,141
1414,141
1415,141
1416,141
1417,141
1418,141
1419,141
1420,141
1421,141
1422,141
1423,141
1424,141
1425,141
1426,141
1427,141
1428,141
1429,141
1430,141
1431,141
1432,141
1433,141
1434,141
1435,141
1436,141
1437,141
1438,141
1439,141
1440,141
1441,141
1442,141
1443,141
1444,141
1445,141
1446,141
1447,141
1448,141
1449,141
1450,141
1451,141
1452,141
1453,141
1454,141
1455,141
1456,141
1457,141
1458,141
1459,141
1460,141
1461,141
1462,141
1463,141
1464,141
1465,141
1466,141
1467,141
1468,141
1469,141
1470,141
1471,141
1472,141
1473,141
1474,141
1475,141
1476,141
1477,141
1478,141
1479,141
1480,141
1481,141
1482,141
1483,141
1484,141
1485,141
1486,141
1487,141
1488,141
1489,141
1490,141
1491,141
1492,141
1493,141
1494,141
1495,141
1496,141
1497,141
1498,141
1499,141
1500,141
1501,141
1502,141
1503,141
1504,141
1505,141
1506,141
1507,141
1508,141
1509,141
1510,141
1511,141
1512,141
1513,141
1514,141
1515,141
1516,141
1517,141
1518,141
1519,141
1520,141
1521,141
1522,142
1523,142
1524,142
1525,142
1526,142
1527,142
1528,142
1529,142
1530,142
1531,142
1532,142
1533,142
1534,142
1535,142
1536,142
1537,142
1538,142
1539,142
1540,142
1541,142
1542,142
1543,142
1544,142
1545,142
1546,142
1547,142
1548,142
1549,142
1550,142
1551,142
1552,142
1553,142
1554,142
1555,142
1556,142
1557,142
1558,142
1559,142
1560,142
1561,142
1562,142
1563,142
1564,142
1565,142
1566,142
1567,142
1568,142
1569,142
1570,142
1571,142
1572,142
1573,142
1574,142
1575,142
1576,142
1577,142
1578,142
1579,142
1580,142
1581,142
1582,142
1583,142
1584,142
1585,142
1586,142
1587,142
1588,142
1589,142
1590,142
1591,142
1592,142
1593,142
1594,142
1595,142
1596,142
1597,142
1598,142
1599,142
1600,142
1601,142
1602,142
1603,142
1604,142
1605,142
1606,142
1607,142
1608,142
1609,142
1610,142
1611,142
1612,142
1613,142
1614,142
1615,142
1616,142
1617,142
1618,142
1619,142
1620,142
1621,142
1622,142
1623,142
1624,142
1625,142
1626,142
1627,142
1628,142
1629,142
1630,142
1631,142
1632,142
1633,142
1634,142
1635,142
1636,142
1637,142
1638,142
1639,142
1640,142
1641,142
1642,142
1643,142
1644,142
1645,142
1646,142
1647,142
1648,142
1649,142
1650,142
1651,142
1652,142
1653,142
1654,142
1655,142
1656,142
1657,142
1658,142
1659,142
1660,142
1661,142
1662,142
1663,142
1664,142
1665,142
1666,142
1667,142
1668,142
1669,142
1670,142
1671,142
1672,142
1673,142
1674,142
1675,142
1676,142
1677,142
1678,142
1679,142
1680,142
1681,142
1682,142
1683,142
1684,142
1685,142
1686,142
1687,142
1688,142
1689,142
1690,142
1691,142
1692,142
1693,142
1694,142
1695,142
1696,142
1697,142
1698,142
1699,142
1700,142
1701,142
1702,142
1703,142
1704,142
1705,142
1706,142
1707,142
1708,142
1709,142
1710,142
1711,142
1712,142
1713,142
1714,142
1715,142
1716,142
1717,142
1718,142
1719,142
1720,142
1721,142
1722,142
1723,142
1724,142
1725,142
1726,142
1727,142
1728,142
1729,142
1730,142
1731,142
1732,142
1733,142
1734,142
1735,142
1736,142
1737,142
1738,142
1739,142
1740,142
1741,142
1742,142
1743,142
1744,142
1745,142
1746,142
1747,142
1748,142
1749,142
1750,142
1751,142
1752,142
1753,142
1754,142
1755,142
1756,142
1757,142
1758,142
1759,142
1760,142
1761,142
1762,142
1763,142
1764,142
1765,142
1766,142
1767,142
1768,142
1769,142
1770,142
1771,142
1772,142
1773,142
1774,142
1775,142
1776,142
1777,142
1778,142
1779,142
1780,142
1781,142
1782,142
1783,142
1784,142
1785,142
1786,142
1787,142
1788,142
1789,142
1790,142
1791,142
1792,142
1793,142
1794,142
1795,142
1796,142
1797,142
1798,142
1799,142
1800,142
1801,142
1802,142
1803,142
1804,142
1805,142
1806,142
1807,142
1808,142
1809,142
1810,142
1811,142
1812,142
1813,142
1814,142
1815,142
1816,142
1817,142
1818,142
1819,142
1820,142
1821,142
1822,142
1823,142
1824,142
1825,142
1826,142
1827,142
1828,142
1829,142
1830,142
1831,142
1832,142
1833,142
1834,142
1835,142
1836,142
1837,142
1838,142
1839,142
1840,142
1841,142
1842,142
1843,142
1844,142
1845,142
1846,142
1847,142
1848,142
1849,142
1850,142
1851,142
1852,142
1853,142
1854,142
1855,142
1856,142
1857,142
1858,142
1859,142
1860,142
1861,142
1862,142
1863,142
1864,142
1865,142
1866,142
1867,142
1868,142
1869,142
1870,142
1871,142
1872,142
1873,142
1874,142
1875,142
1876,142
1877,142
1878,142
1879,142
1880,142
1881,142
1882,142
1883,142
1884,142
1885,142
1886,142
1887,142
1888,142
1889,142
1890,142
1891,142
1892,142
1893,142
1894,142
1895,142
1896,142
1897,142
1898,142
1899,142
1900,142
1901,142
1902,142
1903,142
1904,142
1905,142
1906,142
1907,142
1908,142
1909,142
1910,142
1911,142
1912,142
1913,142
1914,142
1915,142
1916,142
1917,142
1918,142
1919,142
1920,142
1921,142
1922,142
1923,142
1924,142
1925,142
1926,142
1927,142
1928,142
1929,142
1930,142
1931,142
1932,142
1933,142
1934,142
1935,142
1936,142
1937,142
1938,142
1939,142
1940,142
1941,142
1942,142
1943,142
1944,142
1945,142
1946,142
1947,142
1948,142
1949,142
1950,142
1951,142
1952,142
1953,142
1954,142
1955,142
1956,142
1957,142
1958,142
1959,142
1960,142
1961,142
1962,142
1963,142
1964,142
1965,142
1966,142
1967,142
1968,142
1969,142
1970,142
1971,142
1972,142
1973,142
1974,142
1975,142
1976,142
1977,142
1978,142
1979,142
1980,142
1981,142
1982,142
1983,142
1984,142
1985,142
1986,142
1987,142
1988,142
1989,142
1990,142
1991,142
1992,142
1993,142
1994,142
1995,142
1996,142
1997,142
1998,142
1999,142
2000,142
2001,142
2002,142
2003,142
2004,142
2005,142
2006,142
2007,142
2008,142
2009,142
2010,142
2011,142
2012,142
2013,142
2014,142
2015,142
2016,142
2017,142
2018,142
2019,142
2020,142
2021,142
2022,142
2023,142
2024,142
2025,142
2026,142
2027,142
2028,142
2029,142
2030,142
2031,142
2032,142
2033,142
2034,142
2035,142
2036,142
2037,142
2038,142
2039,142
2040,142
2041,142
2042,142
2043,142
2044,142
2045,142
2046,142
2047,142
2048,142
2049,142
2050,142
2051,142
2052,142
2053,142
2054,142
2055,142
2056,142
2057,142
2058,142
2059,142
2060,142
2061,142
2062,142
2063,142
2064,142
2065,142
2066,142
2067,142
2068,142
2069,142
2070,142
2071,142
2072,142
2073,142
2074,142
2075,142
2076,142
2077,142
2078,142
2079,142
2080,142
2081,142
2082,142
2083,142
2084,142
2085,142
2086,142
2087,142
2088,142
2089,142
2090,142
2091,142
2092,142
2093,142
2094,142
2095,142
2096,142
2097,142
2098,142
2099,142
2100,142
2101,142
2102,142
2103,142
2104,142
2105,142
2106,142
2107,143
2108,143
2109,143
2110,143
2111,143
2112,143
2113,143
2114,143
2115,143
2116,143
2117,143
2118,143
2119,143
2120,143
2121,143
2122,143
2123,143
2124,143
2125,143
2126,143
2127,143
2128,143
2129,143
2130,143
2131,143
2132,143
2133,143
2134,143
2135,143
2136,143
2137,143
2138,143
2139,143
2140,143
2141,143
2142,143
2143,143
2144,143
2145,143
2146,143
2147,143
2148,143
2149,143
2150,143
2151,143
2152,143
2153,143
2154,143
2155,143
2156,143
2157,143
2158,143
2159,143
2160,143
2161,143
2162,143
2163,143
2164,143
2165,143
2166,143
2167,143
2168,143
2169,143
2170,143
2171,143
2172,143
2173,143
2174,143
2175,143
2176,143
2177,143
2178,143
2179,143
2180,143
2181,143
2182,143
2183,143
2184,143
2185,143
2186,143
2187,143
2188,143
2189,143
2190,143
2191,143
2192,143
2193,143
2194,143
2195,143
2196,143
2197,143
2198,143
2199,143
2200,143
2201,143
2202,143
2203,143
2204,143
2205,143
2206,143
2207,143
2208,143
2209,143
2210,143
2211,143
2212,143
2213,143
2214,143
2215,143
2216,143
2217,143
2218,143
2219,143
2220,143
2221,143
2222,143
2223,143
2224,143
2225,143
2226,143
2227,143
2228,143
2229,143
2230,143
2231,143
2232,143
2233,143
2234,143
2235,143
2236,143
2237,143
2238,143
2239,143
2240,143
2241,143
2242,143
2243,143
2244,143
2245,143
2246,143
2247,143
2248,143
2249,143
2250,143
2251,143
2252,143
2253,143
2254,143
2255,143
2256,143
2257,143
2258,143
2259,143
2260,143
2261,143
2262,143
2263,143
2264,143
2265,143
2266,143
2267,143
2268,143
2269,143
2270,143
2271,143
2272,143
2273,143
2274,143
2275,143
2276,143
2277,143
2278,143
2279,143
2280,143
2281,143
2282,143
2283,143
2284,143
2285,143
2286,143
2287,143
2288,143
2289,143
2290,143
2291,143
2292,143
2293,143
2294,143
2295,143
2296,143
2297,143
2298,143
2299,143
2300,143
2301,143
2302,143
2303,143
2304,143
2305,143
2306,143
2307,143
2308,143
2309,143
2310,143
2311,143
2312,143
2313,143
2314,143
2315,143
2316,143
2317,143
2318,143
2319,143
2320,143
2321,143
2322,143
2323,143
2324,143
2325,143
2326,143
2327,143
2328,143
2329,143
2330,143
2331,143
2332,143
2333,143
2334,143
2335,143
2336,143
2337,143
2338,143
2339,143
2340,143
2341,143
2342,143
2343,143
2344,143
2345,143
2346,143
2347,143
2348,143
2349,143
2350,143
2351,143
2352,143
2353,143
2354,143
2355,143
2356,143
2357,143
2358,143
2359,143
2360,143
2361,143
2362,143
2363,143
2364,143
2365,143
2366,143
2367,143
2368,143
2369,143
2370,143
2371,143
2372,143
2373,143
2374,143
2375,143
2376,143
2377,143
2378,143
2379,143
2380,143
2381,143
2382,143
2383,143
2384,143
2385,143
2386,143
2387,143
2388,143
2389,143
2390,143
2391,143
2392,143
2393,143
2394,143
2395,143
2396,143
2397,143
2398,143
2399,143
2400,143
2401,143
2402,143
2403,143
2404,143
2405,143
2406,143
2407,143
2408,143
2409,143
2410,143
2411,143
2412,143
2413,143
2414,143
2415,143
2416,143
2417,143
2418,143
2419,143
2420,143
2421,143
2422,143
2423,143
2424,143
2425,143
2426,143
2427,143
2428,143
2429,143
2430,143
2431,143
2432,143
2433,143
2434,143
2435,143
2436,143
2437,143
2438,143
2439,143
2440,143
2441,143
2442,143
2443,143
2444,143
2445,143
2446,143
2447,143
2448,143
2449,143
2450,143
2451,143
2452,143
2453,143
2454,143
2455,143
2456,143
2457,143
2458,143
2459,143
2460,143
2461,143
2462,143
2463,143
2464,143
2465,143
2466,143
2467,143
2468,143
2469,143
2470,143
2471,143
2472,143
2473,143
2474,143
2475,143
2476,143
2477,143
2478,143
2479,143
2480,143
2481,143
2482,143
2483,143
2484,143
2485,143
2486,143
2487,143
2488,143
2489,143
2490,143
2491,143
2492,143
2493,143
2494,143
2495,143
2496,143
2497,143
2498,143
2499,143
2500,143
2501,143
2502,143
2503,143
2504,143
2505,143
2506,143
2507,143
2508,143
2509,143
2510,143
2511,143
2512,143
2513,143
2514,143
2515,143
2516,143
2517,143
2518,143
2519,143
2520,143
2521,143
2522,143
2523,143
2524,143
2525,143
2526,143
2527,143
2528,143
2529,143
2530,143
2531,143
2532,143
2533,143
2534,143
2535,143
2536,143
2537,143
2538,143
2539,143
2540,143
2541,143
2542,143
2543,143
2544,143
2545,143
2546,143
2547,143
2548,143
2549,143
2550,143
2551,143
2552,143
2553,143
2554,143
2555,143
2556,143
2557,143
2558,143
2559,143
2560,143
2561,143
2562,143
2563,143
2564,143
2565,143
2566,143
2567,143
2568,143
2569,143
2570,143
2571,143
2572,143
2573,143
2574,143
2575,143
2576,143
2577,143
2578,143
2579,143
2580,143
2581,143
2582,143
2583,143
2584,143
2585,143
2586,143
2587,143
2588,143
2589,143
2590,143
2591,143
2592,143
2593,143
2594,143
2595,143
2596,143
2597,143
2598,143
2599,143
2600,143
2601,143
2602,143
2603,143
2604,143
2605,143
2606,143
2607,143
2608,143
2609,143
2610,143
2611,143
2612,143
2613,143
2614,143
2615,143
2616,143
2617,143
2618,143
2619,143
2620,143
2621,143
2622,143
2623,143
2624,143
2625,143
2626,143
2627,143
2628,143
2629,143
2630,143
2631,143
2632,143
2633,143
2634,143
2635,143
2636,143
2637,143
2638,143
2639,143
2640,143
2641,143
2642,143
2643,143
2644,143
2645,143
2646,143
2647,143
2648,143
2649,143
2650,143
2651,143
2652,143
2653,143
2654,143
2655,143
2656,143
2657,143
2658,143
2659,143
2660,143
2661,143
2662,143
2663,143
2664,143
2665,143
2666,143
2667,143
2668,143
2669,143
2670,143
2671,143
2672,143
2673,143
2674,143
2675,143
2676,143
2677,143
2678,143
2679,143
2680,143
2681,143
2682,143
2683,143
2684,143
2685,143
2686,143
2687,143
2688,143
2689,143
2690,143
2691,143
2692,143
2693,143
2694,143
2695,143
2696,143
2697,143
2698,143
2699,143
2700,143
2701,143
2702,143
2703,143
2704,143
2705,143
2706,143
2707,143
2708,143
2709,143
2710,143
2711,143
2712,143
2713,143
2714,143
2715,143
2716,143
2717,143
2718,143
2719,143
2720,143
2721,143
2722,143
2723,143
2724,143
2725,143
2726,143
2727,143
2728,143
2729,143
2730,143
2731,143
2732,143
2733,143
2734,143
2735,143
2736,143
2737,143
2738,143
2739,143
2740,143
2741,143
2742,143
2743,143
2744,143
2745,143
2746,143
2747,143
2748,143
2749,143
2750,143
2751,143
2752,143
2753,143
2754,143
2755,143
2756,143
2757,143
2758,143
2759,143
2760,143
2761,143
2762,143
2763,143
2764,143
2765,143
2766,143
2767,143
2768,143
2769,143
2770,143
2771,143
2772,143
2773,143
2774,143
2775,143
2776,143
2777,143
2778,143
2779,143
2780,143
2781,143
2782,143
2783,143
2784,143
2785,143
2786,143
2787,143
2788,143
2789,143
2790,143
2791,143
2792,143
2793,143
2794,143
2795,143
2796,143
2797,143
2798,143
2799,143
2800,143
2801,143
2802,143
2803,143
2804,143
2805,143
2806,143
2807,143
2808,143
2809,143
2810,143
2811,143
2812,143
2813,143
2814,143
2815,143
2816,143
2817,143
2818,143
2819,143
2820,143
2821,143
2822,143
2823,143
2824,143
2825,143
2826,143
2827,143
2828,143
2829,143
2830,143
2831,143
2832,143
2833,143
2834,143
2835,143
2836,143
2837,143
2838,143
2839,143
2840,143
2841,143
2842,143
2843,143
2844,143
2845,143
2846,143
2847,143
2848,143
2849,143
2850,143
2851,143
2852,143
2853,143
2854,143
2855,143
2856,143
2857,143
2858,143
2859,143
2860,143
2861,143
2862,143
2863,143
2864,143
2865,143
2866,143
2867,143
2868,143
2869,143
2870,143
2871,143
2872,143
2873,143
2874,143
2875,143
2876,143
2877,143
2878,143
2879,143
2880,143
2881,143
2882,143
2883,143
2884,143
2885,143
2886,143
2887,143
2888,143
2889,143
2890,143
2891,143
2892,143
2893,143
2894,143
2895,143
2896,143
2897,143
2898,143
2899,143
2900,143
2901,143
2902,143
2903,143
2904,143
2905,143
2906,143
2907,143
2908,143
2909,143
2910,143
2911,143
2912,143
2913,143
2914,143
2915,143
2916,143
2917,143
2918,143
2919,143
2920,143
2921,143
2922,143
2923,143
2924,143
2925,143
2926,143
2927,143
2928,143
2929,143
2930,143
2931,143
2932,143
2933,143
2934,143
2935,143
2936,143
2937,143
2938,143
2939,143
2940,143
2941,143
2942,143
2943,143
2944,143
2945,143
2946,143
2947,143
2948,143
2949,143
2950,143
2951,143
2952,143
2953,143
2954,143
2955,143
2956,143
2957,143
2958,143
2959,143
2960,143
2961,143
2962,143
2963,143
2964,143
2965,143
2966,143
2967,143
2968,143
2969,143
2970,143
2971,143
2972,143
2973,143
2974,143
2975,143
2976,143
2977,143
2978,143
2979,143
2980,143
2981,143
2982,143
2983,143
2984,143
2985,143
2986,143
2987,143
2988,143
2989,143
2990,143
2991,143
2992,143
2993,143
2994,143
2995,143
2996,143
2997,143
2998,143
2999,143
3000,143
3001,143
3002,143
3003,143
3004,143
3005,143
3006,143
3007,143
3008,143
3009,143
3010,143
3011,143
3012,143
3013,143
3014,143
3015,143
3016,143
3017,143
3018,143
3019,143
3020,143
3021,143
3022,143
3023,143
3024,143
3025,143
3026,143
3027,143
3028,143
3029,143
3030,143
3031,143
3032,143
3033,143
3034,143
3035,143
3036,143
3037,143
3038,143
3039,143
3040,143
3041,143
3042,143
3043,143
3044,143
3045,143
3046,143
3047,143
3048,143
3049,143
3050,143
3051,143
3052,143
3053,143
3054,143
3055,143
3056,143
3057,143
3058,143
3059,143
3060,143
3061,143
3062,143
3063,143
3064,143
3065,143
3066,143
3067,143
3068,143
3069,143
3070,143
3071,143
3072,143
3073,143
3074,143
3075,143
3076,143
3077,143
3078,143
3079,143
3080,143
3081,143
3082,143
3083,143
3084,143
3085,143
3086,143
3087,143
3088,143
3089,143
3090,143
3091,143
3092,143
3093,143
3094,143
3095,143
3096,143
3097,143
3098,143
3099,143
3100,143
3101,143
3102,143
3103,143
3104,143
3105,143
3106,143
3107,143
3108,143
3109,143
3110,143
3111,143
3112,143
3113,143
3114,143
3115,143
3116,143
3117,143
3118,143
3119,143
3120,143
3121,143
3122,143
3123,143
3124,143
3125,143
3126,143
3127,143
3128,143
3129,143
3130,143
3131,143
3132,143
3133,143
3134,143
3135,143
3136,143
3137,143
3138,143
3139,143
3140,143
3141,143
3142,143
3143,143
3144,143
3145,143
3146,143
3147,143
3148,143
3149,143
3150,143
3151,143
3152,143
3153,143
3154,143
3155,143
3156,143
3157,143
3158,143
3159,143
3160,143
3161,143
3162,143
3163,143
3164,143
3165,143
3166,143
3167,143
3168,143
3169,143
3170,143
3171,143
3172,143
3173,143
3174,143
3175,143
3176,143
3177,143
3178,143
3179,143
3180,143
3181,143
3182,143
3183,143
3184,143
3185,143
3186,143
3187,143
3188,143
3189,143
3190,143
3191,143
3192,143
3193,143
3194,143
3195,143
3196,143
3197,143
3198,143
3199,143
3200,143
3201,143
3202,143
3203,143
3204,143
3205,143
3206,143
3207,143
3208,143
3209,143
3210,143
3211,143
3212,143
3213,143
3214,143
3215,143
3216,143
3217,143
3218,143
3219,143
3220,143
3221,143
3222,143
3223,143
3224,143
3225,143
3226,143
3227,143
3228,143
3229,143
3230,143
3231,143
3232,143
3233,143
3234,143
3235,143
3236,143
3237,143
3238,143
3239,143
3240,143
3241,143
3242,143
3243,143
3244,143
3245,143
3246,143
3247,143
3248,143
3249,143
3250,143
3251,143
3252,143
3253,143
3254,143
3255,143
3256,143
3257,143
3258,143
3259,143
3260,143
3261,143
3262,143
3263,143
3264,143
3265,143
3266,143
3267,143
3268,143
3269,143
3270,143
3271,143
3272,143
3273,143
3274,143
3275,143
3276,143
3277,143
3278,143
3279,143
3280,143
3281,143
3282,143
3283,143
3284,143
3285,143
3286,143
3287,143
3288,143
3289,143
3290,143
3291,143
3292,143
3293,143
3294,143
3295,143
3296,143
3297,143
3298,143
3299,143
3300,143
3301,143
3302,143
3303,143
3304,143
3305,143
3306,143
3307,143
3308,143
3309,143
3310,144
3311,144
3312,144
3313,144
3314,144
3315,144
3316,144
3317,144
3318,144
3319,144
3320,144
3321,144
3322,144
3323,144
3324,144
3325,144
3326,144
3327,144
3328,144
3329,144
3330,144
3331,144
3332,144
3333,144
3334,144
3335,144
3336,144
3337,144
3338,144
3339,144
3340,144
3341,144
3342,144
3343,144
3344,144
3345,144
3346,144
3347,144
3348,144
3349,144
3350,144
3351,144
3352,144
3353,144
3354,144
3355,144
3356,144
3357,144
3358,144
3359,144
3360,144
3361,144
3362,144
3363,144
3364,144
3365,144
3366,144
3367,144
3368,144
3369,144
3370,144
3371,144
3372,144
3373,144
3374,144
3375,144
3376,144
3377,144
3378,144
3379,144
3380,144
3381,144
3382,144
3383,144
3384,144
3385,144
3386,144
3387,144
3388,144
3389,144
3390,144
3391,144
3392,144
3393,144
3394,144
3395,144
3396,144
3397,144
3398,144
3399,144
3400,144
3401,144
3402,144
3403,144
3404,144
3405,144
3406,144
3407,144
3408,144
3409,144
3410,144
3411,144
3412,144
3413,144
3414,144
3415,144
3416,144
3417,144
3418,144
3419,144
3420,144
3421,144
3422,144
3423,144
3424,144
3425,144
3426,144
3427,144
3428,144
3429,144
3430,144
3431,144
3432,144
3433,144
3434,144
3435,144
3436,144
3437,144
3438,144
3439,144
3440,144
3441,144
3442,144
3443,144
3444,144
3445,144
3446,144
3447,144
3448,144
3449,144
3450,144
3451,144
3452,144
3453,144
3454,144
3455,144
3456,144
3457,144
3458,144
3459,144
3460,144
3461,144
3462,144
3463,144
3464,144
3465,144
3466,144
3467,144
3468,144
3469,144
3470,144
3471,144
3472,144
3473,144
3474,144
3475,144
3476,144
3477,144
3478,144
3479,144
3480,144
3481,144
3482,144
3483,144
3484,144
3485,144
3486,144
3487,144
3488,144
3489,144
3490,144
3491,144
3492,144
3493,144
3494,144
3495,144
3496,144
3497,144
3498,144
3499,144
3500,144
3501,144
3502,144
3503,144
3504,144
3505,144
3506,144
3507,144
3508,144
3509,144
3510,144
3511,144
3512,144
3513,144
3514,144
3515,144
3516,144
3517,144
3518,144
3519,144
3520,144
3521,144
3522,144
3523,144
3524,144
3525,144
3526,144
3527,144
3528,144
3529,144
3530,144
3531,144
3532,144
3533,144
3534,144
3535,144
3536,144
3537,144
3538,144
3539,144
3540,144
3541,144
3542,144
3543,144
3544,144
3545,144
3546,144
3547,144
3548,144
3549,144
3550,144
3551,144
3552,144
3553,144
3554,144
3555,144
3556,144
3557,144
3558,144
3559,144
3560,144
3561,144
3562,144
3563,144
3564,144
3565,144
3566,144
3567,144
3568,144
3569,144
3570,144
3571,144
3572,144
3573,144
3574,144
3575,144
3576,144
3577,144
3578,144
3579,144
3580,144
3581,144
3582,144
3583,144
3584,144
3585,144
3586,144
3587,144
3588,144
3589,144
3590,144
3591,144
3592,144
3593,144
3594,144
3595,144
3596,144
3597,144
3598,144
3599,144
3600,144
3601,144
3602,144
3603,144
3604,144
3605,144
3606,144
3607,144
3608,144
3609,144
3610,144
3611,144
3612,144
3613,144
3614,144
3615,144
3616,144
3617,144
3618,144
3619,144
3620,144
3621,144
3622,144
3623,144
3624,144
3625,144
3626,144
3627,144
3628,144
3629,144
3630,144
3631,144
3632,144
3633,144
3634,144
3635,144
3636,144
3637,144
3638,144
3639,144
3640,144
3641,144
3642,144
3643,144
3644,144
3645,144
3646,144
3647,144
3648,144
3649,144
3650,144
3651,144
3652,144
3653,144
3654,144
3655,144
3656,144
3657,144
3658,144
3659,144
3660,144
3661,144
3662,144
3663,144
3664,144
3665,144
3666,144
3667,144
3668,144
3669,144
3670,144
3671,144
3672,144
3673,144
3674,144
3675,144
3676,144
3677,144
3678,144
3679,144
3680,144
3681,144
3682,144
3683,144
3684,144
3685,144
3686,144
3687,144
3688,144
3689,144
3690,144
3691,144
3692,144
3693,144
3694,144
3695,144
3696,144
3697,144
3698,144
3699,144
3700,144
3701,144
3702,144
3703,144
3704,144
3705,144
3706,144
3707,144
3708,144
3709,144
3710,144
3711,144
3712,144
3713,144
3714,144
3715,144
3716,144
3717,144
3718,144
3719,144
3720,144
3721,144
3722,144
3723,144
3724,144
3725,144
3726,144
3727,144
3728,144
3729,144
3730,144
3731,144
3732,144
3733,144
3734,144
3735,144
3736,144
3737,144
3738,144
3739,144
3740,144
3741,144
3742,144
3743,144
3744,144
3745,144
3746,144
3747,144
3748,144
3749,144
3750,144
3751,144
3752,144
3753,144
3754,144
3755,144
3756,144
3757,144
3758,144
3759,144
3760,144
3761,144
3762,144
3763,144
3764,144
3765,144
3766,144
3767,144
3768,144
3769,144
3770,144
3771,144
3772,144
3773,144
3774,144
3775,144
3776,144
3777,144
3778,144
3779,144
3780,144
3781,144
3782,144
3783,144
3784,144
3785,144
3786,144
3787,144
3788,144
3789,144
3790,144
3791,144
3792,144
3793,144
3794,144
3795,144
3796,144
3797,144
3798,144
3799,144
3800,144
3801,144
3802,144
3803,144
3804,144
3805,144
3806,144
3807,144
3808,144
3809,144
3810,144
3811,144
3812,144
3813,144
3814,144
3815,144
3816,144
3817,144
3818,144
3819,144
3820,144
3821,144
3822,144
3823,144
3824,144
3825,144
3826,144
3827,144
3828,144
3829,144
3830,144
3831,144
3832,144
3833,144
3834,144
3835,144
3836,144
3837,144
3838,144
3839,144
3840,144
3841,144
3842,144
3843,144
3844,144
3845,144
3846,144
3847,144
3848,144
3849,144
3850,144
3851,144
3852,144
3853,144
3854,144
3855,144
3856,144
3857,144
3858,144
3859,144
3860,144
3861,144
3862,144
3863,144
3864,144
3865,144
3866,144
3867,144
3868,144
3869,144
3870,144
3871,144
3872,144
3873,144
3874,144
3875,144
3876,144
3877,144
3878,144
3879,144
3880,144
3881,144
3882,144
3883,144
3884,144
3885,144
3886,144
3887,144
3888,144
3889,144
3890,144
3891,144
3892,144
3893,144
3894,144
3895,144
3896,144
3897,144
3898,144
3899,144
3900,144
3901,144
3902,144
3903,144
3904,144
3905,144
3906,144
3907,144
3908,144
3909,144
3910,144
3911,144
3912,144
3913,144
3914,144
3915,144
3916,144
3917,144
3918,144
3919,144
3920,144
3921,144
3922,144
3923,144
3924,144
3925,144
3926,144
3927,144
3928,144
3929,144
3930,144
3931,144
3932,144
3933,144
3934,144
3935,144
3936,144
3937,144
3938,144
3939,144
3940,144
3941,144
3942,144
3943,144
3944,144
3945,144
3946,144
3947,144
3948,144
3949,144
3950,144
3951,144
3952,144
3953,144
3954,144
3955,144
3956,144
3957,144
3958,144
3959,144
3960,144
3961,144
3962,144
3963,144
3964,144
3965,144
3966,144
3967,144
3968,144
3969,144
3970,144
3971,144
3972,144
3973,144
3974,144
3975,144
3976,144
3977,144
3978,144
3979,144
3980,144
3981,144
3982,144
3983,144
3984,144
3985,144
3986,144
3987,144
3988,144
3989,144
3990,144
3991,144
3992,144
3993,144
3994,144
3995,144
3996,144
3997,144
3998,144
3999,144
4000,144
4001,144
4002,144
4003,144
4004,144
4005,144
4006,144
4007,144
4008,144
4009,144
4010,144
4011,144
4012,144
4013,144
4014,144
4015,144
4016,144
4017,144
4018,144
4019,144
4020,144
4021,144
4022,144
4023,144
4024,144
4025,144
4026,144
4027,144
4028,144
4029,144
4030,144
4031,144
4032,144
4033,144
4034,144
4035,144
4036,144
4037,144
4038,144
4039,144
4040,144
4041,144
4042,144
4043,144
4044,144
4045,144
4046,144
4047,144
4048,144
4049,144
4050,144
4051,144
4052,144
4053,144
4054,144
4055,144
4056,144
4057,144
4058,144
4059,144
4060,144
4061,144
4062,144
4063,144
4064,144
4065,144
4066,144
4067,144
4068,144
4069,144
4070,144
4071,144
4072,144
4073,144
4074,144
4075,144
4076,144
4077,144
4078,144
4079,144
4080,144
4081,144
4082,144
4083,144
4084,144
4085,144
4086,144
4087,144
4088,144
4089,144
4090,144
4091,144
4092,144
4093,144
4094,144
4095,144
4096,144
4097,144
4098,144
4099,144
4100,144
4101,144
4102,144
4103,144
4104,144
4105,144
4106,144
4107,144
4108,144
4109,144
4110,144
4111,144
4112,144
4113,144
4114,144
4115,144
4116,144
4117,144
4118,144
4119,144
4120,144
4121,144
4122,144
4123,144
4124,144
4125,144
4126,144
4127,144
4128,144
4129,144
4130,144
4131,144
4132,144
4133,144
4134,144
4135,144
4136,144
4137,144
4138,144
4139,144
4140,144
4141,144
4142,144
4143,144
4144,144
4145,144
4146,144
4147,144
4148,144
4149,144
4150,144
4151,144
4152,144
4153,144
4154,144
4155,144
4156,144
4157,144
4158,144
4159,144
4160,144
4161,144
4162,144
4163,144
4164,144
4165,144
4166,144
4167,144
4168,144
4169,144
4170,144
4171,144
4172,144
4173,144
4174,144
4175,144
4176,144
4177,144
4178,144
4179,144
4180,144
4181,144
4182,144
4183,144
4184,144
4185,144
4186,144
4187,144
4188,144
4189,144
4190,144
4191,144
4192,144
4193,144
4194,144
4195,144
4196,144
4197,144
4198,144
4199,144
4200,144
4201,144
4202,144
4203,144
4204,144
4205,144
4206,144
4207,144
4208,144
4209,144
4210,144
4211,144
4212,144
4213,144
4214,144
4215,144
4216,144
4217,144
4218,144
4219,144
4220,144
4221,144
4222,144
4223,144
4224,144
4225,144
4226,144
4227,144
4228,144
4229,144
4230,144
4231,144
4232,144
4233,144
4234,144
4235,144
4236,144
4237,144
4238,144
4239,144
4240,144
4241,144
4242,144
4243,144
4244,144
4245,144
4246,144
4247,144
4248,144
4249,144
4250,144
4251,144
4252,144
4253,144
4254,144
4255,144
4256,144
4257,144
4258,144
4259,144
4260,144
4261,144
4262,144
4263,144
4264,144
4265,144
4266,144
4267,144
4268,144
4269,144
4270,144
4271,144
4272,144
4273,144
4274,144
4275,144
4276,144
4277,144
4278,144
4279,144
4280,144
4281,144
4282,144
4283,144
4284,144
4285,144
4286,144
4287,144
4288,144
4289,144
4290,144
4291,144
4292,144
4293,144
4294,144
4295,144
4296,144
4297,144
4298,144
4299,144
4300,144
4301,144
4302,144
4303,144
4304,144
4305,144
4306,144
4307,144
4308,144
4309,144
4310,144
4311,144
4312,144
4313,144
4314,144
4315,144
4316,144
4317,144
4318,144
4319,144
4320,144
4321,144
4322,144
4323,144
4324,144
4325,144
4326,144
4327,144
4328,144
4329,144
4330,144
4331,144
4332,144
4333,144
4334,144
4335,144
4336,144
4337,144
4338,144
4339,144
4340,144
4341,144
4342,144
4343,144
4344,144
4345,144
4346,144
4347,144
4348,144
4349,144
4350,144
4351,144
4352,144
4353,144
4354,144
4355,144
4356,144
4357,144
4358,144
4359,144
4360,144
4361,144
4362,144
4363,144
4364,144
4365,144
4366,144
4367,144
4368,144
4369,144
4370,144
4371,144
4372,144
4373,144
4374,144
4375,144
4376,144
4377,144
4378,144
4379,144
4380,144
4381,144
4382,144
4383,144
4384,144
4385,144
4386,144
4387,144
4388,144
4389,144
4390,144
4391,144
4392,144
4393,144
4394,144
4395,144
4396,144
4397,144
4398,144
4399,144
4400,144
4401,144
4402,144
4403,144
4404,144
4405,144
4406,144
4407,144
4408,144
4409,144
4410,144
4411,144
4412,144
4413,144
4414,144
4415,144
4416,144
4417,144
4418,144
4419,144
4420,144
4421,144
4422,144
4423,144
4424,144
4425,144
4426,144
4427,144
4428,144
4429,144
4430,144
4431,144
4432,144
4433,144
4434,144
4435,144
4436,144
4437,144
4438,144
4439,144
4440,144
4441,144
4442,144
4443,144
4444,144
4445,144
4446,144
4447,144
4448,144
4449,144
4450,144
4451,144
4452,144
4453,144
4454,144
4455,144
4456,144
4457,144
4458,144
4459,144
4460,144
4461,144
4462,144
4463,144
4464,144
4465,144
4466,144
4467,144
4468,144
4469,144
4470,144
4471,144
4472,144
4473,144
4474,144
4475,144
4476,144
4477,144
4478,144
4479,144
4480,144
4481,144
4482,144
4483,144
4484,144
4485,144
4486,144
4487,144
4488,144
4489,144
4490,144
4491,144
4492,144
4493,144
4494,144
4495,144
4496,144
4497,144
4498,144
4499,144
4500,144
4501,144
4502,144
4503,144
4504,144
4505,144
4506,144
4507,144
4508,144
4509,144
4510,144
4511,144
4512,144
4513,145
