0,0
1,1
2,2
3,3
4,4
5,5
6,6
7,7
8,7
9,8
10,9
11,10
12,11
13,11
14,12
15,13
16,13
17,14
18,15
19,16
20,17
21,18
22,19
23,20
24,21
25,22
26,22
27,23
28,23
29,23
30,24
31,25
32,26
33,26
34,26
35,26
36,27
37,28
38,28
39,28
40,29
41,30
42,31
43,32
44,33
45,34
46,35
47,36
48,36
49,36
50,37
51,38
52,38
53,38
54,38
55,38
56,39
57,40
58,40
59,40
60,40
61,40
62,41
63,41
64,41
65,41
66,41
67,41
68,41
69,41
70,41
71,41
72,41
73,41
74,41
75,41
76,41
77,41
78,42
79,42
80,43
81,44
82,45
83,45
84,45
85,46
86,47
87,48
88,49
89,50
90,50
91,50
92,51
93,52
94,52
95,52
96,53
97,53
98,53
99,54
100,55
101,56
102,56
103,57
104,57
105,57
106,57
107,58
108,58
109,59
110,60
111,60
112,61
113,61
114,61
115,62
116,62
117,62
118,63
119,64
120,65
121,66
122,67
123,68
124,69
125,70
126,70
127,70
128,71
129,71
130,71
131,72
132,72
133,72
134,73
135,74
136,74
137,74
138,75
139,75
140,75
141,75
142,75
143,76
144,77
145,77
146,77
147,78
148,79
149,80
150,80
151,80
152,81
153,82
154,83
155,83
156,83
157,83
158,83
159,84
160,84
161,85
162,86
163,87
164,88
165,88
166,88
167,88
168,88
169,89
170,89
171,90
172,90
173,91
174,91
175,91
176,92
177,92
178,92
179,92
180,92
181,92
182,92
183,92
184,92
185,92
186,92
187,92
188,92
189,92
190,92
191,92
192,92
193,92
194,92
195,92
196,92
197,92
198,92
199,92
200,92
201,92
202,92
203,92
204,92
205,92
206,92
207,92
208,92
209,92
210,92
211,92
212,92
213,92
214,92
215,92
216,92
217,92
218,92
219,93
220,93
221,94
222,94
223,94
224,94
225,94
226,94
227,94
228,94
229,94
230,94
231,94
232,94
233,94
234,94
235,94
236,94
237,94
238,95
239,95
240,95
241,95
242,95
243,95
244,95
245,96
246,96
247,96
248,96
249,96
250,96
251,96
252,96
253,96
254,96
255,96
256,97
257,98
258,98
259,99
260,99
261,99
262,99
263,99
264,99
265,99
266,100
267,100
268,100
269,100
270,100
271,100
272,100
273,100
274,100
275,100
276,100
277,100
278,101
279,102
280,103
281,104
282,104
283,104
284,104
285,104
286,104
287,104
288,104
289,104
290,104
291,104
292,105
293,106
294,106
295,106
296,106
297,106
298,107
299,107
300,107
301,107
302,107
303,107
304,107
305,107
306,107
307,107
308,107
309,107
310,107
311,107
312,107
313,107
314,107
315,107
316,107
317,107
318,107
319,107
320,107
321,107
322,107
323,107
324,107
325,107
326,107
327,107
328,107
329,107
330,107
331,107
332,107
333,107
334,107
335,107
336,107
337,107
338,107
339,107
340,107
341,107
342,107
343,107
344,107
345,107
346,107
347,107
348,107
349,107
350,107
351,107
352,107
353,107
354,107
355,107
356,107
357,107
358,107
359,107
360,107
361,107
362,107
363,107
364,107
365,107
366,107
367,107
368,107
369,107
370,107
371,107
372,107
373,107
374,107
375,107
376,107
377,107
378,107
379,108
380,109
381,110
382,111
383,111
384,111
385,111
386,111
387,111
388,111
389,111
390,111
391,111
392,111
393,111
394,111
395,111
396,111
397,111
398,112
399,112
400,112
401,112
402,112
403,112
404,112
405,112
406,112
407,112
408,112
409,112
410,112
411,112
412,112
413,112
414,112
415,112
416,112
417,113
418,113
419,113
420,113
421,113
422,113
423,113
424,113
425,113
426,114
427,114
428,114
429,114
430,114
431,114
432,114
433,114
434,114
435,114
436,114
437,114
438,114
439,114
440,114
441,114
442,114
443,115
444,115
445,115
446,115
447,115
448,115
449,115
450,115
451,115
452,115
453,116
454,116
455,116
456,117
457,118
458,118
459,118
460,118
461,118
462,118
463,118
464,118
465,118
466,118
467,118
468,118
469,118
470,118
471,118
472,118
473,118
474,118
475,118
476,118
477,118
478,118
479,118
480,118
481,118
482,119
483,119
484,119
485,119
486,119
487,119
488,119
489,119
490,119
491,119
492,120
493,120
494,120
495,120
496,120
497,121
498,122
499,122
500,122
501,122
502,122
503,122
504,122
505,122
506,123
507,123
508,123
509,123
510,124
511,124
512,125
513,125
514,125
515,126
516,126
517,126
518,126
519,126
520,126
521,126
522,126
523,126
524,126
525,126
526,126
527,126
528,126
529,126
530,126
531,126
532,126
533,126
534,126
535,126
536,126
537,126
538,126
539,126
540,126
541,126
542,126
543,126
544,126
545,126
546,126
547,126
548,126
549,126
550,126
551,126
552,126
553,126
554,126
555,126
556,126
557,126
558,126
559,126
560,126
561,126
562,126
563,126
564,126
565,126
566,126
567,126
568,126
569,126
570,126
571,126
572,126
573,126
574,126
575,126
576,126
577,126
578,126
579,126
580,126
581,126
582,126
583,126
584,126
585,126
586,126
587,126
588,126
589,126
590,126
591,126
592,126
593,126
594,126
595,126
596,126
597,126
598,126
599,126
600,126
601,126
602,126
603,126
604,126
605,126
606,126
607,126
608,126
609,126
610,126
611,126
612,126
613,126
614,126
615,126
616,126
617,126
618,126
619,126
620,126
621,126
622,126
623,126
624,126
625,126
626,126
627,126
628,126
629,126
630,126
631,126
632,126
633,126
634,126
635,126
636,126
637,126
638,126
639,126
640,126
641,126
642,126
643,126
644,126
645,126
646,126
647,126
648,126
649,126
650,126
651,126
652,126
653,126
654,126
655,126
656,126
657,126
658,126
659,126
660,126
661,126
662,126
663,126
664,126
665,126
666,126
667,126
668,126
669,126
670,126
671,126
672,126
673,126
674,126
675,126
676,126
677,126
678,126
679,126
680,126
681,126
682,126
683,126
684,126
685,126
686,126
687,126
688,126
689,126
690,126
691,126
692,126
693,126
694,126
695,126
696,126
697,126
698,126
699,126
700,126
701,126
702,126
703,126
704,126
705,126
706,126
707,126
708,126
709,126
710,126
711,126
712,126
713,126
714,126
715,126
716,126
717,126
718,126
719,126
720,126
721,126
722,126
723,126
724,126
725,126
726,126
727,127
728,127
729,127
730,127
731,127
732,127
733,127
734,127
735,127
736,127
737,127
738,127
739,127
740,127
741,127
742,127
743,127
744,127
745,127
746,127
747,127
748,127
749,127
750,127
751,127
752,127
753,127
754,127
755,127
756,127
757,127
758,127
759,127
760,127
761,127
762,127
763,127
764,127
765,127
766,127
767,127
768,127
769,127
770,127
771,127
772,127
773,127
774,127
775,127
776,127
777,127
778,127
779,128
780,129
781,129
782,129
783,129
784,129
785,129
786,129
787,129
788,129
789,129
790,129
791,129
792,129
793,129
794,129
795,129
796,129
797,129
798,129
799,129
800,129
801,129
802,129
803,129
804,129
805,129
806,129
807,129
808,129
809,129
810,129
811,129
812,129
813,129
814,129
815,129
816,129
817,129
818,129
819,129
820,129
821,129
822,129
823,129
824,129
825,129
826,129
827,129
828,129
829,129
830,129
831,129
832,129
833,129
834,129
835,129
836,129
837,129
838,129
839,129
840,129
841,129
842,129
843,129
844,129
845,129
846,129
847,129
848,129
849,129
850,129
851,129
852,130
853,130
854,130
855,130
856,130
857,130
858,130
859,130
860,130
861,130
862,130
863,130
864,130
865,130
866,130
867,130
868,130
869,130
870,130
871,131
872,131
873,131
874,131
875,131
876,131
877,131
878,131
879,131
880,131
881,131
882,131
883,131
884,131
885,131
886,131
887,131
888,131
889,131
890,131
891,131
892,131
893,131
894,131
895,131
896,131
897,131
898,131
899,131
900,131
901,131
902,131
903,131
904,131
905,131
906,131
907,131
908,131
909,131
910,131
911,131
912,131
913,131
914,131
915,131
916,131
917,131
918,131
919,131
920,131
921,131
922,131
923,131
924,131
925,131
926,131
927,131
928,131
929,131
930,131
931,131
932,131
933,131
934,131
935,131
936,131
937,131
938,131
939,131
940,131
941,131
942,131
943,131
944,131
945,131
946,131
947,131
948,131
949,131
950,131
951,131
952,131
953,131
954,131
955,131
956,131
957,131
958,131
959,131
960,131
961,131
962,131
963,131
964,131
965,131
966,131
967,131
968,131
969,131
970,131
971,131
972,131
973,131
974,131
975,131
976,131
977,131
978,131
979,131
980,131
981,131
982,131
983,131
984,131
985,131
986,131
987,131
988,131
989,132
990,132
991,132
992,132
993,132
994,132
995,132
996,132
997,132
998,132
999,132
1000,132
1001,132
1002,132
1003,132
1004,132
1005,132
1006,132
1007,132
1008,132
1009,132
1010,132
1011,132
1012,132
1013,132
1014,132
1015,132
1016,132
1017,132
1018,132
1019,132
1020,132
1021,132
1022,132
1023,132
1024,132
1025,132
1026,132
1027,132
1028,132
1029,132
1030,132
1031,132
1032,132
1033,132
1034,132
1035,132
1036,132
1037,132
1038,132
1039,132
1040,132
1041,132
1042,132
1043,132
1044,132
1045,132
1046,132
1047,132
1048,132
1049,132
1050,132
1051,132
1052,132
1053,132
1054,132
1055,132
1056,132
1057,132
1058,132
1059,132
1060,132
1061,132
1062,132
1063,132
1064,132
1065,132
1066,132
1067,132
1068,132
1069,132
1070,133
1071,133
1072,133
1073,134
1074,134
1075,134
1076,134
1077,134
1078,134
1079,134
1080,134
1081,134
1082,134
1083,134
1084,134
1085,134
1086,134
1087,134
1088,134
1089,134
1090,134
1091,134
1092,134
1093,134
1094,134
1095,134
1096,134
1097,134
1098,134
1099,134
1100,134
1101,134
1102,134
1103,134
1104,134
1105,134
1106,134
1107,134
1108,134
1109,134
1110,134
1111,134
1112,134
1113,134
1114,134
1115,134
1116,134
1117,134
1118,134
1119,134
1120,134
1121,134
1122,134
1123,134
1124,134
1125,134
1126,134
1127,134
1128,134
1129,134
1130,134
1131,134
1132,134
1133,134
1134,134
1135,134
1136,134
1137,134
1138,134
1139,134
1140,134
1141,134
1142,134
1143,134
1144,134
1145,134
1146,134
1147,134
1148,134
1149,134
1150,134
1151,134
1152,134
1153,134
1154,134
1155,134
1156,134
1157,134
1158,134
1159,134
1160,134
1161,134
1162,134
1163,134
1164,134
1165,134
1166,134
1167,134
1168,134
1169,134
1170,134
1171,134
1172,134
1173,134
1174,134
1175,134
1176,134
1177,134
1178,134
1179,134
1180,134
1181,134
1182,134
1183,134
1184,134
1185,134
1186,134
1187,134
1188,134
1189,134
1190,134
1191,134
1192,134
1193,134
1194,134
1195,134
1196,134
1197,134
1198,134
1199,134
1200,134
1201,134
1202,134
1203,134
1204,134
1205,134
1206,134
1207,134
1208,134
1209,134
1210,134
1211,134
1212,134
1213,134
1214,134
1215,134
1216,134
1217,134
1218,134
1219,134
1220,134
1221,134
1222,134
1223,134
1224,134
1225,134
1226,134
1227,135
1228,136
1229,136
1230,136
1231,136
1232,136
1233,136
1234,136
1235,136
1236,136
1237,136
1238,136
1239,136
1240,136
1241,136
1242,136
1243,136
1244,136
1245,136
1246,136
1247,136
1248,136
1249,136
1250,136
1251,136
1252,136
1253,136
1254,136
1255,136
1256,136
1257,136
1258,136
1259,136
1260,136
1261,136
1262,136
1263,136
1264,136
1265,136
1266,136
1267,136
1268,136
1269,136
1270,136
1271,136
1272,136
1273,136
1274,136
1275,136
1276,136
1277,136
1278,136
1279,136
1280,136
1281,136
1282,136
1283,136
1284,136
1285,136
1286,136
1287,136
1288,136
1289,136
1290,136
1291,136
1292,136
1293,136
1294,136
1295,136
1296,136
1297,136
1298,136
1299,136
1300,136
1301,136
1302,136
1303,136
1304,136
1305,136
1306,136
1307,136
1308,136
1309,136
1310,136
1311,136
1312,136
1313,136
1314,136
1315,136
1316,136
1317,136
1318,136
1319,136
1320,136
1321,136
1322,136
1323,136
1324,136
1325,136
1326,136
1327,136
1328,136
1329,136
1330,136
1331,136
1332,136
1333,136
1334,136
1335,136
1336,136
1337,136
1338,136
1339,136
1340,136
1341,136
1342,136
1343,136
1344,136
1345,136
1346,136
1347,136
1348,136
1349,136
1350,136
1351,136
1352,136
1353,136
1354,136
1355,136
1356,136
1357,136
1358,136
1359,136
1360,136
1361,136
1362,136
1363,136
1364,136
1365,136
1366,136
1367,136
1368,136
1369,136
1370,136
1371,136
1372,136
1373,136
1374,136
1375,136
1376,136
1377,136
1378,136
1379,136
1380,136
1381,136
1382,136
1383,136
1384,136
1385,136
1386,136
1387,136
1388,136
1389,136
1390,136
1391,136
1392,136
1393,136
1394,136
1395,136
1396,136
1397,136
1398,136
1399,136
1400,136
1401,136
1402,136
1403,136
1404,136
1405,136
1406,136
1407,136
1408,136
1409,136
1410,136
1411,136
1412,136
1413,136
1414,136
1415,136
1416,136
1417,136
1418,136
1419,136
1420,136
1421,136
1422,136
1423,136
1424,136
1425,136
1426,136
1427,136
1428,136
1429,136
1430,136
1431,136
1432,136
1433,136
1434,136
1435,136
1436,136
1437,136
1438,136
1439,136
1440,136
1441,136
1442,136
1443,136
1444,136
1445,136
1446,136
1447,136
1448,136
1449,136
1450,136
1451,136
1452,136
1453,136
1454,136
1455,136
1456,136
1457,136
1458,136
1459,136
1460,136
1461,136
1462,136
1463,136
1464,136
1465,136
1466,136
1467,136
1468,136
1469,136
1470,136
1471,136
1472,136
1473,136
1474,136
1475,136
1476,136
1477,136
1478,136
1479,136
1480,136
1481,136
1482,136
1483,136
1484,136
1485,136
1486,136
1487,136
1488,136
1489,136
1490,136
1491,136
1492,136
1493,136
1494,136
1495,136
1496,136
1497,136
1498,136
1499,136
1500,136
1501,136
1502,136
1503,136
1504,136
1505,136
1506,136
1507,136
1508,136
1509,136
1510,136
1511,136
1512,136
1513,136
1514,136
1515,136
1516,136
1517,136
1518,136
1519,136
1520,136
1521,136
1522,136
1523,136
1524,136
1525,136
1526,136
1527,136
1528,136
1529,136
1530,136
1531,136
1532,136
1533,136
1534,136
1535,136
1536,136
1537,136
1538,136
1539,136
1540,136
1541,136
1542,136
1543,136
1544,136
1545,136
1546,136
1547,136
1548,136
1549,136
1550,136
1551,136
1552,136
1553,136
1554,136
1555,136
1556,136
1557,136
1558,136
1559,136
1560,136
1561,136
1562,136
1563,136
1564,136
1565,136
1566,136
1567,136
1568,136
1569,136
1570,136
1571,136
1572,136
1573,136
1574,136
1575,136
1576,136
1577,136
1578,136
1579,136
1580,136
1581,136
1582,136
1583,136
1584,136
1585,136
1586,136
1587,136
1588,136
1589,136
1590,136
1591,136
1592,136
1593,136
1594,136
1595,136
1596,136
1597,136
1598,136
1599,136
1600,136
1601,136
1602,136
1603,136
1604,136
1605,136
1606,136
1607,136
1608,136
1609,136
1610,136
1611,136
1612,136
1613,136
1614,136
1615,136
1616,136
1617,136
1618,136
1619,136
1620,136
1621,136
1622,136
1623,136
1624,136
1625,136
1626,136
1627,136
1628,136
1629,136
1630,136
1631,136
1632,136
1633,136
1634,136
1635,136
1636,136
1637,136
1638,136
1639,136
1640,136
1641,136
1642,136
1643,136
1644,136
1645,136
1646,136
1647,136
1648,136
1649,136
1650,136
1651,136
1652,136
1653,136
1654,136
1655,136
1656,136
1657,136
1658,136
1659,136
1660,136
1661,136
1662,136
1663,136
1664,136
1665,136
1666,136
1667,136
1668,136
1669,136
1670,136
1671,136
1672,136
1673,136
1674,136
1675,136
1676,136
1677,136
1678,136
1679,136
1680,136
1681,136
1682,136
1683,136
1684,136
1685,136
1686,136
1687,136
1688,136
1689,136
1690,136
1691,136
1692,136
1693,136
1694,136
1695,136
1696,136
1697,136
1698,136
1699,136
1700,136
1701,136
1702,136
1703,136
1704,136
1705,136
1706,136
1707,136
1708,136
1709,136
1710,136
1711,136
1712,136
1713,136
1714,136
1715,136
1716,136
1717,136
1718,136
1719,136
1720,136
1721,136
1722,136
1723,136
1724,136
1725,136
1726,136
1727,136
1728,136
1729,136
1730,136
1731,136
1732,136
1733,136
1734,136
1735,136
1736,136
1737,136
1738,136
1739,136
1740,136
1741,136
1742,136
1743,136
1744,136
1745,136
1746,136
1747,136
1748,136
1749,136
1750,136
1751,136
1752,136
1753,136
1754,136
1755,136
1756,136
1757,136
1758,136
1759,136
1760,136
1761,136
1762,136
1763,136
1764,136
1765,136
1766,136
1767,136
1768,136
1769,136
1770,136
1771,136
1772,136
1773,136
1774,136
1775,136
1776,136
1777,136
1778,136
1779,136
1780,136
1781,136
1782,136
1783,136
1784,136
1785,136
1786,136
1787,136
1788,136
1789,136
1790,136
1791,136
1792,136
1793,136
1794,136
1795,136
1796,136
1797,136
1798,136
1799,136
1800,136
1801,136
1802,136
1803,136
1804,136
1805,136
1806,136
1807,136
1808,136
1809,136
1810,136
1811,136
1812,136
1813,136
1814,136
1815,136
1816,136
1817,136
1818,136
1819,136
1820,136
1821,136
1822,136
1823,136
1824,136
1825,136
1826,136
1827,136
1828,136
1829,136
1830,136
1831,136
1832,136
1833,136
1834,136
1835,136
1836,136
1837,136
1838,136
1839,136
1840,136
1841,136
1842,136
1843,136
1844,136
1845,136
1846,136
1847,136
1848,136
1849,136
1850,136
1851,136
1852,136
1853,136
1854,136
1855,136
1856,136
1857,136
1858,136
1859,136
1860,136
1861,136
1862,136
1863,136
1864,136
1865,136
1866,136
1867,136
1868,136
1869,136
1870,136
1871,136
1872,136
1873,136
1874,136
1875,136
1876,136
1877,136
1878,136
1879,136
1880,136
1881,136
1882,136
1883,136
1884,136
1885,136
1886,136
1887,136
1888,136
1889,136
1890,136
1891,136
1892,136
1893,136
1894,136
1895,136
1896,136
1897,136
1898,136
1899,136
1900,136
1901,136
1902,136
1903,136
1904,136
1905,136
1906,136
1907,136
1908,136
1909,136
1910,136
1911,136
1912,136
1913,136
1914,136
1915,136
1916,136
1917,136
1918,136
1919,136
1920,136
1921,136
1922,136
1923,136
1924,136
1925,136
1926,136
1927,136
1928,136
1929,136
1930,136
1931,136
1932,136
1933,136
1934,136
1935,136
1936,136
1937,136
1938,136
1939,136
1940,136
1941,136
1942,136
1943,136
1944,136
1945,136
1946,136
1947,136
1948,136
1949,136
1950,136
1951,136
1952,136
1953,136
1954,136
1955,136
1956,136
1957,136
1958,136
1959,136
1960,136
1961,136
1962,136
1963,136
1964,136
1965,136
1966,136
1967,136
1968,136
1969,136
1970,136
1971,136
1972,136
1973,136
1974,136
1975,136
1976,136
1977,136
1978,136
1979,136
1980,136
1981,136
1982,136
1983,136
1984,136
1985,136
1986,136
1987,136
1988,136
1989,136
1990,136
1991,136
1992,136
1993,136
1994,136
1995,136
1996,136
1997,136
1998,136
1999,136
2000,136
2001,136
2002,136
2003,136
2004,136
2005,136
2006,136
2007,136
2008,136
2009,136
2010,136
2011,136
2012,136
2013,136
2014,136
2015,136
2016,136
2017,136
2018,136
2019,136
2020,136
2021,136
2022,136
2023,136
2024,136
2025,136
2026,136
2027,136
2028,136
2029,136
2030,136
2031,136
2032,136
2033,136
2034,136
2035,136
2036,136
2037,136
2038,136
2039,136
2040,136
2041,136
2042,136
2043,136
2044,136
2045,136
2046,136
2047,136
2048,136
2049,136
2050,136
2051,136
2052,136
2053,136
2054,136
2055,136
2056,136
2057,136
2058,136
2059,136
2060,136
2061,136
2062,136
2063,136
2064,136
2065,136
2066,136
2067,136
2068,136
2069,136
2070,136
2071,136
2072,136
2073,136
2074,136
2075,136
2076,136
2077,136
2078,136
2079,136
2080,136
2081,136
2082,136
2083,136
2084,136
2085,136
2086,136
2087,136
2088,136
2089,136
2090,136
2091,136
2092,136
2093,136
2094,136
2095,136
2096,136
2097,136
2098,136
2099,136
2100,136
2101,136
2102,136
2103,136
2104,136
2105,136
2106,136
2107,136
2108,136
2109,136
2110,136
2111,136
2112,136
2113,136
2114,136
2115,136
2116,136
2117,136
2118,136
2119,136
2120,136
2121,136
2122,136
2123,136
2124,136
2125,136
2126,136
2127,136
2128,136
2129,136
2130,136
2131,136
2132,136
2133,136
2134,136
2135,136
2136,136
2137,136
2138,136
2139,136
2140,136
2141,136
2142,136
2143,136
2144,136
2145,136
2146,136
2147,136
2148,136
2149,136
2150,136
2151,136
2152,136
2153,136
2154,136
2155,136
2156,136
2157,136
2158,136
2159,136
2160,136
2161,136
2162,136
2163,136
2164,136
2165,136
2166,136
2167,136
2168,136
2169,136
2170,136
2171,136
2172,136
2173,136
2174,136
2175,136
2176,136
2177,136
2178,136
2179,136
2180,136
2181,136
2182,136
2183,136
2184,136
2185,136
2186,136
2187,136
2188,136
2189,136
2190,136
2191,136
2192,136
2193,136
2194,136
2195,136
2196,136
2197,136
2198,136
2199,136
2200,136
2201,136
2202,136
2203,136
2204,136
2205,136
2206,136
2207,136
2208,136
2209,136
2210,136
2211,136
2212,136
2213,136
2214,136
2215,136
2216,136
2217,136
2218,136
2219,136
2220,136
2221,136
2222,136
2223,136
2224,136
2225,136
2226,136
2227,136
2228,136
2229,136
2230,136
2231,136
2232,136
2233,136
2234,136
2235,136
2236,136
2237,136
2238,136
2239,136
2240,136
2241,136
2242,136
2243,136
2244,136
2245,136
2246,136
2247,136
2248,136
2249,136
2250,136
2251,136
2252,136
2253,136
2254,136
2255,136
2256,136
2257,136
2258,136
2259,136
2260,136
2261,136
2262,136
2263,136
2264,136
2265,136
2266,136
2267,136
2268,136
2269,136
2270,136
2271,136
2272,136
2273,136
2274,136
2275,136
2276,136
2277,136
2278,136
2279,136
2280,136
2281,136
2282,136
2283,136
2284,136
2285,136
2286,136
2287,136
2288,136
2289,136
2290,136
2291,136
2292,136
2293,136
2294,136
2295,136
2296,136
2297,136
2298,136
2299,136
2300,136
2301,136
2302,136
2303,136
2304,136
2305,136
2306,136
2307,136
2308,136
2309,136
2310,136
2311,136
2312,136
2313,136
2314,136
2315,136
2316,136
2317,136
2318,136
2319,136
2320,136
2321,136
2322,136
2323,136
2324,136
2325,136
2326,136
2327,136
2328,136
2329,136
2330,136
2331,136
2332,136
2333,136
2334,136
2335,136
2336,136
2337,136
2338,136
2339,136
2340,136
2341,136
2342,136
2343,136
2344,136
2345,136
2346,136
2347,136
2348,136
2349,136
2350,136
2351,136
2352,136
2353,136
2354,136
2355,136
2356,136
2357,136
2358,136
2359,136
2360,136
2361,136
2362,136
2363,136
2364,136
2365,136
2366,136
2367,136
2368,136
2369,136
2370,136
2371,136
2372,136
2373,136
2374,136
2375,136
2376,136
2377,136
2378,136
2379,136
2380,136
2381,136
2382,136
2383,136
2384,136
2385,136
2386,136
2387,136
2388,136
2389,136
2390,136
2391,136
2392,136
2393,136
2394,136
2395,136
2396,136
2397,136
2398,136
2399,136
2400,136
2401,136
2402,136
2403,136
2404,136
2405,136
2406,136
2407,136
2408,136
2409,136
2410,136
2411,136
2412,136
2413,136
2414,136
2415,136
2416,136
2417,136
2418,136
2419,136
2420,136
2421,136
2422,136
2423,136
2424,136
2425,136
2426,136
2427,136
2428,136
2429,136
2430,136
2431,136
2432,136
2433,136
2434,136
2435,136
2436,136
2437,136
2438,136
2439,136
2440,136
2441,136
2442,136
2443,136
2444,136
2445,136
2446,136
2447,136
2448,136
2449,136
2450,136
2451,136
2452,136
2453,136
2454,136
2455,136
2456,136
2457,136
2458,136
2459,136
2460,136
2461,136
2462,136
2463,136
2464,136
2465,136
2466,136
2467,136
2468,136
2469,136
2470,136
2471,136
2472,136
2473,136
2474,136
2475,136
2476,136
2477,136
2478,136
2479,136
2480,136
2481,136
2482,136
2483,136
2484,136
2485,136
2486,136
2487,136
2488,136
2489,136
2490,136
2491,136
2492,136
2493,136
2494,136
2495,136
2496,136
2497,136
2498,136
2499,136
2500,136
2501,136
2502,136
2503,136
2504,136
2505,136
2506,136
2507,136
2508,136
2509,136
2510,136
2511,136
2512,136
2513,136
2514,136
2515,136
2516,136
2517,136
2518,136
2519,136
2520,136
2521,136
2522,136
2523,136
2524,136
2525,136
2526,136
2527,136
2528,136
2529,136
2530,136
2531,136
2532,136
2533,136
2534,136
2535,136
2536,136
2537,136
2538,136
2539,136
2540,136
2541,136
2542,136
2543,136
2544,136
2545,136
2546,136
2547,136
2548,136
2549,136
2550,136
2551,136
2552,136
2553,136
2554,136
2555,136
2556,136
2557,136
2558,136
2559,136
2560,136
2561,136
2562,136
2563,136
2564,136
2565,136
2566,136
2567,136
2568,136
2569,136
2570,136
2571,136
2572,136
2573,136
2574,136
2575,136
2576,136
2577,136
2578,136
2579,136
2580,136
2581,136
2582,136
2583,136
2584,136
2585,136
2586,136
2587,136
2588,136
2589,136
2590,136
2591,136
2592,136
2593,136
2594,136
2595,136
2596,136
2597,136
2598,136
2599,136
2600,136
2601,136
2602,136
2603,136
2604,137
2605,137
2606,137
2607,137
2608,137
2609,137
2610,137
2611,137
2612,137
2613,137
2614,137
2615,137
2616,137
2617,137
2618,137
2619,137
2620,137
2621,137
2622,137
2623,137
2624,137
2625,137
2626,137
2627,137
2628,137
2629,137
2630,137
2631,137
2632,137
2633,137
2634,137
2635,137
2636,137
2637,137
2638,137
2639,137
2640,137
2641,137
2642,137
2643,137
2644,137
2645,137
2646,137
2647,137
2648,137
2649,137
2650,137
2651,137
2652,137
2653,137
2654,137
2655,137
2656,137
2657,137
2658,137
2659,137
2660,137
2661,137
2662,137
2663,137
2664,137
2665,137
2666,137
2667,137
2668,137
2669,137
2670,137
2671,137
2672,137
2673,137
2674,137
2675,137
2676,137
2677,137
2678,137
2679,137
2680,137
2681,137
2682,137
2683,137
2684,137
2685,137
2686,137
2687,137
2688,137
2689,137
2690,137
2691,137
2692,137
2693,137
2694,137
2695,137
2696,137
2697,137
2698,137
2699,137
2700,137
2701,137
2702,137
2703,137
2704,137
2705,137
2706,137
2707,137
2708,137
2709,137
2710,137
2711,137
2712,137
2713,137
2714,137
2715,137
2716,137
2717,137
2718,137
2719,137
2720,137
2721,137
2722,137
2723,137
2724,137
2725,137
2726,137
2727,137
2728,137
2729,137
2730,137
2731,137
2732,137
2733,137
2734,137
2735,137
2736,137
2737,137
2738,137
2739,137
2740,137
2741,137
2742,137
2743,137
2744,137
2745,137
2746,137
2747,137
2748,137
2749,137
2750,137
2751,137
2752,137
2753,137
2754,137
2755,137
2756,137
2757,137
2758,137
2759,137
2760,137
2761,137
2762,137
2763,137
2764,137
2765,137
2766,137
2767,137
2768,137
2769,137
2770,137
2771,137
2772,137
2773,137
2774,137
2775,137
2776,137
2777,137
2778,137
2779,137
2780,137
2781,137
2782,137
2783,137
2784,137
2785,137
2786,137
2787,137
2788,137
2789,137
2790,137
2791,137
2792,137
2793,137
2794,137
2795,137
2796,137
2797,137
2798,137
2799,137
2800,137
2801,137
2802,137
2803,137
2804,137
2805,137
2806,137
2807,137
2808,137
2809,137
2810,137
2811,137
2812,137
2813,137
2814,137
2815,137
2816,137
2817,137
2818,137
2819,137
2820,137
2821,137
2822,137
2823,137
2824,137
2825,137
2826,137
2827,137
2828,137
2829,137
2830,137
2831,137
2832,137
2833,137
2834,137
2835,137
2836,137
2837,137
2838,137
2839,137
2840,137
2841,137
2842,137
2843,137
2844,137
2845,137
2846,137
2847,137
2848,137
2849,137
2850,137
2851,137
2852,137
2853,137
2854,137
2855,137
2856,137
2857,137
2858,137
2859,137
2860,137
2861,137
2862,137
2863,137
2864,137
2865,137
2866,137
2867,137
2868,137
2869,137
2870,137
2871,137
2872,137
2873,137
2874,137
2875,137
2876,137
2877,137
2878,137
2879,137
2880,137
2881,137
2882,137
2883,137
2884,137
2885,137
2886,137
2887,137
2888,137
2889,137
2890,137
2891,137
2892,137
2893,137
2894,138
2895,139
2896,140
2897,141
2898,141
2899,141
2900,141
2901,141
2902,141
2903,141
2904,141
2905,141
2906,141
2907,141
2908,141
2909,141
2910,141
2911,142
2912,142
2913,142
2914,143
2915,143
2916,144
2917,145
