0,0
1,1
2,2
3,3
4,4
5,5
6,6
7,7
8,8
9,9
10,10
11,11
12,12
13,13
14,13
15,14
16,15
17,16
18,17
19,18
20,19
21,20
22,21
23,22
24,23
25,24
26,24
27,25
28,26
29,27
30,28
31,28
32,28
33,28
34,29
35,30
36,31
37,31
38,32
39,33
40,34
41,35
42,36
43,37
44,37
45,38
46,38
47,39
48,40
49,41
50,42
51,42
52,43
53,44
54,45
55,45
56,45
57,46
58,46
59,46
60,47
61,47
62,47
63,48
64,48
65,48
66,48
67,48
68,48
69,48
70,48
71,48
72,48
73,49
74,50
75,51
76,51
77,51
78,51
79,52
80,53
81,53
82,54
83,55
84,56
85,56
86,56
87,56
88,56
89,57
90,57
91,58
92,58
93,59
94,59
95,59
96,59
97,59
98,59
99,59
100,59
101,60
102,60
103,60
104,60
105,60
106,60
107,60
108,60
109,60
110,61
111,61
112,61
113,61
114,61
115,61
116,62
117,62
118,62
119,62
120,62
121,62
122,62
123,62
124,62
125,62
126,62
127,62
128,62
129,63
130,63
131,63
132,63
133,64
134,65
135,66
136,67
137,67
138,68
139,69
140,70
141,71
142,72
143,72
144,73
145,74
146,74
147,74
148,75
149,75
150,75
151,75
152,75
153,75
154,75
155,75
156,76
157,76
158,76
159,76
160,76
161,76
162,76
163,76
164,76
165,76
166,76
167,76
168,76
169,77
170,77
171,78
172,78
173,79
174,80
175,80
176,80
177,80
178,80
179,80
180,81
181,81
182,82
183,82
184,82
185,82
186,82
187,82
188,82
189,82
190,82
191,82
192,82
193,82
194,82
195,82
196,82
197,82
198,83
199,83
200,84
201,84
202,84
203,84
204,84
205,84
206,84
207,84
208,84
209,84
210,85
211,85
212,85
213,85
214,85
215,85
216,85
217,85
218,85
219,85
220,85
221,86
222,86
223,87
224,87
225,87
226,87
227,87
228,87
229,87
230,87
231,87
232,87
233,87
234,87
235,87
236,87
237,87
238,87
239,87
240,87
241,87
242,88
243,88
244,88
245,88
246,89
247,89
248,90
249,91
250,92
251,93
252,93
253,93
254,93
255,94
256,94
257,95
258,96
259,96
260,96
261,97
262,97
263,97
264,98
265,98
266,98
267,98
268,98
269,99
270,100
271,101
272,102
273,102
274,102
275,102
276,102
277,103
278,103
279,103
280,103
281,103
282,103
283,103
284,104
285,104
286,104
287,104
288,104
289,104
290,105
291,105
292,106
293,106
294,106
295,107
296,108
297,108
298,108
299,108
300,108
301,108
302,108
303,108
304,108
305,108
306,108
307,109
308,109
309,109
310,109
311,109
312,109
313,109
314,109
315,109
316,109
317,109
318,109
319,109
320,109
321,109
322,109
323,109
324,109
325,109
326,109
327,109
328,109
329,109
330,109
331,109
332,109
333,109
334,109
335,109
336,109
337,109
338,109
339,109
340,109
341,109
342,109
343,109
344,109
345,109
346,109
347,109
348,109
349,109
350,109
351,109
352,109
353,109
354,109
355,109
356,110
357,111
358,112
359,113
360,113
361,113
362,114
363,114
364,115
365,115
366,115
367,115
368,115
369,115
370,115
371,115
372,115
373,115
374,115
375,116
376,116
377,116
378,116
379,116
380,116
381,117
382,117
383,117
384,117
385,117
386,117
387,118
388,119
389,119
390,119
391,119
392,119
393,119
394,119
395,119
396,119
397,119
398,119
399,119
400,119
401,119
402,119
403,119
404,119
405,119
406,119
407,119
408,119
409,119
410,119
411,119
412,119
413,119
414,119
415,119
416,119
417,119
418,119
419,119
420,119
421,119
422,119
423,119
424,119
425,119
426,119
427,119
428,119
429,119
430,119
431,119
432,119
433,119
434,119
435,119
436,119
437,119
438,119
439,119
440,119
441,119
442,119
443,119
444,119
445,119
446,119
447,119
448,119
449,119
450,119
451,119
452,119
453,119
454,119
455,119
456,119
457,119
458,119
459,119
460,119
461,119
462,119
463,119
464,119
465,119
466,119
467,120
468,120
469,120
470,120
471,120
472,120
473,120
474,120
475,120
476,120
477,120
478,120
479,120
480,120
481,120
482,120
483,120
484,120
485,120
486,120
487,120
488,120
489,120
490,120
491,120
492,120
493,120
494,120
495,120
496,120
497,120
498,120
499,120
500,120
501,120
502,120
503,120
504,120
505,120
506,120
507,120
508,120
509,120
510,120
511,120
512,120
513,120
514,120
515,120
516,120
517,120
518,120
519,120
520,120
521,120
522,120
523,120
524,120
525,120
526,120
527,120
528,120
529,120
530,120
531,120
532,121
533,121
534,121
535,121
536,121
537,121
538,121
539,121
540,121
541,121
542,121
543,121
544,121
545,121
546,121
547,121
548,121
549,121
550,121
551,121
552,121
553,121
554,121
555,121
556,121
557,121
558,121
559,121
560,121
561,121
562,121
563,121
564,121
565,121
566,121
567,121
568,121
569,121
570,121
571,121
572,121
573,121
574,121
575,121
576,121
577,121
578,121
579,121
580,121
581,121
582,121
583,121
584,121
585,121
586,121
587,121
588,121
589,121
590,121
591,121
592,121
593,121
594,121
595,121
596,121
597,121
598,121
599,121
600,121
601,121
602,121
603,122
604,122
605,122
606,122
607,122
608,122
609,122
610,122
611,122
612,122
613,122
614,122
615,122
616,122
617,122
618,122
619,122
620,122
621,122
622,122
623,122
624,122
625,122
626,122
627,122
628,122
629,122
630,122
631,122
632,122
633,122
634,122
635,122
636,122
637,122
638,122
639,122
640,122
641,122
642,122
643,122
644,122
645,122
646,122
647,122
648,122
649,122
650,122
651,122
652,122
653,122
654,122
655,122
656,122
657,122
658,122
659,122
660,122
661,122
662,122
663,122
664,122
665,122
666,122
667,122
668,122
669,122
670,122
671,122
672,122
673,122
674,122
675,122
676,122
677,122
678,122
679,122
680,122
681,122
682,122
683,122
684,122
685,122
686,122
687,122
688,122
689,122
690,122
691,122
692,122
693,122
694,122
695,122
696,122
697,122
698,122
699,122
700,122
701,122
702,122
703,122
704,122
705,122
706,122
707,122
708,122
709,122
710,122
711,122
712,122
713,122
714,122
715,122
716,122
717,122
718,122
719,122
720,122
721,122
722,122
723,122
724,122
725,123
726,123
727,123
728,123
729,123
730,123
731,123
732,123
733,123
734,123
735,123
736,123
737,123
738,123
739,123
740,123
741,123
742,123
743,123
744,123
745,123
746,123
747,123
748,123
749,123
750,123
751,123
752,123
753,123
754,123
755,123
756,123
757,123
758,123
759,123
760,123
761,123
762,123
763,123
764,123
765,123
766,123
767,123
768,123
769,123
770,123
771,123
772,123
773,123
774,123
775,123
776,123
777,123
778,123
779,123
780,123
781,123
782,123
783,123
784,123
785,123
786,123
787,123
788,123
789,123
790,123
791,123
792,123
793,123
794,123
795,123
796,123
797,123
798,123
799,123
800,123
801,123
802,123
803,123
804,123
805,123
806,123
807,123
808,123
809,123
810,123
811,123
812,123
813,123
814,123
815,123
816,123
817,123
818,123
819,123
820,123
821,123
822,123
823,123
824,123
825,123
826,123
827,123
828,123
829,123
830,123
831,123
832,123
833,123
834,123
835,123
836,123
837,123
838,123
839,123
840,123
841,123
842,123
843,123
844,123
845,123
846,123
847,123
848,123
849,123
850,123
851,123
852,123
853,123
854,123
855,123
856,123
857,123
858,123
859,123
860,123
861,123
862,123
863,123
864,123
865,123
866,123
867,123
868,123
869,123
870,123
871,123
872,123
873,123
874,123
875,123
876,123
877,123
878,123
879,123
880,123
881,123
882,123
883,123
884,123
885,123
886,123
887,123
888,123
889,123
890,123
891,123
892,123
893,123
894,123
895,123
896,123
897,123
898,123
899,124
900,125
901,125
902,125
903,125
904,125
905,125
906,125
907,125
908,125
909,125
910,125
911,125
912,125
913,125
914,125
915,125
916,125
917,125
918,125
919,125
920,125
921,125
922,125
923,125
924,125
925,125
926,125
927,125
928,125
929,125
930,125
931,125
932,125
933,125
934,125
935,125
936,125
937,125
938,125
939,125
940,125
941,125
942,125
943,125
944,125
945,125
946,125
947,125
948,125
949,125
950,125
951,125
952,125
953,125
954,125
955,125
956,125
957,125
958,125
959,125
960,125
961,125
962,125
963,125
964,125
965,125
966,125
967,125
968,125
969,125
970,125
971,125
972,125
973,125
974,125
975,125
976,125
977,125
978,125
979,125
980,125
981,125
982,125
983,125
984,125
985,125
986,125
987,125
988,125
989,125
990,125
991,125
992,125
993,125
994,125
995,125
996,125
997,125
998,125
999,125
1000,125
1001,125
1002,125
1003,125
1004,125
1005,125
1006,125
1007,125
1008,125
1009,125
1010,125
1011,125
1012,125
1013,125
1014,125
1015,125
1016,126
1017,127
1018,128
1019,128
1020,128
1021,128
1022,128
1023,129
1024,129
1025,129
1026,129
1027,129
1028,129
1029,129
1030,129
1031,129
1032,129
1033,129
1034,129
1035,129
1036,129
1037,129
1038,129
1039,129
1040,129
1041,129
1042,129
1043,129
1044,129
1045,129
1046,129
1047,129
1048,129
1049,129
1050,129
1051,129
1052,129
1053,129
1054,129
1055,129
1056,129
1057,129
1058,129
1059,129
1060,129
1061,129
1062,129
1063,129
1064,129
1065,129
1066,129
1067,129
1068,129
1069,129
1070,129
1071,129
1072,129
1073,129
1074,129
1075,129
1076,129
1077,129
1078,129
1079,129
1080,129
1081,129
1082,129
1083,129
1084,129
1085,129
1086,129
1087,129
1088,129
1089,129
1090,129
1091,129
1092,129
1093,129
1094,129
1095,129
1096,129
1097,129
1098,129
1099,129
1100,129
1101,129
1102,129
1103,129
1104,129
1105,129
1106,129
1107,129
1108,129
1109,129
1110,129
1111,129
1112,129
1113,129
1114,129
1115,129
1116,129
1117,129
1118,129
1119,129
1120,129
1121,129
1122,129
1123,129
1124,129
1125,129
1126,129
1127,129
1128,129
1129,130
1130,130
1131,130
1132,130
1133,130
1134,130
1135,130
1136,130
1137,130
1138,130
1139,130
1140,130
1141,130
1142,130
1143,130
1144,130
1145,130
1146,130
1147,130
1148,130
1149,130
1150,130
1151,130
1152,130
1153,130
1154,130
1155,130
1156,130
1157,130
1158,130
1159,130
1160,130
1161,131
1162,131
1163,131
1164,132
1165,132
1166,132
1167,132
1168,132
1169,132
1170,132
1171,132
1172,132
1173,132
1174,132
1175,132
1176,132
1177,132
1178,132
1179,132
1180,132
1181,132
1182,132
1183,132
1184,132
1185,132
1186,132
1187,132
1188,132
1189,132
1190,132
1191,132
1192,132
1193,132
1194,132
1195,132
1196,132
1197,132
1198,132
1199,132
1200,132
1201,132
1202,132
1203,132
1204,132
1205,132
1206,132
1207,132
1208,132
1209,132
1210,132
1211,132
1212,132
1213,132
1214,132
1215,132
1216,132
1217,132
1218,132
1219,132
1220,132
1221,132
1222,132
1223,132
1224,132
1225,132
1226,132
1227,132
1228,132
1229,132
1230,132
1231,132
1232,132
1233,132
1234,132
1235,132
1236,132
1237,132
1238,132
1239,132
1240,132
1241,132
1242,132
1243,132
1244,132
1245,132
1246,132
1247,132
1248,132
1249,132
1250,132
1251,132
1252,132
1253,132
1254,132
1255,132
1256,132
1257,132
1258,132
1259,132
1260,132
1261,132
1262,132
1263,132
1264,132
1265,132
1266,132
1267,132
1268,132
1269,132
1270,132
1271,132
1272,132
1273,132
1274,132
1275,132
1276,132
1277,132
1278,132
1279,132
1280,132
1281,132
1282,132
1283,132
1284,132
1285,132
1286,132
1287,132
1288,132
1289,132
1290,132
1291,132
1292,132
1293,132
1294,132
1295,132
1296,132
1297,132
1298,132
1299,132
1300,132
1301,132
1302,132
1303,132
1304,132
1305,132
1306,132
1307,132
1308,132
1309,132
1310,132
1311,132
1312,132
1313,132
1314,132
1315,132
1316,132
1317,132
1318,132
1319,132
1320,132
1321,132
1322,132
1323,132
1324,132
1325,132
1326,132
1327,132
1328,132
1329,132
1330,132
1331,132
1332,132
1333,132
1334,132
1335,132
1336,132
1337,132
1338,132
1339,132
1340,132
1341,132
1342,132
1343,132
1344,132
1345,132
1346,132
1347,132
1348,132
1349,132
1350,132
1351,132
1352,132
1353,132
1354,132
1355,132
1356,132
1357,132
1358,132
1359,132
1360,132
1361,132
1362,132
1363,132
1364,132
1365,132
1366,132
1367,132
1368,132
1369,132
1370,132
1371,132
1372,132
1373,132
1374,132
1375,132
1376,132
1377,132
1378,132
1379,132
1380,132
1381,132
1382,132
1383,132
1384,132
1385,132
1386,132
1387,132
1388,132
1389,132
1390,132
1391,132
1392,132
1393,132
1394,132
1395,132
1396,132
1397,132
1398,132
1399,132
1400,132
1401,132
1402,132
1403,132
1404,132
1405,132
1406,132
1407,132
1408,132
1409,132
1410,132
1411,132
1412,132
1413,132
1414,132
1415,132
1416,132
1417,132
1418,132
1419,132
1420,132
1421,132
1422,132
1423,132
1424,132
1425,132
1426,132
1427,132
1428,132
1429,132
1430,132
1431,132
1432,132
1433,132
1434,132
1435,132
1436,132
1437,132
1438,132
1439,132
1440,132
1441,132
1442,132
1443,132
1444,132
1445,132
1446,132
1447,132
1448,132
1449,132
1450,132
1451,132
1452,132
1453,132
1454,132
1455,132
1456,132
1457,132
1458,132
1459,132
1460,132
1461,132
1462,132
1463,133
1464,133
1465,133
1466,133
1467,133
1468,133
1469,133
1470,133
1471,133
1472,133
1473,133
1474,133
1475,133
1476,133
1477,133
1478,133
1479,133
1480,133
1481,133
1482,133
1483,133
1484,133
1485,133
1486,133
1487,133
1488,133
1489,133
1490,133
1491,133
1492,133
1493,133
1494,133
1495,133
1496,133
1497,133
1498,133
1499,133
1500,133
1501,133
1502,133
1503,133
1504,133
1505,133
1506,133
1507,133
1508,133
1509,133
1510,133
1511,133
1512,133
1513,133
1514,133
1515,133
1516,133
1517,133
1518,133
1519,133
1520,133
1521,133
1522,133
1523,133
1524,133
1525,133
1526,133
1527,133
1528,133
1529,133
1530,133
1531,133
1532,133
1533,133
1534,133
1535,133
1536,133
1537,133
1538,133
1539,133
1540,133
1541,133
1542,133
1543,133
1544,133
1545,134
1546,134
1547,134
1548,134
1549,134
1550,134
1551,134
1552,134
1553,134
1554,134
1555,134
1556,134
1557,134
1558,134
1559,134
1560,135
1561,135
1562,135
1563,135
1564,135
1565,135
1566,135
1567,135
1568,135
1569,135
1570,135
1571,135
1572,135
1573,135
1574,135
1575,135
1576,135
1577,135
1578,135
1579,135
1580,135
1581,135
1582,135
1583,135
1584,135
1585,135
1586,135
1587,135
1588,135
1589,135
1590,135
1591,135
1592,135
1593,135
1594,135
1595,135
1596,135
1597,135
1598,135
1599,135
1600,135
1601,135
1602,135
1603,135
1604,135
1605,135
1606,135
1607,135
1608,135
1609,135
1610,135
1611,135
1612,135
1613,135
1614,135
1615,135
1616,135
1617,135
1618,135
1619,135
1620,135
1621,135
1622,135
1623,135
1624,135
1625,135
1626,135
1627,135
1628,135
1629,135
1630,135
1631,135
1632,135
1633,135
1634,135
1635,135
1636,135
1637,135
1638,135
1639,135
1640,135
1641,135
1642,135
1643,135
1644,135
1645,135
1646,135
1647,135
1648,135
1649,135
1650,135
1651,135
1652,135
1653,135
1654,135
1655,135
1656,135
1657,135
1658,135
1659,135
1660,135
1661,135
1662,135
1663,135
1664,135
1665,135
1666,135
1667,135
1668,135
1669,135
1670,135
1671,135
1672,135
1673,135
1674,135
1675,135
1676,135
1677,135
1678,135
1679,135
1680,135
1681,135
1682,135
1683,135
1684,135
1685,135
1686,135
1687,135
1688,135
1689,135
1690,135
1691,135
1692,135
1693,135
1694,135
1695,135
1696,135
1697,135
1698,135
1699,135
1700,135
1701,135
1702,135
1703,135
1704,135
1705,135
1706,135
1707,135
1708,135
1709,135
1710,135
1711,135
1712,135
1713,135
1714,135
1715,135
1716,135
1717,135
1718,135
1719,135
1720,135
1721,135
1722,135
1723,135
1724,135
1725,135
1726,135
1727,135
1728,135
1729,135
1730,135
1731,135
1732,135
1733,135
1734,135
1735,135
1736,135
1737,135
1738,135
1739,135
1740,135
1741,135
1742,135
1743,135
1744,135
1745,135
1746,135
1747,135
1748,135
1749,135
1750,135
1751,135
1752,135
1753,135
1754,135
1755,135
1756,135
1757,135
1758,135
1759,135
1760,135
1761,135
1762,135
1763,135
1764,135
1765,135
1766,135
1767,135
1768,135
1769,135
1770,135
1771,135
1772,135
1773,135
1774,135
1775,135
1776,135
1777,135
1778,135
1779,135
1780,135
1781,135
1782,135
1783,135
1784,135
1785,135
1786,135
1787,135
1788,135
1789,135
1790,135
1791,135
1792,135
1793,135
1794,135
1795,135
1796,135
1797,135
1798,135
1799,135
1800,135
1801,135
1802,135
1803,135
1804,135
1805,135
1806,135
1807,135
1808,135
1809,135
1810,135
1811,135
1812,135
1813,135
1814,135
1815,135
1816,135
1817,135
1818,135
1819,135
1820,135
1821,135
1822,135
1823,135
1824,135
1825,135
1826,135
1827,135
1828,135
1829,135
1830,135
1831,135
1832,135
1833,135
1834,135
1835,135
1836,135
1837,135
1838,135
1839,135
1840,135
1841,135
1842,135
1843,135
1844,135
1845,135
1846,135
1847,135
1848,135
1849,135
1850,135
1851,135
1852,135
1853,135
1854,135
1855,135
1856,135
1857,135
1858,135
1859,135
1860,135
1861,135
1862,135
1863,135
1864,135
1865,135
1866,135
1867,135
1868,135
1869,135
1870,135
1871,135
1872,135
1873,135
1874,135
1875,135
1876,135
1877,135
1878,135
1879,135
1880,135
1881,135
1882,135
1883,135
1884,135
1885,135
1886,135
1887,135
1888,135
1889,135
1890,135
1891,135
1892,135
1893,136
1894,136
1895,136
1896,136
1897,136
1898,136
1899,136
1900,136
1901,136
1902,136
1903,136
1904,136
1905,136
1906,136
1907,136
1908,136
1909,136
1910,136
1911,136
1912,136
1913,136
1914,136
1915,136
1916,136
1917,136
1918,136
1919,136
1920,136
1921,136
1922,136
1923,136
1924,136
1925,136
1926,136
1927,136
1928,136
1929,136
1930,136
1931,136
1932,136
1933,136
1934,136
1935,136
1936,136
1937,136
1938,136
1939,136
1940,136
1941,136
1942,136
1943,136
1944,136
1945,136
1946,136
1947,136
1948,136
1949,136
1950,136
1951,136
1952,136
1953,136
1954,136
1955,136
1956,136
1957,136
1958,136
1959,136
1960,136
1961,136
1962,136
1963,136
1964,136
1965,136
1966,136
1967,136
1968,136
1969,136
1970,136
1971,136
1972,136
1973,136
1974,136
1975,136
1976,136
1977,136
1978,136
1979,136
1980,136
1981,136
1982,136
1983,136
1984,136
1985,136
1986,136
1987,136
1988,136
1989,136
1990,136
1991,136
1992,136
1993,136
1994,136
1995,136
1996,136
1997,136
1998,136
1999,136
2000,136
2001,136
2002,136
2003,136
2004,136
2005,136
2006,136
2007,136
2008,136
2009,136
2010,136
2011,136
2012,136
2013,136
2014,136
2015,136
2016,136
2017,136
2018,136
2019,136
2020,136
2021,136
2022,136
2023,136
2024,136
2025,136
2026,136
2027,136
2028,136
2029,136
2030,136
2031,136
2032,136
2033,136
2034,136
2035,136
2036,136
2037,136
2038,136
2039,136
2040,136
2041,136
2042,136
2043,136
2044,136
2045,136
2046,136
2047,136
2048,136
2049,136
2050,136
2051,136
2052,136
2053,136
2054,136
2055,136
2056,136
2057,136
2058,136
2059,136
2060,136
2061,136
2062,136
2063,136
2064,136
2065,136
2066,136
2067,136
2068,136
2069,136
2070,136
2071,136
2072,136
2073,136
2074,136
2075,136
2076,136
2077,136
2078,136
2079,136
2080,136
2081,136
2082,136
2083,136
2084,136
2085,136
2086,136
2087,136
2088,136
2089,136
2090,136
2091,136
2092,136
2093,136
2094,136
2095,136
2096,136
2097,136
2098,136
2099,136
2100,136
2101,136
2102,136
2103,136
2104,136
2105,136
2106,136
2107,136
2108,136
2109,136
2110,136
2111,136
2112,136
2113,136
2114,136
2115,136
2116,136
2117,136
2118,136
2119,136
2120,136
2121,136
2122,136
2123,136
2124,136
2125,136
2126,136
2127,136
2128,136
2129,136
2130,136
2131,136
2132,136
2133,136
2134,136
2135,136
2136,136
2137,136
2138,136
2139,136
2140,136
2141,136
2142,136
2143,136
2144,136
2145,136
2146,136
2147,136
2148,136
2149,136
2150,136
2151,136
2152,136
2153,136
2154,136
2155,136
2156,136
2157,136
2158,136
2159,136
2160,136
2161,136
2162,136
2163,136
2164,136
2165,136
2166,136
2167,136
2168,136
2169,136
2170,136
2171,136
2172,136
2173,136
2174,136
2175,136
2176,136
2177,136
2178,136
2179,136
2180,136
2181,136
2182,136
2183,136
2184,136
2185,136
2186,136
2187,136
2188,136
2189,136
2190,136
2191,136
2192,136
2193,136
2194,136
2195,136
2196,136
2197,136
2198,136
2199,136
2200,136
2201,136
2202,136
2203,136
2204,136
2205,136
2206,136
2207,136
2208,136
2209,136
2210,136
2211,136
2212,136
2213,136
2214,136
2215,136
2216,136
2217,136
2218,136
2219,136
2220,136
2221,136
2222,136
2223,136
2224,136
2225,136
2226,136
2227,136
2228,136
2229,136
2230,136
2231,136
2232,136
2233,136
2234,136
2235,136
2236,136
2237,136
2238,136
2239,136
2240,136
2241,136
2242,136
2243,136
2244,136
2245,136
2246,136
2247,136
2248,136
2249,136
2250,136
2251,136
2252,136
2253,136
2254,136
2255,136
2256,136
2257,136
2258,136
2259,136
2260,136
2261,136
2262,136
2263,136
2264,136
2265,136
2266,136
2267,136
2268,136
2269,136
2270,136
2271,136
2272,136
2273,136
2274,136
2275,136
2276,136
2277,136
2278,136
2279,136
2280,136
2281,136
2282,136
2283,136
2284,136
2285,136
2286,136
2287,136
2288,136
2289,136
2290,136
2291,136
2292,136
2293,136
2294,136
2295,136
2296,136
2297,136
2298,136
2299,136
2300,136
2301,136
2302,136
2303,136
2304,136
2305,136
2306,136
2307,136
2308,136
2309,136
2310,136
2311,136
2312,136
2313,136
2314,136
2315,136
2316,136
2317,136
2318,136
2319,136
2320,136
2321,136
2322,136
2323,136
2324,136
2325,136
2326,136
2327,136
2328,136
2329,136
2330,136
2331,136
2332,136
2333,136
2334,136
2335,136
2336,136
2337,136
2338,136
2339,136
2340,136
2341,136
2342,136
2343,136
2344,136
2345,136
2346,136
2347,136
2348,136
2349,136
2350,136
2351,136
2352,136
2353,136
2354,136
2355,136
2356,136
2357,136
2358,136
2359,136
2360,136
2361,136
2362,136
2363,136
2364,136
2365,136
2366,136
2367,136
2368,136
2369,136
2370,136
2371,136
2372,136
2373,136
2374,136
2375,136
2376,136
2377,136
2378,136
2379,136
2380,136
2381,136
2382,136
2383,136
2384,136
2385,136
2386,136
2387,136
2388,136
2389,136
2390,136
2391,136
2392,136
2393,136
2394,136
2395,136
2396,136
2397,136
2398,136
2399,136
2400,136
2401,136
2402,136
2403,136
2404,136
2405,136
2406,136
2407,136
2408,136
2409,136
2410,136
2411,136
2412,136
2413,136
2414,136
2415,136
2416,136
2417,136
2418,136
2419,136
2420,136
2421,136
2422,136
2423,136
2424,136
2425,136
2426,136
2427,136
2428,136
2429,136
2430,136
2431,136
2432,136
2433,136
2434,136
2435,136
2436,136
2437,136
2438,136
2439,136
2440,136
2441,136
2442,136
2443,136
2444,136
2445,136
2446,136
2447,136
2448,136
2449,136
2450,136
2451,136
2452,136
2453,136
2454,136
2455,136
2456,136
2457,136
2458,136
2459,136
2460,136
2461,136
2462,136
2463,136
2464,136
2465,136
2466,136
2467,136
2468,136
2469,136
2470,136
2471,136
2472,136
2473,136
2474,136
2475,136
2476,136
2477,136
2478,136
2479,136
2480,136
2481,136
2482,136
2483,136
2484,136
2485,136
2486,136
2487,136
2488,136
2489,136
2490,136
2491,136
2492,136
2493,136
2494,136
2495,136
2496,136
2497,136
2498,136
2499,136
2500,136
2501,136
2502,136
2503,136
2504,136
2505,136
2506,136
2507,136
2508,136
2509,136
2510,136
2511,136
2512,136
2513,136
2514,136
2515,136
2516,136
2517,136
2518,136
2519,136
2520,136
2521,136
2522,136
2523,136
2524,136
2525,136
2526,136
2527,136
2528,136
2529,136
2530,136
2531,136
2532,136
2533,136
2534,136
2535,136
2536,136
2537,136
2538,136
2539,136
2540,136
2541,136
2542,136
2543,136
2544,136
2545,136
2546,136
2547,136
2548,136
2549,136
2550,136
2551,136
2552,136
2553,136
2554,136
2555,136
2556,136
2557,136
2558,136
2559,136
2560,136
2561,136
2562,136
2563,136
2564,136
2565,136
2566,136
2567,136
2568,136
2569,136
2570,136
2571,136
2572,136
2573,136
2574,136
2575,136
2576,136
2577,136
2578,136
2579,136
2580,136
2581,136
2582,136
2583,136
2584,136
2585,136
2586,136
2587,136
2588,136
2589,136
2590,136
2591,136
2592,136
2593,136
2594,136
2595,136
2596,136
2597,136
2598,136
2599,136
2600,136
2601,136
2602,136
2603,136
2604,136
2605,136
2606,136
2607,136
2608,136
2609,136
2610,136
2611,136
2612,136
2613,136
2614,136
2615,136
2616,136
2617,136
2618,136
2619,136
2620,136
2621,136
2622,136
2623,136
2624,136
2625,136
2626,136
2627,136
2628,136
2629,136
2630,136
2631,136
2632,136
2633,136
2634,136
2635,137
2636,137
2637,138
2638,138
2639,138
2640,138
2641,138
2642,138
2643,138
2644,138
2645,138
2646,139
2647,140
2648,141
2649,141
2650,141
2651,141
2652,141
2653,141
2654,141
2655,141
2656,141
2657,141
2658,141
2659,141
2660,141
2661,141
2662,141
2663,141
2664,141
2665,141
2666,141
2667,141
2668,141
2669,141
2670,141
2671,141
2672,141
2673,141
2674,141
2675,141
2676,141
2677,141
2678,141
2679,141
2680,141
2681,141
2682,141
2683,141
2684,141
2685,141
2686,141
2687,141
2688,141
2689,141
2690,141
2691,141
2692,141
2693,141
2694,141
2695,141
2696,141
2697,141
2698,141
2699,141
2700,141
2701,141
2702,141
2703,141
2704,141
2705,141
2706,141
2707,141
2708,141
2709,141
2710,141
2711,141
2712,141
2713,141
2714,141
2715,141
2716,141
2717,141
2718,141
2719,141
2720,141
2721,141
2722,141
2723,141
2724,141
2725,141
2726,141
2727,141
2728,141
2729,141
2730,141
2731,141
2732,141
2733,141
2734,141
2735,141
2736,141
2737,141
2738,141
2739,141
2740,141
2741,141
2742,141
2743,141
2744,141
2745,141
2746,141
2747,141
2748,141
2749,141
2750,141
2751,141
2752,141
2753,141
2754,141
2755,141
2756,141
2757,141
2758,141
2759,141
2760,141
2761,141
2762,141
2763,141
2764,141
2765,141
2766,141
2767,141
2768,141
2769,141
2770,141
2771,141
2772,141
2773,141
2774,141
2775,141
2776,141
2777,141
2778,141
2779,141
2780,141
2781,141
2782,141
2783,141
2784,141
2785,141
2786,141
2787,141
2788,141
2789,141
2790,141
2791,141
2792,141
2793,141
2794,141
2795,141
2796,141
2797,141
2798,141
2799,141
2800,141
2801,141
2802,141
2803,141
2804,141
2805,141
2806,141
2807,141
2808,141
2809,141
2810,141
2811,141
2812,141
2813,141
2814,141
2815,141
2816,141
2817,141
2818,141
2819,141
2820,141
2821,141
2822,141
2823,141
2824,141
2825,141
2826,141
2827,141
2828,141
2829,141
2830,141
2831,141
2832,141
2833,141
2834,141
2835,141
2836,141
2837,141
2838,141
2839,141
2840,141
2841,141
2842,141
2843,141
2844,141
2845,141
2846,141
2847,141
2848,141
2849,141
2850,141
2851,141
2852,141
2853,141
2854,141
2855,141
2856,141
2857,141
2858,141
2859,141
2860,141
2861,141
2862,141
2863,141
2864,141
2865,141
2866,141
2867,141
2868,141
2869,141
2870,141
2871,141
2872,141
2873,141
2874,141
2875,141
2876,141
2877,141
2878,141
2879,141
2880,141
2881,141
2882,141
2883,141
2884,141
2885,141
2886,141
2887,141
2888,141
2889,141
2890,141
2891,141
2892,141
2893,141
2894,141
2895,141
2896,141
2897,141
2898,141
2899,141
2900,141
2901,141
2902,141
2903,141
2904,141
2905,141
2906,141
2907,141
2908,142
2909,143
2910,143
2911,143
2912,143
2913,143
2914,143
2915,143
2916,143
2917,143
2918,143
2919,143
2920,143
2921,143
2922,143
2923,143
2924,143
2925,143
2926,143
2927,143
2928,143
2929,143
2930,143
2931,143
2932,143
2933,143
2934,143
2935,143
2936,143
2937,143
2938,143
2939,143
2940,143
2941,143
2942,143
2943,143
2944,143
2945,143
2946,143
2947,143
2948,143
2949,143
2950,143
2951,143
2952,143
2953,143
2954,143
2955,143
2956,143
2957,143
2958,143
2959,143
2960,143
2961,143
2962,143
2963,143
2964,143
2965,143
2966,143
2967,143
2968,143
2969,143
2970,143
2971,143
2972,143
2973,143
2974,143
2975,143
2976,143
2977,143
2978,143
2979,143
2980,143
2981,143
2982,143
2983,143
2984,143
2985,143
2986,143
2987,143
2988,143
2989,143
2990,143
2991,143
2992,143
2993,143
2994,143
2995,143
2996,143
2997,143
2998,143
2999,143
3000,143
3001,143
3002,143
3003,143
3004,143
3005,143
3006,143
3007,143
3008,143
3009,143
3010,143
3011,143
3012,143
3013,143
3014,143
3015,143
3016,143
3017,143
3018,143
3019,143
3020,143
3021,143
3022,143
3023,143
3024,143
3025,143
3026,143
3027,143
3028,143
3029,143
3030,143
3031,143
3032,143
3033,143
3034,143
3035,143
3036,143
3037,143
3038,143
3039,143
3040,143
3041,143
3042,143
3043,143
3044,143
3045,143
3046,143
3047,143
3048,143
3049,143
3050,143
3051,143
3052,143
3053,143
3054,143
3055,143
3056,143
3057,143
3058,143
3059,143
3060,143
3061,143
3062,143
3063,143
3064,143
3065,143
3066,143
3067,143
3068,143
3069,143
3070,143
3071,143
3072,143
3073,143
3074,143
3075,143
3076,143
3077,143
3078,143
3079,143
3080,143
3081,143
3082,143
3083,143
3084,143
3085,143
3086,143
3087,143
3088,143
3089,143
3090,143
3091,143
3092,143
3093,143
3094,143
3095,143
3096,143
3097,143
3098,143
3099,143
3100,143
3101,143
3102,143
3103,143
3104,143
3105,143
3106,143
3107,143
3108,143
3109,143
3110,143
3111,143
3112,143
3113,143
3114,143
3115,143
3116,143
3117,143
3118,143
3119,143
3120,143
3121,143
3122,143
3123,143
3124,143
3125,143
3126,143
3127,143
3128,143
3129,143
3130,143
3131,143
3132,143
3133,143
3134,143
3135,143
3136,143
3137,143
3138,143
3139,143
3140,143
3141,143
3142,143
3143,143
3144,143
3145,143
3146,143
3147,143
3148,143
3149,143
3150,143
3151,143
3152,143
3153,143
3154,143
3155,143
3156,143
3157,143
3158,143
3159,143
3160,143
3161,143
3162,143
3163,143
3164,143
3165,143
3166,143
3167,143
3168,143
3169,143
3170,143
3171,143
3172,143
3173,143
3174,143
3175,143
3176,143
3177,143
3178,143
3179,143
3180,143
3181,143
3182,143
3183,143
3184,143
3185,143
3186,143
3187,143
3188,143
3189,143
3190,143
3191,143
3192,143
3193,143
3194,143
3195,143
3196,143
3197,143
3198,143
3199,143
3200,143
3201,143
3202,143
3203,143
3204,143
3205,143
3206,143
3207,143
3208,143
3209,143
3210,143
3211,143
3212,143
3213,143
3214,143
3215,143
3216,143
3217,143
3218,143
3219,143
3220,143
3221,143
3222,143
3223,143
3224,143
3225,143
3226,143
3227,143
3228,143
3229,143
3230,143
3231,143
3232,143
3233,143
3234,143
3235,143
3236,143
3237,143
3238,143
3239,143
3240,143
3241,143
3242,143
3243,143
3244,143
3245,143
3246,143
3247,143
3248,143
3249,143
3250,143
3251,143
3252,143
3253,143
3254,143
3255,143
3256,143
3257,143
3258,143
3259,143
3260,143
3261,143
3262,143
3263,143
3264,143
3265,143
3266,143
3267,143
3268,143
3269,143
3270,143
3271,143
3272,143
3273,143
3274,143
3275,143
3276,143
3277,143
3278,143
3279,143
3280,143
3281,143
3282,143
3283,143
3284,143
3285,143
3286,143
3287,143
3288,143
3289,143
3290,143
3291,143
3292,143
3293,143
3294,143
3295,143
3296,143
3297,143
3298,143
3299,143
3300,143
3301,143
3302,143
3303,143
3304,143
3305,143
3306,143
3307,143
3308,143
3309,143
3310,143
3311,143
3312,143
3313,143
3314,143
3315,143
3316,143
3317,143
3318,143
3319,143
3320,143
3321,143
3322,143
3323,143
3324,143
3325,143
3326,143
3327,143
3328,143
3329,143
3330,143
3331,143
3332,143
3333,143
3334,143
3335,143
3336,143
3337,143
3338,143
3339,143
3340,143
3341,143
3342,143
3343,143
3344,143
3345,143
3346,143
3347,143
3348,143
3349,143
3350,143
3351,143
3352,143
3353,143
3354,143
3355,143
3356,143
3357,143
3358,143
3359,143
3360,143
3361,143
3362,143
3363,143
3364,143
3365,143
3366,143
3367,143
3368,143
3369,143
3370,143
3371,143
3372,143
3373,143
3374,143
3375,143
3376,143
3377,143
3378,143
3379,143
3380,143
3381,143
3382,143
3383,143
3384,143
3385,143
3386,143
3387,143
3388,143
3389,143
3390,143
3391,143
3392,143
3393,143
3394,143
3395,143
3396,143
3397,143
3398,143
3399,143
3400,143
3401,143
3402,143
3403,143
3404,143
3405,143
3406,143
3407,143
3408,143
3409,143
3410,143
3411,143
3412,143
3413,143
3414,143
3415,143
3416,143
3417,143
3418,143
3419,143
3420,143
3421,143
3422,143
3423,143
3424,143
3425,143
3426,143
3427,143
3428,143
3429,143
3430,143
3431,143
3432,143
3433,143
3434,143
3435,143
3436,143
3437,143
3438,143
3439,143
3440,143
3441,143
3442,143
3443,143
3444,143
3445,143
3446,143
3447,143
3448,143
3449,143
3450,143
3451,143
3452,143
3453,143
3454,143
3455,143
3456,143
3457,143
3458,143
3459,143
3460,143
3461,143
3462,143
3463,143
3464,143
3465,143
3466,143
3467,143
3468,143
3469,143
3470,143
3471,143
3472,143
3473,143
3474,143
3475,143
3476,143
3477,143
3478,143
3479,143
3480,143
3481,143
3482,143
3483,143
3484,143
3485,143
3486,143
3487,143
3488,143
3489,143
3490,143
3491,143
3492,143
3493,143
3494,143
3495,143
3496,143
3497,143
3498,143
3499,143
3500,143
3501,143
3502,143
3503,143
3504,143
3505,143
3506,143
3507,143
3508,143
3509,143
3510,143
3511,143
3512,143
3513,143
3514,143
3515,143
3516,143
3517,143
3518,143
3519,143
3520,143
3521,143
3522,143
3523,143
3524,143
3525,143
3526,143
3527,143
3528,143
3529,143
3530,143
3531,143
3532,143
3533,143
3534,143
3535,143
3536,143
3537,143
3538,143
3539,143
3540,143
3541,143
3542,143
3543,143
3544,143
3545,143
3546,143
3547,143
3548,143
3549,143
3550,143
3551,143
3552,143
3553,143
3554,143
3555,143
3556,143
3557,143
3558,143
3559,143
3560,143
3561,143
3562,143
3563,143
3564,143
3565,143
3566,143
3567,143
3568,143
3569,143
3570,143
3571,143
3572,143
3573,143
3574,143
3575,143
3576,143
3577,143
3578,143
3579,143
3580,143
3581,143
3582,143
3583,143
3584,143
3585,143
3586,143
3587,143
3588,143
3589,143
3590,143
3591,143
3592,143
3593,143
3594,143
3595,143
3596,143
3597,143
3598,143
3599,143
3600,143
3601,143
3602,143
3603,143
3604,143
3605,143
3606,143
3607,143
3608,143
3609,143
3610,143
3611,143
3612,143
3613,143
3614,143
3615,143
3616,143
3617,143
3618,143
3619,143
3620,143
3621,143
3622,143
3623,143
3624,143
3625,143
3626,143
3627,143
3628,143
3629,143
3630,143
3631,143
3632,143
3633,143
3634,143
3635,143
3636,143
3637,143
3638,143
3639,143
3640,143
3641,143
3642,143
3643,143
3644,143
3645,143
3646,143
3647,143
3648,143
3649,143
3650,143
3651,143
3652,143
3653,143
3654,143
3655,143
3656,143
3657,143
3658,143
3659,143
3660,143
3661,143
3662,143
3663,143
3664,143
3665,143
3666,143
3667,143
3668,143
3669,143
3670,143
3671,143
3672,143
3673,143
3674,143
3675,143
3676,143
3677,143
3678,143
3679,143
3680,143
3681,143
3682,143
3683,143
3684,143
3685,143
3686,143
3687,143
3688,143
3689,143
3690,143
3691,143
3692,143
3693,143
3694,143
3695,143
3696,143
3697,143
3698,143
3699,143
3700,143
3701,143
3702,143
3703,143
3704,143
3705,143
3706,143
3707,143
3708,143
3709,143
3710,143
3711,143
3712,143
3713,143
3714,143
3715,143
3716,143
3717,143
3718,143
3719,143
3720,143
3721,143
3722,143
3723,143
3724,143
3725,143
3726,143
3727,143
3728,143
3729,143
3730,143
3731,143
3732,143
3733,143
3734,143
3735,143
3736,143
3737,143
3738,143
3739,143
3740,143
3741,143
3742,143
3743,143
3744,143
3745,143
3746,143
3747,143
3748,143
3749,143
3750,143
3751,143
3752,143
3753,143
3754,143
3755,143
3756,143
3757,143
3758,143
3759,143
3760,143
3761,143
3762,143
3763,143
3764,143
3765,143
3766,143
3767,143
3768,143
3769,143
3770,143
3771,143
3772,143
3773,143
3774,143
3775,143
3776,143
3777,143
3778,143
3779,143
3780,143
3781,143
3782,143
3783,143
3784,143
3785,143
3786,143
3787,143
3788,143
3789,143
3790,143
3791,143
3792,143
3793,143
3794,143
3795,143
3796,143
3797,143
3798,143
3799,143
3800,143
3801,143
3802,143
3803,143
3804,143
3805,143
3806,143
3807,143
3808,143
3809,143
3810,143
3811,143
3812,143
3813,143
3814,143
3815,143
3816,143
3817,143
3818,143
3819,143
3820,143
3821,143
3822,143
3823,143
3824,143
3825,143
3826,143
3827,143
3828,143
3829,143
3830,143
3831,143
3832,143
3833,143
3834,143
3835,143
3836,143
3837,143
3838,143
3839,143
3840,143
3841,143
3842,143
3843,143
3844,143
3845,143
3846,143
3847,143
3848,143
3849,143
3850,143
3851,143
3852,143
3853,143
3854,143
3855,143
3856,143
3857,143
3858,143
3859,143
3860,143
3861,143
3862,143
3863,143
3864,143
3865,143
3866,143
3867,143
3868,143
3869,143
3870,143
3871,143
3872,143
3873,143
3874,143
3875,143
3876,143
3877,143
3878,143
3879,143
3880,143
3881,143
3882,143
3883,143
3884,143
3885,143
3886,143
3887,143
3888,143
3889,143
3890,143
3891,143
3892,143
3893,143
3894,143
3895,143
3896,143
3897,143
3898,143
3899,143
3900,143
3901,143
3902,143
3903,143
3904,143
3905,143
3906,143
3907,143
3908,143
3909,143
3910,143
3911,143
3912,143
3913,143
3914,143
3915,143
3916,143
3917,143
3918,143
3919,143
3920,143
3921,143
3922,143
3923,143
3924,143
3925,143
3926,143
3927,143
3928,143
3929,143
3930,143
3931,143
3932,143
3933,143
3934,143
3935,143
3936,143
3937,143
3938,143
3939,143
3940,143
3941,143
3942,143
3943,143
3944,143
3945,143
3946,143
3947,143
3948,143
3949,143
3950,143
3951,143
3952,143
3953,143
3954,143
3955,143
3956,143
3957,143
3958,143
3959,143
3960,143
3961,143
3962,143
3963,143
3964,143
3965,143
3966,143
3967,143
3968,143
3969,143
3970,143
3971,143
3972,143
3973,143
3974,143
3975,143
3976,143
3977,143
3978,143
3979,143
3980,143
3981,143
3982,143
3983,143
3984,143
3985,143
3986,143
3987,143
3988,143
3989,143
3990,143
3991,143
3992,143
3993,143
3994,143
3995,143
3996,143
3997,143
3998,143
3999,143
4000,143
4001,143
4002,143
4003,143
4004,143
4005,143
4006,143
4007,143
4008,143
4009,143
4010,143
4011,143
4012,143
4013,143
4014,143
4015,143
4016,143
4017,143
4018,143
4019,143
4020,143
4021,143
4022,143
4023,143
4024,143
4025,143
4026,143
4027,143
4028,143
4029,143
4030,143
4031,143
4032,143
4033,143
4034,143
4035,143
4036,143
4037,143
4038,143
4039,143
4040,143
4041,143
4042,143
4043,143
4044,143
4045,143
4046,143
4047,143
4048,143
4049,143
4050,143
4051,143
4052,143
4053,143
4054,143
4055,143
4056,143
4057,143
4058,143
4059,143
4060,143
4061,143
4062,143
4063,143
4064,143
4065,143
4066,143
4067,143
4068,143
4069,143
4070,143
4071,143
4072,143
4073,143
4074,143
4075,143
4076,143
4077,143
4078,143
4079,143
4080,143
4081,143
4082,143
4083,143
4084,143
4085,143
4086,143
4087,143
4088,143
4089,143
4090,143
4091,143
4092,143
4093,143
4094,143
4095,143
4096,143
4097,143
4098,143
4099,143
4100,143
4101,143
4102,143
4103,143
4104,143
4105,143
4106,143
4107,143
4108,143
4109,143
4110,143
4111,143
4112,143
4113,143
4114,143
4115,143
4116,143
4117,143
4118,143
4119,143
4120,143
4121,143
4122,143
4123,143
4124,143
4125,143
4126,143
4127,143
4128,143
4129,143
4130,143
4131,143
4132,143
4133,143
4134,143
4135,143
4136,143
4137,143
4138,143
4139,143
4140,143
4141,143
4142,143
4143,143
4144,143
4145,143
4146,143
4147,143
4148,143
4149,143
4150,143
4151,143
4152,143
4153,143
4154,143
4155,143
4156,143
4157,143
4158,143
4159,143
4160,143
4161,143
4162,143
4163,143
4164,143
4165,143
4166,143
4167,143
4168,143
4169,143
4170,143
4171,143
4172,143
4173,143
4174,143
4175,143
4176,143
4177,143
4178,143
4179,143
4180,143
4181,143
4182,143
4183,143
4184,143
4185,143
4186,143
4187,143
4188,143
4189,143
4190,143
4191,143
4192,143
4193,143
4194,143
4195,143
4196,143
4197,143
4198,143
4199,143
4200,143
4201,143
4202,143
4203,143
4204,143
4205,143
4206,143
4207,143
4208,143
4209,143
4210,143
4211,143
4212,143
4213,143
4214,143
4215,143
4216,143
4217,143
4218,143
4219,143
4220,143
4221,143
4222,143
4223,143
4224,143
4225,143
4226,143
4227,143
4228,143
4229,143
4230,143
4231,143
4232,143
4233,143
4234,143
4235,143
4236,143
4237,143
4238,143
4239,143
4240,143
4241,143
4242,143
4243,143
4244,143
4245,143
4246,143
4247,143
4248,143
4249,143
4250,143
4251,143
4252,143
4253,143
4254,143
4255,143
4256,143
4257,143
4258,143
4259,143
4260,143
4261,143
4262,143
4263,143
4264,143
4265,143
4266,143
4267,143
4268,143
4269,143
4270,143
4271,143
4272,143
4273,143
4274,143
4275,143
4276,143
4277,143
4278,143
4279,143
4280,143
4281,143
4282,143
4283,143
4284,143
4285,143
4286,143
4287,143
4288,143
4289,143
4290,143
4291,143
4292,143
4293,143
4294,143
4295,143
4296,143
4297,143
4298,143
4299,143
4300,143
4301,143
4302,143
4303,143
4304,143
4305,143
4306,143
4307,143
4308,143
4309,143
4310,143
4311,143
4312,143
4313,143
4314,143
4315,143
4316,143
4317,143
4318,143
4319,143
4320,143
4321,143
4322,143
4323,143
4324,143
4325,143
4326,143
4327,143
4328,143
4329,143
4330,143
4331,143
4332,143
4333,143
4334,143
4335,143
4336,143
4337,143
4338,143
4339,143
4340,143
4341,143
4342,143
4343,143
4344,143
4345,143
4346,143
4347,143
4348,143
4349,143
4350,143
4351,143
4352,143
4353,143
4354,143
4355,143
4356,143
4357,143
4358,143
4359,143
4360,143
4361,143
4362,143
4363,143
4364,143
4365,143
4366,143
4367,143
4368,143
4369,143
4370,143
4371,143
4372,143
4373,143
4374,143
4375,143
4376,143
4377,143
4378,143
4379,143
4380,143
4381,143
4382,143
4383,143
4384,143
4385,143
4386,143
4387,143
4388,143
4389,143
4390,143
4391,143
4392,143
4393,143
4394,143
4395,143
4396,143
4397,143
4398,143
4399,143
4400,143
4401,143
4402,143
4403,143
4404,143
4405,143
4406,143
4407,143
4408,143
4409,143
4410,143
4411,143
4412,143
4413,143
4414,143
4415,143
4416,143
4417,143
4418,143
4419,143
4420,143
4421,143
4422,143
4423,143
4424,143
4425,143
4426,143
4427,143
4428,143
4429,143
4430,143
4431,143
4432,143
4433,143
4434,143
4435,143
4436,143
4437,143
4438,143
4439,143
4440,143
4441,143
4442,143
4443,143
4444,143
4445,143
4446,143
4447,143
4448,143
4449,143
4450,143
4451,143
4452,143
4453,143
4454,143
4455,143
4456,143
4457,143
4458,143
4459,143
4460,143
4461,143
4462,143
4463,143
4464,143
4465,143
4466,143
4467,143
4468,143
4469,143
4470,143
4471,143
4472,143
4473,143
4474,143
4475,143
4476,143
4477,143
4478,143
4479,143
4480,143
4481,143
4482,143
4483,143
4484,143
4485,143
4486,143
4487,143
4488,143
4489,143
4490,143
4491,143
4492,143
4493,143
4494,143
4495,143
4496,143
4497,143
4498,143
4499,143
4500,143
4501,143
4502,143
4503,143
4504,143
4505,143
4506,143
4507,143
4508,143
4509,143
4510,143
4511,143
4512,143
4513,143
4514,143
4515,143
4516,143
4517,143
4518,143
4519,143
4520,143
4521,143
4522,143
4523,143
4524,143
4525,143
4526,143
4527,143
4528,143
4529,143
4530,143
4531,143
4532,143
4533,143
4534,143
4535,143
4536,143
4537,143
4538,143
4539,143
4540,143
4541,143
4542,143
4543,143
4544,143
4545,143
4546,143
4547,143
4548,143
4549,143
4550,143
4551,143
4552,143
4553,143
4554,143
4555,143
4556,143
4557,143
4558,143
4559,143
4560,143
4561,143
4562,143
4563,143
4564,143
4565,143
4566,143
4567,143
4568,143
4569,143
4570,143
4571,143
4572,143
4573,143
4574,143
4575,143
4576,143
4577,143
4578,143
4579,143
4580,143
4581,143
4582,143
4583,143
4584,143
4585,143
4586,143
4587,143
4588,143
4589,143
4590,143
4591,143
4592,143
4593,143
4594,143
4595,143
4596,143
4597,143
4598,143
4599,143
4600,143
4601,143
4602,143
4603,143
4604,143
4605,143
4606,143
4607,143
4608,143
4609,143
4610,143
4611,143
4612,143
4613,143
4614,143
4615,143
4616,143
4617,143
4618,143
4619,143
4620,143
4621,143
4622,143
4623,143
4624,143
4625,143
4626,143
4627,143
4628,143
4629,143
4630,143
4631,143
4632,143
4633,143
4634,143
4635,143
4636,143
4637,143
4638,143
4639,143
4640,143
4641,143
4642,143
4643,143
4644,143
4645,143
4646,143
4647,143
4648,143
4649,143
4650,143
4651,143
4652,143
4653,143
4654,143
4655,143
4656,143
4657,143
4658,143
4659,143
4660,143
4661,143
4662,143
4663,143
4664,143
4665,143
4666,143
4667,143
4668,143
4669,143
4670,143
4671,143
4672,143
4673,143
4674,143
4675,143
4676,143
4677,143
4678,143
4679,143
4680,143
4681,143
4682,143
4683,143
4684,143
4685,143
4686,143
4687,143
4688,143
4689,143
4690,143
4691,143
4692,143
4693,143
4694,143
4695,143
4696,143
4697,143
4698,143
4699,143
4700,143
4701,143
4702,143
4703,143
4704,143
4705,143
4706,143
4707,143
4708,143
4709,143
4710,143
4711,143
4712,143
4713,143
4714,143
4715,143
4716,143
4717,143
4718,143
4719,143
4720,143
4721,143
4722,143
4723,143
4724,143
4725,143
4726,143
4727,143
4728,143
4729,143
4730,143
4731,143
4732,143
4733,143
4734,143
4735,143
4736,143
4737,143
4738,143
4739,143
4740,143
4741,143
4742,143
4743,143
4744,143
4745,143
4746,143
4747,143
4748,143
4749,143
4750,143
4751,143
4752,143
4753,143
4754,143
4755,143
4756,143
4757,143
4758,143
4759,143
4760,143
4761,143
4762,143
4763,143
4764,143
4765,143
4766,143
4767,143
4768,143
4769,143
4770,143
4771,143
4772,143
4773,143
4774,143
4775,143
4776,143
4777,143
4778,143
4779,143
4780,143
4781,143
4782,143
4783,143
4784,143
4785,143
4786,143
4787,143
4788,143
4789,143
4790,143
4791,143
4792,143
4793,143
4794,143
4795,143
4796,143
4797,143
4798,143
4799,143
4800,143
4801,143
4802,143
4803,143
4804,143
4805,143
4806,143
4807,143
4808,143
4809,143
4810,143
4811,143
4812,143
4813,143
4814,143
4815,143
4816,143
4817,143
4818,143
4819,143
4820,143
4821,143
4822,143
4823,143
4824,143
4825,143
4826,143
4827,143
4828,143
4829,143
4830,143
4831,143
4832,143
4833,143
4834,143
4835,143
4836,143
4837,143
4838,143
4839,143
4840,143
4841,143
4842,143
4843,143
4844,143
4845,143
4846,143
4847,143
4848,143
4849,143
4850,143
4851,143
4852,143
4853,143
4854,143
4855,143
4856,143
4857,143
4858,143
4859,143
4860,143
4861,143
4862,143
4863,143
4864,143
4865,143
4866,143
4867,143
4868,143
4869,143
4870,143
4871,143
4872,143
4873,143
4874,143
4875,143
4876,143
4877,143
4878,143
4879,143
4880,143
4881,143
4882,143
4883,143
4884,143
4885,143
4886,143
4887,143
4888,143
4889,143
4890,143
4891,143
4892,143
4893,143
4894,143
4895,143
4896,143
4897,143
4898,143
4899,143
4900,143
4901,143
4902,143
4903,143
4904,143
4905,143
4906,143
4907,143
4908,143
4909,143
4910,143
4911,143
4912,143
4913,143
4914,143
4915,143
4916,143
4917,143
4918,143
4919,143
4920,143
4921,143
4922,143
4923,143
4924,143
4925,143
4926,143
4927,143
4928,143
4929,143
4930,143
4931,143
4932,143
4933,143
4934,143
4935,143
4936,143
4937,143
4938,143
4939,143
4940,143
4941,143
4942,143
4943,143
4944,143
4945,143
4946,143
4947,143
4948,143
4949,143
4950,143
4951,143
4952,143
4953,143
4954,143
4955,143
4956,143
4957,143
4958,143
4959,143
4960,143
4961,143
4962,143
4963,143
4964,143
4965,143
4966,143
4967,143
4968,143
4969,143
4970,143
4971,143
4972,143
4973,143
4974,143
4975,143
4976,143
4977,143
4978,143
4979,143
4980,143
4981,143
4982,143
4983,143
4984,143
4985,143
4986,143
4987,143
4988,143
4989,143
4990,143
4991,143
4992,143
4993,143
4994,143
4995,143
4996,143
4997,143
4998,143
4999,143
5000,143
5001,143
5002,143
5003,143
5004,143
5005,143
5006,143
5007,143
5008,143
5009,143
5010,143
5011,143
5012,143
5013,143
5014,143
5015,143
5016,143
5017,143
5018,143
5019,143
5020,143
5021,143
5022,143
5023,143
5024,143
5025,143
5026,143
5027,143
5028,143
5029,143
5030,143
5031,143
5032,143
5033,143
5034,143
5035,143
5036,143
5037,143
5038,143
5039,143
5040,143
5041,143
5042,143
5043,143
5044,143
5045,143
5046,143
5047,143
5048,143
5049,143
5050,143
5051,143
5052,143
5053,143
5054,143
5055,143
5056,143
5057,143
5058,143
5059,143
5060,143
5061,143
5062,143
5063,143
5064,143
5065,143
5066,143
5067,143
5068,143
5069,143
5070,143
5071,143
5072,143
5073,143
5074,143
5075,143
5076,143
5077,143
5078,143
5079,143
5080,143
5081,143
5082,143
5083,143
5084,143
5085,143
5086,143
5087,143
5088,143
5089,143
5090,143
5091,143
5092,143
5093,143
5094,143
5095,143
5096,143
5097,143
5098,143
5099,143
5100,143
5101,143
5102,143
5103,143
5104,143
5105,143
5106,143
5107,143
5108,143
5109,143
5110,143
5111,143
5112,143
5113,143
5114,143
5115,143
5116,143
5117,143
5118,143
5119,143
5120,143
5121,143
5122,143
5123,143
5124,143
5125,143
5126,143
5127,143
5128,143
5129,143
5130,143
5131,143
5132,143
5133,143
5134,143
5135,143
5136,143
5137,143
5138,143
5139,143
5140,143
5141,143
5142,143
5143,143
5144,143
5145,143
5146,143
5147,143
5148,143
5149,143
5150,143
5151,143
5152,143
5153,143
5154,143
5155,143
5156,143
5157,143
5158,143
5159,143
5160,143
5161,143
5162,143
5163,143
5164,143
5165,143
5166,143
5167,143
5168,143
5169,143
5170,143
5171,143
5172,143
5173,143
5174,143
5175,143
5176,143
5177,143
5178,143
5179,143
5180,143
5181,143
5182,143
5183,143
5184,143
5185,143
5186,143
5187,143
5188,143
5189,143
5190,143
5191,143
5192,143
5193,143
5194,143
5195,143
5196,143
5197,143
5198,143
5199,143
5200,143
5201,143
5202,143
5203,143
5204,143
5205,143
5206,143
5207,143
5208,143
5209,143
5210,143
5211,143
5212,143
5213,143
5214,143
5215,143
5216,143
5217,143
5218,143
5219,143
5220,143
5221,143
5222,143
5223,143
5224,143
5225,143
5226,143
5227,143
5228,143
5229,143
5230,143
5231,143
5232,143
5233,143
5234,143
5235,143
5236,143
5237,143
5238,143
5239,143
5240,143
5241,143
5242,143
5243,143
5244,143
5245,143
5246,143
5247,143
5248,143
5249,143
5250,143
5251,143
5252,143
5253,143
5254,143
5255,143
5256,143
5257,143
5258,143
5259,143
5260,143
5261,143
5262,143
5263,143
5264,143
5265,143
5266,143
5267,143
5268,143
5269,143
5270,143
5271,143
5272,143
5273,143
5274,143
5275,143
5276,143
5277,143
5278,143
5279,143
5280,143
5281,143
5282,143
5283,143
5284,143
5285,143
5286,143
5287,143
5288,143
5289,143
5290,143
5291,143
5292,143
5293,143
5294,143
5295,143
5296,143
5297,143
5298,143
5299,143
5300,143
5301,143
5302,143
5303,143
5304,143
5305,143
5306,143
5307,143
5308,143
5309,143
5310,143
5311,143
5312,143
5313,143
5314,143
5315,143
5316,143
5317,143
5318,143
5319,143
5320,143
5321,143
5322,143
5323,143
5324,143
5325,143
5326,143
5327,143
5328,143
5329,143
5330,143
5331,143
5332,143
5333,143
5334,143
5335,143
5336,143
5337,143
5338,143
5339,143
5340,143
5341,143
5342,143
5343,143
5344,143
5345,143
5346,143
5347,143
5348,143
5349,143
5350,143
5351,143
5352,143
5353,143
5354,143
5355,143
5356,143
5357,143
5358,143
5359,143
5360,143
5361,143
5362,143
5363,143
5364,143
5365,143
5366,143
5367,143
5368,143
5369,143
5370,143
5371,143
5372,143
5373,143
5374,143
5375,143
5376,143
5377,143
5378,143
5379,143
5380,143
5381,143
5382,143
5383,143
5384,143
5385,143
5386,143
5387,143
5388,143
5389,143
5390,143
5391,143
5392,143
5393,143
5394,143
5395,143
5396,143
5397,143
5398,143
5399,143
5400,143
5401,143
5402,143
5403,143
5404,143
5405,143
5406,143
5407,143
5408,143
5409,143
5410,143
5411,143
5412,143
5413,143
5414,143
5415,143
5416,143
5417,143
5418,143
5419,143
5420,143
5421,143
5422,143
5423,143
5424,143
5425,143
5426,143
5427,143
5428,143
5429,143
5430,143
5431,143
5432,143
5433,143
5434,143
5435,143
5436,143
5437,143
5438,143
5439,143
5440,143
5441,143
5442,143
5443,143
5444,143
5445,143
5446,143
5447,143
5448,143
5449,143
5450,143
5451,143
5452,143
5453,143
5454,143
5455,143
5456,143
5457,143
5458,143
5459,143
5460,143
5461,143
5462,143
5463,143
5464,143
5465,143
5466,143
5467,143
5468,143
5469,143
5470,143
5471,143
5472,143
5473,143
5474,143
5475,143
5476,143
5477,143
5478,143
5479,143
5480,143
5481,143
5482,143
5483,143
5484,143
5485,143
5486,143
5487,143
5488,143
5489,143
5490,143
5491,143
5492,143
5493,143
5494,143
5495,143
5496,143
5497,143
5498,143
5499,143
5500,143
5501,143
5502,143
5503,143
5504,143
5505,143
5506,143
5507,143
5508,143
5509,143
5510,143
5511,143
5512,143
5513,143
5514,143
5515,143
5516,143
5517,143
5518,143
5519,143
5520,143
5521,143
5522,143
5523,143
5524,143
5525,143
5526,143
5527,143
5528,143
5529,143
5530,143
5531,143
5532,143
5533,143
5534,143
5535,143
5536,143
5537,143
5538,143
5539,143
5540,143
5541,143
5542,143
5543,143
5544,143
5545,143
5546,143
5547,143
5548,143
5549,143
5550,143
5551,143
5552,143
5553,143
5554,143
5555,143
5556,143
5557,143
5558,143
5559,143
5560,143
5561,143
5562,143
5563,143
5564,143
5565,143
5566,143
5567,143
5568,143
5569,143
5570,143
5571,143
5572,143
5573,143
5574,143
5575,143
5576,143
5577,143
5578,143
5579,143
5580,143
5581,143
5582,143
5583,143
5584,143
5585,143
5586,143
5587,143
5588,143
5589,143
5590,143
5591,143
5592,143
5593,143
5594,143
5595,143
5596,143
5597,143
5598,143
5599,143
5600,143
5601,143
5602,143
5603,143
5604,143
5605,143
5606,143
5607,143
5608,143
5609,143
5610,143
5611,143
5612,143
5613,143
5614,143
5615,143
5616,143
5617,143
5618,143
5619,143
5620,143
5621,143
5622,143
5623,143
5624,143
5625,143
5626,143
5627,143
5628,143
5629,143
5630,143
5631,143
5632,143
5633,143
5634,143
5635,143
5636,143
5637,143
5638,143
5639,143
5640,143
5641,143
5642,143
5643,143
5644,143
5645,143
5646,143
5647,143
5648,143
5649,143
5650,143
5651,143
5652,143
5653,143
5654,143
5655,143
5656,143
5657,143
5658,143
5659,143
5660,143
5661,143
5662,143
5663,143
5664,143
5665,143
5666,143
5667,143
5668,143
5669,143
5670,143
5671,143
5672,143
5673,143
5674,143
5675,143
5676,143
5677,143
5678,143
5679,143
5680,143
5681,143
5682,143
5683,143
5684,143
5685,143
5686,143
5687,143
5688,143
5689,143
5690,143
5691,143
5692,143
5693,143
5694,143
5695,143
5696,143
5697,143
5698,143
5699,143
5700,143
5701,143
5702,143
5703,143
5704,143
5705,143
5706,143
5707,143
5708,143
5709,143
5710,143
5711,143
5712,143
5713,143
5714,143
5715,143
5716,143
5717,143
5718,143
5719,143
5720,143
5721,143
5722,143
5723,143
5724,143
5725,143
5726,143
5727,143
5728,143
5729,143
5730,143
5731,143
5732,143
5733,143
5734,143
5735,143
5736,143
5737,143
5738,143
5739,143
5740,143
5741,143
5742,143
5743,143
5744,143
5745,143
5746,143
5747,143
5748,143
5749,143
5750,143
5751,143
5752,143
5753,143
5754,143
5755,143
5756,143
5757,143
5758,143
5759,143
5760,143
5761,143
5762,143
5763,143
5764,143
5765,143
5766,143
5767,143
5768,143
5769,143
5770,143
5771,143
5772,143
5773,143
5774,143
5775,143
5776,143
5777,143
5778,143
5779,143
5780,143
5781,143
5782,143
5783,143
5784,143
5785,143
5786,143
5787,143
5788,143
5789,143
5790,143
5791,143
5792,143
5793,143
5794,143
5795,143
5796,143
5797,143
5798,143
5799,143
5800,143
5801,143
5802,143
5803,143
5804,143
5805,143
5806,143
5807,143
5808,143
5809,143
5810,143
5811,143
5812,143
5813,143
5814,143
5815,143
5816,143
5817,143
5818,143
5819,143
5820,143
5821,143
5822,143
5823,143
5824,143
5825,143
5826,143
5827,143
5828,143
5829,143
5830,143
5831,143
5832,143
5833,143
5834,143
5835,143
5836,143
5837,143
5838,143
5839,143
5840,143
5841,143
5842,143
5843,143
5844,143
5845,143
5846,143
5847,143
5848,143
5849,143
5850,143
5851,143
5852,143
5853,143
5854,143
5855,143
5856,143
5857,143
5858,143
5859,143
5860,143
5861,143
5862,143
5863,143
5864,143
5865,143
5866,143
5867,143
5868,143
5869,143
5870,143
5871,143
5872,143
5873,143
5874,143
5875,143
5876,143
5877,143
5878,143
5879,143
5880,143
5881,143
5882,143
5883,143
5884,143
5885,143
5886,143
5887,143
5888,143
5889,143
5890,143
5891,143
5892,143
5893,143
5894,143
5895,143
5896,143
5897,143
5898,143
5899,143
5900,143
5901,143
5902,143
5903,143
5904,143
5905,143
5906,143
5907,143
5908,143
5909,143
5910,143
5911,143
5912,143
5913,143
5914,143
5915,143
5916,143
5917,143
5918,143
5919,143
5920,143
5921,143
5922,143
5923,143
5924,143
5925,143
5926,143
5927,143
5928,143
5929,143
5930,143
5931,143
5932,143
5933,143
5934,143
5935,143
5936,143
5937,143
5938,143
5939,143
5940,143
5941,143
5942,143
5943,143
5944,143
5945,143
5946,143
5947,143
5948,143
5949,143
5950,143
5951,143
5952,143
5953,143
5954,143
5955,143
5956,143
5957,143
5958,143
5959,143
5960,143
5961,143
5962,143
5963,143
5964,143
5965,143
5966,143
5967,143
5968,143
5969,143
5970,143
5971,143
5972,143
5973,143
5974,143
5975,143
5976,143
5977,143
5978,143
5979,143
5980,143
5981,143
5982,143
5983,143
5984,143
5985,143
5986,143
5987,143
5988,143
5989,143
5990,143
5991,143
5992,143
5993,143
5994,143
5995,143
5996,143
5997,143
5998,143
5999,143
6000,143
6001,143
6002,143
6003,143
6004,143
6005,143
6006,143
6007,143
6008,143
6009,143
6010,143
6011,143
6012,143
6013,143
6014,143
6015,143
6016,143
6017,143
6018,143
6019,143
6020,143
6021,143
6022,143
6023,143
6024,143
6025,143
6026,143
6027,143
6028,143
6029,143
6030,143
6031,143
6032,143
6033,143
6034,143
6035,143
6036,143
6037,143
6038,143
6039,143
6040,143
6041,143
6042,143
6043,143
6044,143
6045,143
6046,143
6047,143
6048,143
6049,143
6050,143
6051,143
6052,143
6053,143
6054,143
6055,143
6056,143
6057,143
6058,143
6059,143
6060,143
6061,143
6062,143
6063,143
6064,143
6065,143
6066,143
6067,143
6068,143
6069,143
6070,143
6071,143
6072,143
6073,143
6074,143
6075,143
6076,143
6077,143
6078,143
6079,143
6080,143
6081,143
6082,143
6083,143
6084,143
6085,143
6086,143
6087,143
6088,143
6089,143
6090,143
6091,143
6092,143
6093,143
6094,143
6095,143
6096,143
6097,143
6098,143
6099,143
6100,143
6101,143
6102,143
6103,143
6104,143
6105,143
6106,143
6107,143
6108,143
6109,143
6110,143
6111,143
6112,143
6113,143
6114,143
6115,143
6116,143
6117,143
6118,143
6119,143
6120,143
6121,143
6122,143
6123,143
6124,143
6125,143
6126,143
6127,143
6128,143
6129,143
6130,143
6131,143
6132,143
6133,143
6134,143
6135,143
6136,143
6137,143
6138,143
6139,143
6140,143
6141,143
6142,143
6143,143
6144,143
6145,143
6146,143
6147,143
6148,143
6149,143
6150,143
6151,143
6152,143
6153,143
6154,143
6155,143
6156,143
6157,143
6158,143
6159,143
6160,143
6161,143
6162,143
6163,143
6164,143
6165,143
6166,143
6167,143
6168,143
6169,143
6170,143
6171,143
6172,143
6173,143
6174,143
6175,143
6176,143
6177,143
6178,143
6179,143
6180,143
6181,143
6182,143
6183,143
6184,143
6185,143
6186,143
6187,143
6188,143
6189,143
6190,143
6191,143
6192,143
6193,143
6194,143
6195,143
6196,143
6197,143
6198,143
6199,143
6200,143
6201,143
6202,143
6203,143
6204,143
6205,143
6206,143
6207,143
6208,143
6209,143
6210,143
6211,143
6212,143
6213,143
6214,143
6215,143
6216,143
6217,143
6218,143
6219,143
6220,143
6221,143
6222,143
6223,143
6224,143
6225,143
6226,143
6227,143
6228,143
6229,143
6230,143
6231,143
6232,143
6233,143
6234,143
6235,143
6236,143
6237,143
6238,143
6239,143
6240,143
6241,143
6242,143
6243,143
6244,143
6245,143
6246,143
6247,143
6248,143
6249,143
6250,143
6251,143
6252,143
6253,143
6254,143
6255,143
6256,143
6257,143
6258,143
6259,143
6260,143
6261,143
6262,143
6263,143
6264,143
6265,143
6266,143
6267,143
6268,143
6269,143
6270,143
6271,143
6272,143
6273,143
6274,143
6275,143
6276,143
6277,143
6278,143
6279,143
6280,143
6281,143
6282,143
6283,143
6284,143
6285,143
6286,143
6287,143
6288,143
6289,143
6290,143
6291,143
6292,143
6293,143
6294,143
6295,143
6296,143
6297,143
6298,143
6299,143
6300,143
6301,143
6302,143
6303,143
6304,143
6305,143
6306,143
6307,143
6308,143
6309,143
6310,143
6311,143
6312,143
6313,143
6314,143
6315,143
6316,143
6317,143
6318,143
6319,143
6320,143
6321,143
6322,143
6323,143
6324,143
6325,143
6326,143
6327,143
6328,143
6329,143
6330,143
6331,143
6332,143
6333,143
6334,143
6335,143
6336,143
6337,143
6338,143
6339,143
6340,143
6341,143
6342,143
6343,143
6344,143
6345,143
6346,143
6347,143
6348,143
6349,143
6350,143
6351,143
6352,143
6353,143
6354,143
6355,143
6356,143
6357,143
6358,143
6359,143
6360,143
6361,143
6362,143
6363,143
6364,143
6365,143
6366,143
6367,143
6368,143
6369,143
6370,143
6371,143
6372,143
6373,143
6374,143
6375,143
6376,143
6377,143
6378,143
6379,143
6380,143
6381,143
6382,143
6383,143
6384,143
6385,143
6386,143
6387,143
6388,143
6389,143
6390,143
6391,143
6392,143
6393,143
6394,143
6395,143
6396,143
6397,143
6398,143
6399,143
6400,143
6401,143
6402,143
6403,143
6404,143
6405,143
6406,143
6407,143
6408,143
6409,143
6410,143
6411,143
6412,143
6413,143
6414,143
6415,143
6416,143
6417,143
6418,143
6419,143
6420,143
6421,143
6422,143
6423,143
6424,143
6425,143
6426,143
6427,143
6428,143
6429,143
6430,143
6431,143
6432,143
6433,143
6434,143
6435,143
6436,143
6437,143
6438,143
6439,143
6440,143
6441,143
6442,143
6443,143
6444,143
6445,143
6446,143
6447,143
6448,143
6449,143
6450,143
6451,143
6452,143
6453,143
6454,143
6455,143
6456,143
6457,143
6458,143
6459,143
6460,143
6461,143
6462,143
6463,143
6464,143
6465,143
6466,143
6467,143
6468,143
6469,143
6470,143
6471,143
6472,143
6473,143
6474,143
6475,143
6476,143
6477,143
6478,143
6479,143
6480,143
6481,143
6482,143
6483,143
6484,143
6485,143
6486,143
6487,143
6488,143
6489,143
6490,143
6491,143
6492,143
6493,143
6494,143
6495,143
6496,143
6497,143
6498,143
6499,143
6500,143
6501,143
6502,143
6503,143
6504,143
6505,143
6506,143
6507,143
6508,143
6509,143
6510,143
6511,143
6512,143
6513,143
6514,143
6515,143
6516,143
6517,143
6518,143
6519,143
6520,143
6521,143
6522,143
6523,143
6524,143
6525,143
6526,143
6527,143
6528,143
6529,143
6530,143
6531,143
6532,143
6533,143
6534,143
6535,143
6536,143
6537,143
6538,143
6539,143
6540,143
6541,143
6542,143
6543,143
6544,143
6545,143
6546,143
6547,143
6548,143
6549,143
6550,143
6551,143
6552,143
6553,143
6554,143
6555,143
6556,143
6557,143
6558,143
6559,143
6560,143
6561,143
6562,143
6563,143
6564,143
6565,143
6566,143
6567,143
6568,143
6569,143
6570,143
6571,143
6572,143
6573,143
6574,143
6575,143
6576,143
6577,143
6578,143
6579,143
6580,143
6581,143
6582,143
6583,143
6584,143
6585,143
6586,143
6587,143
6588,143
6589,143
6590,143
6591,143
6592,143
6593,143
6594,143
6595,143
6596,143
6597,143
6598,143
6599,143
6600,143
6601,143
6602,143
6603,143
6604,143
6605,143
6606,143
6607,143
6608,143
6609,143
6610,143
6611,143
6612,143
6613,143
6614,143
6615,143
6616,143
6617,143
6618,143
6619,143
6620,143
6621,143
6622,143
6623,143
6624,143
6625,143
6626,143
6627,143
6628,143
6629,143
6630,143
6631,143
6632,143
6633,143
6634,143
6635,143
6636,143
6637,143
6638,143
6639,143
6640,143
6641,143
6642,143
6643,143
6644,143
6645,143
6646,143
6647,143
6648,143
6649,143
6650,143
6651,143
6652,143
6653,143
6654,143
6655,143
6656,143
6657,143
6658,143
6659,143
6660,143
6661,143
6662,143
6663,143
6664,143
6665,143
6666,143
6667,143
6668,143
6669,143
6670,143
6671,143
6672,143
6673,143
6674,143
6675,143
6676,143
6677,143
6678,143
6679,143
6680,143
6681,143
6682,143
6683,143
6684,143
6685,143
6686,143
6687,143
6688,143
6689,143
6690,143
6691,143
6692,143
6693,143
6694,143
6695,143
6696,143
6697,143
6698,143
6699,143
6700,143
6701,143
6702,143
6703,143
6704,143
6705,143
6706,143
6707,143
6708,143
6709,143
6710,143
6711,143
6712,143
6713,143
6714,143
6715,143
6716,143
6717,143
6718,143
6719,143
6720,143
6721,143
6722,143
6723,143
6724,143
6725,143
6726,143
6727,143
6728,143
6729,143
6730,143
6731,143
6732,143
6733,143
6734,143
6735,143
6736,143
6737,143
6738,143
6739,143
6740,143
6741,143
6742,143
6743,143
6744,143
6745,143
6746,143
6747,143
6748,143
6749,143
6750,143
6751,143
6752,143
6753,143
6754,144
6755,144
6756,144
6757,144
6758,144
6759,144
6760,144
6761,144
6762,144
6763,144
6764,144
6765,144
6766,144
6767,144
6768,144
6769,144
6770,144
6771,144
6772,144
6773,144
6774,144
6775,144
6776,144
6777,144
6778,144
6779,144
6780,144
6781,144
6782,144
6783,144
6784,144
6785,144
6786,144
6787,144
6788,144
6789,144
6790,144
6791,144
6792,144
6793,144
6794,144
6795,144
6796,144
6797,144
6798,144
6799,144
6800,144
6801,144
6802,144
6803,144
6804,144
6805,144
6806,144
6807,144
6808,144
6809,144
6810,144
6811,144
6812,144
6813,144
6814,144
6815,144
6816,144
6817,144
6818,144
6819,144
6820,144
6821,144
6822,144
6823,144
6824,144
6825,144
6826,144
6827,144
6828,144
6829,144
6830,144
6831,144
6832,144
6833,144
6834,144
6835,144
6836,144
6837,144
6838,144
6839,144
6840,144
6841,144
6842,144
6843,144
6844,144
6845,144
6846,144
6847,144
6848,144
6849,144
6850,144
6851,144
6852,144
6853,144
6854,144
6855,144
6856,144
6857,144
6858,144
6859,144
6860,144
6861,144
6862,144
6863,144
6864,144
6865,144
6866,144
6867,144
6868,144
6869,144
6870,144
6871,144
6872,144
6873,144
6874,144
6875,144
6876,144
6877,144
6878,144
6879,144
6880,144
6881,144
6882,144
6883,144
6884,144
6885,144
6886,144
6887,144
6888,144
6889,144
6890,144
6891,144
6892,144
6893,144
6894,144
6895,144
6896,144
6897,144
6898,144
6899,144
6900,144
6901,144
6902,144
6903,144
6904,144
6905,144
6906,144
6907,144
6908,144
6909,144
6910,144
6911,144
6912,144
6913,144
6914,144
6915,144
6916,144
6917,144
6918,144
6919,144
6920,144
6921,144
6922,144
6923,144
6924,144
6925,144
6926,144
6927,144
6928,144
6929,144
6930,144
6931,144
6932,144
6933,144
6934,144
6935,144
6936,144
6937,144
6938,144
6939,144
6940,144
6941,144
6942,144
6943,144
6944,144
6945,144
6946,144
6947,144
6948,144
6949,144
6950,144
6951,144
6952,144
6953,144
6954,144
6955,144
6956,144
6957,144
6958,144
6959,144
6960,144
6961,144
6962,144
6963,144
6964,144
6965,144
6966,144
6967,144
6968,144
6969,144
6970,144
6971,144
6972,144
6973,144
6974,144
6975,144
6976,144
6977,144
6978,144
6979,144
6980,144
6981,144
6982,144
6983,144
6984,144
6985,144
6986,144
6987,144
6988,144
6989,144
6990,144
6991,144
6992,144
6993,144
6994,144
6995,144
6996,144
6997,144
6998,144
6999,144
7000,144
7001,144
7002,144
7003,144
7004,144
7005,144
7006,144
7007,144
7008,144
7009,144
7010,144
7011,144
7012,144
7013,144
7014,144
7015,144
7016,144
7017,144
7018,144
7019,144
7020,144
7021,144
7022,144
7023,144
7024,144
7025,144
7026,144
7027,144
7028,144
7029,144
7030,144
7031,144
7032,144
7033,144
7034,144
7035,144
7036,144
7037,144
7038,144
7039,144
7040,144
7041,144
7042,144
7043,144
7044,144
7045,144
7046,144
7047,144
7048,144
7049,144
7050,144
7051,144
7052,144
7053,144
7054,144
7055,144
7056,144
7057,144
7058,144
7059,144
7060,144
7061,144
7062,144
7063,144
7064,144
7065,144
7066,144
7067,144
7068,144
7069,144
7070,144
7071,144
7072,144
7073,144
7074,144
7075,144
7076,144
7077,144
7078,144
7079,144
7080,144
7081,144
7082,144
7083,144
7084,144
7085,144
7086,144
7087,144
7088,144
7089,144
7090,144
7091,144
7092,144
7093,144
7094,144
7095,144
7096,144
7097,144
7098,144
7099,144
7100,144
7101,144
7102,144
7103,144
7104,144
7105,144
7106,144
7107,144
7108,144
7109,144
7110,144
7111,144
7112,144
7113,144
7114,144
7115,144
7116,144
7117,144
7118,144
7119,144
7120,144
7121,144
7122,144
7123,144
7124,144
7125,144
7126,144
7127,144
7128,144
7129,144
7130,144
7131,144
7132,144
7133,144
7134,144
7135,144
7136,144
7137,144
7138,144
7139,144
7140,144
7141,144
7142,144
7143,144
7144,144
7145,144
7146,144
7147,144
7148,144
7149,144
7150,144
7151,144
7152,144
7153,144
7154,144
7155,144
7156,144
7157,144
7158,144
7159,144
7160,144
7161,144
7162,144
7163,144
7164,144
7165,144
7166,144
7167,144
7168,144
7169,144
7170,144
7171,144
7172,144
7173,144
7174,144
7175,144
7176,144
7177,144
7178,144
7179,144
7180,144
7181,144
7182,144
7183,144
7184,144
7185,144
7186,144
7187,144
7188,144
7189,144
7190,144
7191,144
7192,144
7193,144
7194,144
7195,144
7196,144
7197,144
7198,144
7199,144
7200,144
7201,144
7202,144
7203,144
7204,144
7205,144
7206,144
7207,144
7208,144
7209,144
7210,144
7211,144
7212,144
7213,144
7214,144
7215,144
7216,144
7217,144
7218,144
7219,144
7220,144
7221,144
7222,144
7223,144
7224,144
7225,144
7226,144
7227,144
7228,144
7229,144
7230,144
7231,144
7232,144
7233,144
7234,144
7235,144
7236,144
7237,144
7238,144
7239,144
7240,144
7241,144
7242,144
7243,144
7244,144
7245,144
7246,144
7247,144
7248,144
7249,144
7250,144
7251,144
7252,144
7253,144
7254,144
7255,144
7256,144
7257,144
7258,144
7259,144
7260,144
7261,144
7262,144
7263,144
7264,144
7265,144
7266,144
7267,144
7268,144
7269,144
7270,144
7271,144
7272,144
7273,144
7274,144
7275,144
7276,144
7277,144
7278,144
7279,144
7280,144
7281,144
7282,144
7283,144
7284,144
7285,144
7286,144
7287,144
7288,144
7289,144
7290,144
7291,144
7292,144
7293,144
7294,144
7295,144
7296,144
7297,144
7298,144
7299,144
7300,144
7301,144
7302,144
7303,144
7304,144
7305,144
7306,144
7307,144
7308,144
7309,144
7310,144
7311,144
7312,144
7313,144
7314,144
7315,144
7316,144
7317,144
7318,144
7319,144
7320,144
7321,144
7322,144
7323,144
7324,144
7325,144
7326,144
7327,144
7328,144
7329,144
7330,144
7331,144
7332,144
7333,144
7334,144
7335,144
7336,144
7337,144
7338,144
7339,144
7340,144
7341,144
7342,144
7343,144
7344,144
7345,144
7346,144
7347,144
7348,144
7349,144
7350,144
7351,144
7352,144
7353,144
7354,144
7355,144
7356,144
7357,144
7358,144
7359,144
7360,144
7361,144
7362,144
7363,144
7364,144
7365,144
7366,144
7367,144
7368,144
7369,144
7370,144
7371,144
7372,144
7373,144
7374,144
7375,144
7376,144
7377,144
7378,144
7379,144
7380,144
7381,144
7382,144
7383,144
7384,144
7385,144
7386,144
7387,144
7388,144
7389,144
7390,144
7391,144
7392,144
7393,144
7394,144
7395,144
7396,144
7397,144
7398,144
7399,144
7400,144
7401,144
7402,144
7403,144
7404,144
7405,144
7406,144
7407,144
7408,144
7409,144
7410,144
7411,144
7412,144
7413,144
7414,144
7415,144
7416,144
7417,144
7418,144
7419,144
7420,144
7421,144
7422,144
7423,144
7424,144
7425,144
7426,144
7427,144
7428,144
7429,144
7430,144
7431,144
7432,144
7433,144
7434,144
7435,144
7436,144
7437,144
7438,144
7439,144
7440,144
7441,144
7442,144
7443,144
7444,144
7445,144
7446,144
7447,144
7448,144
7449,144
7450,144
7451,144
7452,144
7453,144
7454,144
7455,144
7456,144
7457,144
7458,144
7459,144
7460,144
7461,144
7462,144
7463,144
7464,144
7465,144
7466,144
7467,144
7468,144
7469,144
7470,144
7471,144
7472,144
7473,144
7474,144
7475,144
7476,144
7477,144
7478,144
7479,144
7480,144
7481,144
7482,144
7483,144
7484,144
7485,144
7486,144
7487,144
7488,144
7489,144
7490,144
7491,144
7492,144
7493,144
7494,144
7495,144
7496,144
7497,144
7498,144
7499,144
7500,144
7501,144
7502,144
7503,144
7504,144
7505,144
7506,144
7507,144
7508,144
7509,144
7510,144
7511,144
7512,144
7513,144
7514,144
7515,144
7516,144
7517,144
7518,144
7519,144
7520,144
7521,144
7522,144
7523,144
7524,144
7525,144
7526,144
7527,144
7528,144
7529,144
7530,144
7531,144
7532,144
7533,144
7534,144
7535,144
7536,144
7537,144
7538,144
7539,144
7540,144
7541,144
7542,144
7543,144
7544,144
7545,144
7546,144
7547,144
7548,144
7549,144
7550,144
7551,144
7552,144
7553,144
7554,144
7555,144
7556,144
7557,144
7558,144
7559,144
7560,144
7561,144
7562,144
7563,144
7564,144
7565,144
7566,144
7567,144
7568,144
7569,144
7570,144
7571,144
7572,144
7573,144
7574,144
7575,144
7576,144
7577,144
7578,144
7579,144
7580,144
7581,144
7582,144
7583,144
7584,144
7585,144
7586,144
7587,144
7588,144
7589,144
7590,144
7591,144
7592,144
7593,144
7594,144
7595,144
7596,144
7597,144
7598,144
7599,144
7600,144
7601,144
7602,144
7603,144
7604,144
7605,144
7606,144
7607,144
7608,144
7609,144
7610,144
7611,144
7612,144
7613,144
7614,144
7615,144
7616,144
7617,144
7618,144
7619,144
7620,144
7621,144
7622,144
7623,144
7624,144
7625,144
7626,144
7627,144
7628,144
7629,144
7630,144
7631,144
7632,144
7633,144
7634,144
7635,144
7636,144
7637,144
7638,144
7639,144
7640,144
7641,144
7642,144
7643,144
7644,144
7645,144
7646,144
7647,144
7648,144
7649,144
7650,144
7651,144
7652,144
7653,144
7654,144
7655,144
7656,144
7657,144
7658,144
7659,144
7660,144
7661,144
7662,144
7663,144
7664,144
7665,144
7666,144
7667,144
7668,144
7669,144
7670,144
7671,144
7672,144
7673,144
7674,144
7675,144
7676,144
7677,144
7678,144
7679,144
7680,144
7681,144
7682,144
7683,144
7684,144
7685,144
7686,144
7687,144
7688,144
7689,144
7690,144
7691,144
7692,144
7693,144
7694,144
7695,144
7696,144
7697,144
7698,144
7699,144
7700,144
7701,144
7702,144
7703,144
7704,144
7705,144
7706,144
7707,144
7708,144
7709,144
7710,144
7711,144
7712,144
7713,144
7714,144
7715,144
7716,144
7717,144
7718,144
7719,144
7720,144
7721,144
7722,144
7723,144
7724,144
7725,144
7726,144
7727,144
7728,144
7729,144
7730,144
7731,144
7732,144
7733,144
7734,144
7735,144
7736,144
7737,144
7738,144
7739,144
7740,144
7741,144
7742,144
7743,144
7744,144
7745,144
7746,144
7747,144
7748,144
7749,144
7750,144
7751,144
7752,144
7753,144
7754,144
7755,144
7756,144
7757,144
7758,144
7759,144
7760,144
7761,144
7762,144
7763,144
7764,144
7765,144
7766,144
7767,144
7768,144
7769,144
7770,144
7771,144
7772,144
7773,144
7774,144
7775,144
7776,144
7777,144
7778,144
7779,144
7780,144
7781,144
7782,144
7783,144
7784,144
7785,144
7786,144
7787,144
7788,144
7789,144
7790,144
7791,144
7792,144
7793,144
7794,144
7795,144
7796,144
7797,144
7798,144
7799,144
7800,144
7801,144
7802,144
7803,144
7804,144
7805,144
7806,144
7807,144
7808,144
7809,144
7810,144
7811,144
7812,144
7813,144
7814,144
7815,144
7816,144
7817,144
7818,144
7819,144
7820,144
7821,144
7822,144
7823,144
7824,144
7825,144
7826,144
7827,144
7828,144
7829,144
7830,144
7831,144
7832,144
7833,144
7834,144
7835,144
7836,144
7837,144
7838,144
7839,144
7840,144
7841,144
7842,144
7843,144
7844,144
7845,144
7846,144
7847,144
7848,144
7849,144
7850,144
7851,144
7852,144
7853,144
7854,144
7855,144
7856,144
7857,144
7858,144
7859,144
7860,144
7861,144
7862,144
7863,144
7864,144
7865,144
7866,144
7867,144
7868,144
7869,144
7870,144
7871,144
7872,144
7873,144
7874,144
7875,144
7876,144
7877,144
7878,144
7879,144
7880,144
7881,144
7882,144
7883,144
7884,144
7885,144
7886,144
7887,144
7888,144
7889,144
7890,144
7891,144
7892,144
7893,144
7894,144
7895,144
7896,144
7897,144
7898,144
7899,144
7900,144
7901,144
7902,144
7903,144
7904,144
7905,144
7906,144
7907,144
7908,144
7909,144
7910,144
7911,144
7912,144
7913,144
7914,144
7915,144
7916,144
7917,144
7918,144
7919,144
7920,144
7921,144
7922,144
7923,144
7924,144
7925,144
7926,144
7927,144
7928,144
7929,144
7930,144
7931,144
7932,144
7933,144
7934,144
7935,144
7936,144
7937,144
7938,144
7939,144
7940,144
7941,144
7942,144
7943,144
7944,144
7945,144
7946,144
7947,144
7948,144
7949,144
7950,144
7951,144
7952,144
7953,144
7954,144
7955,144
7956,144
7957,144
7958,144
7959,144
7960,144
7961,144
7962,144
7963,144
7964,144
7965,144
7966,144
7967,144
7968,144
7969,144
7970,144
7971,144
7972,144
7973,144
7974,144
7975,144
7976,144
7977,144
7978,144
7979,144
7980,144
7981,144
7982,144
7983,144
7984,144
7985,144
7986,144
7987,144
7988,144
7989,144
7990,144
7991,144
7992,144
7993,144
7994,144
7995,144
7996,144
7997,144
7998,144
7999,144
8000,144
8001,144
8002,144
8003,144
8004,144
8005,144
8006,144
8007,144
8008,144
8009,144
8010,144
8011,144
8012,144
8013,144
8014,144
8015,144
8016,144
8017,144
8018,144
8019,144
8020,144
8021,144
8022,144
8023,144
8024,144
8025,144
8026,144
8027,144
8028,144
8029,144
8030,144
8031,144
8032,144
8033,144
8034,144
8035,144
8036,144
8037,144
8038,144
8039,144
8040,144
8041,144
8042,144
8043,144
8044,144
8045,144
8046,144
8047,144
8048,144
8049,144
8050,144
8051,144
8052,144
8053,144
8054,144
8055,144
8056,144
8057,144
8058,144
8059,144
8060,144
8061,144
8062,144
8063,144
8064,144
8065,144
8066,144
8067,144
8068,144
8069,144
8070,144
8071,144
8072,144
8073,144
8074,144
8075,144
8076,144
8077,144
8078,144
8079,144
8080,144
8081,144
8082,144
8083,144
8084,144
8085,144
8086,144
8087,144
8088,144
8089,144
8090,144
8091,144
8092,144
8093,144
8094,144
8095,144
8096,144
8097,144
8098,144
8099,144
8100,144
8101,144
8102,144
8103,144
8104,144
8105,144
8106,144
8107,144
8108,144
8109,144
8110,144
8111,144
8112,144
8113,144
8114,144
8115,144
8116,144
8117,144
8118,144
8119,144
8120,144
8121,144
8122,144
8123,144
8124,144
8125,144
8126,144
8127,144
8128,144
8129,144
8130,144
8131,144
8132,144
8133,144
8134,144
8135,144
8136,144
8137,144
8138,144
8139,144
8140,144
8141,144
8142,144
8143,144
8144,144
8145,144
8146,144
8147,144
8148,144
8149,144
8150,144
8151,144
8152,144
8153,144
8154,144
8155,144
8156,144
8157,144
8158,144
8159,144
8160,144
8161,144
8162,144
8163,144
8164,144
8165,144
8166,144
8167,144
8168,144
8169,144
8170,144
8171,144
8172,144
8173,144
8174,144
8175,144
8176,144
8177,144
8178,144
8179,144
8180,144
8181,144
8182,144
8183,144
8184,144
8185,144
8186,144
8187,144
8188,144
8189,144
8190,144
8191,144
8192,144
8193,144
8194,144
8195,144
8196,144
8197,144
8198,144
8199,144
8200,144
8201,144
8202,144
8203,144
8204,144
8205,144
8206,144
8207,144
8208,144
8209,144
8210,144
8211,144
8212,144
8213,144
8214,144
8215,144
8216,144
8217,144
8218,144
8219,144
8220,144
8221,144
8222,144
8223,144
8224,144
8225,144
8226,144
8227,144
8228,144
8229,144
8230,144
8231,144
8232,144
8233,144
8234,144
8235,144
8236,144
8237,144
8238,144
8239,144
8240,144
8241,144
8242,144
8243,144
8244,144
8245,144
8246,144
8247,144
8248,144
8249,144
8250,144
8251,144
8252,144
8253,144
8254,144
8255,144
8256,144
8257,144
8258,144
8259,144
8260,144
8261,144
8262,144
8263,144
8264,144
8265,144
8266,144
8267,144
8268,144
8269,144
8270,144
8271,144
8272,144
8273,144
8274,144
8275,144
8276,144
8277,144
8278,144
8279,144
8280,144
8281,144
8282,144
8283,144
8284,144
8285,144
8286,144
8287,144
8288,144
8289,144
8290,144
8291,144
8292,144
8293,144
8294,144
8295,144
8296,144
8297,144
8298,144
8299,144
8300,144
8301,144
8302,144
8303,144
8304,144
8305,144
8306,144
8307,144
8308,144
8309,144
8310,144
8311,144
8312,144
8313,144
8314,144
8315,144
8316,144
8317,144
8318,144
8319,144
8320,144
8321,144
8322,144
8323,144
8324,144
8325,144
8326,144
8327,144
8328,144
8329,144
8330,144
8331,144
8332,144
8333,144
8334,144
8335,144
8336,144
8337,144
8338,144
8339,144
8340,144
8341,144
8342,144
8343,144
8344,144
8345,144
8346,144
8347,144
8348,144
8349,144
8350,144
8351,144
8352,144
8353,144
8354,144
8355,144
8356,144
8357,144
8358,144
8359,144
8360,144
8361,144
8362,144
8363,144
8364,144
8365,144
8366,144
8367,144
8368,144
8369,144
8370,144
8371,144
8372,144
8373,144
8374,144
8375,144
8376,144
8377,144
8378,144
8379,144
8380,144
8381,144
8382,144
8383,144
8384,144
8385,144
8386,144
8387,144
8388,144
8389,144
8390,144
8391,144
8392,144
8393,144
8394,144
8395,144
8396,144
8397,144
8398,144
8399,144
8400,144
8401,144
8402,144
8403,144
8404,144
8405,144
8406,144
8407,144
8408,144
8409,144
8410,144
8411,144
8412,144
8413,144
8414,144
8415,144
8416,144
8417,144
8418,144
8419,144
8420,144
8421,144
8422,144
8423,144
8424,144
8425,144
8426,144
8427,144
8428,144
8429,144
8430,144
8431,144
8432,144
8433,144
8434,144
8435,144
8436,144
8437,144
8438,144
8439,144
8440,144
8441,144
8442,144
8443,144
8444,144
8445,144
8446,144
8447,144
8448,144
8449,144
8450,144
8451,144
8452,144
8453,144
8454,144
8455,144
8456,144
8457,144
8458,144
8459,144
8460,144
8461,144
8462,144
8463,144
8464,144
8465,144
8466,144
8467,144
8468,144
8469,144
8470,144
8471,144
8472,144
8473,144
8474,144
8475,144
8476,144
8477,144
8478,144
8479,144
8480,144
8481,144
8482,144
8483,144
8484,144
8485,144
8486,144
8487,144
8488,144
8489,144
8490,144
8491,144
8492,144
8493,144
8494,144
8495,144
8496,144
8497,144
8498,144
8499,144
8500,144
8501,144
8502,144
8503,144
8504,144
8505,144
8506,144
8507,144
8508,144
8509,144
8510,144
8511,144
8512,144
8513,144
8514,144
8515,144
8516,144
8517,144
8518,144
8519,144
8520,144
8521,144
8522,144
8523,144
8524,144
8525,144
8526,144
8527,144
8528,144
8529,144
8530,144
8531,144
8532,144
8533,144
8534,144
8535,144
8536,144
8537,144
8538,144
8539,144
8540,144
8541,144
8542,144
8543,144
8544,144
8545,144
8546,144
8547,144
8548,144
8549,144
8550,144
8551,144
8552,144
8553,144
8554,144
8555,144
8556,144
8557,144
8558,144
8559,144
8560,144
8561,144
8562,144
8563,144
8564,144
8565,144
8566,144
8567,144
8568,144
8569,144
8570,144
8571,144
8572,144
8573,144
8574,144
8575,144
8576,144
8577,144
8578,144
8579,144
8580,144
8581,144
8582,144
8583,144
8584,144
8585,144
8586,144
8587,144
8588,144
8589,144
8590,144
8591,144
8592,144
8593,144
8594,144
8595,144
8596,144
8597,144
8598,144
8599,144
8600,144
8601,144
8602,144
8603,144
8604,144
8605,144
8606,144
8607,144
8608,144
8609,144
8610,144
8611,144
8612,144
8613,144
8614,144
8615,144
8616,144
8617,144
8618,144
8619,144
8620,144
8621,144
8622,144
8623,144
8624,144
8625,144
8626,144
8627,144
8628,144
8629,144
8630,144
8631,144
8632,144
8633,144
8634,144
8635,144
8636,144
8637,144
8638,144
8639,144
8640,144
8641,144
8642,144
8643,144
8644,144
8645,144
8646,144
8647,144
8648,144
8649,144
8650,144
8651,144
8652,144
8653,144
8654,144
8655,144
8656,144
8657,144
8658,144
8659,144
8660,144
8661,144
8662,144
8663,144
8664,144
8665,144
8666,144
8667,144
8668,144
8669,144
8670,144
8671,144
8672,144
8673,144
8674,144
8675,144
8676,144
8677,144
8678,144
8679,144
8680,144
8681,144
8682,144
8683,144
8684,144
8685,144
8686,144
8687,144
8688,144
8689,144
8690,144
8691,144
8692,144
8693,144
8694,144
8695,144
8696,144
8697,144
8698,144
8699,144
8700,144
8701,144
8702,144
8703,144
8704,144
8705,144
8706,144
8707,144
8708,144
8709,144
8710,144
8711,144
8712,144
8713,144
8714,144
8715,144
8716,144
8717,144
8718,144
8719,144
8720,144
8721,144
8722,144
8723,144
8724,144
8725,144
8726,144
8727,144
8728,144
8729,144
8730,144
8731,144
8732,144
8733,144
8734,144
8735,144
8736,144
8737,144
8738,144
8739,144
8740,144
8741,144
8742,144
8743,144
8744,144
8745,144
8746,144
8747,144
8748,144
8749,144
8750,144
8751,144
8752,144
8753,144
8754,144
8755,144
8756,144
8757,144
8758,144
8759,144
8760,144
8761,144
8762,144
8763,144
8764,144
8765,144
8766,144
8767,144
8768,144
8769,144
8770,144
8771,144
8772,144
8773,144
8774,144
8775,144
8776,144
8777,144
8778,144
8779,144
8780,144
8781,144
8782,144
8783,144
8784,144
8785,144
8786,144
8787,144
8788,144
8789,144
8790,144
8791,144
8792,144
8793,144
8794,144
8795,144
8796,144
8797,144
8798,144
8799,144
8800,144
8801,144
8802,144
8803,144
8804,144
8805,144
8806,144
8807,144
8808,144
8809,144
8810,144
8811,144
8812,144
8813,144
8814,144
8815,144
8816,144
8817,144
8818,144
8819,144
8820,144
8821,144
8822,144
8823,144
8824,144
8825,144
8826,144
8827,144
8828,144
8829,144
8830,144
8831,144
8832,144
8833,144
8834,144
8835,144
8836,144
8837,144
8838,144
8839,144
8840,144
8841,144
8842,144
8843,144
8844,144
8845,144
8846,144
8847,144
8848,144
8849,144
8850,144
8851,144
8852,144
8853,144
8854,144
8855,144
8856,144
8857,144
8858,144
8859,144
8860,144
8861,144
8862,144
8863,144
8864,144
8865,144
8866,144
8867,144
8868,144
8869,144
8870,144
8871,144
8872,144
8873,144
8874,144
8875,144
8876,144
8877,144
8878,144
8879,144
8880,144
8881,144
8882,144
8883,144
8884,144
8885,144
8886,144
8887,144
8888,144
8889,144
8890,144
8891,144
8892,144
8893,144
8894,144
8895,144
8896,144
8897,144
8898,144
8899,144
8900,144
8901,144
8902,144
8903,144
8904,144
8905,144
8906,144
8907,144
8908,144
8909,144
8910,144
8911,144
8912,144
8913,144
8914,144
8915,144
8916,144
8917,144
8918,144
8919,144
8920,144
8921,144
8922,144
8923,144
8924,144
8925,144
8926,144
8927,144
8928,144
8929,144
8930,144
8931,144
8932,144
8933,144
8934,144
8935,144
8936,144
8937,144
8938,144
8939,144
8940,144
8941,144
8942,144
8943,144
8944,144
8945,144
8946,144
8947,144
8948,144
8949,144
8950,144
8951,144
8952,144
8953,144
8954,144
8955,144
8956,144
8957,144
8958,144
8959,144
8960,144
8961,144
8962,144
8963,144
8964,144
8965,144
8966,144
8967,144
8968,144
8969,144
8970,144
8971,144
8972,144
8973,144
8974,144
8975,144
8976,144
8977,144
8978,144
8979,144
8980,144
8981,144
8982,144
8983,144
8984,144
8985,144
8986,144
8987,144
8988,144
8989,144
8990,144
8991,144
8992,144
8993,144
8994,144
8995,144
8996,144
8997,144
8998,144
8999,144
9000,144
9001,144
9002,144
9003,144
9004,144
9005,144
9006,144
9007,144
9008,144
9009,144
9010,144
9011,144
9012,144
9013,144
9014,144
9015,144
9016,144
9017,144
9018,144
9019,144
9020,144
9021,144
9022,144
9023,144
9024,144
9025,144
9026,144
9027,144
9028,144
9029,144
9030,144
9031,144
9032,144
9033,144
9034,144
9035,144
9036,144
9037,144
9038,144
9039,144
9040,144
9041,144
9042,144
9043,144
9044,144
9045,144
9046,144
9047,144
9048,144
9049,144
9050,144
9051,144
9052,144
9053,144
9054,144
9055,144
9056,144
9057,144
9058,144
9059,144
9060,144
9061,144
9062,144
9063,144
9064,144
9065,144
9066,144
9067,144
9068,144
9069,144
9070,144
9071,144
9072,144
9073,144
9074,144
9075,144
9076,144
9077,144
9078,144
9079,144
9080,144
9081,144
9082,144
9083,144
9084,144
9085,144
9086,144
9087,144
9088,144
9089,144
9090,144
9091,144
9092,144
9093,144
9094,144
9095,144
9096,144
9097,144
9098,144
9099,144
9100,144
9101,144
9102,144
9103,144
9104,144
9105,144
9106,144
9107,144
9108,144
9109,144
9110,144
9111,144
9112,144
9113,144
9114,144
9115,144
9116,144
9117,144
9118,144
9119,144
9120,144
9121,144
9122,144
9123,144
9124,144
9125,144
9126,144
9127,144
9128,144
9129,144
9130,144
9131,144
9132,144
9133,144
9134,144
9135,144
9136,144
9137,144
9138,144
9139,144
9140,144
9141,144
9142,144
9143,144
9144,144
9145,144
9146,144
9147,144
9148,144
9149,144
9150,144
9151,144
9152,144
9153,144
9154,144
9155,144
9156,144
9157,144
9158,144
9159,144
9160,144
9161,144
9162,144
9163,144
9164,144
9165,144
9166,144
9167,144
9168,144
9169,144
9170,144
9171,144
9172,144
9173,144
9174,144
9175,144
9176,144
9177,144
9178,144
9179,144
9180,144
9181,144
9182,144
9183,144
9184,144
9185,144
9186,144
9187,144
9188,144
9189,144
9190,144
9191,144
9192,144
9193,144
9194,144
9195,144
9196,144
9197,144
9198,144
9199,144
9200,144
9201,144
9202,144
9203,144
9204,144
9205,144
9206,144
9207,144
9208,144
9209,144
9210,144
9211,144
9212,144
9213,144
9214,144
9215,144
9216,144
9217,144
9218,144
9219,144
9220,144
9221,144
9222,144
9223,144
9224,144
9225,144
9226,144
9227,144
9228,144
9229,144
9230,144
9231,144
9232,144
9233,144
9234,144
9235,144
9236,144
9237,144
9238,144
9239,144
9240,144
9241,144
9242,144
9243,144
9244,144
9245,144
9246,144
9247,144
9248,144
9249,144
9250,144
9251,144
9252,144
9253,144
9254,144
9255,144
9256,144
9257,144
9258,144
9259,144
9260,144
9261,144
9262,144
9263,144
9264,144
9265,144
9266,144
9267,144
9268,144
9269,144
9270,144
9271,144
9272,144
9273,144
9274,144
9275,144
9276,144
9277,144
9278,144
9279,144
9280,144
9281,144
9282,144
9283,144
9284,144
9285,144
9286,144
9287,144
9288,144
9289,144
9290,144
9291,144
9292,144
9293,144
9294,144
9295,144
9296,144
9297,144
9298,144
9299,144
9300,144
9301,144
9302,144
9303,144
9304,144
9305,144
9306,144
9307,144
9308,144
9309,144
9310,144
9311,144
9312,144
9313,144
9314,144
9315,144
9316,144
9317,144
9318,144
9319,144
9320,144
9321,144
9322,144
9323,144
9324,144
9325,144
9326,144
9327,144
9328,144
9329,144
9330,144
9331,144
9332,144
9333,144
9334,144
9335,144
9336,144
9337,144
9338,144
9339,144
9340,144
9341,144
9342,144
9343,144
9344,144
9345,144
9346,144
9347,144
9348,144
9349,144
9350,144
9351,144
9352,144
9353,144
9354,144
9355,144
9356,144
9357,144
9358,144
9359,144
9360,144
9361,144
9362,144
9363,144
9364,144
9365,144
9366,144
9367,144
9368,144
9369,144
9370,144
9371,144
9372,144
9373,144
9374,144
9375,144
9376,144
9377,144
9378,144
9379,144
9380,144
9381,144
9382,144
9383,144
9384,144
9385,144
9386,144
9387,144
9388,144
9389,144
9390,144
9391,144
9392,144
9393,144
9394,144
9395,144
9396,144
9397,144
9398,144
9399,144
9400,144
9401,144
9402,144
9403,144
9404,144
9405,144
9406,144
9407,144
9408,144
9409,144
9410,144
9411,144
9412,144
9413,144
9414,144
9415,144
9416,144
9417,144
9418,144
9419,144
9420,144
9421,144
9422,144
9423,144
9424,144
9425,144
9426,144
9427,144
9428,144
9429,144
9430,144
9431,144
9432,144
9433,144
9434,144
9435,144
9436,144
9437,144
9438,144
9439,144
9440,144
9441,144
9442,144
9443,144
9444,144
9445,144
9446,144
9447,144
9448,144
9449,144
9450,144
9451,144
9452,144
9453,144
9454,144
9455,144
9456,144
9457,144
9458,144
9459,144
9460,144
9461,144
9462,144
9463,144
9464,144
9465,144
9466,144
9467,144
9468,144
9469,144
9470,144
9471,144
9472,144
9473,144
9474,144
9475,144
9476,144
9477,144
9478,144
9479,144
9480,144
9481,144
9482,144
9483,144
9484,144
9485,144
9486,144
9487,144
9488,144
9489,144
9490,144
9491,144
9492,144
9493,144
9494,144
9495,144
9496,144
9497,144
9498,144
9499,144
9500,144
9501,144
9502,144
9503,144
9504,144
9505,144
9506,144
9507,144
9508,144
9509,144
9510,144
9511,144
9512,144
9513,144
9514,144
9515,144
9516,144
9517,144
9518,144
9519,144
9520,144
9521,144
9522,144
9523,144
9524,144
9525,144
9526,144
9527,144
9528,144
9529,144
9530,144
9531,144
9532,144
9533,144
9534,144
9535,144
9536,144
9537,144
9538,144
9539,144
9540,144
9541,144
9542,144
9543,144
9544,144
9545,144
9546,144
9547,144
9548,144
9549,144
9550,144
9551,144
9552,144
9553,144
9554,144
9555,144
9556,144
9557,144
9558,144
9559,144
9560,144
9561,144
9562,144
9563,144
9564,144
9565,144
9566,144
9567,144
9568,144
9569,144
9570,144
9571,144
9572,144
9573,144
9574,144
9575,144
9576,144
9577,144
9578,144
9579,144
9580,144
9581,144
9582,144
9583,144
9584,144
9585,144
9586,144
9587,144
9588,144
9589,144
9590,144
9591,144
9592,144
9593,144
9594,144
9595,144
9596,144
9597,144
9598,144
9599,144
9600,144
9601,144
9602,144
9603,144
9604,144
9605,144
9606,144
9607,144
9608,144
9609,144
9610,144
9611,144
9612,144
9613,144
9614,144
9615,144
9616,144
9617,144
9618,144
9619,144
9620,144
9621,144
9622,144
9623,144
9624,144
9625,144
9626,144
9627,144
9628,144
9629,144
9630,144
9631,144
9632,144
9633,144
9634,144
9635,144
9636,144
9637,144
9638,144
9639,144
9640,144
9641,144
9642,144
9643,144
9644,144
9645,144
9646,144
9647,144
9648,144
9649,144
9650,144
9651,144
9652,144
9653,144
9654,144
9655,144
9656,144
9657,144
9658,144
9659,144
9660,144
9661,144
9662,144
9663,144
9664,144
9665,144
9666,144
9667,144
9668,144
9669,144
9670,144
9671,144
9672,144
9673,144
9674,144
9675,144
9676,144
9677,144
9678,144
9679,144
9680,144
9681,144
9682,144
9683,144
9684,144
9685,144
9686,144
9687,144
9688,144
9689,144
9690,144
9691,144
9692,144
9693,144
9694,144
9695,144
9696,144
9697,144
9698,144
9699,144
9700,144
9701,144
9702,144
9703,144
9704,144
9705,144
9706,144
9707,144
9708,144
9709,144
9710,144
9711,144
9712,144
9713,144
9714,144
9715,144
9716,144
9717,144
9718,144
9719,144
9720,144
9721,144
9722,144
9723,144
9724,144
9725,144
9726,144
9727,144
9728,144
9729,144
9730,144
9731,144
9732,144
9733,144
9734,144
9735,144
9736,144
9737,144
9738,144
9739,144
9740,144
9741,144
9742,144
9743,144
9744,144
9745,144
9746,144
9747,144
9748,144
9749,144
9750,144
9751,144
9752,144
9753,144
9754,144
9755,144
9756,144
9757,144
9758,144
9759,144
9760,144
9761,144
9762,144
9763,144
9764,144
9765,144
9766,144
9767,144
9768,144
9769,144
9770,144
9771,144
9772,144
9773,144
9774,144
9775,144
9776,144
9777,144
9778,144
9779,144
9780,144
9781,144
9782,144
9783,144
9784,144
9785,144
9786,144
9787,144
9788,144
9789,144
9790,144
9791,144
9792,144
9793,144
9794,144
9795,144
9796,144
9797,144
9798,144
9799,144
9800,144
9801,144
9802,144
9803,144
9804,144
9805,144
9806,144
9807,144
9808,144
9809,144
9810,144
9811,144
9812,144
9813,144
9814,144
9815,144
9816,144
9817,144
9818,144
9819,144
9820,144
9821,144
9822,144
9823,144
9824,144
9825,144
9826,144
9827,144
9828,144
9829,144
9830,144
9831,144
9832,144
9833,144
9834,144
9835,144
9836,144
9837,144
9838,144
9839,144
9840,144
9841,144
9842,144
9843,144
9844,144
9845,144
9846,144
9847,144
9848,144
9849,144
9850,144
9851,144
9852,144
9853,144
9854,144
9855,144
9856,144
9857,144
9858,144
9859,144
9860,144
9861,144
9862,144
9863,144
9864,144
9865,144
9866,144
9867,144
9868,144
9869,144
9870,144
9871,144
9872,144
9873,144
9874,144
9875,144
9876,144
9877,144
9878,144
9879,144
9880,144
9881,144
9882,144
9883,144
9884,144
9885,144
9886,144
9887,144
9888,144
9889,144
9890,144
9891,144
9892,144
9893,144
9894,144
9895,144
9896,144
9897,144
9898,144
9899,144
9900,144
9901,144
9902,144
9903,144
9904,144
9905,144
9906,144
9907,144
9908,144
9909,144
9910,144
9911,144
9912,144
9913,144
9914,144
9915,144
9916,144
9917,144
9918,144
9919,144
9920,144
9921,144
9922,144
9923,144
9924,144
9925,144
9926,144
9927,144
9928,144
9929,144
9930,144
9931,144
9932,144
9933,144
9934,144
9935,144
9936,144
9937,144
9938,144
9939,144
9940,144
9941,144
9942,144
9943,144
9944,144
9945,144
9946,144
9947,144
9948,144
9949,144
9950,144
9951,144
9952,144
9953,144
9954,144
9955,144
9956,144
9957,144
9958,144
9959,144
9960,144
9961,144
9962,144
9963,144
9964,144
9965,144
9966,144
9967,144
9968,144
9969,144
9970,144
9971,144
9972,144
9973,144
9974,144
9975,144
9976,144
9977,144
9978,144
9979,144
9980,144
9981,144
9982,144
9983,144
9984,144
9985,144
9986,144
9987,144
9988,144
9989,144
9990,144
9991,144
9992,144
9993,144
9994,144
9995,144
9996,144
9997,144
9998,144
9999,144
10000,144
10001,144
10002,144
10003,144
10004,144
10005,144
10006,144
10007,144
10008,144
10009,144
10010,144
10011,144
10012,144
10013,144
10014,144
10015,144
10016,144
10017,144
10018,144
10019,144
10020,144
10021,144
10022,144
10023,144
10024,144
10025,144
10026,144
10027,144
10028,144
10029,144
10030,144
10031,144
10032,144
10033,144
10034,144
10035,144
10036,144
10037,144
10038,144
10039,144
10040,144
10041,144
10042,144
10043,144
10044,144
10045,144
10046,144
10047,144
10048,144
10049,144
10050,144
10051,144
10052,144
10053,144
10054,144
10055,144
10056,144
10057,144
10058,144
10059,144
10060,144
10061,144
10062,144
10063,144
10064,144
10065,144
10066,144
10067,144
10068,144
10069,144
10070,144
10071,144
10072,144
10073,144
10074,144
10075,144
10076,144
10077,144
10078,144
10079,144
10080,144
10081,144
10082,144
10083,144
10084,144
10085,144
10086,144
10087,144
10088,144
10089,144
10090,144
10091,144
10092,144
10093,144
10094,144
10095,144
10096,144
10097,144
10098,144
10099,144
10100,144
10101,144
10102,144
10103,144
10104,144
10105,144
10106,144
10107,144
10108,144
10109,144
10110,144
10111,144
10112,144
10113,144
10114,144
10115,144
10116,144
10117,144
10118,144
10119,144
10120,144
10121,144
10122,144
10123,144
10124,144
10125,144
10126,144
10127,144
10128,144
10129,144
10130,144
10131,144
10132,144
10133,144
10134,144
10135,144
10136,144
10137,144
10138,144
10139,144
10140,144
10141,144
10142,144
10143,144
10144,144
10145,144
10146,144
10147,144
10148,144
10149,144
10150,144
10151,144
10152,144
10153,144
10154,144
10155,144
10156,144
10157,144
10158,144
10159,144
10160,144
10161,144
10162,144
10163,144
10164,144
10165,144
10166,144
10167,144
10168,144
10169,144
10170,144
10171,144
10172,144
10173,144
10174,144
10175,144
10176,144
10177,144
10178,144
10179,144
10180,144
10181,144
10182,144
10183,144
10184,144
10185,144
10186,144
10187,144
10188,144
10189,144
10190,144
10191,144
10192,144
10193,144
10194,144
10195,144
10196,144
10197,144
10198,144
10199,144
10200,144
10201,144
10202,144
10203,144
10204,144
10205,144
10206,144
10207,144
10208,144
10209,144
10210,144
10211,144
10212,144
10213,144
10214,144
10215,144
10216,144
10217,144
10218,144
10219,144
10220,144
10221,144
10222,144
10223,144
10224,144
10225,144
10226,144
10227,144
10228,144
10229,144
10230,144
10231,144
10232,144
10233,144
10234,144
10235,144
10236,144
10237,144
10238,144
10239,144
10240,144
10241,144
10242,144
10243,144
10244,144
10245,144
10246,144
10247,144
10248,144
10249,144
10250,144
10251,144
10252,144
10253,144
10254,144
10255,144
10256,144
10257,144
10258,144
10259,144
10260,144
10261,144
10262,144
10263,144
10264,144
10265,144
10266,144
10267,144
10268,144
10269,144
10270,144
10271,144
10272,144
10273,144
10274,144
10275,144
10276,144
10277,144
10278,144
10279,144
10280,144
10281,144
10282,144
10283,144
10284,144
10285,144
10286,144
10287,144
10288,144
10289,144
10290,144
10291,144
10292,144
10293,144
10294,144
10295,144
10296,144
10297,144
10298,144
10299,144
10300,144
10301,144
10302,144
10303,144
10304,144
10305,144
10306,144
10307,144
10308,144
10309,144
10310,144
10311,144
10312,144
10313,144
10314,144
10315,144
10316,144
10317,144
10318,144
10319,144
10320,144
10321,144
10322,144
10323,144
10324,144
10325,144
10326,144
10327,144
10328,144
10329,144
10330,144
10331,144
10332,144
10333,144
10334,144
10335,144
10336,144
10337,144
10338,144
10339,144
10340,144
10341,144
10342,144
10343,144
10344,144
10345,144
10346,144
10347,144
10348,144
10349,144
10350,144
10351,144
10352,144
10353,144
10354,144
10355,144
10356,144
10357,144
10358,144
10359,144
10360,144
10361,144
10362,144
10363,144
10364,144
10365,144
10366,144
10367,144
10368,144
10369,144
10370,144
10371,144
10372,144
10373,144
10374,144
10375,144
10376,144
10377,144
10378,144
10379,144
10380,144
10381,144
10382,144
10383,144
10384,144
10385,144
10386,144
10387,144
10388,144
10389,144
10390,144
10391,144
10392,144
10393,144
10394,144
10395,144
10396,144
10397,144
10398,144
10399,144
10400,144
10401,144
10402,144
10403,144
10404,144
10405,144
10406,144
10407,144
10408,144
10409,144
10410,144
10411,144
10412,144
10413,144
10414,144
10415,144
10416,144
10417,144
10418,144
10419,144
10420,144
10421,144
10422,144
10423,144
10424,144
10425,144
10426,144
10427,144
10428,144
10429,144
10430,144
10431,144
10432,144
10433,144
10434,144
10435,144
10436,144
10437,144
10438,144
10439,144
10440,144
10441,144
10442,144
10443,144
10444,144
10445,144
10446,144
10447,144
10448,144
10449,144
10450,144
10451,144
10452,144
10453,144
10454,144
10455,144
10456,144
10457,144
10458,144
10459,144
10460,144
10461,144
10462,144
10463,144
10464,144
10465,144
10466,144
10467,144
10468,144
10469,144
10470,144
10471,144
10472,144
10473,144
10474,144
10475,144
10476,144
10477,144
10478,144
10479,144
10480,144
10481,144
10482,144
10483,144
10484,144
10485,144
10486,144
10487,144
10488,144
10489,144
10490,144
10491,144
10492,144
10493,144
10494,144
10495,144
10496,144
10497,144
10498,144
10499,144
10500,144
10501,144
10502,144
10503,144
10504,144
10505,144
10506,144
10507,144
10508,144
10509,144
10510,144
10511,144
10512,144
10513,144
10514,144
10515,144
10516,144
10517,144
10518,144
10519,144
10520,144
10521,144
10522,144
10523,144
10524,144
10525,144
10526,144
10527,144
10528,144
10529,144
10530,144
10531,144
10532,144
10533,144
10534,144
10535,144
10536,144
10537,144
10538,144
10539,144
10540,144
10541,144
10542,144
10543,144
10544,144
10545,144
10546,144
10547,144
10548,144
10549,144
10550,144
10551,144
10552,144
10553,144
10554,144
10555,144
10556,144
10557,144
10558,144
10559,144
10560,144
10561,144
10562,144
10563,144
10564,144
10565,144
10566,144
10567,144
10568,144
10569,144
10570,144
10571,144
10572,144
10573,144
10574,144
10575,144
10576,144
10577,144
10578,144
10579,144
10580,144
10581,144
10582,144
10583,144
10584,144
10585,144
10586,144
10587,144
10588,144
10589,144
10590,144
10591,144
10592,144
10593,144
10594,144
10595,144
10596,144
10597,144
10598,144
10599,144
10600,144
10601,144
10602,144
10603,144
10604,144
10605,144
10606,144
10607,144
10608,144
10609,144
10610,144
10611,144
10612,144
10613,144
10614,144
10615,144
10616,144
10617,144
10618,144
10619,144
10620,144
10621,144
10622,144
10623,144
10624,144
10625,144
10626,144
10627,144
10628,144
10629,144
10630,144
10631,144
10632,144
10633,144
10634,144
10635,144
10636,144
10637,144
10638,144
10639,144
10640,144
10641,144
10642,144
10643,144
10644,144
10645,144
10646,144
10647,144
10648,144
10649,144
10650,144
10651,144
10652,144
10653,144
10654,144
10655,144
10656,144
10657,144
10658,144
10659,144
10660,144
10661,144
10662,144
10663,144
10664,144
10665,144
10666,144
10667,144
10668,144
10669,144
10670,144
10671,144
10672,144
10673,144
10674,144
10675,144
10676,144
10677,144
10678,144
10679,144
10680,144
10681,144
10682,144
10683,144
10684,144
10685,144
10686,144
10687,144
10688,144
10689,144
10690,144
10691,144
10692,144
10693,144
10694,144
10695,144
10696,144
10697,144
10698,144
10699,144
10700,144
10701,144
10702,144
10703,144
10704,144
10705,144
10706,144
10707,144
10708,144
10709,144
10710,144
10711,144
10712,144
10713,144
10714,144
10715,144
10716,144
10717,144
10718,144
10719,144
10720,144
10721,144
10722,144
10723,144
10724,144
10725,144
10726,144
10727,144
10728,144
10729,144
10730,144
10731,144
10732,144
10733,144
10734,144
10735,144
10736,144
10737,144
10738,144
10739,144
10740,144
10741,144
10742,144
10743,144
10744,144
10745,144
10746,144
10747,144
10748,144
10749,144
10750,144
10751,144
10752,144
10753,144
10754,144
10755,144
10756,144
10757,144
10758,144
10759,145
