0,0
1,1
2,2
3,3
4,4
5,4
6,5
7,6
8,7
9,8
10,9
11,10
12,11
13,12
14,13
15,14
16,15
17,16
18,16
19,17
20,18
21,19
22,20
23,21
24,21
25,22
26,23
27,24
28,25
29,26
30,26
31,27
32,28
33,29
34,30
35,31
36,32
37,33
38,34
39,34
40,35
41,36
42,37
43,38
44,39
45,40
46,41
47,42
48,42
49,42
50,43
51,43
52,43
53,44
54,45
55,45
56,46
57,47
58,47
59,48
60,49
61,50
62,51
63,51
64,52
65,53
66,53
67,53
68,54
69,54
70,55
71,55
72,56
73,57
74,58
75,58
76,58
77,59
78,59
79,59
80,60
81,60
82,61
83,61
84,61
85,61
86,61
87,62
88,62
89,62
90,62
91,63
92,64
93,64
94,64
95,65
96,66
97,67
98,68
99,69
100,69
101,69
102,69
103,69
104,69
105,69
106,70
107,71
108,71
109,72
110,72
111,72
112,73
113,73
114,73
115,74
116,74
117,74
118,74
119,74
120,74
121,74
122,74
123,74
124,74
125,74
126,74
127,75
128,75
129,75
130,75
131,76
132,77
133,77
134,77
135,77
136,77
137,77
138,77
139,77
140,77
141,77
142,78
143,78
144,79
145,79
146,80
147,80
148,81
149,82
150,83
151,84
152,85
153,85
154,85
155,86
156,87
157,87
158,87
159,88
160,88
161,89
162,89
163,89
164,89
165,90
166,91
167,92
168,92
169,93
170,93
171,93
172,94
173,94
174,95
175,95
176,95
177,95
178,96
179,96
180,96
181,96
182,96
183,96
184,96
185,96
186,96
187,97
188,97
189,97
190,97
191,97
192,97
193,97
194,97
195,98
196,98
197,98
198,98
199,98
200,98
201,98
202,98
203,98
204,98
205,98
206,98
207,98
208,98
209,98
210,98
211,98
212,98
213,98
214,98
215,98
216,98
217,98
218,98
219,98
220,98
221,98
222,98
223,98
224,99
225,99
226,99
227,99
228,99
229,99
230,99
231,99
232,99
233,99
234,99
235,99
236,99
237,99
238,99
239,100
240,101
241,102
242,102
243,102
244,102
245,103
246,104
247,104
248,104
249,104
250,104
251,104
252,104
253,104
254,104
255,104
256,104
257,104
258,104
259,104
260,104
261,104
262,104
263,104
264,104
265,104
266,104
267,104
268,104
269,104
270,104
271,104
272,104
273,104
274,104
275,104
276,104
277,104
278,105
279,105
280,105
281,105
282,105
283,105
284,106
285,106
286,106
287,106
288,106
289,106
290,106
291,106
292,107
293,107
294,107
295,107
296,107
297,107
298,108
299,108
300,108
301,108
302,108
303,109
304,109
305,109
306,109
307,109
308,109
309,109
310,109
311,109
312,109
313,109
314,109
315,109
316,109
317,109
318,109
319,109
320,109
321,109
322,109
323,109
324,109
325,109
326,109
327,109
328,109
329,109
330,109
331,109
332,109
333,109
334,109
335,109
336,109
337,109
338,109
339,109
340,109
341,110
342,110
343,110
344,110
345,110
346,111
347,111
348,111
349,111
350,111
351,111
352,111
353,111
354,111
355,111
356,111
357,111
358,111
359,111
360,111
361,111
362,111
363,111
364,111
365,111
366,111
367,111
368,111
369,112
370,112
371,112
372,112
373,112
374,112
375,112
376,112
377,112
378,112
379,112
380,112
381,112
382,112
383,112
384,112
385,112
386,112
387,112
388,112
389,112
390,113
391,113
392,113
393,113
394,113
395,113
396,113
397,113
398,113
399,113
400,113
401,113
402,113
403,113
404,113
405,113
406,113
407,113
408,113
409,113
410,113
411,113
412,113
413,113
414,113
415,113
416,113
417,113
418,113
419,113
420,113
421,113
422,113
423,113
424,113
425,113
426,113
427,113
428,113
429,114
430,114
431,114
432,114
433,114
434,114
435,114
436,114
437,114
438,114
439,114
440,114
441,114
442,114
443,114
444,114
445,114
446,114
447,114
448,114
449,114
450,114
451,115
452,115
453,115
454,115
455,115
456,115
457,115
458,115
459,115
460,115
461,116
462,116
463,116
464,116
465,116
466,116
467,116
468,116
469,116
470,116
471,116
472,116
473,116
474,116
475,116
476,116
477,116
478,116
479,116
480,116
481,116
482,116
483,116
484,116
485,116
486,116
487,116
488,116
489,116
490,116
491,116
492,116
493,116
494,116
495,116
496,116
497,116
498,116
499,116
500,116
501,116
502,116
503,116
504,116
505,116
506,116
507,116
508,116
509,116
510,116
511,116
512,116
513,116
514,116
515,116
516,116
517,116
518,116
519,116
520,116
521,116
522,116
523,116
524,116
525,116
526,116
527,116
528,116
529,116
530,116
531,116
532,116
533,116
534,116
535,116
536,116
537,116
538,116
539,116
540,116
541,116
542,116
543,116
544,116
545,116
546,116
547,116
548,116
549,116
550,116
551,116
552,116
553,116
554,116
555,116
556,116
557,116
558,116
559,116
560,116
561,117
562,118
563,119
564,120
565,120
566,121
567,122
568,122
569,123
570,124
571,124
572,124
573,124
574,124
575,124
576,124
577,124
578,124
579,124
580,124
581,124
582,124
583,124
584,124
585,124
586,124
587,124
588,124
589,124
590,124
591,124
592,124
593,124
594,124
595,124
596,124
597,124
598,124
599,124
600,124
601,124
602,124
603,124
604,124
605,124
606,124
607,124
608,124
609,124
610,124
611,124
612,124
613,124
614,124
615,124
616,124
617,124
618,124
619,124
620,124
621,124
622,124
623,124
624,124
625,124
626,124
627,124
628,124
629,124
630,124
631,124
632,124
633,124
634,124
635,124
636,124
637,124
638,124
639,124
640,124
641,124
642,124
643,124
644,124
645,124
646,124
647,124
648,124
649,124
650,124
651,124
652,124
653,124
654,124
655,124
656,124
657,124
658,124
659,124
660,124
661,124
662,124
663,124
664,124
665,125
666,125
667,125
668,125
669,125
670,125
671,125
672,125
673,125
674,125
675,125
676,125
677,125
678,125
679,125
680,125
681,125
682,125
683,125
684,126
685,126
686,126
687,126
688,126
689,126
690,126
691,126
692,126
693,127
694,127
695,127
696,127
697,127
698,127
699,127
700,127
701,127
702,127
703,127
704,127
705,127
706,127
707,127
708,127
709,127
710,127
711,127
712,127
713,127
714,127
715,127
716,127
717,127
718,127
719,127
720,127
721,127
722,127
723,127
724,127
725,127
726,127
727,127
728,127
729,127
730,127
731,127
732,127
733,127
734,127
735,127
736,127
737,127
738,127
739,127
740,127
741,127
742,128
743,128
744,128
745,128
746,128
747,128
748,128
749,128
750,128
751,128
752,128
753,128
754,128
755,128
756,128
757,128
758,128
759,128
760,128
761,128
762,128
763,128
764,128
765,128
766,128
767,128
768,128
769,128
770,128
771,128
772,128
773,128
774,128
775,128
776,128
777,128
778,128
779,128
780,128
781,128
782,128
783,128
784,128
785,128
786,128
787,128
788,128
789,128
790,128
791,128
792,128
793,128
794,128
795,128
796,128
797,128
798,128
799,128
800,128
801,128
802,128
803,128
804,128
805,128
806,128
807,128
808,128
809,128
810,128
811,128
812,129
813,129
814,129
815,129
816,129
817,129
818,129
819,129
820,129
821,129
822,129
823,129
824,129
825,129
826,129
827,129
828,129
829,129
830,129
831,129
832,129
833,129
834,129
835,129
836,129
837,129
838,129
839,129
840,129
841,129
842,129
843,129
844,129
845,129
846,129
847,129
848,129
849,129
850,129
851,129
852,129
853,129
854,129
855,129
856,129
857,129
858,129
859,129
860,129
861,129
862,129
863,129
864,129
865,129
866,129
867,129
868,129
869,129
870,129
871,129
872,129
873,129
874,129
875,129
876,129
877,129
878,129
879,129
880,129
881,129
882,129
883,129
884,129
885,129
886,129
887,129
888,129
889,129
890,129
891,129
892,129
893,129
894,129
895,129
896,129
897,129
898,129
899,129
900,129
901,129
902,129
903,129
904,129
905,129
906,129
907,129
908,129
909,129
910,129
911,129
912,129
913,129
914,129
915,129
916,129
917,129
918,129
919,129
920,129
921,129
922,129
923,129
924,129
925,129
926,129
927,129
928,129
929,129
930,129
931,129
932,129
933,129
934,129
935,129
936,129
937,129
938,129
939,129
940,129
941,129
942,129
943,129
944,129
945,129
946,129
947,129
948,129
949,129
950,129
951,129
952,129
953,129
954,129
955,129
956,129
957,129
958,129
959,129
960,129
961,129
962,129
963,129
964,129
965,129
966,129
967,129
968,129
969,129
970,129
971,129
972,129
973,129
974,129
975,129
976,129
977,129
978,129
979,129
980,129
981,129
982,129
983,129
984,129
985,129
986,129
987,129
988,129
989,129
990,129
991,129
992,129
993,129
994,129
995,129
996,129
997,129
998,129
999,129
1000,129
1001,129
1002,129
1003,129
1004,129
1005,129
1006,129
1007,129
1008,129
1009,129
1010,129
1011,129
1012,129
1013,129
1014,129
1015,129
1016,129
1017,129
1018,129
1019,129
1020,129
1021,129
1022,129
1023,129
1024,129
1025,129
1026,129
1027,129
1028,129
1029,129
1030,129
1031,129
1032,129
1033,129
1034,129
1035,129
1036,129
1037,129
1038,129
1039,129
1040,129
1041,129
1042,129
1043,129
1044,130
1045,130
1046,130
1047,130
1048,130
1049,130
1050,130
1051,130
1052,130
1053,130
1054,130
1055,130
1056,130
1057,130
1058,130
1059,130
1060,130
1061,130
1062,130
1063,130
1064,130
1065,130
1066,130
1067,130
1068,130
1069,130
1070,130
1071,130
1072,130
1073,130
1074,130
1075,130
1076,130
1077,130
1078,130
1079,130
1080,130
1081,130
1082,130
1083,130
1084,130
1085,130
1086,130
1087,130
1088,130
1089,130
1090,130
1091,130
1092,130
1093,130
1094,130
1095,130
1096,130
1097,130
1098,130
1099,130
1100,130
1101,130
1102,130
1103,130
1104,130
1105,130
1106,130
1107,130
1108,130
1109,130
1110,130
1111,130
1112,130
1113,130
1114,130
1115,130
1116,130
1117,130
1118,130
1119,130
1120,130
1121,130
1122,130
1123,130
1124,130
1125,130
1126,130
1127,130
1128,130
1129,130
1130,130
1131,130
1132,130
1133,130
1134,130
1135,130
1136,130
1137,130
1138,130
1139,130
1140,130
1141,130
1142,130
1143,130
1144,130
1145,130
1146,130
1147,130
1148,130
1149,130
1150,130
1151,130
1152,130
1153,130
1154,130
1155,130
1156,130
1157,130
1158,130
1159,130
1160,130
1161,130
1162,130
1163,130
1164,130
1165,130
1166,130
1167,130
1168,130
1169,130
1170,130
1171,130
1172,130
1173,130
1174,130
1175,130
1176,130
1177,130
1178,130
1179,130
1180,130
1181,130
1182,130
1183,130
1184,130
1185,130
1186,130
1187,130
1188,130
1189,130
1190,130
1191,130
1192,130
1193,130
1194,130
1195,130
1196,130
1197,130
1198,130
1199,130
1200,130
1201,130
1202,130
1203,130
1204,130
1205,130
1206,130
1207,131
1208,131
1209,131
1210,131
1211,131
1212,131
1213,131
1214,131
1215,131
1216,131
1217,131
1218,131
1219,131
1220,131
1221,131
1222,131
1223,131
1224,131
1225,131
1226,131
1227,131
1228,131
1229,131
1230,131
1231,131
1232,131
1233,131
1234,131
1235,131
1236,131
1237,131
1238,131
1239,131
1240,131
1241,131
1242,131
1243,131
1244,131
1245,131
1246,131
1247,131
1248,131
1249,131
1250,131
1251,131
1252,131
1253,131
1254,131
1255,131
1256,131
1257,131
1258,131
1259,131
1260,131
1261,131
1262,131
1263,131
1264,131
1265,131
1266,131
1267,131
1268,131
1269,131
1270,131
1271,131
1272,131
1273,131
1274,131
1275,131
1276,131
1277,131
1278,131
1279,131
1280,131
1281,131
1282,131
1283,131
1284,131
1285,131
1286,131
1287,131
1288,131
1289,131
1290,131
1291,131
1292,131
1293,131
1294,131
1295,131
1296,131
1297,131
1298,131
1299,131
1300,131
1301,131
1302,131
1303,131
1304,131
1305,131
1306,131
1307,131
1308,131
1309,131
1310,131
1311,131
1312,131
1313,131
1314,131
1315,131
1316,131
1317,131
1318,131
1319,131
1320,131
1321,131
1322,131
1323,131
1324,131
1325,131
1326,131
1327,131
1328,131
1329,131
1330,131
1331,131
1332,131
1333,131
1334,131
1335,131
1336,131
1337,131
1338,131
1339,131
1340,131
1341,131
1342,131
1343,131
1344,131
1345,131
1346,131
1347,131
1348,131
1349,131
1350,131
1351,131
1352,131
1353,131
1354,131
1355,131
1356,131
1357,131
1358,131
1359,131
1360,131
1361,131
1362,131
1363,131
1364,131
1365,131
1366,131
1367,131
1368,131
1369,131
1370,131
1371,131
1372,131
1373,131
1374,131
1375,131
1376,131
1377,131
1378,131
1379,131
1380,131
1381,131
1382,131
1383,131
1384,131
1385,131
1386,131
1387,131
1388,131
1389,131
1390,131
1391,131
1392,131
1393,131
1394,131
1395,131
1396,131
1397,131
1398,131
1399,131
1400,131
1401,131
1402,131
1403,131
1404,131
1405,131
1406,131
1407,131
1408,131
1409,131
1410,131
1411,131
1412,131
1413,131
1414,131
1415,131
1416,131
1417,131
1418,131
1419,131
1420,131
1421,131
1422,131
1423,131
1424,131
1425,131
1426,131
1427,131
1428,131
1429,131
1430,131
1431,131
1432,131
1433,131
1434,131
1435,131
1436,131
1437,131
1438,131
1439,131
1440,131
1441,131
1442,131
1443,131
1444,131
1445,131
1446,131
1447,131
1448,131
1449,131
1450,131
1451,131
1452,131
1453,131
1454,131
1455,131
1456,131
1457,131
1458,131
1459,131
1460,131
1461,131
1462,131
1463,131
1464,131
1465,131
1466,131
1467,131
1468,131
1469,131
1470,131
1471,131
1472,131
1473,131
1474,131
1475,131
1476,131
1477,131
1478,131
1479,131
1480,131
1481,131
1482,131
1483,131
1484,131
1485,131
1486,131
1487,131
1488,131
1489,131
1490,131
1491,131
1492,131
1493,132
1494,133
1495,134
1496,134
1497,134
1498,134
1499,134
1500,134
1501,134
1502,134
1503,134
1504,134
1505,134
1506,134
1507,134
1508,134
1509,134
1510,134
1511,134
1512,134
1513,134
1514,134
1515,134
1516,134
1517,134
1518,134
1519,134
1520,134
1521,134
1522,134
1523,134
1524,134
1525,134
1526,134
1527,134
1528,134
1529,134
1530,134
1531,134
1532,134
1533,134
1534,134
1535,134
1536,134
1537,134
1538,134
1539,134
1540,134
1541,134
1542,134
1543,134
1544,134
1545,134
1546,134
1547,134
1548,134
1549,134
1550,134
1551,134
1552,134
1553,134
1554,134
1555,134
1556,134
1557,134
1558,134
1559,134
1560,134
1561,134
1562,134
1563,134
1564,134
1565,134
1566,134
1567,134
1568,134
1569,134
1570,134
1571,134
1572,134
1573,134
1574,134
1575,134
1576,134
1577,134
1578,134
1579,134
1580,134
1581,134
1582,134
1583,134
1584,134
1585,134
1586,134
1587,134
1588,134
1589,134
1590,134
1591,134
1592,134
1593,134
1594,134
1595,134
1596,134
1597,134
1598,134
1599,134
1600,134
1601,134
1602,134
1603,134
1604,134
1605,134
1606,134
1607,134
1608,134
1609,134
1610,134
1611,134
1612,134
1613,134
1614,134
1615,134
1616,134
1617,134
1618,134
1619,134
1620,134
1621,134
1622,134
1623,134
1624,134
1625,134
1626,134
1627,134
1628,134
1629,134
1630,134
1631,134
1632,134
1633,134
1634,134
1635,134
1636,134
1637,134
1638,134
1639,134
1640,134
1641,134
1642,134
1643,134
1644,134
1645,134
1646,134
1647,134
1648,134
1649,134
1650,134
1651,134
1652,134
1653,134
1654,134
1655,134
1656,134
1657,134
1658,134
1659,134
1660,134
1661,134
1662,134
1663,134
1664,134
1665,134
1666,134
1667,134
1668,134
1669,134
1670,134
1671,134
1672,134
1673,134
1674,134
1675,134
1676,134
1677,134
1678,134
1679,134
1680,134
1681,134
1682,134
1683,134
1684,134
1685,134
1686,134
1687,134
1688,134
1689,134
1690,134
1691,134
1692,134
1693,134
1694,134
1695,134
1696,134
1697,134
1698,134
1699,134
1700,134
1701,134
1702,134
1703,134
1704,134
1705,134
1706,134
1707,134
1708,134
1709,134
1710,134
1711,134
1712,134
1713,134
1714,134
1715,134
1716,134
1717,134
1718,134
1719,134
1720,134
1721,134
1722,134
1723,134
1724,134
1725,134
1726,134
1727,134
1728,134
1729,134
1730,134
1731,134
1732,134
1733,134
1734,134
1735,134
1736,134
1737,134
1738,134
1739,134
1740,134
1741,134
1742,134
1743,134
1744,134
1745,134
1746,134
1747,134
1748,134
1749,134
1750,134
1751,134
1752,134
1753,134
1754,134
1755,134
1756,134
1757,134
1758,134
1759,134
1760,134
1761,134
1762,134
1763,134
1764,134
1765,134
1766,134
1767,134
1768,134
1769,134
1770,134
1771,134
1772,134
1773,134
1774,134
1775,134
1776,134
1777,134
1778,134
1779,134
1780,134
1781,134
1782,134
1783,134
1784,134
1785,134
1786,134
1787,134
1788,134
1789,134
1790,134
1791,134
1792,134
1793,134
1794,134
1795,134
1796,134
1797,134
1798,134
1799,134
1800,134
1801,134
1802,134
1803,134
1804,134
1805,134
1806,134
1807,134
1808,134
1809,134
1810,134
1811,134
1812,134
1813,134
1814,134
1815,134
1816,134
1817,134
1818,134
1819,134
1820,134
1821,134
1822,134
1823,134
1824,134
1825,134
1826,134
1827,134
1828,134
1829,134
1830,134
1831,134
1832,134
1833,134
1834,134
1835,134
1836,134
1837,134
1838,134
1839,134
1840,134
1841,134
1842,134
1843,134
1844,134
1845,134
1846,134
1847,134
1848,134
1849,134
1850,134
1851,134
1852,134
1853,134
1854,134
1855,134
1856,134
1857,134
1858,134
1859,134
1860,134
1861,134
1862,134
1863,134
1864,134
1865,134
1866,134
1867,134
1868,134
1869,134
1870,134
1871,134
1872,134
1873,134
1874,134
1875,134
1876,134
1877,134
1878,134
1879,134
1880,134
1881,134
1882,134
1883,134
1884,134
1885,134
1886,134
1887,134
1888,134
1889,134
1890,134
1891,134
1892,134
1893,134
1894,134
1895,134
1896,134
1897,134
1898,134
1899,134
1900,134
1901,134
1902,134
1903,134
1904,134
1905,134
1906,134
1907,134
1908,134
1909,134
1910,134
1911,134
1912,134
1913,134
1914,134
1915,134
1916,134
1917,134
1918,134
1919,134
1920,134
1921,134
1922,134
1923,134
1924,134
1925,134
1926,134
1927,134
1928,134
1929,134
1930,134
1931,134
1932,134
1933,134
1934,134
1935,134
1936,134
1937,134
1938,134
1939,134
1940,134
1941,134
1942,134
1943,134
1944,134
1945,134
1946,134
1947,134
1948,134
1949,134
1950,134
1951,134
1952,134
1953,134
1954,134
1955,134
1956,134
1957,134
1958,134
1959,134
1960,134
1961,134
1962,134
1963,134
1964,134
1965,134
1966,134
1967,134
1968,134
1969,134
1970,134
1971,134
1972,134
1973,134
1974,134
1975,134
1976,134
1977,134
1978,134
1979,134
1980,134
1981,134
1982,134
1983,134
1984,134
1985,134
1986,134
1987,134
1988,134
1989,134
1990,134
1991,134
1992,134
1993,134
1994,134
1995,134
1996,134
1997,134
1998,134
1999,134
2000,134
2001,134
2002,134
2003,134
2004,134
2005,134
2006,134
2007,134
2008,134
2009,134
2010,134
2011,134
2012,134
2013,134
2014,134
2015,134
2016,134
2017,134
2018,134
2019,134
2020,134
2021,134
2022,134
2023,134
2024,134
2025,134
2026,134
2027,134
2028,134
2029,134
2030,134
2031,134
2032,134
2033,134
2034,134
2035,134
2036,134
2037,134
2038,134
2039,134
2040,134
2041,134
2042,134
2043,134
2044,134
2045,134
2046,134
2047,134
2048,134
2049,134
2050,134
2051,134
2052,134
2053,134
2054,134
2055,134
2056,134
2057,134
2058,134
2059,134
2060,134
2061,134
2062,134
2063,134
2064,134
2065,134
2066,134
2067,134
2068,134
2069,134
2070,134
2071,134
2072,134
2073,134
2074,134
2075,134
2076,134
2077,134
2078,134
2079,134
2080,134
2081,134
2082,134
2083,134
2084,134
2085,134
2086,134
2087,134
2088,134
2089,134
2090,134
2091,134
2092,134
2093,134
2094,134
2095,134
2096,134
2097,134
2098,134
2099,134
2100,134
2101,134
2102,134
2103,134
2104,134
2105,134
2106,134
2107,134
2108,134
2109,134
2110,134
2111,134
2112,134
2113,134
2114,134
2115,134
2116,134
2117,134
2118,134
2119,134
2120,134
2121,134
2122,134
2123,134
2124,134
2125,134
2126,134
2127,134
2128,134
2129,134
2130,134
2131,134
2132,134
2133,134
2134,134
2135,134
2136,134
2137,134
2138,134
2139,134
2140,134
2141,134
2142,134
2143,134
2144,134
2145,134
2146,134
2147,134
2148,134
2149,134
2150,134
2151,134
2152,134
2153,134
2154,134
2155,134
2156,134
2157,134
2158,134
2159,134
2160,134
2161,134
2162,134
2163,134
2164,134
2165,134
2166,134
2167,134
2168,134
2169,134
2170,134
2171,134
2172,134
2173,134
2174,134
2175,134
2176,134
2177,134
2178,134
2179,134
2180,134
2181,134
2182,134
2183,134
2184,134
2185,134
2186,134
2187,134
2188,134
2189,134
2190,134
2191,134
2192,134
2193,134
2194,134
2195,134
2196,134
2197,134
2198,134
2199,134
2200,134
2201,134
2202,134
2203,134
2204,134
2205,134
2206,134
2207,134
2208,134
2209,134
2210,134
2211,134
2212,134
2213,134
2214,134
2215,134
2216,134
2217,134
2218,134
2219,134
2220,134
2221,134
2222,134
2223,134
2224,134
2225,134
2226,134
2227,134
2228,134
2229,134
2230,134
2231,134
2232,134
2233,134
2234,134
2235,134
2236,134
2237,134
2238,134
2239,134
2240,134
2241,134
2242,134
2243,134
2244,134
2245,134
2246,134
2247,134
2248,134
2249,134
2250,134
2251,134
2252,134
2253,134
2254,134
2255,134
2256,134
2257,134
2258,134
2259,134
2260,134
2261,134
2262,134
2263,134
2264,134
2265,134
2266,134
2267,134
2268,134
2269,134
2270,134
2271,134
2272,134
2273,134
2274,134
2275,134
2276,134
2277,134
2278,134
2279,134
2280,134
2281,134
2282,134
2283,134
2284,134
2285,134
2286,134
2287,134
2288,134
2289,134
2290,134
2291,134
2292,134
2293,134
2294,134
2295,134
2296,134
2297,134
2298,134
2299,134
2300,134
2301,134
2302,134
2303,134
2304,134
2305,134
2306,134
2307,134
2308,134
2309,134
2310,134
2311,134
2312,134
2313,135
2314,136
2315,136
2316,136
2317,136
2318,136
2319,136
2320,136
2321,136
2322,136
2323,136
2324,136
2325,136
2326,136
2327,136
2328,136
2329,136
2330,136
2331,136
2332,136
2333,136
2334,136
2335,136
2336,136
2337,136
2338,136
2339,136
2340,136
2341,136
2342,136
2343,136
2344,136
2345,136
2346,136
2347,136
2348,136
2349,136
2350,136
2351,136
2352,136
2353,136
2354,136
2355,136
2356,136
2357,136
2358,136
2359,136
2360,136
2361,136
2362,136
2363,136
2364,136
2365,136
2366,136
2367,136
2368,136
2369,136
2370,136
2371,136
2372,136
2373,136
2374,136
2375,136
2376,136
2377,136
2378,136
2379,136
2380,136
2381,136
2382,136
2383,136
2384,136
2385,136
2386,136
2387,136
2388,136
2389,136
2390,136
2391,136
2392,136
2393,136
2394,136
2395,136
2396,136
2397,136
2398,136
2399,136
2400,136
2401,136
2402,136
2403,136
2404,136
2405,136
2406,136
2407,136
2408,136
2409,136
2410,136
2411,136
2412,136
2413,136
2414,137
2415,137
2416,138
2417,138
2418,139
2419,139
2420,139
2421,139
2422,139
2423,139
2424,139
2425,139
2426,139
2427,139
2428,139
2429,139
2430,139
2431,139
2432,139
2433,139
2434,139
2435,139
2436,139
2437,139
2438,139
2439,139
2440,139
2441,139
2442,139
2443,139
2444,139
2445,139
2446,139
2447,139
2448,139
2449,139
2450,139
2451,139
2452,139
2453,139
2454,139
2455,139
2456,139
2457,139
2458,139
2459,139
2460,139
2461,139
2462,139
2463,139
2464,139
2465,139
2466,139
2467,139
2468,139
2469,139
2470,139
2471,139
2472,139
2473,139
2474,139
2475,139
2476,139
2477,139
2478,139
2479,139
2480,139
2481,139
2482,139
2483,139
2484,139
2485,139
2486,139
2487,139
2488,139
2489,139
2490,139
2491,139
2492,139
2493,139
2494,139
2495,139
2496,139
2497,139
2498,139
2499,139
2500,139
2501,139
2502,140
2503,141
2504,142
2505,143
2506,143
2507,143
2508,143
2509,143
2510,143
2511,143
2512,143
2513,143
2514,143
2515,143
2516,143
2517,143
2518,143
2519,143
2520,143
2521,143
2522,143
2523,143
2524,143
2525,143
2526,143
2527,143
2528,143
2529,143
2530,143
2531,143
2532,143
2533,143
2534,143
2535,143
2536,143
2537,143
2538,143
2539,143
2540,143
2541,143
2542,143
2543,143
2544,143
2545,143
2546,143
2547,143
2548,143
2549,143
2550,143
2551,143
2552,143
2553,143
2554,143
2555,143
2556,143
2557,143
2558,143
2559,143
2560,143
2561,143
2562,143
2563,143
2564,143
2565,143
2566,143
2567,143
2568,143
2569,143
2570,143
2571,143
2572,143
2573,143
2574,143
2575,143
2576,143
2577,143
2578,143
2579,143
2580,143
2581,143
2582,143
2583,143
2584,143
2585,143
2586,143
2587,143
2588,143
2589,143
2590,143
2591,143
2592,143
2593,143
2594,143
2595,143
2596,143
2597,143
2598,143
2599,143
2600,143
2601,143
2602,143
2603,143
2604,143
2605,143
2606,143
2607,143
2608,143
2609,143
2610,143
2611,143
2612,143
2613,143
2614,143
2615,143
2616,143
2617,143
2618,143
2619,143
2620,143
2621,143
2622,143
2623,143
2624,143
2625,143
2626,143
2627,143
2628,143
2629,143
2630,143
2631,143
2632,143
2633,143
2634,143
2635,143
2636,143
2637,143
2638,143
2639,143
2640,143
2641,143
2642,143
2643,143
2644,143
2645,143
2646,143
2647,143
2648,143
2649,143
2650,143
2651,143
2652,143
2653,143
2654,143
2655,143
2656,143
2657,143
2658,143
2659,143
2660,143
2661,143
2662,143
2663,143
2664,143
2665,143
2666,143
2667,143
2668,143
2669,143
2670,143
2671,143
2672,143
2673,143
2674,143
2675,143
2676,143
2677,143
2678,143
2679,143
2680,143
2681,143
2682,143
2683,143
2684,143
2685,143
2686,143
2687,143
2688,143
2689,143
2690,143
2691,143
2692,143
2693,143
2694,143
2695,143
2696,143
2697,143
2698,143
2699,143
2700,143
2701,143
2702,143
2703,143
2704,143
2705,143
2706,143
2707,143
2708,143
2709,143
2710,143
2711,143
2712,143
2713,143
2714,143
2715,143
2716,143
2717,143
2718,143
2719,143
2720,143
2721,143
2722,143
2723,143
2724,143
2725,143
2726,143
2727,143
2728,143
2729,143
2730,143
2731,143
2732,143
2733,143
2734,143
2735,143
2736,143
2737,143
2738,143
2739,143
2740,143
2741,143
2742,143
2743,143
2744,143
2745,143
2746,143
2747,143
2748,143
2749,143
2750,143
2751,143
2752,143
2753,143
2754,143
2755,143
2756,143
2757,143
2758,143
2759,143
2760,143
2761,143
2762,143
2763,143
2764,143
2765,143
2766,143
2767,143
2768,143
2769,143
2770,143
2771,143
2772,143
2773,143
2774,143
2775,143
2776,143
2777,143
2778,143
2779,143
2780,143
2781,143
2782,143
2783,143
2784,143
2785,143
2786,143
2787,143
2788,143
2789,143
2790,143
2791,143
2792,143
2793,143
2794,143
2795,143
2796,143
2797,143
2798,143
2799,143
2800,143
2801,143
2802,143
2803,143
2804,143
2805,143
2806,143
2807,143
2808,143
2809,143
2810,143
2811,143
2812,143
2813,143
2814,143
2815,143
2816,143
2817,143
2818,143
2819,143
2820,143
2821,143
2822,143
2823,143
2824,143
2825,143
2826,143
2827,143
2828,143
2829,143
2830,143
2831,143
2832,143
2833,143
2834,143
2835,143
2836,143
2837,143
2838,143
2839,143
2840,143
2841,143
2842,143
2843,143
2844,143
2845,143
2846,143
2847,143
2848,143
2849,143
2850,143
2851,143
2852,143
2853,143
2854,143
2855,143
2856,143
2857,143
2858,143
2859,143
2860,143
2861,143
2862,143
2863,143
2864,143
2865,143
2866,143
2867,143
2868,143
2869,143
2870,143
2871,143
2872,143
2873,143
2874,143
2875,143
2876,143
2877,143
2878,143
2879,143
2880,143
2881,143
2882,143
2883,143
2884,143
2885,143
2886,143
2887,143
2888,143
2889,143
2890,143
2891,143
2892,143
2893,143
2894,143
2895,143
2896,143
2897,143
2898,143
2899,143
2900,143
2901,143
2902,143
2903,143
2904,143
2905,143
2906,143
2907,143
2908,143
2909,143
2910,143
2911,143
2912,143
2913,143
2914,143
2915,143
2916,143
2917,143
2918,143
2919,143
2920,143
2921,143
2922,143
2923,143
2924,143
2925,143
2926,143
2927,143
2928,143
2929,143
2930,143
2931,143
2932,143
2933,143
2934,143
2935,143
2936,143
2937,143
2938,143
2939,143
2940,143
2941,143
2942,143
2943,143
2944,143
2945,143
2946,143
2947,143
2948,143
2949,143
2950,143
2951,143
2952,143
2953,143
2954,143
2955,143
2956,143
2957,143
2958,143
2959,143
2960,143
2961,143
2962,143
2963,143
2964,143
2965,143
2966,143
2967,143
2968,143
2969,143
2970,143
2971,143
2972,143
2973,143
2974,143
2975,143
2976,143
2977,143
2978,143
2979,143
2980,143
2981,143
2982,143
2983,143
2984,143
2985,143
2986,143
2987,143
2988,143
2989,143
2990,143
2991,143
2992,143
2993,143
2994,143
2995,143
2996,143
2997,143
2998,143
2999,143
3000,143
3001,143
3002,143
3003,143
3004,143
3005,143
3006,143
3007,143
3008,143
3009,143
3010,143
3011,143
3012,143
3013,143
3014,143
3015,143
3016,143
3017,143
3018,143
3019,143
3020,143
3021,143
3022,143
3023,143
3024,143
3025,143
3026,143
3027,143
3028,143
3029,143
3030,143
3031,143
3032,143
3033,143
3034,143
3035,143
3036,143
3037,143
3038,143
3039,143
3040,143
3041,143
3042,143
3043,143
3044,143
3045,143
3046,143
3047,143
3048,143
3049,143
3050,143
3051,143
3052,143
3053,143
3054,143
3055,143
3056,143
3057,143
3058,143
3059,143
3060,143
3061,143
3062,143
3063,143
3064,143
3065,143
3066,143
3067,143
3068,143
3069,143
3070,143
3071,143
3072,143
3073,143
3074,143
3075,143
3076,143
3077,143
3078,143
3079,143
3080,143
3081,143
3082,143
3083,143
3084,143
3085,143
3086,143
3087,143
3088,143
3089,143
3090,143
3091,143
3092,143
3093,143
3094,143
3095,143
3096,143
3097,143
3098,143
3099,143
3100,143
3101,143
3102,143
3103,143
3104,143
3105,143
3106,143
3107,143
3108,143
3109,143
3110,143
3111,143
3112,143
3113,143
3114,143
3115,143
3116,143
3117,143
3118,143
3119,143
3120,143
3121,143
3122,143
3123,143
3124,143
3125,143
3126,143
3127,143
3128,143
3129,143
3130,143
3131,143
3132,143
3133,143
3134,143
3135,143
3136,143
3137,143
3138,143
3139,143
3140,143
3141,143
3142,143
3143,143
3144,143
3145,143
3146,143
3147,143
3148,143
3149,143
3150,143
3151,143
3152,143
3153,143
3154,143
3155,143
3156,143
3157,143
3158,143
3159,143
3160,143
3161,143
3162,143
3163,143
3164,143
3165,143
3166,143
3167,143
3168,143
3169,143
3170,143
3171,143
3172,143
3173,143
3174,143
3175,143
3176,143
3177,143
3178,143
3179,143
3180,143
3181,143
3182,143
3183,143
3184,143
3185,143
3186,143
3187,143
3188,143
3189,143
3190,143
3191,143
3192,143
3193,143
3194,143
3195,143
3196,143
3197,143
3198,143
3199,143
3200,143
3201,143
3202,143
3203,143
3204,143
3205,143
3206,143
3207,143
3208,143
3209,143
3210,143
3211,143
3212,143
3213,143
3214,143
3215,143
3216,143
3217,143
3218,143
3219,143
3220,143
3221,143
3222,143
3223,143
3224,143
3225,143
3226,143
3227,143
3228,143
3229,143
3230,143
3231,143
3232,143
3233,143
3234,143
3235,143
3236,143
3237,143
3238,143
3239,143
3240,143
3241,143
3242,143
3243,143
3244,143
3245,143
3246,143
3247,143
3248,143
3249,143
3250,143
3251,143
3252,143
3253,143
3254,143
3255,143
3256,143
3257,143
3258,143
3259,143
3260,143
3261,143
3262,143
3263,143
3264,143
3265,143
3266,143
3267,143
3268,143
3269,143
3270,143
3271,143
3272,143
3273,143
3274,143
3275,143
3276,143
3277,143
3278,143
3279,143
3280,143
3281,143
3282,143
3283,143
3284,143
3285,143
3286,143
3287,143
3288,143
3289,143
3290,143
3291,143
3292,143
3293,143
3294,143
3295,143
3296,143
3297,143
3298,143
3299,143
3300,143
3301,143
3302,143
3303,143
3304,143
3305,143
3306,143
3307,143
3308,143
3309,143
3310,143
3311,143
3312,143
3313,143
3314,143
3315,143
3316,143
3317,143
3318,143
3319,143
3320,143
3321,143
3322,143
3323,143
3324,143
3325,143
3326,143
3327,143
3328,143
3329,143
3330,143
3331,143
3332,143
3333,143
3334,143
3335,143
3336,143
3337,143
3338,143
3339,143
3340,143
3341,143
3342,143
3343,143
3344,143
3345,143
3346,143
3347,143
3348,143
3349,143
3350,143
3351,143
3352,143
3353,143
3354,143
3355,143
3356,143
3357,143
3358,143
3359,143
3360,143
3361,143
3362,143
3363,143
3364,143
3365,143
3366,143
3367,143
3368,143
3369,143
3370,143
3371,143
3372,143
3373,143
3374,143
3375,143
3376,143
3377,143
3378,143
3379,143
3380,143
3381,143
3382,143
3383,143
3384,143
3385,143
3386,143
3387,143
3388,143
3389,143
3390,143
3391,143
3392,143
3393,143
3394,143
3395,143
3396,143
3397,143
3398,143
3399,143
3400,143
3401,143
3402,143
3403,143
3404,143
3405,143
3406,143
3407,143
3408,143
3409,143
3410,143
3411,143
3412,143
3413,143
3414,143
3415,143
3416,143
3417,143
3418,143
3419,143
3420,143
3421,143
3422,143
3423,143
3424,143
3425,143
3426,143
3427,143
3428,143
3429,143
3430,143
3431,143
3432,143
3433,143
3434,143
3435,143
3436,143
3437,143
3438,143
3439,143
3440,143
3441,143
3442,143
3443,143
3444,143
3445,143
3446,143
3447,143
3448,143
3449,143
3450,143
3451,143
3452,143
3453,143
3454,143
3455,143
3456,143
3457,143
3458,143
3459,143
3460,143
3461,143
3462,143
3463,143
3464,143
3465,143
3466,143
3467,143
3468,143
3469,143
3470,143
3471,143
3472,143
3473,143
3474,143
3475,143
3476,143
3477,143
3478,143
3479,143
3480,143
3481,143
3482,143
3483,143
3484,143
3485,143
3486,143
3487,143
3488,143
3489,143
3490,143
3491,143
3492,143
3493,143
3494,143
3495,143
3496,143
3497,143
3498,143
3499,143
3500,143
3501,143
3502,143
3503,143
3504,143
3505,143
3506,143
3507,143
3508,143
3509,143
3510,143
3511,143
3512,143
3513,143
3514,143
3515,143
3516,143
3517,143
3518,143
3519,143
3520,143
3521,143
3522,143
3523,143
3524,143
3525,143
3526,143
3527,143
3528,143
3529,143
3530,143
3531,143
3532,143
3533,143
3534,143
3535,143
3536,143
3537,143
3538,143
3539,143
3540,143
3541,143
3542,143
3543,143
3544,143
3545,143
3546,143
3547,143
3548,143
3549,143
3550,143
3551,143
3552,143
3553,143
3554,143
3555,143
3556,143
3557,143
3558,143
3559,143
3560,143
3561,143
3562,143
3563,143
3564,143
3565,143
3566,143
3567,143
3568,143
3569,143
3570,143
3571,143
3572,143
3573,143
3574,143
3575,143
3576,143
3577,143
3578,143
3579,143
3580,143
3581,143
3582,143
3583,143
3584,143
3585,143
3586,143
3587,143
3588,143
3589,143
3590,143
3591,143
3592,143
3593,143
3594,143
3595,143
3596,143
3597,143
3598,143
3599,143
3600,143
3601,143
3602,143
3603,143
3604,143
3605,143
3606,143
3607,143
3608,143
3609,143
3610,143
3611,143
3612,143
3613,143
3614,143
3615,143
3616,143
3617,143
3618,143
3619,143
3620,143
3621,143
3622,143
3623,143
3624,143
3625,143
3626,143
3627,143
3628,143
3629,143
3630,143
3631,143
3632,143
3633,143
3634,143
3635,143
3636,143
3637,143
3638,143
3639,143
3640,143
3641,143
3642,143
3643,143
3644,143
3645,143
3646,143
3647,143
3648,143
3649,143
3650,143
3651,143
3652,143
3653,143
3654,143
3655,143
3656,143
3657,143
3658,143
3659,143
3660,143
3661,143
3662,143
3663,143
3664,143
3665,143
3666,143
3667,143
3668,143
3669,143
3670,143
3671,143
3672,143
3673,143
3674,143
3675,143
3676,143
3677,143
3678,143
3679,143
3680,143
3681,143
3682,143
3683,143
3684,143
3685,143
3686,143
3687,143
3688,143
3689,143
3690,143
3691,143
3692,143
3693,143
3694,143
3695,143
3696,143
3697,143
3698,143
3699,143
3700,143
3701,143
3702,143
3703,143
3704,143
3705,143
3706,143
3707,143
3708,143
3709,143
3710,143
3711,143
3712,143
3713,143
3714,143
3715,143
3716,143
3717,143
3718,143
3719,143
3720,143
3721,143
3722,143
3723,143
3724,143
3725,143
3726,143
3727,143
3728,143
3729,143
3730,143
3731,143
3732,143
3733,143
3734,143
3735,143
3736,143
3737,143
3738,143
3739,143
3740,143
3741,143
3742,143
3743,143
3744,143
3745,143
3746,143
3747,143
3748,143
3749,143
3750,143
3751,144
3752,144
3753,144
3754,144
3755,144
3756,144
3757,144
3758,144
3759,144
3760,144
3761,144
3762,144
3763,144
3764,144
3765,144
3766,144
3767,144
3768,144
3769,144
3770,144
3771,144
3772,144
3773,144
3774,144
3775,144
3776,144
3777,144
3778,144
3779,144
3780,144
3781,144
3782,144
3783,144
3784,144
3785,144
3786,144
3787,144
3788,144
3789,144
3790,144
3791,144
3792,144
3793,144
3794,144
3795,144
3796,144
3797,144
3798,144
3799,144
3800,144
3801,144
3802,144
3803,144
3804,144
3805,144
3806,144
3807,144
3808,144
3809,144
3810,144
3811,144
3812,144
3813,144
3814,144
3815,144
3816,144
3817,144
3818,144
3819,144
3820,144
3821,144
3822,144
3823,144
3824,144
3825,144
3826,144
3827,144
3828,144
3829,144
3830,144
3831,144
3832,144
3833,144
3834,144
3835,144
3836,144
3837,144
3838,144
3839,144
3840,144
3841,144
3842,144
3843,144
3844,144
3845,144
3846,144
3847,144
3848,144
3849,144
3850,144
3851,144
3852,144
3853,144
3854,144
3855,144
3856,144
3857,144
3858,144
3859,144
3860,144
3861,144
3862,144
3863,144
3864,144
3865,144
3866,144
3867,144
3868,144
3869,144
3870,144
3871,144
3872,144
3873,144
3874,144
3875,144
3876,144
3877,144
3878,144
3879,144
3880,144
3881,144
3882,144
3883,144
3884,144
3885,144
3886,144
3887,144
3888,144
3889,144
3890,144
3891,144
3892,144
3893,144
3894,144
3895,144
3896,144
3897,144
3898,144
3899,144
3900,144
3901,144
3902,144
3903,144
3904,144
3905,144
3906,144
3907,144
3908,144
3909,144
3910,144
3911,144
3912,144
3913,144
3914,144
3915,144
3916,144
3917,144
3918,144
3919,144
3920,144
3921,144
3922,144
3923,144
3924,144
3925,144
3926,144
3927,144
3928,144
3929,144
3930,144
3931,144
3932,144
3933,144
3934,144
3935,144
3936,144
3937,144
3938,144
3939,144
3940,144
3941,144
3942,144
3943,144
3944,144
3945,144
3946,144
3947,144
3948,144
3949,144
3950,144
3951,144
3952,144
3953,144
3954,144
3955,144
3956,144
3957,144
3958,144
3959,144
3960,144
3961,144
3962,144
3963,144
3964,144
3965,144
3966,144
3967,144
3968,144
3969,144
3970,144
3971,144
3972,144
3973,144
3974,144
3975,144
3976,144
3977,144
3978,144
3979,144
3980,144
3981,144
3982,144
3983,144
3984,144
3985,144
3986,144
3987,144
3988,144
3989,144
3990,144
3991,144
3992,144
3993,144
3994,144
3995,144
3996,144
3997,144
3998,144
3999,144
4000,144
4001,144
4002,144
4003,144
4004,144
4005,144
4006,144
4007,144
4008,144
4009,144
4010,144
4011,144
4012,144
4013,144
4014,144
4015,144
4016,144
4017,144
4018,144
4019,144
4020,144
4021,144
4022,144
4023,144
4024,144
4025,144
4026,144
4027,144
4028,144
4029,144
4030,144
4031,144
4032,144
4033,144
4034,144
4035,144
4036,144
4037,144
4038,144
4039,144
4040,144
4041,144
4042,144
4043,144
4044,144
4045,144
4046,144
4047,144
4048,144
4049,144
4050,144
4051,144
4052,144
4053,144
4054,144
4055,144
4056,144
4057,144
4058,144
4059,144
4060,144
4061,144
4062,144
4063,144
4064,144
4065,144
4066,144
4067,144
4068,144
4069,144
4070,144
4071,144
4072,144
4073,144
4074,145
