0,0
1,1
2,2
3,3
4,4
5,5
6,6
7,7
8,8
9,9
10,10
11,11
12,12
13,13
14,13
15,14
16,15
17,15
18,16
19,16
20,17
21,18
22,19
23,20
24,21
25,22
26,23
27,24
28,25
29,26
30,26
31,27
32,27
33,28
34,29
35,29
36,30
37,31
38,31
39,31
40,32
41,33
42,34
43,35
44,35
45,36
46,36
47,36
48,36
49,36
50,36
51,37
52,38
53,38
54,39
55,39
56,40
57,41
58,42
59,43
60,43
61,43
62,43
63,43
64,43
65,43
66,43
67,43
68,43
69,43
70,44
71,44
72,44
73,44
74,44
75,45
76,45
77,45
78,45
79,46
80,46
81,47
82,47
83,47
84,48
85,48
86,49
87,50
88,51
89,52
90,52
91,52
92,52
93,53
94,53
95,54
96,55
97,55
98,55
99,56
100,56
101,56
102,56
103,57
104,58
105,58
106,58
107,58
108,58
109,59
110,60
111,61
112,61
113,61
114,61
115,61
116,61
117,61
118,61
119,61
120,61
121,62
122,63
123,63
124,63
125,63
126,63
127,64
128,65
129,66
130,66
131,66
132,67
133,68
134,68
135,68
136,68
137,68
138,68
139,69
140,69
141,69
142,69
143,69
144,70
145,70
146,70
147,70
148,70
149,70
150,70
151,70
152,70
153,70
154,70
155,70
156,70
157,70
158,71
159,72
160,72
161,73
162,74
163,75
164,76
165,77
166,78
167,79
168,80
169,81
170,82
171,83
172,84
173,85
174,86
175,86
176,87
177,87
178,87
179,88
180,88
181,88
182,89
183,89
184,89
185,89
186,89
187,90
188,91
189,92
190,92
191,92
192,92
193,92
194,92
195,92
196,92
197,92
198,93
199,93
200,93
201,93
202,93
203,93
204,93
205,94
206,94
207,94
208,94
209,94
210,94
211,94
212,94
213,94
214,95
215,95
216,95
217,95
218,95
219,96
220,96
221,96
222,96
223,96
224,96
225,96
226,96
227,97
228,97
229,97
230,97
231,97
232,97
233,97
234,97
235,97
236,97
237,97
238,98
239,98
240,98
241,98
242,98
243,98
244,98
245,98
246,98
247,98
248,98
249,98
250,98
251,98
252,98
253,98
254,98
255,98
256,98
257,98
258,98
259,98
260,98
261,98
262,98
263,98
264,98
265,98
266,99
267,100
268,100
269,100
270,100
271,100
272,100
273,100
274,100
275,100
276,100
277,100
278,100
279,101
280,101
281,101
282,101
283,101
284,101
285,101
286,101
287,101
288,101
289,101
290,101
291,101
292,101
293,101
294,101
295,101
296,101
297,101
298,101
299,101
300,101
301,101
302,101
303,101
304,101
305,101
306,101
307,101
308,101
309,101
310,101
311,101
312,101
313,101
314,101
315,101
316,101
317,102
318,102
319,102
320,102
321,102
322,102
323,102
324,103
325,104
326,104
327,104
328,104
329,104
330,104
331,104
332,104
333,104
334,104
335,104
336,104
337,104
338,104
339,104
340,105
341,105
342,105
343,105
344,105
345,105
346,105
347,105
348,105
349,105
350,105
351,105
352,105
353,105
354,105
355,105
356,105
357,105
358,105
359,105
360,105
361,105
362,105
363,105
364,105
365,105
366,105
367,105
368,105
369,105
370,105
371,105
372,105
373,105
374,105
375,105
376,105
377,105
378,105
379,105
380,105
381,105
382,106
383,107
384,107
385,107
386,107
387,107
388,107
389,107
390,107
391,107
392,107
393,107
394,107
395,107
396,107
397,107
398,107
399,107
400,107
401,107
402,107
403,107
404,107
405,107
406,107
407,107
408,108
409,108
410,108
411,108
412,108
413,108
414,108
415,108
416,108
417,108
418,108
419,108
420,108
421,108
422,108
423,108
424,109
425,110
426,111
427,111
428,112
429,112
430,112
431,112
432,112
433,112
434,112
435,112
436,112
437,113
438,113
439,113
440,113
441,114
442,114
443,114
444,114
445,114
446,114
447,115
448,115
449,115
450,115
451,115
452,115
453,115
454,115
455,115
456,115
457,115
458,115
459,115
460,115
461,115
462,115
463,115
464,115
465,115
466,115
467,115
468,115
469,115
470,115
471,115
472,115
473,115
474,115
475,115
476,116
477,116
478,116
479,116
480,116
481,116
482,116
483,116
484,116
485,116
486,116
487,116
488,116
489,116
490,116
491,116
492,116
493,116
494,116
495,116
496,116
497,116
498,116
499,116
500,116
501,116
502,116
503,116
504,116
505,116
506,116
507,116
508,116
509,116
510,116
511,116
512,116
513,116
514,116
515,116
516,116
517,116
518,116
519,116
520,116
521,116
522,116
523,116
524,116
525,116
526,116
527,116
528,116
529,116
530,116
531,117
532,117
533,118
534,119
535,120
536,120
537,120
538,120
539,120
540,120
541,120
542,120
543,120
544,120
545,120
546,121
547,121
548,121
549,121
550,121
551,121
552,121
553,121
554,121
555,121
556,121
557,121
558,121
559,121
560,121
561,121
562,121
563,121
564,121
565,121
566,121
567,121
568,121
569,121
570,121
571,121
572,121
573,121
574,121
575,121
576,121
577,121
578,121
579,121
580,121
581,121
582,121
583,121
584,121
585,121
586,121
587,121
588,121
589,121
590,121
591,121
592,121
593,121
594,121
595,121
596,121
597,121
598,121
599,121
600,121
601,121
602,121
603,121
604,121
605,121
606,121
607,121
608,121
609,121
610,121
611,121
612,121
613,121
614,121
615,121
616,121
617,121
618,121
619,121
620,121
621,121
622,121
623,121
624,121
625,121
626,121
627,121
628,121
629,121
630,121
631,122
632,122
633,122
634,122
635,122
636,122
637,122
638,122
639,122
640,122
641,122
642,122
643,122
644,122
645,122
646,122
647,122
648,122
649,122
650,122
651,122
652,122
653,122
654,122
655,122
656,122
657,122
658,122
659,122
660,122
661,122
662,122
663,122
664,122
665,122
666,122
667,122
668,122
669,122
670,122
671,122
672,122
673,122
674,122
675,122
676,122
677,122
678,122
679,122
680,122
681,122
682,122
683,122
684,122
685,122
686,122
687,122
688,122
689,122
690,122
691,122
692,122
693,122
694,122
695,122
696,122
697,122
698,122
699,122
700,122
701,122
702,122
703,122
704,122
705,122
706,122
707,122
708,122
709,122
710,122
711,122
712,122
713,122
714,122
715,122
716,122
717,122
718,122
719,122
720,122
721,122
722,122
723,122
724,122
725,122
726,122
727,122
728,122
729,122
730,122
731,122
732,122
733,122
734,122
735,122
736,122
737,122
738,122
739,122
740,122
741,122
742,122
743,122
744,122
745,122
746,122
747,122
748,122
749,122
750,122
751,122
752,122
753,122
754,122
755,122
756,122
757,122
758,122
759,122
760,122
761,122
762,122
763,122
764,122
765,122
766,122
767,122
768,122
769,122
770,122
771,122
772,122
773,122
774,122
775,122
776,122
777,122
778,122
779,122
780,122
781,122
782,122
783,122
784,122
785,122
786,122
787,122
788,122
789,122
790,122
791,122
792,122
793,122
794,122
795,122
796,122
797,122
798,122
799,123
800,123
801,123
802,124
803,124
804,124
805,124
806,124
807,124
808,124
809,124
810,124
811,124
812,124
813,124
814,124
815,124
816,124
817,124
818,124
819,124
820,124
821,124
822,124
823,124
824,124
825,124
826,124
827,124
828,124
829,124
830,124
831,124
832,124
833,124
834,124
835,124
836,124
837,124
838,124
839,124
840,124
841,124
842,124
843,124
844,124
845,124
846,124
847,124
848,124
849,125
850,125
851,125
852,125
853,126
854,126
855,127
856,128
857,129
858,130
859,131
860,132
861,132
862,132
863,132
864,132
865,132
866,132
867,132
868,132
869,132
870,132
871,132
872,132
873,132
874,132
875,132
876,132
877,132
878,132
879,132
880,132
881,132
882,132
883,132
884,132
885,132
886,132
887,132
888,132
889,132
890,132
891,132
892,132
893,132
894,132
895,132
896,132
897,132
898,132
899,132
900,132
901,132
902,132
903,132
904,132
905,132
906,132
907,132
908,132
909,132
910,132
911,132
912,132
913,132
914,132
915,132
916,132
917,132
918,132
919,132
920,132
921,132
922,132
923,132
924,132
925,132
926,132
927,132
928,132
929,132
930,132
931,132
932,132
933,132
934,132
935,132
936,132
937,132
938,132
939,132
940,132
941,132
942,132
943,132
944,132
945,132
946,132
947,132
948,132
949,132
950,132
951,132
952,132
953,132
954,132
955,132
956,132
957,132
958,132
959,132
960,132
961,132
962,132
963,132
964,132
965,132
966,132
967,132
968,132
969,132
970,132
971,132
972,132
973,132
974,132
975,132
976,132
977,132
978,132
979,132
980,132
981,132
982,132
983,132
984,132
985,132
986,132
987,132
988,132
989,132
990,132
991,132
992,132
993,132
994,132
995,132
996,132
997,132
998,132
999,132
1000,132
1001,132
1002,132
1003,132
1004,132
1005,132
1006,132
1007,132
1008,132
1009,132
1010,132
1011,132
1012,132
1013,132
1014,132
1015,132
1016,132
1017,132
1018,132
1019,132
1020,132
1021,132
1022,132
1023,132
1024,132
1025,132
1026,132
1027,132
1028,132
1029,132
1030,132
1031,132
1032,132
1033,132
1034,132
1035,132
1036,132
1037,132
1038,132
1039,132
1040,132
1041,132
1042,132
1043,132
1044,132
1045,132
1046,132
1047,132
1048,132
1049,132
1050,132
1051,132
1052,132
1053,132
1054,132
1055,132
1056,132
1057,132
1058,132
1059,132
1060,132
1061,132
1062,132
1063,132
1064,132
1065,132
1066,132
1067,132
1068,132
1069,132
1070,132
1071,132
1072,132
1073,132
1074,132
1075,132
1076,132
1077,132
1078,132
1079,132
1080,132
1081,132
1082,133
1083,133
1084,133
1085,133
1086,133
1087,133
1088,133
1089,133
1090,133
1091,133
1092,133
1093,133
1094,133
1095,133
1096,133
1097,133
1098,133
1099,133
1100,133
1101,133
1102,133
1103,133
1104,133
1105,133
1106,133
1107,133
1108,133
1109,133
1110,133
1111,133
1112,133
1113,133
1114,133
1115,133
1116,133
1117,133
1118,133
1119,133
1120,133
1121,133
1122,133
1123,133
1124,133
1125,133
1126,133
1127,133
1128,133
1129,133
1130,133
1131,133
1132,133
1133,133
1134,133
1135,133
1136,133
1137,133
1138,133
1139,133
1140,133
1141,133
1142,133
1143,133
1144,133
1145,133
1146,133
1147,133
1148,133
1149,133
1150,133
1151,133
1152,133
1153,133
1154,133
1155,133
1156,133
1157,133
1158,133
1159,133
1160,133
1161,133
1162,133
1163,133
1164,133
1165,133
1166,133
1167,133
1168,133
1169,133
1170,133
1171,133
1172,133
1173,133
1174,133
1175,133
1176,133
1177,133
1178,133
1179,133
1180,133
1181,133
1182,133
1183,133
1184,133
1185,133
1186,133
1187,133
1188,133
1189,133
1190,133
1191,133
1192,133
1193,133
1194,133
1195,133
1196,133
1197,133
1198,133
1199,133
1200,133
1201,133
1202,133
1203,133
1204,133
1205,133
1206,133
1207,133
1208,133
1209,133
1210,133
1211,133
1212,133
1213,133
1214,133
1215,133
1216,133
1217,133
1218,133
1219,133
1220,133
1221,133
1222,133
1223,133
1224,133
1225,133
1226,133
1227,133
1228,133
1229,133
1230,133
1231,133
1232,133
1233,133
1234,133
1235,133
1236,133
1237,133
1238,133
1239,133
1240,133
1241,133
1242,133
1243,133
1244,133
1245,133
1246,133
1247,133
1248,133
1249,133
1250,133
1251,133
1252,133
1253,133
1254,133
1255,133
1256,133
1257,133
1258,133
1259,133
1260,133
1261,133
1262,133
1263,133
1264,133
1265,133
1266,133
1267,133
1268,133
1269,133
1270,133
1271,133
1272,133
1273,133
1274,133
1275,133
1276,133
1277,133
1278,133
1279,133
1280,133
1281,133
1282,133
1283,133
1284,133
1285,133
1286,133
1287,133
1288,133
1289,133
1290,133
1291,133
1292,133
1293,133
1294,133
1295,133
1296,133
1297,133
1298,133
1299,133
1300,133
1301,133
1302,133
1303,133
1304,133
1305,133
1306,133
1307,133
1308,133
1309,133
1310,133
1311,133
1312,133
1313,133
1314,133
1315,133
1316,133
1317,133
1318,133
1319,133
1320,133
1321,133
1322,133
1323,133
1324,133
1325,133
1326,133
1327,133
1328,133
1329,133
1330,133
1331,133
1332,133
1333,133
1334,133
1335,133
1336,133
1337,133
1338,133
1339,133
1340,133
1341,133
1342,133
1343,133
1344,133
1345,133
1346,133
1347,133
1348,134
1349,135
1350,136
1351,137
1352,137
1353,137
1354,137
1355,137
1356,138
1357,138
1358,138
1359,138
1360,138
1361,138
1362,138
1363,138
1364,138
1365,138
1366,138
1367,138
1368,138
1369,138
1370,138
1371,138
1372,138
1373,138
1374,138
1375,138
1376,138
1377,138
1378,138
1379,138
1380,138
1381,138
1382,138
1383,138
1384,138
1385,138
1386,138
1387,138
1388,138
1389,138
1390,138
1391,138
1392,138
1393,138
1394,138
1395,138
1396,138
1397,138
1398,138
1399,138
1400,138
1401,138
1402,138
1403,138
1404,138
1405,138
1406,138
1407,138
1408,138
1409,138
1410,138
1411,138
1412,138
1413,138
1414,138
1415,138
1416,138
1417,138
1418,138
1419,138
1420,138
1421,138
1422,138
1423,138
1424,138
1425,138
1426,138
1427,138
1428,138
1429,138
1430,138
1431,138
1432,138
1433,138
1434,138
1435,138
1436,138
1437,138
1438,138
1439,138
1440,138
1441,138
1442,138
1443,138
1444,138
1445,138
1446,138
1447,138
1448,138
1449,138
1450,138
1451,138
1452,138
1453,138
1454,138
1455,138
1456,138
1457,138
1458,138
1459,138
1460,138
1461,138
1462,138
1463,138
1464,138
1465,138
1466,138
1467,138
1468,138
1469,138
1470,138
1471,138
1472,138
1473,138
1474,138
1475,138
1476,138
1477,138
1478,138
1479,138
1480,138
1481,138
1482,138
1483,138
1484,138
1485,138
1486,138
1487,138
1488,138
1489,138
1490,138
1491,138
1492,138
1493,138
1494,138
1495,138
1496,138
1497,138
1498,138
1499,138
1500,138
1501,138
1502,138
1503,138
1504,138
1505,138
1506,138
1507,138
1508,138
1509,138
1510,138
1511,138
1512,138
1513,138
1514,138
1515,138
1516,138
1517,138
1518,138
1519,138
1520,138
1521,138
1522,138
1523,138
1524,138
1525,138
1526,138
1527,138
1528,138
1529,138
1530,138
1531,138
1532,138
1533,138
1534,138
1535,138
1536,138
1537,138
1538,138
1539,138
1540,138
1541,138
1542,138
1543,138
1544,138
1545,138
1546,138
1547,138
1548,138
1549,138
1550,138
1551,138
1552,138
1553,138
1554,138
1555,138
1556,138
1557,138
1558,138
1559,138
1560,138
1561,138
1562,138
1563,138
1564,138
1565,138
1566,138
1567,138
1568,138
1569,138
1570,138
1571,138
1572,138
1573,138
1574,138
1575,138
1576,138
1577,138
1578,138
1579,138
1580,138
1581,138
1582,138
1583,138
1584,138
1585,138
1586,138
1587,138
1588,138
1589,138
1590,138
1591,138
1592,138
1593,138
1594,138
1595,138
1596,138
1597,138
1598,138
1599,138
1600,138
1601,138
1602,138
1603,138
1604,138
1605,138
1606,138
1607,138
1608,138
1609,138
1610,138
1611,138
1612,138
1613,138
1614,138
1615,138
1616,138
1617,138
1618,138
1619,138
1620,138
1621,138
1622,138
1623,138
1624,138
1625,138
1626,138
1627,138
1628,138
1629,138
1630,138
1631,138
1632,138
1633,138
1634,138
1635,138
1636,138
1637,138
1638,138
1639,138
1640,138
1641,138
1642,138
1643,138
1644,138
1645,138
1646,138
1647,138
1648,138
1649,138
1650,138
1651,138
1652,138
1653,138
1654,138
1655,138
1656,138
1657,138
1658,138
1659,138
1660,138
1661,138
1662,138
1663,138
1664,138
1665,138
1666,138
1667,138
1668,138
1669,138
1670,138
1671,138
1672,138
1673,138
1674,138
1675,138
1676,138
1677,138
1678,138
1679,138
1680,138
1681,138
1682,138
1683,138
1684,138
1685,138
1686,138
1687,138
1688,138
1689,138
1690,138
1691,138
1692,138
1693,138
1694,138
1695,138
1696,138
1697,138
1698,138
1699,138
1700,138
1701,138
1702,138
1703,138
1704,138
1705,138
1706,138
1707,138
1708,138
1709,138
1710,138
1711,138
1712,138
1713,138
1714,138
1715,138
1716,138
1717,138
1718,138
1719,138
1720,138
1721,138
1722,138
1723,138
1724,138
1725,138
1726,138
1727,138
1728,138
1729,138
1730,138
1731,138
1732,138
1733,138
1734,138
1735,138
1736,138
1737,138
1738,138
1739,138
1740,138
1741,138
1742,138
1743,138
1744,138
1745,138
1746,138
1747,138
1748,138
1749,138
1750,138
1751,138
1752,138
1753,138
1754,138
1755,138
1756,138
1757,138
1758,138
1759,138
1760,138
1761,138
1762,138
1763,138
1764,138
1765,138
1766,138
1767,138
1768,138
1769,138
1770,138
1771,138
1772,138
1773,138
1774,138
1775,138
1776,138
1777,138
1778,138
1779,138
1780,138
1781,138
1782,138
1783,138
1784,138
1785,138
1786,138
1787,138
1788,138
1789,138
1790,138
1791,138
1792,138
1793,138
1794,138
1795,138
1796,138
1797,138
1798,138
1799,138
1800,138
1801,138
1802,138
1803,138
1804,138
1805,138
1806,138
1807,138
1808,138
1809,138
1810,138
1811,138
1812,138
1813,138
1814,138
1815,138
1816,138
1817,138
1818,138
1819,138
1820,138
1821,138
1822,138
1823,138
1824,138
1825,138
1826,138
1827,138
1828,138
1829,138
1830,138
1831,138
1832,138
1833,138
1834,138
1835,138
1836,138
1837,138
1838,138
1839,138
1840,138
1841,138
1842,138
1843,138
1844,138
1845,138
1846,138
1847,138
1848,138
1849,138
1850,138
1851,138
1852,138
1853,138
1854,138
1855,138
1856,138
1857,138
1858,138
1859,138
1860,138
1861,138
1862,138
1863,138
1864,138
1865,138
1866,138
1867,138
1868,138
1869,138
1870,138
1871,138
1872,138
1873,138
1874,138
1875,138
1876,138
1877,138
1878,138
1879,138
1880,138
1881,138
1882,138
1883,138
1884,138
1885,138
1886,138
1887,138
1888,138
1889,138
1890,138
1891,138
1892,138
1893,138
1894,138
1895,138
1896,138
1897,138
1898,138
1899,138
1900,138
1901,138
1902,138
1903,138
1904,138
1905,138
1906,138
1907,138
1908,138
1909,138
1910,138
1911,138
1912,138
1913,138
1914,138
1915,138
1916,138
1917,138
1918,138
1919,138
1920,138
1921,138
1922,138
1923,138
1924,138
1925,138
1926,138
1927,138
1928,138
1929,138
1930,138
1931,138
1932,138
1933,138
1934,138
1935,138
1936,138
1937,138
1938,138
1939,138
1940,138
1941,138
1942,138
1943,138
1944,138
1945,138
1946,138
1947,138
1948,138
1949,138
1950,138
1951,138
1952,138
1953,138
1954,138
1955,138
1956,138
1957,138
1958,138
1959,138
1960,138
1961,138
1962,138
1963,138
1964,138
1965,138
1966,138
1967,138
1968,138
1969,138
1970,138
1971,138
1972,138
1973,138
1974,138
1975,138
1976,138
1977,138
1978,138
1979,138
1980,138
1981,138
1982,138
1983,138
1984,138
1985,138
1986,138
1987,138
1988,138
1989,138
1990,138
1991,138
1992,138
1993,138
1994,138
1995,138
1996,138
1997,138
1998,138
1999,138
2000,138
2001,138
2002,138
2003,138
2004,138
2005,138
2006,138
2007,138
2008,138
2009,138
2010,138
2011,138
2012,138
2013,138
2014,138
2015,138
2016,138
2017,138
2018,138
2019,138
2020,138
2021,138
2022,138
2023,138
2024,138
2025,138
2026,138
2027,138
2028,138
2029,138
2030,138
2031,138
2032,138
2033,138
2034,138
2035,138
2036,138
2037,138
2038,138
2039,138
2040,138
2041,138
2042,138
2043,138
2044,138
2045,138
2046,138
2047,138
2048,138
2049,138
2050,138
2051,138
2052,138
2053,138
2054,138
2055,138
2056,138
2057,138
2058,138
2059,138
2060,138
2061,138
2062,138
2063,138
2064,138
2065,138
2066,138
2067,138
2068,138
2069,138
2070,138
2071,138
2072,138
2073,138
2074,138
2075,138
2076,138
2077,138
2078,138
2079,138
2080,138
2081,138
2082,138
2083,138
2084,138
2085,138
2086,138
2087,138
2088,138
2089,138
2090,138
2091,138
2092,138
2093,138
2094,138
2095,138
2096,138
2097,138
2098,138
2099,138
2100,138
2101,138
2102,138
2103,138
2104,138
2105,138
2106,138
2107,138
2108,138
2109,138
2110,138
2111,138
2112,138
2113,138
2114,138
2115,138
2116,138
2117,138
2118,138
2119,138
2120,138
2121,138
2122,138
2123,138
2124,138
2125,138
2126,138
2127,138
2128,138
2129,138
2130,138
2131,138
2132,138
2133,138
2134,138
2135,138
2136,138
2137,138
2138,138
2139,138
2140,138
2141,138
2142,138
2143,138
2144,138
2145,138
2146,138
2147,138
2148,138
2149,138
2150,138
2151,138
2152,138
2153,138
2154,138
2155,138
2156,138
2157,138
2158,138
2159,138
2160,138
2161,138
2162,138
2163,138
2164,138
2165,138
2166,138
2167,138
2168,138
2169,138
2170,138
2171,138
2172,138
2173,138
2174,138
2175,138
2176,138
2177,138
2178,138
2179,138
2180,138
2181,138
2182,138
2183,138
2184,138
2185,138
2186,138
2187,138
2188,138
2189,138
2190,138
2191,138
2192,138
2193,138
2194,138
2195,138
2196,138
2197,138
2198,138
2199,138
2200,138
2201,138
2202,138
2203,138
2204,138
2205,138
2206,138
2207,138
2208,138
2209,138
2210,138
2211,138
2212,138
2213,138
2214,138
2215,138
2216,138
2217,138
2218,138
2219,138
2220,138
2221,138
2222,138
2223,138
2224,138
2225,138
2226,138
2227,138
2228,138
2229,138
2230,138
2231,138
2232,138
2233,138
2234,138
2235,138
2236,138
2237,138
2238,138
2239,138
2240,138
2241,139
2242,139
2243,139
2244,139
2245,139
2246,139
2247,139
2248,139
2249,139
2250,139
2251,139
2252,139
2253,139
2254,139
2255,139
2256,139
2257,139
2258,139
2259,139
2260,139
2261,139
2262,139
2263,139
2264,139
2265,139
2266,139
2267,139
2268,139
2269,139
2270,139
2271,139
2272,139
2273,139
2274,139
2275,139
2276,139
2277,139
2278,139
2279,139
2280,139
2281,139
2282,139
2283,139
2284,139
2285,139
2286,139
2287,139
2288,139
2289,139
2290,139
2291,139
2292,139
2293,139
2294,139
2295,139
2296,139
2297,139
2298,139
2299,139
2300,139
2301,139
2302,139
2303,139
2304,139
2305,139
2306,139
2307,139
2308,139
2309,139
2310,139
2311,139
2312,139
2313,139
2314,139
2315,139
2316,139
2317,139
2318,139
2319,139
2320,139
2321,139
2322,139
2323,139
2324,139
2325,139
2326,139
2327,139
2328,139
2329,139
2330,139
2331,139
2332,139
2333,139
2334,139
2335,139
2336,139
2337,139
2338,139
2339,139
2340,139
2341,139
2342,139
2343,139
2344,139
2345,139
2346,139
2347,139
2348,139
2349,139
2350,139
2351,139
2352,139
2353,139
2354,139
2355,139
2356,139
2357,139
2358,139
2359,139
2360,139
2361,139
2362,139
2363,139
2364,139
2365,139
2366,139
2367,139
2368,139
2369,139
2370,139
2371,139
2372,139
2373,139
2374,139
2375,139
2376,139
2377,139
2378,139
2379,139
2380,139
2381,139
2382,139
2383,139
2384,139
2385,139
2386,139
2387,139
2388,139
2389,139
2390,139
2391,139
2392,139
2393,139
2394,139
2395,139
2396,139
2397,139
2398,139
2399,139
2400,139
2401,139
2402,139
2403,139
2404,139
2405,139
2406,139
2407,139
2408,139
2409,139
2410,139
2411,139
2412,139
2413,139
2414,139
2415,139
2416,139
2417,139
2418,139
2419,139
2420,139
2421,139
2422,139
2423,139
2424,139
2425,139
2426,139
2427,139
2428,139
2429,139
2430,139
2431,139
2432,139
2433,139
2434,139
2435,139
2436,139
2437,139
2438,139
2439,139
2440,139
2441,139
2442,139
2443,139
2444,139
2445,139
2446,139
2447,139
2448,139
2449,139
2450,139
2451,139
2452,139
2453,139
2454,139
2455,139
2456,139
2457,139
2458,139
2459,139
2460,139
2461,139
2462,139
2463,139
2464,139
2465,139
2466,139
2467,139
2468,139
2469,139
2470,139
2471,139
2472,139
2473,139
2474,139
2475,139
2476,139
2477,139
2478,139
2479,139
2480,139
2481,139
2482,139
2483,139
2484,139
2485,139
2486,139
2487,139
2488,139
2489,139
2490,139
2491,139
2492,139
2493,139
2494,140
2495,140
2496,140
2497,140
2498,140
2499,140
2500,140
2501,140
2502,140
2503,140
2504,140
2505,140
2506,140
2507,140
2508,140
2509,141
2510,141
2511,141
2512,141
2513,141
2514,141
2515,141
2516,141
2517,141
2518,141
2519,141
2520,141
2521,141
2522,141
2523,141
2524,141
2525,141
2526,141
2527,141
2528,141
2529,141
2530,141
2531,141
2532,141
2533,141
2534,141
2535,141
2536,141
2537,141
2538,141
2539,141
2540,141
2541,141
2542,141
2543,141
2544,141
2545,141
2546,141
2547,141
2548,141
2549,141
2550,141
2551,141
2552,141
2553,141
2554,141
2555,141
2556,141
2557,141
2558,141
2559,141
2560,141
2561,141
2562,141
2563,141
2564,141
2565,141
2566,141
2567,141
2568,141
2569,141
2570,141
2571,141
2572,141
2573,141
2574,141
2575,141
2576,141
2577,141
2578,141
2579,141
2580,141
2581,141
2582,141
2583,141
2584,141
2585,141
2586,141
2587,141
2588,141
2589,141
2590,141
2591,141
2592,141
2593,141
2594,141
2595,141
2596,141
2597,141
2598,141
2599,141
2600,141
2601,141
2602,141
2603,141
2604,141
2605,141
2606,141
2607,141
2608,141
2609,141
2610,141
2611,141
2612,141
2613,141
2614,141
2615,141
2616,141
2617,141
2618,141
2619,141
2620,141
2621,141
2622,141
2623,141
2624,141
2625,141
2626,141
2627,141
2628,141
2629,141
2630,141
2631,141
2632,141
2633,141
2634,141
2635,141
2636,141
2637,141
2638,141
2639,141
2640,141
2641,141
2642,141
2643,141
2644,141
2645,141
2646,141
2647,141
2648,141
2649,141
2650,141
2651,141
2652,141
2653,141
2654,141
2655,141
2656,141
2657,141
2658,141
2659,141
2660,141
2661,141
2662,141
2663,141
2664,141
2665,141
2666,141
2667,141
2668,141
2669,141
2670,141
2671,141
2672,141
2673,141
2674,141
2675,141
2676,141
2677,141
2678,141
2679,141
2680,141
2681,141
2682,141
2683,141
2684,141
2685,141
2686,141
2687,141
2688,141
2689,141
2690,141
2691,141
2692,141
2693,141
2694,141
2695,141
2696,141
2697,141
2698,141
2699,141
2700,141
2701,141
2702,141
2703,141
2704,141
2705,141
2706,141
2707,141
2708,141
2709,141
2710,141
2711,141
2712,141
2713,141
2714,141
2715,141
2716,141
2717,141
2718,141
2719,141
2720,141
2721,141
2722,141
2723,141
2724,141
2725,141
2726,141
2727,141
2728,141
2729,141
2730,141
2731,141
2732,141
2733,141
2734,141
2735,141
2736,141
2737,141
2738,141
2739,141
2740,141
2741,141
2742,141
2743,141
2744,141
2745,141
2746,141
2747,141
2748,141
2749,141
2750,141
2751,141
2752,141
2753,141
2754,141
2755,141
2756,141
2757,141
2758,141
2759,141
2760,141
2761,141
2762,141
2763,141
2764,141
2765,141
2766,141
2767,141
2768,141
2769,141
2770,141
2771,141
2772,141
2773,141
2774,141
2775,141
2776,141
2777,141
2778,141
2779,141
2780,141
2781,141
2782,141
2783,141
2784,141
2785,141
2786,141
2787,141
2788,141
2789,141
2790,141
2791,141
2792,141
2793,141
2794,141
2795,141
2796,141
2797,141
2798,141
2799,141
2800,141
2801,141
2802,141
2803,141
2804,141
2805,141
2806,141
2807,141
2808,141
2809,141
2810,141
2811,141
2812,141
2813,141
2814,141
2815,141
2816,141
2817,141
2818,141
2819,141
2820,141
2821,141
2822,141
2823,141
2824,141
2825,141
2826,141
2827,141
2828,141
2829,141
2830,141
2831,141
2832,141
2833,141
2834,141
2835,141
2836,141
2837,141
2838,141
2839,141
2840,141
2841,141
2842,141
2843,141
2844,141
2845,141
2846,141
2847,141
2848,141
2849,141
2850,141
2851,141
2852,141
2853,141
2854,141
2855,141
2856,141
2857,141
2858,141
2859,141
2860,141
2861,141
2862,141
2863,141
2864,141
2865,141
2866,141
2867,141
2868,141
2869,141
2870,141
2871,141
2872,141
2873,141
2874,141
2875,141
2876,141
2877,141
2878,141
2879,141
2880,142
2881,142
2882,142
2883,142
2884,142
2885,142
2886,142
2887,142
2888,142
2889,142
2890,142
2891,142
2892,142
2893,142
2894,142
2895,142
2896,142
2897,142
2898,142
2899,142
2900,142
2901,142
2902,142
2903,142
2904,142
2905,142
2906,142
2907,142
2908,142
2909,142
2910,142
2911,142
2912,142
2913,142
2914,142
2915,142
2916,142
2917,142
2918,142
2919,142
2920,142
2921,142
2922,142
2923,142
2924,142
2925,142
2926,142
2927,142
2928,142
2929,142
2930,142
2931,142
2932,142
2933,142
2934,142
2935,142
2936,142
2937,142
2938,142
2939,142
2940,142
2941,142
2942,142
2943,142
2944,142
2945,142
2946,142
2947,142
2948,142
2949,142
2950,142
2951,142
2952,142
2953,142
2954,142
2955,142
2956,142
2957,142
2958,142
2959,142
2960,142
2961,142
2962,142
2963,142
2964,142
2965,142
2966,142
2967,142
2968,142
2969,142
2970,142
2971,142
2972,142
2973,142
2974,142
2975,142
2976,142
2977,142
2978,142
2979,142
2980,142
2981,142
2982,142
2983,142
2984,142
2985,142
2986,142
2987,142
2988,142
2989,142
2990,142
2991,142
2992,142
2993,142
2994,142
2995,142
2996,142
2997,142
2998,142
2999,142
3000,142
3001,142
3002,142
3003,142
3004,142
3005,142
3006,142
3007,142
3008,142
3009,142
3010,142
3011,142
3012,142
3013,142
3014,142
3015,142
3016,142
3017,142
3018,142
3019,142
3020,142
3021,142
3022,142
3023,142
3024,142
3025,142
3026,142
3027,142
3028,142
3029,142
3030,142
3031,142
3032,142
3033,142
3034,142
3035,142
3036,142
3037,142
3038,142
3039,142
3040,142
3041,142
3042,142
3043,142
3044,142
3045,142
3046,142
3047,142
3048,142
3049,142
3050,142
3051,142
3052,142
3053,142
3054,142
3055,142
3056,142
3057,142
3058,142
3059,142
3060,142
3061,142
3062,142
3063,142
3064,142
3065,142
3066,142
3067,142
3068,142
3069,142
3070,142
3071,142
3072,142
3073,142
3074,142
3075,142
3076,142
3077,142
3078,142
3079,142
3080,142
3081,142
3082,142
3083,142
3084,142
3085,142
3086,142
3087,142
3088,142
3089,142
3090,142
3091,142
3092,142
3093,142
3094,142
3095,142
3096,142
3097,142
3098,142
3099,142
3100,142
3101,142
3102,142
3103,142
3104,142
3105,142
3106,142
3107,142
3108,142
3109,142
3110,142
3111,142
3112,142
3113,142
3114,142
3115,142
3116,142
3117,142
3118,142
3119,142
3120,142
3121,142
3122,142
3123,142
3124,142
3125,142
3126,142
3127,142
3128,142
3129,142
3130,142
3131,142
3132,142
3133,142
3134,142
3135,142
3136,142
3137,142
3138,142
3139,142
3140,142
3141,142
3142,142
3143,142
3144,142
3145,142
3146,142
3147,142
3148,142
3149,142
3150,142
3151,142
3152,142
3153,142
3154,142
3155,142
3156,142
3157,142
3158,142
3159,142
3160,142
3161,142
3162,142
3163,142
3164,142
3165,142
3166,142
3167,142
3168,142
3169,142
3170,142
3171,142
3172,142
3173,142
3174,142
3175,142
3176,142
3177,142
3178,142
3179,142
3180,142
3181,142
3182,142
3183,142
3184,142
3185,142
3186,142
3187,142
3188,142
3189,142
3190,142
3191,142
3192,142
3193,142
3194,142
3195,142
3196,142
3197,142
3198,142
3199,142
3200,142
3201,142
3202,142
3203,142
3204,142
3205,142
3206,142
3207,142
3208,142
3209,142
3210,142
3211,142
3212,142
3213,142
3214,142
3215,142
3216,142
3217,142
3218,142
3219,142
3220,142
3221,142
3222,142
3223,142
3224,142
3225,142
3226,142
3227,142
3228,142
3229,142
3230,142
3231,142
3232,142
3233,142
3234,142
3235,142
3236,142
3237,142
3238,142
3239,142
3240,142
3241,142
3242,142
3243,142
3244,142
3245,142
3246,142
3247,142
3248,142
3249,142
3250,142
3251,142
3252,142
3253,142
3254,142
3255,142
3256,142
3257,142
3258,142
3259,142
3260,142
3261,142
3262,142
3263,142
3264,142
3265,142
3266,142
3267,142
3268,142
3269,142
3270,142
3271,142
3272,142
3273,142
3274,142
3275,142
3276,142
3277,142
3278,142
3279,142
3280,142
3281,142
3282,142
3283,142
3284,142
3285,142
3286,142
3287,142
3288,142
3289,142
3290,142
3291,142
3292,142
3293,142
3294,142
3295,142
3296,142
3297,142
3298,142
3299,142
3300,142
3301,142
3302,142
3303,142
3304,142
3305,142
3306,142
3307,142
3308,142
3309,142
3310,142
3311,142
3312,142
3313,142
3314,142
3315,142
3316,142
3317,142
3318,142
3319,143
3320,143
3321,143
3322,143
3323,143
3324,143
3325,143
3326,143
3327,143
3328,143
3329,143
3330,143
3331,143
3332,143
3333,143
3334,143
3335,143
3336,143
3337,143
3338,143
3339,143
3340,143
3341,143
3342,143
3343,143
3344,143
3345,143
3346,143
3347,143
3348,143
3349,143
3350,143
3351,143
3352,143
3353,143
3354,143
3355,143
3356,143
3357,143
3358,143
3359,143
3360,143
3361,143
3362,143
3363,143
3364,143
3365,143
3366,143
3367,143
3368,143
3369,143
3370,143
3371,143
3372,143
3373,143
3374,143
3375,143
3376,143
3377,143
3378,143
3379,143
3380,143
3381,143
3382,143
3383,143
3384,143
3385,143
3386,143
3387,143
3388,143
3389,143
3390,143
3391,143
3392,143
3393,143
3394,143
3395,143
3396,143
3397,143
3398,143
3399,143
3400,143
3401,143
3402,143
3403,143
3404,143
3405,143
3406,143
3407,143
3408,143
3409,143
3410,143
3411,143
3412,143
3413,143
3414,143
3415,143
3416,143
3417,143
3418,143
3419,143
3420,143
3421,143
3422,143
3423,143
3424,143
3425,143
3426,143
3427,143
3428,143
3429,143
3430,143
3431,143
3432,143
3433,143
3434,143
3435,143
3436,143
3437,143
3438,143
3439,143
3440,143
3441,143
3442,143
3443,143
3444,143
3445,143
3446,143
3447,143
3448,143
3449,143
3450,143
3451,143
3452,143
3453,143
3454,143
3455,143
3456,143
3457,143
3458,143
3459,143
3460,143
3461,143
3462,143
3463,143
3464,143
3465,143
3466,143
3467,143
3468,143
3469,143
3470,143
3471,143
3472,143
3473,143
3474,143
3475,143
3476,143
3477,143
3478,143
3479,143
3480,143
3481,143
3482,143
3483,143
3484,143
3485,143
3486,143
3487,143
3488,143
3489,143
3490,143
3491,143
3492,143
3493,143
3494,143
3495,143
3496,143
3497,143
3498,143
3499,143
3500,143
3501,143
3502,143
3503,143
3504,143
3505,143
3506,143
3507,143
3508,143
3509,143
3510,143
3511,143
3512,143
3513,143
3514,143
3515,143
3516,143
3517,143
3518,143
3519,143
3520,143
3521,143
3522,143
3523,143
3524,143
3525,143
3526,143
3527,143
3528,143
3529,143
3530,143
3531,143
3532,143
3533,143
3534,143
3535,143
3536,143
3537,143
3538,143
3539,143
3540,143
3541,143
3542,143
3543,143
3544,143
3545,143
3546,143
3547,143
3548,143
3549,143
3550,143
3551,143
3552,143
3553,143
3554,143
3555,143
3556,143
3557,143
3558,143
3559,143
3560,143
3561,143
3562,143
3563,143
3564,143
3565,143
3566,143
3567,143
3568,143
3569,143
3570,143
3571,143
3572,143
3573,143
3574,143
3575,143
3576,143
3577,143
3578,143
3579,143
3580,143
3581,143
3582,143
3583,143
3584,143
3585,143
3586,143
3587,143
3588,143
3589,143
3590,143
3591,143
3592,143
3593,143
3594,143
3595,143
3596,143
3597,143
3598,143
3599,143
3600,143
3601,143
3602,143
3603,143
3604,143
3605,143
3606,143
3607,143
3608,143
3609,143
3610,143
3611,143
3612,143
3613,143
3614,143
3615,143
3616,143
3617,143
3618,143
3619,143
3620,143
3621,143
3622,143
3623,143
3624,143
3625,143
3626,143
3627,143
3628,143
3629,143
3630,143
3631,143
3632,143
3633,143
3634,143
3635,143
3636,143
3637,143
3638,143
3639,143
3640,143
3641,143
3642,143
3643,143
3644,143
3645,143
3646,143
3647,143
3648,143
3649,143
3650,143
3651,143
3652,143
3653,143
3654,143
3655,143
3656,143
3657,143
3658,143
3659,143
3660,143
3661,143
3662,143
3663,143
3664,143
3665,143
3666,143
3667,143
3668,143
3669,143
3670,143
3671,143
3672,143
3673,143
3674,143
3675,143
3676,143
3677,143
3678,143
3679,143
3680,143
3681,143
3682,143
3683,143
3684,143
3685,143
3686,143
3687,143
3688,143
3689,143
3690,143
3691,143
3692,143
3693,143
3694,143
3695,143
3696,143
3697,143
3698,143
3699,143
3700,143
3701,143
3702,143
3703,143
3704,143
3705,143
3706,143
3707,143
3708,143
3709,143
3710,143
3711,143
3712,143
3713,143
3714,143
3715,143
3716,143
3717,143
3718,143
3719,143
3720,143
3721,143
3722,143
3723,143
3724,143
3725,143
3726,143
3727,143
3728,143
3729,143
3730,143
3731,143
3732,143
3733,143
3734,143
3735,143
3736,143
3737,143
3738,143
3739,143
3740,143
3741,143
3742,143
3743,143
3744,143
3745,143
3746,143
3747,143
3748,143
3749,143
3750,143
3751,143
3752,143
3753,143
3754,143
3755,143
3756,143
3757,143
3758,143
3759,143
3760,143
3761,143
3762,143
3763,143
3764,143
3765,143
3766,143
3767,143
3768,143
3769,143
3770,143
3771,143
3772,143
3773,143
3774,143
3775,143
3776,143
3777,143
3778,143
3779,143
3780,143
3781,143
3782,143
3783,143
3784,143
3785,143
3786,143
3787,143
3788,143
3789,143
3790,143
3791,143
3792,143
3793,143
3794,143
3795,143
3796,143
3797,143
3798,143
3799,143
3800,143
3801,143
3802,143
3803,143
3804,143
3805,143
3806,143
3807,143
3808,143
3809,143
3810,143
3811,143
3812,143
3813,143
3814,143
3815,143
3816,143
3817,143
3818,143
3819,143
3820,143
3821,143
3822,143
3823,143
3824,143
3825,143
3826,143
3827,143
3828,143
3829,143
3830,143
3831,143
3832,143
3833,143
3834,143
3835,143
3836,143
3837,143
3838,143
3839,143
3840,143
3841,143
3842,143
3843,143
3844,143
3845,143
3846,143
3847,143
3848,143
3849,143
3850,143
3851,143
3852,143
3853,143
3854,143
3855,143
3856,143
3857,143
3858,143
3859,143
3860,143
3861,143
3862,143
3863,143
3864,143
3865,143
3866,143
3867,143
3868,143
3869,143
3870,143
3871,143
3872,143
3873,143
3874,143
3875,143
3876,143
3877,143
3878,143
3879,143
3880,143
3881,143
3882,143
3883,143
3884,143
3885,143
3886,143
3887,143
3888,143
3889,143
3890,143
3891,143
3892,143
3893,143
3894,143
3895,143
3896,143
3897,143
3898,143
3899,143
3900,143
3901,143
3902,143
3903,143
3904,143
3905,143
3906,143
3907,143
3908,143
3909,143
3910,143
3911,143
3912,143
3913,143
3914,143
3915,143
3916,143
3917,143
3918,143
3919,143
3920,143
3921,143
3922,143
3923,143
3924,143
3925,143
3926,143
3927,143
3928,143
3929,143
3930,143
3931,143
3932,143
3933,143
3934,143
3935,143
3936,143
3937,143
3938,143
3939,143
3940,143
3941,143
3942,143
3943,143
3944,143
3945,143
3946,143
3947,143
3948,143
3949,143
3950,143
3951,143
3952,143
3953,143
3954,143
3955,143
3956,143
3957,143
3958,143
3959,143
3960,143
3961,143
3962,143
3963,143
3964,143
3965,143
3966,143
3967,143
3968,143
3969,143
3970,143
3971,143
3972,143
3973,143
3974,143
3975,143
3976,143
3977,143
3978,143
3979,143
3980,143
3981,143
3982,143
3983,143
3984,143
3985,143
3986,143
3987,143
3988,143
3989,143
3990,143
3991,143
3992,143
3993,143
3994,143
3995,143
3996,143
3997,143
3998,143
3999,143
4000,143
4001,143
4002,143
4003,143
4004,143
4005,143
4006,143
4007,143
4008,143
4009,143
4010,143
4011,143
4012,143
4013,143
4014,143
4015,143
4016,143
4017,143
4018,143
4019,143
4020,143
4021,143
4022,143
4023,143
4024,143
4025,143
4026,143
4027,143
4028,143
4029,143
4030,143
4031,143
4032,143
4033,143
4034,143
4035,143
4036,143
4037,143
4038,143
4039,143
4040,143
4041,143
4042,143
4043,143
4044,143
4045,143
4046,143
4047,143
4048,143
4049,143
4050,143
4051,143
4052,143
4053,143
4054,143
4055,143
4056,143
4057,143
4058,143
4059,143
4060,143
4061,143
4062,143
4063,143
4064,143
4065,143
4066,143
4067,143
4068,143
4069,143
4070,143
4071,143
4072,143
4073,143
4074,143
4075,143
4076,143
4077,143
4078,143
4079,143
4080,143
4081,143
4082,143
4083,143
4084,143
4085,143
4086,143
4087,143
4088,143
4089,143
4090,143
4091,143
4092,143
4093,143
4094,143
4095,143
4096,143
4097,143
4098,143
4099,143
4100,143
4101,143
4102,143
4103,143
4104,143
4105,143
4106,143
4107,143
4108,143
4109,143
4110,143
4111,143
4112,143
4113,143
4114,143
4115,143
4116,143
4117,143
4118,143
4119,143
4120,143
4121,143
4122,143
4123,143
4124,143
4125,143
4126,143
4127,143
4128,143
4129,143
4130,143
4131,143
4132,143
4133,143
4134,143
4135,143
4136,143
4137,143
4138,143
4139,143
4140,143
4141,143
4142,143
4143,143
4144,143
4145,143
4146,143
4147,143
4148,143
4149,143
4150,143
4151,143
4152,143
4153,143
4154,143
4155,143
4156,143
4157,143
4158,143
4159,143
4160,143
4161,143
4162,143
4163,143
4164,143
4165,143
4166,143
4167,143
4168,143
4169,143
4170,143
4171,143
4172,143
4173,143
4174,143
4175,143
4176,143
4177,143
4178,143
4179,143
4180,143
4181,143
4182,143
4183,143
4184,143
4185,143
4186,143
4187,143
4188,143
4189,143
4190,143
4191,143
4192,143
4193,143
4194,143
4195,143
4196,143
4197,143
4198,143
4199,143
4200,143
4201,143
4202,143
4203,143
4204,143
4205,143
4206,143
4207,143
4208,143
4209,143
4210,143
4211,143
4212,143
4213,143
4214,143
4215,143
4216,143
4217,143
4218,143
4219,143
4220,143
4221,143
4222,143
4223,143
4224,143
4225,143
4226,143
4227,143
4228,143
4229,143
4230,143
4231,143
4232,143
4233,143
4234,143
4235,143
4236,143
4237,143
4238,143
4239,143
4240,143
4241,143
4242,143
4243,143
4244,143
4245,143
4246,143
4247,143
4248,143
4249,143
4250,143
4251,143
4252,143
4253,143
4254,143
4255,143
4256,143
4257,143
4258,144
4259,144
4260,144
4261,144
4262,144
4263,144
4264,144
4265,144
4266,144
4267,144
4268,144
4269,144
4270,144
4271,144
4272,144
4273,144
4274,144
4275,144
4276,144
4277,144
4278,144
4279,144
4280,144
4281,144
4282,144
4283,144
4284,144
4285,144
4286,144
4287,144
4288,144
4289,144
4290,144
4291,144
4292,144
4293,144
4294,144
4295,144
4296,144
4297,144
4298,144
4299,144
4300,144
4301,144
4302,144
4303,144
4304,144
4305,144
4306,144
4307,144
4308,144
4309,144
4310,144
4311,144
4312,144
4313,144
4314,144
4315,144
4316,144
4317,144
4318,144
4319,144
4320,144
4321,144
4322,144
4323,144
4324,144
4325,144
4326,144
4327,144
4328,144
4329,144
4330,144
4331,144
4332,144
4333,144
4334,144
4335,144
4336,144
4337,144
4338,144
4339,144
4340,144
4341,144
4342,144
4343,144
4344,144
4345,144
4346,144
4347,144
4348,144
4349,144
4350,144
4351,144
4352,144
4353,144
4354,144
4355,144
4356,144
4357,144
4358,144
4359,144
4360,144
4361,144
4362,144
4363,144
4364,144
4365,144
4366,144
4367,144
4368,144
4369,144
4370,144
4371,144
4372,144
4373,144
4374,144
4375,144
4376,144
4377,144
4378,144
4379,144
4380,144
4381,144
4382,144
4383,144
4384,144
4385,144
4386,144
4387,144
4388,144
4389,144
4390,144
4391,144
4392,144
4393,144
4394,144
4395,144
4396,144
4397,144
4398,144
4399,144
4400,144
4401,144
4402,144
4403,144
4404,144
4405,144
4406,144
4407,144
4408,144
4409,144
4410,144
4411,144
4412,144
4413,144
4414,144
4415,144
4416,144
4417,144
4418,144
4419,144
4420,144
4421,144
4422,144
4423,144
4424,144
4425,144
4426,144
4427,144
4428,144
4429,144
4430,144
4431,144
4432,144
4433,144
4434,144
4435,144
4436,144
4437,144
4438,144
4439,144
4440,144
4441,144
4442,144
4443,144
4444,144
4445,144
4446,144
4447,144
4448,144
4449,144
4450,144
4451,144
4452,144
4453,144
4454,144
4455,144
4456,144
4457,144
4458,144
4459,144
4460,144
4461,144
4462,144
4463,144
4464,144
4465,144
4466,144
4467,144
4468,144
4469,144
4470,144
4471,144
4472,144
4473,144
4474,144
4475,144
4476,144
4477,144
4478,144
4479,144
4480,144
4481,144
4482,144
4483,144
4484,144
4485,144
4486,144
4487,144
4488,144
4489,144
4490,144
4491,144
4492,144
4493,144
4494,144
4495,144
4496,144
4497,144
4498,144
4499,144
4500,144
4501,144
4502,144
4503,144
4504,144
4505,144
4506,144
4507,144
4508,144
4509,144
4510,144
4511,144
4512,144
4513,144
4514,144
4515,144
4516,144
4517,144
4518,144
4519,144
4520,144
4521,144
4522,144
4523,144
4524,144
4525,144
4526,144
4527,144
4528,144
4529,144
4530,144
4531,144
4532,144
4533,144
4534,144
4535,144
4536,144
4537,144
4538,144
4539,144
4540,144
4541,144
4542,144
4543,144
4544,144
4545,144
4546,144
4547,144
4548,144
4549,144
4550,144
4551,144
4552,144
4553,144
4554,144
4555,144
4556,144
4557,144
4558,144
4559,144
4560,144
4561,144
4562,144
4563,144
4564,144
4565,144
4566,144
4567,144
4568,144
4569,144
4570,144
4571,144
4572,144
4573,144
4574,144
4575,144
4576,144
4577,144
4578,144
4579,144
4580,144
4581,144
4582,144
4583,144
4584,144
4585,144
4586,144
4587,144
4588,144
4589,144
4590,144
4591,144
4592,144
4593,144
4594,144
4595,144
4596,144
4597,144
4598,144
4599,144
4600,144
4601,144
4602,144
4603,144
4604,144
4605,144
4606,144
4607,144
4608,144
4609,144
4610,144
4611,144
4612,144
4613,144
4614,144
4615,144
4616,144
4617,144
4618,144
4619,144
4620,144
4621,144
4622,144
4623,144
4624,144
4625,144
4626,144
4627,144
4628,144
4629,144
4630,144
4631,144
4632,144
4633,144
4634,144
4635,144
4636,144
4637,144
4638,144
4639,144
4640,144
4641,144
4642,144
4643,144
4644,144
4645,144
4646,144
4647,144
4648,144
4649,144
4650,144
4651,144
4652,144
4653,144
4654,144
4655,144
4656,144
4657,144
4658,144
4659,144
4660,144
4661,144
4662,144
4663,144
4664,144
4665,144
4666,144
4667,144
4668,144
4669,144
4670,144
4671,144
4672,144
4673,144
4674,144
4675,144
4676,144
4677,144
4678,144
4679,144
4680,144
4681,144
4682,144
4683,144
4684,144
4685,144
4686,144
4687,144
4688,144
4689,144
4690,144
4691,144
4692,144
4693,144
4694,144
4695,144
4696,144
4697,144
4698,144
4699,144
4700,144
4701,144
4702,144
4703,144
4704,144
4705,144
4706,144
4707,144
4708,144
4709,144
4710,144
4711,144
4712,144
4713,144
4714,144
4715,144
4716,144
4717,144
4718,144
4719,144
4720,144
4721,144
4722,144
4723,144
4724,144
4725,144
4726,144
4727,144
4728,144
4729,144
4730,144
4731,144
4732,144
4733,144
4734,144
4735,144
4736,144
4737,144
4738,144
4739,144
4740,144
4741,144
4742,144
4743,144
4744,144
4745,144
4746,144
4747,144
4748,144
4749,144
4750,144
4751,144
4752,144
4753,144
4754,144
4755,144
4756,144
4757,144
4758,144
4759,144
4760,144
4761,144
4762,144
4763,144
4764,144
4765,144
4766,144
4767,144
4768,144
4769,144
4770,144
4771,144
4772,144
4773,144
4774,144
4775,144
4776,144
4777,144
4778,144
4779,144
4780,144
4781,144
4782,144
4783,144
4784,144
4785,144
4786,144
4787,144
4788,144
4789,144
4790,144
4791,144
4792,144
4793,144
4794,144
4795,144
4796,144
4797,144
4798,144
4799,144
4800,144
4801,144
4802,144
4803,144
4804,144
4805,144
4806,144
4807,144
4808,144
4809,144
4810,144
4811,144
4812,144
4813,144
4814,144
4815,144
4816,144
4817,144
4818,144
4819,144
4820,144
4821,144
4822,144
4823,144
4824,144
4825,144
4826,144
4827,144
4828,144
4829,144
4830,144
4831,144
4832,144
4833,144
4834,144
4835,144
4836,144
4837,144
4838,144
4839,144
4840,144
4841,144
4842,144
4843,144
4844,144
4845,144
4846,144
4847,145
