0,0
1,5
2,9
3,14
4,19
5,21
6,25
7,28
8,32
9,34
10,37
11,42
12,44
13,47
14,48
15,49
16,49
17,53
18,54
19,57
20,60
21,62
22,63
23,64
24,64
25,65
26,67
27,67
28,70
29,72
30,72
31,72
32,72
33,73
34,74
35,75
36,77
37,78
38,79
39,79
40,79
41,80
42,81
43,83
44,84
45,85
46,86
47,86
48,87
49,88
50,90
51,90
52,90
53,90
54,90
55,90
56,90
57,90
58,90
59,90
60,90
61,90
62,90
63,91
64,92
65,92
66,93
67,94
68,95
69,96
70,97
71,97
72,98
73,99
74,100
75,101
76,103
77,103
78,103
79,104
80,104
81,104
82,104
83,105
84,105
85,106
86,107
87,107
88,107
89,107
90,108
91,108
92,108
93,108
94,108
95,108
96,108
97,108
98,108
99,108
100,108
101,108
102,108
103,108
104,109
105,111
106,112
107,114
108,115
109,116
110,117
111,118
112,119
113,119
114,119
115,119
116,119
117,119
118,119
119,119
120,119
121,119
122,119
123,119
124,119
125,119
126,119
127,120
128,120
129,120
130,120
131,120
132,120
133,120
134,120
135,120
136,120
137,120
138,120
139,121
140,121
141,121
142,121
143,121
144,121
145,121
146,121
147,121
148,122
149,122
150,122
151,122
152,123
153,123
154,123
155,123
156,123
157,124
158,125
159,126
160,127
161,128
162,129
163,129
164,130
165,130
166,131
167,132
168,133
169,133
170,133
171,134
172,134
173,135
174,135
175,135
176,135
177,135
178,135
179,135
180,135
181,135
182,135
183,135
184,135
185,136
186,136
187,136
188,136
189,136
190,136
191,136
192,136
193,136
194,136
195,136
196,136
197,136
198,136
199,136
200,136
201,136
202,136
203,136
204,136
205,136
206,136
207,136
208,136
209,136
210,136
211,136
212,136
213,136
214,136
215,136
216,136
217,136
218,136
219,136
220,136
221,136
222,136
223,136
224,136
225,136
226,136
227,136
228,136
229,136
230,136
231,136
232,136
233,136
234,136
235,136
236,136
237,136
238,136
239,136
240,136
241,136
242,136
243,136
244,136
245,136
246,136
247,136
248,137
249,137
250,137
251,137
252,137
253,137
254,137
255,137
256,137
257,137
258,137
259,137
260,137
261,137
262,137
263,137
264,137
265,137
266,137
267,137
268,137
269,137
270,137
271,137
272,137
273,137
274,137
275,137
276,137
277,137
278,137
279,137
280,137
281,137
282,137
283,137
284,137
285,137
286,137
287,137
288,137
289,137
290,137
291,137
292,137
293,137
294,137
295,137
296,137
297,137
298,137
299,137
300,137
301,137
302,137
303,137
304,137
305,137
306,137
307,137
308,137
309,137
310,137
311,137
312,137
313,137
314,137
315,137
316,137
317,137
318,137
319,137
320,137
321,137
322,137
323,137
324,137
325,137
326,137
327,137
328,137
329,137
330,137
331,137
332,137
333,137
334,137
335,137
336,137
337,137
338,137
339,137
340,137
341,137
342,137
343,137
344,137
345,137
346,137
347,137
348,137
349,137
350,137
351,137
352,137
353,137
354,137
355,137
356,137
357,137
358,137
359,137
360,137
361,137
362,137
363,137
364,137
365,137
366,137
367,137
368,137
369,137
370,137
371,137
372,137
373,137
374,137
375,137
376,137
377,137
378,137
379,137
380,137
381,137
382,137
383,137
384,137
385,137
386,137
387,137
388,137
389,137
390,137
391,137
392,137
393,137
394,137
395,137
396,137
397,137
398,137
399,137
400,137
401,137
402,137
403,137
404,137
405,137
406,137
407,137
408,137
409,137
410,137
411,137
412,137
413,137
414,137
415,137
416,137
417,137
418,137
419,137
420,137
421,137
422,137
423,137
424,137
425,137
426,137
427,137
428,137
429,137
430,137
431,137
432,137
433,137
434,137
435,137
436,137
437,137
438,137
439,137
440,137
441,137
442,137
443,137
444,137
445,137
446,137
447,137
448,137
449,137
450,137
451,137
452,137
453,137
454,137
455,137
456,137
457,137
458,137
459,137
460,137
461,137
462,137
463,137
464,137
465,137
466,137
467,137
468,137
469,137
470,137
471,137
472,137
473,137
474,137
475,137
476,137
477,137
478,137
479,137
480,137
481,137
482,137
483,137
484,137
485,137
486,137
487,137
488,137
489,137
490,137
491,137
492,137
493,137
494,137
495,137
496,137
497,137
498,137
499,137
500,137
501,137
502,137
503,137
504,137
505,137
506,137
507,137
508,137
509,137
510,137
511,137
512,137
513,137
514,137
515,137
516,137
517,137
518,137
519,137
520,137
521,137
522,137
523,137
524,137
525,138
526,138
527,138
528,138
529,138
530,139
531,139
532,140
533,140
534,140
535,140
536,140
537,140
538,140
539,140
540,140
541,140
542,140
543,140
544,140
545,140
546,141
547,141
548,141
549,141
550,141
551,141
552,141
553,141
554,141
555,141
556,141
557,141
558,142
559,143
560,143
561,143
562,143
563,143
564,143
565,143
566,143
567,143
568,143
569,143
570,143
571,143
572,143
573,143
574,143
575,143
576,143
577,143
578,143
579,143
580,143
581,143
582,143
583,143
584,143
585,143
586,143
587,143
588,143
589,143
590,143
591,143
592,143
593,143
594,143
595,143
596,143
597,143
598,143
599,143
600,143
601,143
602,143
603,143
604,143
605,143
606,143
607,143
608,143
609,143
610,143
611,143
612,143
613,143
614,143
615,143
616,143
617,143
618,143
619,143
620,143
621,143
622,143
623,143
624,143
625,143
626,143
627,143
628,143
629,143
630,143
631,143
632,143
633,143
634,143
635,143
636,143
637,143
638,143
639,143
640,143
641,143
642,143
643,143
644,143
645,143
646,143
647,143
648,143
649,143
650,143
651,143
652,143
653,143
654,143
655,143
656,143
657,143
658,143
659,143
660,143
661,143
662,143
663,143
664,143
665,143
666,143
667,143
668,143
669,143
670,143
671,143
672,143
673,143
674,143
675,143
676,143
677,143
678,143
679,143
680,143
681,143
682,143
683,143
684,143
685,143
686,143
687,143
688,143
689,143
690,143
691,143
692,143
693,143
694,143
695,143
696,143
697,143
698,143
699,143
700,143
701,143
702,143
703,143
704,143
705,143
706,143
707,143
708,144
709,145
