0,0
1,5
2,9
3,13
4,18
5,22
6,27
7,28
8,32
9,36
10,38
11,41
12,46
13,49
14,50
15,53
16,56
17,58
18,61
19,63
20,66
21,67
22,67
23,68
24,69
25,71
26,71
27,72
28,74
29,77
30,79
31,79
32,81
33,81
34,82
35,83
36,84
37,86
38,87
39,89
40,89
41,90
42,93
43,93
44,93
45,94
46,95
47,97
48,97
49,99
50,100
51,102
52,102
53,103
54,104
55,105
56,105
57,105
58,105
59,105
60,105
61,105
62,105
63,106
64,108
65,111
66,111
67,112
68,112
69,113
70,113
71,113
72,113
73,113
74,113
75,113
76,113
77,113
78,113
79,113
80,114
81,114
82,114
83,114
84,114
85,114
86,114
87,114
88,114
89,114
90,114
91,114
92,115
93,115
94,115
95,115
96,115
97,115
98,115
99,115
100,115
101,115
102,115
103,115
104,115
105,116
106,117
107,119
108,120
109,120
110,120
111,120
112,120
113,120
114,120
115,120
116,120
117,121
118,121
119,121
120,121
121,121
122,121
123,121
124,121
125,121
126,121
127,121
128,121
129,122
130,123
131,124
132,124
133,124
134,125
135,126
136,126
137,126
138,126
139,126
140,127
141,127
142,127
143,127
144,128
145,128
146,128
147,129
148,129
149,129
150,129
151,129
152,129
153,129
154,129
155,130
156,130
157,130
158,130
159,130
160,130
161,130
162,130
163,130
164,131
165,131
166,131
167,131
168,131
169,132
170,132
171,132
172,132
173,132
174,132
175,132
176,132
177,132
178,132
179,132
180,132
181,132
182,132
183,132
184,132
185,132
186,132
187,132
188,132
189,132
190,132
191,132
192,132
193,132
194,132
195,132
196,132
197,132
198,132
199,132
200,132
201,132
202,132
203,132
204,132
205,132
206,132
207,132
208,132
209,132
210,132
211,132
212,132
213,132
214,132
215,132
216,132
217,132
218,132
219,132
220,132
221,132
222,132
223,132
224,132
225,132
226,132
227,132
228,132
229,132
230,132
231,132
232,132
233,132
234,132
235,132
236,132
237,132
238,132
239,132
240,132
241,132
242,132
243,132
244,132
245,132
246,132
247,132
248,132
249,132
250,133
251,133
252,134
253,134
254,134
255,134
256,134
257,134
258,134
259,134
260,134
261,134
262,134
263,134
264,134
265,134
266,134
267,134
268,134
269,134
270,134
271,134
272,134
273,134
274,134
275,134
276,134
277,134
278,134
279,134
280,134
281,134
282,134
283,134
284,134
285,134
286,134
287,134
288,134
289,134
290,134
291,134
292,134
293,134
294,134
295,134
296,134
297,134
298,134
299,134
300,134
301,134
302,134
303,134
304,134
305,134
306,134
307,134
308,134
309,134
310,134
311,134
312,134
313,134
314,134
315,134
316,134
317,134
318,134
319,134
320,134
321,134
322,134
323,134
324,134
325,134
326,134
327,134
328,134
329,134
330,134
331,134
332,134
333,134
334,134
335,134
336,134
337,134
338,134
339,134
340,134
341,134
342,134
343,134
344,134
345,134
346,134
347,134
348,134
349,134
350,134
351,134
352,134
353,134
354,134
355,134
356,134
357,134
358,134
359,134
360,134
361,134
362,134
363,134
364,134
365,134
366,134
367,134
368,134
369,134
370,134
371,134
372,134
373,134
374,134
375,134
376,134
377,134
378,134
379,134
380,134
381,134
382,134
383,134
384,134
385,134
386,134
387,134
388,134
389,134
390,134
391,134
392,135
393,135
394,135
395,135
396,135
397,135
398,135
399,136
400,136
401,136
402,136
403,136
404,136
405,136
406,136
407,136
408,136
409,136
410,136
411,136
412,136
413,136
414,136
415,136
416,136
417,136
418,136
419,136
420,136
421,136
422,136
423,136
424,136
425,136
426,137
427,137
428,138
429,138
430,138
431,138
432,138
433,138
434,138
435,138
436,138
437,138
438,138
439,138
440,138
441,138
442,138
443,138
444,138
445,138
446,138
447,138
448,138
449,138
450,138
451,138
452,138
453,138
454,138
455,138
456,138
457,138
458,138
459,138
460,138
461,138
462,138
463,138
464,138
465,139
466,139
467,139
468,139
469,139
470,139
471,139
472,139
473,139
474,139
475,139
476,139
477,139
478,139
479,139
480,139
481,139
482,139
483,139
484,139
485,139
486,139
487,139
488,139
489,139
490,139
491,139
492,139
493,139
494,139
495,139
496,139
497,139
498,139
499,139
500,139
501,139
502,139
503,139
504,139
505,139
506,139
507,139
508,139
509,139
510,139
511,139
512,139
513,139
514,139
515,139
516,139
517,139
518,139
519,139
520,139
521,139
522,139
523,140
524,140
525,140
526,140
527,140
528,140
529,140
530,140
531,140
532,140
533,140
534,140
535,140
536,140
537,140
538,140
539,140
540,140
541,140
542,140
543,140
544,140
545,140
546,140
547,140
548,140
549,140
550,140
551,140
552,140
553,140
554,140
555,140
556,140
557,140
558,140
559,140
560,140
561,140
562,140
563,140
564,140
565,140
566,140
567,140
568,140
569,140
570,140
571,140
572,140
573,140
574,140
575,140
576,140
577,140
578,140
579,140
580,140
581,140
582,140
583,140
584,140
585,140
586,140
587,140
588,140
589,140
590,140
591,140
592,140
593,140
594,140
595,140
596,140
597,140
598,140
599,140
600,140
601,140
602,140
603,140
604,140
605,140
606,140
607,140
608,140
609,140
610,140
611,140
612,140
613,140
614,140
615,140
616,140
617,140
618,140
619,140
620,140
621,140
622,140
623,140
624,140
625,140
626,140
627,140
628,140
629,140
630,140
631,140
632,140
633,140
634,140
635,140
636,140
637,140
638,140
639,140
640,140
641,140
642,140
643,140
644,140
645,140
646,140
647,140
648,140
649,140
650,140
651,140
652,140
653,140
654,140
655,140
656,140
657,140
658,140
659,140
660,140
661,140
662,140
663,140
664,140
665,140
666,140
667,140
668,140
669,140
670,140
671,140
672,140
673,140
674,140
675,140
676,140
677,141
678,141
679,141
680,142
681,142
682,142
683,142
684,142
685,142
686,142
687,142
688,142
689,142
690,142
691,142
692,142
693,142
694,142
695,142
696,142
697,142
698,142
699,142
700,142
701,142
702,142
703,142
704,142
705,142
706,142
707,142
708,142
709,142
710,142
711,142
712,142
713,142
714,142
715,142
716,142
717,142
718,142
719,142
720,142
721,142
722,142
723,142
724,142
725,142
726,142
727,142
728,142
729,142
730,142
731,142
732,142
733,142
734,142
735,142
736,142
737,142
738,142
739,142
740,142
741,142
742,142
743,142
744,142
745,142
746,142
747,142
748,142
749,142
750,142
751,142
752,142
753,142
754,142
755,142
756,142
757,142
758,142
759,142
760,142
761,142
762,142
763,142
764,142
765,142
766,142
767,142
768,142
769,142
770,142
771,142
772,142
773,142
774,142
775,142
776,142
777,142
778,142
779,142
780,142
781,142
782,142
783,142
784,142
785,142
786,142
787,142
788,142
789,142
790,142
791,142
792,142
793,142
794,142
795,142
796,142
797,142
798,142
799,142
800,142
801,142
802,142
803,142
804,142
805,142
806,142
807,142
808,142
809,142
810,142
811,142
812,142
813,142
814,142
815,142
816,142
817,142
818,142
819,142
820,142
821,142
822,142
823,142
824,142
825,142
826,142
827,142
828,142
829,142
830,142
831,142
832,142
833,142
834,142
835,142
836,142
837,142
838,142
839,142
840,142
841,142
842,142
843,142
844,142
845,142
846,142
847,142
848,142
849,142
850,142
851,142
852,142
853,142
854,142
855,142
856,142
857,142
858,142
859,142
860,142
861,142
862,142
863,142
864,142
865,142
866,142
867,142
868,142
869,142
870,142
871,142
872,142
873,142
874,142
875,142
876,142
877,142
878,142
879,142
880,142
881,142
882,142
883,142
884,142
885,142
886,142
887,142
888,142
889,142
890,142
891,142
892,142
893,142
894,142
895,142
896,142
897,142
898,142
899,142
900,142
901,142
902,142
903,142
904,142
905,142
906,142
907,142
908,142
909,142
910,142
911,142
912,142
913,142
914,142
915,142
916,142
917,142
918,142
919,142
920,142
921,142
922,142
923,142
924,142
925,142
926,142
927,142
928,142
929,142
930,142
931,142
932,142
933,142
934,142
935,142
936,142
937,142
938,142
939,142
940,142
941,142
942,142
943,142
944,142
945,142
946,142
947,142
948,142
949,142
950,142
951,142
952,142
953,142
954,142
955,142
956,142
957,142
958,142
959,142
960,142
961,142
962,142
963,142
964,142
965,142
966,142
967,142
968,142
969,142
970,142
971,142
972,142
973,142
974,142
975,142
976,142
977,142
978,142
979,142
980,142
981,143
982,143
983,143
984,143
985,143
986,143
987,143
988,143
989,143
990,143
991,143
992,143
993,143
994,143
995,143
996,143
997,143
998,143
999,143
1000,143
1001,143
1002,143
1003,143
1004,143
1005,143
1006,143
1007,143
1008,143
1009,143
1010,143
1011,143
1012,143
1013,143
1014,143
1015,143
1016,143
1017,143
1018,143
1019,143
1020,143
1021,143
1022,143
1023,143
1024,143
1025,143
1026,143
1027,143
1028,143
1029,143
1030,143
1031,143
1032,143
1033,143
1034,143
1035,143
1036,143
1037,143
1038,143
1039,143
1040,143
1041,143
1042,143
1043,143
1044,143
1045,143
1046,143
1047,143
1048,143
1049,143
1050,143
1051,143
1052,143
1053,143
1054,143
1055,143
1056,143
1057,143
1058,143
1059,143
1060,143
1061,143
1062,143
1063,143
1064,143
1065,143
1066,143
1067,143
1068,143
1069,143
1070,143
1071,143
1072,143
1073,143
1074,143
1075,143
1076,143
1077,143
1078,143
1079,143
1080,143
1081,143
1082,143
1083,143
1084,143
1085,143
1086,143
1087,143
1088,143
1089,143
1090,143
1091,143
1092,143
1093,143
1094,143
1095,143
1096,143
1097,143
1098,143
1099,143
1100,143
1101,143
1102,143
1103,143
1104,143
1105,143
1106,143
1107,143
1108,143
1109,143
1110,143
1111,143
1112,143
1113,143
1114,143
1115,143
1116,143
1117,143
1118,143
1119,143
1120,143
1121,143
1122,143
1123,143
1124,143
1125,143
1126,143
1127,143
1128,143
1129,143
1130,143
1131,143
1132,143
1133,143
1134,143
1135,143
1136,143
1137,143
1138,143
1139,143
1140,143
1141,143
1142,143
1143,143
1144,143
1145,143
1146,143
1147,143
1148,143
1149,143
1150,143
1151,143
1152,143
1153,143
1154,143
1155,143
1156,143
1157,143
1158,143
1159,143
1160,143
1161,143
1162,143
1163,143
1164,143
1165,143
1166,143
1167,143
1168,143
1169,143
1170,143
1171,143
1172,143
1173,143
1174,143
1175,143
1176,143
1177,143
1178,143
1179,144
1180,144
1181,144
1182,144
1183,144
1184,144
1185,144
1186,144
1187,144
1188,144
1189,144
1190,144
1191,144
1192,144
1193,144
1194,144
1195,144
1196,144
1197,144
1198,144
1199,144
1200,144
1201,144
1202,144
1203,144
1204,144
1205,144
1206,144
1207,144
1208,144
1209,144
1210,144
1211,144
1212,144
1213,144
1214,144
1215,144
1216,144
1217,144
1218,144
1219,144
1220,144
1221,144
1222,144
1223,144
1224,144
1225,144
1226,144
1227,144
1228,144
1229,144
1230,144
1231,144
1232,144
1233,144
1234,144
1235,144
1236,144
1237,144
1238,144
1239,144
1240,144
1241,144
1242,144
1243,144
1244,144
1245,144
1246,144
1247,144
1248,144
1249,144
1250,144
1251,144
1252,144
1253,144
1254,144
1255,144
1256,144
1257,144
1258,144
1259,144
1260,144
1261,144
1262,144
1263,144
1264,144
1265,144
1266,144
1267,144
1268,144
1269,144
1270,144
1271,144
1272,144
1273,144
1274,144
1275,144
1276,144
1277,144
1278,144
1279,144
1280,144
1281,144
1282,144
1283,144
1284,144
1285,144
1286,144
1287,144
1288,144
1289,144
1290,144
1291,144
1292,144
1293,144
1294,144
1295,144
1296,144
1297,144
1298,144
1299,144
1300,144
1301,144
1302,144
1303,144
1304,144
1305,144
1306,144
1307,144
1308,144
1309,144
1310,144
1311,144
1312,144
1313,144
1314,144
1315,144
1316,145
