0,0
1,5
2,10
3,15
4,20
5,24
6,27
7,29
8,33
9,38
10,40
11,40
12,40
13,43
14,45
15,47
16,48
17,51
18,53
19,54
20,55
21,58
22,60
23,63
24,64
25,65
26,66
27,68
28,69
29,71
30,71
31,73
32,74
33,75
34,77
35,80
36,81
37,82
38,84
39,86
40,88
41,89
42,89
43,90
44,91
45,91
46,92
47,92
48,92
49,95
50,96
51,98
52,99
53,100
54,100
55,101
56,101
57,101
58,101
59,102
60,102
61,102
62,102
63,102
64,102
65,102
66,102
67,102
68,103
69,103
70,103
71,103
72,103
73,105
74,105
75,105
76,105
77,105
78,108
79,108
80,108
81,108
82,108
83,108
84,109
85,110
86,110
87,110
88,110
89,110
90,110
91,110
92,111
93,111
94,111
95,111
96,111
97,111
98,112
99,112
100,112
101,112
102,114
103,114
104,115
105,115
106,115
107,115
108,115
109,115
110,115
111,115
112,115
113,115
114,115
115,115
116,115
117,115
118,115
119,115
120,115
121,115
122,115
123,115
124,115
125,115
126,115
127,115
128,115
129,115
130,116
131,117
132,118
133,119
134,120
135,121
136,122
137,122
138,122
139,122
140,122
141,122
142,122
143,122
144,122
145,122
146,122
147,122
148,122
149,122
150,122
151,122
152,122
153,122
154,122
155,123
156,123
157,123
158,123
159,123
160,123
161,123
162,123
163,123
164,124
165,124
166,124
167,124
168,124
169,124
170,124
171,124
172,124
173,124
174,124
175,124
176,124
177,124
178,124
179,124
180,124
181,124
182,124
183,124
184,124
185,124
186,124
187,124
188,124
189,124
190,124
191,124
192,124
193,124
194,124
195,124
196,124
197,124
198,124
199,124
200,124
201,124
202,124
203,124
204,124
205,124
206,124
207,124
208,124
209,124
210,124
211,124
212,124
213,124
214,124
215,124
216,124
217,124
218,125
219,125
220,125
221,125
222,125
223,125
224,125
225,125
226,126
227,126
228,126
229,126
230,126
231,126
232,126
233,126
234,126
235,126
236,126
237,126
238,126
239,126
240,126
241,126
242,126
243,126
244,126
245,126
246,127
247,128
248,128
249,128
250,128
251,128
252,128
253,128
254,128
255,128
256,128
257,128
258,128
259,128
260,128
261,129
262,129
263,129
264,129
265,129
266,129
267,129
268,129
269,129
270,129
271,129
272,129
273,129
274,129
275,129
276,129
277,130
278,131
279,131
280,132
281,132
282,132
283,132
284,132
285,132
286,132
287,132
288,132
289,132
290,132
291,132
292,132
293,132
294,132
295,132
296,132
297,132
298,132
299,132
300,132
301,132
302,132
303,132
304,132
305,132
306,132
307,132
308,132
309,132
310,132
311,132
312,133
313,133
314,133
315,133
316,133
317,133
318,133
319,133
320,133
321,133
322,133
323,133
324,133
325,133
326,133
327,133
328,133
329,133
330,133
331,133
332,133
333,133
334,133
335,133
336,133
337,133
338,133
339,133
340,133
341,133
342,133
343,133
344,133
345,133
346,133
347,133
348,133
349,133
350,133
351,133
352,133
353,133
354,133
355,133
356,133
357,133
358,133
359,133
360,133
361,133
362,133
363,133
364,133
365,133
366,133
367,133
368,133
369,133
370,133
371,133
372,133
373,133
374,133
375,133
376,133
377,133
378,133
379,133
380,133
381,133
382,133
383,133
384,133
385,133
386,133
387,133
388,133
389,133
390,133
391,133
392,133
393,133
394,133
395,133
396,133
397,133
398,133
399,133
400,133
401,133
402,133
403,133
404,133
405,133
406,133
407,133
408,133
409,133
410,133
411,133
412,133
413,133
414,133
415,133
416,133
417,133
418,133
419,133
420,133
421,133
422,133
423,133
424,133
425,133
426,133
427,133
428,133
429,133
430,133
431,133
432,133
433,133
434,133
435,133
436,133
437,133
438,133
439,133
440,133
441,133
442,133
443,133
444,133
445,133
446,133
447,133
448,133
449,133
450,133
451,133
452,133
453,133
454,133
455,133
456,133
457,133
458,133
459,133
460,133
461,133
462,133
463,133
464,133
465,133
466,133
467,133
468,133
469,133
470,133
471,133
472,133
473,133
474,133
475,133
476,134
477,135
478,136
479,137
480,137
481,137
482,137
483,137
484,137
485,137
486,137
487,138
488,139
489,139
490,139
491,139
492,139
493,139
494,140
495,140
496,140
497,140
498,140
499,140
500,140
501,140
502,140
503,140
504,140
505,140
506,140
507,141
508,141
509,141
510,141
511,141
512,141
513,141
514,141
515,141
516,141
517,141
518,141
519,141
520,141
521,141
522,141
523,141
524,141
525,141
526,141
527,141
528,141
529,141
530,141
531,141
532,141
533,141
534,141
535,141
536,141
537,141
538,141
539,141
540,141
541,141
542,141
543,141
544,141
545,141
546,141
547,141
548,141
549,141
550,141
551,141
552,141
553,141
554,141
555,141
556,141
557,141
558,141
559,141
560,141
561,141
562,141
563,141
564,141
565,141
566,141
567,141
568,141
569,141
570,141
571,141
572,141
573,141
574,141
575,141
576,141
577,141
578,141
579,141
580,141
581,141
582,141
583,141
584,141
585,141
586,141
587,141
588,141
589,141
590,141
591,141
592,141
593,141
594,141
595,141
596,141
597,141
598,141
599,141
600,141
601,141
602,141
603,141
604,141
605,141
606,141
607,141
608,141
609,141
610,141
611,141
612,141
613,141
614,141
615,141
616,141
617,141
618,141
619,141
620,141
621,141
622,141
623,141
624,141
625,141
626,141
627,141
628,141
629,141
630,141
631,141
632,141
633,141
634,141
635,141
636,142
637,142
638,142
639,142
640,142
641,142
642,142
643,142
644,142
645,142
646,142
647,142
648,142
649,142
650,142
651,142
652,142
653,142
654,142
655,142
656,142
657,142
658,142
659,142
660,142
661,142
662,142
663,142
664,142
665,142
666,142
667,142
668,142
669,142
670,142
671,142
672,142
673,142
674,142
675,142
676,142
677,142
678,142
679,142
680,142
681,142
682,142
683,142
684,142
685,142
686,142
687,142
688,142
689,142
690,142
691,142
692,142
693,142
694,142
695,142
696,142
697,142
698,142
699,142
700,142
701,142
702,142
703,142
704,142
705,142
706,142
707,142
708,142
709,142
710,142
711,142
712,142
713,142
714,142
715,142
716,142
717,142
718,142
719,142
720,142
721,142
722,142
723,142
724,142
725,142
726,142
727,142
728,142
729,142
730,142
731,142
732,142
733,142
734,142
735,142
736,142
737,142
738,142
739,142
740,142
741,142
742,142
743,142
744,142
745,142
746,142
747,142
748,142
749,142
750,142
751,142
752,142
753,142
754,142
755,142
756,142
757,142
758,142
759,142
760,142
761,142
762,142
763,142
764,142
765,142
766,142
767,142
768,142
769,142
770,142
771,142
772,142
773,142
774,142
775,142
776,142
777,142
778,142
779,142
780,142
781,142
782,142
783,142
784,142
785,142
786,142
787,142
788,142
789,142
790,142
791,142
792,142
793,142
794,142
795,142
796,142
797,142
798,142
799,142
800,142
801,142
802,142
803,142
804,142
805,142
806,142
807,142
808,142
809,142
810,142
811,142
812,142
813,142
814,142
815,142
816,142
817,142
818,142
819,142
820,142
821,142
822,142
823,142
824,142
825,142
826,142
827,142
828,142
829,142
830,142
831,142
832,142
833,142
834,142
835,142
836,142
837,142
838,142
839,142
840,142
841,142
842,142
843,142
844,142
845,142
846,142
847,142
848,142
849,142
850,142
851,142
852,142
853,142
854,142
855,142
856,142
857,142
858,142
859,142
860,142
861,142
862,142
863,142
864,142
865,142
866,142
867,142
868,142
869,142
870,142
871,142
872,142
873,142
874,142
875,142
876,142
877,142
878,142
879,142
880,142
881,142
882,142
883,142
884,143
885,143
886,143
887,143
888,143
889,143
890,143
891,143
892,143
893,143
894,143
895,143
896,143
897,143
898,143
899,143
900,143
901,143
902,143
903,143
904,143
905,143
906,143
907,143
908,143
909,143
910,143
911,143
912,143
913,143
914,143
915,143
916,143
917,143
918,143
919,143
920,143
921,143
922,143
923,143
924,143
925,143
926,143
927,143
928,143
929,143
930,143
931,143
932,143
933,143
934,143
935,143
936,143
937,143
938,143
939,143
940,143
941,143
942,143
943,143
944,143
945,143
946,143
947,143
948,143
949,143
950,143
951,143
952,143
953,143
954,143
955,143
956,143
957,143
958,143
959,143
960,143
961,143
962,143
963,143
964,143
965,143
966,143
967,143
968,143
969,143
970,143
971,143
972,143
973,143
974,143
975,143
976,143
977,143
978,143
979,143
980,143
981,143
982,143
983,143
984,143
985,143
986,143
987,143
988,143
989,143
990,143
991,143
992,143
993,143
994,143
995,143
996,143
997,143
998,143
999,143
1000,143
1001,143
1002,143
1003,143
1004,143
1005,143
1006,143
1007,143
1008,143
1009,143
1010,143
1011,143
1012,143
1013,143
1014,143
1015,143
1016,143
1017,143
1018,143
1019,143
1020,143
1021,143
1022,143
1023,143
1024,143
1025,143
1026,143
1027,143
1028,143
1029,143
1030,143
1031,143
1032,143
1033,143
1034,143
1035,143
1036,143
1037,143
1038,143
1039,143
1040,143
1041,143
1042,143
1043,143
1044,143
1045,143
1046,143
1047,143
1048,143
1049,143
1050,143
1051,143
1052,143
1053,143
1054,143
1055,143
1056,143
1057,143
1058,143
1059,143
1060,143
1061,143
1062,143
1063,143
1064,143
1065,143
1066,143
1067,143
1068,143
1069,143
1070,143
1071,143
1072,143
1073,143
1074,143
1075,143
1076,143
1077,143
1078,143
1079,143
1080,143
1081,143
1082,143
1083,143
1084,143
1085,143
1086,143
1087,143
1088,143
1089,143
1090,143
1091,143
1092,143
1093,143
1094,143
1095,143
1096,143
1097,143
1098,143
1099,143
1100,143
1101,143
1102,143
1103,143
1104,143
1105,143
1106,143
1107,143
1108,143
1109,143
1110,143
1111,143
1112,143
1113,143
1114,143
1115,143
1116,143
1117,143
1118,143
1119,143
1120,143
1121,143
1122,143
1123,143
1124,143
1125,143
1126,143
1127,143
1128,143
1129,143
1130,143
1131,143
1132,143
1133,143
1134,143
1135,143
1136,143
1137,143
1138,143
1139,143
1140,143
1141,143
1142,143
1143,143
1144,143
1145,143
1146,143
1147,143
1148,143
1149,143
1150,143
1151,143
1152,143
1153,143
1154,143
1155,143
1156,143
1157,143
1158,143
1159,143
1160,143
1161,143
1162,143
1163,143
1164,143
1165,143
1166,143
1167,143
1168,143
1169,143
1170,143
1171,143
1172,143
1173,143
1174,143
1175,143
1176,143
1177,143
1178,143
1179,143
1180,143
1181,143
1182,143
1183,143
1184,143
1185,143
1186,143
1187,143
1188,143
1189,143
1190,143
1191,143
1192,143
1193,143
1194,143
1195,143
1196,143
1197,143
1198,143
1199,143
1200,143
1201,143
1202,143
1203,143
1204,143
1205,143
1206,143
1207,143
1208,143
1209,143
1210,143
1211,143
1212,143
1213,143
1214,143
1215,143
1216,143
1217,143
1218,143
1219,143
1220,143
1221,143
1222,143
1223,143
1224,143
1225,143
1226,143
1227,143
1228,143
1229,143
1230,143
1231,143
1232,143
1233,143
1234,143
1235,143
1236,143
1237,143
1238,143
1239,143
1240,143
1241,143
1242,143
1243,143
1244,143
1245,143
1246,143
1247,143
1248,143
1249,143
1250,143
1251,143
1252,143
1253,143
1254,143
1255,143
1256,143
1257,143
1258,143
1259,143
1260,143
1261,143
1262,143
1263,143
1264,143
1265,143
1266,143
1267,143
1268,143
1269,143
1270,143
1271,143
1272,143
1273,143
1274,143
1275,143
1276,143
1277,143
1278,143
1279,143
1280,143
1281,143
1282,143
1283,143
1284,143
1285,143
1286,143
1287,143
1288,143
1289,143
1290,143
1291,143
1292,143
1293,143
1294,143
1295,143
1296,143
1297,143
1298,143
1299,143
1300,143
1301,143
1302,143
1303,143
1304,143
1305,143
1306,143
1307,143
1308,144
1309,144
1310,144
1311,144
1312,144
1313,144
1314,144
1315,144
1316,144
1317,144
1318,144
1319,144
1320,144
1321,144
1322,144
1323,144
1324,144
1325,144
1326,144
1327,144
1328,144
1329,144
1330,144
1331,144
1332,144
1333,144
1334,144
1335,144
1336,144
1337,144
1338,144
1339,144
1340,144
1341,144
1342,144
1343,144
1344,144
1345,144
1346,144
1347,144
1348,144
1349,144
1350,144
1351,144
1352,144
1353,144
1354,144
1355,144
1356,144
1357,144
1358,144
1359,144
1360,144
1361,144
1362,144
1363,144
1364,144
1365,144
1366,144
1367,144
1368,144
1369,144
1370,144
1371,144
1372,144
1373,144
1374,144
1375,144
1376,144
1377,144
1378,144
1379,144
1380,144
1381,144
1382,144
1383,144
1384,144
1385,144
1386,144
1387,144
1388,144
1389,144
1390,144
1391,144
1392,144
1393,144
1394,144
1395,144
1396,144
1397,144
1398,144
1399,144
1400,144
1401,144
1402,144
1403,144
1404,144
1405,144
1406,144
1407,144
1408,144
1409,144
1410,144
1411,144
1412,144
1413,144
1414,144
1415,144
1416,144
1417,144
1418,144
1419,144
1420,144
1421,144
1422,144
1423,144
1424,144
1425,144
1426,144
1427,144
1428,144
1429,144
1430,144
1431,144
1432,144
1433,144
1434,144
1435,144
1436,144
1437,144
1438,144
1439,144
1440,144
1441,144
1442,144
1443,144
1444,144
1445,144
1446,144
1447,144
1448,144
1449,144
1450,144
1451,144
1452,144
1453,144
1454,144
1455,144
1456,144
1457,144
1458,144
1459,144
1460,144
1461,144
1462,144
1463,144
1464,144
1465,144
1466,144
1467,144
1468,144
1469,144
1470,144
1471,144
1472,144
1473,144
1474,144
1475,144
1476,144
1477,144
1478,144
1479,144
1480,144
1481,144
1482,144
1483,144
1484,144
1485,144
1486,144
1487,144
1488,144
1489,144
1490,144
1491,144
1492,144
1493,144
1494,144
1495,144
1496,144
1497,144
1498,144
1499,144
1500,144
1501,144
1502,144
1503,144
1504,144
1505,144
1506,144
1507,144
1508,144
1509,144
1510,144
1511,144
1512,144
1513,144
1514,144
1515,144
1516,144
1517,144
1518,144
1519,144
1520,144
1521,144
1522,144
1523,144
1524,144
1525,144
1526,144
1527,144
1528,144
1529,144
1530,144
1531,144
1532,144
1533,144
1534,144
1535,144
1536,144
1537,144
1538,144
1539,144
1540,144
1541,144
1542,144
1543,144
1544,144
1545,144
1546,144
1547,144
1548,144
1549,144
1550,144
1551,144
1552,144
1553,144
1554,144
1555,144
1556,144
1557,144
1558,144
1559,144
1560,144
1561,144
1562,144
1563,144
1564,144
1565,144
1566,144
1567,144
1568,144
1569,144
1570,144
1571,144
1572,144
1573,144
1574,144
1575,144
1576,144
1577,144
1578,144
1579,144
1580,144
1581,144
1582,144
1583,144
1584,144
1585,144
1586,144
1587,144
1588,144
1589,144
1590,144
1591,144
1592,144
1593,144
1594,144
1595,144
1596,144
1597,144
1598,144
1599,144
1600,144
1601,144
1602,144
1603,144
1604,144
1605,144
1606,144
1607,144
1608,144
1609,144
1610,144
1611,144
1612,144
1613,144
1614,144
1615,144
1616,144
1617,144
1618,144
1619,144
1620,144
1621,144
1622,144
1623,144
1624,144
1625,144
1626,144
1627,144
1628,144
1629,144
1630,144
1631,144
1632,144
1633,144
1634,144
1635,144
1636,144
1637,144
1638,144
1639,144
1640,144
1641,144
1642,144
1643,144
1644,144
1645,144
1646,144
1647,144
1648,144
1649,144
1650,144
1651,144
1652,144
1653,144
1654,144
1655,144
1656,144
1657,144
1658,144
1659,144
1660,144
1661,144
1662,144
1663,144
1664,144
1665,144
1666,144
1667,144
1668,144
1669,144
1670,144
1671,144
1672,144
1673,144
1674,144
1675,144
1676,144
1677,144
1678,144
1679,144
1680,144
1681,144
1682,144
1683,144
1684,144
1685,144
1686,144
1687,144
1688,144
1689,144
1690,144
1691,144
1692,144
1693,144
1694,144
1695,144
1696,144
1697,144
1698,144
1699,144
1700,144
1701,144
1702,144
1703,144
1704,144
1705,144
1706,144
1707,144
1708,144
1709,144
1710,144
1711,144
1712,144
1713,144
1714,144
1715,144
1716,144
1717,144
1718,144
1719,144
1720,144
1721,144
1722,144
1723,144
1724,144
1725,144
1726,144
1727,144
1728,144
1729,144
1730,144
1731,144
1732,144
1733,144
1734,144
1735,144
1736,144
1737,144
1738,144
1739,144
1740,144
1741,144
1742,144
1743,144
1744,144
1745,144
1746,144
1747,144
1748,144
1749,144
1750,144
1751,144
1752,144
1753,144
1754,144
1755,144
1756,144
1757,144
1758,144
1759,144
1760,144
1761,144
1762,144
1763,144
1764,144
1765,144
1766,144
1767,144
1768,144
1769,144
1770,144
1771,144
1772,144
1773,144
1774,144
1775,144
1776,144
1777,144
1778,144
1779,144
1780,144
1781,144
1782,144
1783,144
1784,144
1785,144
1786,144
1787,144
1788,144
1789,144
1790,144
1791,144
1792,144
1793,144
1794,144
1795,144
1796,144
1797,144
1798,144
1799,144
1800,144
1801,144
1802,144
1803,144
1804,144
1805,144
1806,144
1807,144
1808,144
1809,144
1810,144
1811,144
1812,144
1813,144
1814,144
1815,144
1816,144
1817,144
1818,144
1819,144
1820,144
1821,144
1822,144
1823,144
1824,144
1825,144
1826,144
1827,144
1828,144
1829,144
1830,144
1831,144
1832,144
1833,144
1834,144
1835,144
1836,144
1837,144
1838,144
1839,144
1840,144
1841,144
1842,144
1843,144
1844,144
1845,144
1846,144
1847,144
1848,144
1849,144
1850,144
1851,144
1852,144
1853,144
1854,144
1855,144
1856,144
1857,144
1858,144
1859,144
1860,144
1861,144
1862,144
1863,144
1864,144
1865,144
1866,144
1867,144
1868,144
1869,144
1870,144
1871,144
1872,144
1873,144
1874,144
1875,144
1876,144
1877,144
1878,144
1879,144
1880,144
1881,144
1882,144
1883,144
1884,144
1885,144
1886,144
1887,144
1888,144
1889,144
1890,144
1891,144
1892,144
1893,144
1894,144
1895,144
1896,144
1897,144
1898,144
1899,144
1900,144
1901,144
1902,144
1903,144
1904,144
1905,144
1906,144
1907,144
1908,144
1909,144
1910,144
1911,144
1912,144
1913,144
1914,144
1915,144
1916,144
1917,144
1918,144
1919,144
1920,144
1921,144
1922,144
1923,144
1924,144
1925,144
1926,144
1927,144
1928,144
1929,144
1930,144
1931,144
1932,144
1933,144
1934,144
1935,144
1936,144
1937,144
1938,144
1939,144
1940,144
1941,144
1942,144
1943,144
1944,144
1945,144
1946,144
1947,144
1948,144
1949,144
1950,144
1951,144
1952,144
1953,144
1954,144
1955,144
1956,144
1957,144
1958,144
1959,144
1960,144
1961,144
1962,144
1963,144
1964,144
1965,144
1966,144
1967,144
1968,144
1969,144
1970,144
1971,144
1972,144
1973,144
1974,144
1975,144
1976,144
1977,144
1978,144
1979,144
1980,144
1981,144
1982,144
1983,144
1984,144
1985,144
1986,144
1987,144
1988,144
1989,144
1990,144
1991,144
1992,144
1993,144
1994,144
1995,144
1996,144
1997,144
1998,144
1999,144
2000,144
2001,144
2002,144
2003,144
2004,144
2005,144
2006,144
2007,144
2008,144
2009,144
2010,144
2011,144
2012,144
2013,144
2014,144
2015,144
2016,144
2017,144
2018,144
2019,144
2020,144
2021,144
2022,144
2023,144
2024,144
2025,144
2026,144
2027,144
2028,144
2029,144
2030,144
2031,144
2032,144
2033,144
2034,144
2035,144
2036,144
2037,144
2038,144
2039,144
2040,144
2041,144
2042,144
2043,144
2044,144
2045,144
2046,144
2047,144
2048,144
2049,144
2050,144
2051,144
2052,144
2053,144
2054,144
2055,144
2056,144
2057,144
2058,144
2059,144
2060,144
2061,144
2062,144
2063,144
2064,144
2065,144
2066,144
2067,144
2068,144
2069,144
2070,144
2071,144
2072,144
2073,144
2074,144
2075,144
2076,144
2077,144
2078,144
2079,144
2080,144
2081,144
2082,144
2083,144
2084,144
2085,144
2086,144
2087,144
2088,144
2089,144
2090,144
2091,144
2092,144
2093,144
2094,144
2095,144
2096,144
2097,144
2098,144
2099,144
2100,144
2101,144
2102,144
2103,144
2104,144
2105,144
2106,144
2107,144
2108,144
2109,144
2110,144
2111,144
2112,144
2113,144
2114,144
2115,144
2116,144
2117,144
2118,144
2119,144
2120,144
2121,144
2122,144
2123,144
2124,144
2125,144
2126,144
2127,144
2128,144
2129,144
2130,144
2131,144
2132,144
2133,144
2134,144
2135,144
2136,144
2137,144
2138,144
2139,144
2140,144
2141,144
2142,144
2143,144
2144,144
2145,144
2146,144
2147,144
2148,144
2149,144
2150,144
2151,144
2152,144
2153,144
2154,144
2155,144
2156,144
2157,144
2158,144
2159,144
2160,144
2161,144
2162,144
2163,144
2164,144
2165,144
2166,144
2167,144
2168,144
2169,144
2170,144
2171,144
2172,144
2173,144
2174,144
2175,144
2176,144
2177,144
2178,144
2179,144
2180,144
2181,144
2182,144
2183,144
2184,144
2185,144
2186,144
2187,144
2188,144
2189,144
2190,144
2191,144
2192,144
2193,144
2194,144
2195,144
2196,144
2197,144
2198,144
2199,144
2200,144
2201,144
2202,144
2203,144
2204,144
2205,144
2206,144
2207,144
2208,144
2209,144
2210,144
2211,144
2212,144
2213,144
2214,144
2215,144
2216,144
2217,144
2218,144
2219,144
2220,144
2221,144
2222,144
2223,144
2224,144
2225,144
2226,144
2227,144
2228,144
2229,144
2230,144
2231,144
2232,144
2233,144
2234,144
2235,144
2236,144
2237,144
2238,144
2239,144
2240,144
2241,144
2242,144
2243,144
2244,144
2245,144
2246,144
2247,144
2248,144
2249,144
2250,144
2251,144
2252,144
2253,144
2254,144
2255,144
2256,144
2257,144
2258,144
2259,144
2260,144
2261,144
2262,144
2263,144
2264,144
2265,144
2266,144
2267,144
2268,144
2269,144
2270,144
2271,144
2272,144
2273,144
2274,144
2275,144
2276,144
2277,144
2278,144
2279,144
2280,144
2281,144
2282,144
2283,144
2284,144
2285,144
2286,144
2287,144
2288,144
2289,144
2290,144
2291,144
2292,144
2293,144
2294,144
2295,144
2296,144
2297,144
2298,144
2299,144
2300,144
2301,144
2302,144
2303,144
2304,144
2305,144
2306,144
2307,144
2308,144
2309,144
2310,144
2311,144
2312,144
2313,144
2314,144
2315,144
2316,144
2317,144
2318,144
2319,144
2320,144
2321,144
2322,144
2323,144
2324,144
2325,144
2326,144
2327,144
2328,144
2329,144
2330,144
2331,144
2332,144
2333,144
2334,144
2335,144
2336,144
2337,144
2338,144
2339,144
2340,144
2341,144
2342,144
2343,144
2344,144
2345,144
2346,144
2347,144
2348,144
2349,144
2350,144
2351,144
2352,144
2353,144
2354,145
