0,0
1,5
2,10
3,15
4,19
5,23
6,26
7,28
8,32
9,34
10,37
11,41
12,45
13,47
14,50
15,52
16,56
17,60
18,64
19,67
20,71
21,74
22,78
23,80
24,81
25,83
26,83
27,84
28,85
29,86
30,86
31,88
32,89
33,89
34,91
35,91
36,91
37,92
38,92
39,92
40,93
41,93
42,93
43,95
44,96
45,96
46,96
47,96
48,96
49,96
50,96
51,96
52,97
53,97
54,97
55,97
56,98
57,98
58,99
59,100
60,100
61,101
62,101
63,102
64,103
65,105
66,105
67,106
68,107
69,107
70,107
71,107
72,107
73,108
74,108
75,108
76,109
77,110
78,110
79,110
80,111
81,111
82,112
83,112
84,112
85,112
86,113
87,113
88,113
89,113
90,113
91,113
92,115
93,116
94,116
95,117
96,118
97,118
98,119
99,119
100,119
101,119
102,119
103,119
104,119
105,119
106,119
107,119
108,119
109,119
110,119
111,119
112,119
113,119
114,119
115,119
116,119
117,119
118,119
119,119
120,119
121,119
122,119
123,119
124,120
125,120
126,120
127,120
128,120
129,120
130,120
131,120
132,121
133,122
134,123
135,124
136,125
137,126
138,126
139,126
140,126
141,127
142,127
143,128
144,129
145,129
146,129
147,129
148,129
149,129
150,129
151,129
152,129
153,129
154,129
155,129
156,129
157,129
158,129
159,129
160,129
161,129
162,129
163,129
164,129
165,129
166,129
167,129
168,129
169,129
170,129
171,129
172,129
173,129
174,129
175,129
176,129
177,129
178,129
179,129
180,129
181,129
182,129
183,129
184,129
185,129
186,129
187,129
188,129
189,129
190,129
191,129
192,129
193,129
194,129
195,129
196,129
197,129
198,129
199,129
200,129
201,129
202,129
203,129
204,129
205,129
206,129
207,129
208,129
209,129
210,129
211,129
212,129
213,129
214,129
215,129
216,129
217,129
218,129
219,129
220,129
221,129
222,129
223,129
224,129
225,129
226,129
227,129
228,129
229,129
230,129
231,129
232,129
233,129
234,129
235,129
236,129
237,129
238,129
239,129
240,129
241,129
242,129
243,129
244,129
245,129
246,129
247,129
248,129
249,129
250,129
251,129
252,129
253,129
254,129
255,129
256,129
257,129
258,129
259,129
260,129
261,129
262,129
263,129
264,129
265,129
266,130
267,130
268,130
269,130
270,130
271,130
272,130
273,130
274,130
275,130
276,130
277,130
278,130
279,131
280,131
281,131
282,131
283,131
284,131
285,131
286,131
287,131
288,131
289,131
290,131
291,131
292,131
293,131
294,131
295,132
296,132
297,132
298,132
299,132
300,132
301,132
302,132
303,132
304,132
305,132
306,132
307,132
308,132
309,132
310,132
311,132
312,132
313,132
314,132
315,132
316,132
317,132
318,132
319,132
320,132
321,132
322,132
323,132
324,132
325,132
326,132
327,132
328,132
329,132
330,132
331,132
332,132
333,132
334,133
335,134
336,135
337,135
338,136
339,137
340,137
341,138
342,139
343,139
344,139
345,139
346,139
347,139
348,140
349,140
350,140
351,141
352,141
353,141
354,141
355,141
356,141
357,141
358,141
359,141
360,141
361,141
362,141
363,141
364,142
365,142
366,142
367,142
368,142
369,142
370,142
371,142
372,142
373,142
374,143
375,143
376,143
377,143
378,143
379,143
380,143
381,143
382,143
383,143
384,143
385,143
386,143
387,143
388,143
389,143
390,143
391,143
392,143
393,143
394,143
395,143
396,143
397,143
398,143
399,143
400,143
401,143
402,143
403,143
404,143
405,143
406,143
407,143
408,143
409,143
410,143
411,143
412,143
413,143
414,143
415,143
416,143
417,143
418,143
419,143
420,143
421,143
422,143
423,143
424,143
425,143
426,143
427,143
428,143
429,143
430,143
431,143
432,143
433,143
434,143
435,143
436,143
437,143
438,143
439,143
440,143
441,143
442,143
443,143
444,143
445,143
446,143
447,143
448,143
449,143
450,143
451,143
452,143
453,143
454,143
455,143
456,143
457,143
458,143
459,143
460,143
461,143
462,143
463,143
464,143
465,143
466,143
467,143
468,143
469,143
470,143
471,143
472,143
473,143
474,143
475,143
476,143
477,143
478,143
479,143
480,143
481,143
482,143
483,143
484,143
485,143
486,143
487,143
488,143
489,143
490,143
491,143
492,143
493,143
494,143
495,143
496,143
497,143
498,143
499,143
500,143
501,143
502,143
503,143
504,143
505,143
506,143
507,143
508,143
509,143
510,143
511,143
512,143
513,143
514,143
515,143
516,143
517,143
518,143
519,143
520,143
521,143
522,143
523,143
524,143
525,143
526,143
527,143
528,143
529,143
530,143
531,143
532,143
533,143
534,143
535,143
536,143
537,143
538,143
539,143
540,143
541,143
542,143
543,143
544,143
545,143
546,143
547,143
548,143
549,143
550,143
551,143
552,143
553,143
554,143
555,143
556,143
557,143
558,143
559,143
560,143
561,143
562,143
563,143
564,143
565,143
566,143
567,143
568,143
569,143
570,143
571,143
572,143
573,143
574,143
575,143
576,143
577,143
578,143
579,143
580,143
581,143
582,143
583,143
584,143
585,143
586,143
587,143
588,143
589,143
590,143
591,143
592,143
593,143
594,143
595,143
596,143
597,143
598,143
599,143
600,143
601,143
602,143
603,143
604,143
605,143
606,143
607,143
608,143
609,143
610,143
611,143
612,143
613,143
614,143
615,143
616,143
617,143
618,143
619,143
620,143
621,143
622,143
623,143
624,143
625,143
626,143
627,143
628,143
629,143
630,143
631,143
632,143
633,143
634,143
635,143
636,143
637,143
638,143
639,143
640,143
641,143
642,143
643,143
644,143
645,143
646,143
647,143
648,143
649,143
650,143
651,143
652,143
653,143
654,143
655,143
656,143
657,143
658,143
659,143
660,143
661,143
662,143
663,143
664,143
665,143
666,143
667,143
668,143
669,143
670,143
671,143
672,143
673,143
674,143
675,143
676,143
677,143
678,143
679,143
680,143
681,143
682,143
683,143
684,143
685,143
686,143
687,143
688,143
689,143
690,143
691,143
692,143
693,143
694,143
695,143
696,143
697,143
698,143
699,143
700,143
701,143
702,143
703,143
704,143
705,143
706,143
707,143
708,143
709,143
710,143
711,143
712,143
713,143
714,143
715,143
716,143
717,143
718,143
719,143
720,143
721,143
722,143
723,143
724,143
725,143
726,143
727,143
728,143
729,143
730,143
731,143
732,143
733,143
734,143
735,143
736,143
737,143
738,143
739,143
740,143
741,143
742,143
743,143
744,143
745,143
746,143
747,143
748,143
749,143
750,143
751,143
752,143
753,143
754,143
755,143
756,143
757,143
758,143
759,143
760,143
761,143
762,143
763,143
764,143
765,143
766,143
767,143
768,143
769,143
770,143
771,143
772,143
773,143
774,143
775,143
776,143
777,143
778,143
779,143
780,143
781,143
782,143
783,143
784,143
785,143
786,143
787,143
788,143
789,143
790,143
791,143
792,143
793,143
794,143
795,143
796,143
797,143
798,143
799,143
800,143
801,143
802,143
803,143
804,143
805,143
806,143
807,143
808,143
809,143
810,143
811,143
812,143
813,143
814,143
815,143
816,143
817,143
818,143
819,143
820,143
821,143
822,143
823,143
824,143
825,143
826,143
827,143
828,143
829,143
830,143
831,143
832,143
833,143
834,143
835,143
836,143
837,143
838,143
839,143
840,143
841,143
842,143
843,143
844,143
845,143
846,143
847,143
848,143
849,143
850,143
851,143
852,143
853,143
854,143
855,143
856,143
857,143
858,143
859,143
860,143
861,143
862,143
863,143
864,143
865,143
866,143
867,143
868,143
869,143
870,143
871,143
872,143
873,143
874,143
875,143
876,143
877,143
878,144
879,144
880,144
881,144
882,144
883,144
884,144
885,144
886,144
887,144
888,144
889,144
890,144
891,144
892,144
893,144
894,144
895,144
896,144
897,144
898,144
899,144
900,144
901,144
902,144
903,144
904,144
905,144
906,144
907,144
908,144
909,144
910,144
911,144
912,144
913,144
914,144
915,144
916,144
917,144
918,144
919,144
920,144
921,144
922,144
923,144
924,144
925,144
926,144
927,144
928,144
929,144
930,144
931,144
932,144
933,144
934,144
935,144
936,144
937,144
938,144
939,144
940,144
941,144
942,144
943,144
944,144
945,144
946,144
947,144
948,144
949,144
950,144
951,144
952,144
953,144
954,144
955,144
956,144
957,144
958,144
959,144
960,144
961,144
962,144
963,144
964,144
965,144
966,144
967,144
968,144
969,144
970,144
971,144
972,144
973,144
974,144
975,144
976,144
977,144
978,144
979,144
980,144
981,144
982,144
983,144
984,144
985,144
986,144
987,144
988,144
989,144
990,144
991,144
992,144
993,144
994,144
995,144
996,144
997,144
998,144
999,144
1000,144
1001,144
1002,144
1003,144
1004,144
1005,144
1006,144
1007,144
1008,144
1009,144
1010,144
1011,144
1012,144
1013,144
1014,144
1015,144
1016,144
1017,144
1018,144
1019,144
1020,144
1021,144
1022,144
1023,144
1024,144
1025,144
1026,144
1027,144
1028,144
1029,144
1030,144
1031,144
1032,144
1033,144
1034,144
1035,144
1036,144
1037,144
1038,144
1039,144
1040,144
1041,144
1042,144
1043,144
1044,144
1045,144
1046,144
1047,144
1048,144
1049,144
1050,144
1051,144
1052,144
1053,144
1054,144
1055,144
1056,144
1057,144
1058,144
1059,144
1060,144
1061,144
1062,144
1063,144
1064,144
1065,144
1066,144
1067,144
1068,144
1069,144
1070,144
1071,144
1072,144
1073,144
1074,144
1075,144
1076,144
1077,144
1078,144
1079,144
1080,144
1081,144
1082,144
1083,144
1084,144
1085,144
1086,144
1087,144
1088,144
1089,144
1090,144
1091,144
1092,144
1093,144
1094,144
1095,144
1096,144
1097,144
1098,144
1099,144
1100,144
1101,144
1102,144
1103,144
1104,144
1105,144
1106,144
1107,144
1108,144
1109,144
1110,144
1111,144
1112,144
1113,144
1114,144
1115,144
1116,144
1117,144
1118,144
1119,144
1120,144
1121,144
1122,144
1123,144
1124,144
1125,144
1126,144
1127,144
1128,144
1129,144
1130,144
1131,144
1132,144
1133,144
1134,144
1135,144
1136,144
1137,144
1138,144
1139,144
1140,144
1141,144
1142,144
1143,144
1144,144
1145,144
1146,144
1147,144
1148,144
1149,144
1150,144
1151,144
1152,144
1153,144
1154,144
1155,144
1156,144
1157,144
1158,144
1159,144
1160,144
1161,144
1162,144
1163,144
1164,144
1165,144
1166,144
1167,144
1168,144
1169,144
1170,144
1171,144
1172,144
1173,144
1174,144
1175,144
1176,144
1177,144
1178,144
1179,144
1180,144
1181,144
1182,144
1183,144
1184,144
1185,144
1186,144
1187,144
1188,144
1189,144
1190,144
1191,144
1192,144
1193,144
1194,144
1195,144
1196,144
1197,144
1198,144
1199,144
1200,144
1201,144
1202,144
1203,144
1204,144
1205,144
1206,144
1207,144
1208,144
1209,144
1210,144
1211,144
1212,144
1213,144
1214,144
1215,144
1216,144
1217,144
1218,144
1219,144
1220,144
1221,144
1222,144
1223,144
1224,144
1225,144
1226,144
1227,144
1228,144
1229,144
1230,144
1231,144
1232,144
1233,144
1234,144
1235,144
1236,144
1237,144
1238,144
1239,144
1240,144
1241,144
1242,144
1243,144
1244,144
1245,144
1246,144
1247,144
1248,144
1249,144
1250,144
1251,144
1252,144
1253,144
1254,144
1255,144
1256,144
1257,144
1258,144
1259,144
1260,144
1261,144
1262,144
1263,144
1264,144
1265,144
1266,144
1267,144
1268,144
1269,144
1270,144
1271,144
1272,144
1273,144
1274,144
1275,144
1276,144
1277,144
1278,144
1279,144
1280,144
1281,144
1282,144
1283,144
1284,144
1285,144
1286,144
1287,144
1288,144
1289,144
1290,144
1291,144
1292,144
1293,144
1294,144
1295,144
1296,144
1297,144
1298,144
1299,144
1300,144
1301,144
1302,144
1303,144
1304,144
1305,144
1306,144
1307,144
1308,144
1309,144
1310,144
1311,144
1312,144
1313,144
1314,144
1315,144
1316,144
1317,144
1318,144
1319,144
1320,144
1321,144
1322,144
1323,144
1324,144
1325,144
1326,144
1327,144
1328,144
1329,144
1330,144
1331,144
1332,144
1333,144
1334,144
1335,144
1336,144
1337,144
1338,144
1339,144
1340,144
1341,144
1342,144
1343,144
1344,144
1345,144
1346,144
1347,144
1348,144
1349,144
1350,144
1351,144
1352,144
1353,144
1354,144
1355,144
1356,144
1357,144
1358,144
1359,144
1360,144
1361,144
1362,144
1363,144
1364,144
1365,144
1366,144
1367,144
1368,144
1369,144
1370,144
1371,144
1372,144
1373,144
1374,144
1375,144
1376,144
1377,144
1378,144
1379,144
1380,144
1381,144
1382,144
1383,144
1384,144
1385,144
1386,144
1387,144
1388,144
1389,144
1390,144
1391,144
1392,144
1393,144
1394,144
1395,144
1396,144
1397,144
1398,144
1399,144
1400,144
1401,144
1402,144
1403,144
1404,144
1405,144
1406,144
1407,144
1408,144
1409,144
1410,144
1411,144
1412,144
1413,144
1414,144
1415,144
1416,144
1417,144
1418,144
1419,144
1420,144
1421,144
1422,144
1423,144
1424,144
1425,144
1426,144
1427,144
1428,144
1429,144
1430,144
1431,144
1432,144
1433,144
1434,144
1435,144
1436,144
1437,144
1438,144
1439,144
1440,144
1441,144
1442,144
1443,144
1444,144
1445,144
1446,144
1447,144
1448,144
1449,144
1450,144
1451,144
1452,144
1453,144
1454,144
1455,144
1456,144
1457,144
1458,144
1459,144
1460,144
1461,144
1462,144
1463,144
1464,144
1465,144
1466,144
1467,144
1468,144
1469,144
1470,144
1471,144
1472,144
1473,144
1474,144
1475,144
1476,144
1477,144
1478,144
1479,144
1480,144
1481,144
1482,144
1483,144
1484,144
1485,144
1486,144
1487,144
1488,144
1489,144
1490,144
1491,144
1492,144
1493,144
1494,144
1495,144
1496,144
1497,144
1498,144
1499,144
1500,144
1501,144
1502,144
1503,144
1504,144
1505,144
1506,144
1507,144
1508,144
1509,144
1510,144
1511,144
1512,144
1513,144
1514,144
1515,144
1516,144
1517,144
1518,144
1519,144
1520,144
1521,144
1522,144
1523,144
1524,144
1525,144
1526,144
1527,144
1528,144
1529,144
1530,144
1531,144
1532,144
1533,144
1534,144
1535,144
1536,144
1537,144
1538,144
1539,144
1540,144
1541,144
1542,144
1543,144
1544,144
1545,144
1546,144
1547,144
1548,144
1549,144
1550,144
1551,144
1552,144
1553,144
1554,144
1555,144
1556,144
1557,144
1558,144
1559,144
1560,144
1561,144
1562,144
1563,144
1564,144
1565,144
1566,144
1567,144
1568,144
1569,144
1570,144
1571,144
1572,144
1573,144
1574,144
1575,144
1576,144
1577,144
1578,144
1579,144
1580,144
1581,144
1582,144
1583,144
1584,144
1585,144
1586,144
1587,144
1588,144
1589,144
1590,144
1591,144
1592,144
1593,144
1594,144
1595,144
1596,144
1597,144
1598,144
1599,144
1600,144
1601,144
1602,144
1603,144
1604,144
1605,144
1606,144
1607,144
1608,144
1609,144
1610,144
1611,144
1612,144
1613,144
1614,144
1615,144
1616,144
1617,144
1618,144
1619,144
1620,144
1621,144
1622,144
1623,144
1624,144
1625,144
1626,144
1627,144
1628,144
1629,144
1630,144
1631,144
1632,144
1633,144
1634,144
1635,144
1636,144
1637,144
1638,144
1639,144
1640,144
1641,144
1642,144
1643,144
1644,144
1645,144
1646,144
1647,144
1648,144
1649,144
1650,144
1651,144
1652,144
1653,144
1654,144
1655,144
1656,144
1657,144
1658,144
1659,144
1660,144
1661,144
1662,144
1663,144
1664,144
1665,144
1666,144
1667,144
1668,144
1669,144
1670,144
1671,144
1672,144
1673,144
1674,144
1675,144
1676,144
1677,144
1678,144
1679,144
1680,144
1681,144
1682,144
1683,144
1684,144
1685,144
1686,144
1687,144
1688,144
1689,144
1690,144
1691,144
1692,144
1693,144
1694,144
1695,144
1696,144
1697,144
1698,144
1699,144
1700,144
1701,144
1702,144
1703,144
1704,144
1705,144
1706,144
1707,144
1708,144
1709,144
1710,144
1711,144
1712,144
1713,144
1714,144
1715,144
1716,144
1717,144
1718,144
1719,144
1720,144
1721,144
1722,144
1723,144
1724,144
1725,144
1726,144
1727,144
1728,144
1729,144
1730,144
1731,144
1732,144
1733,144
1734,144
1735,144
1736,144
1737,144
1738,144
1739,144
1740,144
1741,144
1742,144
1743,144
1744,144
1745,144
1746,144
1747,144
1748,144
1749,144
1750,144
1751,144
1752,144
1753,144
1754,144
1755,144
1756,144
1757,144
1758,144
1759,144
1760,144
1761,144
1762,144
1763,144
1764,144
1765,144
1766,144
1767,144
1768,144
1769,144
1770,144
1771,144
1772,144
1773,144
1774,144
1775,144
1776,144
1777,144
1778,144
1779,144
1780,144
1781,144
1782,144
1783,144
1784,144
1785,144
1786,144
1787,144
1788,144
1789,144
1790,144
1791,144
1792,144
1793,144
1794,144
1795,144
1796,144
1797,144
1798,144
1799,144
1800,144
1801,144
1802,144
1803,144
1804,144
1805,144
1806,144
1807,144
1808,144
1809,144
1810,144
1811,144
1812,144
1813,144
1814,144
1815,144
1816,144
1817,144
1818,144
1819,144
1820,144
1821,144
1822,144
1823,144
1824,144
1825,144
1826,144
1827,144
1828,144
1829,144
1830,144
1831,144
1832,144
1833,144
1834,144
1835,144
1836,144
1837,144
1838,144
1839,144
1840,144
1841,144
1842,144
1843,144
1844,144
1845,144
1846,144
1847,144
1848,144
1849,144
1850,144
1851,144
1852,144
1853,144
1854,144
1855,144
1856,144
1857,144
1858,144
1859,144
1860,144
1861,144
1862,144
1863,144
1864,144
1865,144
1866,144
1867,144
1868,144
1869,144
1870,144
1871,144
1872,144
1873,144
1874,144
1875,144
1876,144
1877,144
1878,144
1879,144
1880,144
1881,144
1882,144
1883,144
1884,144
1885,144
1886,144
1887,144
1888,144
1889,144
1890,144
1891,144
1892,144
1893,144
1894,144
1895,144
1896,144
1897,144
1898,144
1899,144
1900,144
1901,144
1902,144
1903,144
1904,144
1905,144
1906,144
1907,144
1908,144
1909,144
1910,144
1911,144
1912,144
1913,144
1914,144
1915,144
1916,144
1917,144
1918,144
1919,144
1920,144
1921,144
1922,144
1923,144
1924,144
1925,144
1926,144
1927,144
1928,144
1929,144
1930,144
1931,144
1932,144
1933,144
1934,144
1935,144
1936,144
1937,144
1938,144
1939,144
1940,144
1941,144
1942,144
1943,144
1944,144
1945,144
1946,144
1947,144
1948,144
1949,144
1950,144
1951,144
1952,144
1953,144
1954,144
1955,144
1956,144
1957,144
1958,144
1959,144
1960,144
1961,144
1962,144
1963,144
1964,144
1965,144
1966,144
1967,144
1968,144
1969,144
1970,144
1971,144
1972,144
1973,144
1974,144
1975,144
1976,144
1977,144
1978,144
1979,144
1980,144
1981,144
1982,144
1983,144
1984,144
1985,144
1986,144
1987,144
1988,144
1989,144
1990,144
1991,144
1992,144
1993,144
1994,144
1995,144
1996,144
1997,144
1998,144
1999,144
2000,144
2001,144
2002,144
2003,144
2004,144
2005,144
2006,144
2007,144
2008,144
2009,144
2010,144
2011,144
2012,144
2013,144
2014,144
2015,144
2016,144
2017,144
2018,144
2019,144
2020,144
2021,144
2022,144
2023,144
2024,144
2025,144
2026,144
2027,144
2028,144
2029,144
2030,144
2031,144
2032,144
2033,144
2034,144
2035,144
2036,144
2037,144
2038,144
2039,144
2040,144
2041,144
2042,144
2043,144
2044,144
2045,144
2046,144
2047,144
2048,144
2049,144
2050,144
2051,144
2052,144
2053,144
2054,144
2055,144
2056,144
2057,144
2058,144
2059,144
2060,144
2061,144
2062,144
2063,144
2064,144
2065,144
2066,144
2067,144
2068,144
2069,144
2070,144
2071,144
2072,144
2073,144
2074,144
2075,145
