0,0
1,5
2,10
3,15
4,18
5,21
6,23
7,27
8,29
9,33
10,35
11,38
12,41
13,43
14,47
15,50
16,51
17,52
18,52
19,53
20,54
21,56
22,56
23,57
24,58
25,59
26,59
27,62
28,63
29,65
30,66
31,66
32,66
33,67
34,67
35,67
36,67
37,69
38,70
39,72
40,73
41,75
42,77
43,78
44,79
45,81
46,82
47,83
48,83
49,84
50,85
51,85
52,86
53,86
54,87
55,87
56,87
57,87
58,87
59,88
60,89
61,89
62,90
63,90
64,91
65,91
66,92
67,93
68,94
69,95
70,96
71,96
72,96
73,97
74,98
75,99
76,99
77,100
78,102
79,104
80,105
81,105
82,105
83,106
84,106
85,106
86,106
87,106
88,106
89,106
90,107
91,107
92,107
93,107
94,107
95,107
96,108
97,108
98,108
99,108
100,108
101,108
102,108
103,108
104,109
105,109
106,110
107,110
108,110
109,110
110,110
111,110
112,111
113,111
114,111
115,111
116,111
117,111
118,111
119,111
120,111
121,111
122,111
123,111
124,111
125,111
126,111
127,111
128,111
129,111
130,112
131,112
132,112
133,112
134,112
135,112
136,112
137,112
138,112
139,112
140,112
141,112
142,112
143,112
144,112
145,112
146,112
147,112
148,112
149,112
150,112
151,112
152,112
153,112
154,112
155,112
156,113
157,113
158,113
159,114
160,114
161,114
162,114
163,114
164,114
165,114
166,114
167,114
168,114
169,114
170,115
171,116
172,116
173,116
174,116
175,116
176,117
177,117
178,117
179,117
180,119
181,119
182,119
183,119
184,119
185,119
186,119
187,119
188,119
189,119
190,119
191,119
192,119
193,119
194,119
195,119
196,120
197,120
198,120
199,120
200,120
201,121
202,121
203,121
204,121
205,121
206,121
207,121
208,121
209,121
210,121
211,121
212,121
213,121
214,122
215,122
216,123
217,123
218,123
219,123
220,123
221,123
222,123
223,123
224,123
225,123
226,123
227,123
228,123
229,123
230,123
231,123
232,124
233,124
234,124
235,124
236,124
237,124
238,124
239,124
240,124
241,124
242,124
243,124
244,124
245,125
246,125
247,125
248,126
249,127
250,128
251,128
252,129
253,129
254,130
255,131
256,131
257,131
258,131
259,131
260,131
261,131
262,131
263,132
264,132
265,132
266,132
267,132
268,132
269,132
270,132
271,132
272,132
273,132
274,132
275,132
276,132
277,133
278,133
279,134
280,135
281,135
282,135
283,136
284,137
285,137
286,138
287,138
288,138
289,138
290,138
291,138
292,138
293,138
294,138
295,138
296,138
297,138
298,138
299,138
300,138
301,138
302,138
303,138
304,138
305,138
306,138
307,138
308,138
309,138
310,138
311,138
312,138
313,138
314,138
315,138
316,138
317,138
318,138
319,138
320,138
321,138
322,138
323,138
324,138
325,138
326,138
327,138
328,138
329,138
330,138
331,138
332,138
333,138
334,138
335,138
336,138
337,138
338,138
339,138
340,138
341,138
342,138
343,138
344,138
345,138
346,138
347,138
348,138
349,138
350,138
351,138
352,138
353,138
354,138
355,138
356,138
357,138
358,138
359,138
360,138
361,138
362,138
363,138
364,138
365,138
366,138
367,138
368,138
369,138
370,138
371,138
372,138
373,138
374,138
375,138
376,138
377,138
378,138
379,138
380,138
381,138
382,138
383,138
384,138
385,138
386,138
387,138
388,138
389,138
390,138
391,138
392,138
393,138
394,138
395,138
396,138
397,138
398,139
399,139
400,139
401,139
402,139
403,139
404,139
405,139
406,139
407,139
408,139
409,139
410,139
411,139
412,139
413,139
414,139
415,139
416,139
417,139
418,139
419,139
420,139
421,139
422,139
423,139
424,139
425,139
426,139
427,139
428,139
429,139
430,139
431,139
432,139
433,139
434,139
435,139
436,139
437,139
438,139
439,139
440,139
441,139
442,139
443,139
444,139
445,139
446,139
447,139
448,139
449,139
450,139
451,139
452,139
453,139
454,139
455,139
456,139
457,139
458,139
459,139
460,139
461,139
462,139
463,139
464,139
465,139
466,139
467,139
468,139
469,139
470,139
471,139
472,139
473,139
474,139
475,139
476,139
477,139
478,139
479,139
480,139
481,139
482,139
483,139
484,139
485,139
486,139
487,139
488,139
489,139
490,139
491,139
492,139
493,139
494,139
495,139
496,139
497,139
498,139
499,139
500,139
501,139
502,139
503,139
504,139
505,139
506,139
507,139
508,140
509,140
510,141
511,141
512,141
513,141
514,141
515,141
516,141
517,141
518,141
519,141
520,141
521,141
522,141
523,141
524,141
525,141
526,142
527,143
528,143
529,143
530,143
531,143
532,143
533,143
534,143
535,143
536,143
537,143
538,143
539,143
540,143
541,143
542,143
543,143
544,143
545,143
546,143
547,143
548,143
549,143
550,143
551,143
552,143
553,143
554,143
555,143
556,143
557,143
558,143
559,143
560,143
561,143
562,143
563,143
564,143
565,143
566,143
567,143
568,143
569,143
570,143
571,143
572,143
573,143
574,143
575,143
576,143
577,143
578,143
579,143
580,143
581,143
582,143
583,143
584,143
585,143
586,143
587,143
588,143
589,143
590,143
591,143
592,143
593,143
594,143
595,143
596,143
597,143
598,143
599,143
600,143
601,143
602,143
603,143
604,143
605,143
606,143
607,143
608,143
609,143
610,143
611,143
612,143
613,143
614,143
615,143
616,143
617,143
618,143
619,143
620,143
621,143
622,143
623,143
624,143
625,143
626,143
627,143
628,143
629,143
630,143
631,143
632,143
633,143
634,143
635,143
636,143
637,143
638,143
639,143
640,143
641,143
642,143
643,143
644,143
645,143
646,143
647,143
648,143
649,143
650,143
651,143
652,143
653,143
654,143
655,143
656,143
657,143
658,143
659,143
660,143
661,143
662,143
663,143
664,143
665,143
666,143
667,143
668,143
669,143
670,143
671,143
672,143
673,143
674,143
675,143
676,143
677,143
678,143
679,143
680,143
681,143
682,143
683,143
684,143
685,143
686,143
687,143
688,143
689,143
690,143
691,143
692,143
693,143
694,143
695,143
696,143
697,143
698,143
699,143
700,143
701,143
702,143
703,143
704,143
705,143
706,143
707,143
708,143
709,143
710,143
711,143
712,143
713,143
714,143
715,143
716,143
717,143
718,143
719,143
720,143
721,143
722,143
723,143
724,143
725,143
726,143
727,143
728,143
729,143
730,143
731,143
732,143
733,143
734,143
735,143
736,143
737,143
738,143
739,143
740,143
741,143
742,143
743,143
744,143
745,143
746,143
747,143
748,143
749,143
750,143
751,143
752,143
753,143
754,143
755,143
756,143
757,143
758,143
759,143
760,143
761,143
762,143
763,143
764,143
765,143
766,143
767,143
768,143
769,143
770,143
771,143
772,143
773,143
774,143
775,143
776,143
777,143
778,143
779,143
780,143
781,143
782,143
783,143
784,143
785,143
786,143
787,143
788,143
789,143
790,143
791,143
792,143
793,143
794,143
795,143
796,143
797,143
798,143
799,143
800,143
801,143
802,143
803,143
804,143
805,143
806,143
807,143
808,143
809,143
810,143
811,143
812,143
813,143
814,143
815,143
816,143
817,143
818,143
819,143
820,143
821,143
822,143
823,143
824,143
825,143
826,143
827,143
828,143
829,143
830,143
831,143
832,143
833,143
834,143
835,143
836,143
837,143
838,143
839,143
840,143
841,143
842,143
843,143
844,143
845,143
846,143
847,143
848,143
849,143
850,143
851,143
852,143
853,143
854,143
855,143
856,143
857,143
858,143
859,143
860,143
861,143
862,143
863,143
864,143
865,143
866,143
867,143
868,143
869,143
870,143
871,143
872,143
873,143
874,143
875,143
876,143
877,143
878,143
879,143
880,143
881,143
882,143
883,143
884,143
885,143
886,143
887,143
888,143
889,143
890,143
891,143
892,143
893,143
894,143
895,143
896,143
897,143
898,143
899,143
900,143
901,143
902,143
903,143
904,143
905,143
906,143
907,143
908,143
909,143
910,143
911,143
912,143
913,143
914,143
915,143
916,143
917,143
918,143
919,143
920,143
921,143
922,143
923,143
924,143
925,143
926,143
927,143
928,143
929,143
930,143
931,143
932,143
933,143
934,143
935,143
936,143
937,143
938,143
939,143
940,143
941,143
942,143
943,143
944,143
945,143
946,143
947,143
948,143
949,143
950,143
951,143
952,143
953,143
954,143
955,143
956,143
957,143
958,143
959,143
960,143
961,143
962,143
963,143
964,143
965,143
966,143
967,143
968,143
969,143
970,143
971,143
972,143
973,143
974,143
975,143
976,143
977,143
978,143
979,143
980,143
981,143
982,143
983,143
984,143
985,143
986,143
987,143
988,143
989,143
990,143
991,143
992,143
993,143
994,143
995,143
996,143
997,143
998,143
999,143
1000,143
1001,143
1002,143
1003,143
1004,143
1005,143
1006,143
1007,143
1008,143
1009,143
1010,143
1011,143
1012,143
1013,143
1014,143
1015,143
1016,143
1017,143
1018,143
1019,143
1020,143
1021,143
1022,143
1023,143
1024,143
1025,143
1026,143
1027,143
1028,143
1029,143
1030,143
1031,143
1032,143
1033,143
1034,143
1035,143
1036,143
1037,143
1038,143
1039,143
1040,143
1041,143
1042,143
1043,143
1044,143
1045,143
1046,143
1047,143
1048,143
1049,143
1050,143
1051,143
1052,143
1053,143
1054,143
1055,143
1056,143
1057,143
1058,143
1059,143
1060,143
1061,143
1062,143
1063,143
1064,143
1065,143
1066,143
1067,143
1068,143
1069,143
1070,143
1071,143
1072,143
1073,143
1074,143
1075,143
1076,143
1077,143
1078,143
1079,143
1080,143
1081,143
1082,143
1083,143
1084,143
1085,143
1086,143
1087,143
1088,143
1089,143
1090,143
1091,143
1092,143
1093,143
1094,143
1095,143
1096,143
1097,143
1098,143
1099,143
1100,143
1101,143
1102,143
1103,143
1104,143
1105,143
1106,143
1107,143
1108,143
1109,143
1110,143
1111,143
1112,143
1113,143
1114,143
1115,143
1116,143
1117,143
1118,143
1119,143
1120,143
1121,143
1122,143
1123,143
1124,143
1125,143
1126,143
1127,143
1128,143
1129,143
1130,143
1131,143
1132,143
1133,143
1134,143
1135,143
1136,143
1137,143
1138,143
1139,143
1140,143
1141,143
1142,143
1143,143
1144,143
1145,143
1146,143
1147,143
1148,143
1149,143
1150,143
1151,143
1152,143
1153,143
1154,143
1155,143
1156,143
1157,143
1158,143
1159,143
1160,143
1161,143
1162,143
1163,143
1164,143
1165,143
1166,143
1167,143
1168,143
1169,143
1170,143
1171,143
1172,143
1173,143
1174,143
1175,143
1176,143
1177,143
1178,143
1179,143
1180,143
1181,143
1182,143
1183,143
1184,143
1185,143
1186,143
1187,143
1188,143
1189,143
1190,143
1191,143
1192,143
1193,143
1194,143
1195,143
1196,143
1197,143
1198,143
1199,143
1200,143
1201,143
1202,143
1203,143
1204,143
1205,143
1206,143
1207,143
1208,143
1209,143
1210,143
1211,143
1212,143
1213,143
1214,143
1215,143
1216,143
1217,143
1218,143
1219,143
1220,143
1221,143
1222,143
1223,143
1224,143
1225,143
1226,143
1227,143
1228,143
1229,143
1230,143
1231,143
1232,143
1233,143
1234,143
1235,143
1236,143
1237,143
1238,143
1239,143
1240,143
1241,143
1242,143
1243,143
1244,143
1245,143
1246,143
1247,143
1248,143
1249,143
1250,143
1251,143
1252,143
1253,143
1254,143
1255,143
1256,143
1257,143
1258,143
1259,143
1260,143
1261,143
1262,143
1263,143
1264,143
1265,143
1266,143
1267,143
1268,143
1269,143
1270,143
1271,143
1272,143
1273,143
1274,143
1275,143
1276,143
1277,143
1278,143
1279,143
1280,143
1281,143
1282,143
1283,143
1284,143
1285,143
1286,143
1287,143
1288,143
1289,143
1290,143
1291,143
1292,143
1293,143
1294,143
1295,143
1296,143
1297,143
1298,143
1299,143
1300,143
1301,143
1302,143
1303,143
1304,143
1305,143
1306,143
1307,143
1308,143
1309,143
1310,143
1311,143
1312,143
1313,143
1314,143
1315,143
1316,143
1317,143
1318,143
1319,143
1320,143
1321,143
1322,143
1323,143
1324,143
1325,143
1326,143
1327,143
1328,143
1329,143
1330,143
1331,143
1332,143
1333,143
1334,143
1335,143
1336,143
1337,143
1338,143
1339,143
1340,143
1341,143
1342,143
1343,143
1344,143
1345,143
1346,143
1347,143
1348,143
1349,144
1350,144
1351,144
1352,144
1353,144
1354,144
1355,144
1356,144
1357,144
1358,144
1359,144
1360,144
1361,144
1362,144
1363,144
1364,144
1365,144
1366,144
1367,144
1368,144
1369,144
1370,145
