0,0
1,2
2,4
3,6
4,8
5,10
6,11
7,12
8,14
9,16
10,18
11,19
12,19
13,20
14,21
15,22
16,23
17,25
18,26
19,28
20,30
21,30
22,32
23,33
24,34
25,35
26,36
27,37
28,38
29,39
30,39
31,39
32,39
33,40
34,40
35,41
36,41
37,42
38,43
39,44
40,44
41,44
42,44
43,45
44,46
45,46
46,46
47,46
48,47
49,48
50,49
51,50
52,52
53,52
54,52
55,53
56,54
57,55
58,57
59,57
60,57
61,58
62,58
63,58
64,58
65,58
66,58
67,58
68,58
69,58
70,58
71,58
72,58
73,58
74,58
75,58
76,58
77,58
78,59
79,60
80,60
81,60
82,60
83,60
84,61
85,61
86,61
87,61
88,61
89,61
90,61
91,61
92,61
93,61
94,61
95,61
96,61
97,61
98,61
99,62
100,62
101,62
102,62
103,62
104,62
105,63
106,64
107,65
108,66
109,66
110,66
111,66
112,66
113,66
114,66
115,66
116,66
117,67
118,67
119,67
120,68
121,68
122,69
123,70
124,71
125,71
126,71
127,71
128,71
129,71
130,72
131,72
132,72
133,72
134,72
135,73
136,74
137,74
138,74
139,75
140,76
141,76
142,76
143,77
144,77
145,77
146,78
147,79
148,79
149,80
150,80
151,80
152,80
153,80
154,80
155,80
156,80
157,80
158,80
159,80
160,80
161,80
162,80
163,80
164,80
165,80
166,80
167,80
168,80
169,80
170,81
171,81
172,81
173,81
174,81
175,81
176,81
177,81
178,81
179,81
180,81
181,81
182,81
183,81
184,81
185,82
186,83
187,84
188,85
189,86
190,87
191,88
192,88
193,89
194,89
195,89
196,89
197,89
198,89
199,89
200,89
201,89
202,89
203,89
204,90
205,90
206,91
207,91
208,91
209,91
210,91
211,92
212,92
213,92
214,92
215,92
216,92
217,92
218,92
219,92
220,92
221,92
222,92
223,92
224,92
225,92
226,92
227,92
228,92
229,92
230,92
231,92
232,92
233,92
234,92
235,92
236,92
237,92
238,92
239,92
240,92
241,93
242,93
243,93
244,93
245,93
246,93
247,93
248,93
249,94
250,94
251,94
252,94
253,94
254,94
255,94
256,94
257,94
258,94
259,94
260,94
261,94
262,94
263,94
264,94
265,94
266,94
267,94
268,94
269,94
270,94
271,94
272,94
273,94
274,94
275,94
276,94
277,94
278,94
279,94
280,94
281,94
282,94
283,94
284,94
285,94
286,94
287,95
288,95
289,95
290,95
291,95
292,95
293,95
294,95
295,95
296,95
297,95
298,95
299,95
300,95
301,95
302,95
303,95
304,95
305,96
306,96
307,96
308,96
309,96
310,96
311,96
312,96
313,97
314,97
315,97
316,97
317,97
318,97
319,97
320,97
321,97
322,97
323,97
324,97
325,97
326,97
327,97
328,97
329,97
330,97
331,97
332,97
333,97
334,97
335,97
336,97
337,97
338,97
339,97
340,97
341,97
342,97
343,97
344,97
345,97
346,97
347,97
348,97
349,97
350,97
351,97
352,97
353,97
354,97
355,97
356,97
357,97
358,97
359,97
360,97
361,97
362,98
363,98
364,98
365,98
366,98
367,98
368,98
369,98
370,98
371,98
372,98
373,98
374,98
375,98
376,98
377,98
378,98
379,98
380,98
381,98
382,98
383,98
384,98
385,98
386,98
387,98
388,98
389,98
390,98
391,98
392,98
393,98
394,98
395,98
396,98
397,98
398,98
399,98
400,98
401,98
402,98
403,98
404,98
405,98
406,98
407,98
408,98
409,98
410,98
411,98
412,98
413,98
414,98
415,98
416,98
417,98
418,98
419,98
420,98
421,98
422,98
423,98
424,98
425,98
426,98
427,98
428,98
429,98
430,98
431,98
432,98
433,98
434,99
435,99
436,99
437,99
438,99
439,99
440,99
441,99
442,99
443,99
444,99
445,99
446,99
447,99
448,99
449,99
450,99
451,99
452,99
453,99
454,99
455,99
456,99
457,99
458,99
459,99
460,99
461,99
462,99
463,99
464,99
465,99
466,99
467,99
468,99
469,99
470,99
471,99
472,99
473,99
474,99
475,99
476,99
477,99
478,99
479,99
480,99
481,99
482,99
483,99
484,99
485,99
486,99
487,99
488,99
489,99
490,99
491,99
492,99
493,99
494,99
495,99
496,99
497,99
498,99
499,99
500,99
501,99
502,99
503,99
504,99
505,99
506,99
507,99
508,99
509,99
510,99
511,99
512,99
513,99
514,99
515,99
516,99
517,99
518,99
519,99
520,99
521,99
522,99
523,99
524,99
525,99
526,99
527,99
528,99
529,99
530,99
531,99
532,99
533,99
534,99
535,99
536,99
537,99
538,99
539,99
540,99
541,99
542,99
543,99
544,99
545,99
546,99
547,99
548,99
549,99
550,99
551,99
552,99
553,99
554,99
555,99
556,99
557,99
558,99
559,99
560,99
561,99
562,99
563,99
564,99
565,99
566,99
567,99
568,99
569,99
570,99
571,99
572,99
573,99
574,99
575,99
576,99
577,99
578,99
579,99
580,99
581,99
582,99
583,99
584,99
585,99
586,99
587,99
588,99
589,99
590,99
591,99
592,99
593,99
594,99
595,99
596,99
597,99
598,99
599,99
600,99
601,99
602,99
603,99
604,99
605,99
606,99
607,99
608,99
609,99
610,99
611,99
612,99
613,99
614,99
615,99
616,99
617,99
618,99
619,99
620,99
621,99
622,99
623,99
624,99
625,99
626,99
627,99
628,99
629,99
630,99
631,99
632,99
633,99
634,99
635,99
636,99
637,99
638,99
639,99
640,99
641,99
642,99
643,99
644,99
645,99
646,99
647,99
648,99
649,99
650,99
651,99
652,99
653,99
654,99
655,99
656,99
657,99
658,99
659,99
660,99
661,99
662,99
663,99
664,99
665,99
666,99
667,99
668,99
669,99
670,99
671,99
672,99
673,99
674,99
675,99
676,99
677,99
678,99
679,99
680,99
681,99
682,99
683,99
684,99
685,99
686,99
687,99
688,99
689,99
690,99
691,99
692,99
693,99
694,99
695,99
696,99
697,99
698,99
699,99
700,99
701,99
702,99
703,99
704,99
705,99
706,99
707,99
708,99
709,99
710,99
711,99
712,99
713,99
714,99
715,99
716,99
717,99
718,99
719,99
720,99
721,99
722,99
723,99
724,99
725,99
726,99
727,99
728,99
729,99
730,99
731,99
732,99
733,99
734,99
735,99
736,99
737,99
738,99
739,99
740,99
741,99
742,99
743,99
744,99
745,99
746,99
747,99
748,99
749,99
750,99
751,99
752,99
753,99
754,99
755,99
756,99
757,99
758,99
759,99
760,99
761,99
762,99
763,99
764,99
765,99
766,99
767,99
768,99
769,99
770,99
771,99
772,99
773,99
774,99
775,99
776,99
777,99
778,99
779,99
780,99
781,99
782,99
783,99
784,99
785,99
786,99
787,99
788,99
789,99
790,99
791,99
792,99
793,99
794,99
795,99
796,99
797,99
798,99
799,99
800,99
801,99
802,99
803,99
804,99
805,99
806,99
807,99
808,99
809,99
810,99
811,99
812,99
813,99
814,99
815,99
816,99
817,99
818,99
819,99
820,99
821,99
822,99
823,99
824,99
825,99
826,99
827,99
828,99
829,99
830,99
831,99
832,99
833,99
834,99
835,99
836,99
837,99
838,99
839,99
840,99
841,99
842,99
843,99
844,99
845,99
846,99
847,99
848,99
849,99
850,99
851,99
852,99
853,99
854,99
855,99
856,99
857,99
858,99
859,99
860,99
861,99
862,99
863,99
864,99
865,99
866,99
867,99
868,99
869,99
870,99
871,99
872,99
873,99
874,99
875,99
876,99
877,99
878,99
879,99
880,99
881,99
882,99
883,99
884,99
885,99
886,99
887,99
888,99
889,99
890,99
891,99
892,99
893,99
894,99
895,99
896,99
897,99
898,99
899,99
900,99
901,99
902,99
903,99
904,99
905,99
906,99
907,99
908,99
909,99
910,99
911,99
912,99
913,99
914,99
915,99
916,99
917,99
918,99
919,99
920,99
921,99
922,99
923,99
924,99
925,100
