0,0
1,2
2,4
3,6
4,8
5,9
6,11
7,12
8,14
9,16
10,17
11,18
12,19
13,20
14,20
15,21
16,22
17,22
18,22
19,24
20,25
21,26
22,26
23,27
24,27
25,27
26,28
27,28
28,29
29,29
30,29
31,31
32,32
33,33
34,34
35,35
36,37
37,37
38,37
39,37
40,37
41,37
42,39
43,40
44,41
45,42
46,43
47,43
48,43
49,43
50,43
51,43
52,43
53,43
54,43
55,43
56,44
57,44
58,44
59,44
60,44
61,44
62,44
63,44
64,44
65,44
66,44
67,44
68,44
69,44
70,44
71,44
72,44
73,45
74,46
75,46
76,46
77,47
78,47
79,47
80,47
81,47
82,47
83,47
84,47
85,47
86,47
87,47
88,48
89,48
90,48
91,48
92,48
93,48
94,48
95,48
96,48
97,48
98,48
99,48
100,48
101,48
102,48
103,48
104,48
105,48
106,48
107,48
108,49
109,49
110,49
111,49
112,49
113,49
114,49
115,49
116,49
117,49
118,49
119,49
120,49
121,49
122,49
123,49
124,49
125,49
126,49
127,49
128,49
129,49
130,49
131,49
132,49
133,49
134,49
135,49
136,49
137,49
138,49
139,49
140,49
141,49
142,49
143,49
144,49
145,49
146,49
147,49
148,49
149,49
150,49
151,49
152,49
153,49
154,49
155,49
156,49
157,49
158,49
159,49
160,49
161,49
162,49
163,49
164,49
165,49
166,49
167,49
168,49
169,49
170,49
171,49
172,49
173,49
174,49
175,49
176,49
177,49
178,49
179,49
180,49
181,49
182,49
183,49
184,49
185,49
186,49
187,49
188,49
189,49
190,50
