0,0
1,2
2,4
3,5
4,7
5,8
6,10
7,12
8,13
9,14
10,16
11,18
12,20
13,21
14,21
15,21
16,21
17,21
18,23
19,24
20,25
21,26
22,26
23,26
24,26
25,26
26,26
27,26
28,26
29,26
30,27
31,27
32,27
33,28
34,29
35,30
36,30
37,31
38,32
39,33
40,35
41,36
42,36
43,38
44,39
45,41
46,41
47,43
48,44
49,45
50,46
51,46
52,48
53,48
54,49
55,50
56,50
57,51
58,51
59,51
60,51
61,51
62,51
63,51
64,51
65,52
66,53
67,54
68,54
69,55
70,56
71,57
72,57
73,57
74,58
75,58
76,58
77,58
78,59
79,61
80,61
81,61
82,62
83,62
84,63
85,64
86,64
87,65
88,66
89,66
90,67
91,68
92,69
93,70
94,71
95,73
96,74
97,74
98,75
99,76
100,77
101,78
102,78
103,79
104,80
105,80
106,80
107,80
108,81
109,82
110,83
111,83
112,84
113,86
114,86
115,87
116,87
117,87
118,88
119,88
120,88
121,88
122,88
123,88
124,88
125,88
126,88
127,89
128,89
129,89
130,89
131,89
132,90
133,90
134,90
135,90
136,90
137,90
138,90
139,90
140,90
141,90
142,91
143,91
144,91
145,91
146,91
147,91
148,91
149,91
150,91
151,91
152,91
153,91
154,92
155,93
156,93
157,93
158,93
159,93
160,93
161,93
162,93
163,93
164,93
165,93
166,93
167,93
168,93
169,93
170,93
171,93
172,93
173,93
174,93
175,93
176,93
177,93
178,93
179,93
180,93
181,93
182,93
183,93
184,93
185,93
186,93
187,93
188,93
189,93
190,93
191,93
192,93
193,93
194,93
195,93
196,93
197,93
198,93
199,93
200,93
201,93
202,93
203,93
204,94
205,94
206,94
207,94
208,94
209,94
210,94
211,94
212,94
213,94
214,94
215,94
216,94
217,94
218,94
219,94
220,94
221,94
222,94
223,94
224,94
225,95
226,96
227,97
228,97
229,97
230,97
231,97
232,97
233,97
234,97
235,97
236,97
237,97
238,97
239,97
240,97
241,97
242,97
243,97
244,97
245,97
246,97
247,97
248,97
249,97
250,97
251,97
252,97
253,97
254,97
255,97
256,97
257,97
258,97
259,97
260,97
261,97
262,97
263,97
264,97
265,97
266,97
267,97
268,97
269,97
270,97
271,97
272,97
273,97
274,97
275,97
276,97
277,97
278,97
279,97
280,97
281,97
282,97
283,97
284,97
285,97
286,97
287,97
288,97
289,97
290,97
291,98
292,98
293,98
294,99
295,99
296,99
297,99
298,99
299,99
300,99
301,99
302,99
303,99
304,99
305,99
306,99
307,99
308,99
309,99
310,99
311,99
312,99
313,100
