0,0
1,1
2,3
3,4
4,6
5,7
6,8
7,9
8,11
9,12
10,14
11,16
12,17
13,18
14,18
15,19
16,20
17,21
18,23
19,25
20,27
21,28
22,29
23,29
24,29
25,30
26,31
27,31
28,31
29,31
30,31
31,32
32,34
33,35
34,36
35,37
36,39
37,40
38,40
39,41
40,42
41,42
42,43
43,44
44,45
45,46
46,47
47,48
48,49
49,49
50,50
51,51
52,52
53,52
54,53
55,53
56,53
57,53
58,53
59,53
60,53
61,53
62,53
63,53
64,53
65,53
66,54
67,54
68,55
69,56
70,57
71,58
72,60
73,60
74,61
75,61
76,61
77,62
78,64
79,65
80,66
81,67
82,68
83,69
84,69
85,70
86,71
87,72
88,72
89,72
90,73
91,73
92,73
93,73
94,73
95,74
96,74
97,75
98,76
99,76
100,76
101,78
102,78
103,79
104,80
105,80
106,81
107,81
108,81
109,81
110,81
111,81
112,81
113,81
114,81
115,81
116,81
117,81
118,81
119,81
120,81
121,81
122,81
123,81
124,81
125,82
126,82
127,82
128,82
129,82
130,82
131,82
132,82
133,82
134,82
135,82
136,82
137,82
138,82
139,82
140,82
141,82
142,82
143,82
144,83
145,83
146,84
147,84
148,84
149,84
150,84
151,84
152,85
153,85
154,85
155,85
156,85
157,85
158,85
159,85
160,85
161,85
162,85
163,85
164,85
165,85
166,85
167,85
168,85
169,85
170,86
171,87
172,88
173,88
174,88
175,89
176,90
177,90
178,90
179,90
180,90
181,90
182,90
183,90
184,90
185,90
186,90
187,90
188,90
189,90
190,90
191,92
192,93
193,93
194,93
195,93
196,94
197,94
198,94
199,94
200,94
201,94
202,94
203,94
204,94
205,94
206,94
207,94
208,95
209,95
210,95
211,95
212,95
213,95
214,95
215,95
216,95
217,95
218,95
219,95
220,95
221,95
222,95
223,95
224,95
225,95
226,95
227,95
228,95
229,95
230,95
231,95
232,95
233,95
234,95
235,95
236,95
237,95
238,95
239,95
240,95
241,95
242,95
243,95
244,95
245,95
246,95
247,95
248,95
249,95
250,95
251,95
252,95
253,95
254,95
255,95
256,95
257,95
258,95
259,95
260,95
261,95
262,95
263,95
264,95
265,95
266,95
267,95
268,95
269,95
270,95
271,95
272,95
273,95
274,95
275,95
276,95
277,95
278,95
279,95
280,95
281,95
282,95
283,95
284,95
285,95
286,95
287,95
288,95
289,95
290,96
291,96
292,96
293,96
294,96
295,97
296,97
297,98
298,98
299,98
300,98
301,98
302,98
303,98
304,98
305,98
306,98
307,98
308,98
309,98
310,98
311,98
312,98
313,98
314,98
315,98
316,98
317,98
318,98
319,98
320,98
321,98
322,98
323,98
324,98
325,98
326,98
327,98
328,98
329,98
330,98
331,98
332,98
333,98
334,98
335,98
336,98
337,98
338,98
339,98
340,98
341,98
342,98
343,98
344,98
345,98
346,98
347,98
348,98
349,98
350,98
351,98
352,98
353,98
354,98
355,98
356,98
357,98
358,98
359,98
360,98
361,98
362,98
363,98
364,98
365,98
366,98
367,98
368,98
369,98
370,98
371,98
372,98
373,98
374,98
375,98
376,98
377,98
378,98
379,98
380,98
381,98
382,98
383,98
384,98
385,98
386,98
387,98
388,98
389,98
390,98
391,98
392,98
393,98
394,98
395,98
396,98
397,98
398,98
399,98
400,98
401,98
402,98
403,98
404,98
405,98
406,98
407,98
408,98
409,98
410,98
411,98
412,98
413,98
414,99
415,99
416,99
417,99
418,99
419,99
420,99
421,99
422,99
423,99
424,99
425,99
426,99
427,99
428,99
429,99
430,99
431,99
432,99
433,99
434,99
435,99
436,99
437,99
438,99
439,99
440,99
441,99
442,99
443,99
444,99
445,99
446,99
447,99
448,99
449,99
450,99
451,99
452,99
453,99
454,99
455,99
456,99
457,99
458,99
459,99
460,99
461,99
462,99
463,99
464,99
465,99
466,99
467,100
