0,0
1,1
2,2
3,3
4,4
5,5
6,6
7,7
8,8
9,8
10,9
11,10
12,11
13,12
14,12
15,13
16,14
17,15
18,16
19,17
20,17
21,18
22,19
23,19
24,20
25,21
26,22
27,23
28,24
29,25
30,26
31,26
32,27
33,28
34,29
35,30
36,31
37,32
38,32
39,33
40,33
41,34
42,35
43,35
44,36
45,37
46,38
47,39
48,39
49,39
50,40
51,40
52,41
53,42
54,42
55,43
56,43
57,44
58,45
59,46
60,46
61,46
62,47
63,48
64,48
65,49
66,49
67,50
68,50
69,50
70,50
71,50
72,51
73,52
74,52
75,52
76,52
77,53
78,54
79,55
80,56
81,56
82,56
83,56
84,57
85,58
86,58
87,58
88,58
89,58
90,59
91,59
92,59
93,60
94,60
95,60
96,60
97,60
98,60
99,61
100,61
101,62
102,62
103,62
104,62
105,63
106,63
107,63
108,63
109,63
110,63
111,63
112,63
113,64
114,64
115,65
116,66
117,67
118,68
119,69
120,70
121,71
122,71
123,72
124,73
125,73
126,74
127,75
128,76
129,77
130,77
131,77
132,77
133,77
134,78
135,79
136,80
137,80
138,80
139,80
140,80
141,80
142,80
143,80
144,80
145,81
146,81
147,81
148,82
149,82
150,82
151,82
152,82
153,82
154,82
155,82
156,82
157,82
158,82
159,82
160,82
161,82
162,83
163,83
164,83
165,83
166,83
167,84
168,84
169,84
170,84
171,84
172,84
173,85
174,85
175,85
176,86
177,87
178,87
179,88
180,88
181,88
182,88
183,88
184,88
185,88
186,88
187,88
188,88
189,88
190,88
191,88
192,88
193,88
194,88
195,88
196,88
197,88
198,88
199,88
200,88
201,88
202,88
203,88
204,88
205,88
206,88
207,88
208,88
209,88
210,88
211,88
212,88
213,88
214,88
215,88
216,88
217,88
218,88
219,88
220,88
221,88
222,88
223,88
224,88
225,89
226,89
227,89
228,89
229,90
230,90
231,90
232,90
233,91
234,91
235,92
236,93
237,94
238,94
239,95
240,95
241,96
242,96
243,96
244,96
245,97
246,97
247,97
248,97
249,97
250,97
251,97
252,97
253,97
254,97
255,97
256,98
257,98
258,98
259,98
260,98
261,98
262,98
263,98
264,98
265,98
266,98
267,98
268,98
269,99
270,99
271,99
272,99
273,99
274,99
275,99
276,99
277,99
278,99
279,99
280,99
281,99
282,99
283,99
284,99
285,99
286,99
287,99
288,99
289,99
290,99
291,99
292,99
293,99
294,99
295,99
296,100
297,100
298,100
299,100
300,100
301,100
302,100
303,100
304,100
305,100
306,100
307,100
308,100
309,100
310,100
311,100
312,100
313,100
314,100
315,100
316,100
317,100
318,100
319,100
320,100
321,100
322,100
323,100
324,100
325,100
326,100
327,100
328,100
329,101
330,101
331,101
332,101
333,101
334,101
335,101
336,101
337,101
338,101
339,101
340,101
341,101
342,101
343,101
344,101
345,101
346,101
347,101
348,101
349,101
350,101
351,101
352,102
353,102
354,102
355,102
356,102
357,102
358,102
359,102
360,102
361,102
362,102
363,103
364,104
365,104
366,104
367,104
368,104
369,104
370,104
371,104
372,104
373,104
374,104
375,104
376,104
377,104
378,105
379,105
380,105
381,105
382,105
383,105
384,105
385,105
386,105
387,105
388,105
389,105
390,106
391,107
392,107
393,108
394,108
395,108
396,108
397,108
398,108
399,108
400,108
401,108
402,108
403,108
404,108
405,108
406,108
407,108
408,108
409,108
410,108
411,108
412,108
413,108
414,108
415,108
416,108
417,108
418,108
419,108
420,108
421,108
422,109
423,109
424,109
425,110
426,110
427,111
428,112
429,112
430,112
431,112
432,112
433,112
434,113
435,113
436,113
437,113
438,113
439,113
440,113
441,113
442,113
443,113
444,113
445,113
446,113
447,113
448,113
449,113
450,113
451,113
452,113
453,113
454,113
455,113
456,113
457,113
458,113
459,113
460,113
461,113
462,113
463,113
464,113
465,113
466,113
467,113
468,113
469,113
470,113
471,113
472,113
473,113
474,113
475,113
476,113
477,113
478,113
479,113
480,113
481,113
482,113
483,113
484,113
485,113
486,113
487,113
488,113
489,113
490,113
491,113
492,113
493,113
494,113
495,113
496,113
497,113
498,113
499,113
500,113
501,113
502,113
503,113
504,113
505,113
506,113
507,113
508,113
509,113
510,113
511,113
512,113
513,113
514,113
515,113
516,113
517,113
518,113
519,113
520,113
521,113
522,113
523,113
524,113
525,113
526,113
527,113
528,113
529,113
530,113
531,114
532,114
533,114
534,114
535,114
536,114
537,114
538,114
539,114
540,114
541,114
542,114
543,114
544,114
545,114
546,114
547,114
548,114
549,114
550,114
551,114
552,114
553,114
554,114
555,114
556,114
557,114
558,114
559,114
560,114
561,114
562,114
563,114
564,114
565,114
566,114
567,114
568,114
569,114
570,114
571,114
572,114
573,114
574,114
575,114
576,114
577,114
578,114
579,114
580,114
581,114
582,114
583,114
584,114
585,114
586,114
587,114
588,114
589,114
590,114
591,114
592,114
593,114
594,114
595,114
596,114
597,114
598,114
599,114
600,114
601,114
602,114
603,114
604,114
605,114
606,114
607,114
608,114
609,114
610,114
611,114
612,114
613,114
614,114
615,114
616,114
617,115
618,115
619,115
620,115
621,115
622,115
623,115
624,115
625,115
626,115
627,115
628,115
629,115
630,115
631,115
632,115
633,115
634,115
635,115
636,115
637,115
638,115
639,115
640,115
641,115
642,115
643,115
644,115
645,115
646,115
647,115
648,115
649,115
650,116
651,116
652,116
653,116
654,116
655,116
656,116
657,116
658,116
659,116
660,116
661,116
662,116
663,116
664,116
665,116
666,116
667,116
668,116
669,116
670,116
671,116
672,116
673,116
674,116
675,116
676,116
677,116
678,116
679,116
680,116
681,116
682,116
683,117
684,118
685,119
686,120
687,121
688,121
689,121
690,122
691,122
692,122
693,122
694,122
695,122
696,122
697,122
698,122
699,122
700,122
701,122
702,122
703,122
704,122
705,122
706,122
707,122
708,122
709,122
710,122
711,122
712,122
713,122
714,122
715,122
716,122
717,122
718,122
719,122
720,122
721,122
722,122
723,122
724,123
725,123
726,123
727,123
728,123
729,123
730,123
731,123
732,123
733,123
734,123
735,123
736,123
737,123
738,123
739,123
740,123
741,123
742,123
743,123
744,123
745,123
746,123
747,123
748,123
749,123
750,123
751,123
752,123
753,123
754,123
755,123
756,123
757,123
758,123
759,123
760,123
761,123
762,123
763,123
764,123
765,123
766,123
767,123
768,123
769,123
770,123
771,123
772,123
773,123
774,123
775,123
776,123
777,124
778,124
779,124
780,124
781,125
782,125
783,125
784,125
785,125
786,125
787,125
788,125
789,125
790,125
791,125
792,125
793,125
794,125
795,125
796,125
797,125
798,125
799,125
800,125
801,125
802,125
803,125
804,125
805,125
806,125
807,125
808,125
809,125
810,125
811,125
812,125
813,125
814,125
815,125
816,125
817,125
818,125
819,125
820,125
821,125
822,125
823,125
824,125
825,125
826,125
827,125
828,125
829,125
830,125
831,125
832,125
833,125
834,125
835,125
836,125
837,125
838,125
839,125
840,125
841,125
842,125
843,125
844,125
845,125
846,125
847,125
848,125
849,125
850,125
851,125
852,125
853,125
854,125
855,125
856,125
857,125
858,125
859,125
860,125
861,125
862,125
863,125
864,125
865,125
866,125
867,125
868,125
869,125
870,125
871,125
872,125
873,125
874,125
875,125
876,125
877,125
878,126
879,126
880,126
881,126
882,126
883,126
884,126
885,126
886,126
887,126
888,126
889,126
890,126
891,126
892,126
893,126
894,126
895,126
896,126
897,126
898,126
899,126
900,126
901,126
902,126
903,126
904,126
905,126
906,126
907,126
908,126
909,126
910,126
911,126
912,126
913,126
914,126
915,126
916,126
917,126
918,126
919,126
920,126
921,126
922,126
923,126
924,126
925,126
926,126
927,126
928,126
929,126
930,126
931,126
932,126
933,126
934,126
935,126
936,126
937,126
938,126
939,126
940,127
941,127
942,127
943,127
944,127
945,127
946,127
947,127
948,127
949,127
950,127
951,127
952,127
953,127
954,127
955,127
956,127
957,127
958,127
959,127
960,127
961,128
962,128
963,128
964,129
965,129
966,129
967,129
968,129
969,129
970,129
971,129
972,129
973,129
974,129
975,129
976,129
977,129
978,129
979,129
980,129
981,129
982,129
983,129
984,129
985,129
986,129
987,129
988,129
989,129
990,129
991,129
992,129
993,129
994,129
995,129
996,129
997,129
998,129
999,129
1000,129
1001,129
1002,129
1003,129
1004,129
1005,129
1006,129
1007,129
1008,129
1009,129
1010,129
1011,129
1012,129
1013,129
1014,129
1015,129
1016,129
1017,129
1018,129
1019,129
1020,129
1021,129
1022,129
1023,129
1024,129
1025,129
1026,129
1027,129
1028,129
1029,129
1030,129
1031,129
1032,129
1033,129
1034,129
1035,129
1036,130
1037,131
1038,132
1039,133
1040,133
1041,133
1042,133
1043,134
1044,135
1045,136
1046,136
1047,136
1048,137
1049,137
1050,137
1051,137
1052,137
1053,137
1054,137
1055,137
1056,137
1057,137
1058,137
1059,137
1060,137
1061,137
1062,137
1063,137
1064,137
1065,137
1066,137
1067,137
1068,137
1069,137
1070,137
1071,137
1072,137
1073,137
1074,137
1075,137
1076,137
1077,137
1078,137
1079,137
1080,137
1081,137
1082,137
1083,137
1084,137
1085,137
1086,137
1087,137
1088,137
1089,137
1090,137
1091,137
1092,137
1093,137
1094,137
1095,137
1096,137
1097,137
1098,137
1099,137
1100,138
1101,139
1102,139
1103,139
1104,139
1105,139
1106,139
1107,139
1108,139
1109,139
1110,139
1111,139
1112,139
1113,139
1114,139
1115,139
1116,139
1117,139
1118,139
1119,139
1120,139
1121,139
1122,139
1123,139
1124,139
1125,139
1126,139
1127,139
1128,139
1129,139
1130,139
1131,139
1132,139
1133,139
1134,139
1135,139
1136,139
1137,139
1138,139
1139,139
1140,139
1141,139
1142,139
1143,139
1144,139
1145,139
1146,139
1147,139
1148,139
1149,139
1150,139
1151,139
1152,139
1153,139
1154,139
1155,139
1156,139
1157,139
1158,139
1159,139
1160,139
1161,139
1162,139
1163,139
1164,139
1165,139
1166,139
1167,139
1168,139
1169,139
1170,139
1171,139
1172,139
1173,139
1174,139
1175,139
1176,139
1177,139
1178,139
1179,139
1180,139
1181,139
1182,139
1183,139
1184,139
1185,139
1186,139
1187,139
1188,139
1189,139
1190,139
1191,139
1192,139
1193,139
1194,139
1195,139
1196,139
1197,139
1198,139
1199,139
1200,139
1201,139
1202,139
1203,139
1204,139
1205,139
1206,139
1207,139
1208,139
1209,139
1210,139
1211,139
1212,139
1213,139
1214,139
1215,139
1216,139
1217,139
1218,139
1219,139
1220,139
1221,139
1222,139
1223,139
1224,139
1225,139
1226,139
1227,139
1228,139
1229,139
1230,139
1231,139
1232,139
1233,139
1234,139
1235,139
1236,139
1237,139
1238,139
1239,139
1240,139
1241,139
1242,139
1243,139
1244,139
1245,139
1246,139
1247,139
1248,139
1249,139
1250,139
1251,139
1252,139
1253,139
1254,139
1255,139
1256,139
1257,139
1258,139
1259,139
1260,139
1261,139
1262,139
1263,139
1264,139
1265,139
1266,139
1267,139
1268,139
1269,139
1270,139
1271,139
1272,139
1273,139
1274,139
1275,139
1276,139
1277,139
1278,139
1279,139
1280,139
1281,139
1282,139
1283,139
1284,139
1285,139
1286,139
1287,139
1288,139
1289,139
1290,139
1291,139
1292,139
1293,139
1294,139
1295,139
1296,139
1297,139
1298,139
1299,139
1300,139
1301,139
1302,139
1303,139
1304,139
1305,139
1306,139
1307,139
1308,139
1309,139
1310,139
1311,139
1312,139
1313,139
1314,139
1315,139
1316,139
1317,139
1318,139
1319,139
1320,139
1321,139
1322,139
1323,139
1324,139
1325,139
1326,139
1327,139
1328,139
1329,139
1330,139
1331,139
1332,139
1333,139
1334,139
1335,139
1336,139
1337,139
1338,139
1339,139
1340,139
1341,139
1342,139
1343,139
1344,139
1345,139
1346,139
1347,139
1348,139
1349,139
1350,139
1351,139
1352,139
1353,139
1354,139
1355,139
1356,139
1357,139
1358,139
1359,139
1360,139
1361,139
1362,139
1363,139
1364,139
1365,139
1366,139
1367,139
1368,139
1369,139
1370,139
1371,139
1372,139
1373,139
1374,139
1375,139
1376,139
1377,139
1378,139
1379,139
1380,139
1381,139
1382,139
1383,139
1384,139
1385,139
1386,139
1387,139
1388,139
1389,139
1390,139
1391,139
1392,139
1393,139
1394,139
1395,139
1396,139
1397,139
1398,139
1399,139
1400,139
1401,139
1402,139
1403,139
1404,139
1405,139
1406,139
1407,139
1408,139
1409,139
1410,139
1411,139
1412,139
1413,139
1414,139
1415,139
1416,139
1417,139
1418,139
1419,139
1420,139
1421,139
1422,139
1423,139
1424,139
1425,139
1426,139
1427,139
1428,139
1429,139
1430,139
1431,139
1432,139
1433,139
1434,139
1435,139
1436,139
1437,139
1438,139
1439,139
1440,139
1441,139
1442,139
1443,139
1444,139
1445,139
1446,139
1447,139
1448,139
1449,139
1450,139
1451,139
1452,139
1453,139
1454,139
1455,139
1456,139
1457,139
1458,139
1459,139
1460,139
1461,139
1462,139
1463,140
1464,141
1465,142
1466,142
1467,142
1468,142
1469,142
1470,142
1471,142
1472,142
1473,142
1474,142
1475,142
1476,142
1477,142
1478,142
1479,142
1480,142
1481,142
1482,142
1483,142
1484,142
1485,142
1486,142
1487,142
1488,142
1489,142
1490,142
1491,142
1492,142
1493,142
1494,142
1495,142
1496,142
1497,142
1498,142
1499,142
1500,142
1501,142
1502,142
1503,142
1504,142
1505,142
1506,142
1507,142
1508,142
1509,142
1510,142
1511,142
1512,142
1513,142
1514,142
1515,142
1516,142
1517,142
1518,142
1519,142
1520,142
1521,142
1522,142
1523,142
1524,142
1525,142
1526,142
1527,142
1528,142
1529,142
1530,142
1531,142
1532,142
1533,142
1534,142
1535,142
1536,142
1537,142
1538,142
1539,142
1540,142
1541,142
1542,142
1543,142
1544,142
1545,142
1546,142
1547,142
1548,142
1549,142
1550,142
1551,142
1552,142
1553,142
1554,142
1555,142
1556,142
1557,142
1558,142
1559,142
1560,142
1561,142
1562,142
1563,142
1564,142
1565,142
1566,142
1567,142
1568,142
1569,142
1570,142
1571,142
1572,142
1573,142
1574,142
1575,142
1576,142
1577,142
1578,142
1579,142
1580,142
1581,142
1582,142
1583,142
1584,142
1585,142
1586,142
1587,142
1588,142
1589,142
1590,142
1591,142
1592,142
1593,142
1594,142
1595,142
1596,142
1597,142
1598,142
1599,142
1600,142
1601,142
1602,142
1603,142
1604,142
1605,142
1606,142
1607,142
1608,142
1609,142
1610,142
1611,142
1612,142
1613,142
1614,142
1615,142
1616,142
1617,142
1618,142
1619,142
1620,142
1621,142
1622,142
1623,142
1624,142
1625,142
1626,142
1627,142
1628,142
1629,142
1630,142
1631,142
1632,142
1633,142
1634,142
1635,142
1636,142
1637,142
1638,142
1639,142
1640,142
1641,142
1642,142
1643,142
1644,142
1645,142
1646,142
1647,142
1648,142
1649,142
1650,142
1651,142
1652,142
1653,142
1654,142
1655,142
1656,142
1657,142
1658,142
1659,142
1660,142
1661,142
1662,142
1663,142
1664,142
1665,142
1666,142
1667,142
1668,142
1669,142
1670,142
1671,142
1672,142
1673,142
1674,142
1675,142
1676,142
1677,142
1678,142
1679,142
1680,142
1681,142
1682,142
1683,142
1684,142
1685,142
1686,142
1687,142
1688,142
1689,142
1690,142
1691,142
1692,142
1693,142
1694,142
1695,142
1696,142
1697,142
1698,142
1699,142
1700,142
1701,142
1702,142
1703,142
1704,142
1705,142
1706,142
1707,142
1708,142
1709,142
1710,142
1711,142
1712,142
1713,142
1714,142
1715,142
1716,142
1717,142
1718,142
1719,142
1720,142
1721,142
1722,142
1723,142
1724,142
1725,142
1726,142
1727,142
1728,142
1729,142
1730,142
1731,142
1732,142
1733,142
1734,142
1735,142
1736,142
1737,142
1738,142
1739,142
1740,142
1741,142
1742,142
1743,142
1744,142
1745,142
1746,142
1747,142
1748,142
1749,142
1750,142
1751,142
1752,142
1753,142
1754,142
1755,142
1756,142
1757,142
1758,142
1759,142
1760,142
1761,142
1762,142
1763,142
1764,142
1765,142
1766,142
1767,142
1768,142
1769,142
1770,142
1771,142
1772,142
1773,142
1774,142
1775,142
1776,142
1777,142
1778,142
1779,142
1780,142
1781,142
1782,142
1783,142
1784,142
1785,142
1786,142
1787,142
1788,142
1789,142
1790,142
1791,142
1792,142
1793,142
1794,142
1795,142
1796,142
1797,142
1798,142
1799,142
1800,142
1801,142
1802,142
1803,142
1804,142
1805,142
1806,142
1807,142
1808,142
1809,142
1810,142
1811,142
1812,142
1813,142
1814,142
1815,142
1816,142
1817,142
1818,142
1819,142
1820,142
1821,142
1822,142
1823,142
1824,142
1825,142
1826,142
1827,142
1828,142
1829,142
1830,142
1831,142
1832,142
1833,142
1834,142
1835,142
1836,142
1837,142
1838,142
1839,142
1840,142
1841,142
1842,142
1843,142
1844,142
1845,142
1846,142
1847,142
1848,142
1849,142
1850,142
1851,142
1852,142
1853,142
1854,142
1855,142
1856,142
1857,142
1858,142
1859,142
1860,142
1861,142
1862,142
1863,142
1864,142
1865,142
1866,142
1867,142
1868,142
1869,142
1870,142
1871,142
1872,142
1873,142
1874,142
1875,142
1876,142
1877,142
1878,142
1879,142
1880,142
1881,142
1882,142
1883,142
1884,142
1885,142
1886,142
1887,142
1888,142
1889,142
1890,142
1891,142
1892,142
1893,142
1894,142
1895,142
1896,142
1897,142
1898,142
1899,142
1900,142
1901,142
1902,142
1903,142
1904,142
1905,142
1906,142
1907,142
1908,142
1909,142
1910,142
1911,142
1912,142
1913,142
1914,142
1915,142
1916,142
1917,142
1918,142
1919,142
1920,142
1921,142
1922,142
1923,142
1924,142
1925,142
1926,142
1927,142
1928,142
1929,142
1930,142
1931,142
1932,142
1933,142
1934,142
1935,142
1936,142
1937,142
1938,142
1939,142
1940,142
1941,142
1942,142
1943,142
1944,142
1945,142
1946,142
1947,142
1948,142
1949,142
1950,142
1951,142
1952,142
1953,142
1954,142
1955,142
1956,142
1957,142
1958,142
1959,142
1960,142
1961,142
1962,142
1963,142
1964,142
1965,142
1966,142
1967,142
1968,142
1969,142
1970,142
1971,142
1972,142
1973,142
1974,142
1975,142
1976,142
1977,142
1978,142
1979,142
1980,142
1981,142
1982,142
1983,142
1984,142
1985,142
1986,142
1987,142
1988,142
1989,142
1990,142
1991,142
1992,142
1993,142
1994,142
1995,142
1996,142
1997,142
1998,142
1999,142
2000,142
2001,142
2002,142
2003,142
2004,142
2005,142
2006,142
2007,142
2008,142
2009,142
2010,142
2011,142
2012,142
2013,142
2014,142
2015,142
2016,142
2017,142
2018,142
2019,142
2020,142
2021,142
2022,142
2023,142
2024,142
2025,142
2026,142
2027,142
2028,142
2029,142
2030,142
2031,142
2032,142
2033,142
2034,142
2035,142
2036,142
2037,142
2038,142
2039,142
2040,142
2041,142
2042,142
2043,142
2044,142
2045,142
2046,142
2047,142
2048,142
2049,142
2050,142
2051,142
2052,142
2053,142
2054,142
2055,142
2056,142
2057,142
2058,142
2059,142
2060,142
2061,142
2062,142
2063,142
2064,142
2065,142
2066,142
2067,142
2068,142
2069,142
2070,142
2071,142
2072,142
2073,142
2074,142
2075,142
2076,142
2077,142
2078,142
2079,142
2080,142
2081,142
2082,142
2083,142
2084,142
2085,142
2086,142
2087,142
2088,142
2089,142
2090,142
2091,142
2092,142
2093,142
2094,142
2095,142
2096,142
2097,142
2098,142
2099,142
2100,142
2101,142
2102,142
2103,142
2104,142
2105,142
2106,142
2107,142
2108,142
2109,142
2110,142
2111,142
2112,142
2113,142
2114,142
2115,142
2116,142
2117,142
2118,142
2119,142
2120,142
2121,142
2122,142
2123,142
2124,142
2125,142
2126,142
2127,142
2128,142
2129,142
2130,142
2131,142
2132,142
2133,142
2134,142
2135,142
2136,142
2137,142
2138,142
2139,142
2140,142
2141,142
2142,142
2143,142
2144,142
2145,142
2146,142
2147,142
2148,142
2149,142
2150,142
2151,142
2152,142
2153,142
2154,142
2155,142
2156,142
2157,142
2158,142
2159,142
2160,142
2161,142
2162,142
2163,142
2164,142
2165,142
2166,142
2167,142
2168,142
2169,142
2170,142
2171,142
2172,142
2173,142
2174,142
2175,142
2176,142
2177,142
2178,142
2179,142
2180,142
2181,142
2182,142
2183,142
2184,142
2185,142
2186,142
2187,142
2188,142
2189,142
2190,142
2191,142
2192,142
2193,142
2194,142
2195,142
2196,142
2197,142
2198,142
2199,142
2200,142
2201,142
2202,142
2203,142
2204,142
2205,142
2206,142
2207,142
2208,142
2209,142
2210,142
2211,142
2212,142
2213,142
2214,142
2215,142
2216,142
2217,142
2218,142
2219,142
2220,142
2221,142
2222,142
2223,142
2224,142
2225,142
2226,142
2227,142
2228,142
2229,142
2230,142
2231,142
2232,142
2233,142
2234,142
2235,142
2236,142
2237,142
2238,142
2239,142
2240,142
2241,142
2242,142
2243,142
2244,142
2245,142
2246,142
2247,142
2248,142
2249,142
2250,142
2251,142
2252,142
2253,142
2254,142
2255,142
2256,142
2257,142
2258,142
2259,142
2260,142
2261,142
2262,142
2263,142
2264,142
2265,142
2266,142
2267,142
2268,142
2269,142
2270,142
2271,142
2272,142
2273,142
2274,142
2275,142
2276,142
2277,142
2278,142
2279,142
2280,142
2281,142
2282,142
2283,142
2284,142
2285,142
2286,142
2287,142
2288,142
2289,142
2290,142
2291,142
2292,142
2293,142
2294,142
2295,142
2296,142
2297,142
2298,142
2299,142
2300,142
2301,142
2302,142
2303,142
2304,142
2305,142
2306,142
2307,142
2308,142
2309,142
2310,142
2311,142
2312,142
2313,142
2314,142
2315,142
2316,142
2317,142
2318,142
2319,142
2320,142
2321,142
2322,142
2323,142
2324,142
2325,142
2326,142
2327,142
2328,142
2329,142
2330,142
2331,142
2332,142
2333,142
2334,142
2335,142
2336,142
2337,142
2338,142
2339,142
2340,142
2341,142
2342,142
2343,142
2344,142
2345,142
2346,142
2347,142
2348,142
2349,142
2350,142
2351,142
2352,142
2353,142
2354,142
2355,142
2356,142
2357,142
2358,142
2359,142
2360,142
2361,142
2362,142
2363,142
2364,142
2365,142
2366,142
2367,142
2368,142
2369,142
2370,142
2371,142
2372,142
2373,142
2374,142
2375,142
2376,142
2377,142
2378,142
2379,142
2380,142
2381,142
2382,142
2383,142
2384,142
2385,142
2386,142
2387,142
2388,142
2389,142
2390,142
2391,142
2392,142
2393,142
2394,142
2395,142
2396,142
2397,142
2398,142
2399,142
2400,142
2401,142
2402,142
2403,142
2404,142
2405,142
2406,142
2407,142
2408,142
2409,142
2410,142
2411,142
2412,142
2413,142
2414,142
2415,142
2416,142
2417,142
2418,143
2419,143
2420,143
2421,143
2422,143
2423,143
2424,143
2425,143
2426,143
2427,143
2428,143
2429,143
2430,143
2431,143
2432,143
2433,143
2434,143
2435,143
2436,143
2437,143
2438,143
2439,143
2440,143
2441,143
2442,143
2443,143
2444,143
2445,143
2446,143
2447,143
2448,143
2449,143
2450,143
2451,143
2452,143
2453,143
2454,143
2455,143
2456,143
2457,143
2458,143
2459,143
2460,143
2461,143
2462,143
2463,143
2464,143
2465,143
2466,143
2467,143
2468,143
2469,143
2470,143
2471,143
2472,143
2473,143
2474,143
2475,143
2476,143
2477,143
2478,143
2479,143
2480,143
2481,143
2482,143
2483,143
2484,143
2485,143
2486,143
2487,143
2488,143
2489,143
2490,143
2491,143
2492,143
2493,143
2494,143
2495,143
2496,143
2497,143
2498,143
2499,143
2500,143
2501,143
2502,143
2503,143
2504,143
2505,143
2506,143
2507,143
2508,143
2509,143
2510,143
2511,143
2512,143
2513,143
2514,143
2515,143
2516,143
2517,143
2518,143
2519,143
2520,143
2521,143
2522,143
2523,143
2524,143
2525,143
2526,143
2527,143
2528,143
2529,143
2530,143
2531,143
2532,143
2533,143
2534,143
2535,143
2536,143
2537,143
2538,143
2539,143
2540,143
2541,143
2542,143
2543,143
2544,143
2545,143
2546,143
2547,143
2548,143
2549,143
2550,143
2551,143
2552,143
2553,143
2554,143
2555,143
2556,143
2557,143
2558,143
2559,143
2560,143
2561,143
2562,143
2563,143
2564,143
2565,143
2566,143
2567,143
2568,143
2569,143
2570,143
2571,143
2572,143
2573,143
2574,143
2575,143
2576,143
2577,143
2578,143
2579,143
2580,143
2581,143
2582,143
2583,143
2584,143
2585,143
2586,143
2587,143
2588,143
2589,143
2590,143
2591,143
2592,143
2593,143
2594,143
2595,143
2596,143
2597,143
2598,143
2599,143
2600,143
2601,143
2602,143
2603,143
2604,143
2605,143
2606,143
2607,143
2608,143
2609,143
2610,143
2611,143
2612,143
2613,143
2614,143
2615,143
2616,143
2617,143
2618,143
2619,143
2620,143
2621,143
2622,143
2623,143
2624,143
2625,143
2626,143
2627,143
2628,143
2629,143
2630,143
2631,143
2632,143
2633,143
2634,143
2635,143
2636,143
2637,143
2638,143
2639,143
2640,143
2641,143
2642,143
2643,143
2644,143
2645,143
2646,143
2647,143
2648,143
2649,143
2650,143
2651,143
2652,143
2653,143
2654,143
2655,143
2656,143
2657,143
2658,143
2659,143
2660,143
2661,143
2662,143
2663,143
2664,143
2665,143
2666,143
2667,143
2668,143
2669,143
2670,143
2671,143
2672,143
2673,143
2674,143
2675,143
2676,143
2677,143
2678,143
2679,143
2680,143
2681,143
2682,143
2683,143
2684,143
2685,143
2686,143
2687,143
2688,143
2689,143
2690,143
2691,143
2692,143
2693,143
2694,143
2695,143
2696,143
2697,143
2698,143
2699,143
2700,143
2701,143
2702,143
2703,143
2704,143
2705,143
2706,143
2707,143
2708,143
2709,143
2710,143
2711,143
2712,143
2713,143
2714,143
2715,143
2716,143
2717,143
2718,143
2719,143
2720,143
2721,143
2722,143
2723,143
2724,143
2725,143
2726,143
2727,143
2728,143
2729,143
2730,143
2731,143
2732,143
2733,143
2734,143
2735,143
2736,143
2737,143
2738,143
2739,143
2740,143
2741,143
2742,143
2743,143
2744,143
2745,143
2746,143
2747,143
2748,143
2749,143
2750,143
2751,143
2752,143
2753,143
2754,143
2755,143
2756,143
2757,143
2758,143
2759,143
2760,143
2761,143
2762,143
2763,143
2764,143
2765,143
2766,143
2767,143
2768,143
2769,143
2770,143
2771,143
2772,143
2773,143
2774,143
2775,143
2776,143
2777,143
2778,143
2779,143
2780,143
2781,143
2782,143
2783,143
2784,143
2785,143
2786,143
2787,143
2788,143
2789,143
2790,143
2791,143
2792,143
2793,143
2794,143
2795,143
2796,143
2797,143
2798,143
2799,143
2800,143
2801,143
2802,143
2803,143
2804,143
2805,143
2806,143
2807,143
2808,143
2809,143
2810,143
2811,143
2812,143
2813,143
2814,143
2815,143
2816,143
2817,143
2818,143
2819,143
2820,143
2821,143
2822,143
2823,143
2824,143
2825,143
2826,143
2827,143
2828,143
2829,143
2830,143
2831,143
2832,143
2833,143
2834,143
2835,143
2836,143
2837,143
2838,143
2839,143
2840,143
2841,143
2842,143
2843,143
2844,143
2845,143
2846,143
2847,143
2848,143
2849,143
2850,143
2851,143
2852,143
2853,143
2854,143
2855,143
2856,143
2857,143
2858,143
2859,143
2860,143
2861,143
2862,143
2863,143
2864,143
2865,143
2866,143
2867,143
2868,143
2869,143
2870,143
2871,143
2872,143
2873,143
2874,143
2875,143
2876,143
2877,143
2878,143
2879,143
2880,143
2881,143
2882,143
2883,143
2884,143
2885,143
2886,143
2887,143
2888,143
2889,143
2890,143
2891,143
2892,143
2893,143
2894,143
2895,143
2896,143
2897,143
2898,143
2899,143
2900,143
2901,143
2902,143
2903,143
2904,143
2905,143
2906,143
2907,143
2908,143
2909,143
2910,143
2911,143
2912,143
2913,143
2914,143
2915,143
2916,143
2917,143
2918,143
2919,143
2920,143
2921,143
2922,143
2923,143
2924,143
2925,143
2926,143
2927,143
2928,143
2929,143
2930,143
2931,143
2932,143
2933,143
2934,143
2935,143
2936,143
2937,143
2938,143
2939,143
2940,143
2941,143
2942,143
2943,143
2944,143
2945,143
2946,143
2947,143
2948,143
2949,143
2950,143
2951,143
2952,143
2953,143
2954,143
2955,143
2956,143
2957,143
2958,143
2959,143
2960,143
2961,143
2962,143
2963,143
2964,143
2965,143
2966,143
2967,143
2968,143
2969,143
2970,143
2971,143
2972,143
2973,143
2974,143
2975,143
2976,143
2977,143
2978,143
2979,143
2980,143
2981,143
2982,143
2983,143
2984,143
2985,143
2986,143
2987,143
2988,143
2989,143
2990,143
2991,143
2992,143
2993,143
2994,143
2995,143
2996,143
2997,143
2998,143
2999,143
3000,143
3001,143
3002,143
3003,143
3004,143
3005,143
3006,143
3007,143
3008,143
3009,143
3010,143
3011,143
3012,143
3013,143
3014,143
3015,143
3016,143
3017,143
3018,143
3019,143
3020,143
3021,143
3022,143
3023,143
3024,143
3025,143
3026,143
3027,143
3028,143
3029,143
3030,143
3031,143
3032,143
3033,143
3034,143
3035,143
3036,143
3037,143
3038,143
3039,143
3040,143
3041,143
3042,143
3043,143
3044,143
3045,143
3046,143
3047,143
3048,143
3049,143
3050,143
3051,143
3052,143
3053,143
3054,143
3055,143
3056,143
3057,143
3058,143
3059,143
3060,143
3061,143
3062,143
3063,143
3064,143
3065,143
3066,143
3067,143
3068,143
3069,143
3070,143
3071,143
3072,143
3073,143
3074,143
3075,143
3076,143
3077,143
3078,143
3079,143
3080,143
3081,143
3082,143
3083,143
3084,143
3085,143
3086,143
3087,143
3088,143
3089,143
3090,143
3091,143
3092,143
3093,143
3094,143
3095,143
3096,143
3097,143
3098,143
3099,143
3100,143
3101,143
3102,143
3103,143
3104,143
3105,143
3106,143
3107,143
3108,143
3109,143
3110,143
3111,143
3112,143
3113,143
3114,143
3115,143
3116,143
3117,143
3118,143
3119,143
3120,143
3121,143
3122,143
3123,143
3124,143
3125,143
3126,143
3127,143
3128,143
3129,143
3130,143
3131,143
3132,143
3133,143
3134,143
3135,143
3136,143
3137,143
3138,143
3139,143
3140,143
3141,143
3142,143
3143,143
3144,143
3145,143
3146,143
3147,143
3148,143
3149,143
3150,143
3151,143
3152,143
3153,143
3154,143
3155,143
3156,143
3157,143
3158,143
3159,143
3160,143
3161,143
3162,143
3163,143
3164,143
3165,143
3166,143
3167,143
3168,143
3169,143
3170,143
3171,143
3172,143
3173,143
3174,143
3175,143
3176,143
3177,143
3178,143
3179,143
3180,143
3181,143
3182,143
3183,143
3184,143
3185,143
3186,143
3187,143
3188,143
3189,143
3190,143
3191,143
3192,143
3193,143
3194,143
3195,143
3196,143
3197,143
3198,143
3199,143
3200,143
3201,143
3202,143
3203,143
3204,143
3205,143
3206,143
3207,143
3208,143
3209,143
3210,143
3211,143
3212,143
3213,143
3214,143
3215,143
3216,143
3217,143
3218,143
3219,143
3220,143
3221,143
3222,143
3223,143
3224,143
3225,143
3226,143
3227,143
3228,143
3229,143
3230,143
3231,143
3232,143
3233,143
3234,143
3235,143
3236,143
3237,143
3238,143
3239,143
3240,143
3241,143
3242,143
3243,143
3244,143
3245,143
3246,143
3247,143
3248,143
3249,143
3250,143
3251,143
3252,143
3253,143
3254,143
3255,143
3256,143
3257,143
3258,143
3259,143
3260,143
3261,143
3262,143
3263,143
3264,143
3265,143
3266,143
3267,143
3268,143
3269,143
3270,143
3271,143
3272,143
3273,143
3274,143
3275,143
3276,143
3277,143
3278,143
3279,143
3280,143
3281,143
3282,143
3283,143
3284,143
3285,143
3286,143
3287,143
3288,143
3289,143
3290,143
3291,143
3292,143
3293,143
3294,143
3295,143
3296,143
3297,143
3298,143
3299,143
3300,143
3301,143
3302,143
3303,143
3304,143
3305,143
3306,143
3307,143
3308,143
3309,143
3310,143
3311,143
3312,143
3313,143
3314,143
3315,143
3316,143
3317,143
3318,143
3319,143
3320,143
3321,143
3322,143
3323,143
3324,143
3325,143
3326,143
3327,143
3328,143
3329,143
3330,143
3331,143
3332,143
3333,143
3334,143
3335,143
3336,143
3337,143
3338,143
3339,143
3340,143
3341,143
3342,143
3343,143
3344,143
3345,143
3346,143
3347,143
3348,143
3349,143
3350,143
3351,143
3352,143
3353,143
3354,143
3355,143
3356,143
3357,143
3358,143
3359,143
3360,143
3361,143
3362,143
3363,143
3364,143
3365,143
3366,143
3367,143
3368,143
3369,143
3370,143
3371,143
3372,143
3373,143
3374,143
3375,143
3376,143
3377,143
3378,143
3379,143
3380,143
3381,143
3382,143
3383,143
3384,143
3385,143
3386,143
3387,143
3388,143
3389,143
3390,143
3391,143
3392,143
3393,143
3394,143
3395,143
3396,143
3397,143
3398,143
3399,143
3400,143
3401,143
3402,143
3403,143
3404,143
3405,143
3406,143
3407,143
3408,143
3409,143
3410,143
3411,143
3412,143
3413,143
3414,143
3415,143
3416,143
3417,143
3418,143
3419,143
3420,143
3421,143
3422,143
3423,143
3424,143
3425,143
3426,143
3427,143
3428,143
3429,143
3430,143
3431,143
3432,143
3433,143
3434,143
3435,143
3436,143
3437,143
3438,143
3439,143
3440,143
3441,143
3442,143
3443,143
3444,143
3445,143
3446,143
3447,143
3448,143
3449,143
3450,143
3451,143
3452,143
3453,143
3454,143
3455,143
3456,143
3457,143
3458,143
3459,143
3460,143
3461,143
3462,143
3463,143
3464,143
3465,143
3466,143
3467,143
3468,143
3469,143
3470,143
3471,143
3472,143
3473,143
3474,143
3475,143
3476,143
3477,143
3478,143
3479,143
3480,143
3481,143
3482,143
3483,143
3484,143
3485,143
3486,143
3487,143
3488,143
3489,143
3490,143
3491,143
3492,143
3493,143
3494,143
3495,143
3496,143
3497,143
3498,143
3499,143
3500,143
3501,143
3502,143
3503,143
3504,143
3505,143
3506,143
3507,143
3508,143
3509,143
3510,143
3511,143
3512,143
3513,143
3514,143
3515,143
3516,143
3517,143
3518,143
3519,143
3520,143
3521,143
3522,143
3523,143
3524,143
3525,143
3526,143
3527,143
3528,143
3529,143
3530,143
3531,143
3532,143
3533,143
3534,143
3535,143
3536,143
3537,143
3538,143
3539,143
3540,143
3541,143
3542,143
3543,143
3544,143
3545,143
3546,143
3547,143
3548,143
3549,143
3550,143
3551,143
3552,143
3553,143
3554,143
3555,143
3556,143
3557,143
3558,143
3559,143
3560,143
3561,143
3562,143
3563,143
3564,143
3565,143
3566,143
3567,143
3568,143
3569,143
3570,143
3571,143
3572,143
3573,143
3574,143
3575,143
3576,143
3577,143
3578,143
3579,143
3580,143
3581,143
3582,143
3583,143
3584,143
3585,143
3586,143
3587,143
3588,143
3589,143
3590,143
3591,143
3592,143
3593,143
3594,143
3595,143
3596,143
3597,143
3598,143
3599,143
3600,143
3601,143
3602,143
3603,143
3604,143
3605,143
3606,143
3607,143
3608,143
3609,143
3610,143
3611,143
3612,143
3613,143
3614,143
3615,143
3616,143
3617,143
3618,143
3619,143
3620,143
3621,143
3622,143
3623,143
3624,143
3625,143
3626,143
3627,143
3628,143
3629,143
3630,143
3631,143
3632,143
3633,143
3634,143
3635,143
3636,143
3637,143
3638,143
3639,143
3640,143
3641,143
3642,143
3643,143
3644,143
3645,143
3646,143
3647,143
3648,143
3649,143
3650,143
3651,143
3652,143
3653,143
3654,143
3655,143
3656,143
3657,143
3658,143
3659,143
3660,143
3661,143
3662,143
3663,143
3664,143
3665,143
3666,143
3667,143
3668,143
3669,143
3670,143
3671,143
3672,143
3673,143
3674,143
3675,143
3676,143
3677,143
3678,143
3679,143
3680,143
3681,143
3682,143
3683,143
3684,143
3685,143
3686,143
3687,143
3688,143
3689,143
3690,143
3691,143
3692,143
3693,143
3694,143
3695,143
3696,143
3697,143
3698,143
3699,143
3700,143
3701,143
3702,143
3703,143
3704,143
3705,143
3706,143
3707,143
3708,143
3709,143
3710,143
3711,143
3712,143
3713,143
3714,143
3715,143
3716,143
3717,143
3718,143
3719,143
3720,143
3721,143
3722,143
3723,143
3724,143
3725,143
3726,143
3727,143
3728,143
3729,143
3730,143
3731,143
3732,143
3733,143
3734,143
3735,143
3736,143
3737,143
3738,143
3739,143
3740,143
3741,143
3742,143
3743,143
3744,143
3745,143
3746,143
3747,143
3748,143
3749,143
3750,143
3751,143
3752,143
3753,143
3754,143
3755,143
3756,143
3757,143
3758,143
3759,143
3760,143
3761,143
3762,143
3763,143
3764,143
3765,143
3766,143
3767,143
3768,143
3769,143
3770,143
3771,143
3772,143
3773,143
3774,143
3775,143
3776,143
3777,143
3778,143
3779,143
3780,143
3781,143
3782,143
3783,143
3784,143
3785,143
3786,143
3787,143
3788,143
3789,143
3790,143
3791,143
3792,143
3793,143
3794,143
3795,143
3796,143
3797,143
3798,143
3799,143
3800,143
3801,143
3802,143
3803,143
3804,143
3805,143
3806,143
3807,143
3808,143
3809,143
3810,143
3811,143
3812,143
3813,143
3814,143
3815,143
3816,143
3817,143
3818,143
3819,143
3820,143
3821,143
3822,143
3823,143
3824,143
3825,143
3826,143
3827,143
3828,143
3829,143
3830,143
3831,143
3832,143
3833,143
3834,143
3835,143
3836,143
3837,143
3838,143
3839,143
3840,143
3841,143
3842,143
3843,143
3844,143
3845,143
3846,143
3847,143
3848,143
3849,143
3850,143
3851,143
3852,143
3853,143
3854,143
3855,143
3856,143
3857,143
3858,143
3859,143
3860,143
3861,143
3862,143
3863,143
3864,143
3865,143
3866,143
3867,143
3868,143
3869,143
3870,143
3871,143
3872,143
3873,143
3874,143
3875,143
3876,143
3877,143
3878,143
3879,143
3880,143
3881,143
3882,143
3883,143
3884,143
3885,143
3886,143
3887,143
3888,143
3889,143
3890,143
3891,143
3892,143
3893,143
3894,143
3895,143
3896,143
3897,143
3898,143
3899,143
3900,143
3901,143
3902,143
3903,143
3904,143
3905,143
3906,143
3907,143
3908,143
3909,143
3910,143
3911,143
3912,143
3913,143
3914,143
3915,143
3916,143
3917,143
3918,143
3919,143
3920,143
3921,143
3922,143
3923,143
3924,143
3925,143
3926,143
3927,143
3928,143
3929,143
3930,143
3931,143
3932,143
3933,143
3934,143
3935,143
3936,143
3937,143
3938,143
3939,143
3940,143
3941,143
3942,143
3943,143
3944,143
3945,143
3946,143
3947,143
3948,143
3949,143
3950,143
3951,143
3952,143
3953,143
3954,143
3955,143
3956,143
3957,143
3958,143
3959,143
3960,143
3961,143
3962,143
3963,143
3964,143
3965,143
3966,143
3967,143
3968,143
3969,143
3970,143
3971,143
3972,143
3973,143
3974,143
3975,143
3976,143
3977,143
3978,143
3979,143
3980,143
3981,143
3982,143
3983,143
3984,143
3985,143
3986,143
3987,143
3988,143
3989,143
3990,143
3991,143
3992,143
3993,143
3994,143
3995,143
3996,143
3997,143
3998,143
3999,143
4000,143
4001,143
4002,143
4003,143
4004,143
4005,143
4006,143
4007,143
4008,143
4009,143
4010,143
4011,143
4012,143
4013,143
4014,143
4015,143
4016,143
4017,143
4018,143
4019,143
4020,143
4021,143
4022,143
4023,143
4024,143
4025,143
4026,143
4027,143
4028,143
4029,143
4030,143
4031,143
4032,143
4033,143
4034,143
4035,143
4036,143
4037,143
4038,143
4039,143
4040,143
4041,143
4042,143
4043,143
4044,143
4045,143
4046,143
4047,143
4048,143
4049,143
4050,143
4051,143
4052,143
4053,143
4054,143
4055,143
4056,143
4057,143
4058,143
4059,143
4060,143
4061,143
4062,143
4063,143
4064,143
4065,143
4066,143
4067,143
4068,143
4069,143
4070,143
4071,143
4072,143
4073,143
4074,143
4075,143
4076,143
4077,143
4078,143
4079,143
4080,143
4081,143
4082,143
4083,143
4084,143
4085,143
4086,143
4087,143
4088,143
4089,143
4090,143
4091,143
4092,143
4093,143
4094,143
4095,143
4096,143
4097,143
4098,143
4099,143
4100,143
4101,143
4102,143
4103,143
4104,143
4105,143
4106,143
4107,143
4108,143
4109,143
4110,143
4111,143
4112,143
4113,143
4114,143
4115,143
4116,143
4117,143
4118,143
4119,143
4120,143
4121,143
4122,143
4123,143
4124,143
4125,143
4126,143
4127,143
4128,143
4129,143
4130,143
4131,143
4132,143
4133,143
4134,143
4135,143
4136,143
4137,143
4138,143
4139,143
4140,143
4141,143
4142,143
4143,143
4144,143
4145,143
4146,143
4147,143
4148,143
4149,143
4150,143
4151,143
4152,143
4153,143
4154,143
4155,143
4156,143
4157,143
4158,143
4159,143
4160,143
4161,143
4162,143
4163,143
4164,143
4165,143
4166,143
4167,143
4168,143
4169,143
4170,143
4171,143
4172,143
4173,143
4174,143
4175,143
4176,143
4177,143
4178,143
4179,143
4180,143
4181,143
4182,143
4183,143
4184,143
4185,143
4186,143
4187,143
4188,143
4189,143
4190,143
4191,143
4192,143
4193,143
4194,143
4195,143
4196,143
4197,143
4198,143
4199,143
4200,143
4201,143
4202,143
4203,143
4204,143
4205,143
4206,143
4207,143
4208,143
4209,143
4210,143
4211,143
4212,143
4213,143
4214,143
4215,143
4216,143
4217,143
4218,143
4219,143
4220,143
4221,143
4222,143
4223,143
4224,143
4225,143
4226,143
4227,143
4228,143
4229,143
4230,143
4231,143
4232,143
4233,143
4234,143
4235,143
4236,143
4237,143
4238,143
4239,143
4240,143
4241,143
4242,143
4243,143
4244,143
4245,143
4246,143
4247,143
4248,143
4249,143
4250,143
4251,143
4252,143
4253,143
4254,143
4255,143
4256,143
4257,143
4258,143
4259,143
4260,143
4261,143
4262,143
4263,143
4264,143
4265,143
4266,143
4267,143
4268,143
4269,143
4270,143
4271,143
4272,143
4273,143
4274,143
4275,143
4276,143
4277,143
4278,143
4279,143
4280,143
4281,143
4282,143
4283,143
4284,143
4285,143
4286,143
4287,143
4288,143
4289,143
4290,143
4291,143
4292,143
4293,143
4294,143
4295,143
4296,143
4297,143
4298,143
4299,143
4300,143
4301,143
4302,143
4303,143
4304,143
4305,143
4306,143
4307,143
4308,143
4309,143
4310,143
4311,143
4312,143
4313,143
4314,143
4315,143
4316,143
4317,143
4318,143
4319,143
4320,143
4321,143
4322,143
4323,143
4324,143
4325,143
4326,143
4327,143
4328,143
4329,143
4330,143
4331,143
4332,143
4333,143
4334,143
4335,143
4336,143
4337,143
4338,143
4339,143
4340,143
4341,143
4342,143
4343,143
4344,143
4345,143
4346,143
4347,143
4348,143
4349,143
4350,143
4351,143
4352,143
4353,143
4354,143
4355,143
4356,143
4357,143
4358,143
4359,143
4360,143
4361,143
4362,143
4363,143
4364,143
4365,143
4366,143
4367,143
4368,143
4369,143
4370,143
4371,143
4372,143
4373,143
4374,143
4375,143
4376,143
4377,143
4378,143
4379,143
4380,143
4381,143
4382,143
4383,143
4384,143
4385,143
4386,143
4387,143
4388,143
4389,143
4390,143
4391,143
4392,143
4393,143
4394,143
4395,143
4396,143
4397,143
4398,143
4399,143
4400,143
4401,143
4402,143
4403,143
4404,143
4405,143
4406,143
4407,143
4408,143
4409,143
4410,143
4411,143
4412,143
4413,143
4414,143
4415,143
4416,143
4417,143
4418,143
4419,143
4420,143
4421,143
4422,143
4423,143
4424,143
4425,143
4426,143
4427,143
4428,143
4429,143
4430,143
4431,143
4432,143
4433,143
4434,143
4435,143
4436,143
4437,143
4438,143
4439,143
4440,143
4441,143
4442,143
4443,143
4444,143
4445,143
4446,143
4447,143
4448,143
4449,143
4450,143
4451,143
4452,143
4453,143
4454,143
4455,143
4456,143
4457,143
4458,143
4459,143
4460,143
4461,143
4462,143
4463,143
4464,143
4465,143
4466,143
4467,143
4468,143
4469,143
4470,143
4471,143
4472,143
4473,143
4474,143
4475,143
4476,143
4477,143
4478,143
4479,143
4480,143
4481,143
4482,143
4483,143
4484,143
4485,143
4486,143
4487,143
4488,143
4489,143
4490,143
4491,143
4492,143
4493,143
4494,143
4495,143
4496,143
4497,143
4498,143
4499,143
4500,143
4501,143
4502,143
4503,143
4504,143
4505,143
4506,143
4507,143
4508,143
4509,143
4510,143
4511,143
4512,143
4513,143
4514,143
4515,143
4516,143
4517,143
4518,143
4519,143
4520,143
4521,143
4522,143
4523,143
4524,143
4525,143
4526,143
4527,143
4528,143
4529,143
4530,143
4531,143
4532,143
4533,143
4534,143
4535,143
4536,143
4537,143
4538,143
4539,143
4540,143
4541,143
4542,143
4543,143
4544,143
4545,143
4546,143
4547,143
4548,143
4549,143
4550,143
4551,143
4552,143
4553,143
4554,143
4555,143
4556,143
4557,143
4558,143
4559,143
4560,143
4561,143
4562,143
4563,143
4564,143
4565,143
4566,143
4567,143
4568,143
4569,143
4570,143
4571,143
4572,143
4573,143
4574,143
4575,143
4576,143
4577,143
4578,143
4579,143
4580,143
4581,143
4582,143
4583,143
4584,143
4585,143
4586,143
4587,143
4588,143
4589,143
4590,143
4591,143
4592,143
4593,143
4594,143
4595,143
4596,143
4597,143
4598,143
4599,143
4600,143
4601,143
4602,143
4603,143
4604,143
4605,143
4606,143
4607,143
4608,143
4609,143
4610,143
4611,143
4612,143
4613,143
4614,143
4615,143
4616,143
4617,143
4618,143
4619,143
4620,143
4621,143
4622,143
4623,143
4624,143
4625,143
4626,143
4627,143
4628,143
4629,143
4630,143
4631,143
4632,143
4633,143
4634,143
4635,143
4636,143
4637,143
4638,143
4639,143
4640,143
4641,143
4642,143
4643,143
4644,143
4645,143
4646,143
4647,143
4648,143
4649,143
4650,143
4651,143
4652,143
4653,143
4654,143
4655,143
4656,143
4657,143
4658,143
4659,143
4660,143
4661,143
4662,143
4663,143
4664,143
4665,143
4666,143
4667,143
4668,143
4669,143
4670,143
4671,143
4672,143
4673,143
4674,143
4675,143
4676,143
4677,143
4678,143
4679,143
4680,143
4681,143
4682,143
4683,143
4684,143
4685,143
4686,143
4687,143
4688,143
4689,143
4690,143
4691,143
4692,143
4693,143
4694,143
4695,143
4696,143
4697,143
4698,143
4699,143
4700,143
4701,143
4702,143
4703,143
4704,143
4705,143
4706,143
4707,143
4708,143
4709,143
4710,143
4711,143
4712,143
4713,143
4714,143
4715,143
4716,143
4717,143
4718,143
4719,143
4720,143
4721,143
4722,143
4723,143
4724,143
4725,143
4726,143
4727,143
4728,143
4729,143
4730,143
4731,143
4732,143
4733,143
4734,143
4735,143
4736,143
4737,143
4738,143
4739,143
4740,143
4741,143
4742,143
4743,143
4744,143
4745,143
4746,143
4747,143
4748,143
4749,143
4750,143
4751,143
4752,143
4753,143
4754,143
4755,143
4756,143
4757,143
4758,143
4759,143
4760,143
4761,143
4762,143
4763,143
4764,143
4765,143
4766,143
4767,143
4768,143
4769,143
4770,143
4771,143
4772,143
4773,143
4774,143
4775,143
4776,143
4777,143
4778,143
4779,143
4780,143
4781,143
4782,143
4783,143
4784,143
4785,143
4786,143
4787,143
4788,143
4789,143
4790,143
4791,143
4792,143
4793,143
4794,143
4795,143
4796,143
4797,143
4798,143
4799,143
4800,143
4801,143
4802,143
4803,143
4804,143
4805,143
4806,143
4807,143
4808,143
4809,143
4810,143
4811,143
4812,143
4813,143
4814,143
4815,143
4816,143
4817,143
4818,143
4819,143
4820,143
4821,143
4822,143
4823,143
4824,143
4825,143
4826,143
4827,143
4828,143
4829,143
4830,143
4831,143
4832,143
4833,143
4834,143
4835,143
4836,143
4837,143
4838,143
4839,143
4840,143
4841,143
4842,143
4843,143
4844,143
4845,143
4846,143
4847,143
4848,143
4849,143
4850,143
4851,143
4852,143
4853,143
4854,143
4855,143
4856,143
4857,143
4858,143
4859,143
4860,143
4861,143
4862,143
4863,143
4864,143
4865,143
4866,143
4867,143
4868,143
4869,143
4870,143
4871,143
4872,143
4873,143
4874,143
4875,143
4876,143
4877,143
4878,143
4879,143
4880,143
4881,143
4882,143
4883,143
4884,143
4885,143
4886,143
4887,143
4888,143
4889,143
4890,143
4891,143
4892,143
4893,143
4894,143
4895,143
4896,143
4897,143
4898,143
4899,143
4900,143
4901,143
4902,143
4903,143
4904,143
4905,143
4906,143
4907,143
4908,143
4909,143
4910,143
4911,143
4912,143
4913,143
4914,143
4915,143
4916,143
4917,143
4918,143
4919,143
4920,143
4921,143
4922,143
4923,143
4924,143
4925,143
4926,143
4927,143
4928,143
4929,143
4930,143
4931,143
4932,143
4933,143
4934,143
4935,143
4936,143
4937,143
4938,143
4939,143
4940,143
4941,143
4942,143
4943,143
4944,143
4945,143
4946,143
4947,143
4948,143
4949,143
4950,143
4951,143
4952,143
4953,143
4954,143
4955,143
4956,143
4957,143
4958,143
4959,143
4960,143
4961,143
4962,143
4963,143
4964,143
4965,143
4966,143
4967,143
4968,143
4969,143
4970,143
4971,143
4972,143
4973,143
4974,143
4975,143
4976,143
4977,143
4978,143
4979,143
4980,143
4981,143
4982,143
4983,143
4984,143
4985,143
4986,143
4987,143
4988,143
4989,143
4990,143
4991,143
4992,143
4993,143
4994,143
4995,143
4996,143
4997,143
4998,143
4999,143
5000,143
5001,143
5002,143
5003,143
5004,143
5005,143
5006,143
5007,143
5008,143
5009,143
5010,143
5011,143
5012,143
5013,143
5014,143
5015,143
5016,143
5017,143
5018,143
5019,143
5020,143
5021,143
5022,143
5023,143
5024,143
5025,143
5026,143
5027,143
5028,143
5029,143
5030,143
5031,143
5032,143
5033,143
5034,143
5035,143
5036,143
5037,143
5038,143
5039,143
5040,143
5041,143
5042,143
5043,143
5044,143
5045,143
5046,143
5047,143
5048,143
5049,143
5050,143
5051,143
5052,143
5053,143
5054,143
5055,143
5056,143
5057,143
5058,143
5059,143
5060,143
5061,143
5062,143
5063,143
5064,143
5065,143
5066,143
5067,143
5068,143
5069,143
5070,143
5071,143
5072,143
5073,143
5074,143
5075,143
5076,143
5077,143
5078,143
5079,143
5080,143
5081,143
5082,143
5083,143
5084,143
5085,143
5086,143
5087,143
5088,143
5089,143
5090,143
5091,143
5092,143
5093,143
5094,143
5095,143
5096,143
5097,143
5098,143
5099,143
5100,143
5101,143
5102,143
5103,143
5104,143
5105,143
5106,143
5107,143
5108,143
5109,143
5110,143
5111,143
5112,143
5113,143
5114,143
5115,143
5116,143
5117,143
5118,143
5119,143
5120,143
5121,143
5122,143
5123,143
5124,143
5125,143
5126,143
5127,143
5128,143
5129,143
5130,143
5131,143
5132,143
5133,143
5134,143
5135,143
5136,143
5137,143
5138,143
5139,143
5140,143
5141,143
5142,143
5143,143
5144,143
5145,143
5146,143
5147,143
5148,143
5149,143
5150,143
5151,143
5152,143
5153,143
5154,143
5155,143
5156,143
5157,143
5158,143
5159,143
5160,143
5161,143
5162,143
5163,143
5164,143
5165,143
5166,143
5167,143
5168,143
5169,143
5170,143
5171,143
5172,143
5173,143
5174,143
5175,143
5176,143
5177,143
5178,143
5179,143
5180,143
5181,143
5182,143
5183,143
5184,143
5185,143
5186,143
5187,143
5188,143
5189,143
5190,143
5191,143
5192,143
5193,143
5194,143
5195,143
5196,143
5197,143
5198,143
5199,143
5200,143
5201,143
5202,143
5203,143
5204,143
5205,143
5206,143
5207,143
5208,143
5209,143
5210,143
5211,143
5212,143
5213,143
5214,143
5215,143
5216,143
5217,143
5218,143
5219,143
5220,143
5221,143
5222,143
5223,143
5224,143
5225,143
5226,143
5227,143
5228,143
5229,143
5230,143
5231,143
5232,143
5233,143
5234,143
5235,143
5236,143
5237,143
5238,143
5239,143
5240,143
5241,143
5242,143
5243,143
5244,143
5245,143
5246,143
5247,143
5248,143
5249,143
5250,143
5251,143
5252,143
5253,143
5254,143
5255,143
5256,143
5257,143
5258,143
5259,143
5260,143
5261,143
5262,143
5263,143
5264,143
5265,143
5266,143
5267,143
5268,143
5269,143
5270,143
5271,143
5272,143
5273,143
5274,143
5275,143
5276,143
5277,143
5278,143
5279,143
5280,143
5281,143
5282,143
5283,143
5284,143
5285,143
5286,143
5287,143
5288,143
5289,143
5290,143
5291,143
5292,143
5293,143
5294,143
5295,143
5296,143
5297,143
5298,143
5299,143
5300,143
5301,143
5302,143
5303,143
5304,143
5305,143
5306,143
5307,143
5308,143
5309,143
5310,143
5311,143
5312,143
5313,143
5314,143
5315,143
5316,143
5317,143
5318,143
5319,143
5320,143
5321,143
5322,143
5323,143
5324,143
5325,143
5326,143
5327,143
5328,143
5329,143
5330,143
5331,143
5332,143
5333,143
5334,143
5335,143
5336,143
5337,143
5338,143
5339,143
5340,143
5341,143
5342,143
5343,143
5344,143
5345,143
5346,143
5347,143
5348,143
5349,143
5350,143
5351,143
5352,143
5353,143
5354,143
5355,143
5356,143
5357,143
5358,143
5359,143
5360,143
5361,143
5362,143
5363,143
5364,143
5365,143
5366,143
5367,143
5368,143
5369,143
5370,143
5371,143
5372,143
5373,143
5374,143
5375,143
5376,143
5377,143
5378,143
5379,143
5380,143
5381,143
5382,143
5383,143
5384,143
5385,143
5386,143
5387,143
5388,143
5389,143
5390,143
5391,143
5392,143
5393,143
5394,143
5395,143
5396,143
5397,143
5398,143
5399,143
5400,143
5401,143
5402,143
5403,143
5404,143
5405,143
5406,143
5407,143
5408,143
5409,143
5410,143
5411,143
5412,143
5413,143
5414,143
5415,143
5416,143
5417,143
5418,143
5419,143
5420,143
5421,143
5422,143
5423,143
5424,143
5425,143
5426,143
5427,143
5428,143
5429,143
5430,143
5431,143
5432,143
5433,143
5434,143
5435,143
5436,143
5437,143
5438,143
5439,143
5440,143
5441,143
5442,143
5443,143
5444,143
5445,143
5446,143
5447,143
5448,143
5449,143
5450,143
5451,143
5452,143
5453,143
5454,143
5455,143
5456,143
5457,143
5458,143
5459,143
5460,143
5461,143
5462,143
5463,143
5464,143
5465,143
5466,143
5467,143
5468,143
5469,143
5470,143
5471,143
5472,143
5473,143
5474,143
5475,143
5476,143
5477,143
5478,143
5479,143
5480,143
5481,143
5482,143
5483,143
5484,143
5485,143
5486,143
5487,143
5488,143
5489,143
5490,143
5491,143
5492,143
5493,143
5494,143
5495,143
5496,143
5497,143
5498,143
5499,143
5500,143
5501,143
5502,143
5503,143
5504,143
5505,143
5506,143
5507,143
5508,143
5509,143
5510,143
5511,143
5512,143
5513,143
5514,143
5515,143
5516,143
5517,143
5518,143
5519,143
5520,143
5521,143
5522,143
5523,143
5524,143
5525,143
5526,143
5527,143
5528,143
5529,143
5530,143
5531,143
5532,143
5533,143
5534,143
5535,143
5536,143
5537,143
5538,143
5539,143
5540,143
5541,143
5542,143
5543,143
5544,143
5545,144
5546,144
5547,144
5548,144
5549,144
5550,144
5551,144
5552,144
5553,144
5554,144
5555,144
5556,144
5557,144
5558,144
5559,144
5560,144
5561,144
5562,144
5563,144
5564,144
5565,144
5566,144
5567,144
5568,144
5569,144
5570,144
5571,144
5572,144
5573,144
5574,144
5575,144
5576,144
5577,144
5578,144
5579,144
5580,144
5581,144
5582,144
5583,144
5584,144
5585,144
5586,144
5587,144
5588,144
5589,144
5590,144
5591,144
5592,144
5593,144
5594,144
5595,144
5596,144
5597,144
5598,144
5599,144
5600,144
5601,144
5602,144
5603,144
5604,144
5605,144
5606,144
5607,144
5608,144
5609,144
5610,144
5611,144
5612,144
5613,144
5614,144
5615,144
5616,144
5617,144
5618,144
5619,144
5620,144
5621,144
5622,144
5623,144
5624,144
5625,144
5626,144
5627,144
5628,144
5629,144
5630,144
5631,144
5632,144
5633,144
5634,144
5635,144
5636,144
5637,144
5638,144
5639,144
5640,144
5641,144
5642,144
5643,144
5644,144
5645,144
5646,144
5647,144
5648,144
5649,144
5650,144
5651,144
5652,144
5653,144
5654,144
5655,144
5656,144
5657,144
5658,144
5659,144
5660,144
5661,144
5662,144
5663,144
5664,144
5665,144
5666,144
5667,144
5668,144
5669,144
5670,144
5671,144
5672,144
5673,144
5674,144
5675,144
5676,144
5677,144
5678,144
5679,144
5680,144
5681,144
5682,144
5683,144
5684,144
5685,144
5686,144
5687,144
5688,144
5689,144
5690,144
5691,144
5692,144
5693,144
5694,144
5695,144
5696,144
5697,144
5698,144
5699,144
5700,144
5701,144
5702,144
5703,144
5704,144
5705,144
5706,144
5707,144
5708,144
5709,144
5710,144
5711,144
5712,144
5713,144
5714,144
5715,144
5716,144
5717,144
5718,144
5719,144
5720,144
5721,144
5722,144
5723,144
5724,144
5725,144
5726,144
5727,144
5728,144
5729,144
5730,144
5731,144
5732,144
5733,144
5734,144
5735,144
5736,144
5737,144
5738,144
5739,144
5740,144
5741,144
5742,144
5743,144
5744,144
5745,144
5746,144
5747,144
5748,144
5749,144
5750,144
5751,144
5752,144
5753,144
5754,144
5755,144
5756,144
5757,144
5758,144
5759,144
5760,144
5761,144
5762,144
5763,144
5764,144
5765,144
5766,144
5767,144
5768,144
5769,144
5770,144
5771,144
5772,144
5773,144
5774,144
5775,144
5776,144
5777,144
5778,144
5779,144
5780,144
5781,144
5782,144
5783,144
5784,144
5785,144
5786,144
5787,144
5788,144
5789,144
5790,144
5791,144
5792,144
5793,144
5794,144
5795,144
5796,144
5797,144
5798,144
5799,144
5800,144
5801,144
5802,144
5803,144
5804,144
5805,144
5806,144
5807,144
5808,144
5809,144
5810,144
5811,144
5812,144
5813,144
5814,144
5815,144
5816,144
5817,144
5818,144
5819,144
5820,144
5821,144
5822,144
5823,144
5824,144
5825,144
5826,144
5827,144
5828,144
5829,144
5830,144
5831,144
5832,144
5833,144
5834,144
5835,144
5836,144
5837,144
5838,144
5839,144
5840,144
5841,144
5842,144
5843,144
5844,144
5845,144
5846,144
5847,144
5848,144
5849,144
5850,144
5851,144
5852,144
5853,144
5854,144
5855,144
5856,144
5857,144
5858,144
5859,144
5860,144
5861,144
5862,144
5863,144
5864,144
5865,144
5866,144
5867,144
5868,144
5869,144
5870,144
5871,144
5872,144
5873,144
5874,144
5875,144
5876,144
5877,144
5878,144
5879,144
5880,144
5881,144
5882,144
5883,144
5884,144
5885,144
5886,144
5887,144
5888,144
5889,144
5890,144
5891,144
5892,144
5893,144
5894,144
5895,144
5896,144
5897,144
5898,144
5899,144
5900,144
5901,144
5902,144
5903,144
5904,144
5905,144
5906,144
5907,144
5908,144
5909,144
5910,144
5911,144
5912,144
5913,144
5914,144
5915,144
5916,144
5917,144
5918,144
5919,144
5920,144
5921,144
5922,144
5923,144
5924,144
5925,144
5926,144
5927,144
5928,144
5929,144
5930,144
5931,144
5932,144
5933,144
5934,144
5935,144
5936,144
5937,144
5938,144
5939,144
5940,144
5941,144
5942,144
5943,144
5944,144
5945,144
5946,144
5947,144
5948,144
5949,144
5950,144
5951,144
5952,144
5953,144
5954,144
5955,144
5956,144
5957,144
5958,144
5959,144
5960,144
5961,144
5962,144
5963,144
5964,144
5965,144
5966,144
5967,144
5968,144
5969,144
5970,144
5971,144
5972,144
5973,144
5974,144
5975,144
5976,144
5977,144
5978,144
5979,144
5980,144
5981,144
5982,144
5983,144
5984,144
5985,144
5986,144
5987,144
5988,144
5989,144
5990,144
5991,144
5992,144
5993,144
5994,144
5995,144
5996,144
5997,144
5998,144
5999,144
6000,144
6001,144
6002,144
6003,144
6004,144
6005,144
6006,144
6007,144
6008,144
6009,144
6010,144
6011,144
6012,144
6013,144
6014,144
6015,144
6016,144
6017,144
6018,144
6019,144
6020,144
6021,144
6022,144
6023,144
6024,144
6025,144
6026,144
6027,144
6028,144
6029,144
6030,144
6031,144
6032,144
6033,144
6034,144
6035,144
6036,144
6037,144
6038,144
6039,144
6040,144
6041,144
6042,144
6043,144
6044,144
6045,144
6046,144
6047,144
6048,144
6049,144
6050,144
6051,144
6052,144
6053,144
6054,144
6055,144
6056,144
6057,144
6058,144
6059,144
6060,144
6061,144
6062,144
6063,144
6064,144
6065,144
6066,144
6067,144
6068,144
6069,144
6070,144
6071,144
6072,144
6073,144
6074,144
6075,144
6076,144
6077,144
6078,144
6079,144
6080,144
6081,144
6082,144
6083,144
6084,144
6085,144
6086,144
6087,144
6088,144
6089,144
6090,144
6091,144
6092,144
6093,144
6094,144
6095,144
6096,144
6097,144
6098,144
6099,144
6100,144
6101,144
6102,144
6103,144
6104,144
6105,144
6106,144
6107,144
6108,144
6109,144
6110,144
6111,144
6112,144
6113,144
6114,144
6115,144
6116,144
6117,144
6118,144
6119,144
6120,144
6121,144
6122,144
6123,144
6124,144
6125,144
6126,144
6127,144
6128,144
6129,144
6130,144
6131,144
6132,144
6133,144
6134,144
6135,144
6136,144
6137,144
6138,144
6139,144
6140,144
6141,144
6142,144
6143,144
6144,144
6145,144
6146,144
6147,144
6148,144
6149,144
6150,144
6151,144
6152,144
6153,144
6154,144
6155,144
6156,144
6157,144
6158,144
6159,144
6160,144
6161,144
6162,144
6163,144
6164,144
6165,144
6166,144
6167,144
6168,144
6169,144
6170,144
6171,144
6172,144
6173,144
6174,144
6175,144
6176,144
6177,144
6178,144
6179,144
6180,144
6181,144
6182,144
6183,144
6184,144
6185,144
6186,144
6187,144
6188,144
6189,144
6190,144
6191,144
6192,144
6193,144
6194,144
6195,144
6196,144
6197,144
6198,144
6199,144
6200,144
6201,144
6202,144
6203,144
6204,144
6205,144
6206,144
6207,144
6208,144
6209,144
6210,144
6211,144
6212,144
6213,144
6214,144
6215,144
6216,144
6217,144
6218,144
6219,144
6220,144
6221,144
6222,144
6223,144
6224,144
6225,144
6226,144
6227,144
6228,144
6229,144
6230,144
6231,144
6232,144
6233,144
6234,144
6235,144
6236,144
6237,144
6238,144
6239,144
6240,144
6241,144
6242,144
6243,144
6244,144
6245,144
6246,144
6247,144
6248,144
6249,144
6250,144
6251,144
6252,144
6253,144
6254,144
6255,144
6256,144
6257,144
6258,144
6259,144
6260,144
6261,144
6262,144
6263,144
6264,144
6265,144
6266,144
6267,144
6268,144
6269,144
6270,144
6271,144
6272,144
6273,144
6274,144
6275,144
6276,144
6277,144
6278,144
6279,144
6280,144
6281,144
6282,144
6283,144
6284,144
6285,144
6286,144
6287,144
6288,144
6289,144
6290,144
6291,144
6292,144
6293,144
6294,144
6295,144
6296,144
6297,144
6298,144
6299,144
6300,144
6301,144
6302,144
6303,144
6304,144
6305,144
6306,144
6307,144
6308,144
6309,144
6310,144
6311,144
6312,144
6313,144
6314,144
6315,144
6316,144
6317,144
6318,144
6319,144
6320,144
6321,144
6322,144
6323,144
6324,144
6325,144
6326,144
6327,144
6328,144
6329,144
6330,144
6331,144
6332,144
6333,144
6334,144
6335,145
