0,0
1,1
2,2
3,3
4,4
5,5
6,5
7,6
8,7
9,8
10,9
11,10
12,10
13,11
14,12
15,13
16,14
17,15
18,16
19,17
20,18
21,19
22,19
23,20
24,20
25,20
26,21
27,22
28,22
29,23
30,24
31,25
32,25
33,26
34,27
35,28
36,28
37,29
38,29
39,30
40,30
41,31
42,31
43,32
44,33
45,33
46,34
47,34
48,35
49,36
50,36
51,36
52,37
53,38
54,39
55,40
56,40
57,41
58,42
59,42
60,43
61,43
62,43
63,43
64,43
65,43
66,43
67,44
68,45
69,46
70,46
71,46
72,47
73,48
74,49
75,49
76,49
77,49
78,49
79,50
80,51
81,51
82,52
83,52
84,52
85,52
86,53
87,53
88,53
89,53
90,54
91,55
92,55
93,56
94,56
95,56
96,56
97,56
98,56
99,56
100,56
101,56
102,56
103,56
104,56
105,56
106,56
107,56
108,56
109,56
110,56
111,56
112,56
113,56
114,56
115,56
116,56
117,56
118,56
119,56
120,56
121,56
122,56
123,56
124,56
125,56
126,56
127,57
128,57
129,57
130,57
131,57
132,58
133,58
134,58
135,59
136,59
137,59
138,59
139,59
140,59
141,60
142,61
143,62
144,63
145,64
146,65
147,66
148,66
149,67
150,68
151,69
152,70
153,71
154,71
155,71
156,72
157,73
158,74
159,75
160,76
161,76
162,76
163,77
164,77
165,77
166,77
167,77
168,77
169,77
170,77
171,77
172,77
173,78
174,79
175,80
176,80
177,81
178,81
179,81
180,81
181,81
182,82
183,83
184,84
185,85
186,86
187,87
188,88
189,88
190,88
191,89
192,89
193,89
194,90
195,91
196,91
197,91
198,91
199,91
200,91
201,91
202,91
203,91
204,91
205,91
206,91
207,91
208,91
209,91
210,91
211,91
212,92
213,92
214,92
215,92
216,92
217,92
218,93
219,93
220,93
221,93
222,93
223,93
224,93
225,93
226,93
227,93
228,93
229,94
230,94
231,94
232,94
233,94
234,94
235,94
236,95
237,95
238,95
239,96
240,96
241,96
242,96
243,96
244,96
245,96
246,96
247,96
248,96
249,96
250,96
251,97
252,98
253,98
254,98
255,98
256,99
257,99
258,99
259,99
260,99
261,99
262,99
263,99
264,99
265,99
266,99
267,99
268,99
269,99
270,99
271,99
272,99
273,99
274,99
275,99
276,99
277,99
278,99
279,99
280,100
281,100
282,100
283,100
284,100
285,100
286,100
287,101
288,101
289,101
290,101
291,102
292,103
293,103
294,104
295,104
296,104
297,104
298,104
299,104
300,104
301,104
302,104
303,104
304,105
305,105
306,105
307,105
308,105
309,105
310,105
311,105
312,105
313,105
314,105
315,105
316,106
317,106
318,106
319,107
320,108
321,108
322,108
323,108
324,108
325,108
326,108
327,108
328,108
329,108
330,108
331,109
332,109
333,109
334,109
335,109
336,109
337,109
338,109
339,109
340,109
341,109
342,109
343,109
344,109
345,109
346,109
347,109
348,109
349,109
350,109
351,109
352,109
353,109
354,109
355,109
356,109
357,109
358,109
359,109
360,110
361,110
362,110
363,110
364,110
365,110
366,110
367,110
368,110
369,110
370,111
371,111
372,111
373,111
374,111
375,111
376,111
377,112
378,112
379,113
380,114
381,114
382,114
383,115
384,115
385,115
386,116
387,116
388,116
389,116
390,116
391,116
392,116
393,116
394,116
395,116
396,116
397,116
398,116
399,117
400,118
401,118
402,118
403,118
404,118
405,118
406,118
407,118
408,118
409,118
410,118
411,118
412,118
413,118
414,118
415,118
416,118
417,118
418,118
419,118
420,118
421,118
422,119
423,120
424,121
425,121
426,121
427,121
428,122
429,123
430,123
431,123
432,124
433,124
434,124
435,124
436,124
437,124
438,124
439,124
440,124
441,124
442,125
443,125
444,125
445,125
446,125
447,125
448,125
449,125
450,125
451,125
452,125
453,125
454,125
455,125
456,125
457,125
458,125
459,125
460,126
461,126
462,126
463,126
464,126
465,127
466,127
467,127
468,127
469,127
470,127
471,127
472,127
473,127
474,127
475,127
476,127
477,127
478,127
479,127
480,127
481,127
482,127
483,127
484,127
485,127
486,127
487,127
488,128
489,128
490,128
491,128
492,128
493,128
494,128
495,128
496,128
497,128
498,128
499,128
500,128
501,128
502,128
503,128
504,128
505,128
506,128
507,128
508,128
509,128
510,128
511,128
512,128
513,128
514,128
515,128
516,128
517,128
518,128
519,128
520,128
521,128
522,129
523,129
524,129
525,129
526,129
527,129
528,129
529,129
530,129
531,129
532,129
533,129
534,129
535,129
536,129
537,129
538,129
539,129
540,129
541,129
542,129
543,129
544,129
545,129
546,129
547,129
548,129
549,129
550,129
551,129
552,129
553,129
554,129
555,129
556,129
557,129
558,129
559,129
560,129
561,129
562,129
563,129
564,129
565,129
566,129
567,129
568,129
569,129
570,129
571,129
572,129
573,129
574,129
575,129
576,129
577,129
578,129
579,129
580,129
581,129
582,129
583,129
584,129
585,129
586,129
587,129
588,129
589,129
590,129
591,129
592,129
593,129
594,129
595,129
596,129
597,129
598,129
599,129
600,129
601,129
602,129
603,129
604,129
605,129
606,129
607,129
608,129
609,129
610,129
611,129
612,129
613,129
614,129
615,129
616,129
617,129
618,129
619,129
620,129
621,129
622,129
623,129
624,129
625,130
626,130
627,130
628,130
629,130
630,130
631,130
632,130
633,130
634,130
635,130
636,130
637,130
638,130
639,130
640,130
641,130
642,130
643,130
644,130
645,130
646,130
647,130
648,130
649,130
650,130
651,130
652,130
653,130
654,130
655,130
656,130
657,130
658,130
659,130
660,130
661,130
662,130
663,130
664,130
665,130
666,130
667,130
668,130
669,130
670,130
671,130
672,130
673,130
674,130
675,130
676,130
677,130
678,130
679,130
680,130
681,130
682,130
683,130
684,130
685,130
686,130
687,130
688,130
689,130
690,130
691,130
692,130
693,130
694,130
695,130
696,130
697,130
698,130
699,130
700,130
701,130
702,130
703,130
704,130
705,130
706,130
707,130
708,130
709,130
710,130
711,130
712,130
713,130
714,130
715,130
716,131
717,131
718,131
719,131
720,131
721,131
722,131
723,131
724,131
725,131
726,131
727,131
728,131
729,131
730,131
731,131
732,131
733,131
734,131
735,131
736,131
737,131
738,131
739,131
740,131
741,131
742,131
743,131
744,131
745,131
746,131
747,131
748,131
749,131
750,131
751,131
752,131
753,131
754,131
755,131
756,131
757,131
758,131
759,131
760,131
761,131
762,131
763,131
764,131
765,131
766,131
767,131
768,131
769,131
770,131
771,131
772,131
773,131
774,131
775,131
776,131
777,131
778,131
779,131
780,131
781,131
782,131
783,131
784,131
785,131
786,131
787,131
788,131
789,131
790,131
791,131
792,131
793,131
794,131
795,131
796,131
797,131
798,131
799,131
800,131
801,131
802,131
803,131
804,131
805,131
806,131
807,131
808,131
809,131
810,131
811,131
812,131
813,131
814,131
815,131
816,131
817,131
818,131
819,131
820,131
821,131
822,131
823,131
824,131
825,131
826,131
827,131
828,131
829,131
830,131
831,131
832,131
833,131
834,131
835,131
836,131
837,131
838,131
839,131
840,131
841,131
842,131
843,131
844,131
845,131
846,131
847,131
848,131
849,131
850,131
851,131
852,131
853,131
854,131
855,131
856,131
857,131
858,131
859,132
860,132
861,132
862,132
863,132
864,132
865,132
866,132
867,132
868,132
869,132
870,132
871,132
872,132
873,132
874,132
875,132
876,132
877,132
878,132
879,132
880,132
881,132
882,132
883,132
884,132
885,132
886,132
887,132
888,132
889,132
890,132
891,132
892,132
893,132
894,132
895,132
896,132
897,132
898,132
899,132
900,132
901,132
902,132
903,132
904,132
905,132
906,132
907,132
908,132
909,132
910,132
911,132
912,132
913,132
914,132
915,132
916,132
917,132
918,132
919,132
920,132
921,132
922,132
923,132
924,132
925,132
926,132
927,132
928,132
929,132
930,132
931,132
932,132
933,132
934,132
935,132
936,132
937,132
938,132
939,132
940,132
941,132
942,132
943,132
944,133
945,134
946,134
947,134
948,134
949,134
950,134
951,134
952,134
953,134
954,134
955,134
956,134
957,134
958,134
959,134
960,134
961,134
962,134
963,134
964,134
965,134
966,134
967,134
968,134
969,134
970,134
971,134
972,134
973,134
974,134
975,134
976,134
977,134
978,134
979,134
980,134
981,134
982,134
983,134
984,134
985,134
986,134
987,134
988,134
989,134
990,134
991,134
992,134
993,134
994,134
995,134
996,134
997,134
998,134
999,134
1000,134
1001,134
1002,134
1003,134
1004,134
1005,134
1006,134
1007,134
1008,134
1009,134
1010,134
1011,134
1012,134
1013,134
1014,134
1015,134
1016,134
1017,134
1018,134
1019,134
1020,134
1021,134
1022,134
1023,134
1024,134
1025,134
1026,134
1027,134
1028,134
1029,134
1030,134
1031,134
1032,134
1033,134
1034,134
1035,134
1036,134
1037,134
1038,134
1039,134
1040,134
1041,134
1042,134
1043,134
1044,134
1045,134
1046,134
1047,134
1048,134
1049,134
1050,134
1051,134
1052,134
1053,135
1054,136
1055,136
1056,136
1057,136
1058,136
1059,136
1060,136
1061,136
1062,136
1063,136
1064,136
1065,136
1066,136
1067,136
1068,136
1069,136
1070,136
1071,136
1072,136
1073,136
1074,136
1075,136
1076,136
1077,136
1078,136
1079,136
1080,136
1081,136
1082,136
1083,136
1084,136
1085,136
1086,136
1087,136
1088,136
1089,136
1090,136
1091,136
1092,136
1093,136
1094,136
1095,136
1096,136
1097,136
1098,136
1099,136
1100,137
1101,137
1102,137
1103,137
1104,137
1105,137
1106,137
1107,137
1108,137
1109,137
1110,137
1111,137
1112,137
1113,137
1114,137
1115,137
1116,137
1117,137
1118,137
1119,137
1120,137
1121,137
1122,137
1123,137
1124,137
1125,137
1126,137
1127,137
1128,137
1129,137
1130,137
1131,137
1132,137
1133,137
1134,137
1135,137
1136,137
1137,137
1138,137
1139,137
1140,137
1141,137
1142,137
1143,137
1144,137
1145,137
1146,137
1147,137
1148,137
1149,137
1150,137
1151,137
1152,137
1153,137
1154,137
1155,137
1156,137
1157,137
1158,137
1159,137
1160,137
1161,137
1162,137
1163,137
1164,137
1165,137
1166,137
1167,137
1168,137
1169,137
1170,137
1171,137
1172,137
1173,137
1174,137
1175,137
1176,137
1177,137
1178,137
1179,137
1180,137
1181,137
1182,137
1183,137
1184,137
1185,137
1186,137
1187,137
1188,137
1189,137
1190,137
1191,137
1192,137
1193,137
1194,137
1195,137
1196,137
1197,137
1198,137
1199,137
1200,137
1201,137
1202,137
1203,137
1204,137
1205,137
1206,137
1207,137
1208,137
1209,137
1210,137
1211,137
1212,137
1213,137
1214,137
1215,137
1216,137
1217,137
1218,137
1219,137
1220,137
1221,137
1222,137
1223,137
1224,137
1225,137
1226,137
1227,137
1228,137
1229,137
1230,137
1231,137
1232,137
1233,137
1234,137
1235,137
1236,137
1237,137
1238,137
1239,137
1240,137
1241,137
1242,137
1243,137
1244,137
1245,137
1246,137
1247,137
1248,137
1249,137
1250,137
1251,137
1252,137
1253,137
1254,137
1255,137
1256,137
1257,137
1258,137
1259,137
1260,137
1261,137
1262,137
1263,137
1264,137
1265,137
1266,137
1267,137
1268,137
1269,137
1270,137
1271,137
1272,137
1273,137
1274,137
1275,137
1276,137
1277,137
1278,137
1279,137
1280,137
1281,137
1282,137
1283,137
1284,137
1285,137
1286,137
1287,137
1288,137
1289,137
1290,137
1291,137
1292,137
1293,137
1294,137
1295,137
1296,137
1297,137
1298,137
1299,137
1300,137
1301,137
1302,137
1303,137
1304,137
1305,137
1306,137
1307,137
1308,137
1309,137
1310,137
1311,137
1312,137
1313,137
1314,137
1315,137
1316,137
1317,137
1318,137
1319,137
1320,138
1321,138
1322,138
1323,138
1324,138
1325,138
1326,138
1327,138
1328,138
1329,138
1330,138
1331,138
1332,138
1333,138
1334,138
1335,138
1336,138
1337,138
1338,138
1339,138
1340,138
1341,138
1342,138
1343,138
1344,138
1345,138
1346,138
1347,138
1348,138
1349,138
1350,138
1351,138
1352,138
1353,138
1354,138
1355,138
1356,138
1357,138
1358,138
1359,138
1360,138
1361,138
1362,138
1363,138
1364,138
1365,138
1366,138
1367,138
1368,138
1369,138
1370,138
1371,138
1372,138
1373,138
1374,138
1375,138
1376,138
1377,138
1378,138
1379,138
1380,138
1381,138
1382,138
1383,138
1384,138
1385,138
1386,138
1387,138
1388,138
1389,138
1390,138
1391,138
1392,138
1393,138
1394,138
1395,138
1396,138
1397,138
1398,138
1399,138
1400,138
1401,138
1402,138
1403,138
1404,138
1405,138
1406,138
1407,138
1408,138
1409,138
1410,138
1411,138
1412,138
1413,138
1414,138
1415,138
1416,138
1417,138
1418,138
1419,138
1420,138
1421,138
1422,138
1423,138
1424,138
1425,138
1426,138
1427,138
1428,138
1429,138
1430,138
1431,138
1432,138
1433,138
1434,138
1435,138
1436,138
1437,138
1438,138
1439,138
1440,138
1441,138
1442,138
1443,138
1444,138
1445,138
1446,138
1447,138
1448,138
1449,138
1450,138
1451,138
1452,138
1453,138
1454,138
1455,138
1456,138
1457,138
1458,138
1459,138
1460,138
1461,138
1462,138
1463,138
1464,138
1465,138
1466,138
1467,138
1468,138
1469,138
1470,138
1471,138
1472,138
1473,138
1474,138
1475,138
1476,138
1477,138
1478,138
1479,138
1480,138
1481,138
1482,138
1483,138
1484,138
1485,138
1486,138
1487,138
1488,138
1489,138
1490,138
1491,138
1492,138
1493,138
1494,138
1495,138
1496,138
1497,138
1498,138
1499,138
1500,138
1501,138
1502,138
1503,138
1504,138
1505,138
1506,138
1507,138
1508,138
1509,138
1510,138
1511,138
1512,138
1513,138
1514,138
1515,138
1516,138
1517,138
1518,138
1519,138
1520,138
1521,138
1522,138
1523,138
1524,138
1525,138
1526,138
1527,138
1528,138
1529,138
1530,138
1531,138
1532,138
1533,138
1534,138
1535,138
1536,138
1537,138
1538,138
1539,138
1540,138
1541,138
1542,138
1543,138
1544,138
1545,138
1546,138
1547,138
1548,138
1549,138
1550,138
1551,138
1552,138
1553,138
1554,138
1555,138
1556,138
1557,138
1558,138
1559,138
1560,138
1561,138
1562,138
1563,138
1564,138
1565,138
1566,138
1567,138
1568,138
1569,138
1570,138
1571,138
1572,138
1573,138
1574,138
1575,138
1576,138
1577,138
1578,138
1579,138
1580,138
1581,138
1582,138
1583,138
1584,138
1585,138
1586,138
1587,138
1588,138
1589,138
1590,138
1591,138
1592,138
1593,138
1594,138
1595,138
1596,138
1597,138
1598,138
1599,138
1600,138
1601,138
1602,138
1603,138
1604,138
1605,138
1606,138
1607,138
1608,138
1609,138
1610,138
1611,138
1612,138
1613,138
1614,138
1615,138
1616,138
1617,138
1618,138
1619,138
1620,138
1621,138
1622,138
1623,138
1624,138
1625,138
1626,138
1627,138
1628,138
1629,138
1630,138
1631,138
1632,138
1633,138
1634,138
1635,138
1636,138
1637,138
1638,138
1639,138
1640,138
1641,138
1642,138
1643,138
1644,138
1645,138
1646,138
1647,138
1648,138
1649,138
1650,138
1651,138
1652,138
1653,138
1654,139
1655,139
1656,139
1657,139
1658,139
1659,139
1660,139
1661,139
1662,139
1663,139
1664,139
1665,139
1666,139
1667,139
1668,139
1669,139
1670,139
1671,139
1672,139
1673,139
1674,139
1675,139
1676,139
1677,139
1678,139
1679,139
1680,139
1681,139
1682,139
1683,139
1684,139
1685,139
1686,139
1687,139
1688,139
1689,139
1690,139
1691,139
1692,139
1693,139
1694,139
1695,139
1696,139
1697,139
1698,139
1699,139
1700,139
1701,139
1702,139
1703,139
1704,139
1705,139
1706,139
1707,139
1708,139
1709,139
1710,139
1711,139
1712,139
1713,140
1714,140
1715,140
1716,140
1717,140
1718,140
1719,140
1720,140
1721,140
1722,140
1723,140
1724,140
1725,140
1726,140
1727,140
1728,140
1729,140
1730,140
1731,140
1732,140
1733,140
1734,140
1735,140
1736,140
1737,140
1738,140
1739,140
1740,140
1741,140
1742,140
1743,140
1744,140
1745,140
1746,140
1747,140
1748,140
1749,140
1750,140
1751,140
1752,140
1753,140
1754,140
1755,140
1756,140
1757,140
1758,140
1759,140
1760,140
1761,140
1762,140
1763,140
1764,140
1765,140
1766,140
1767,140
1768,140
1769,140
1770,140
1771,140
1772,140
1773,140
1774,140
1775,140
1776,140
1777,140
1778,140
1779,140
1780,140
1781,140
1782,140
1783,140
1784,140
1785,140
1786,140
1787,140
1788,140
1789,140
1790,140
1791,140
1792,140
1793,140
1794,140
1795,140
1796,140
1797,140
1798,140
1799,140
1800,140
1801,140
1802,140
1803,140
1804,140
1805,140
1806,140
1807,140
1808,140
1809,140
1810,140
1811,140
1812,140
1813,140
1814,140
1815,140
1816,140
1817,140
1818,140
1819,140
1820,140
1821,140
1822,140
1823,140
1824,140
1825,140
1826,140
1827,140
1828,140
1829,140
1830,140
1831,140
1832,140
1833,140
1834,140
1835,140
1836,140
1837,140
1838,140
1839,140
1840,140
1841,140
1842,140
1843,140
1844,140
1845,140
1846,140
1847,140
1848,140
1849,140
1850,140
1851,140
1852,140
1853,140
1854,140
1855,140
1856,140
1857,140
1858,140
1859,140
1860,140
1861,140
1862,140
1863,140
1864,140
1865,140
1866,140
1867,140
1868,140
1869,140
1870,140
1871,140
1872,140
1873,140
1874,140
1875,140
1876,140
1877,140
1878,140
1879,140
1880,140
1881,140
1882,140
1883,140
1884,140
1885,140
1886,140
1887,140
1888,140
1889,140
1890,140
1891,140
1892,140
1893,140
1894,141
1895,141
1896,141
1897,141
1898,141
1899,141
1900,141
1901,141
1902,141
1903,141
1904,141
1905,141
1906,141
1907,141
1908,141
1909,141
1910,141
1911,141
1912,141
1913,141
1914,141
1915,141
1916,141
1917,141
1918,141
1919,141
1920,141
1921,141
1922,141
1923,141
1924,141
1925,141
1926,141
1927,141
1928,141
1929,141
1930,141
1931,141
1932,141
1933,141
1934,141
1935,141
1936,141
1937,141
1938,141
1939,141
1940,141
1941,141
1942,141
1943,141
1944,141
1945,141
1946,141
1947,141
1948,141
1949,141
1950,141
1951,141
1952,141
1953,141
1954,141
1955,141
1956,141
1957,141
1958,141
1959,141
1960,141
1961,141
1962,141
1963,141
1964,141
1965,141
1966,141
1967,141
1968,141
1969,141
1970,141
1971,141
1972,141
1973,141
1974,141
1975,141
1976,141
1977,141
1978,141
1979,141
1980,141
1981,141
1982,141
1983,141
1984,141
1985,141
1986,141
1987,141
1988,141
1989,141
1990,141
1991,141
1992,141
1993,141
1994,141
1995,141
1996,141
1997,141
1998,141
1999,141
2000,141
2001,141
2002,141
2003,141
2004,141
2005,141
2006,141
2007,141
2008,141
2009,141
2010,141
2011,141
2012,141
2013,141
2014,141
2015,141
2016,141
2017,141
2018,141
2019,141
2020,141
2021,141
2022,141
2023,141
2024,141
2025,141
2026,141
2027,141
2028,141
2029,141
2030,141
2031,141
2032,141
2033,141
2034,141
2035,141
2036,141
2037,141
2038,141
2039,141
2040,141
2041,141
2042,141
2043,141
2044,141
2045,141
2046,141
2047,141
2048,141
2049,141
2050,141
2051,141
2052,141
2053,141
2054,141
2055,141
2056,141
2057,141
2058,141
2059,141
2060,141
2061,141
2062,141
2063,141
2064,141
2065,141
2066,141
2067,141
2068,141
2069,141
2070,141
2071,141
2072,141
2073,141
2074,141
2075,141
2076,141
2077,141
2078,141
2079,141
2080,141
2081,141
2082,141
2083,141
2084,141
2085,141
2086,141
2087,141
2088,141
2089,141
2090,141
2091,141
2092,141
2093,141
2094,141
2095,141
2096,141
2097,141
2098,141
2099,141
2100,141
2101,141
2102,141
2103,141
2104,141
2105,141
2106,141
2107,141
2108,141
2109,141
2110,141
2111,141
2112,141
2113,141
2114,141
2115,141
2116,141
2117,141
2118,141
2119,141
2120,141
2121,141
2122,141
2123,141
2124,141
2125,141
2126,141
2127,141
2128,141
2129,141
2130,141
2131,141
2132,141
2133,141
2134,141
2135,141
2136,141
2137,141
2138,141
2139,141
2140,141
2141,141
2142,141
2143,141
2144,141
2145,141
2146,141
2147,141
2148,141
2149,141
2150,141
2151,141
2152,141
2153,141
2154,141
2155,141
2156,141
2157,141
2158,141
2159,141
2160,141
2161,141
2162,141
2163,141
2164,141
2165,141
2166,141
2167,141
2168,141
2169,141
2170,141
2171,141
2172,141
2173,141
2174,141
2175,141
2176,141
2177,141
2178,141
2179,141
2180,141
2181,141
2182,141
2183,141
2184,141
2185,141
2186,141
2187,141
2188,141
2189,141
2190,141
2191,141
2192,141
2193,141
2194,141
2195,141
2196,141
2197,141
2198,141
2199,141
2200,141
2201,141
2202,141
2203,141
2204,141
2205,141
2206,141
2207,141
2208,141
2209,141
2210,141
2211,141
2212,141
2213,141
2214,141
2215,141
2216,141
2217,141
2218,141
2219,141
2220,141
2221,141
2222,141
2223,141
2224,141
2225,141
2226,141
2227,141
2228,141
2229,141
2230,141
2231,141
2232,141
2233,141
2234,141
2235,141
2236,141
2237,141
2238,141
2239,141
2240,141
2241,141
2242,141
2243,141
2244,141
2245,141
2246,141
2247,141
2248,141
2249,141
2250,141
2251,141
2252,141
2253,141
2254,141
2255,141
2256,141
2257,141
2258,141
2259,141
2260,141
2261,141
2262,141
2263,141
2264,141
2265,141
2266,141
2267,141
2268,141
2269,141
2270,141
2271,141
2272,141
2273,141
2274,141
2275,141
2276,141
2277,141
2278,141
2279,141
2280,141
2281,141
2282,141
2283,141
2284,141
2285,141
2286,141
2287,141
2288,141
2289,141
2290,141
2291,141
2292,141
2293,141
2294,141
2295,141
2296,141
2297,141
2298,141
2299,141
2300,141
2301,141
2302,141
2303,141
2304,141
2305,141
2306,141
2307,141
2308,141
2309,141
2310,141
2311,141
2312,141
2313,141
2314,141
2315,141
2316,141
2317,141
2318,141
2319,141
2320,141
2321,141
2322,141
2323,141
2324,141
2325,141
2326,141
2327,141
2328,141
2329,141
2330,141
2331,141
2332,141
2333,141
2334,141
2335,141
2336,141
2337,141
2338,141
2339,141
2340,141
2341,141
2342,141
2343,141
2344,141
2345,141
2346,141
2347,141
2348,141
2349,141
2350,141
2351,141
2352,141
2353,141
2354,141
2355,141
2356,141
2357,141
2358,141
2359,141
2360,141
2361,141
2362,141
2363,141
2364,141
2365,141
2366,141
2367,141
2368,141
2369,141
2370,141
2371,141
2372,141
2373,141
2374,141
2375,141
2376,141
2377,141
2378,141
2379,141
2380,141
2381,141
2382,141
2383,141
2384,141
2385,141
2386,141
2387,141
2388,141
2389,141
2390,141
2391,141
2392,141
2393,141
2394,141
2395,141
2396,141
2397,141
2398,141
2399,141
2400,141
2401,141
2402,141
2403,141
2404,141
2405,141
2406,141
2407,141
2408,141
2409,141
2410,141
2411,141
2412,141
2413,141
2414,141
2415,141
2416,141
2417,141
2418,141
2419,141
2420,141
2421,141
2422,141
2423,141
2424,141
2425,141
2426,141
2427,141
2428,141
2429,141
2430,141
2431,141
2432,141
2433,141
2434,141
2435,141
2436,141
2437,141
2438,141
2439,141
2440,141
2441,141
2442,141
2443,141
2444,141
2445,141
2446,141
2447,141
2448,141
2449,141
2450,141
2451,141
2452,141
2453,141
2454,141
2455,141
2456,141
2457,141
2458,141
2459,141
2460,141
2461,141
2462,141
2463,141
2464,141
2465,141
2466,141
2467,141
2468,141
2469,141
2470,141
2471,141
2472,141
2473,141
2474,141
2475,141
2476,141
2477,141
2478,141
2479,141
2480,141
2481,141
2482,141
2483,141
2484,141
2485,141
2486,141
2487,141
2488,141
2489,141
2490,141
2491,141
2492,141
2493,141
2494,141
2495,141
2496,141
2497,141
2498,141
2499,141
2500,141
2501,141
2502,141
2503,141
2504,141
2505,141
2506,141
2507,141
2508,141
2509,141
2510,141
2511,141
2512,141
2513,141
2514,141
2515,141
2516,141
2517,141
2518,141
2519,141
2520,141
2521,141
2522,141
2523,141
2524,141
2525,141
2526,141
2527,141
2528,141
2529,141
2530,141
2531,141
2532,141
2533,141
2534,141
2535,141
2536,141
2537,141
2538,141
2539,141
2540,141
2541,141
2542,141
2543,141
2544,141
2545,141
2546,141
2547,141
2548,141
2549,141
2550,141
2551,141
2552,141
2553,141
2554,141
2555,141
2556,141
2557,141
2558,141
2559,141
2560,141
2561,141
2562,141
2563,141
2564,141
2565,141
2566,141
2567,141
2568,141
2569,141
2570,141
2571,141
2572,141
2573,141
2574,141
2575,141
2576,141
2577,141
2578,141
2579,141
2580,141
2581,141
2582,141
2583,141
2584,141
2585,141
2586,141
2587,141
2588,141
2589,141
2590,141
2591,141
2592,141
2593,141
2594,141
2595,141
2596,141
2597,141
2598,141
2599,141
2600,141
2601,141
2602,141
2603,141
2604,141
2605,141
2606,141
2607,141
2608,141
2609,141
2610,141
2611,141
2612,141
2613,141
2614,141
2615,141
2616,141
2617,141
2618,141
2619,141
2620,141
2621,141
2622,141
2623,141
2624,141
2625,141
2626,141
2627,141
2628,141
2629,141
2630,141
2631,141
2632,141
2633,141
2634,141
2635,141
2636,141
2637,141
2638,141
2639,141
2640,141
2641,141
2642,141
2643,141
2644,141
2645,141
2646,141
2647,141
2648,141
2649,141
2650,141
2651,141
2652,141
2653,141
2654,141
2655,141
2656,141
2657,141
2658,141
2659,141
2660,141
2661,141
2662,141
2663,141
2664,141
2665,141
2666,141
2667,141
2668,141
2669,141
2670,141
2671,141
2672,141
2673,141
2674,141
2675,141
2676,141
2677,141
2678,141
2679,141
2680,141
2681,141
2682,141
2683,141
2684,141
2685,141
2686,141
2687,141
2688,141
2689,141
2690,141
2691,141
2692,141
2693,141
2694,141
2695,141
2696,141
2697,141
2698,141
2699,141
2700,141
2701,141
2702,141
2703,141
2704,141
2705,141
2706,141
2707,141
2708,141
2709,141
2710,141
2711,141
2712,141
2713,141
2714,141
2715,141
2716,141
2717,141
2718,141
2719,141
2720,141
2721,141
2722,141
2723,141
2724,141
2725,141
2726,141
2727,141
2728,141
2729,141
2730,141
2731,141
2732,141
2733,141
2734,141
2735,141
2736,141
2737,141
2738,141
2739,141
2740,141
2741,141
2742,141
2743,141
2744,141
2745,141
2746,141
2747,141
2748,141
2749,141
2750,141
2751,141
2752,141
2753,141
2754,141
2755,141
2756,141
2757,141
2758,141
2759,141
2760,141
2761,141
2762,141
2763,141
2764,141
2765,141
2766,141
2767,141
2768,141
2769,141
2770,141
2771,141
2772,141
2773,141
2774,141
2775,141
2776,141
2777,141
2778,141
2779,141
2780,141
2781,141
2782,141
2783,141
2784,141
2785,141
2786,141
2787,141
2788,141
2789,141
2790,141
2791,141
2792,141
2793,141
2794,141
2795,141
2796,141
2797,141
2798,141
2799,141
2800,141
2801,141
2802,141
2803,141
2804,141
2805,141
2806,141
2807,141
2808,141
2809,141
2810,141
2811,141
2812,141
2813,141
2814,141
2815,141
2816,141
2817,141
2818,141
2819,141
2820,141
2821,141
2822,141
2823,141
2824,141
2825,141
2826,141
2827,141
2828,141
2829,141
2830,141
2831,141
2832,141
2833,141
2834,141
2835,141
2836,141
2837,141
2838,141
2839,141
2840,141
2841,141
2842,141
2843,141
2844,141
2845,141
2846,141
2847,141
2848,141
2849,141
2850,141
2851,141
2852,141
2853,141
2854,141
2855,141
2856,141
2857,141
2858,141
2859,141
2860,141
2861,141
2862,141
2863,141
2864,141
2865,141
2866,141
2867,141
2868,141
2869,141
2870,141
2871,141
2872,141
2873,141
2874,141
2875,141
2876,141
2877,141
2878,141
2879,141
2880,141
2881,141
2882,141
2883,141
2884,141
2885,141
2886,141
2887,141
2888,141
2889,141
2890,141
2891,141
2892,141
2893,141
2894,141
2895,141
2896,141
2897,141
2898,141
2899,141
2900,141
2901,141
2902,141
2903,141
2904,141
2905,141
2906,141
2907,141
2908,141
2909,141
2910,141
2911,141
2912,141
2913,141
2914,141
2915,141
2916,141
2917,141
2918,141
2919,141
2920,141
2921,141
2922,141
2923,141
2924,141
2925,141
2926,141
2927,141
2928,141
2929,141
2930,141
2931,141
2932,141
2933,141
2934,141
2935,141
2936,141
2937,141
2938,141
2939,141
2940,141
2941,141
2942,141
2943,141
2944,141
2945,141
2946,141
2947,141
2948,141
2949,141
2950,141
2951,141
2952,141
2953,141
2954,141
2955,141
2956,141
2957,141
2958,141
2959,141
2960,141
2961,141
2962,141
2963,141
2964,141
2965,141
2966,141
2967,141
2968,141
2969,141
2970,141
2971,141
2972,141
2973,141
2974,141
2975,141
2976,141
2977,141
2978,141
2979,141
2980,141
2981,141
2982,141
2983,141
2984,141
2985,141
2986,141
2987,141
2988,141
2989,141
2990,141
2991,141
2992,141
2993,141
2994,141
2995,141
2996,141
2997,141
2998,141
2999,141
3000,141
3001,141
3002,141
3003,141
3004,141
3005,141
3006,141
3007,141
3008,141
3009,141
3010,141
3011,141
3012,141
3013,141
3014,141
3015,141
3016,141
3017,141
3018,141
3019,141
3020,141
3021,141
3022,141
3023,141
3024,141
3025,141
3026,141
3027,141
3028,141
3029,141
3030,141
3031,141
3032,141
3033,141
3034,141
3035,141
3036,141
3037,141
3038,141
3039,141
3040,141
3041,141
3042,141
3043,141
3044,141
3045,141
3046,141
3047,141
3048,141
3049,141
3050,141
3051,141
3052,141
3053,141
3054,141
3055,141
3056,141
3057,141
3058,141
3059,141
3060,141
3061,141
3062,141
3063,141
3064,141
3065,141
3066,141
3067,141
3068,141
3069,141
3070,141
3071,141
3072,141
3073,141
3074,141
3075,141
3076,141
3077,141
3078,141
3079,141
3080,141
3081,141
3082,141
3083,141
3084,141
3085,141
3086,141
3087,141
3088,141
3089,141
3090,141
3091,141
3092,141
3093,141
3094,141
3095,141
3096,141
3097,141
3098,141
3099,141
3100,141
3101,141
3102,141
3103,141
3104,141
3105,141
3106,141
3107,141
3108,141
3109,141
3110,141
3111,141
3112,141
3113,141
3114,141
3115,141
3116,141
3117,141
3118,141
3119,141
3120,141
3121,141
3122,141
3123,141
3124,141
3125,141
3126,141
3127,141
3128,141
3129,141
3130,141
3131,141
3132,141
3133,141
3134,141
3135,141
3136,141
3137,141
3138,141
3139,141
3140,141
3141,141
3142,141
3143,141
3144,141
3145,141
3146,141
3147,141
3148,141
3149,141
3150,141
3151,141
3152,141
3153,141
3154,141
3155,141
3156,141
3157,141
3158,141
3159,141
3160,141
3161,141
3162,141
3163,141
3164,141
3165,141
3166,141
3167,141
3168,141
3169,141
3170,141
3171,141
3172,142
3173,143
3174,143
3175,143
3176,144
3177,144
3178,144
3179,144
3180,144
3181,144
3182,144
3183,144
3184,144
3185,144
3186,144
3187,144
3188,144
3189,144
3190,144
3191,144
3192,144
3193,144
3194,144
3195,144
3196,144
3197,144
3198,144
3199,144
3200,144
3201,144
3202,144
3203,144
3204,144
3205,144
3206,144
3207,144
3208,144
3209,144
3210,144
3211,144
3212,144
3213,144
3214,144
3215,144
3216,144
3217,144
3218,144
3219,144
3220,144
3221,144
3222,144
3223,144
3224,144
3225,144
3226,144
3227,144
3228,144
3229,144
3230,144
3231,144
3232,144
3233,144
3234,144
3235,144
3236,144
3237,144
3238,144
3239,144
3240,144
3241,144
3242,144
3243,144
3244,144
3245,144
3246,144
3247,144
3248,144
3249,144
3250,144
3251,144
3252,144
3253,144
3254,144
3255,144
3256,144
3257,144
3258,144
3259,144
3260,144
3261,144
3262,144
3263,144
3264,144
3265,144
3266,144
3267,144
3268,144
3269,144
3270,144
3271,144
3272,144
3273,144
3274,144
3275,144
3276,144
3277,144
3278,144
3279,144
3280,144
3281,144
3282,144
3283,144
3284,144
3285,144
3286,144
3287,144
3288,144
3289,144
3290,144
3291,144
3292,144
3293,144
3294,144
3295,144
3296,144
3297,144
3298,144
3299,144
3300,144
3301,144
3302,144
3303,144
3304,144
3305,144
3306,144
3307,144
3308,144
3309,144
3310,144
3311,144
3312,144
3313,144
3314,144
3315,144
3316,144
3317,144
3318,144
3319,144
3320,144
3321,144
3322,144
3323,144
3324,144
3325,144
3326,144
3327,144
3328,144
3329,144
3330,144
3331,144
3332,144
3333,144
3334,144
3335,144
3336,144
3337,144
3338,144
3339,144
3340,144
3341,144
3342,144
3343,144
3344,144
3345,144
3346,144
3347,144
3348,144
3349,144
3350,144
3351,144
3352,144
3353,144
3354,144
3355,144
3356,144
3357,144
3358,144
3359,144
3360,144
3361,144
3362,144
3363,144
3364,144
3365,144
3366,144
3367,144
3368,144
3369,144
3370,144
3371,144
3372,144
3373,144
3374,144
3375,144
3376,144
3377,144
3378,144
3379,144
3380,144
3381,144
3382,144
3383,144
3384,144
3385,144
3386,144
3387,144
3388,144
3389,144
3390,144
3391,144
3392,144
3393,144
3394,144
3395,144
3396,144
3397,144
3398,144
3399,144
3400,144
3401,144
3402,144
3403,144
3404,144
3405,144
3406,144
3407,144
3408,144
3409,144
3410,144
3411,144
3412,144
3413,144
3414,144
3415,144
3416,144
3417,144
3418,144
3419,144
3420,144
3421,144
3422,144
3423,144
3424,144
3425,144
3426,144
3427,144
3428,144
3429,144
3430,144
3431,144
3432,144
3433,144
3434,144
3435,144
3436,144
3437,144
3438,144
3439,144
3440,144
3441,144
3442,144
3443,144
3444,144
3445,144
3446,144
3447,144
3448,144
3449,144
3450,144
3451,144
3452,144
3453,144
3454,144
3455,144
3456,144
3457,144
3458,144
3459,144
3460,144
3461,144
3462,144
3463,144
3464,144
3465,144
3466,144
3467,144
3468,144
3469,144
3470,144
3471,144
3472,144
3473,144
3474,144
3475,144
3476,144
3477,144
3478,144
3479,144
3480,144
3481,144
3482,144
3483,144
3484,144
3485,144
3486,144
3487,144
3488,144
3489,144
3490,144
3491,144
3492,144
3493,144
3494,144
3495,144
3496,144
3497,144
3498,144
3499,144
3500,144
3501,144
3502,144
3503,144
3504,144
3505,144
3506,144
3507,144
3508,144
3509,144
3510,144
3511,144
3512,144
3513,144
3514,144
3515,144
3516,144
3517,144
3518,144
3519,144
3520,144
3521,144
3522,144
3523,144
3524,144
3525,144
3526,144
3527,144
3528,144
3529,144
3530,144
3531,144
3532,144
3533,144
3534,144
3535,144
3536,144
3537,144
3538,144
3539,144
3540,144
3541,144
3542,144
3543,144
3544,144
3545,144
3546,144
3547,144
3548,144
3549,144
3550,144
3551,144
3552,144
3553,144
3554,144
3555,144
3556,144
3557,144
3558,144
3559,144
3560,144
3561,144
3562,144
3563,144
3564,144
3565,144
3566,144
3567,144
3568,144
3569,144
3570,144
3571,144
3572,144
3573,144
3574,144
3575,144
3576,144
3577,144
3578,144
3579,144
3580,144
3581,144
3582,144
3583,144
3584,144
3585,144
3586,144
3587,144
3588,144
3589,144
3590,144
3591,144
3592,144
3593,144
3594,144
3595,144
3596,144
3597,144
3598,144
3599,144
3600,144
3601,144
3602,144
3603,144
3604,144
3605,144
3606,144
3607,144
3608,144
3609,144
3610,144
3611,144
3612,144
3613,144
3614,144
3615,144
3616,144
3617,144
3618,144
3619,144
3620,144
3621,144
3622,144
3623,144
3624,144
3625,144
3626,144
3627,144
3628,144
3629,144
3630,144
3631,144
3632,144
3633,144
3634,144
3635,144
3636,144
3637,144
3638,144
3639,144
3640,144
3641,144
3642,144
3643,144
3644,144
3645,144
3646,144
3647,144
3648,144
3649,144
3650,144
3651,144
3652,144
3653,144
3654,144
3655,144
3656,144
3657,144
3658,144
3659,144
3660,144
3661,144
3662,144
3663,144
3664,144
3665,144
3666,144
3667,144
3668,144
3669,144
3670,144
3671,144
3672,144
3673,144
3674,144
3675,144
3676,144
3677,144
3678,144
3679,144
3680,144
3681,144
3682,144
3683,144
3684,144
3685,144
3686,144
3687,144
3688,144
3689,144
3690,144
3691,144
3692,144
3693,144
3694,144
3695,144
3696,144
3697,144
3698,144
3699,144
3700,144
3701,144
3702,144
3703,144
3704,144
3705,144
3706,144
3707,144
3708,144
3709,144
3710,144
3711,144
3712,144
3713,144
3714,144
3715,144
3716,144
3717,144
3718,144
3719,144
3720,144
3721,144
3722,144
3723,144
3724,144
3725,144
3726,144
3727,144
3728,144
3729,144
3730,144
3731,144
3732,144
3733,144
3734,144
3735,144
3736,144
3737,144
3738,144
3739,144
3740,144
3741,144
3742,144
3743,144
3744,144
3745,144
3746,144
3747,144
3748,144
3749,144
3750,144
3751,144
3752,144
3753,144
3754,144
3755,144
3756,144
3757,144
3758,144
3759,144
3760,144
3761,144
3762,144
3763,144
3764,144
3765,144
3766,144
3767,144
3768,144
3769,144
3770,144
3771,144
3772,144
3773,144
3774,144
3775,144
3776,144
3777,144
3778,144
3779,144
3780,144
3781,144
3782,144
3783,144
3784,144
3785,144
3786,144
3787,144
3788,144
3789,144
3790,144
3791,144
3792,144
3793,144
3794,144
3795,144
3796,144
3797,144
3798,144
3799,144
3800,144
3801,144
3802,144
3803,144
3804,144
3805,144
3806,144
3807,144
3808,144
3809,144
3810,144
3811,144
3812,144
3813,144
3814,144
3815,144
3816,144
3817,144
3818,144
3819,144
3820,144
3821,144
3822,144
3823,144
3824,144
3825,144
3826,144
3827,144
3828,144
3829,144
3830,144
3831,144
3832,144
3833,144
3834,144
3835,144
3836,144
3837,144
3838,144
3839,144
3840,144
3841,144
3842,144
3843,144
3844,144
3845,144
3846,144
3847,144
3848,144
3849,144
3850,144
3851,144
3852,144
3853,144
3854,144
3855,144
3856,144
3857,144
3858,144
3859,144
3860,144
3861,144
3862,144
3863,144
3864,144
3865,144
3866,144
3867,144
3868,144
3869,144
3870,144
3871,144
3872,144
3873,144
3874,144
3875,144
3876,144
3877,144
3878,144
3879,144
3880,144
3881,144
3882,144
3883,144
3884,144
3885,144
3886,144
3887,144
3888,144
3889,144
3890,144
3891,144
3892,144
3893,144
3894,144
3895,144
3896,144
3897,144
3898,144
3899,144
3900,144
3901,144
3902,144
3903,144
3904,144
3905,144
3906,144
3907,144
3908,144
3909,144
3910,144
3911,144
3912,144
3913,144
3914,144
3915,144
3916,144
3917,144
3918,144
3919,144
3920,144
3921,144
3922,144
3923,144
3924,144
3925,144
3926,144
3927,144
3928,144
3929,144
3930,144
3931,144
3932,144
3933,144
3934,144
3935,144
3936,144
3937,144
3938,144
3939,144
3940,144
3941,144
3942,144
3943,144
3944,144
3945,144
3946,144
3947,144
3948,144
3949,144
3950,144
3951,144
3952,144
3953,144
3954,144
3955,144
3956,144
3957,144
3958,144
3959,144
3960,144
3961,144
3962,144
3963,144
3964,144
3965,144
3966,144
3967,144
3968,144
3969,144
3970,144
3971,144
3972,144
3973,144
3974,144
3975,144
3976,144
3977,144
3978,144
3979,144
3980,144
3981,144
3982,144
3983,144
3984,144
3985,144
3986,144
3987,144
3988,144
3989,144
3990,144
3991,144
3992,144
3993,144
3994,144
3995,144
3996,144
3997,144
3998,144
3999,144
4000,144
4001,144
4002,144
4003,144
4004,144
4005,144
4006,144
4007,144
4008,144
4009,144
4010,144
4011,144
4012,144
4013,144
4014,144
4015,144
4016,144
4017,144
4018,144
4019,144
4020,144
4021,144
4022,144
4023,144
4024,144
4025,144
4026,144
4027,144
4028,144
4029,144
4030,144
4031,144
4032,144
4033,144
4034,144
4035,144
4036,144
4037,144
4038,144
4039,144
4040,144
4041,144
4042,144
4043,144
4044,144
4045,144
4046,144
4047,144
4048,144
4049,144
4050,144
4051,144
4052,144
4053,144
4054,144
4055,144
4056,144
4057,144
4058,144
4059,144
4060,144
4061,144
4062,144
4063,144
4064,144
4065,144
4066,144
4067,144
4068,144
4069,144
4070,144
4071,144
4072,144
4073,144
4074,144
4075,144
4076,144
4077,144
4078,144
4079,144
4080,144
4081,144
4082,144
4083,144
4084,144
4085,144
4086,144
4087,144
4088,144
4089,144
4090,144
4091,144
4092,144
4093,144
4094,144
4095,144
4096,144
4097,144
4098,144
4099,144
4100,144
4101,144
4102,144
4103,144
4104,144
4105,144
4106,144
4107,144
4108,144
4109,144
4110,144
4111,144
4112,144
4113,144
4114,144
4115,144
4116,144
4117,144
4118,144
4119,144
4120,144
4121,144
4122,144
4123,144
4124,144
4125,144
4126,144
4127,144
4128,144
4129,144
4130,144
4131,144
4132,144
4133,144
4134,144
4135,144
4136,144
4137,144
4138,144
4139,144
4140,144
4141,144
4142,144
4143,144
4144,144
4145,144
4146,144
4147,144
4148,144
4149,144
4150,144
4151,144
4152,144
4153,144
4154,144
4155,144
4156,144
4157,144
4158,144
4159,144
4160,144
4161,144
4162,144
4163,144
4164,144
4165,144
4166,144
4167,144
4168,144
4169,144
4170,144
4171,144
4172,144
4173,144
4174,144
4175,144
4176,144
4177,144
4178,144
4179,144
4180,144
4181,144
4182,144
4183,144
4184,144
4185,144
4186,144
4187,144
4188,144
4189,144
4190,144
4191,144
4192,144
4193,144
4194,144
4195,144
4196,144
4197,144
4198,144
4199,144
4200,144
4201,144
4202,144
4203,144
4204,144
4205,144
4206,144
4207,144
4208,144
4209,144
4210,144
4211,144
4212,144
4213,144
4214,144
4215,144
4216,144
4217,144
4218,144
4219,144
4220,144
4221,144
4222,144
4223,144
4224,144
4225,144
4226,144
4227,144
4228,144
4229,144
4230,144
4231,144
4232,144
4233,144
4234,144
4235,144
4236,144
4237,144
4238,144
4239,144
4240,144
4241,144
4242,144
4243,144
4244,144
4245,144
4246,144
4247,144
4248,144
4249,144
4250,144
4251,144
4252,144
4253,144
4254,144
4255,144
4256,144
4257,144
4258,144
4259,144
4260,144
4261,144
4262,144
4263,144
4264,144
4265,144
4266,144
4267,144
4268,144
4269,144
4270,144
4271,144
4272,144
4273,144
4274,144
4275,144
4276,144
4277,144
4278,144
4279,144
4280,144
4281,144
4282,144
4283,144
4284,144
4285,144
4286,144
4287,144
4288,144
4289,144
4290,144
4291,144
4292,144
4293,144
4294,144
4295,144
4296,144
4297,144
4298,144
4299,144
4300,144
4301,144
4302,144
4303,144
4304,144
4305,144
4306,144
4307,144
4308,144
4309,144
4310,144
4311,144
4312,144
4313,144
4314,144
4315,144
4316,144
4317,144
4318,144
4319,144
4320,144
4321,144
4322,144
4323,144
4324,144
4325,144
4326,144
4327,144
4328,144
4329,144
4330,144
4331,144
4332,144
4333,144
4334,144
4335,144
4336,144
4337,144
4338,144
4339,144
4340,144
4341,144
4342,144
4343,144
4344,144
4345,144
4346,144
4347,144
4348,144
4349,144
4350,144
4351,144
4352,144
4353,144
4354,144
4355,144
4356,144
4357,144
4358,144
4359,144
4360,144
4361,144
4362,144
4363,144
4364,144
4365,144
4366,144
4367,144
4368,144
4369,144
4370,144
4371,144
4372,144
4373,144
4374,144
4375,144
4376,144
4377,144
4378,144
4379,144
4380,144
4381,144
4382,144
4383,144
4384,144
4385,144
4386,144
4387,144
4388,144
4389,144
4390,144
4391,144
4392,144
4393,144
4394,144
4395,144
4396,144
4397,144
4398,144
4399,144
4400,144
4401,144
4402,144
4403,144
4404,144
4405,144
4406,144
4407,144
4408,144
4409,144
4410,144
4411,144
4412,144
4413,144
4414,144
4415,144
4416,144
4417,144
4418,144
4419,144
4420,144
4421,144
4422,144
4423,144
4424,144
4425,144
4426,144
4427,144
4428,144
4429,144
4430,144
4431,144
4432,144
4433,144
4434,144
4435,144
4436,144
4437,144
4438,144
4439,144
4440,144
4441,144
4442,144
4443,144
4444,144
4445,144
4446,144
4447,144
4448,144
4449,144
4450,144
4451,144
4452,144
4453,144
4454,144
4455,144
4456,144
4457,144
4458,144
4459,144
4460,144
4461,144
4462,144
4463,144
4464,144
4465,144
4466,144
4467,144
4468,144
4469,144
4470,144
4471,144
4472,144
4473,144
4474,144
4475,144
4476,144
4477,144
4478,144
4479,144
4480,144
4481,144
4482,144
4483,144
4484,144
4485,144
4486,144
4487,144
4488,144
4489,144
4490,144
4491,144
4492,144
4493,144
4494,144
4495,144
4496,144
4497,144
4498,144
4499,144
4500,144
4501,144
4502,144
4503,144
4504,144
4505,144
4506,144
4507,144
4508,144
4509,144
4510,144
4511,144
4512,144
4513,144
4514,144
4515,144
4516,144
4517,144
4518,144
4519,144
4520,144
4521,144
4522,144
4523,144
4524,144
4525,144
4526,144
4527,144
4528,144
4529,144
4530,144
4531,144
4532,144
4533,144
4534,144
4535,144
4536,144
4537,144
4538,144
4539,144
4540,144
4541,144
4542,144
4543,144
4544,144
4545,144
4546,144
4547,144
4548,144
4549,144
4550,144
4551,144
4552,144
4553,144
4554,144
4555,144
4556,144
4557,144
4558,144
4559,144
4560,144
4561,144
4562,144
4563,144
4564,144
4565,144
4566,144
4567,144
4568,144
4569,144
4570,144
4571,144
4572,144
4573,144
4574,144
4575,144
4576,144
4577,144
4578,144
4579,144
4580,144
4581,144
4582,144
4583,144
4584,144
4585,144
4586,144
4587,144
4588,144
4589,144
4590,144
4591,144
4592,144
4593,144
4594,144
4595,144
4596,144
4597,144
4598,144
4599,144
4600,144
4601,144
4602,144
4603,144
4604,144
4605,144
4606,144
4607,144
4608,144
4609,144
4610,144
4611,144
4612,144
4613,144
4614,144
4615,144
4616,144
4617,144
4618,144
4619,144
4620,144
4621,144
4622,144
4623,144
4624,144
4625,144
4626,144
4627,144
4628,144
4629,144
4630,144
4631,144
4632,144
4633,144
4634,144
4635,144
4636,144
4637,144
4638,144
4639,144
4640,144
4641,144
4642,144
4643,144
4644,144
4645,144
4646,144
4647,144
4648,144
4649,144
4650,144
4651,144
4652,144
4653,144
4654,144
4655,144
4656,144
4657,144
4658,144
4659,144
4660,144
4661,144
4662,144
4663,144
4664,144
4665,144
4666,144
4667,144
4668,144
4669,144
4670,144
4671,144
4672,144
4673,144
4674,144
4675,144
4676,144
4677,144
4678,144
4679,144
4680,144
4681,144
4682,144
4683,144
4684,144
4685,144
4686,144
4687,144
4688,144
4689,144
4690,144
4691,144
4692,144
4693,144
4694,144
4695,144
4696,144
4697,144
4698,144
4699,144
4700,144
4701,144
4702,144
4703,144
4704,144
4705,144
4706,144
4707,144
4708,144
4709,144
4710,144
4711,144
4712,144
4713,144
4714,144
4715,144
4716,144
4717,144
4718,144
4719,144
4720,144
4721,144
4722,144
4723,144
4724,144
4725,144
4726,144
4727,144
4728,144
4729,144
4730,144
4731,144
4732,144
4733,144
4734,144
4735,144
4736,144
4737,144
4738,144
4739,144
4740,144
4741,144
4742,144
4743,144
4744,144
4745,144
4746,144
4747,144
4748,144
4749,144
4750,144
4751,144
4752,144
4753,144
4754,144
4755,144
4756,144
4757,144
4758,144
4759,144
4760,144
4761,144
4762,144
4763,144
4764,144
4765,144
4766,144
4767,144
4768,144
4769,144
4770,144
4771,144
4772,144
4773,144
4774,144
4775,144
4776,144
4777,144
4778,144
4779,144
4780,144
4781,144
4782,144
4783,144
4784,144
4785,144
4786,144
4787,144
4788,144
4789,144
4790,144
4791,144
4792,144
4793,144
4794,144
4795,144
4796,144
4797,144
4798,144
4799,144
4800,144
4801,144
4802,144
4803,144
4804,144
4805,144
4806,144
4807,144
4808,144
4809,144
4810,144
4811,144
4812,144
4813,144
4814,144
4815,144
4816,144
4817,144
4818,144
4819,144
4820,144
4821,144
4822,144
4823,144
4824,144
4825,144
4826,144
4827,144
4828,144
4829,144
4830,144
4831,144
4832,144
4833,144
4834,144
4835,144
4836,144
4837,144
4838,144
4839,144
4840,144
4841,144
4842,144
4843,144
4844,144
4845,144
4846,144
4847,144
4848,144
4849,144
4850,144
4851,144
4852,144
4853,144
4854,144
4855,144
4856,144
4857,144
4858,144
4859,144
4860,144
4861,144
4862,144
4863,144
4864,144
4865,144
4866,144
4867,144
4868,144
4869,144
4870,144
4871,144
4872,144
4873,144
4874,144
4875,144
4876,144
4877,144
4878,144
4879,144
4880,144
4881,144
4882,144
4883,144
4884,144
4885,144
4886,144
4887,144
4888,144
4889,144
4890,144
4891,144
4892,144
4893,144
4894,144
4895,144
4896,144
4897,144
4898,144
4899,144
4900,144
4901,144
4902,144
4903,144
4904,144
4905,144
4906,144
4907,144
4908,144
4909,144
4910,144
4911,144
4912,145
